Tension at each vertex
-39.750196
-39.751429
-39.745722
-39.743858
-47.355155
-41.032699
-47.355150
-41.032682
-47.446018
-47.437308
-38.701700
-38.675158
-45.210968
-41.565981
-46.303536
-43.153228
-47.794113
-44.841622
-49.586419
-46.657976
-50.965658
-48.037115
-51.800809
-48.602842
-52.116744
-48.741863
-52.032563
-48.678506
-51.877857
-48.424734
-51.756595
-48.194500
-51.502288
-48.040489
-51.625399
-45.609116
-47.304369
-46.733821
-48.217351
-48.359996
-49.695086
-49.961213
-51.292677
-51.356936
-52.238840
-52.164035
-52.608971
-52.320029
-52.603117
-52.243017
-52.339714
-52.100037
-52.075679
-51.873872
-51.854734
-51.802789
-51.357246
-45.326366
-42.018141
-46.731974
-43.374198
-48.120926
-45.302763
-49.788197
-46.991750
-51.240163
-48.168378
-51.928107
-48.723601
-52.141264
-48.769293
-52.122609
-48.663183
-51.953214
-48.487022
-51.840306
-48.185178
-51.803242
-45.941439
-46.846314
-46.861756
-48.324701
-48.324395
-49.869366
-50.137481
-51.376405
-51.449742
-52.351185
-52.122543
-52.609637
-52.304313
-52.526534
-52.172196
-52.305907
-52.015775
-52.002376
-51.839802
-51.854547
-45.585864
-42.299079
-46.610588
-43.679426
-48.328994
-45.472043
-50.002074
-47.249688
-51.336136
-48.303681
-52.032616
-48.744998
-52.183255
-48.806812
-52.136388
-48.653768
-52.016665
-48.486916
-51.874578
-45.585571
-46.996027
-46.962555
-48.252797
-48.483216
-50.007785
-50.180343
-51.479132
-51.509489
-52.350142
-52.099145
-52.619451
-52.237484
-52.508029
-52.135663
-52.305566
-51.952716
-52.075463
-45.749835
-42.203615
-46.800500
-43.878823
-48.373203
-45.679827
-50.158332
-47.349994
-51.433622
-48.387166
-52.070412
-48.759810
-52.238088
-48.806821
-52.173035
-48.663435
-52.100249
-45.692856
-47.080840
-46.855525
-48.360065
-48.560367
-50.022449
-50.240995
-51.527619
-51.486206
-52.357458
-52.070222
-52.619089
-52.182713
-52.526431
-52.121510
-52.339805
-45.618463
-42.336264
-46.902004
-43.888606
-48.484430
-45.779028
-50.219204
-47.401770
-51.487978
-48.387108
-52.100277
-48.745163
-52.304532
-48.769628
-52.243667
-45.756979
-46.979191
-46.882595
-48.411161
-48.529034
-50.059424
-50.220324
-51.528029
-51.434871
-52.350037
-52.030838
-52.609706
-52.140413
-52.602144
-45.658606
-42.409880
-46.882657
-43.927372
-48.529731
-45.778965
-50.240275
-47.351695
-51.510060
-48.304200
-52.122868
-48.723072
-52.321311
-45.695873
-46.977400
-46.883465
-48.410993
-48.484055
-50.022494
-50.157242
-51.478301
-51.332914
-52.349024
-51.927514
-52.607862
-45.696195
-42.409746
-46.882656
-43.889477
-48.559673
-45.681940
-50.181574
-47.249145
-51.449797
-48.167867
-52.163962
-45.658827
-46.979727
-46.900318
-48.361432
-48.371035
-50.006607
-50.002712
-51.375077
-51.238541
-52.238974
-45.755452
-42.337612
-46.854625
-43.879164
-48.485081
-45.473260
-50.138800
-46.992287
-51.358020
-45.616742
-47.081248
-46.800474
-48.253824
-48.325721
-49.870053
-49.789049
-51.291116
-45.692993
-42.204923
-46.960521
-43.681815
-48.324231
-45.303694
-49.963701
-45.747322
-46.998124
-46.609132
-48.324785
-48.120363
-49.695178
-45.583639
-42.298647
-46.861738
-43.376127
-48.359884
-45.586007
-46.846112
-46.728769
-48.218407
-45.939638
-42.023846
-46.733835
-45.322265
-47.300789
-45.610008
-46.674291
-41.231809
-46.137885
-40.872384
-46.253442
-41.151331
-45.972336
-41.330647
-46.006078
-41.273029
-46.036856
-41.281261
-46.037001
-41.272346
-46.005240
-41.329622
-45.972172
-41.148059
-46.255675
-40.870811
-46.135888
-41.226978
-46.675164
-44.629651
-40.078610
-44.150437
-39.928643
-43.861660
-39.699515
-43.716164
-39.734416
-43.587147
-39.883224
-43.682187
-40.058758
-43.850916
-40.351266
-44.052749
-40.617008
-44.344658
-40.838696
-44.588164
-41.119801
-44.723012
-41.329980
-45.211611
-44.773658
-45.869532
-44.345779
-45.134533
-44.156721
-44.788159
-43.918720
-44.666549
-43.893003
-44.580851
-43.969214
-44.657764
-44.081185
-44.785615
-44.291322
-44.919046
-44.480777
-45.128528
-44.624051
-45.306710
-44.921836
-45.194808
-44.701875
-40.425318
-44.461601
-40.024981
-43.987568
-39.948164
-43.749100
-39.863484
-43.706871
-39.964234
-43.733211
-40.149623
-43.910152
-40.361740
-44.135236
-40.652196
-44.347591
-40.893381
-44.645551
-41.008555
-44.921351
-45.060752
-45.338512
-44.344867
-45.082494
-43.960820
-44.736964
-43.878160
-44.600347
-43.828040
-44.607577
-43.925606
-44.657494
-44.073985
-44.809484
-44.228932
-44.967236
-44.455962
-45.070553
-44.649775
-45.305042
-44.906299
-40.637869
-44.247887
-40.167090
-44.002103
-39.941120
-43.755076
-39.946059
-43.714912
-40.014939
-43.808220
-40.205989
-43.950026
-40.426703
-44.203150
-40.630948
-44.455493
-40.891689
-44.621894
-44.698054
-45.414494
-44.370452
-44.904592
-43.975635
-44.718296
-43.805872
-44.574272
-43.806820
-44.593855
-43.874559
-44.689618
-44.030717
-44.787595
-44.206022
-44.966326
-44.349489
-45.129036
-45.012120
-40.494127
-44.319372
-40.246372
-43.916743
-40.004466
-43.771165
-39.965234
-43.728010
-40.061758
-43.849730
-40.209425
-44.030567
-40.425357
-44.227438
-40.651726
-44.481148
-44.805579
-45.462835
-44.241426
-44.935859
-43.983776
-44.667821
-43.787343
-44.572553
-43.764843
-44.576579
-43.851283
-44.689264
-43.951172
-44.810136
-44.138404
-44.915604
-44.843750
-40.596780
-44.351167
-40.208271
-43.936337
-40.039059
-43.771730
-39.975392
-43.765164
-40.060889
-43.873488
-40.205540
-44.074288
-40.357497
-44.293729
-44.883677
-45.355588
-44.267475
-44.953946
-43.948477
-44.669093
-43.772491
-44.572393
-43.728543
-44.594596
-43.810592
-44.655004
-43.914697
-44.785288
-44.843076
-40.656151
-44.294071
-40.219442
-43.948423
-40.038648
-43.786814
-39.964793
-43.806925
-40.011612
-43.927534
-40.147762
-44.079047
-44.848473
-45.345291
-44.294346
-44.953907
-43.936759
-44.668302
-43.772890
-44.572959
-43.718391
-44.607241
-43.733582
-44.659183
-44.848364
-40.655881
-44.267417
-40.207730
-43.984290
-40.001722
-43.807086
-39.944265
-43.827056
-39.963327
-43.970650
-44.842999
-45.355492
-44.352487
-44.934887
-43.919126
-44.718851
-43.755524
-44.600997
-43.710078
-44.577864
-44.885213
-40.595171
-44.242765
-40.245444
-43.974734
-39.940213
-43.880262
-39.858457
-43.895481
-44.845149
-45.463086
-44.319294
-44.905207
-44.004552
-44.733994
-43.752983
-44.667563
-44.805572
-40.493111
-44.372590
-40.163642
-43.964075
-39.946219
-43.916795
-45.014554
-45.412487
-44.250415
-45.082313
-43.987908
-44.790012
-44.700236
-40.637727
-44.345035
-40.023169
-44.158574
-44.906008
-45.339293
-44.465333
-45.132814
-45.062885
-40.419069
-44.347420
-44.706560
-45.871542
-44.773653
-46.753483
-40.801484
-46.864799
-41.784441
-47.542907
-42.808845
-48.306732
-44.058279
-49.261630
-45.165433
-50.339940
-46.231696
-51.142335
-47.126010
-51.798418
-47.588755
-52.303662
-47.882712
-52.507246
-48.029909
-52.676708
-47.975016
-52.903978
-51.501385
-51.441949
-51.537128
-51.340446
-51.522212
-51.315019
-51.491053
-51.438868
-51.553393
-51.501502
-51.735220
-51.643420
-51.867840
-51.873380
-52.066363
-52.036843
-52.328828
-52.231025
-52.482465
-52.472902
-52.674269
-52.389044
-51.678516
-47.984941
-51.707238
-48.052128
-51.678574
-48.196662
-51.679142
-48.233712
-51.789566
-48.307739
-51.835076
-48.440839
-51.952013
-48.463028
-52.153955
-48.486440
-52.265758
-48.518872
-52.380302
-48.294675
-52.572238
-51.843956
-51.455954
-51.709832
-51.521367
-51.661303
-51.520484
-51.770675
-51.588223
-51.830154
-51.766171
-51.975886
-51.873831
-52.218073
-52.036619
-52.370860
-52.254355
-52.531351
-52.308536
-52.729909
-52.295994
-51.882022
-48.318278
-51.875670
-48.340832
-51.956848
-48.395343
-51.950183
-48.530777
-52.010848
-48.552074
-52.168452
-48.597031
-52.243665
-48.668094
-52.356136
-48.557341
-52.520337
-48.334297
-52.492160
-51.914791
-51.651467
-51.956436
-51.653339
-51.927613
-51.776758
-51.989425
-51.819850
-52.171317
-51.932565
-52.278844
-52.117795
-52.435884
-52.169553
-52.632831
-52.178820
-52.636912
-52.160860
-52.201208
-48.490530
-52.155551
-48.626868
-52.167336
-48.643459
-52.281176
-48.692822
-52.301588
-48.780026
-52.379168
-48.704644
-52.510305
-48.575111
-52.482343
-48.380321
-52.364187
-52.102438
-51.912822
-52.119290
-51.879332
-52.234814
-51.931876
-52.265907
-52.070563
-52.375510
-52.088432
-52.543876
-52.112073
-52.550622
-52.103367
-52.491754
-51.838406
-52.403652
-48.690547
-52.474149
-48.745733
-52.434647
-48.850577
-52.463802
-48.786448
-52.546269
-48.708036
-52.474810
-48.570747
-52.375879
-48.156155
-52.197873
-52.333844
-52.028353
-52.318071
-52.098416
-52.362204
-52.057543
-52.477641
-52.057224
-52.445164
-52.038816
-52.405482
-51.778371
-52.280835
-51.415581
-52.599078
-48.815577
-52.586928
-48.764531
-52.619151
-48.711315
-52.491760
-48.605642
-52.373231
-48.227696
-52.186030
-47.742786
-51.703613
-52.346105
-52.043849
-52.395909
-51.983337
-52.300775
-51.934742
-52.235730
-51.650404
-52.114731
-51.303618
-51.707561
-50.840524
-52.627267
-48.531717
-52.470166
-48.450389
-52.308858
-48.091159
-52.100622
-47.652635
-51.615799
-47.089410
-51.038173
-52.067958
-51.723101
-51.931108
-51.400684
-51.791213
-51.053779
-51.387415
-50.612975
-50.919873
-49.880764
-52.079659
-47.704894
-51.882829
-47.295490
-51.382186
-46.781467
-50.846562
-45.977702
-50.233310
-51.268967
-50.599950
-50.853520
-50.191602
-50.441412
-49.509655
-49.974318
-48.808075
-50.963247
-46.235410
-50.495777
-45.474345
-49.955633
-44.751836
-49.189555
-49.725773
-48.936218
-49.386627
-48.380987
-48.802595
-47.758466
-49.563706
-44.206557
-48.905968
-43.544488
-48.328625
-48.104098
-47.323128
-47.853789
-46.639451
-48.149619
-42.306727
-47.693550
-46.971747
-45.840797
-47.152694
-44.625101
-40.079806
-44.151367
-39.929757
-43.857821
-39.705553
-43.712505
-39.735511
-43.587481
-39.885673
-43.676629
-40.065754
-43.846262
-40.352723
-44.051715
-40.619999
-44.337872
-40.845033
-44.582896
-41.120857
-44.719512
-41.332951
-45.204671
-45.594481
-41.749857
-45.359824
-41.698612
-45.417856
-41.804786
-45.325537
-41.793493
-45.225599
-41.680979
-45.119795
-41.506328
-44.962331
-41.292874
-44.813960
-40.962167
-44.701390
-40.609686
-44.521808
-40.245638
-44.414950
-39.661710
-44.493445
-46.109217
-44.184604
-45.666990
-43.847573
-45.285972
-43.710395
-44.925032
-43.621995
-44.723191
-43.476725
-44.630522
-43.438732
-44.471805
-43.517225
-44.422027
-43.451849
-44.545221
-43.453380
-44.481631
-43.705692
-44.495968
-43.449168
-44.948332
-39.604451
-44.791335
-39.592712
-44.502999
-39.601990
-44.382809
-39.579836
-44.355794
-39.661083
-44.299580
-39.809400
-44.357449
-39.821347
-44.555748
-39.851353
-44.595630
-40.010083
-44.682788
-39.856673
-45.133115
-45.533950
-43.843214
-45.125966
-43.678962
-44.903816
-43.521328
-44.730451
-43.491617
-44.545630
-43.524259
-44.485501
-43.481820
-44.537489
-43.514942
-44.485120
-43.682680
-44.470081
-43.681939
-44.644203
-43.753412
-44.381467
-39.614031
-44.388941
-39.546632
-44.287321
-39.654205
-44.196328
-39.795828
-44.246389
-39.869619
-44.387168
-40.001811
-44.444171
-40.196013
-44.558919
-40.216946
-44.808929
-40.200920
-44.898235
-45.106358
-43.538032
-44.866481
-43.533509
-44.649171
-43.533274
-44.576315
-43.509590
-44.569988
-43.581727
-44.511269
-43.731689
-44.524844
-43.770165
-44.647001
-43.837616
-44.633267
-44.071989
-44.167671
-39.664801
-44.118444
-39.732801
-44.153938
-39.834314
-44.231988
-40.030419
-44.287851
-40.258784
-44.423295
-40.368407
-44.644471
-40.469881
-44.751796
-40.631525
-44.851711
-44.748961
-43.522338
-44.693774
-43.509080
-44.621608
-43.606753
-44.553357
-43.741195
-44.577626
-43.817515
-44.673212
-43.930999
-44.683039
-44.118254
-44.697766
-44.238125
-44.072508
-39.753585
-44.096166
-39.962298
-44.133080
-40.196695
-44.276048
-40.378769
-44.473324
-40.575963
-44.606653
-40.789080
-44.754681
-40.893826
-44.929081
-44.649929
-43.611748
-44.600996
-43.709018
-44.626906
-43.804645
-44.690717
-43.959478
-44.718379
-44.152331
-44.773943
-44.276063
-44.855396
-44.429354
-44.011126
-40.034939
-44.132471
-40.250822
-44.284879
-40.525227
-44.431342
-40.792498
-44.615953
-40.967693
-44.822749
-41.140383
-44.942366
-44.650363
-43.764242
-44.693197
-43.931384
-44.726495
-44.117129
-44.810011
-44.269881
-44.913154
-44.447873
-44.944883
-44.638907
-44.115249
-40.334378
-44.237843
-40.629428
-44.435465
-40.886378
-44.651577
-41.129503
-44.814740
-41.362036
-44.990263
-44.711635
-44.041821
-44.811184
-44.200668
-44.912233
-44.399196
-44.983493
-44.617256
-45.064265
-44.769878
-44.251802
-40.638935
-44.438413
-40.956985
-44.624933
-41.251427
-44.824218
-41.469672
-45.041265
-44.881308
-44.310594
-44.960749
-44.517196
-45.066180
-44.707769
-45.187869
-44.898065
-44.408087
-40.978050
-44.612858
-41.268128
-44.837679
-41.531802
-45.033059
-45.040167
-44.571396
-45.154447
-44.779374
-45.252541
-45.013758
-44.640879
-41.230523
-44.805516
-41.554339
-45.010576
-45.183221
-44.872224
-45.284235
-45.072709
-44.824258
-41.405672
-45.068311
-45.463179
-45.144590
-44.728376
-46.248857
-39.860862
-45.468457
-39.863123
-45.092356
-39.712610
-44.805974
-39.666502
-44.527261
-39.680981
-44.414814
-39.606772
-44.439591
-39.617585
-44.373845
-39.728024
-44.417009
-39.624996
-44.679691
-39.521959
-44.666799
-39.665339
-45.159936
-52.320961
-52.527101
-52.075839
-51.606810
-50.912538
-50.268862
-49.233120
-48.390577
-47.586571
-46.800016
-46.187968
-45.787695
-45.317166
-45.021093
-44.920408
-44.652301
-44.544045
-44.612632
-44.474190
-44.444700
-44.757567
-44.479064
-52.236017
-47.562891
-51.345974
-46.784392
-49.880719
-45.079619
-48.048976
-43.173747
-46.117775
-41.673447
-44.779574
-40.536640
-44.073942
-39.931088
-43.564923
-39.724652
-43.426641
-39.453626
-43.601396
-39.418801
-43.534681
-52.280813
-52.325734
-51.526224
-51.135836
-50.261987
-49.417825
-48.382232
-47.699080
-46.775597
-46.220178
-45.748832
-45.317973
-44.987269
-44.890783
-44.631655
-44.505762
-44.608025
-44.428918
-44.473749
-44.652565
-51.857400
-47.366524
-50.899178
-46.084960
-49.072468
-44.320501
-47.070137
-42.389152
-45.490021
-41.045352
-44.322012
-40.297651
-43.734249
-39.746727
-43.582757
-39.548193
-43.422283
-39.626447
-43.517130
-52.125639
-51.823787
-51.007680
-50.503027
-49.356128
-48.555004
-47.637482
-46.882357
-46.147063
-45.796958
-45.249657
-45.004518
-44.833263
-44.624498
-44.488419
-44.573007
-44.449127
-44.423912
-51.449110
-47.013402
-50.081965
-45.293441
-48.204663
-43.340387
-46.189320
-41.753704
-44.800678
-40.568808
-44.055356
-39.947458
-43.565597
-39.743037
-43.452446
-39.530216
-43.589097
-51.675659
-51.225379
-50.362826
-49.546155
-48.445074
-47.771111
-46.779281
-46.245989
-45.697360
-45.320448
-44.929172
-44.884307
-44.570414
-44.533083
-44.524658
-44.459425
-50.935080
-46.254565
-49.147270
-44.419098
-47.116761
-42.438287
-45.481480
-41.046628
-44.307952
-40.288406
-43.728405
-39.770858
-43.582175
-39.594071
-43.437790
-51.089626
-50.500367
-49.406155
-48.583949
-47.647609
-46.912815
-46.154256
-45.825270
-45.233945
-45.051890
-44.794534
-44.670113
-44.447959
-44.593623
-50.056979
-45.336131
-48.166832
-43.330572
-46.164863
-41.715228
-44.762203
-40.548336
-44.030820
-39.934156
-43.576298
-39.736291
-43.452192
-50.363039
-49.480972
-48.457148
-47.759410
-46.801139
-46.311238
-45.727454
-45.388039
-44.952275
-44.941143
-44.547019
-44.603713
-49.042182
-44.336593
-47.007191
-42.371948
-45.396151
-40.966599
-44.272124
-40.226035
-43.709376
-39.753117
-43.569274
-49.339562
-48.507342
-47.641411
-46.923670
-46.227750
-45.896834
-45.293107
-45.150221
-44.800081
-44.749053
-48.000577
-43.157609
-46.039551
-41.565006
-44.665864
-40.451792
-43.973130
-39.872667
-43.595992
-48.395242
-47.704553
-46.850862
-46.381967
-45.819420
-45.512432
-45.033249
-45.037823
-46.827633
-42.155402
-45.248178
-40.810761
-44.183888
-40.102900
-43.714568
-47.641684
-46.958838
-46.339161
-46.029462
-45.429942
-45.304566
-45.890019
-41.317986
-44.520507
-40.270152
-43.949359
-46.951135
-46.524260
-46.009298
-45.701753
-45.097977
-40.470851
-44.127462
-46.661534
-46.365520
-44.190205
-46.674125
-41.230852
-46.138352
-40.872492
-46.253734
-41.152013
-45.972078
-41.330484
-46.006212
-41.272867
-46.036254
-41.281469
-46.036405
-41.272466
-46.005421
-41.329693
-45.972414
-41.148715
-46.254292
-40.870547
-46.136224
-41.229274
-46.675367
-45.214788
-41.563226
-46.302762
-43.152842
-47.795571
-44.840719
-49.586437
-46.657537
-50.965822
-48.034647
-51.802507
-48.600143
-52.118193
-48.741001
-52.033042
-48.677819
-51.879092
-48.423640
-51.757558
-48.194189
-51.502873
-48.040209
-51.625995
-45.610550
-47.301317
-46.733474
-48.219372
-48.359733
-49.695442
-49.963779
-51.290207
-51.357806
-52.239602
-52.164243
-52.607702
-52.321464
-52.601633
-52.243571
-52.339361
-52.100328
-52.075072
-51.874678
-51.854188
-51.803349
-51.356972
-45.322535
-42.024476
-46.728392
-43.376531
-48.120765
-45.303819
-49.788249
-46.992766
-51.239313
-48.168987
-51.928248
-48.723368
-52.140462
-48.770003
-52.121428
-48.663402
-51.952736
-48.486884
-51.839773
-48.185106
-51.802875
-45.939146
-46.846054
-46.862324
-48.324356
-48.324437
-49.870545
-50.138579
-51.375198
-51.452357
-52.349261
-52.123159
-52.609086
-52.304362
-52.525820
-52.173034
-52.305104
-52.016580
-52.001991
-51.840499
-51.854263
-45.586227
-42.298939
-46.609143
-43.682641
-48.325826
-45.473829
-50.002924
-47.250187
-51.335459
-48.304423
-52.031129
-48.745122
-52.182605
-48.806683
-52.135629
-48.653656
-52.015981
-48.486727
-51.874000
-45.583472
-46.998621
-46.960403
-48.254181
-48.484868
-50.006943
-50.181617
-51.478406
-51.509676
-52.348823
-52.099716
-52.618451
-52.237966
-52.507425
-52.136426
-52.305227
-51.953340
-52.075266
-45.747189
-42.204961
-46.800699
-43.879010
-48.371107
-45.682569
-50.157325
-47.350394
-51.432479
-48.386607
-52.069651
-48.759403
-52.237353
-48.806416
-52.172210
-48.663033
-52.100019
-45.693260
-47.080697
-46.854136
-48.361826
-48.558723
-50.022555
-50.240359
-51.526591
-51.486241
-52.356391
-52.070473
-52.618491
-52.183228
-52.526090
-52.122573
-52.339071
-45.616342
-42.338137
-46.899915
-43.889380
-48.484710
-45.778944
-50.219005
-47.400770
-51.486682
-48.386605
-52.098968
-48.744502
-52.303898
-48.768531
-52.243392
-45.755410
-46.979175
-46.882865
-48.409813
-48.529318
-50.057549
-50.219223
-51.527854
-51.434463
-52.349126
-52.031841
-52.608740
-52.141667
-52.602073
-45.658736
-42.409383
-46.882453
-43.927186
-48.529011
-45.778434
-50.238864
-47.350516
-51.509300
-48.302507
-52.122419
-48.722110
-52.320197
-45.695729
-46.976840
-46.882763
-48.409716
-48.485111
-50.022462
-50.157352
-51.477243
-51.334408
-52.348408
-51.928171
-52.608081
-45.695417
-42.409338
-46.882653
-43.888767
-48.558290
-45.680231
-50.180917
-47.248131
-51.449317
-48.166623
-52.163674
-45.658847
-46.979205
-46.900540
-48.361171
-48.372064
-50.007169
-50.002384
-51.374643
-51.240251
-52.238326
-45.755851
-42.336337
-46.854485
-43.878000
-48.483553
-45.471817
-50.140206
-46.988690
-51.357908
-45.617314
-47.081191
-46.800466
-48.254690
-48.328088
-49.867923
-49.791367
-51.291411
-45.692436
-42.204239
-46.960530
-43.680910
-48.324676
-45.303290
-49.963448
-45.748714
-46.997321
-46.610533
-48.325579
-48.121449
-49.696076
-45.584444
-42.297803
-46.860887
-43.374970
-48.362259
-45.585839
-46.846551
-46.731732
-48.217357
-45.941418
-42.019134
-46.735206
-45.324791
-47.302919
-45.608918
-44.624879
-40.080216
-44.151281
-39.930316
-43.857501
-39.705957
-43.712389
-39.735800
-43.587441
-39.885886
-43.676606
-40.065793
-43.846338
-40.352810
-44.051730
-40.620069
-44.337901
-40.844954
-44.582929
-41.120911
-44.719464
-41.332995
-45.204674
-44.773035
-45.870581
-44.348130
-45.132231
-44.158343
-44.789886
-43.916858
-44.667112
-43.895705
-44.577678
-43.970584
-44.659278
-44.078989
-44.785308
-44.293748
-44.915632
-44.481041
-45.129191
-44.621765
-45.305114
-44.921331
-45.194787
-44.704591
-40.420153
-44.464370
-40.023425
-43.987457
-39.946042
-43.752960
-39.858407
-43.709967
-39.963349
-43.733568
-40.147619
-43.914836
-40.357404
-44.138445
-40.651786
-44.349448
-40.891682
-44.649828
-41.008532
-44.921853
-45.062776
-45.339232
-44.344012
-45.082878
-43.962935
-44.734681
-43.879483
-44.601324
-43.826748
-44.607404
-43.927419
-44.655145
-44.074116
-44.810275
-44.227319
-44.966367
-44.455552
-45.070527
-44.645532
-45.306764
-44.905844
-40.636672
-44.250074
-40.163577
-44.004112
-39.940347
-43.755206
-39.944454
-43.718086
-40.011861
-43.810322
-40.205814
-43.951039
-40.425503
-44.205990
-40.630990
-44.455886
-40.893532
-44.623942
-44.699411
-45.413105
-44.371559
-44.905382
-43.974629
-44.718498
-43.807182
-44.572874
-43.806854
-44.594639
-43.873385
-44.689235
-44.030564
-44.787586
-44.203123
-44.967326
-44.347481
-45.128593
-45.013495
-40.493176
-44.319177
-40.245413
-43.918579
-40.002205
-43.772376
-39.965109
-43.728475
-40.060940
-43.851405
-40.209452
-44.030711
-40.426791
-44.228915
-40.652267
-44.480826
-44.805434
-45.462908
-44.242305
-44.934871
-43.984096
-44.668265
-43.786722
-44.572325
-43.764927
-44.576727
-43.849489
-44.689827
-43.949911
-44.809525
-44.135181
-44.919053
-44.844429
-40.595287
-44.351907
-40.207947
-43.936601
-40.038593
-43.772615
-39.975434
-43.764947
-40.061797
-43.874557
-40.206002
-44.074028
-40.361864
-44.291281
-44.884178
-45.355691
-44.267269
-44.953738
-43.948313
-44.669182
-43.771380
-44.572764
-43.727908
-44.593903
-43.808323
-44.657441
-43.910127
-44.785680
-44.843038
-40.655678
-44.294215
-40.219667
-43.948183
-40.039230
-43.787355
-39.965190
-43.806762
-40.015034
-43.925490
-40.149903
-44.080986
-44.848265
-45.345240
-44.293727
-44.953791
-43.936448
-44.667813
-43.771225
-44.574377
-43.714993
-44.607534
-43.733224
-44.657876
-44.847823
-40.656123
-44.267512
-40.208299
-43.983558
-40.004557
-43.805685
-39.946130
-43.828113
-39.964390
-43.969063
-44.843205
-45.355323
-44.351124
-44.936106
-43.916644
-44.718482
-43.755173
-44.600225
-43.706869
-44.581042
-44.883722
-40.597018
-44.241160
-40.246529
-43.975620
-39.941194
-43.878359
-39.863695
-43.892796
-44.843473
-45.462818
-44.319368
-44.904485
-44.002075
-44.736841
-43.749048
-44.666716
-44.805585
-40.494276
-44.370355
-40.167702
-43.960923
-39.948333
-43.918607
-45.012024
-45.414691
-44.247718
-45.082115
-43.987855
-44.788278
-44.697888
-40.638332
-44.345268
-40.024948
-44.156486
-44.906417
-45.338366
-44.461722
-45.135034
-45.060415
-40.425350
-44.345296
-44.702410
-45.869631
-44.774298
-45.211417
-41.566060
-46.303790
-43.153607
-47.794648
-44.842408
-49.586757
-46.657137
-50.966354
-48.037991
-51.800967
-48.603245
-52.116732
-48.742051
-52.032557
-48.678589
-51.877894
-48.424655
-51.756536
-48.194519
-51.502304
-48.040413
-51.625373
-51.597876
-47.769590
-51.428039
-47.829883
-51.415321
-47.886933
-51.486351
-47.950467
-51.466693
-48.104002
-51.534171
-48.165571
-51.700283
-48.262128
-51.822761
-48.384809
-52.006858
-48.392099
-52.245748
-48.361692
-52.338206
-48.265822
-52.618121
-47.152841
-45.840807
-47.693002
-46.640935
-48.328362
-47.758504
-49.190818
-48.807716
-50.233501
-49.880605
-51.038544
-50.839415
-51.701604
-51.418786
-52.196159
-51.836734
-52.366208
-52.160437
-52.491960
-52.296971
-52.571481
-52.388703
-46.971346
-42.307868
-47.853468
-43.544158
-48.803871
-44.751380
-49.973724
-45.979785
-50.917868
-47.090410
-51.705053
-47.744752
-52.279840
-48.154487
-52.494029
-48.379743
-52.635700
-48.335248
-52.729051
-48.294349
-52.675375
-48.150451
-47.322215
-48.907788
-48.381267
-49.955704
-49.511914
-50.845101
-50.613852
-51.614869
-51.304243
-52.186258
-51.776854
-52.377466
-52.102923
-52.480988
-52.180348
-52.520032
-52.308206
-52.381527
-52.472048
-48.104405
-44.207184
-49.385890
-45.476008
-50.441901
-46.780246
-51.389421
-47.651764
-52.116166
-48.226503
-52.406326
-48.570684
-52.549473
-48.576527
-52.632522
-48.556461
-52.532313
-48.518089
-52.482143
-49.563783
-48.937295
-50.496023
-50.190967
-51.385068
-51.052159
-52.102301
-51.650230
-52.373116
-52.039382
-52.473856
-52.113062
-52.510181
-52.168638
-52.357331
-52.254064
-52.265340
-52.231985
-49.726601
-46.235847
-50.853677
-47.295017
-51.793414
-48.091612
-52.235458
-48.606287
-52.444994
-48.708578
-52.543848
-48.703796
-52.436666
-48.667951
-52.370109
-48.487307
-52.328383
-50.963875
-50.600654
-51.882036
-51.402191
-52.309045
-51.934645
-52.492291
-52.056984
-52.546540
-52.087917
-52.379899
-52.117724
-52.243158
-52.037350
-52.153771
-52.036475
-51.270202
-47.707737
-51.931519
-48.450747
-52.301366
-48.711458
-52.477493
-48.786686
-52.375704
-48.780092
-52.278343
-48.597461
-52.217922
-48.462625
-52.066952
-52.081134
-51.723384
-52.470780
-51.983470
-52.619083
-52.057727
-52.463674
-52.070489
-52.301416
-51.932957
-52.168299
-51.873595
-51.952404
-51.873216
-52.068768
-48.532372
-52.396200
-48.764970
-52.362366
-48.850416
-52.265961
-48.693019
-52.171158
-48.551915
-51.976316
-48.440584
-51.867649
-52.627472
-52.044016
-52.586836
-52.098381
-52.434412
-51.932174
-52.280669
-51.819880
-52.011019
-51.765922
-51.834813
-51.643825
-52.346327
-48.815677
-52.318363
-48.745973
-52.234683
-48.643497
-51.989586
-48.530644
-51.829992
-48.308216
-51.734925
-52.598959
-52.028245
-52.473789
-51.879293
-52.167324
-51.776530
-51.950038
-51.588404
-51.789308
-51.501338
-52.333727
-48.690744
-52.119393
-48.626826
-51.927566
-48.395636
-51.770403
-48.233734
-51.553564
-52.403407
-51.912566
-52.155362
-51.653374
-51.956502
-51.520433
-51.679247
-51.438675
-52.102417
-48.490633
-51.956295
-48.340934
-51.661436
-48.196518
-51.491005
-52.200802
-51.651516
-51.875482
-51.521197
-51.678381
-51.315219
-51.914927
-48.318135
-51.709893
-48.052312
-51.522022
-51.881794
-51.455989
-51.706914
-51.340411
-51.843892
-47.985020
-51.537253
-51.678321
-51.441776
-51.501534
-46.248414
-39.861046
-45.469026
-39.863082
-45.092380
-39.712737
-44.805945
-39.666443
-44.527396
-39.680955
-44.414701
-39.606858
-44.439656
-39.617561
-44.373911
-39.727943
-44.417009
-39.625050
-44.679805
-39.521902
-44.666799
-39.665295
-45.159990
-44.728314
-45.144586
-45.068306
-45.072669
-45.010615
-45.013832
-45.032971
-44.898035
-45.041278
-44.769855
-44.990280
-44.639027
-44.942383
-44.429362
-44.929176
-44.238179
-44.851692
-44.072059
-44.898285
-43.753379
-45.133115
-43.449239
-45.463196
-41.405683
-45.284304
-41.554391
-45.252430
-41.531815
-45.187949
-41.469720
-45.064282
-41.362144
-44.944792
-41.140320
-44.855382
-40.893824
-44.697691
-40.631540
-44.633215
-40.200901
-44.644128
-39.856682
-44.495920
-44.824281
-44.872187
-44.805426
-44.779378
-44.837767
-44.707759
-44.824172
-44.617221
-44.814681
-44.447841
-44.822830
-44.276143
-44.754668
-44.118301
-44.751823
-43.837643
-44.808941
-43.682005
-44.682817
-43.705739
-45.183182
-41.230593
-45.154561
-41.268128
-45.066135
-41.251442
-44.983517
-41.129571
-44.913231
-40.967730
-44.773906
-40.789079
-44.683067
-40.469914
-44.646964
-40.216952
-44.470009
-40.010062
-44.481505
-44.640949
-44.571301
-44.612775
-44.517214
-44.624964
-44.399261
-44.651615
-44.269856
-44.615906
-44.152332
-44.606649
-43.930989
-44.644493
-43.770154
-44.558900
-43.682736
-44.595695
-43.453374
-45.040184
-40.978142
-44.960813
-40.957061
-44.912201
-40.886279
-44.809946
-40.792593
-44.718383
-40.576061
-44.673298
-40.368415
-44.524806
-40.196090
-44.485091
-39.851300
-44.545108
-44.408091
-44.310615
-44.438346
-44.200563
-44.435608
-44.117330
-44.431387
-43.959510
-44.473317
-43.817460
-44.423253
-43.731774
-44.444249
-43.514879
-44.555794
-43.451955
-44.881232
-40.638945
-44.811347
-40.629541
-44.726366
-40.525144
-44.690636
-40.378852
-44.577617
-40.258886
-44.511273
-40.001710
-44.537403
-39.821422
-44.421916
-44.251927
-44.041835
-44.237764
-43.931282
-44.284976
-43.804829
-44.276068
-43.741277
-44.287920
-43.581791
-44.387181
-43.482039
-44.357503
-43.517224
-44.711535
-40.334352
-44.693411
-40.251022
-44.626932
-40.196675
-44.553362
-40.030353
-44.569893
-39.869646
-44.485431
-39.809260
-44.471734
-44.115397
-43.764304
-44.132325
-43.708819
-44.133001
-43.606871
-44.232071
-43.509814
-44.246475
-43.524311
-44.299682
-43.438795
-44.650346
-40.034896
-44.601233
-39.962671
-44.621763
-39.834317
-44.576199
-39.795816
-44.545618
-39.661101
-44.630434
-44.011257
-43.611905
-44.096035
-43.508841
-44.153898
-43.533381
-44.196477
-43.491563
-44.355832
-43.476799
-44.649789
-39.753592
-44.693770
-39.733118
-44.649310
-39.654268
-44.730460
-39.580082
-44.723117
-44.072673
-43.522627
-44.118711
-43.533376
-44.287131
-43.521475
-44.382674
-43.621932
-44.748873
-39.664487
-44.866279
-39.546996
-44.904071
-39.601961
-44.925251
-44.167824
-43.538585
-44.389026
-43.678888
-44.502937
-43.710566
-45.106455
-39.613856
-45.126047
-39.592707
-45.286028
-44.381349
-43.843293
-44.791583
-43.847919
-45.534411
-39.604704
-45.666442
-44.947975
-44.184630
-46.109773
-46.753396
-40.801536
-46.865702
-41.784029
-47.543319
-42.809425
-48.306281
-44.058028
-49.262255
-45.164727
-50.339810
-46.229973
-51.144666
-47.122858
-51.796362
-47.591767
-52.302329
-47.881300
-52.508096
-48.028936
-52.676768
-47.975958
-52.903390
-52.424415
-47.777339
-51.623070
-47.157100
-50.647294
-45.815517
-48.844353
-44.096542
-46.906362
-42.277359
-45.408334
-40.968846
-44.299720
-40.264804
-43.733164
-39.709915
-43.588772
-39.490890
-43.388407
-39.559169
-43.432537
-39.369693
-43.643084
-44.190328
-46.365381
-44.127254
-45.702211
-43.949371
-45.304348
-43.714758
-45.037698
-43.595948
-44.749238
-43.569145
-44.603464
-43.452207
-44.593485
-43.437758
-44.459427
-43.589033
-44.423713
-43.517189
-44.652524
-43.534694
-44.478986
-46.661529
-40.471051
-46.009494
-40.269970
-45.430564
-40.102696
-45.033373
-39.872692
-44.799820
-39.752945
-44.547267
-39.736143
-44.447889
-39.594092
-44.524578
-39.530177
-44.449279
-39.626379
-44.473750
-39.418843
-44.757658
-45.097825
-46.524574
-44.520887
-46.029111
-44.183823
-45.512398
-43.973104
-45.150054
-43.709593
-44.940663
-43.576190
-44.670024
-43.582052
-44.532865
-43.452462
-44.572764
-43.422324
-44.428845
-43.601350
-44.444518
-46.951794
-41.317952
-46.339010
-40.811130
-45.819412
-40.451629
-45.293239
-40.225660
-44.952207
-39.934051
-44.794294
-39.770596
-44.570460
-39.742886
-44.488424
-39.548080
-44.608026
-39.453637
-44.474385
-45.889465
-46.959329
-45.248213
-46.381938
-44.666187
-45.896494
-44.271870
-45.387960
-44.030473
-45.051675
-43.728428
-44.883923
-43.565336
-44.624359
-43.582711
-44.505638
-43.426599
-44.612440
-47.641880
-42.155129
-46.851194
-41.564491
-46.227710
-40.966751
-45.727212
-40.547957
-45.233947
-40.287736
-44.928938
-39.947401
-44.833087
-39.746533
-44.631678
-39.724640
-44.544113
-46.828255
-47.704615
-46.039908
-46.923907
-45.395437
-46.311089
-44.762233
-45.824665
-44.307748
-45.320294
-44.054907
-45.004222
-43.734229
-44.890462
-43.564739
-44.652249
-48.395485
-43.157400
-47.640835
-42.371950
-46.801640
-41.714385
-46.154171
-41.046388
-45.696915
-40.568508
-45.249625
-40.297210
-44.987300
-39.931183
-44.920384
-48.000291
-48.507473
-47.007223
-47.758757
-46.164735
-46.912793
-45.480748
-46.245604
-44.800576
-45.796297
-44.321981
-45.317557
-44.073630
-45.020849
-49.339857
-44.335539
-48.457693
-43.330353
-47.646900
-42.437951
-46.779573
-41.753110
-46.147009
-41.044925
-45.748859
-40.536499
-45.317332
-49.041838
-49.481203
-48.165271
-48.584242
-47.116450
-47.770431
-46.189045
-46.882101
-45.489613
-46.219791
-44.779365
-45.787305
-50.362564
-45.335943
-49.406367
-44.417527
-48.445565
-43.340299
-47.636668
-42.389037
-46.775690
-41.673179
-46.187976
-50.054829
-50.499128
-49.147342
-49.546102
-48.203359
-48.555333
-47.069862
-47.698737
-46.117483
-46.799694
-51.092464
-46.252230
-50.361926
-45.293570
-49.355644
-44.319785
-48.382186
-43.173514
-47.586660
-50.932650
-51.227047
-50.080793
-50.502209
-49.072438
-49.417602
-48.049191
-48.389818
-51.673952
-47.011930
-51.008498
-46.084632
-50.261812
-45.078453
-49.233559
-51.451069
-51.822689
-50.898913
-51.132922
-49.882183
-50.268266
-52.125167
-47.366283
-51.527905
-46.782926
-50.911373
-51.857559
-52.324311
-51.345077
-51.608030
-52.281485
-47.564009
-52.074916
-52.234722
-52.527312
-52.321161
-45.217676
-41.563006
-46.302820
-43.152955
-47.795265
-44.838721
-49.589110
-46.655975
-50.967535
-48.036275
-51.802177
-48.600780
-52.118342
-48.741447
-52.032829
-48.678402
-51.878882
-48.423714
-51.757569
-48.194208
-51.502704
-48.040402
-51.625811
-51.598218
-47.769408
-51.428054
-47.829822
-51.415773
-47.885579
-51.487522
-47.949382
-51.466601
-48.103257
-51.535127
-48.162675
-51.702178
-48.259836
-51.822595
-48.383119
-52.008180
-48.387301
-52.248754
-48.357463
-52.338071
-48.262641
-52.620463
-47.150067
-45.844186
-47.695266
-46.639996
-48.330891
-47.763198
-49.187723
-48.811400
-50.236105
-49.880684
-51.039858
-50.844668
-51.701838
-51.419012
-52.200298
-51.838410
-52.366268
-52.164913
-52.490904
-52.299553
-52.575018
-52.389129
-46.974503
-42.302107
-47.855224
-43.542689
-48.799842
-44.750213
-49.976072
-45.972218
-50.920744
-47.087954
-51.704797
-47.740245
-52.282359
-48.150142
-52.492810
-48.377955
-52.634795
-48.331167
-52.731684
-48.287862
-52.676195
-48.152253
-47.325452
-48.905656
-48.383673
-49.958764
-49.508843
-50.848692
-50.616332
-51.614414
-51.306714
-52.188265
-51.778308
-52.377545
-52.106988
-52.481079
-52.181796
-52.522777
-52.308489
-52.382785
-52.476024
-48.102038
-44.204116
-49.388112
-45.469211
-50.443048
-46.779619
-51.385997
-47.650241
-52.116539
-48.222312
-52.406554
-48.568523
-52.548824
-48.572370
-52.634545
-48.551651
-52.532747
-48.515934
-52.481145
-49.565981
-48.936861
-50.496382
-50.195041
-51.380748
-51.057101
-52.102187
-51.650898
-52.374578
-52.042121
-52.473591
-52.114819
-52.512471
-52.169454
-52.358046
-52.257203
-52.265173
-52.233624
-49.726574
-46.232965
-50.852475
-47.293662
-51.792430
-48.086829
-52.236506
-48.604296
-52.443384
-48.706219
-52.544903
-48.699892
-52.436695
-48.666173
-52.369290
-48.484019
-52.330160
-50.961675
-50.603282
-51.884056
-51.400891
-52.310733
-51.937346
-52.491107
-52.059373
-52.548505
-52.088065
-52.381016
-52.120168
-52.243153
-52.038751
-52.156176
-52.036617
-51.269555
-47.701790
-51.931418
-48.449742
-52.298666
-48.710026
-52.478302
-48.782851
-52.376047
-48.778752
-52.277356
-48.595015
-52.219228
-48.458660
-52.067352
-52.081193
-51.725918
-52.470082
-51.985187
-52.620958
-52.057664
-52.464910
-52.073037
-52.300885
-51.934539
-52.170092
-51.873804
-51.953503
-51.875604
-52.066773
-48.530269
-52.396625
-48.761783
-52.362566
-48.849319
-52.264725
-48.691155
-52.172357
-48.548528
-51.976686
-48.439205
-51.866760
-52.628650
-52.044302
-52.587971
-52.100545
-52.433918
-51.933873
-52.282289
-51.819991
-52.011976
-51.768078
-51.834623
-51.645048
-52.346360
-48.814820
-52.317062
-48.744664
-52.235498
-48.640636
-51.989799
-48.529810
-51.828893
-48.306486
-51.735870
-52.598780
-52.029691
-52.475425
-51.879427
-52.168267
-51.778440
-51.949860
-51.589482
-51.791075
-51.501281
-52.333943
-48.688801
-52.119198
-48.626309
-51.926537
-48.394368
-51.771017
-48.231437
-51.553574
-52.404383
-51.914130
-52.155463
-51.654414
-51.957874
-51.520552
-51.680067
-51.440153
-52.101352
-48.489870
-51.956481
-48.339217
-51.661338
-48.196023
-51.490182
-52.201912
-51.651762
-51.876255
-51.522520
-51.678310
-51.315945
-51.914550
-48.317930
-51.708965
-48.051621
-51.522366
-51.881949
-51.456653
-51.707891
-51.340460
-51.843737
-47.984261
-51.536935
-51.678706
-51.442526
-51.500944
-46.251020
-39.859159
-45.466925
-39.861083
-45.095101
-39.704307
-44.810055
-39.662973
-44.522995
-39.679491
-44.416458
-39.594958
-44.443859
-39.612374
-44.366212
-39.725192
-44.417754
-39.607731
-44.684174
-39.513257
-44.656373
-39.659123
-45.161210
-44.725672
-45.152053
-45.073082
-45.074392
-45.017726
-45.028997
-45.025052
-44.909900
-45.048934
-44.766286
-44.992118
-44.654951
-44.927526
-44.441293
-44.932761
-44.235046
-44.851532
-44.087196
-44.884229
-43.765370
-45.136757
-43.449009
-45.463198
-41.397345
-45.282905
-41.551408
-45.240761
-41.526947
-45.192772
-41.451755
-45.068558
-41.361158
-44.936948
-41.134762
-44.867438
-40.873251
-44.707333
-40.627849
-44.629739
-40.192807
-44.657453
-39.835168
-44.504576
-44.824892
-44.881454
-44.801882
-44.789418
-44.845124
-44.706766
-44.828341
-44.630304
-44.804760
-44.457492
-44.828492
-44.272598
-44.755752
-44.131838
-44.739201
-43.847871
-44.812638
-43.680210
-44.683058
-43.720351
-45.177978
-41.226885
-45.155565
-41.255102
-45.066580
-41.249804
-44.974687
-41.125313
-44.920858
-40.950966
-44.779682
-40.787517
-44.677716
-40.464023
-44.658242
-40.198254
-44.477973
-40.006024
-44.477780
-44.644241
-44.572744
-44.616226
-44.527689
-44.619672
-44.407732
-44.658006
-44.267255
-44.618376
-44.163833
-44.596885
-43.939301
-44.649139
-43.767460
-44.559655
-43.695345
-44.585225
-43.462964
-45.039378
-40.976188
-44.953857
-40.953091
-44.915731
-40.872795
-44.812268
-40.791503
-44.712004
-40.571789
-44.681725
-40.352781
-44.530571
-40.193818
-44.480730
-39.844924
-44.554891
-44.405507
-44.317106
-44.443244
-44.200027
-44.438857
-44.127321
-44.425227
-43.966615
-44.478421
-43.814636
-44.424916
-43.742490
-44.435493
-43.522807
-44.560083
-43.450493
-44.882440
-40.629711
-44.811943
-40.627982
-44.719924
-40.521119
-44.695671
-40.365948
-44.581240
-40.257649
-44.506073
-39.996969
-44.545373
-39.806585
-44.426966
-44.254265
-44.049332
-44.234067
-43.937361
-44.290024
-43.803310
-44.278711
-43.750435
-44.281367
-43.588401
-44.391935
-43.479875
-44.358826
-43.527643
-44.706642
-40.331001
-44.696209
-40.241047
-44.628683
-40.195428
-44.547729
-40.026299
-44.575579
-39.857122
-44.489037
-39.807721
-44.467383
-44.119429
-43.764066
-44.134704
-43.715901
-44.128473
-43.612492
-44.237111
-43.508291
-44.248565
-43.532987
-44.293440
-43.445007
-44.650500
-40.033411
-44.596704
-39.959758
-44.625674
-39.823980
-44.578149
-39.794316
-44.541063
-39.657150
-44.636232
-44.009009
-43.616605
-44.100029
-43.507600
-44.156129
-43.540637
-44.191991
-43.496946
-44.360085
-43.475225
-44.651689
-39.745353
-44.694843
-39.731782
-44.645107
-39.651178
-44.734882
-39.569906
-44.725665
-44.075240
-43.528906
-44.116124
-43.538040
-44.290928
-43.519771
-44.384694
-43.629079
-44.744784
-39.661072
-44.868571
-39.538642
-44.906156
-39.600989
-44.921267
-44.171811
-43.538491
-44.391856
-43.684643
-44.499693
-43.714994
-45.107430
-39.612060
-45.122172
-39.589621
-45.289083
-44.379201
-43.847598
-44.795784
-43.847592
-45.537196
-39.597132
-45.667273
-44.950776
-44.189813
-46.106781
-46.755253
-40.800397
-46.863270
-41.781434
-47.546252
-42.802031
-48.308034
-44.056155
-49.259649
-45.162304
-50.342021
-46.224676
-51.143652
-47.123276
-51.796059
-47.585111
-52.305611
-47.875293
-52.508781
-48.026686
-52.675025
-47.970965
-52.906370
-52.429185
-47.772986
-51.624303
-47.152426
-50.653742
-45.805951
-48.849935
-44.093019
-46.907432
-42.271666
-45.417176
-40.956609
-44.307153
-40.260667
-43.734398
-39.702277
-43.601374
-39.473935
-43.398920
-39.552790
-43.435323
-39.356512
-43.662281
-44.188661
-46.368090
-44.130827
-45.699366
-43.955019
-45.306451
-43.713510
-45.042038
-43.601025
-44.745117
-43.577518
-44.606958
-43.451017
-44.600647
-43.445389
-44.455301
-43.601353
-44.429316
-43.517049
-44.662560
-43.546052
-44.473543
-46.663856
-40.463257
-46.013822
-40.267192
-45.427514
-40.101091
-45.035527
-39.862903
-44.804110
-39.748695
-44.541675
-39.733939
-44.449317
-39.580191
-44.528972
-39.523417
-44.441155
-39.622028
-44.475231
-39.398759
-44.765021
-45.101965
-46.526879
-44.519895
-46.032465
-44.188229
-45.508717
-43.979994
-45.152184
-43.708620
-44.945923
-43.582555
-44.665724
-43.592144
-44.536581
-43.452233
-44.580309
-43.431716
-44.423691
-43.616370
-44.447752
-46.949856
-41.316932
-46.340803
-40.803328
-45.822750
-40.448622
-45.289091
-40.223980
-44.953796
-39.922746
-44.798623
-39.765269
-44.564361
-39.739719
-44.489990
-39.532089
-44.613622
-39.444353
-44.468042
-45.893154
-46.956312
-45.253321
-46.383821
-44.665231
-45.900666
-44.276551
-45.384457
-44.038392
-45.054347
-43.727839
-44.889767
-43.572714
-44.619837
-43.594525
-44.508664
-43.428146
-44.619076
-47.644936
-42.152455
-46.848244
-41.563379
-46.229366
-40.957223
-45.731081
-40.543724
-45.229442
-40.285360
-44.930648
-39.934559
-44.837830
-39.739588
-44.626157
-39.719879
-44.546402
-46.827456
-47.707130
-46.044227
-46.920327
-45.402000
-46.313059
-44.761588
-45.829047
-44.313529
-45.316140
-44.064431
-45.006649
-43.735068
-44.895882
-43.573529
-44.647127
-48.397536
-43.150292
-47.644384
-42.368003
-46.798000
-41.712675
-46.155871
-41.035793
-45.701006
-40.563189
-45.244887
-40.293612
-44.989252
-39.917025
-44.925585
-48.005435
-48.508499
-47.006629
-47.762585
-46.169277
-46.909127
-45.488157
-46.247484
-44.800808
-45.800979
-44.328829
-45.313516
-44.084149
-45.023216
-49.337414
-44.334477
-48.458864
-43.321987
-47.650673
-42.433307
-46.775512
-41.750604
-46.148387
-41.033344
-45.752909
-40.530118
-45.312761
-49.045840
-49.477837
-48.172444
-48.585075
-47.116571
-47.774090
-46.194743
-46.878335
-45.498055
-46.221816
-44.780570
-45.792007
-50.365850
-45.332646
-49.403332
-44.415825
-48.446643
-43.330711
-47.640457
-42.383500
-46.771898
-41.669501
-46.189863
-50.056747
-50.502561
-49.151480
-49.543118
-48.211052
-48.556472
-47.070397
-47.702431
-46.123944
-46.796350
-51.091417
-46.246359
-50.365849
-45.289059
-49.352837
-44.316929
-48.383823
-43.163382
-47.590203
-50.939971
-51.226420
-50.082389
-50.505631
-49.077540
-49.414673
-48.056294
-48.392190
-51.673579
-47.010519
-51.009225
-46.076217
-50.264796
-45.074773
-49.230081
-51.453341
-51.821035
-50.904761
-51.137524
-49.881499
-50.272059
-52.128304
-47.362521
-51.524066
-46.780619
-50.914547
-51.857856
-52.328089
-51.350856
-51.604528
-52.282708
-47.554959
-52.078322
-52.240774
-52.529265
-52.319420
-46.754922
-40.799403
-46.863198
-41.780811
-47.545545
-42.802657
-48.307172
-44.056203
-49.259709
-45.161642
-50.342327
-46.223315
-51.146002
-47.120822
-51.794195
-47.588358
-52.304829
-47.874412
-52.509787
-48.025817
-52.675067
-47.971924
-52.905746
-51.501080
-51.442511
-51.537229
-51.340675
-51.522237
-51.316296
-51.490317
-51.440163
-51.554103
-51.501505
-51.735819
-51.645527
-51.866606
-51.875502
-52.067946
-52.036503
-52.329907
-52.234572
-52.480975
-52.475248
-52.677224
-52.388939
-51.678469
-47.984175
-51.707293
-48.051669
-51.678060
-48.195718
-51.679910
-48.231235
-51.790404
-48.306577
-51.834362
-48.439039
-51.953837
-48.458205
-52.155864
-48.484541
-52.264792
-48.515343
-52.383910
-48.287585
-52.574432
-51.843692
-51.456972
-51.709200
-51.522467
-51.661642
-51.520719
-51.770982
-51.589989
-51.829070
-51.768032
-51.976954
-51.873717
-52.219226
-52.039628
-52.368855
-52.257194
-52.533738
-52.308148
-52.731214
-52.300560
-51.881572
-48.317610
-51.875933
-48.339084
-51.957285
-48.394460
-51.949567
-48.529363
-52.012091
-48.548298
-52.169939
-48.595264
-52.242469
-48.665889
-52.359067
-48.550714
-52.522658
-48.332048
-52.490814
-51.914750
-51.652001
-51.956513
-51.654822
-51.926648
-51.778281
-51.990080
-51.820088
-52.172109
-51.935048
-52.277205
-52.120491
-52.437745
-52.168676
-52.634373
-52.183396
-52.634066
-52.164687
-52.201228
-48.489766
-52.154919
-48.625802
-52.168172
-48.640623
-52.281933
-48.691241
-52.300644
-48.778296
-52.381236
-48.699041
-52.512396
-48.573832
-52.479944
-48.377348
-52.368197
-52.101613
-51.914121
-52.119596
-51.879604
-52.235240
-51.933991
-52.264961
-52.072916
-52.376529
-52.088044
-52.545456
-52.115686
-52.547795
-52.106687
-52.495275
-51.837163
-52.403911
-48.688513
-52.474593
-48.744548
-52.433761
-48.848838
-52.464618
-48.782579
-52.548244
-48.706112
-52.472809
-48.568770
-52.379382
-48.148342
-52.199162
-52.333790
-52.029946
-52.317177
-52.100280
-52.363034
-52.058213
-52.478636
-52.059256
-52.443482
-52.042672
-52.407345
-51.777006
-52.281897
-51.422478
-52.598329
-48.814254
-52.587700
-48.761379
-52.619792
-48.709215
-52.491300
-48.604403
-52.374475
-48.221210
-52.188701
-47.741759
-51.700175
-52.346409
-52.043968
-52.396544
-51.985691
-52.300377
-51.937218
-52.236162
-51.650322
-52.117725
-51.307139
-51.703379
-50.844012
-52.628124
-48.530608
-52.469284
-48.448243
-52.309695
-48.086874
-52.104083
-47.648984
-51.613615
-47.088264
-51.040069
-52.066306
-51.724474
-51.932201
-51.402467
-51.794617
-51.054549
-51.387603
-50.617486
-50.918958
-49.880719
-52.081033
-47.703555
-51.882377
-47.291632
-51.383904
-46.777932
-50.846320
-45.973440
-50.236189
-51.270924
-50.602237
-50.853089
-50.194117
-50.442408
-49.512169
-49.975780
-48.810810
-50.964019
-46.232213
-50.497000
-45.470915
-49.957440
-44.748050
-49.188867
-49.727699
-48.938160
-49.387652
-48.383985
-48.801832
-47.762752
-49.565893
-44.204434
-48.905813
-43.542228
-48.329586
-48.102944
-47.326108
-47.854311
-46.640224
-48.150849
-42.301819
-47.695730
-46.974018
-45.843200
-47.150937
-44.628195
-40.077670
-44.150806
-39.927414
-43.861785
-39.699468
-43.715813
-39.734381
-43.587120
-39.883192
-43.682060
-40.059011
-43.850602
-40.351551
-44.052530
-40.617131
-44.344599
-40.838796
-44.588054
-41.119962
-44.722892
-41.330053
-45.211621
-45.590628
-41.749395
-45.350664
-41.695509
-45.416657
-41.785531
-45.325740
-41.791993
-45.213572
-41.675250
-45.131798
-41.483582
-44.971934
-41.290473
-44.808744
-40.954595
-44.717225
-40.585340
-44.534880
-40.238539
-44.413333
-39.650639
-44.507700
-46.106899
-44.189183
-45.667815
-43.846839
-45.289101
-43.714610
-44.921228
-43.629041
-44.725434
-43.475449
-44.636238
-43.445025
-44.467379
-43.527678
-44.426817
-43.450556
-44.554859
-43.462920
-44.477913
-43.720366
-44.504493
-43.449039
-44.950386
-39.597204
-44.795057
-39.589426
-44.499872
-39.600492
-44.384664
-39.569703
-44.360154
-39.656714
-44.293491
-39.807565
-44.358751
-39.806620
-44.560182
-39.844838
-44.585299
-40.006039
-44.682976
-39.835192
-45.136884
-45.536163
-43.846943
-45.122398
-43.684706
-44.905315
-43.520245
-44.734643
-43.496872
-44.541035
-43.533142
-44.488926
-43.479985
-44.545404
-43.522679
-44.480700
-43.695400
-44.477884
-43.680230
-44.657481
-43.765371
-44.379400
-39.612250
-44.391118
-39.538338
-44.291291
-39.650634
-44.191893
-39.794474
-44.248293
-39.857152
-44.391897
-39.996859
-44.435477
-40.193917
-44.559622
-40.198236
-44.812737
-40.192767
-44.884262
-45.107358
-43.537633
-44.869113
-43.537915
-44.644865
-43.540643
-44.578315
-43.507928
-44.575771
-43.588196
-44.506132
-43.742544
-44.530497
-43.767475
-44.658275
-43.847848
-44.629677
-44.087235
-44.170970
-39.661661
-44.115558
-39.731572
-44.156113
-39.824061
-44.236781
-40.026499
-44.281323
-40.257673
-44.424896
-40.352724
-44.649194
-40.463897
-44.739257
-40.627890
-44.851543
-44.745378
-43.528295
-44.694789
-43.507992
-44.625416
-43.612305
-44.547951
-43.750348
-44.580992
-43.814788
-44.681596
-43.939383
-44.677650
-44.131962
-44.707173
-44.235078
-44.074592
-39.745583
-44.100246
-39.959106
-44.128701
-40.195565
-44.278417
-40.365943
-44.478709
-40.571529
-44.596979
-40.787526
-44.755678
-40.873249
-44.932834
-44.652000
-43.616362
-44.596377
-43.716395
-44.628505
-43.803071
-44.696013
-43.966524
-44.711810
-44.164037
-44.779588
-44.272534
-44.867575
-44.441201
-44.008640
-40.033600
-44.134777
-40.240815
-44.289942
-40.521366
-44.424901
-40.791578
-44.618410
-40.950915
-44.828499
-41.134830
-44.927403
-44.650734
-43.763921
-44.696164
-43.937375
-44.720149
-44.127065
-44.812469
-44.267292
-44.920823
-44.457453
-44.937005
-44.654908
-44.119100
-40.331099
-44.234046
-40.628073
-44.438534
-40.873012
-44.657933
-41.125133
-44.804846
-41.361210
-44.992005
-44.706901
-44.049367
-44.811804
-44.200029
-44.915974
-44.407564
-44.974661
-44.630566
-45.068393
-44.766249
-44.253997
-40.629673
-44.443411
-40.953043
-44.619497
-41.249983
-44.828321
-41.451576
-45.049082
-44.882677
-44.317118
-44.953709
-44.527774
-45.066646
-44.706638
-45.192833
-44.909932
-44.405345
-40.976240
-44.616246
-41.255119
-44.845072
-41.527012
-45.025015
-45.039445
-44.572732
-45.155612
-44.789317
-45.240855
-45.028970
-44.644214
-41.226877
-44.801817
-41.551562
-45.017592
-45.177975
-44.881545
-45.282902
-45.074276
-44.824842
-41.397281
-45.073131
-45.463283
-45.152057
-44.725599
-46.251517
-39.857577
-45.466725
-39.861228
-45.094321
-39.704128
-44.809919
-39.662666
-44.523019
-39.679282
-44.416320
-39.594862
-44.443979
-39.612163
-44.366372
-39.725097
-44.417807
-39.607733
-44.684176
-39.513224
-44.656441
-39.659081
-45.161163
-52.319755
-52.529712
-52.077400
-51.606086
-50.913299
-50.271642
-49.231112
-48.391765
-47.590659
-46.796255
-46.190309
-45.791747
-45.313235
-45.023122
-44.925658
-44.647213
-44.546522
-44.618838
-44.468263
-44.447688
-44.765014
-44.473616
-52.239535
-47.555949
-51.350205
-46.779588
-49.883588
-45.074173
-48.056638
-43.163914
-46.124246
-41.669826
-44.780902
-40.530321
-44.084204
-39.917198
-43.573558
-39.719767
-43.428342
-39.444276
-43.616402
-39.398674
-43.546113
-52.283706
-52.327076
-51.525930
-51.134950
-50.265161
-49.415100
-48.384323
-47.702973
-46.772316
-46.222265
-45.753252
-45.313748
-44.989417
-44.896039
-44.626272
-44.508601
-44.613760
-44.423589
-44.475362
-44.662516
-51.858326
-47.362160
-50.905144
-46.076245
-49.078126
-44.317181
-47.070988
-42.384082
-45.498651
-41.033654
-44.329197
-40.293843
-43.735085
-39.739752
-43.594510
-39.532235
-43.431580
-39.622107
-43.517046
-52.128105
-51.820670
-51.010760
-50.505534
-49.353263
-48.557409
-47.641096
-46.879053
-46.149268
-45.801062
-45.245605
-45.006709
-44.838087
-44.619889
-44.490075
-44.580299
-44.441340
-44.429189
-51.455477
-47.009197
-50.081518
-45.289859
-48.210689
-43.331312
-46.195199
-41.750510
-44.801558
-40.563293
-44.064559
-39.934863
-43.572875
-39.739648
-43.452457
-39.523189
-43.601483
-51.672292
-51.229074
-50.365564
-49.543774
-48.447683
-47.774435
-46.776720
-46.248043
-45.701372
-45.316748
-44.930900
-44.889733
-44.564673
-44.536553
-44.529099
-44.455240
-50.938161
-46.244671
-49.151926
-44.415507
-47.117326
-42.433899
-45.488581
-41.036435
-44.313923
-40.285463
-43.728297
-39.765256
-43.592151
-39.580180
-43.445477
-51.094470
-50.502366
-49.404612
-48.586013
-47.650847
-46.910064
-46.156280
-45.829367
-45.229908
-45.054371
-44.798690
-44.666047
-44.449266
-44.600587
-50.055327
-45.332483
-48.171393
-43.322394
-46.169923
-41.712436
-44.762395
-40.543663
-44.038642
-39.923064
-43.582314
-39.733983
-43.451215
-50.365671
-49.478847
-48.459801
-47.762293
-46.798713
-46.313173
-45.731248
-45.384637
-44.953984
-44.945956
-44.541961
-44.606652
-49.046020
-44.333565
-47.007157
-42.368245
-45.402183
-40.957627
-44.276823
-40.223849
-43.708680
-39.748556
-43.577609
-49.337623
-48.508935
-47.644481
-46.921002
-46.229515
-45.900472
-45.289688
-45.152157
-44.804119
-44.745193
-48.005449
-43.150206
-46.043630
-41.562701
-44.665671
-40.447782
-43.979787
-39.862971
-43.600887
-48.396892
-47.707334
-46.848805
-46.383454
-45.822955
-45.509083
-45.035118
-45.041949
-46.827942
-42.151560
-45.253421
-40.802783
-44.187881
-40.100918
-43.713620
-47.644844
-46.956539
-46.340731
-46.032507
-45.427392
-45.306000
-45.892746
-41.316125
-44.520024
-40.266321
-43.955019
-46.949468
-46.525511
-46.012948
-45.698916
-45.102347
-40.463645
-44.130548
-46.663123
-46.368022
-44.189725
-51.598191
-47.769487
-51.428161
-47.830024
-51.415265
-47.886904
-51.486665
-47.950265
-51.466774
-48.104183
-51.533891
-48.165635
-51.700538
-48.261722
-51.823010
-48.385172
-52.006191
-48.392413
-52.246292
-48.360825
-52.338227
-48.266746
-52.617091
-51.125871
-51.418688
-51.172143
-51.294909
-51.192460
-51.242534
-51.180495
-51.367536
-51.259137
-51.419432
-51.444229
-51.556778
-51.580674
-51.769992
-51.785007
-51.938011
-52.042661
-52.150865
-52.239576
-52.391739
-52.484198
-52.428548
-51.284826
-47.663351
-51.306503
-47.693901
-51.256882
-47.846470
-51.226055
-47.872270
-51.344104
-47.978227
-51.418773
-48.148402
-51.584885
-48.245698
-51.817548
-48.356698
-52.014839
-48.446014
-52.247066
-48.376268
-52.483377
-51.236047
-50.979560
-51.012218
-51.058070
-50.925484
-51.048405
-51.083514
-51.127749
-51.151964
-51.307122
-51.312971
-51.443308
-51.544705
-51.642429
-51.752685
-51.877396
-52.004318
-52.089272
-52.246238
-52.392494
-51.052412
-47.671607
-50.998310
-47.670276
-51.100545
-47.674580
-51.057475
-47.839348
-51.151602
-47.938429
-51.340417
-48.093335
-51.519805
-48.255326
-51.757514
-48.361630
-52.003705
-48.446610
-52.239799
-50.900549
-50.796170
-50.873315
-50.727727
-50.832066
-50.921802
-50.916278
-50.996558
-51.098003
-51.176192
-51.258683
-51.404548
-51.496570
-51.621292
-51.756989
-51.877916
-52.014974
-52.150096
-50.951529
-47.460942
-50.901096
-47.616801
-50.843195
-47.607248
-50.961107
-47.756912
-51.054658
-47.952213
-51.254278
-48.101003
-51.496215
-48.255757
-51.752751
-48.356095
-52.043138
-50.744313
-50.656252
-50.632908
-50.618774
-50.808581
-50.764743
-50.841565
-50.972607
-51.015327
-51.164078
-51.253971
-51.404896
-51.519814
-51.641955
-51.818018
-51.938169
-50.758656
-47.325804
-50.839171
-47.413357
-50.708052
-47.631000
-50.818352
-47.778843
-51.015035
-47.952500
-51.258708
-48.092959
-51.545044
-48.245832
-51.784432
-50.740561
-50.550725
-50.584893
-50.682194
-50.667742
-50.780953
-50.818053
-50.972858
-51.054696
-51.175887
-51.340693
-51.443492
-51.584422
-51.770327
-50.642624
-47.127415
-50.688647
-47.375299
-50.667598
-47.631211
-50.841657
-47.756622
-51.098313
-47.938442
-51.312643
-48.148614
-51.580826
-50.961859
-50.475508
-50.688340
-50.682437
-50.707971
-50.764528
-50.961311
-50.996542
-51.151354
-51.307416
-51.418862
-51.556491
-50.961795
-47.127637
-50.584947
-47.413172
-50.808860
-47.607253
-50.916102
-47.839616
-51.151966
-47.977931
-51.444504
-50.642502
-50.550531
-50.839295
-50.618788
-50.842919
-50.922024
-51.057480
-51.127514
-51.344382
-51.419500
-50.740857
-47.325850
-50.632788
-47.617021
-50.832158
-47.674370
-51.083715
-47.872343
-51.258893
-50.758359
-50.656413
-50.901050
-50.727482
-51.100733
-51.048464
-51.225858
-51.367750
-50.744464
-47.460765
-50.873655
-47.670264
-50.925344
-47.846652
-51.180538
-50.951650
-50.796051
-50.998143
-51.058233
-51.256940
-51.242312
-50.900524
-47.671851
-51.012270
-47.693733
-51.192728
-51.052355
-50.979322
-51.306724
-51.294859
-51.236343
-47.663424
-51.172052
-51.284671
-51.418759
-51.125975
-51.471634
-47.784911
-50.987589
-47.522540
-50.929614
-47.432710
-50.652295
-47.353633
-50.530622
-46.968293
-50.882129
-45.900233
-50.881960
-46.968468
-50.530657
-47.353396
-50.652532
-47.432664
-50.929507
-47.522647
-50.987747
-47.784621
-51.471954
-51.597766
-47.769460
-51.427773
-47.829539
-51.415689
-47.885466
-51.487067
-47.949470
-51.466265
-48.102861
-51.535138
-48.162423
-51.701759
-48.260223
-51.822312
-48.382732
-52.008747
-48.386916
-52.248155
-48.358363
-52.337971
-48.261877
-52.621286
-51.126007
-51.418733
-51.172477
-51.294356
-51.193385
-51.242432
-51.180437
-51.368186
-51.259987
-51.418631
-51.445894
-51.557014
-51.580616
-51.771287
-51.786386
-51.937035
-52.045415
-52.151332
-52.239710
-52.394051
-52.486457
-52.427357
-51.284812
-47.662942
-51.307120
-47.693355
-51.256881
-47.846160
-51.226659
-47.870283
-51.345475
-47.976733
-51.418697
-48.147323
-51.586069
-48.242031
-51.819879
-48.353842
-52.014781
-48.443897
-52.249015
-48.369903
-52.487274
-51.236497
-50.979328
-51.012231
-51.058367
-50.925873
-51.047811
-51.084698
-51.127879
-51.151899
-51.307996
-51.313938
-51.442379
-51.546671
-51.642824
-51.752568
-51.879021
-52.005971
-52.087892
-52.249562
-52.393424
-51.052381
-47.671694
-50.998508
-47.669353
-51.101449
-47.673677
-51.057395
-47.838709
-51.152392
-47.935871
-51.342166
-48.091480
-51.519754
-48.253903
-51.758978
-48.357066
-52.006638
-48.443364
-52.239622
-50.900549
-50.795878
-50.873936
-50.727640
-50.832013
-50.922315
-50.916865
-50.995894
-51.099408
-51.176449
-51.258502
-51.405557
-51.497760
-51.620212
-51.759340
-51.878576
-52.014541
-52.152109
-50.951854
-47.460578
-50.901059
-47.616592
-50.843620
-47.605790
-50.962271
-47.755702
-51.054587
-47.951251
-51.255456
-48.097809
-51.498348
-48.253512
-51.752629
-48.354336
-52.045146
-50.744332
-50.656523
-50.633087
-50.618405
-50.809374
-50.764776
-50.841420
-50.973294
-51.016113
-51.163282
-51.255549
-51.405293
-51.519492
-51.643210
-51.819474
-51.936875
-50.758582
-47.325323
-50.839794
-47.412697
-50.708055
-47.630565
-50.819042
-47.776807
-51.016503
-47.950976
-51.258673
-48.091741
-51.546618
-48.241898
-51.786976
-50.740905
-50.550581
-50.584835
-50.682609
-50.668075
-50.780432
-50.819053
-50.973052
-51.054446
-51.176745
-51.341690
-51.442419
-51.586201
-51.771029
-50.642628
-47.127391
-50.688847
-47.374274
-50.668490
-47.630316
-50.841648
-47.755915
-51.099333
-47.935785
-51.314461
-48.146941
-51.580737
-50.961789
-50.475330
-50.688891
-50.682449
-50.707836
-50.765039
-50.961837
-50.995874
-51.152498
-51.307798
-51.418437
-51.557421
-50.962131
-47.127177
-50.584966
-47.412855
-50.809358
-47.605739
-50.917288
-47.838481
-51.152043
-47.976881
-51.445961
-50.642470
-50.550843
-50.839412
-50.618481
-50.843627
-50.922142
-51.057190
-51.128112
-51.345075
-51.418656
-50.740813
-47.325322
-50.633389
-47.616340
-50.832179
-47.673872
-51.084608
-47.870272
-51.260441
-50.758619
-50.656350
-50.900928
-50.727897
-51.101008
-51.047916
-51.226630
-51.368023
-50.744486
-47.460671
-50.873927
-47.669254
-50.926268
-47.845836
-51.180686
-50.951510
-50.795950
-50.998484
-51.058287
-51.256634
-51.242689
-50.900858
-47.671420
-51.012382
-47.693439
-51.193411
-51.052219
-50.979619
-51.306674
-51.294458
-51.236338
-47.662943
-51.172753
-51.284745
-51.418677
-51.126106
-45.075306
-41.942791
-45.102937
-42.222935
-45.387150
-42.527913
-45.580529
-42.765515
-45.743428
-42.614512
-46.326540
-41.428057
-46.326487
-42.614579
-45.743399
-42.765489
-45.580581
-42.527898
-45.387107
-42.223012
-45.102861
-41.942820
-45.075337
-45.594508
-41.749950
-45.359781
-41.698611
-45.417868
-41.804760
-45.325536
-41.793582
-45.225572
-41.680954
-45.119783
-41.506297
-44.962282
-41.292916
-44.813894
-40.962110
-44.701391
-40.609682
-44.521704
-40.245709
-44.414911
-39.661682
-44.493352
-45.224937
-45.109451
-45.384569
-45.200666
-45.209868
-45.218089
-45.142577
-45.205616
-45.051549
-45.164698
-44.909416
-45.124948
-44.751793
-45.047348
-44.611962
-45.003737
-44.414364
-45.035639
-44.252306
-45.066445
-44.190830
-45.158997
-45.558523
-42.053976
-45.485508
-42.164971
-45.540685
-42.160142
-45.449166
-42.075224
-45.320564
-41.933090
-45.158635
-41.697531
-44.996642
-41.396501
-44.785137
-41.062746
-44.575741
-40.628428
-44.418115
-40.115835
-44.190896
-45.571198
-45.262271
-45.497593
-45.293073
-45.362246
-45.344117
-45.298320
-45.330111
-45.164977
-45.269211
-45.020055
-45.182662
-44.842569
-45.122771
-44.664873
-45.056036
-44.531849
-45.015542
-44.418071
-45.066428
-45.654944
-42.408862
-45.660284
-42.533250
-45.649201
-42.435231
-45.508307
-42.317935
-45.351304
-42.103532
-45.161600
-41.835691
-44.942978
-41.485996
-44.742147
-41.064927
-44.531910
-40.628438
-44.252322
-45.678446
-45.468107
-45.593912
-45.416723
-45.541023
-45.495964
-45.426983
-45.427920
-45.272870
-45.339755
-45.076749
-45.241121
-44.900997
-45.129349
-44.742169
-45.055996
-44.575689
-45.035683
-45.827970
-42.691749
-45.887003
-42.784208
-45.704681
-42.644020
-45.563878
-42.475424
-45.344204
-42.232910
-45.118578
-41.887947
-44.901054
-41.485959
-44.664904
-41.062779
-44.414382
-45.818443
-45.618334
-45.680134
-45.615391
-45.711020
-45.597495
-45.504305
-45.530023
-45.293681
-45.391358
-45.118584
-45.241074
-44.942970
-45.122799
-44.785073
-45.003737
-46.001857
-42.882588
-46.033197
-42.852674
-45.729471
-42.816172
-45.495189
-42.589922
-45.293754
-42.232887
-45.076758
-41.835753
-44.842552
-41.396510
-44.612042
-46.014202
-45.795364
-45.824246
-45.856762
-45.669264
-45.735419
-45.495197
-45.529987
-45.344156
-45.339814
-45.161539
-45.182637
-44.996658
-45.047344
-46.058223
-42.801451
-45.948301
-42.952303
-45.669343
-42.816141
-45.504315
-42.475490
-45.272824
-42.103552
-45.020103
-41.697541
-44.751785
-46.420206
-45.860672
-45.948340
-45.856675
-45.729476
-45.597497
-45.563857
-45.427893
-45.351352
-45.269156
-45.158614
-45.124999
-46.420249
-42.801418
-45.824275
-42.852732
-45.710998
-42.644016
-45.427029
-42.317900
-45.165001
-41.933114
-44.909410
-46.058206
-45.795373
-46.033141
-45.615377
-45.704707
-45.495966
-45.508247
-45.330172
-45.320502
-45.164736
-46.014197
-42.882572
-45.680211
-42.784178
-45.540992
-42.435278
-45.298351
-42.075156
-45.051629
-46.001871
-45.618326
-45.886935
-45.416817
-45.649145
-45.344082
-45.449198
-45.205612
-45.818422
-42.691838
-45.593850
-42.533265
-45.362286
-42.160157
-45.142519
-45.827928
-45.468070
-45.660331
-45.293013
-45.540665
-45.218128
-45.678499
-42.408879
-45.497574
-42.165043
-45.209836
-45.654880
-45.262291
-45.485473
-45.200653
-45.571236
-42.053923
-45.384639
-45.558578
-45.109438
-45.224843
-45.590621
-41.749343
-45.350680
-41.695473
-45.416499
-41.785514
-45.325756
-41.791957
-45.213602
-41.675243
-45.131657
-41.483532
-44.971947
-41.290342
-44.808753
-40.954638
-44.717233
-40.585327
-44.534975
-40.238511
-44.413487
-39.650629
-44.507699
-45.229413
-45.112255
-45.395749
-45.196934
-45.226027
-45.229450
-45.140961
-45.210133
-45.070734
-45.148649
-44.923064
-45.129814
-44.747902
-45.046030
-44.630588
-44.984482
-44.429492
-45.036744
-44.250754
-45.066245
-44.206577
-45.145357
-45.553059
-42.046166
-45.481821
-42.159896
-45.521309
-42.153348
-45.457334
-42.049898
-45.327960
-41.932238
-45.150469
-41.689748
-45.015487
-41.368525
-44.800899
-41.056459
-44.573540
-40.619208
-44.435076
-40.089270
-44.206516
-45.581310
-45.266880
-45.502358
-45.305328
-45.386124
-45.330890
-45.314800
-45.338935
-45.160393
-45.267508
-45.043460
-45.158051
-44.860893
-45.122810
-44.662736
-45.053475
-44.550815
-44.995446
-44.435076
-45.066193
-45.642888
-42.406076
-45.653478
-42.503948
-45.648645
-42.435230
-45.493564
-42.308942
-45.373025
-42.070359
-45.179473
-41.830352
-44.939625
-41.476386
-44.763381
-41.034773
-44.550700
-40.619319
-44.250722
-45.692466
-45.465512
-45.621586
-45.434784
-45.538332
-45.496770
-45.457481
-45.398465
-45.294611
-45.340617
-45.073902
-45.235635
-44.925986
-45.101460
-44.763339
-45.053545
-44.573537
-45.036663
-45.817597
-42.682342
-45.853801
-42.772385
-45.724426
-42.604565
-45.581005
-42.472052
-45.338900
-42.219887
-45.148257
-41.849050
-44.925899
-41.476416
-44.662742
-41.056409
-44.429536
-45.832312
-45.638120
-45.722561
-45.587530
-45.735641
-45.603995
-45.500703
-45.518847
-45.331446
-45.349704
-45.148190
-45.235676
-44.939688
-45.122761
-44.800924
-44.984489
-45.984531
-42.835689
-46.034159
-42.855716
-45.718047
-42.794028
-45.543052
-42.531310
-45.331438
-42.219965
-45.073891
-41.830303
-44.860911
-41.368549
-44.630521
-46.052532
-45.823151
-45.821883
-45.836933
-45.733550
-45.665760
-45.542963
-45.518889
-45.338872
-45.340533
-45.179579
-45.158007
-45.015446
-45.046121
-46.023061
-42.768107
-46.018071
-42.857063
-45.733518
-42.794112
-45.500708
-42.472029
-45.294639
-42.070416
-45.043349
-41.689858
-44.747893
-46.471878
-45.784988
-46.018004
-45.836938
-45.718060
-45.603888
-45.581078
-45.398473
-45.372970
-45.267528
-45.150499
-45.129773
-46.471836
-42.768162
-45.821939
-42.855670
-45.735699
-42.604586
-45.457405
-42.308947
-45.160487
-41.932112
-44.923142
-46.023044
-45.823080
-46.034183
-45.587533
-45.724356
-45.496862
-45.493548
-45.338929
-45.327928
-45.148775
-46.052648
-42.835670
-45.722543
-42.772405
-45.538356
-42.435111
-45.314940
-42.049804
-45.070742
-45.984431
-45.638213
-45.853753
-45.434807
-45.648628
-45.330958
-45.457218
-45.210242
-45.832328
-42.682285
-45.621594
-42.503999
-45.386054
-42.153405
-45.140954
-45.817626
-45.465567
-45.653409
-45.305329
-45.521355
-45.229397
-45.692406
-42.406095
-45.502433
-42.159812
-45.226078
-45.642893
-45.266840
-45.481801
-45.197045
-45.581383
-42.046141
-45.395738
-45.552990
-45.112309
-45.229447

