Tension at each vertex
-0.037908
-0.037908
-0.037870
-0.037872
-1.442258
0.994410
-1.442257
0.994410
-0.752612
-0.752587
0.732058
0.732516
-0.029901
-0.136147
-0.108170
-0.208932
-0.201741
-0.287536
-0.306468
-0.393513
-0.431763
-0.534134
-0.597564
-0.716678
-0.806324
-0.937340
-1.034482
-1.158036
-1.232930
-1.323594
-1.362593
-1.410360
-1.413162
-1.450513
-1.425702
-0.055673
-0.129429
-0.145651
-0.197317
-0.232389
-0.285907
-0.326420
-0.396135
-0.450357
-0.536559
-0.614969
-0.722350
-0.822395
-0.944759
-1.049259
-1.160132
-1.244944
-1.317583
-1.368718
-1.402354
-1.423566
-1.410837
-0.039975
-0.144599
-0.130463
-0.219134
-0.217501
-0.308915
-0.323112
-0.416914
-0.456618
-0.561630
-0.627165
-0.750141
-0.837093
-0.968194
-1.060567
-1.176343
-1.247862
-1.330280
-1.365720
-1.412919
-1.423567
-0.072893
-0.116575
-0.153718
-0.200949
-0.238556
-0.291517
-0.340973
-0.405775
-0.469200
-0.556018
-0.638986
-0.747650
-0.849639
-0.968104
-1.070277
-1.174862
-1.251198
-1.323654
-1.365718
-1.402354
-0.063971
-0.146397
-0.137025
-0.227865
-0.229684
-0.318790
-0.336521
-0.433831
-0.472869
-0.582687
-0.648435
-0.771543
-0.857885
-0.986304
-1.073710
-1.186053
-1.251200
-1.330281
-1.368719
-0.059678
-0.124686
-0.154340
-0.201299
-0.244580
-0.297003
-0.348991
-0.415059
-0.482777
-0.568019
-0.654651
-0.761586
-0.861921
-0.977810
-1.073708
-1.174862
-1.247860
-1.317583
-0.071164
-0.140808
-0.150572
-0.230884
-0.238056
-0.326836
-0.346970
-0.443563
-0.484566
-0.593941
-0.657614
-0.779736
-0.861924
-0.986305
-1.070280
-1.176345
-1.244946
-0.068962
-0.124207
-0.152286
-0.206825
-0.246598
-0.301086
-0.354510
-0.420145
-0.487679
-0.572731
-0.657612
-0.761588
-0.857884
-0.968106
-1.060565
-1.160133
-0.067012
-0.147584
-0.155283
-0.231804
-0.246277
-0.329253
-0.352879
-0.447673
-0.487681
-0.593945
-0.654657
-0.771549
-0.849645
-0.968199
-1.049262
-0.072217
-0.119449
-0.156848
-0.207059
-0.247002
-0.304335
-0.352877
-0.420143
-0.484564
-0.568024
-0.648438
-0.747656
-0.837095
-0.944763
-0.071157
-0.149185
-0.155949
-0.234824
-0.247002
-0.329252
-0.354506
-0.443562
-0.482779
-0.582697
-0.638997
-0.750153
-0.822402
-0.071047
-0.120732
-0.155949
-0.207059
-0.246273
-0.301084
-0.346959
-0.415052
-0.472864
-0.556027
-0.627173
-0.722361
-0.071047
-0.149186
-0.156846
-0.231807
-0.246594
-0.326836
-0.348981
-0.433824
-0.469200
-0.561647
-0.614984
-0.071154
-0.119452
-0.155277
-0.206828
-0.238050
-0.297000
-0.336501
-0.405758
-0.456607
-0.536571
-0.072211
-0.147590
-0.152281
-0.230888
-0.244576
-0.318796
-0.340959
-0.416900
-0.450351
-0.067004
-0.124212
-0.150564
-0.201304
-0.229674
-0.291517
-0.323090
-0.396111
-0.068954
-0.140817
-0.154332
-0.227874
-0.238555
-0.308927
-0.326410
-0.071151
-0.124694
-0.137016
-0.200951
-0.217487
-0.285907
-0.059667
-0.146406
-0.153712
-0.219150
-0.232387
-0.063958
-0.116583
-0.130445
-0.197317
-0.072877
-0.144617
-0.145650
-0.039959
-0.129428
-0.055664
-0.064984
-0.084017
-0.053610
-0.050777
-0.051836
-0.062739
-0.035657
-0.066057
-0.036623
-0.062158
-0.035635
-0.063743
-0.035634
-0.062152
-0.036616
-0.066049
-0.035647
-0.062724
-0.051826
-0.050759
-0.053596
-0.084000
-0.064972
0.038198
0.007483
0.117534
0.105276
0.206474
0.225485
0.318937
0.360610
0.456591
0.510457
0.606025
0.663885
0.749489
0.802357
0.868084
0.906727
0.952286
0.969742
0.996896
0.999911
1.010043
0.999113
0.997034
0.017848
0.025784
0.091045
0.130423
0.193167
0.246936
0.323103
0.382248
0.469409
0.533506
0.621794
0.684870
0.764109
0.815487
0.880352
0.910802
0.957798
0.970724
0.997611
0.995738
1.010256
1.002908
0.041163
0.014162
0.116933
0.118036
0.218417
0.236369
0.339655
0.377547
0.479172
0.532143
0.628254
0.683868
0.769509
0.815056
0.882535
0.913932
0.957028
0.972545
0.998636
0.997908
1.010268
0.005299
0.047646
0.094883
0.145116
0.207188
0.266158
0.337903
0.406357
0.486843
0.556748
0.641048
0.702963
0.779728
0.828361
0.887410
0.918148
0.960942
0.970256
0.998561
0.995768
0.019670
0.019943
0.119936
0.121760
0.224208
0.246868
0.351065
0.390090
0.496244
0.544941
0.645060
0.696691
0.780881
0.824398
0.889844
0.915329
0.960951
0.972575
0.997647
0.021551
0.044939
0.104103
0.156861
0.215506
0.279959
0.350787
0.420871
0.500078
0.572280
0.650503
0.714448
0.785829
0.831536
0.889810
0.918160
0.956990
0.970730
0.015211
0.030611
0.113314
0.129488
0.228792
0.253436
0.359602
0.399371
0.504257
0.553210
0.653110
0.699850
0.785833
0.824413
0.887423
0.913961
0.957768
0.014858
0.050764
0.113379
0.159904
0.224847
0.288208
0.357385
0.429933
0.506640
0.576400
0.653098
0.714452
0.780861
0.828371
0.882465
0.910877
0.020939
0.027190
0.114183
0.135295
0.227946
0.260030
0.362149
0.401170
0.506641
0.553217
0.650503
0.696714
0.779701
0.815136
0.880301
0.014124
0.058855
0.113017
0.165111
0.229392
0.288671
0.362146
0.429936
0.504247
0.572291
0.645021
0.703005
0.769440
0.815506
0.017182
0.027852
0.115615
0.134186
0.229392
0.260033
0.357380
0.399386
0.500058
0.544985
0.641016
0.683910
0.764110
0.016868
0.058489
0.115614
0.165113
0.227940
0.288218
0.359581
0.420894
0.496208
0.556764
0.628227
0.684884
0.016868
0.027854
0.113012
0.135304
0.224834
0.253458
0.350768
0.390116
0.486832
0.532180
0.621752
0.017178
0.058862
0.114172
0.159917
0.228774
0.279972
0.351044
0.406373
0.479122
0.533557
0.014115
0.027201
0.113367
0.129502
0.215493
0.246892
0.337876
0.377602
0.469367
0.020930
0.050773
0.113300
0.156875
0.224180
0.266186
0.339610
0.382271
0.014847
0.030626
0.104084
0.121788
0.207163
0.236403
0.323088
0.015195
0.044956
0.119913
0.145133
0.218390
0.246952
0.021536
0.019961
0.094866
0.118063
0.193144
0.019654
0.047661
0.116904
0.130445
0.005279
0.014189
0.091024
0.041143
0.025796
0.017831
-0.091709
-0.074251
-0.121187
-0.121404
-0.167820
-0.168043
-0.219664
-0.219108
-0.275997
-0.276549
-0.338652
-0.340310
-0.407023
-0.411699
-0.477668
-0.489465
-0.551412
-0.565454
-0.628121
-0.638148
-0.694704
-0.715242
-0.759153
-1.435385
-1.421640
-1.429675
-1.422980
-1.431553
-1.423004
-1.431733
-1.429919
-1.431906
-1.426832
-1.425539
-1.408776
-1.392353
-1.358423
-1.321897
-1.261796
-1.205353
-1.122327
-1.056599
-0.958848
-0.902231
-0.794339
-1.423787
-1.443612
-1.432399
-1.436181
-1.434089
-1.436627
-1.431049
-1.428630
-1.423838
-1.409711
-1.393951
-1.367451
-1.333214
-1.285357
-1.230057
-1.162068
-1.090788
-1.008535
-0.934082
-0.852519
-0.781640
-1.433229
-1.411623
-1.430428
-1.418041
-1.421997
-1.413203
-1.413654
-1.397253
-1.387352
-1.363389
-1.336727
-1.294177
-1.250121
-1.185875
-1.125921
-1.042744
-0.978167
-0.888129
-0.826446
-0.739233
-1.402807
-1.416505
-1.399909
-1.408053
-1.396861
-1.388297
-1.374195
-1.355785
-1.328882
-1.293555
-1.252665
-1.196914
-1.139921
-1.066384
-1.000233
-0.919421
-0.850578
-0.772677
-0.716139
-1.366910
-1.357500
-1.365681
-1.344983
-1.344350
-1.322204
-1.303955
-1.271816
-1.239157
-1.190416
-1.141975
-1.075864
-1.017729
-0.939165
-0.877939
-0.796139
-0.745396
-0.658655
-1.313698
-1.313216
-1.299345
-1.293629
-1.267705
-1.247344
-1.214306
-1.174599
-1.129385
-1.072046
-1.017744
-0.946171
-0.887389
-0.811642
-0.757719
-0.678725
-0.639552
-1.232210
-1.217915
-1.208566
-1.184316
-1.165320
-1.127960
-1.093416
-1.045493
-0.998966
-0.937456
-0.885217
-0.816693
-0.766450
-0.691648
-0.654697
-0.577884
-1.138475
-1.130978
-1.106664
-1.085108
-1.049637
-1.015122
-0.970814
-0.919141
-0.872274
-0.809562
-0.763338
-0.693515
-0.657260
-0.584634
-0.556411
-1.022226
-1.000460
-0.979194
-0.948750
-0.916353
-0.873991
-0.836152
-0.784741
-0.743587
-0.685342
-0.650653
-0.586558
-0.559203
-0.495594
-0.911064
-0.897373
-0.864617
-0.836655
-0.800907
-0.759652
-0.722592
-0.670604
-0.640382
-0.578465
-0.555955
-0.493000
-0.477282
-0.786424
-0.762639
-0.738315
-0.705038
-0.675996
-0.635755
-0.609272
-0.559863
-0.538509
-0.486744
-0.469597
-0.413516
-0.689871
-0.671943
-0.643141
-0.613664
-0.588351
-0.544417
-0.527084
-0.475791
-0.463559
-0.406393
-0.404345
-0.581261
-0.556768
-0.538528
-0.503920
-0.490340
-0.450473
-0.438218
-0.394587
-0.389358
-0.337844
-0.510540
-0.491455
-0.474572
-0.441588
-0.428723
-0.387164
-0.384034
-0.330630
-0.336341
-0.425669
-0.396388
-0.388907
-0.356582
-0.353910
-0.312668
-0.316545
-0.270345
-0.376648
-0.359718
-0.348335
-0.313136
-0.313659
-0.268017
-0.274689
-0.306404
-0.273532
-0.280981
-0.242804
-0.250816
-0.207224
-0.278705
-0.256233
-0.249657
-0.214555
-0.219835
-0.211204
-0.179090
-0.194079
-0.147022
-0.195345
-0.166043
-0.169585
-0.138458
-0.092107
-0.119052
0.038230
0.007449
0.117566
0.105238
0.206521
0.225433
0.318985
0.360571
0.456626
0.510404
0.606106
0.663782
0.749573
0.802308
0.868114
0.906668
0.952409
0.969611
0.997009
0.999883
1.010108
0.999056
0.997177
0.982490
0.973484
0.977815
0.982947
0.976683
0.980298
0.982056
0.990005
0.988790
1.000448
1.000208
1.006871
1.004268
1.006187
0.993539
0.987310
0.965852
0.944776
0.915878
0.883872
0.843433
0.807518
0.755753
0.006324
0.082094
0.059754
0.135997
0.125933
0.198187
0.199475
0.271171
0.281355
0.351381
0.368035
0.435302
0.455654
0.515982
0.539657
0.592115
0.610088
0.661605
0.671871
0.710559
0.727206
0.763117
0.066288
0.095794
0.129013
0.169039
0.199999
0.251406
0.279218
0.338735
0.366137
0.428862
0.456076
0.516497
0.543866
0.599048
0.620106
0.673186
0.686511
0.728190
0.744622
0.773617
0.774912
0.096877
0.174597
0.171498
0.245434
0.251485
0.325845
0.342898
0.413967
0.439985
0.505667
0.536681
0.595345
0.623885
0.677968
0.700305
0.743009
0.766339
0.795437
0.810635
0.840674
0.174417
0.199947
0.250175
0.292693
0.338959
0.389409
0.435032
0.490171
0.533237
0.588866
0.625593
0.679710
0.707527
0.753271
0.777361
0.810946
0.826303
0.858592
0.859957
0.209843
0.289375
0.301904
0.375617
0.401670
0.472853
0.506640
0.573363
0.609779
0.670037
0.703335
0.752676
0.783304
0.819393
0.842176
0.872945
0.884071
0.907255
0.296076
0.328057
0.394368
0.436645
0.497517
0.547100
0.602683
0.654069
0.700730
0.748227
0.785992
0.824468
0.850076
0.883933
0.895522
0.922358
0.928755
0.348262
0.422427
0.454041
0.527072
0.566268
0.634121
0.674723
0.734140
0.771969
0.818233
0.848190
0.884949
0.903152
0.929498
0.943133
0.957460
0.438092
0.478449
0.551986
0.596247
0.662296
0.708744
0.764049
0.805393
0.847073
0.882885
0.907267
0.935259
0.949626
0.967025
0.973401
0.500992
0.572043
0.616434
0.684987
0.728200
0.786661
0.824681
0.871298
0.897296
0.930938
0.948993
0.967560
0.978889
0.990666
0.593250
0.636535
0.709517
0.751123
0.812402
0.849591
0.892225
0.922487
0.949784
0.968028
0.982433
0.995172
0.996750
0.656411
0.722462
0.769001
0.826554
0.862393
0.907943
0.933131
0.960403
0.975908
0.991796
0.995706
1.004024
0.743312
0.782380
0.845005
0.879405
0.924587
0.946423
0.975158
0.988828
0.998385
1.006127
1.006528
0.795804
0.853185
0.888868
0.929961
0.954426
0.980591
0.988436
1.002345
1.002961
1.003475
0.867027
0.895646
0.943575
0.962506
0.987040
0.997720
1.007642
1.005779
1.005249
0.903996
0.944766
0.963344
0.990692
0.997070
1.003978
1.002217
1.000530
0.951054
0.969545
0.995972
0.997992
1.009857
1.005684
0.999028
0.969715
0.992161
0.999172
1.008255
0.997606
0.995370
0.998645
1.001265
1.007644
1.002294
0.999668
0.995663
1.008056
1.000654
0.991152
1.012645
0.999621
0.997628
0.995479
0.997516
1.011477
-0.048809
0.011217
0.018310
0.068249
0.077255
0.132614
0.143730
0.204769
0.216019
0.282075
0.294660
0.361801
0.375336
0.441792
0.455690
0.514643
0.531824
0.581962
0.592853
0.643195
0.648189
0.676956
0.687777
-0.656003
-0.589504
-0.513404
-0.447486
-0.390616
-0.332935
-0.281791
-0.233688
-0.185254
-0.137300
-0.087608
-0.036074
0.018387
0.076976
0.139397
0.205705
0.277377
0.346206
0.421696
0.494554
0.560975
0.635967
-0.608731
-0.536286
-0.455237
-0.394188
-0.322603
-0.274974
-0.212230
-0.167966
-0.112166
-0.068592
-0.012435
0.035040
0.096881
0.149548
0.219393
0.275905
0.352689
0.413869
0.490675
0.549674
0.631271
-0.604291
-0.528317
-0.456956
-0.398020
-0.338646
-0.285719
-0.236492
-0.186886
-0.137854
-0.087406
-0.034406
0.020235
0.081031
0.143371
0.212831
0.283837
0.356904
0.431236
0.508173
0.577552
-0.547076
-0.474179
-0.396265
-0.336554
-0.273918
-0.222479
-0.165634
-0.119637
-0.064988
-0.017930
0.040591
0.093548
0.158246
0.218071
0.288951
0.353615
0.431519
0.494995
0.571892
-0.537093
-0.468881
-0.402781
-0.344567
-0.289048
-0.239548
-0.188902
-0.139626
-0.087697
-0.034695
0.022098
0.082468
0.148232
0.216980
0.291518
0.364933
0.441576
0.522318
-0.481387
-0.406354
-0.338943
-0.280929
-0.223033
-0.171191
-0.119042
-0.069251
-0.016504
0.037630
0.096975
0.156956
0.223791
0.289838
0.362344
0.435299
0.507785
-0.472198
-0.408887
-0.345794
-0.291958
-0.239937
-0.190178
-0.139435
-0.087842
-0.033193
0.022546
0.084952
0.149984
0.220912
0.295237
0.370698
0.450044
-0.411312
-0.341793
-0.283015
-0.224052
-0.172227
-0.118748
-0.069453
-0.015964
0.037821
0.098120
0.157581
0.224967
0.291406
0.364962
0.439077
-0.408710
-0.346999
-0.290900
-0.239645
-0.189147
-0.139196
-0.086396
-0.032748
0.023965
0.084822
0.151879
0.221194
0.297562
0.373186
-0.344793
-0.280690
-0.226878
-0.169650
-0.121606
-0.066969
-0.019771
0.039740
0.094396
0.158903
0.220706
0.292647
0.362068
-0.345669
-0.288509
-0.238541
-0.188002
-0.139191
-0.086526
-0.032433
0.022050
0.084799
0.149191
0.221685
0.294571
-0.282707
-0.222149
-0.172805
-0.116829
-0.071004
-0.016633
0.034307
0.096683
0.152131
0.220819
0.285402
-0.286707
-0.232981
-0.186821
-0.136827
-0.085334
-0.032373
0.022574
0.081245
0.149907
0.215767
-0.222606
-0.167629
-0.118267
-0.066256
-0.020531
0.036830
0.091242
0.151617
0.212378
-0.232059
-0.180544
-0.136836
-0.083472
-0.031146
0.019160
0.082224
0.142423
-0.165585
-0.116466
-0.065647
-0.021348
0.034477
0.088316
0.145549
-0.180806
-0.132392
-0.083425
-0.032190
0.020064
0.074391
-0.108446
-0.069924
-0.016119
0.026925
0.089693
-0.133591
-0.081964
-0.031426
0.013697
-0.051287
-0.028926
0.040677
-0.089242
-0.040018
0.015150
-0.064984
-0.084017
-0.053610
-0.050777
-0.051836
-0.062739
-0.035658
-0.066057
-0.036623
-0.062159
-0.035635
-0.063744
-0.035635
-0.062154
-0.036617
-0.066050
-0.035649
-0.062726
-0.051828
-0.050761
-0.053598
-0.084001
-0.064973
-0.029937
-0.136119
-0.108197
-0.208918
-0.201763
-0.287529
-0.306487
-0.393489
-0.431741
-0.534112
-0.597569
-0.716673
-0.806330
-0.937337
-1.034486
-1.158033
-1.232932
-1.323593
-1.362594
-1.410358
-1.413162
-1.450512
-1.425701
-0.055664
-0.129428
-0.145651
-0.197317
-0.232388
-0.285908
-0.326410
-0.396111
-0.450350
-0.536570
-0.614982
-0.722359
-0.822401
-0.944761
-1.049261
-1.160131
-1.244945
-1.317582
-1.368718
-1.402352
-1.423566
-1.410835
-0.039959
-0.144617
-0.130445
-0.219150
-0.217487
-0.308927
-0.323090
-0.416899
-0.456607
-0.561646
-0.627171
-0.750151
-0.837093
-0.968198
-1.060564
-1.176344
-1.247859
-1.330280
-1.365717
-1.412917
-1.423565
-0.072878
-0.116583
-0.153712
-0.200951
-0.238555
-0.291517
-0.340959
-0.405757
-0.469199
-0.556025
-0.638994
-0.747654
-0.849643
-0.968105
-1.070279
-1.174861
-1.251199
-1.323653
-1.365719
-1.402353
-0.063959
-0.146407
-0.137016
-0.227874
-0.229674
-0.318796
-0.336501
-0.433823
-0.472864
-0.582696
-0.648436
-0.771547
-0.857883
-0.986305
-1.073707
-1.186052
-1.251197
-1.330279
-1.368717
-0.059667
-0.124694
-0.154332
-0.201304
-0.244576
-0.297001
-0.348981
-0.415051
-0.482778
-0.568022
-0.654655
-0.761587
-0.861924
-0.977810
-1.073710
-1.174862
-1.247861
-1.317582
-0.071151
-0.140817
-0.150565
-0.230889
-0.238050
-0.326836
-0.346958
-0.443561
-0.484563
-0.593943
-0.657611
-0.779735
-0.861922
-0.986304
-1.070278
-1.176343
-1.244944
-0.068954
-0.124212
-0.152282
-0.206828
-0.246594
-0.301084
-0.354505
-0.420141
-0.487680
-0.572730
-0.657614
-0.761587
-0.857886
-0.968106
-1.060568
-1.160133
-0.067005
-0.147591
-0.155277
-0.231807
-0.246272
-0.329251
-0.352874
-0.447670
-0.487677
-0.593941
-0.654653
-0.771545
-0.849642
-0.968197
-1.049261
-0.072211
-0.119453
-0.156846
-0.207059
-0.247002
-0.304333
-0.352875
-0.420140
-0.484564
-0.568020
-0.648439
-0.747655
-0.837098
-0.944763
-0.071155
-0.149186
-0.155949
-0.234824
-0.247001
-0.329250
-0.354504
-0.443555
-0.482773
-0.582689
-0.638992
-0.750149
-0.822401
-0.071048
-0.120733
-0.155950
-0.207059
-0.246276
-0.301083
-0.346960
-0.415045
-0.472861
-0.556021
-0.627175
-0.722361
-0.071048
-0.149186
-0.156849
-0.231805
-0.246598
-0.326833
-0.348979
-0.433809
-0.469186
-0.561634
-0.614982
-0.071158
-0.119450
-0.155284
-0.206827
-0.238057
-0.297002
-0.336506
-0.405744
-0.456594
-0.536561
-0.072218
-0.147586
-0.152288
-0.230886
-0.244583
-0.318792
-0.340959
-0.416874
-0.450323
-0.067013
-0.124210
-0.150575
-0.201303
-0.229688
-0.291523
-0.323102
-0.396094
-0.068964
-0.140810
-0.154343
-0.227869
-0.238562
-0.308924
-0.326416
-0.071166
-0.124689
-0.137029
-0.200955
-0.217507
-0.285915
-0.059680
-0.146399
-0.153722
-0.219139
-0.232395
-0.063974
-0.116578
-0.130467
-0.197322
-0.072896
-0.144602
-0.145655
-0.039978
-0.129432
-0.055676
0.038230
0.007449
0.117566
0.105238
0.206521
0.225433
0.318985
0.360572
0.456627
0.510404
0.606106
0.663783
0.749574
0.802308
0.868115
0.906669
0.952410
0.969611
0.997010
0.999883
1.010108
0.999057
0.997178
0.017829
0.025795
0.091022
0.130444
0.193143
0.246952
0.323087
0.382271
0.469367
0.533557
0.621752
0.684885
0.764110
0.815507
0.880302
0.910878
0.957769
0.970730
0.997648
0.995768
1.010268
1.002908
0.041141
0.014188
0.116903
0.118062
0.218389
0.236403
0.339609
0.377602
0.479122
0.532180
0.628227
0.683910
0.769441
0.815137
0.882466
0.913961
0.956991
0.972576
0.998561
0.997908
1.010257
0.005277
0.047660
0.094865
0.145132
0.207162
0.266185
0.337876
0.406373
0.486832
0.556765
0.641016
0.703006
0.779702
0.828372
0.887424
0.918160
0.960952
0.970256
0.998637
0.995739
0.019652
0.019959
0.119912
0.121787
0.224179
0.246892
0.351044
0.390116
0.496209
0.544985
0.645021
0.696714
0.780862
0.824413
0.889811
0.915330
0.960943
0.972545
0.997612
0.021534
0.044954
0.104083
0.156875
0.215492
0.279972
0.350767
0.420894
0.500059
0.572291
0.650503
0.714452
0.785833
0.831537
0.889844
0.918149
0.957028
0.970724
0.015193
0.030625
0.113299
0.129501
0.228774
0.253457
0.359581
0.399386
0.504247
0.553217
0.653099
0.699850
0.785829
0.824398
0.887411
0.913932
0.957799
0.014846
0.050772
0.113367
0.159917
0.224833
0.288218
0.357380
0.429936
0.506641
0.576400
0.653111
0.714448
0.780881
0.828361
0.882536
0.910803
0.020929
0.027200
0.114171
0.135303
0.227939
0.260033
0.362146
0.401171
0.506641
0.553210
0.650503
0.696692
0.779728
0.815056
0.880353
0.014114
0.058861
0.113011
0.165112
0.229392
0.288671
0.362149
0.429934
0.504258
0.572281
0.645060
0.702964
0.769510
0.815488
0.017177
0.027853
0.115614
0.134186
0.229392
0.260029
0.357385
0.399371
0.500078
0.544942
0.641049
0.683868
0.764110
0.016867
0.058488
0.115615
0.165111
0.227946
0.288208
0.359602
0.420871
0.496245
0.556748
0.628254
0.684870
0.016867
0.027852
0.113016
0.135294
0.224847
0.253436
0.350787
0.390090
0.486844
0.532143
0.621795
0.017181
0.058855
0.114183
0.159904
0.228792
0.279959
0.351065
0.406357
0.479172
0.533506
0.014123
0.027189
0.113379
0.129488
0.215506
0.246868
0.337903
0.377547
0.469409
0.020939
0.050764
0.113313
0.156860
0.224208
0.266158
0.339656
0.382248
0.014858
0.030610
0.104103
0.121760
0.207188
0.236369
0.323104
0.015211
0.044939
0.119936
0.145116
0.218417
0.246936
0.021551
0.019942
0.094883
0.118036
0.193167
0.019670
0.047646
0.116933
0.130423
0.005299
0.014162
0.091045
0.041163
0.025784
0.017848
-0.029902
-0.136147
-0.108170
-0.208932
-0.201742
-0.287536
-0.306468
-0.393513
-0.431763
-0.534133
-0.597563
-0.716676
-0.806323
-0.937339
-1.034481
-1.158034
-1.232929
-1.323593
-1.362592
-1.410358
-1.413160
-1.450512
-1.425700
-1.417713
-1.430293
-1.416780
-1.422097
-1.414013
-1.419986
-1.423108
-1.423041
-1.429200
-1.432254
-1.433579
-1.429191
-1.423719
-1.405158
-1.378942
-1.339986
-1.288922
-1.225563
-1.151058
-1.073871
-0.989337
-0.910839
-0.836345
-0.119052
-0.092107
-0.169585
-0.147022
-0.219835
-0.207224
-0.274689
-0.270345
-0.336341
-0.337844
-0.404344
-0.413516
-0.477281
-0.495593
-0.556411
-0.577884
-0.639552
-0.658655
-0.716139
-0.739232
-0.781640
-0.794339
-0.138458
-0.166043
-0.194079
-0.214555
-0.250816
-0.268017
-0.316545
-0.330630
-0.389358
-0.406393
-0.469596
-0.493000
-0.559202
-0.584634
-0.654697
-0.678725
-0.745396
-0.772676
-0.826445
-0.852519
-0.902231
-0.195345
-0.179090
-0.249657
-0.242804
-0.313659
-0.312668
-0.384033
-0.394587
-0.463559
-0.486743
-0.555955
-0.586558
-0.657260
-0.691648
-0.757719
-0.796138
-0.850578
-0.888129
-0.934081
-0.958848
-0.211204
-0.256233
-0.280981
-0.313136
-0.353910
-0.387164
-0.438218
-0.475791
-0.538509
-0.578464
-0.650652
-0.693515
-0.766450
-0.811642
-0.877939
-0.919420
-0.978166
-1.008535
-1.056599
-0.278705
-0.273532
-0.348335
-0.356581
-0.428723
-0.450473
-0.527084
-0.559863
-0.640381
-0.685342
-0.763338
-0.816693
-0.887388
-0.939165
-1.000233
-1.042744
-1.090788
-1.122326
-0.306404
-0.359718
-0.388906
-0.441588
-0.490339
-0.544416
-0.609271
-0.670604
-0.743587
-0.809561
-0.885217
-0.946170
-1.017728
-1.066383
-1.125921
-1.162068
-1.205353
-0.376648
-0.396388
-0.474571
-0.503920
-0.588351
-0.635754
-0.722592
-0.784741
-0.872273
-0.937456
-1.017743
-1.075863
-1.139921
-1.185874
-1.230056
-1.261795
-0.425669
-0.491454
-0.538527
-0.613663
-0.675995
-0.759651
-0.836151
-0.919141
-0.998965
-1.072046
-1.141974
-1.196913
-1.250120
-1.285357
-1.321897
-0.510539
-0.556767
-0.643140
-0.705037
-0.800906
-0.873990
-0.970814
-1.045493
-1.129385
-1.190416
-1.252665
-1.294177
-1.333213
-1.358422
-0.581260
-0.671942
-0.738314
-0.836654
-0.916352
-1.015121
-1.093415
-1.174598
-1.239156
-1.293555
-1.336726
-1.367450
-1.392352
-0.689870
-0.762638
-0.864616
-0.948749
-1.049636
-1.127959
-1.214305
-1.271815
-1.328881
-1.363388
-1.393950
-1.408776
-0.786423
-0.897372
-0.979193
-1.085107
-1.165318
-1.247343
-1.303954
-1.355784
-1.387351
-1.409710
-1.425538
-0.911063
-1.000459
-1.106663
-1.184315
-1.267704
-1.322203
-1.374194
-1.397252
-1.423837
-1.426831
-1.022225
-1.130977
-1.208565
-1.293627
-1.344349
-1.388296
-1.413653
-1.428629
-1.431905
-1.138474
-1.217913
-1.299343
-1.344982
-1.396859
-1.413202
-1.431048
-1.429918
-1.232208
-1.313215
-1.365680
-1.408051
-1.421996
-1.436626
-1.431732
-1.313697
-1.357499
-1.399908
-1.418039
-1.434088
-1.423003
-1.366909
-1.416503
-1.430426
-1.436180
-1.431552
-1.402806
-1.411622
-1.432397
-1.422979
-1.433228
-1.443611
-1.429673
-1.423786
-1.421639
-1.435384
-0.048809
0.011217
0.018310
0.068249
0.077255
0.132614
0.143730
0.204769
0.216020
0.282075
0.294660
0.361802
0.375337
0.441792
0.455690
0.514643
0.531824
0.581962
0.592853
0.643195
0.648189
0.676956
0.687777
1.011477
0.997516
0.997628
0.991152
0.999668
0.995370
0.999028
1.000530
1.005250
1.003475
1.006528
1.004024
0.996750
0.990666
0.973401
0.957460
0.928755
0.907255
0.859957
0.840674
0.774912
0.763117
0.995479
0.999621
1.000654
1.002294
0.997607
1.005685
1.002217
1.005779
1.002961
1.006128
0.995706
0.995172
0.978889
0.967026
0.943133
0.922358
0.884071
0.858593
0.810635
0.773618
0.727206
1.012646
1.008057
1.007645
1.008256
1.009857
1.003979
1.007642
1.002345
0.998385
0.991796
0.982433
0.967561
0.949627
0.929499
0.895522
0.872945
0.826303
0.795437
0.744622
0.710559
0.995663
1.001265
0.999173
0.997993
0.997070
0.997720
0.988436
0.988828
0.975909
0.968028
0.948993
0.935259
0.903153
0.883933
0.842176
0.810946
0.766339
0.728190
0.671871
0.998645
0.992162
0.995973
0.990692
0.987040
0.980592
0.975158
0.960403
0.949784
0.930938
0.907268
0.884949
0.850076
0.819393
0.777361
0.743010
0.686511
0.661606
0.969715
0.969545
0.963345
0.962507
0.954427
0.946424
0.933132
0.922487
0.897296
0.882885
0.848191
0.824469
0.783304
0.753271
0.700305
0.673186
0.610088
0.951055
0.944767
0.943575
0.929962
0.924588
0.907944
0.892225
0.871299
0.847073
0.818234
0.785993
0.752676
0.707527
0.677969
0.620106
0.592115
0.903996
0.895646
0.888869
0.879405
0.862394
0.849592
0.824682
0.805393
0.771969
0.748227
0.703336
0.679711
0.623885
0.599048
0.539658
0.867028
0.853186
0.845005
0.826554
0.812403
0.786661
0.764049
0.734141
0.700731
0.670037
0.625593
0.595345
0.543866
0.515983
0.795805
0.782381
0.769002
0.751124
0.728201
0.708745
0.674723
0.654069
0.609779
0.588866
0.536682
0.516498
0.455655
0.743312
0.722463
0.709517
0.684987
0.662296
0.634121
0.602684
0.573363
0.533238
0.505667
0.456076
0.435302
0.656412
0.636536
0.616434
0.596248
0.566268
0.547100
0.506640
0.490172
0.439985
0.428862
0.368036
0.593251
0.572043
0.551986
0.527072
0.497518
0.472853
0.435032
0.413967
0.366137
0.351381
0.500992
0.478449
0.454042
0.436645
0.401670
0.389409
0.342898
0.338735
0.281356
0.438092
0.422427
0.394369
0.375617
0.338959
0.325845
0.279219
0.271171
0.348263
0.328058
0.301904
0.292694
0.251486
0.251407
0.199475
0.296077
0.289375
0.250175
0.245435
0.199999
0.198188
0.209843
0.199947
0.171498
0.169040
0.125933
0.174417
0.174597
0.129013
0.135997
0.096877
0.095794
0.059754
0.066289
0.082094
0.006324
-0.091709
-0.074251
-0.121187
-0.121404
-0.167820
-0.168043
-0.219664
-0.219108
-0.275997
-0.276549
-0.338652
-0.340310
-0.407023
-0.411699
-0.477667
-0.489465
-0.551412
-0.565454
-0.628121
-0.638148
-0.694703
-0.715242
-0.759153
-0.675863
-0.609611
-0.512672
-0.459660
-0.377916
-0.327433
-0.263315
-0.217314
-0.159327
-0.117779
-0.062050
-0.018961
0.040253
0.088679
0.153828
0.208538
0.279655
0.337910
0.418060
0.470370
0.555289
0.600943
0.677450
0.015150
-0.040018
0.040677
0.013697
0.089694
0.074391
0.145549
0.142423
0.212379
0.215767
0.285402
0.294571
0.362068
0.373186
0.439077
0.450044
0.507786
0.522319
0.571892
0.577552
0.631271
0.635967
-0.089242
-0.028926
-0.031426
0.026925
0.020064
0.088316
0.082224
0.151618
0.149907
0.220819
0.221685
0.292647
0.297562
0.364962
0.370698
0.435299
0.441576
0.494995
0.508173
0.549674
0.560975
-0.051287
-0.081964
-0.016119
-0.032190
0.034477
0.019160
0.091242
0.081245
0.152131
0.149192
0.220707
0.221195
0.291406
0.295237
0.362344
0.364933
0.431519
0.431236
0.490675
0.494554
-0.133591
-0.069924
-0.083425
-0.021348
-0.031146
0.036830
0.022574
0.096683
0.084799
0.158903
0.151880
0.224967
0.220912
0.289839
0.291518
0.353615
0.356904
0.413869
0.421696
-0.108446
-0.132392
-0.065647
-0.083472
-0.020531
-0.032373
0.034307
0.022050
0.094396
0.084822
0.157581
0.149984
0.223791
0.216981
0.288951
0.283837
0.352689
0.346206
-0.180806
-0.116466
-0.136836
-0.066256
-0.085334
-0.016633
-0.032433
0.039740
0.023965
0.098120
0.084952
0.156956
0.148233
0.218071
0.212831
0.275905
0.277377
-0.165585
-0.180544
-0.118267
-0.136827
-0.071004
-0.086526
-0.019771
-0.032748
0.037821
0.022546
0.096975
0.082468
0.158246
0.143371
0.219393
0.205705
-0.232059
-0.167629
-0.186821
-0.116829
-0.139191
-0.066969
-0.086396
-0.015964
-0.033193
0.037630
0.022098
0.093549
0.081031
0.149548
0.139397
-0.222606
-0.232981
-0.172805
-0.188002
-0.121606
-0.139196
-0.069453
-0.087842
-0.016504
-0.034695
0.040591
0.020235
0.096881
0.076976
-0.286708
-0.222149
-0.238541
-0.169650
-0.189147
-0.118748
-0.139435
-0.069251
-0.087697
-0.017930
-0.034406
0.035040
0.018387
-0.282707
-0.288509
-0.226878
-0.239645
-0.172227
-0.190178
-0.119042
-0.139626
-0.064988
-0.087406
-0.012436
-0.036074
-0.345669
-0.280690
-0.290900
-0.224052
-0.239937
-0.171191
-0.188902
-0.119637
-0.137854
-0.068592
-0.087608
-0.344793
-0.346999
-0.283015
-0.291958
-0.223033
-0.239548
-0.165634
-0.186886
-0.112166
-0.137300
-0.408710
-0.341793
-0.345794
-0.280929
-0.289048
-0.222479
-0.236492
-0.167966
-0.185254
-0.411312
-0.408887
-0.338943
-0.344567
-0.273918
-0.285719
-0.212230
-0.233688
-0.472198
-0.406354
-0.402781
-0.336554
-0.338646
-0.274974
-0.281791
-0.481386
-0.468880
-0.396265
-0.398020
-0.322603
-0.332934
-0.537093
-0.474179
-0.456956
-0.394188
-0.390616
-0.547076
-0.528317
-0.455237
-0.447486
-0.604291
-0.536286
-0.513404
-0.608731
-0.589504
-0.656004
-0.029935
-0.136116
-0.108194
-0.208914
-0.201758
-0.287523
-0.306487
-0.393522
-0.431783
-0.534117
-0.597556
-0.716661
-0.806322
-0.937332
-1.034483
-1.158033
-1.232932
-1.323593
-1.362596
-1.410359
-1.413163
-1.450513
-1.425703
-1.417714
-1.430295
-1.416782
-1.422099
-1.414016
-1.419988
-1.423112
-1.423043
-1.429205
-1.432256
-1.433584
-1.429192
-1.423724
-1.405156
-1.378948
-1.339983
-1.288928
-1.225557
-1.151065
-1.073860
-0.989346
-0.910820
-0.836358
-0.119058
-0.092130
-0.169595
-0.147046
-0.219840
-0.207247
-0.274694
-0.270366
-0.336344
-0.337865
-0.404346
-0.413537
-0.477283
-0.495615
-0.556412
-0.577906
-0.639555
-0.658677
-0.716143
-0.739254
-0.781645
-0.794358
-0.138461
-0.166021
-0.194076
-0.214538
-0.250815
-0.268002
-0.316547
-0.330617
-0.389361
-0.406380
-0.469600
-0.492986
-0.559206
-0.584620
-0.654701
-0.678711
-0.745401
-0.772663
-0.826450
-0.852505
-0.902238
-0.195346
-0.179112
-0.249662
-0.242822
-0.313665
-0.312687
-0.384038
-0.394604
-0.463562
-0.486759
-0.555957
-0.586574
-0.657262
-0.691664
-0.757723
-0.796155
-0.850582
-0.888145
-0.934088
-0.958861
-0.211205
-0.256216
-0.280982
-0.313126
-0.353912
-0.387155
-0.438220
-0.475781
-0.538511
-0.578455
-0.650656
-0.693506
-0.766454
-0.811633
-0.877943
-0.919411
-0.978172
-1.008524
-1.056605
-0.278709
-0.273551
-0.348342
-0.356600
-0.428729
-0.450487
-0.527087
-0.559875
-0.640384
-0.685354
-0.763341
-0.816706
-0.887393
-0.939178
-1.000239
-1.042755
-1.090794
-1.122337
-0.306408
-0.359715
-0.388913
-0.441581
-0.490340
-0.544407
-0.609272
-0.670597
-0.743589
-0.809556
-0.885220
-0.946165
-1.017733
-1.066377
-1.125926
-1.162062
-1.205358
-0.376664
-0.396410
-0.474577
-0.503929
-0.588351
-0.635762
-0.722594
-0.784750
-0.872277
-0.937465
-1.017748
-1.075873
-1.139926
-1.185884
-1.230062
-1.261804
-0.425681
-0.491446
-0.538522
-0.613652
-0.675993
-0.759644
-0.836152
-0.919136
-0.998968
-1.072042
-1.141978
-1.196910
-1.250124
-1.285353
-1.321901
-0.510536
-0.556767
-0.643135
-0.705040
-0.800906
-0.873997
-0.970816
-1.045500
-1.129389
-1.190423
-1.252669
-1.294185
-1.333218
-1.358430
-0.581247
-0.671927
-0.738309
-0.836646
-0.916351
-1.015117
-1.093417
-1.174596
-1.239159
-1.293553
-1.336730
-1.367449
-1.392356
-0.689861
-0.762638
-0.864614
-0.948754
-1.049637
-1.127965
-1.214309
-1.271821
-1.328885
-1.363394
-1.393955
-1.408782
-0.786415
-0.897364
-0.979192
-1.085103
-1.165320
-1.247342
-1.303956
-1.355784
-1.387355
-1.409710
-1.425542
-0.911061
-1.000462
-1.106664
-1.184320
-1.267707
-1.322209
-1.374198
-1.397258
-1.423842
-1.426837
-1.022223
-1.130974
-1.208566
-1.293627
-1.344351
-1.388296
-1.413656
-1.428630
-1.431909
-1.138475
-1.217918
-1.299346
-1.344987
-1.396863
-1.413207
-1.431052
-1.429923
-1.232208
-1.313215
-1.365681
-1.408052
-1.421998
-1.436628
-1.431736
-1.313699
-1.357503
-1.399911
-1.418044
-1.434091
-1.423008
-1.366910
-1.416505
-1.430428
-1.436181
-1.431554
-1.402808
-1.411625
-1.432400
-1.422983
-1.433229
-1.443612
-1.429675
-1.423788
-1.421642
-1.435385
-0.048829
0.011255
0.018294
0.068283
0.077243
0.132665
0.143711
0.204832
0.216032
0.282127
0.294688
0.361910
0.375343
0.441916
0.455789
0.514732
0.531922
0.582190
0.592881
0.643413
0.648373
0.677108
0.687871
1.011544
0.997363
0.997527
0.991164
0.999536
0.995075
0.999247
1.000260
1.005090
1.003575
1.006493
1.003655
0.997113
0.990392
0.973371
0.957474
0.928844
0.906927
0.860256
0.840441
0.774940
0.762997
0.995473
0.999807
1.000667
1.002330
0.997859
1.005756
1.002105
1.006191
1.002861
1.006148
0.995885
0.995303
0.978618
0.967457
0.942930
0.922460
0.884057
0.858808
0.810354
0.773970
0.727060
1.012623
1.007863
1.007738
1.008048
1.009706
1.004023
1.007547
1.002048
0.998615
0.991573
0.982333
0.967599
0.949660
0.929194
0.895791
0.872740
0.826318
0.795362
0.744746
0.710266
0.995781
1.001335
0.999151
0.998273
0.997056
0.997754
0.988639
0.988929
0.975755
0.968383
0.948886
0.935313
0.903210
0.884100
0.841941
0.811261
0.766198
0.728301
0.671822
0.998573
0.992137
0.995889
0.990475
0.987149
0.980407
0.975027
0.960431
0.949752
0.930682
0.907456
0.884780
0.850040
0.819354
0.777450
0.742754
0.686702
0.661438
0.969732
0.969597
0.963498
0.962594
0.954373
0.946696
0.933104
0.922527
0.897409
0.883011
0.848038
0.824735
0.783217
0.753345
0.700289
0.673359
0.609912
0.951089
0.944628
0.943471
0.929952
0.924520
0.907743
0.892323
0.871158
0.846992
0.818214
0.786021
0.752463
0.707669
0.677834
0.620118
0.592023
0.903999
0.895824
0.888880
0.879457
0.862515
0.849691
0.824613
0.805608
0.771943
0.748277
0.703370
0.679843
0.623757
0.599237
0.539590
0.866966
0.853049
0.845037
0.826435
0.812311
0.786637
0.764025
0.733970
0.700808
0.669929
0.625564
0.595283
0.543925
0.515813
0.795894
0.782455
0.768992
0.751286
0.728213
0.708793
0.674791
0.654171
0.609713
0.589020
0.536656
0.516560
0.455639
0.743243
0.722430
0.709468
0.684859
0.662320
0.634028
0.602627
0.573316
0.533249
0.505531
0.456133
0.435214
0.656436
0.636585
0.616506
0.596327
0.566253
0.547224
0.506650
0.490221
0.440005
0.428957
0.367980
0.593245
0.571966
0.551926
0.527029
0.497494
0.472746
0.435048
0.413895
0.366114
0.351320
0.501004
0.478542
0.454068
0.436692
0.401712
0.389484
0.342882
0.338823
0.281356
0.438057
0.422348
0.394359
0.375554
0.338919
0.325795
0.279214
0.271089
0.348306
0.328114
0.301914
0.292766
0.251506
0.251450
0.199490
0.296038
0.289333
0.250151
0.245368
0.199989
0.198138
0.209867
0.199987
0.171526
0.169091
0.125937
0.174399
0.174553
0.128984
0.135957
0.096892
0.095840
0.059771
0.066268
0.082052
0.006339
-0.091702
-0.074226
-0.121182
-0.121378
-0.167818
-0.168022
-0.219663
-0.219089
-0.276000
-0.276530
-0.338657
-0.340291
-0.407028
-0.411680
-0.477673
-0.489445
-0.551416
-0.565434
-0.628126
-0.638128
-0.694708
-0.715223
-0.759156
-0.675891
-0.609583
-0.512706
-0.459627
-0.377959
-0.327390
-0.263368
-0.217259
-0.159395
-0.117705
-0.062137
-0.018870
0.040154
0.088785
0.153701
0.208693
0.279470
0.338105
0.417880
0.470545
0.555083
0.601267
0.677050
0.015121
-0.040014
0.040646
0.013707
0.089646
0.074399
0.145501
0.142406
0.212321
0.215758
0.285300
0.294544
0.361986
0.373092
0.438962
0.450001
0.507577
0.522239
0.571764
0.577380
0.631070
0.635976
-0.089251
-0.028894
-0.031442
0.026965
0.020058
0.088355
0.082230
0.151679
0.149907
0.220899
0.221725
0.292715
0.297620
0.365099
0.370723
0.435458
0.441684
0.495116
0.508256
0.549949
0.560916
-0.051317
-0.081956
-0.016152
-0.032192
0.034440
0.019157
0.091183
0.081237
0.152070
0.149150
0.220632
0.221163
0.291275
0.295193
0.362233
0.364830
0.431373
0.431215
0.490413
0.494559
-0.133600
-0.069898
-0.083429
-0.021313
-0.031151
0.036879
0.022584
0.096731
0.084826
0.158982
0.151897
0.225072
0.220967
0.289933
0.291582
0.353786
0.356901
0.414081
0.421731
-0.108471
-0.132391
-0.065682
-0.083473
-0.020571
-0.032389
0.034259
0.022032
0.094319
0.084799
0.157498
0.149928
0.223691
0.216948
0.288785
0.283821
0.352531
0.346159
-0.180812
-0.116438
-0.136837
-0.066225
-0.085326
-0.016589
-0.032425
0.039803
0.023988
0.098187
0.084990
0.157059
0.148248
0.218211
0.212861
0.276039
0.277398
-0.165611
-0.180548
-0.118297
-0.136835
-0.071048
-0.086537
-0.019825
-0.032775
0.037756
0.022520
0.096874
0.082448
0.158132
0.143335
0.219261
0.205704
-0.232060
-0.167603
-0.186820
-0.116793
-0.139183
-0.066926
-0.086378
-0.015903
-0.033179
0.037716
0.022119
0.093643
0.081053
0.149678
0.139387
-0.222632
-0.232985
-0.172839
-0.188014
-0.121648
-0.139212
-0.069513
-0.087857
-0.016579
-0.034720
0.040501
0.020220
0.096757
0.076977
-0.286708
-0.222124
-0.238536
-0.169616
-0.189140
-0.118698
-0.139424
-0.069189
-0.087681
-0.017847
-0.034401
0.035146
0.018391
-0.282733
-0.288517
-0.226913
-0.239654
-0.172274
-0.190192
-0.119100
-0.139641
-0.065067
-0.087414
-0.012528
-0.036085
-0.345668
-0.280663
-0.290896
-0.224016
-0.239929
-0.171142
-0.188896
-0.119570
-0.137849
-0.068515
-0.087603
-0.344821
-0.347007
-0.283051
-0.291967
-0.223081
-0.239557
-0.165696
-0.186896
-0.112238
-0.137305
-0.408709
-0.341766
-0.345792
-0.280891
-0.289045
-0.222429
-0.236488
-0.167905
-0.185255
-0.411341
-0.408893
-0.338981
-0.344575
-0.273965
-0.285726
-0.212288
-0.233691
-0.472199
-0.406326
-0.402780
-0.336517
-0.338645
-0.274926
-0.281792
-0.481415
-0.468886
-0.396302
-0.398025
-0.322650
-0.332939
-0.537094
-0.474151
-0.456957
-0.394152
-0.390617
-0.547104
-0.528321
-0.455273
-0.447491
-0.604294
-0.536258
-0.513405
-0.608758
-0.589509
-0.656008
-0.091704
-0.074227
-0.121184
-0.121379
-0.167819
-0.168023
-0.219663
-0.219089
-0.275999
-0.276529
-0.338656
-0.340290
-0.407027
-0.411679
-0.477672
-0.489444
-0.551416
-0.565433
-0.628126
-0.638128
-0.694707
-0.715223
-0.759156
-1.435384
-1.421641
-1.429674
-1.422981
-1.431553
-1.423006
-1.431734
-1.429922
-1.431908
-1.426836
-1.425541
-1.408781
-1.392356
-1.358429
-1.321901
-1.261804
-1.205357
-1.122337
-1.056605
-0.958860
-0.902238
-0.794357
-1.423787
-1.443611
-1.432399
-1.436180
-1.434090
-1.436626
-1.431050
-1.428629
-1.423841
-1.409709
-1.393954
-1.367448
-1.333217
-1.285353
-1.230061
-1.162061
-1.090793
-1.008524
-0.934088
-0.852504
-0.781645
-1.433228
-1.411624
-1.430427
-1.418043
-1.421997
-1.413205
-1.413655
-1.397257
-1.387354
-1.363393
-1.336729
-1.294184
-1.250123
-1.185883
-1.125925
-1.042754
-0.978171
-0.888144
-0.826450
-0.739253
-1.402807
-1.416503
-1.399909
-1.408051
-1.396861
-1.388295
-1.374197
-1.355783
-1.328884
-1.293552
-1.252668
-1.196909
-1.139925
-1.066376
-1.000238
-0.919411
-0.850582
-0.772663
-0.716142
-1.366909
-1.357502
-1.365681
-1.344986
-1.344350
-1.322208
-1.303956
-1.271821
-1.239158
-1.190423
-1.141977
-1.075872
-1.017732
-0.939177
-0.877942
-0.796155
-0.745400
-0.658676
-1.313698
-1.313214
-1.299345
-1.293626
-1.267707
-1.247342
-1.214309
-1.174596
-1.129388
-1.072042
-1.017747
-0.946164
-0.887392
-0.811633
-0.757722
-0.678711
-0.639554
-1.232209
-1.217918
-1.208566
-1.184321
-1.165320
-1.127966
-1.093418
-1.045500
-0.998968
-0.937465
-0.885220
-0.816705
-0.766453
-0.691663
-0.654700
-0.577905
-1.138476
-1.130976
-1.106665
-1.085105
-1.049639
-1.015118
-0.970817
-0.919137
-0.872277
-0.809555
-0.763341
-0.693505
-0.657262
-0.584619
-0.556412
-1.022226
-1.000465
-0.979195
-0.948757
-0.916354
-0.873999
-0.836153
-0.784750
-0.743588
-0.685353
-0.650655
-0.586573
-0.559205
-0.495614
-0.911066
-0.897370
-0.864620
-0.836651
-0.800910
-0.759646
-0.722595
-0.670596
-0.640383
-0.578454
-0.555955
-0.492985
-0.477282
-0.786424
-0.762647
-0.738317
-0.705047
-0.675996
-0.635763
-0.609270
-0.559873
-0.538508
-0.486757
-0.469599
-0.413536
-0.689874
-0.671938
-0.643143
-0.613655
-0.588350
-0.544404
-0.527083
-0.475777
-0.463559
-0.406378
-0.404344
-0.581258
-0.556771
-0.538519
-0.503922
-0.490332
-0.450480
-0.438216
-0.394601
-0.389358
-0.337864
-0.510522
-0.491426
-0.474557
-0.441566
-0.428720
-0.387149
-0.384034
-0.330614
-0.336343
-0.425641
-0.396381
-0.388896
-0.356590
-0.353906
-0.312683
-0.316545
-0.270364
-0.376643
-0.359704
-0.348337
-0.313122
-0.313663
-0.268000
-0.274693
-0.306409
-0.273552
-0.280983
-0.242822
-0.250815
-0.207247
-0.278713
-0.256219
-0.249664
-0.214539
-0.219841
-0.211209
-0.179115
-0.194078
-0.147047
-0.195349
-0.166023
-0.169597
-0.138463
-0.092132
-0.119060
0.038197
0.007481
0.117533
0.105275
0.206474
0.225484
0.318937
0.360610
0.456591
0.510457
0.606025
0.663886
0.749489
0.802357
0.868085
0.906727
0.952287
0.969742
0.996897
0.999911
1.010044
0.999113
0.997034
0.982563
0.973483
0.978009
0.982981
0.976664
0.980679
0.981996
0.990016
0.989078
1.000536
0.999945
1.007396
1.004045
1.006235
0.993646
0.987482
0.965498
0.945263
0.915596
0.884051
0.843357
0.807799
0.755468
0.006338
0.082051
0.059771
0.135956
0.125937
0.198138
0.199490
0.271089
0.281356
0.351320
0.367980
0.435214
0.455639
0.515813
0.539590
0.592023
0.609912
0.661438
0.671823
0.710266
0.727060
0.762997
0.066266
0.095839
0.128984
0.169090
0.199989
0.251450
0.279214
0.338823
0.366114
0.428957
0.456133
0.516560
0.543926
0.599238
0.620118
0.673359
0.686702
0.728301
0.744746
0.773970
0.774940
0.096891
0.174552
0.171525
0.245368
0.251506
0.325795
0.342882
0.413895
0.440006
0.505531
0.536656
0.595283
0.623757
0.677834
0.700289
0.742754
0.766198
0.795362
0.810355
0.840441
0.174398
0.199986
0.250151
0.292765
0.338919
0.389484
0.435048
0.490222
0.533249
0.589020
0.625564
0.679843
0.707669
0.753345
0.777450
0.811261
0.826319
0.858808
0.860256
0.209867
0.289333
0.301913
0.375554
0.401712
0.472746
0.506650
0.573316
0.609713
0.669929
0.703370
0.752463
0.783217
0.819354
0.841942
0.872740
0.884057
0.906927
0.296037
0.328114
0.394359
0.436692
0.497494
0.547224
0.602627
0.654171
0.700808
0.748277
0.786021
0.824735
0.850041
0.884100
0.895791
0.922460
0.928844
0.348305
0.422348
0.454068
0.527029
0.566253
0.634029
0.674791
0.733971
0.771944
0.818214
0.848038
0.884780
0.903211
0.929195
0.942931
0.957474
0.438057
0.478542
0.551926
0.596327
0.662321
0.708793
0.764026
0.805609
0.846992
0.883011
0.907457
0.935313
0.949661
0.967457
0.973371
0.501004
0.571967
0.616507
0.684859
0.728214
0.786637
0.824613
0.871158
0.897409
0.930682
0.948887
0.967599
0.978618
0.990393
0.593245
0.636585
0.709469
0.751287
0.812312
0.849692
0.892324
0.922528
0.949752
0.968384
0.982333
0.995303
0.997113
0.656436
0.722430
0.768992
0.826435
0.862515
0.907743
0.933105
0.960431
0.975755
0.991573
0.995885
1.003655
0.743243
0.782455
0.845037
0.879458
0.924521
0.946696
0.975027
0.988930
0.998616
1.006149
1.006493
0.795895
0.853050
0.888881
0.929952
0.954374
0.980408
0.988639
1.002049
1.002862
1.003576
0.866967
0.895825
0.943471
0.962594
0.987150
0.997754
1.007547
1.006191
1.005090
0.903999
0.944629
0.963498
0.990475
0.997057
1.004023
1.002106
1.000260
0.951090
0.969598
0.995890
0.998274
1.009707
1.005757
0.999248
0.969733
0.992137
0.999152
1.008048
0.997859
0.995075
0.998574
1.001336
1.007738
1.002331
0.999537
0.995782
1.007864
1.000668
0.991164
1.012624
0.999808
0.997527
0.995473
0.997363
1.011544
-0.048830
0.011253
0.018293
0.068282
0.077242
0.132665
0.143711
0.204832
0.216031
0.282127
0.294687
0.361910
0.375343
0.441916
0.455789
0.514732
0.531922
0.582190
0.592881
0.643413
0.648373
0.677108
0.687871
-0.656008
-0.589509
-0.513405
-0.447490
-0.390617
-0.332939
-0.281792
-0.233691
-0.185255
-0.137305
-0.087603
-0.036085
0.018391
0.076976
0.139387
0.205704
0.277398
0.346158
0.421731
0.494559
0.560916
0.635976
-0.608758
-0.536258
-0.455273
-0.394152
-0.322650
-0.274925
-0.212288
-0.167905
-0.112238
-0.068516
-0.012528
0.035145
0.096757
0.149677
0.219261
0.276038
0.352531
0.414081
0.490413
0.549949
0.631070
-0.604294
-0.528321
-0.456956
-0.398025
-0.338645
-0.285726
-0.236488
-0.186896
-0.137849
-0.087414
-0.034401
0.020220
0.081053
0.143335
0.212861
0.283821
0.356901
0.431215
0.508256
0.577380
-0.547104
-0.474151
-0.396302
-0.336517
-0.273965
-0.222429
-0.165696
-0.119570
-0.065067
-0.017847
0.040501
0.093643
0.158132
0.218211
0.288785
0.353786
0.431373
0.495116
0.571764
-0.537094
-0.468886
-0.402780
-0.344574
-0.289045
-0.239557
-0.188896
-0.139640
-0.087681
-0.034720
0.022119
0.082448
0.148248
0.216948
0.291582
0.364830
0.441684
0.522239
-0.481415
-0.406326
-0.338981
-0.280890
-0.223081
-0.171141
-0.119100
-0.069189
-0.016579
0.037716
0.096874
0.157059
0.223691
0.289933
0.362233
0.435458
0.507577
-0.472198
-0.408892
-0.345791
-0.291967
-0.239929
-0.190192
-0.139424
-0.087857
-0.033180
0.022520
0.084990
0.149928
0.220967
0.295193
0.370723
0.450001
-0.411340
-0.341765
-0.283050
-0.224015
-0.172274
-0.118698
-0.069514
-0.015903
0.037756
0.098187
0.157498
0.225071
0.291275
0.365099
0.438962
-0.408708
-0.347006
-0.290896
-0.239654
-0.189139
-0.139212
-0.086378
-0.032775
0.023988
0.084799
0.151897
0.221163
0.297620
0.373092
-0.344820
-0.280662
-0.226913
-0.169615
-0.121647
-0.066926
-0.019825
0.039803
0.094319
0.158981
0.220631
0.292715
0.361986
-0.345667
-0.288516
-0.238535
-0.188014
-0.139183
-0.086538
-0.032425
0.022032
0.084826
0.149150
0.221725
0.294544
-0.282732
-0.222123
-0.172839
-0.116793
-0.071048
-0.016589
0.034259
0.096731
0.152070
0.220899
0.285299
-0.286707
-0.232985
-0.186820
-0.136835
-0.085326
-0.032389
0.022583
0.081236
0.149907
0.215757
-0.222632
-0.167603
-0.118298
-0.066225
-0.020572
0.036878
0.091183
0.151678
0.212320
-0.232060
-0.180548
-0.136838
-0.083473
-0.031151
0.019156
0.082229
0.142405
-0.165611
-0.116438
-0.065683
-0.021313
0.034439
0.088354
0.145501
-0.180813
-0.132392
-0.083430
-0.032193
0.020057
0.074399
-0.108472
-0.069899
-0.016153
0.026965
0.089645
-0.133601
-0.081957
-0.031443
0.013706
-0.051319
-0.028896
0.040645
-0.089253
-0.040015
0.015120
-1.417714
-1.430294
-1.416781
-1.422098
-1.414014
-1.419987
-1.423109
-1.423042
-1.429201
-1.432255
-1.433579
-1.429192
-1.423720
-1.405158
-1.378942
-1.339987
-1.288922
-1.225564
-1.151058
-1.073871
-0.989337
-0.910839
-0.836345
-1.393329
-1.405562
-1.390006
-1.397612
-1.395686
-1.397346
-1.401475
-1.412250
-1.414878
-1.425381
-1.429842
-1.434192
-1.426141
-1.419714
-1.390637
-1.360900
-1.303593
-1.250093
-1.164775
-1.098467
-0.999525
-0.930867
-1.378932
-1.384096
-1.377879
-1.371597
-1.375519
-1.380778
-1.385263
-1.393758
-1.407950
-1.415228
-1.425880
-1.431899
-1.431154
-1.421300
-1.399964
-1.366980
-1.313698
-1.253687
-1.173325
-1.095035
-0.999525
-1.364969
-1.342092
-1.346219
-1.346637
-1.344775
-1.353475
-1.365042
-1.376569
-1.389977
-1.409030
-1.418665
-1.431384
-1.431140
-1.429467
-1.402981
-1.377240
-1.317586
-1.262183
-1.173325
-1.098467
-1.325907
-1.329060
-1.312380
-1.317520
-1.324256
-1.328758
-1.343598
-1.360669
-1.378953
-1.395958
-1.415143
-1.426836
-1.430608
-1.427632
-1.406001
-1.373991
-1.317586
-1.253687
-1.164775
-1.294567
-1.283784
-1.290884
-1.283396
-1.294588
-1.308335
-1.323789
-1.344017
-1.367718
-1.391600
-1.408347
-1.428602
-1.430882
-1.431178
-1.406001
-1.377241
-1.313698
-1.250093
-1.269438
-1.257184
-1.254707
-1.264167
-1.270866
-1.285248
-1.310119
-1.332243
-1.358129
-1.385151
-1.407514
-1.423672
-1.430882
-1.427632
-1.402981
-1.366980
-1.303593
-1.233316
-1.230296
-1.231195
-1.233611
-1.255264
-1.270941
-1.295565
-1.326193
-1.354987
-1.383966
-1.407514
-1.428602
-1.430608
-1.429467
-1.399964
-1.360901
-1.208003
-1.200754
-1.212271
-1.219165
-1.236064
-1.262620
-1.291718
-1.320508
-1.354988
-1.385151
-1.408347
-1.426836
-1.431140
-1.421300
-1.390638
-1.190335
-1.185128
-1.192214
-1.209156
-1.232587
-1.255641
-1.291718
-1.326193
-1.358129
-1.391600
-1.415143
-1.431384
-1.431155
-1.419714
-1.168305
-1.173945
-1.188587
-1.200344
-1.232587
-1.262620
-1.295566
-1.332244
-1.367718
-1.395958
-1.418665
-1.431900
-1.426142
-1.166492
-1.165491
-1.188587
-1.209156
-1.236064
-1.270941
-1.310119
-1.344017
-1.378953
-1.409030
-1.425880
-1.434193
-1.166492
-1.173945
-1.192214
-1.219165
-1.255264
-1.285248
-1.323789
-1.360670
-1.389977
-1.415228
-1.429842
-1.168305
-1.185128
-1.212271
-1.233611
-1.270867
-1.308336
-1.343598
-1.376570
-1.407950
-1.425381
-1.190336
-1.200754
-1.231195
-1.264167
-1.294589
-1.328759
-1.365043
-1.393759
-1.414879
-1.208004
-1.230296
-1.254707
-1.283396
-1.324256
-1.353475
-1.385264
-1.412251
-1.233316
-1.257185
-1.290884
-1.317520
-1.344776
-1.380779
-1.401476
-1.269439
-1.283784
-1.312380
-1.346638
-1.375520
-1.397347
-1.294568
-1.329061
-1.346220
-1.371598
-1.395687
-1.325908
-1.342092
-1.377880
-1.397613
-1.364970
-1.384097
-1.390007
-1.378933
-1.405564
-1.393330
-1.411130
-1.414821
-1.359495
-1.341839
-1.310882
-1.277604
-1.241844
-1.220471
-1.188034
-1.172208
-1.164412
-1.150360
-1.164412
-1.172207
-1.188033
-1.220470
-1.241843
-1.277603
-1.310881
-1.341838
-1.359494
-1.414820
-1.411129
-1.417713
-1.430293
-1.416781
-1.422098
-1.414015
-1.419986
-1.423110
-1.423041
-1.429204
-1.432254
-1.433583
-1.429191
-1.423724
-1.405155
-1.378947
-1.339982
-1.288927
-1.225556
-1.151065
-1.073859
-0.989346
-0.910820
-0.836358
-1.393331
-1.405564
-1.390009
-1.397614
-1.395689
-1.397349
-1.401480
-1.412254
-1.414883
-1.425385
-1.429848
-1.434196
-1.426148
-1.419718
-1.390644
-1.360905
-1.303601
-1.250098
-1.164785
-1.098472
-0.999537
-0.930874
-1.378933
-1.384097
-1.377881
-1.371599
-1.375523
-1.380780
-1.385268
-1.393760
-1.407954
-1.415229
-1.425885
-1.431900
-1.431160
-1.421299
-1.399970
-1.366976
-1.313705
-1.253679
-1.173334
-1.095023
-0.999537
-1.364971
-1.342093
-1.346222
-1.346640
-1.344779
-1.353478
-1.365047
-1.376573
-1.389982
-1.409034
-1.418671
-1.431388
-1.431146
-1.429471
-1.402988
-1.377245
-1.317593
-1.262188
-1.173334
-1.098472
-1.325908
-1.329061
-1.312382
-1.317522
-1.324259
-1.328760
-1.343602
-1.360672
-1.378958
-1.395960
-1.415148
-1.426836
-1.430614
-1.427631
-1.406007
-1.373987
-1.317593
-1.253679
-1.164785
-1.294569
-1.283785
-1.290887
-1.283398
-1.294592
-1.308339
-1.323794
-1.344021
-1.367723
-1.391604
-1.408353
-1.428606
-1.430888
-1.431182
-1.406007
-1.377244
-1.313705
-1.250097
-1.269439
-1.257186
-1.254709
-1.264169
-1.270870
-1.285250
-1.310124
-1.332246
-1.358134
-1.385152
-1.407519
-1.423672
-1.430888
-1.427630
-1.402988
-1.366976
-1.303601
-1.233317
-1.230297
-1.231197
-1.233614
-1.255267
-1.270944
-1.295570
-1.326197
-1.354992
-1.383970
-1.407519
-1.428606
-1.430614
-1.429471
-1.399970
-1.360904
-1.208004
-1.200755
-1.212273
-1.219167
-1.236068
-1.262622
-1.291723
-1.320510
-1.354992
-1.385152
-1.408353
-1.426836
-1.431146
-1.421298
-1.390644
-1.190337
-1.185129
-1.192216
-1.209158
-1.232591
-1.255644
-1.291723
-1.326197
-1.358134
-1.391604
-1.415148
-1.431388
-1.431160
-1.419717
-1.168305
-1.173946
-1.188589
-1.200346
-1.232591
-1.262622
-1.295570
-1.332245
-1.367723
-1.395959
-1.418670
-1.431899
-1.426147
-1.166493
-1.165492
-1.188589
-1.209159
-1.236067
-1.270944
-1.310123
-1.344021
-1.378957
-1.409033
-1.425885
-1.434195
-1.166493
-1.173946
-1.192216
-1.219166
-1.255267
-1.285250
-1.323793
-1.360671
-1.389981
-1.415229
-1.429847
-1.168305
-1.185129
-1.212273
-1.233613
-1.270869
-1.308338
-1.343602
-1.376572
-1.407953
-1.425384
-1.190336
-1.200755
-1.231197
-1.264168
-1.294591
-1.328760
-1.365046
-1.393760
-1.414882
-1.208004
-1.230297
-1.254708
-1.283397
-1.324258
-1.353477
-1.385267
-1.412253
-1.233316
-1.257185
-1.290886
-1.317521
-1.344778
-1.380779
-1.401479
-1.269439
-1.283785
-1.312381
-1.346639
-1.375521
-1.397348
-1.294568
-1.329061
-1.346221
-1.371598
-1.395688
-1.325907
-1.342092
-1.377880
-1.397613
-1.364970
-1.384096
-1.390008
-1.378932
-1.405563
-1.393330
0.984958
0.952509
0.944803
0.908747
0.882224
0.842212
0.808812
0.771560
0.736298
0.714142
0.688631
0.694271
0.688631
0.714143
0.736298
0.771560
0.808812
0.842213
0.882224
0.908747
0.944804
0.952509
0.984959
0.982490
0.973484
0.977815
0.982947
0.976684
0.980299
0.982056
0.990005
0.988790
1.000449
1.000208
1.006871
1.004268
1.006187
0.993539
0.987310
0.965852
0.944776
0.915878
0.883872
0.843433
0.807518
0.755753
0.972880
0.977489
0.958880
0.963934
0.961378
0.967487
0.965307
0.977005
0.981032
0.989384
0.996410
1.002386
1.004305
1.003108
1.000262
0.983637
0.974581
0.943270
0.924275
0.879205
0.854347
0.795680
0.947892
0.938608
0.941129
0.938963
0.935677
0.946243
0.948803
0.960658
0.968078
0.983805
0.988130
1.002463
1.003758
1.007514
1.002091
0.994358
0.975821
0.955402
0.927002
0.891563
0.854347
0.921841
0.925983
0.906039
0.918001
0.912425
0.922351
0.928885
0.944799
0.954147
0.971380
0.983696
0.993171
1.003235
1.002882
1.002887
0.988792
0.979318
0.946574
0.927002
0.879205
0.891770
0.887351
0.883755
0.882316
0.887406
0.900627
0.908035
0.930044
0.943250
0.964458
0.977818
0.995531
1.000626
1.008542
1.004435
0.995082
0.979318
0.955402
0.924275
0.860348
0.856314
0.846080
0.857391
0.855618
0.876154
0.888951
0.911826
0.932137
0.955317
0.972878
0.988709
1.001446
1.001302
1.004435
0.988792
0.975821
0.943271
0.823776
0.822140
0.814080
0.824832
0.833466
0.854448
0.873128
0.903527
0.923752
0.954067
0.972024
0.991443
1.001446
1.008542
1.002887
0.994358
0.974582
0.785825
0.784896
0.781552
0.795796
0.807289
0.836681
0.859338
0.893716
0.921027
0.947970
0.972024
0.988709
1.000626
1.002882
1.002091
0.983637
0.752584
0.755861
0.753281
0.776083
0.791840
0.827434
0.855023
0.892663
0.921027
0.954067
0.972878
0.995531
1.003235
1.007514
1.000262
0.719612
0.725891
0.732395
0.757562
0.782731
0.820821
0.855023
0.893716
0.923753
0.955318
0.977818
0.993171
1.003758
1.003108
0.699062
0.713326
0.720916
0.756869
0.782731
0.827434
0.859338
0.903527
0.932137
0.964458
0.983696
1.002463
1.004305
0.684561
0.703342
0.720917
0.757562
0.791840
0.836681
0.873128
0.911826
0.943250
0.971380
0.988130
1.002386
0.684561
0.713326
0.732395
0.776083
0.807289
0.854449
0.888951
0.930044
0.954148
0.983805
0.996411
0.699062
0.725891
0.753281
0.795796
0.833466
0.876155
0.908036
0.944799
0.968079
0.989384
0.719612
0.755861
0.781552
0.824832
0.855619
0.900627
0.928886
0.960658
0.981032
0.752584
0.784896
0.814080
0.857392
0.887406
0.922351
0.948803
0.977006
0.785826
0.822140
0.846080
0.882316
0.912425
0.946243
0.965307
0.823776
0.856315
0.883755
0.918001
0.935677
0.967487
0.860348
0.887351
0.906039
0.938963
0.961379
0.891771
0.925983
0.941129
0.963935
0.921842
0.938608
0.958880
0.947892
0.977489
0.972881
0.982563
0.973483
0.978009
0.982981
0.976663
0.980678
0.981996
0.990016
0.989077
1.000535
0.999944
1.007396
1.004045
1.006235
0.993646
0.987482
0.965498
0.945263
0.915595
0.884051
0.843357
0.807799
0.755468
0.972809
0.977437
0.958671
0.964070
0.961101
0.967312
0.965413
0.976895
0.980641
0.989783
0.996085
1.002286
1.004414
1.003150
0.999845
0.984093
0.974248
0.943323
0.924236
0.879312
0.854019
0.795950
0.947973
0.938760
0.941153
0.938990
0.935999
0.946290
0.948621
0.961199
0.967876
0.983804
0.988368
1.002581
1.003359
1.008126
1.001744
0.994485
0.975838
0.955608
0.926636
0.892067
0.854019
0.921685
0.925912
0.906039
0.917859
0.912082
0.922680
0.928547
0.944638
0.954328
0.971348
0.983229
0.993728
1.002836
1.002885
1.002953
0.988878
0.978913
0.947029
0.926636
0.879312
0.891944
0.887363
0.883758
0.882722
0.887300
0.900606
0.908362
0.930104
0.942872
0.965142
0.977452
0.995591
1.000774
1.008688
1.003998
0.995702
0.978913
0.955608
0.924236
0.860174
0.856434
0.845787
0.857234
0.855764
0.876059
0.888507
0.912386
0.931724
0.955246
0.973061
0.988734
1.000973
1.001900
1.003998
0.988878
0.975838
0.943323
0.823849
0.822163
0.814387
0.824854
0.833219
0.855063
0.872818
0.903527
0.924015
0.954154
0.971538
0.992185
1.000973
1.008688
1.002953
0.994485
0.974248
0.785762
0.784789
0.781230
0.796180
0.806939
0.836561
0.859577
0.893682
0.920523
0.948656
0.971538
0.988734
1.000774
1.002885
1.001744
0.984093
0.752635
0.756174
0.753148
0.776055
0.792123
0.827479
0.854548
0.893442
0.920522
0.954154
0.973061
0.995591
1.002836
1.008126
0.999845
0.719426
0.725786
0.732543
0.757515
0.782291
0.821465
0.854548
0.893682
0.924014
0.955246
0.977452
0.993728
1.003359
1.003150
0.699207
0.713364
0.720610
0.757486
0.782291
0.827479
0.859577
0.903527
0.931724
0.965142
0.983229
1.002581
1.004414
0.684407
0.703654
0.720610
0.757515
0.792123
0.836560
0.872818
0.912386
0.942872
0.971348
0.988368
1.002286
0.684407
0.713364
0.732543
0.776055
0.806939
0.855063
0.888506
0.930104
0.954327
0.983804
0.996085
0.699207
0.725786
0.753148
0.796180
0.833219
0.876059
0.908362
0.944638
0.967876
0.989783
0.719426
0.756174
0.781229
0.824854
0.855763
0.900606
0.928547
0.961198
0.980641
0.752634
0.784789
0.814387
0.857233
0.887300
0.922679
0.948621
0.976895
0.785762
0.822163
0.845786
0.882722
0.912081
0.946289
0.965413
0.823849
0.856433
0.883758
0.917859
0.935999
0.967312
0.860174
0.887363
0.906039
0.938990
0.961101
0.891943
0.925911
0.941153
0.964070
0.921685
0.938760
0.958671
0.947972
0.977437
0.972809

