Tension at each vertex
0.009889
0.009890
0.009935
0.009936
-1.398868
0.959993
-1.398865
0.959993
-0.726539
-0.726495
0.730798
0.731220
-0.000205
-0.088282
-0.071278
-0.158828
-0.158590
-0.235516
-0.258772
-0.341845
-0.385728
-0.489569
-0.561370
-0.688337
-0.789510
-0.929783
-1.037124
-1.164117
-1.241065
-1.325853
-1.362497
-1.398471
-1.395682
-1.423023
-1.393293
-0.020917
-0.095400
-0.105915
-0.156789
-0.187480
-0.239978
-0.279376
-0.348916
-0.405789
-0.495777
-0.581588
-0.696362
-0.807179
-0.937542
-1.049996
-1.164615
-1.250219
-1.318844
-1.364524
-1.392487
-1.406217
-1.383750
-0.005383
-0.094959
-0.092098
-0.166756
-0.173622
-0.254408
-0.275055
-0.363832
-0.410130
-0.515915
-0.591033
-0.719657
-0.818017
-0.956842
-1.058649
-1.176400
-1.251234
-1.327943
-1.361933
-1.398463
-1.406218
-0.038958
-0.084538
-0.113273
-0.163133
-0.193013
-0.248487
-0.292777
-0.360671
-0.424179
-0.515844
-0.603436
-0.719665
-0.829703
-0.955744
-1.065806
-1.173843
-1.252570
-1.321924
-1.361929
-1.392486
-0.028575
-0.096229
-0.098218
-0.174293
-0.185172
-0.262752
-0.288383
-0.378894
-0.425774
-0.534881
-0.610043
-0.737737
-0.836041
-0.970400
-1.067495
-1.182890
-1.252573
-1.327943
-1.364525
-0.024822
-0.093696
-0.112778
-0.164908
-0.197857
-0.254899
-0.299604
-0.370871
-0.435759
-0.526926
-0.616741
-0.731435
-0.839251
-0.963669
-1.067490
-1.173843
-1.251229
-1.318843
-0.034597
-0.090677
-0.110163
-0.176313
-0.192514
-0.269682
-0.297756
-0.386940
-0.436472
-0.544101
-0.618479
-0.745146
-0.839255
-0.970400
-1.065809
-1.176401
-1.250220
-0.032713
-0.093299
-0.110242
-0.170586
-0.198990
-0.259356
-0.304398
-0.375832
-0.439335
-0.531528
-0.618475
-0.731435
-0.836035
-0.955743
-1.058642
-1.164613
-0.030157
-0.097408
-0.113442
-0.177266
-0.199662
-0.271423
-0.302821
-0.390425
-0.439339
-0.544102
-0.616744
-0.737739
-0.829706
-0.956845
-1.049997
-0.034824
-0.088967
-0.114552
-0.170553
-0.199557
-0.262673
-0.302819
-0.375831
-0.436467
-0.526925
-0.610036
-0.719663
-0.818009
-0.937540
-0.033989
-0.098776
-0.113609
-0.180372
-0.199559
-0.271424
-0.304398
-0.386944
-0.435760
-0.534886
-0.603438
-0.719662
-0.807179
-0.033515
-0.090435
-0.113609
-0.170553
-0.199658
-0.259358
-0.297749
-0.370870
-0.425767
-0.515842
-0.591024
-0.696360
-0.033516
-0.098777
-0.114550
-0.177271
-0.198987
-0.269687
-0.299605
-0.378900
-0.424180
-0.515923
-0.581588
-0.033985
-0.088971
-0.113435
-0.170589
-0.192507
-0.254899
-0.288373
-0.360670
-0.410119
-0.495775
-0.034817
-0.097415
-0.110238
-0.176318
-0.197854
-0.262763
-0.292776
-0.363842
-0.405789
-0.030150
-0.093302
-0.110155
-0.164912
-0.185158
-0.248486
-0.275042
-0.348913
-0.032706
-0.090687
-0.112769
-0.174305
-0.193012
-0.254421
-0.279375
-0.034582
-0.093704
-0.098206
-0.163133
-0.173604
-0.239978
-0.024811
-0.096240
-0.113267
-0.166776
-0.187477
-0.028561
-0.084546
-0.092074
-0.156787
-0.038940
-0.094982
-0.105913
-0.005364
-0.095395
-0.020907
-0.032200
-0.040523
-0.024102
-0.004524
-0.024583
-0.015760
-0.009804
-0.019112
-0.011002
-0.016076
-0.009622
-0.018097
-0.009622
-0.016070
-0.010996
-0.019105
-0.009795
-0.015744
-0.024577
-0.004505
-0.024089
-0.040503
-0.032190
0.064050
0.047002
0.143123
0.138702
0.230162
0.252798
0.339918
0.381139
0.471556
0.521666
0.611753
0.662840
0.743738
0.789273
0.851195
0.884421
0.926744
0.941892
0.966377
0.967638
0.977315
0.964541
0.959829
0.050005
0.053319
0.119828
0.156051
0.218168
0.268926
0.341792
0.397984
0.479690
0.539617
0.621610
0.680144
0.752762
0.800613
0.859843
0.888149
0.931507
0.942092
0.968448
0.963513
0.976468
0.970136
0.071087
0.056003
0.143941
0.154227
0.242961
0.266176
0.360265
0.398199
0.492267
0.541075
0.629919
0.679476
0.758861
0.798250
0.861566
0.888105
0.929744
0.942542
0.966755
0.967639
0.976475
0.037784
0.073507
0.125928
0.168881
0.233859
0.285439
0.357405
0.418495
0.495686
0.558904
0.637824
0.693856
0.765177
0.809550
0.864306
0.892696
0.932001
0.941912
0.966694
0.963530
0.050226
0.063238
0.147331
0.159857
0.249188
0.277667
0.370327
0.410470
0.506319
0.551532
0.642934
0.688789
0.766379
0.804502
0.865900
0.888562
0.932009
0.942563
0.968493
0.054881
0.068990
0.136074
0.177746
0.242262
0.296341
0.369390
0.429298
0.507510
0.570648
0.645434
0.702564
0.769749
0.811493
0.865867
0.892703
0.929724
0.942075
0.046724
0.073430
0.141312
0.168006
0.253147
0.283974
0.377639
0.418742
0.511988
0.558381
0.648373
0.690738
0.769753
0.804514
0.864329
0.888112
0.931502
0.048869
0.073930
0.144591
0.179054
0.251262
0.302289
0.375172
0.436317
0.513477
0.573409
0.648360
0.702567
0.766367
0.809545
0.861518
0.888200
0.052823
0.069625
0.143403
0.173171
0.252495
0.290478
0.379651
0.420211
0.513478
0.558387
0.645441
0.688801
0.765165
0.798314
0.859810
0.048550
0.081028
0.143453
0.183902
0.254850
0.302004
0.379647
0.436318
0.511981
0.570649
0.642904
0.693889
0.758804
0.800613
0.049836
0.070462
0.145545
0.171725
0.254850
0.290480
0.375171
0.418753
0.507497
0.551572
0.637800
0.679505
0.752784
0.050632
0.080242
0.145545
0.183902
0.252491
0.302294
0.377621
0.429317
0.506287
0.558909
0.629908
0.680137
0.050632
0.070463
0.143450
0.173180
0.251251
0.283995
0.369374
0.410491
0.495688
0.541100
0.621583
0.049833
0.081033
0.143392
0.179066
0.253130
0.296348
0.370314
0.418499
0.492225
0.539659
0.048541
0.069636
0.144581
0.168018
0.242254
0.277687
0.357384
0.398253
0.479656
0.052814
0.073936
0.141301
0.177756
0.249161
0.285464
0.360222
0.397995
0.048860
0.073444
0.136056
0.159885
0.233838
0.266206
0.341789
0.046707
0.069005
0.147308
0.168891
0.242939
0.268931
0.054865
0.063255
0.125916
0.154252
0.218148
0.050211
0.073519
0.143910
0.156071
0.037762
0.056034
0.119807
0.071064
0.053326
0.049989
-0.059147
-0.030759
-0.082677
-0.081993
-0.123888
-0.128562
-0.171847
-0.177475
-0.224635
-0.233075
-0.284254
-0.294814
-0.352002
-0.365601
-0.425392
-0.444469
-0.503585
-0.524223
-0.585939
-0.601800
-0.658474
-0.683310
-0.726726
-1.398473
-1.387654
-1.391789
-1.386037
-1.394481
-1.387647
-1.396818
-1.398780
-1.402664
-1.402876
-1.405997
-1.395817
-1.386256
-1.360098
-1.329217
-1.275962
-1.220567
-1.138141
-1.066203
-0.963922
-0.893206
-0.779674
-1.396927
-1.413370
-1.404677
-1.407625
-1.405624
-1.411765
-1.406191
-1.409335
-1.406387
-1.399107
-1.387313
-1.368684
-1.339068
-1.297990
-1.246257
-1.178874
-1.106157
-1.017760
-0.935297
-0.842015
-0.761169
-1.413334
-1.393981
-1.408603
-1.400449
-1.402454
-1.397348
-1.399135
-1.386470
-1.380238
-1.361129
-1.339042
-1.301284
-1.261998
-1.198507
-1.139805
-1.053539
-0.981956
-0.885287
-0.812281
-0.717243
-1.391379
-1.405110
-1.389054
-1.397920
-1.387942
-1.382664
-1.369685
-1.356821
-1.331125
-1.301609
-1.263058
-1.209845
-1.153626
-1.078986
-1.007692
-0.921043
-0.843212
-0.755413
-0.687794
-1.363456
-1.356093
-1.362290
-1.344576
-1.343190
-1.324415
-1.307149
-1.277382
-1.247908
-1.198244
-1.152764
-1.083929
-1.023374
-0.939882
-0.871586
-0.782104
-0.720964
-0.629003
-1.318091
-1.316728
-1.302894
-1.299284
-1.272844
-1.255434
-1.222209
-1.183781
-1.138508
-1.081365
-1.022482
-0.949967
-0.882845
-0.802345
-0.737742
-0.653632
-0.602389
-1.239551
-1.226784
-1.215331
-1.192460
-1.173678
-1.134605
-1.101894
-1.049638
-1.002493
-0.936513
-0.880199
-0.804833
-0.748021
-0.666791
-0.619919
-0.539404
-1.145257
-1.137588
-1.112705
-1.090594
-1.054477
-1.018848
-0.971174
-0.919123
-0.864937
-0.801260
-0.745318
-0.673884
-0.624959
-0.551968
-0.511691
-1.025481
-1.001656
-0.981322
-0.947262
-0.915227
-0.867843
-0.828470
-0.771052
-0.726310
-0.662033
-0.620867
-0.552096
-0.516924
-0.450475
-0.905081
-0.889354
-0.855639
-0.826914
-0.787142
-0.745620
-0.701033
-0.650338
-0.608958
-0.549869
-0.514460
-0.454416
-0.426340
-0.771610
-0.744782
-0.721531
-0.684051
-0.654675
-0.609658
-0.579993
-0.526752
-0.500685
-0.445149
-0.422665
-0.364941
-0.662701
-0.643997
-0.613222
-0.585196
-0.553265
-0.513461
-0.485728
-0.439814
-0.415702
-0.365281
-0.349605
-0.548057
-0.521179
-0.504265
-0.467576
-0.452848
-0.410273
-0.395652
-0.349605
-0.340200
-0.289028
-0.467502
-0.449845
-0.430147
-0.401656
-0.381695
-0.346936
-0.332425
-0.289111
-0.280664
-0.381490
-0.352523
-0.346276
-0.313476
-0.309367
-0.268146
-0.267707
-0.222820
-0.327290
-0.312840
-0.298655
-0.270665
-0.261934
-0.226847
-0.220860
-0.259903
-0.230348
-0.236423
-0.200945
-0.205218
-0.162670
-0.229503
-0.210336
-0.201036
-0.172703
-0.170266
-0.167654
-0.140169
-0.152537
-0.107674
-0.150966
-0.121851
-0.124881
-0.100289
-0.058154
-0.079879
0.064085
0.046967
0.143154
0.138665
0.230210
0.252743
0.339963
0.381109
0.471575
0.521624
0.611823
0.662747
0.743802
0.789250
0.851198
0.884387
0.926837
0.941798
0.966446
0.967640
0.977344
0.964509
0.959920
0.944300
0.934072
0.939085
0.945267
0.935861
0.942062
0.943745
0.950717
0.951398
0.962953
0.964327
0.970637
0.971506
0.973161
0.963850
0.959549
0.940784
0.923065
0.896530
0.868687
0.829550
0.799980
0.744689
0.040668
0.108270
0.094547
0.162813
0.159402
0.223948
0.229786
0.293712
0.307242
0.369328
0.387919
0.448626
0.468924
0.523757
0.547077
0.594701
0.611887
0.660201
0.670054
0.704480
0.721800
0.756665
0.094751
0.129189
0.157744
0.196665
0.227756
0.273473
0.304609
0.355729
0.386902
0.441174
0.470828
0.523543
0.552687
0.600955
0.622864
0.671570
0.684455
0.723384
0.739216
0.767854
0.764201
0.128613
0.200395
0.205294
0.271697
0.283447
0.349707
0.369372
0.433567
0.458883
0.518832
0.547924
0.601456
0.627302
0.678195
0.697283
0.737968
0.758981
0.786936
0.798527
0.829354
0.200609
0.228862
0.276582
0.317228
0.362657
0.408693
0.453545
0.502639
0.545448
0.593834
0.630132
0.678499
0.704873
0.746491
0.770033
0.800784
0.814610
0.846392
0.845672
0.238051
0.313319
0.330706
0.399146
0.425847
0.491328
0.523339
0.584155
0.616850
0.673230
0.700955
0.748419
0.774436
0.809132
0.828250
0.859414
0.866752
0.889472
0.317470
0.351613
0.413728
0.454953
0.512320
0.557440
0.609887
0.656246
0.699161
0.742005
0.777478
0.811343
0.836233
0.867045
0.878124
0.902544
0.909505
0.369665
0.441797
0.473483
0.542018
0.578072
0.641515
0.676120
0.732239
0.764109
0.807812
0.832902
0.868993
0.883039
0.909529
0.920481
0.934459
0.451958
0.493064
0.561142
0.603621
0.663662
0.706413
0.757310
0.793479
0.832661
0.864085
0.887453
0.911682
0.927279
0.940843
0.948553
0.512925
0.582520
0.622298
0.687431
0.724926
0.779125
0.811425
0.855708
0.876442
0.909380
0.924169
0.942557
0.951073
0.963608
0.596517
0.639374
0.706173
0.744191
0.800603
0.833719
0.873045
0.899016
0.926089
0.939915
0.955530
0.964950
0.967846
0.656747
0.720090
0.760856
0.815201
0.844776
0.887862
0.908775
0.934901
0.946995
0.963906
0.964484
0.973276
0.735456
0.772274
0.829365
0.860068
0.902702
0.920316
0.948326
0.958701
0.969010
0.972576
0.975515
0.784001
0.838372
0.868986
0.907126
0.927088
0.952903
0.957381
0.971528
0.970093
0.970742
0.849385
0.874467
0.919295
0.935352
0.959112
0.965847
0.977381
0.971176
0.971833
0.882348
0.920727
0.935354
0.960600
0.964965
0.971983
0.966996
0.966828
0.926313
0.941171
0.967465
0.966716
0.977976
0.971152
0.965112
0.941731
0.962411
0.965482
0.975137
0.962213
0.959339
0.968756
0.970106
0.976645
0.967021
0.965274
0.963835
0.973234
0.964230
0.955925
0.980429
0.967186
0.961431
0.957997
0.961052
0.978944
-0.018899
0.049445
0.049103
0.097802
0.107526
0.156210
0.172009
0.224210
0.241089
0.297248
0.316233
0.372941
0.391956
0.449443
0.466634
0.518666
0.537809
0.583325
0.593845
0.642521
0.646647
0.672295
0.683492
-0.612745
-0.540064
-0.456148
-0.387912
-0.329604
-0.273359
-0.224091
-0.179537
-0.134909
-0.092062
-0.046698
0.000366
0.050464
0.105244
0.163396
0.225476
0.292900
0.357567
0.429201
0.498723
0.560481
0.635229
-0.569409
-0.482783
-0.402418
-0.335485
-0.267732
-0.219663
-0.162305
-0.120680
-0.070123
-0.030023
0.020497
0.063955
0.120286
0.168782
0.233618
0.287071
0.358742
0.418434
0.489911
0.550225
0.627658
-0.556283
-0.472832
-0.394907
-0.336079
-0.276249
-0.227240
-0.180642
-0.136572
-0.092298
-0.047290
0.001225
0.051048
0.107543
0.165672
0.229955
0.297235
0.365325
0.437026
0.510495
0.577202
-0.501281
-0.419682
-0.340642
-0.278688
-0.219345
-0.170192
-0.118396
-0.076201
-0.026340
0.015576
0.069063
0.116725
0.176044
0.231544
0.297704
0.359243
0.433414
0.495881
0.570896
-0.485049
-0.409865
-0.339882
-0.282878
-0.228387
-0.183528
-0.136450
-0.093580
-0.046147
0.001467
0.053437
0.109410
0.170166
0.234551
0.304284
0.374695
0.447783
0.526903
-0.431421
-0.352443
-0.282816
-0.226362
-0.170598
-0.123629
-0.074510
-0.030185
0.018462
0.066232
0.121206
0.174655
0.237843
0.299130
0.368719
0.439284
0.510311
-0.416070
-0.348678
-0.284090
-0.232938
-0.183049
-0.138834
-0.092847
-0.047178
0.003043
0.053740
0.111957
0.172889
0.238920
0.310309
0.382080
0.459292
-0.359157
-0.290052
-0.228841
-0.175052
-0.124404
-0.077452
-0.029661
0.016120
0.067419
0.120030
0.176754
0.238055
0.303231
0.372169
0.446407
-0.350491
-0.288285
-0.232328
-0.184960
-0.137669
-0.094380
-0.046025
0.002458
0.055072
0.112250
0.175419
0.241251
0.314402
0.387802
-0.292233
-0.231935
-0.175655
-0.126213
-0.077216
-0.030401
0.016159
0.066722
0.120247
0.176201
0.238300
0.304056
0.374240
-0.287074
-0.232421
-0.182929
-0.137580
-0.092934
-0.046363
0.004184
0.054307
0.113952
0.175190
0.243797
0.314761
-0.231070
-0.177403
-0.125596
-0.078016
-0.029572
0.015131
0.066578
0.119208
0.175124
0.236500
0.302977
-0.230453
-0.181158
-0.136139
-0.093209
-0.045367
0.003192
0.055197
0.111632
0.176854
0.240559
-0.174096
-0.128233
-0.075575
-0.031538
0.016178
0.063724
0.119302
0.170799
0.234408
-0.179212
-0.133463
-0.092738
-0.045692
0.004421
0.052257
0.112778
0.171728
-0.121201
-0.079758
-0.025369
0.010877
0.067422
0.112682
0.171071
-0.131854
-0.090939
-0.045338
0.003021
0.052741
0.107134
-0.068289
-0.032957
0.020166
0.057269
0.118238
-0.091690
-0.046071
0.002157
0.047273
-0.014304
0.008501
0.071418
-0.054815
-0.006900
0.047483
-0.032199
-0.040522
-0.024102
-0.004523
-0.024583
-0.015759
-0.009803
-0.019112
-0.011002
-0.016075
-0.009621
-0.018096
-0.009621
-0.016069
-0.010995
-0.019104
-0.009794
-0.015743
-0.024576
-0.004504
-0.024088
-0.040502
-0.032189
-0.000244
-0.088245
-0.071305
-0.158805
-0.158610
-0.235498
-0.258790
-0.341830
-0.385742
-0.489559
-0.561381
-0.688331
-0.789521
-0.929780
-1.037134
-1.164117
-1.241074
-1.325854
-1.362504
-1.398471
-1.395684
-1.423019
-1.393292
-0.020907
-0.095394
-0.105913
-0.156786
-0.187476
-0.239977
-0.279374
-0.348913
-0.405789
-0.495774
-0.581587
-0.696359
-0.807180
-0.937540
-1.049997
-1.164614
-1.250220
-1.318842
-1.364524
-1.392484
-1.406215
-1.383746
-0.005363
-0.094981
-0.092073
-0.166775
-0.173603
-0.254420
-0.275041
-0.363841
-0.410118
-0.515922
-0.591023
-0.719661
-0.818009
-0.956845
-1.058642
-1.176401
-1.251228
-1.327942
-1.361927
-1.398460
-1.406214
-0.038939
-0.084545
-0.113266
-0.163132
-0.193011
-0.248485
-0.292775
-0.360669
-0.424179
-0.515841
-0.603438
-0.719663
-0.829706
-0.955743
-1.065809
-1.173843
-1.252573
-1.321923
-1.361931
-1.392485
-0.028560
-0.096239
-0.098205
-0.174304
-0.185157
-0.262762
-0.288372
-0.378899
-0.425766
-0.534885
-0.610035
-0.737739
-0.836035
-0.970401
-1.067491
-1.182891
-1.252570
-1.327943
-1.364523
-0.024810
-0.093703
-0.112768
-0.164911
-0.197853
-0.254898
-0.299604
-0.370870
-0.435759
-0.526925
-0.616744
-0.731434
-0.839255
-0.963670
-1.067495
-1.173844
-1.251234
-1.318845
-0.034581
-0.090687
-0.110154
-0.176317
-0.192506
-0.269686
-0.297748
-0.386943
-0.436466
-0.544101
-0.618474
-0.745146
-0.839251
-0.970400
-1.065807
-1.176401
-1.250220
-0.032705
-0.093301
-0.110237
-0.170588
-0.198986
-0.259357
-0.304397
-0.375830
-0.439338
-0.531528
-0.618479
-0.731435
-0.836041
-0.955745
-1.058649
-1.164617
-0.030149
-0.097414
-0.113434
-0.177270
-0.199657
-0.271422
-0.302818
-0.390425
-0.439335
-0.544100
-0.616741
-0.737737
-0.829704
-0.956843
-1.049997
-0.034816
-0.088970
-0.114549
-0.170552
-0.199558
-0.262672
-0.302820
-0.375831
-0.436472
-0.526925
-0.610042
-0.719665
-0.818017
-0.937543
-0.033984
-0.098776
-0.113608
-0.180371
-0.199556
-0.271422
-0.304397
-0.386939
-0.435758
-0.534881
-0.603436
-0.719657
-0.807179
-0.033515
-0.090434
-0.113608
-0.170552
-0.199661
-0.259355
-0.297755
-0.370871
-0.425774
-0.515843
-0.591033
-0.696362
-0.033514
-0.098775
-0.114551
-0.177265
-0.198989
-0.269681
-0.299603
-0.378893
-0.424179
-0.515915
-0.581587
-0.033988
-0.088966
-0.113441
-0.170585
-0.192513
-0.254898
-0.288382
-0.360670
-0.410130
-0.495777
-0.034823
-0.097407
-0.110241
-0.176312
-0.197855
-0.262751
-0.292776
-0.363831
-0.405788
-0.030156
-0.093298
-0.110162
-0.164907
-0.185171
-0.248486
-0.275054
-0.348915
-0.032712
-0.090676
-0.112777
-0.174292
-0.193012
-0.254407
-0.279375
-0.034596
-0.093695
-0.098217
-0.163132
-0.173621
-0.239977
-0.024821
-0.096228
-0.113272
-0.166755
-0.187479
-0.028574
-0.084538
-0.092097
-0.156788
-0.038957
-0.094958
-0.105914
-0.005382
-0.095399
-0.020916
0.064086
0.046967
0.143154
0.138666
0.230210
0.252744
0.339963
0.381109
0.471575
0.521624
0.611823
0.662747
0.743801
0.789250
0.851197
0.884386
0.926837
0.941798
0.966446
0.967640
0.977344
0.964509
0.959920
0.049989
0.053327
0.119807
0.156072
0.218149
0.268931
0.341790
0.397995
0.479656
0.539659
0.621583
0.680137
0.752784
0.800613
0.859810
0.888200
0.931502
0.942074
0.968493
0.963530
0.976475
0.970136
0.071065
0.056034
0.143911
0.154253
0.242940
0.266206
0.360222
0.398253
0.492225
0.541100
0.629908
0.679505
0.758804
0.798314
0.861518
0.888112
0.929724
0.942563
0.966694
0.967639
0.976468
0.037763
0.073519
0.125917
0.168892
0.233838
0.285464
0.357384
0.418499
0.495688
0.558909
0.637800
0.693888
0.765165
0.809545
0.864329
0.892702
0.932009
0.941912
0.966755
0.963513
0.050212
0.063256
0.147308
0.159886
0.249162
0.277688
0.370314
0.410491
0.506287
0.551572
0.642904
0.688801
0.766367
0.804514
0.865867
0.888561
0.932001
0.942541
0.968448
0.054866
0.069006
0.136057
0.177756
0.242255
0.296349
0.369375
0.429317
0.507497
0.570649
0.645441
0.702566
0.769753
0.811492
0.865900
0.892695
0.929744
0.942092
0.046708
0.073445
0.141302
0.168019
0.253131
0.283995
0.377621
0.418753
0.511981
0.558387
0.648359
0.690738
0.769749
0.804502
0.864306
0.888104
0.931507
0.048861
0.073937
0.144582
0.179066
0.251251
0.302295
0.375171
0.436318
0.513477
0.573408
0.648373
0.702564
0.766379
0.809550
0.861566
0.888148
0.052815
0.069637
0.143393
0.173180
0.252491
0.290481
0.379647
0.420211
0.513476
0.558380
0.645433
0.688789
0.765177
0.798249
0.859843
0.048542
0.081034
0.143450
0.183903
0.254850
0.302004
0.379651
0.436317
0.511988
0.570648
0.642934
0.693856
0.758860
0.800612
0.049834
0.070463
0.145546
0.171726
0.254850
0.290478
0.375172
0.418742
0.507510
0.551532
0.637823
0.679476
0.752761
0.050632
0.080242
0.145546
0.183902
0.252495
0.302289
0.377639
0.429298
0.506319
0.558904
0.629918
0.680144
0.050633
0.070462
0.143454
0.173172
0.251263
0.283974
0.369390
0.410470
0.495686
0.541075
0.621610
0.049837
0.081028
0.143404
0.179055
0.253147
0.296341
0.370327
0.418495
0.492267
0.539617
0.048551
0.069626
0.144592
0.168006
0.242262
0.277668
0.357405
0.398199
0.479690
0.052823
0.073931
0.141313
0.177746
0.249189
0.285440
0.360265
0.397984
0.048870
0.073430
0.136075
0.159857
0.233860
0.266176
0.341792
0.046725
0.068990
0.147332
0.168881
0.242962
0.268926
0.054881
0.063239
0.125928
0.154227
0.218168
0.050227
0.073508
0.143941
0.156051
0.037785
0.056003
0.119828
0.071088
0.053319
0.050006
-0.000204
-0.088281
-0.071277
-0.158827
-0.158589
-0.235515
-0.258771
-0.341844
-0.385727
-0.489569
-0.561370
-0.688337
-0.789511
-0.929783
-1.037124
-1.164118
-1.241065
-1.325852
-1.362496
-1.398470
-1.395680
-1.423020
-1.393290
-1.378624
-1.386156
-1.372628
-1.378232
-1.369159
-1.376767
-1.380366
-1.383762
-1.390799
-1.399807
-1.403261
-1.407112
-1.406287
-1.397106
-1.378357
-1.348154
-1.302866
-1.242799
-1.169577
-1.086349
-0.995508
-0.905910
-0.821293
-0.079879
-0.058154
-0.124880
-0.107673
-0.170265
-0.162670
-0.220859
-0.222819
-0.280663
-0.289027
-0.349604
-0.364941
-0.426340
-0.450475
-0.511690
-0.539404
-0.602389
-0.629003
-0.687794
-0.717243
-0.761169
-0.779674
-0.100288
-0.121851
-0.152536
-0.172702
-0.205217
-0.226846
-0.267706
-0.289110
-0.340199
-0.365280
-0.422665
-0.454415
-0.516924
-0.551968
-0.619919
-0.653631
-0.720964
-0.755413
-0.812281
-0.842015
-0.893206
-0.150965
-0.140168
-0.201035
-0.200944
-0.261933
-0.268145
-0.332425
-0.349604
-0.415701
-0.445149
-0.514459
-0.552096
-0.624958
-0.666791
-0.737742
-0.782105
-0.843212
-0.885287
-0.935298
-0.963922
-0.167653
-0.210335
-0.236422
-0.270664
-0.309366
-0.346935
-0.395651
-0.439814
-0.500684
-0.549869
-0.620866
-0.673884
-0.748021
-0.802345
-0.871586
-0.921044
-0.981956
-1.017760
-1.066204
-0.229502
-0.230347
-0.298654
-0.313475
-0.381694
-0.410273
-0.485728
-0.526751
-0.608957
-0.662033
-0.745318
-0.804834
-0.882845
-0.939883
-1.007692
-1.053540
-1.106157
-1.138141
-0.259902
-0.312839
-0.346276
-0.401655
-0.452848
-0.513460
-0.579993
-0.650338
-0.726310
-0.801260
-0.880199
-0.949968
-1.023375
-1.078987
-1.139806
-1.178874
-1.220568
-0.327289
-0.352522
-0.430147
-0.467576
-0.553265
-0.609658
-0.701033
-0.771052
-0.864938
-0.936513
-1.022483
-1.083930
-1.153627
-1.198508
-1.246258
-1.275963
-0.381489
-0.449844
-0.504264
-0.585196
-0.654675
-0.745620
-0.828470
-0.919123
-1.002494
-1.081366
-1.152765
-1.209846
-1.261999
-1.297991
-1.329217
-0.467502
-0.521178
-0.613222
-0.684051
-0.787142
-0.867844
-0.971174
-1.049639
-1.138509
-1.198245
-1.263059
-1.301285
-1.339069
-1.360099
-0.548057
-0.643997
-0.721531
-0.826914
-0.915228
-1.018849
-1.101895
-1.183782
-1.247909
-1.301610
-1.339043
-1.368685
-1.386257
-0.662701
-0.744782
-0.855639
-0.947262
-1.054478
-1.134606
-1.222210
-1.277383
-1.331126
-1.361130
-1.387313
-1.395818
-0.771610
-0.889354
-0.981322
-1.090594
-1.173679
-1.255435
-1.307150
-1.356822
-1.380239
-1.399108
-1.405998
-0.905081
-1.001657
-1.112706
-1.192460
-1.272845
-1.324415
-1.369686
-1.386470
-1.406387
-1.402876
-1.025481
-1.137588
-1.215331
-1.299284
-1.343190
-1.382665
-1.399136
-1.409336
-1.402665
-1.145258
-1.226785
-1.302894
-1.344577
-1.387943
-1.397349
-1.406191
-1.398780
-1.239552
-1.316728
-1.362290
-1.397920
-1.402454
-1.411765
-1.396818
-1.318091
-1.356093
-1.389054
-1.400449
-1.405624
-1.387647
-1.363455
-1.405110
-1.408602
-1.407624
-1.394481
-1.391378
-1.393980
-1.404676
-1.386036
-1.413333
-1.413369
-1.391788
-1.396926
-1.387653
-1.398471
-0.018898
0.049446
0.049104
0.097803
0.107526
0.156211
0.172009
0.224210
0.241089
0.297248
0.316233
0.372941
0.391956
0.449443
0.466634
0.518665
0.537809
0.583325
0.593845
0.642520
0.646647
0.672295
0.683492
0.978944
0.961052
0.961431
0.955925
0.965273
0.959339
0.965113
0.966828
0.971833
0.970742
0.975515
0.973276
0.967846
0.963608
0.948553
0.934459
0.909504
0.889472
0.845672
0.829354
0.764201
0.756665
0.957997
0.967186
0.964230
0.967021
0.962213
0.971151
0.966996
0.971176
0.970093
0.972575
0.964484
0.964950
0.951073
0.940843
0.920481
0.902544
0.866752
0.846392
0.798527
0.767854
0.721800
0.980429
0.973234
0.976645
0.975137
0.977976
0.971983
0.977381
0.971527
0.969010
0.963906
0.955530
0.942557
0.927279
0.909529
0.878124
0.859414
0.814610
0.786936
0.739216
0.704480
0.963835
0.970106
0.965481
0.966716
0.964965
0.965847
0.957381
0.958701
0.946995
0.939915
0.924168
0.911682
0.883039
0.867045
0.828250
0.800784
0.758981
0.723384
0.670053
0.968756
0.962411
0.967465
0.960599
0.959112
0.952902
0.948326
0.934901
0.926089
0.909380
0.887452
0.868993
0.836233
0.809132
0.770033
0.737967
0.684455
0.660201
0.941730
0.941171
0.935353
0.935352
0.927088
0.920315
0.908775
0.899016
0.876442
0.864085
0.832902
0.811343
0.774436
0.746491
0.697283
0.671570
0.611887
0.926312
0.920727
0.919294
0.907126
0.902702
0.887862
0.873045
0.855708
0.832661
0.807812
0.777478
0.748419
0.704873
0.678195
0.622864
0.594701
0.882348
0.874467
0.868985
0.860068
0.844776
0.833719
0.811425
0.793479
0.764108
0.742005
0.700955
0.678498
0.627302
0.600955
0.547077
0.849385
0.838372
0.829365
0.815201
0.800603
0.779124
0.757310
0.732239
0.699161
0.673229
0.630132
0.601456
0.552687
0.523757
0.784000
0.772274
0.760856
0.744191
0.724925
0.706413
0.676120
0.656246
0.616850
0.593834
0.547924
0.523543
0.468923
0.735456
0.720089
0.706173
0.687431
0.663662
0.641515
0.609887
0.584155
0.545448
0.518832
0.470828
0.448626
0.656747
0.639374
0.622298
0.603621
0.578071
0.557440
0.523339
0.502639
0.458883
0.441174
0.387919
0.596517
0.582520
0.561142
0.542018
0.512320
0.491328
0.453545
0.433566
0.386902
0.369328
0.512925
0.493064
0.473482
0.454953
0.425847
0.408693
0.369372
0.355729
0.307242
0.451958
0.441797
0.413728
0.399146
0.362657
0.349707
0.304609
0.293712
0.369665
0.351613
0.330707
0.317228
0.283447
0.273473
0.229787
0.317470
0.313319
0.276582
0.271697
0.227756
0.223948
0.238051
0.228862
0.205294
0.196665
0.159402
0.200610
0.200396
0.157745
0.162814
0.128613
0.129190
0.094547
0.094751
0.108271
0.040668
-0.059146
-0.030758
-0.082676
-0.081992
-0.123887
-0.128561
-0.171846
-0.177474
-0.224634
-0.233075
-0.284253
-0.294814
-0.352001
-0.365601
-0.425392
-0.444469
-0.503585
-0.524222
-0.585939
-0.601800
-0.658474
-0.683310
-0.726726
-0.647655
-0.562038
-0.464915
-0.403389
-0.324498
-0.271076
-0.211675
-0.166401
-0.113952
-0.074648
-0.024046
0.015423
0.069415
0.114104
0.173813
0.225747
0.291790
0.348080
0.423264
0.474071
0.554675
0.600222
0.669382
0.047483
-0.006899
0.071419
0.047273
0.118239
0.107134
0.171071
0.171729
0.234408
0.240560
0.302977
0.314761
0.374240
0.387802
0.446407
0.459292
0.510311
0.526903
0.570896
0.577202
0.627658
0.635229
-0.054814
0.008501
0.002157
0.057270
0.052742
0.112682
0.112779
0.170800
0.176855
0.236500
0.243797
0.304057
0.314402
0.372169
0.382080
0.439284
0.447783
0.495881
0.510495
0.550225
0.560480
-0.014303
-0.046071
0.020167
0.003022
0.067422
0.052257
0.119302
0.111632
0.175124
0.175190
0.238300
0.241251
0.303231
0.310309
0.368719
0.374695
0.433414
0.437026
0.489911
0.498723
-0.091689
-0.032957
-0.045337
0.010878
0.004422
0.063725
0.055197
0.119208
0.113952
0.176201
0.175419
0.238056
0.238920
0.299130
0.304284
0.359243
0.365325
0.418434
0.429201
-0.068288
-0.090939
-0.025369
-0.045692
0.016178
0.003192
0.066579
0.054307
0.120248
0.112250
0.176754
0.172889
0.237843
0.234552
0.297704
0.297235
0.358742
0.357567
-0.131853
-0.079757
-0.092737
-0.031537
-0.045366
0.015132
0.004185
0.066722
0.055072
0.120030
0.111957
0.174655
0.170166
0.231544
0.229955
0.287071
0.292900
-0.121200
-0.133462
-0.075574
-0.093209
-0.029572
-0.046362
0.016160
0.002459
0.067420
0.053740
0.121206
0.109410
0.176044
0.165672
0.233618
0.225476
-0.179211
-0.128232
-0.136138
-0.078015
-0.092934
-0.030401
-0.046024
0.016120
0.003044
0.066232
0.053437
0.116725
0.107543
0.168782
0.163396
-0.174095
-0.181157
-0.125596
-0.137579
-0.077216
-0.094380
-0.029661
-0.047178
0.018463
0.001468
0.069063
0.051048
0.120286
0.105244
-0.230452
-0.177402
-0.182928
-0.126212
-0.137668
-0.077451
-0.092846
-0.030185
-0.046147
0.015576
0.001225
0.063955
0.050464
-0.231069
-0.232420
-0.175655
-0.184959
-0.124403
-0.138834
-0.074510
-0.093579
-0.026340
-0.047290
0.020497
0.000366
-0.287074
-0.231935
-0.232327
-0.175051
-0.183049
-0.123628
-0.136450
-0.076201
-0.092298
-0.030023
-0.046698
-0.292232
-0.288284
-0.228841
-0.232937
-0.170597
-0.183528
-0.118396
-0.136572
-0.070123
-0.092062
-0.350490
-0.290051
-0.284089
-0.226361
-0.228387
-0.170192
-0.180641
-0.120680
-0.134909
-0.359156
-0.348677
-0.282815
-0.282877
-0.219344
-0.227239
-0.162305
-0.179537
-0.416069
-0.352442
-0.339882
-0.278688
-0.276249
-0.219663
-0.224091
-0.431421
-0.409864
-0.340642
-0.336079
-0.267732
-0.273359
-0.485049
-0.419682
-0.394906
-0.335485
-0.329603
-0.501281
-0.472831
-0.402418
-0.387912
-0.556282
-0.482783
-0.456148
-0.569409
-0.540064
-0.612744
-0.000245
-0.088246
-0.071306
-0.158806
-0.158611
-0.235499
-0.258790
-0.341831
-0.385742
-0.489560
-0.561381
-0.688331
-0.789520
-0.929779
-1.037132
-1.164116
-1.241072
-1.325852
-1.362503
-1.398473
-1.395689
-1.423025
-1.393296
-1.378627
-1.386159
-1.372631
-1.378234
-1.369163
-1.376768
-1.380370
-1.383761
-1.390802
-1.399803
-1.403264
-1.407104
-1.406290
-1.397094
-1.378360
-1.348138
-1.302871
-1.242779
-1.169584
-1.086324
-0.995521
-0.905874
-0.821312
-0.079885
-0.058183
-0.124892
-0.107704
-0.170270
-0.162702
-0.220864
-0.222848
-0.280667
-0.289058
-0.349605
-0.364972
-0.426342
-0.450506
-0.511693
-0.539437
-0.602393
-0.629035
-0.687800
-0.717274
-0.761176
-0.779701
-0.100296
-0.121823
-0.152535
-0.172680
-0.205218
-0.226822
-0.267709
-0.289088
-0.340202
-0.365259
-0.422669
-0.454393
-0.516929
-0.551945
-0.619924
-0.653607
-0.720969
-0.755388
-0.812285
-0.841987
-0.893214
-0.150966
-0.140198
-0.201041
-0.200969
-0.261940
-0.268170
-0.332428
-0.349629
-0.415705
-0.445172
-0.514462
-0.552120
-0.624962
-0.666815
-0.737746
-0.782129
-0.843217
-0.885309
-0.935307
-0.963940
-0.167656
-0.210312
-0.236425
-0.270646
-0.309366
-0.346919
-0.395654
-0.439796
-0.500688
-0.549852
-0.620870
-0.673867
-0.748025
-0.802327
-0.871590
-0.921023
-0.981961
-1.017736
-1.066210
-0.229507
-0.230370
-0.298657
-0.313497
-0.381698
-0.410292
-0.485732
-0.526771
-0.608961
-0.662052
-0.745322
-0.804852
-0.882849
-0.939900
-1.007698
-1.053554
-1.106164
-1.138154
-0.259903
-0.312824
-0.346277
-0.401640
-0.452850
-0.513447
-0.579995
-0.650325
-0.726312
-0.801247
-0.880202
-0.949953
-1.023378
-1.078970
-1.139810
-1.178856
-1.220571
-0.327293
-0.352540
-0.430151
-0.467593
-0.553269
-0.609674
-0.701038
-0.771067
-0.864942
-0.936527
-1.022487
-1.083942
-1.153631
-1.198519
-1.246262
-1.275972
-0.381491
-0.449833
-0.504265
-0.585185
-0.654676
-0.745610
-0.828472
-0.919113
-1.002496
-1.081355
-1.152767
-1.209834
-1.262001
-1.297977
-1.329218
-0.467505
-0.521193
-0.613226
-0.684065
-0.787146
-0.867857
-0.971178
-1.049650
-1.138513
-1.198255
-1.263063
-1.301294
-1.339072
-1.360106
-0.548058
-0.643988
-0.721532
-0.826906
-0.915229
-1.018841
-1.101897
-1.183774
-1.247910
-1.301602
-1.339045
-1.368675
-1.386257
-0.662704
-0.744794
-0.855642
-0.947273
-1.054481
-1.134615
-1.222214
-1.277392
-1.331130
-1.361138
-1.387317
-1.395824
-0.771611
-0.889348
-0.981323
-1.090589
-1.173680
-1.255430
-1.307152
-1.356816
-1.380241
-1.399101
-1.405998
-0.905084
-1.001666
-1.112709
-1.192469
-1.272848
-1.324423
-1.369690
-1.386478
-1.406391
-1.402882
-1.025481
-1.137585
-1.215332
-1.299281
-1.343192
-1.382662
-1.399138
-1.409334
-1.402667
-1.145260
-1.226792
-1.302897
-1.344584
-1.387947
-1.397358
-1.406197
-1.398787
-1.239552
-1.316726
-1.362290
-1.397919
-1.402460
-1.411768
-1.396822
-1.318094
-1.356099
-1.389058
-1.400460
-1.405634
-1.387657
-1.363456
-1.405111
-1.408609
-1.407633
-1.394488
-1.391383
-1.393992
-1.404687
-1.386047
-1.413338
-1.413377
-1.391795
-1.396933
-1.387661
-1.398475
-0.018920
0.049488
0.049092
0.097838
0.107518
0.156272
0.171988
0.224278
0.241113
0.297296
0.316258
0.373064
0.391948
0.449561
0.466735
0.518738
0.537875
0.583556
0.593834
0.642703
0.646809
0.672418
0.683530
0.979004
0.960970
0.961379
0.955964
0.965217
0.959165
0.965293
0.966651
0.971734
0.970849
0.975461
0.973028
0.968122
0.963399
0.948495
0.934528
0.909516
0.889223
0.845910
0.829168
0.764173
0.756614
0.957968
0.967304
0.964212
0.967013
0.962362
0.971171
0.966890
0.971466
0.969987
0.972578
0.964638
0.965014
0.950871
0.941199
0.920317
0.902608
0.866797
0.846545
0.798304
0.768183
0.721681
0.980434
0.973106
0.976749
0.975011
0.977891
0.972049
0.977319
0.971325
0.969210
0.963732
0.955445
0.942630
0.927267
0.909295
0.878350
0.859246
0.814579
0.786925
0.739275
0.704229
0.963910
0.970138
0.965428
0.966912
0.964919
0.965851
0.957529
0.958751
0.946860
0.940212
0.924061
0.911715
0.883123
0.867161
0.828057
0.801080
0.758864
0.723466
0.670060
0.968714
0.962422
0.967427
0.960447
0.959235
0.952766
0.948235
0.934958
0.926053
0.909179
0.887630
0.868847
0.836180
0.809142
0.770074
0.737747
0.684627
0.660054
0.941723
0.941184
0.935459
0.935398
0.927015
0.920539
0.908721
0.899038
0.876548
0.864172
0.832763
0.811598
0.774352
0.746545
0.697308
0.671712
0.611732
0.926372
0.920633
0.919226
0.907150
0.902658
0.887704
0.873160
0.855587
0.832590
0.807828
0.777486
0.748231
0.705015
0.678071
0.622849
0.594648
0.882321
0.874610
0.868968
0.860092
0.844874
0.833787
0.811344
0.793685
0.764065
0.742041
0.701008
0.678609
0.627179
0.601153
0.547018
0.849352
0.838265
0.829425
0.815106
0.800533
0.779132
0.757290
0.732087
0.699256
0.673127
0.630095
0.601423
0.552729
0.523589
0.784070
0.772324
0.760821
0.744341
0.724913
0.706446
0.676187
0.656331
0.616774
0.593998
0.547892
0.523595
0.468930
0.735406
0.720085
0.706141
0.687319
0.663713
0.641431
0.609835
0.584132
0.545457
0.518695
0.470899
0.448536
0.656749
0.639405
0.622361
0.603684
0.578037
0.557570
0.523334
0.502680
0.458912
0.441265
0.387854
0.596535
0.582455
0.561093
0.541997
0.512304
0.491221
0.453582
0.433493
0.386876
0.369279
0.512918
0.493157
0.473492
0.454989
0.425889
0.408763
0.369341
0.355829
0.307236
0.451933
0.441722
0.413738
0.399085
0.362619
0.349667
0.304609
0.293620
0.369703
0.351664
0.330701
0.317308
0.283457
0.273513
0.229803
0.317436
0.313287
0.276564
0.271625
0.227759
0.223895
0.238065
0.228897
0.205321
0.196718
0.159395
0.200601
0.200350
0.157715
0.162774
0.128618
0.129241
0.094559
0.094731
0.108223
0.040680
-0.059143
-0.030729
-0.082674
-0.081959
-0.123890
-0.128532
-0.171846
-0.177448
-0.224639
-0.233046
-0.284260
-0.294786
-0.352007
-0.365572
-0.425398
-0.444438
-0.503591
-0.524191
-0.585945
-0.601766
-0.658479
-0.683277
-0.726730
-0.647698
-0.561993
-0.464964
-0.403342
-0.324555
-0.271021
-0.211742
-0.166334
-0.114034
-0.074562
-0.024150
0.015525
0.069307
0.114209
0.173689
0.225903
0.291601
0.348280
0.423099
0.474215
0.554530
0.600489
0.669047
0.047450
-0.006903
0.071382
0.047280
0.118180
0.107137
0.171023
0.171701
0.234344
0.240558
0.302862
0.314734
0.374172
0.387708
0.446295
0.459283
0.510110
0.526841
0.570811
0.577053
0.627481
0.635272
-0.054824
0.008541
0.002139
0.057318
0.052740
0.112723
0.112787
0.170874
0.176848
0.236586
0.243843
0.304121
0.314450
0.372320
0.382082
0.439434
0.447886
0.495983
0.510546
0.550497
0.560406
-0.014343
-0.046066
0.020128
0.003011
0.067377
0.052254
0.119228
0.111622
0.175061
0.175140
0.238219
0.241234
0.303088
0.310274
0.368624
0.374598
0.433274
0.437037
0.489666
0.498723
-0.091697
-0.032926
-0.045340
0.010923
0.004413
0.063783
0.055211
0.119260
0.113977
0.176295
0.175424
0.238167
0.238976
0.299219
0.304332
0.359426
0.365301
0.418629
0.429249
-0.068321
-0.090940
-0.025416
-0.045695
0.016129
0.003169
0.066521
0.054291
0.120154
0.112229
0.176669
0.172831
0.237737
0.234538
0.297529
0.297225
0.358608
0.357512
-0.131862
-0.079720
-0.092738
-0.031499
-0.045358
0.015189
0.004187
0.066798
0.055096
0.120101
0.111989
0.174774
0.170165
0.231686
0.229989
0.287191
0.292917
-0.121236
-0.133471
-0.075615
-0.093219
-0.029632
-0.046375
0.016094
0.002426
0.067342
0.053720
0.121087
0.109395
0.175931
0.165631
0.233486
0.225487
-0.179212
-0.128197
-0.136140
-0.077967
-0.092927
-0.030349
-0.046008
0.016195
0.003049
0.066330
0.053457
0.116821
0.107562
0.168923
0.163375
-0.174134
-0.181163
-0.125642
-0.137595
-0.077270
-0.094396
-0.029739
-0.047192
0.018376
0.001439
0.068963
0.051040
0.120148
0.105246
-0.230453
-0.177369
-0.182923
-0.126166
-0.137665
-0.077388
-0.092837
-0.030115
-0.046133
0.015672
0.001220
0.064070
0.050469
-0.231106
-0.232430
-0.175705
-0.184969
-0.124464
-0.138852
-0.074582
-0.093594
-0.026436
-0.047297
0.020395
0.000349
-0.287074
-0.231896
-0.232325
-0.175004
-0.183042
-0.123566
-0.136448
-0.076120
-0.092294
-0.029939
-0.046694
-0.292272
-0.288294
-0.228890
-0.232949
-0.170663
-0.183537
-0.118472
-0.136586
-0.070207
-0.092068
-0.350490
-0.290012
-0.284089
-0.226309
-0.228385
-0.170131
-0.180637
-0.120606
-0.134914
-0.359198
-0.348684
-0.282868
-0.282887
-0.219407
-0.227249
-0.162380
-0.179541
-0.416071
-0.352402
-0.339882
-0.278637
-0.276249
-0.219601
-0.224094
-0.431462
-0.409871
-0.340694
-0.336086
-0.267794
-0.273366
-0.485051
-0.419641
-0.394908
-0.335435
-0.329605
-0.501322
-0.472837
-0.402469
-0.387919
-0.556288
-0.482742
-0.456150
-0.569448
-0.540072
-0.612752
-0.059143
-0.030728
-0.082673
-0.081958
-0.123890
-0.128531
-0.171846
-0.177447
-0.224638
-0.233045
-0.284259
-0.294785
-0.352007
-0.365571
-0.425398
-0.444438
-0.503591
-0.524191
-0.585945
-0.601766
-0.658479
-0.683277
-0.726730
-1.398469
-1.387653
-1.391785
-1.386035
-1.394476
-1.387646
-1.396815
-1.398781
-1.402662
-1.402879
-1.405996
-1.395822
-1.386256
-1.360104
-1.329217
-1.275971
-1.220570
-1.138154
-1.066210
-0.963939
-0.893214
-0.779701
-1.396926
-1.413367
-1.404676
-1.407621
-1.405624
-1.411760
-1.406192
-1.409329
-1.406388
-1.399099
-1.387314
-1.368673
-1.339071
-1.297976
-1.246261
-1.178855
-1.106164
-1.017736
-0.935306
-0.841987
-0.761176
-1.413333
-1.393987
-1.408606
-1.400458
-1.402458
-1.397356
-1.399137
-1.386476
-1.380239
-1.361136
-1.339043
-1.301292
-1.261999
-1.198518
-1.139809
-1.053554
-0.981961
-0.885309
-0.812285
-0.717274
-1.391383
-1.405114
-1.389063
-1.397924
-1.387950
-1.382664
-1.369690
-1.356815
-1.331128
-1.301600
-1.263062
-1.209833
-1.153630
-1.078969
-1.007697
-0.921023
-0.843217
-0.755388
-0.687800
-1.363459
-1.356105
-1.362296
-1.344589
-1.343195
-1.324425
-1.307152
-1.277391
-1.247910
-1.198255
-1.152767
-1.083942
-1.023378
-0.939900
-0.871590
-0.782129
-0.720969
-0.629035
-1.318097
-1.316730
-1.302901
-1.299284
-1.272850
-1.255431
-1.222214
-1.183774
-1.138512
-1.081354
-1.022487
-0.949953
-0.882849
-0.802327
-0.737746
-0.653607
-0.602393
-1.239554
-1.226795
-1.215335
-1.192471
-1.173682
-1.134616
-1.101897
-1.049651
-1.002496
-0.936527
-0.880202
-0.804852
-0.748025
-0.666815
-0.619924
-0.539437
-1.145262
-1.137587
-1.112711
-1.090590
-1.054482
-1.018842
-0.971179
-0.919113
-0.864942
-0.801247
-0.745322
-0.673867
-0.624962
-0.551945
-0.511693
-1.025483
-1.001667
-0.981324
-0.947274
-0.915230
-0.867857
-0.828472
-0.771067
-0.726312
-0.662052
-0.620870
-0.552120
-0.516929
-0.450506
-0.905085
-0.889349
-0.855643
-0.826907
-0.787146
-0.745610
-0.701038
-0.650325
-0.608961
-0.549852
-0.514462
-0.454392
-0.426342
-0.771611
-0.744794
-0.721532
-0.684065
-0.654676
-0.609674
-0.579995
-0.526771
-0.500687
-0.445172
-0.422669
-0.364972
-0.662704
-0.643988
-0.613226
-0.585185
-0.553268
-0.513447
-0.485732
-0.439796
-0.415704
-0.365258
-0.349605
-0.548058
-0.521193
-0.504265
-0.467593
-0.452849
-0.410292
-0.395653
-0.349629
-0.340202
-0.289057
-0.467504
-0.449832
-0.430150
-0.401639
-0.381698
-0.346918
-0.332427
-0.289088
-0.280666
-0.381490
-0.352539
-0.346277
-0.313497
-0.309366
-0.268169
-0.267709
-0.222847
-0.327292
-0.312823
-0.298657
-0.270645
-0.261939
-0.226822
-0.220864
-0.259902
-0.230369
-0.236424
-0.200968
-0.205217
-0.162701
-0.229506
-0.210312
-0.201040
-0.172679
-0.170269
-0.167655
-0.140197
-0.152534
-0.107703
-0.150966
-0.121822
-0.124891
-0.100295
-0.058182
-0.079885
0.064051
0.047003
0.143124
0.138703
0.230162
0.252798
0.339918
0.381139
0.471556
0.521666
0.611753
0.662840
0.743738
0.789273
0.851194
0.884420
0.926744
0.941891
0.966377
0.967637
0.977315
0.964541
0.959830
0.944334
0.934055
0.939188
0.945270
0.935806
0.942282
0.943669
0.950704
0.951582
0.962974
0.964146
0.971009
0.971332
0.973179
0.963980
0.959636
0.940535
0.923463
0.896319
0.868805
0.829552
0.800193
0.744457
0.040681
0.108223
0.094559
0.162775
0.159395
0.223896
0.229803
0.293620
0.307236
0.369279
0.387855
0.448537
0.468931
0.523589
0.547018
0.594648
0.611732
0.660054
0.670060
0.704229
0.721681
0.756614
0.094732
0.129242
0.157716
0.196719
0.227759
0.273513
0.304609
0.355830
0.386876
0.441265
0.470900
0.523595
0.552729
0.601154
0.622849
0.671712
0.684627
0.723466
0.739275
0.768183
0.764173
0.128619
0.200350
0.205321
0.271625
0.283458
0.349668
0.369341
0.433494
0.458912
0.518695
0.547892
0.601423
0.627179
0.678071
0.697308
0.737747
0.758864
0.786925
0.798304
0.829168
0.200601
0.228897
0.276564
0.317308
0.362620
0.408763
0.453582
0.502680
0.545457
0.593998
0.630095
0.678609
0.705015
0.746545
0.770074
0.801080
0.814579
0.846545
0.845910
0.238066
0.313287
0.330701
0.399086
0.425889
0.491222
0.523334
0.584132
0.616774
0.673127
0.701008
0.748231
0.774352
0.809142
0.828057
0.859246
0.866797
0.889223
0.317436
0.351664
0.413739
0.454989
0.512305
0.557570
0.609835
0.656331
0.699256
0.742041
0.777486
0.811598
0.836180
0.867161
0.878350
0.902608
0.909516
0.369704
0.441722
0.473492
0.541997
0.578037
0.641431
0.676187
0.732087
0.764065
0.807828
0.832763
0.868847
0.883123
0.909295
0.920317
0.934528
0.451933
0.493157
0.561093
0.603684
0.663713
0.706446
0.757290
0.793684
0.832590
0.864172
0.887630
0.911715
0.927267
0.941199
0.948495
0.512918
0.582455
0.622361
0.687319
0.724913
0.779132
0.811343
0.855587
0.876547
0.909179
0.924061
0.942630
0.950871
0.963399
0.596535
0.639405
0.706141
0.744341
0.800533
0.833787
0.873160
0.899038
0.926053
0.940212
0.955445
0.965014
0.968122
0.656749
0.720085
0.760821
0.815106
0.844874
0.887704
0.908721
0.934958
0.946860
0.963732
0.964638
0.973028
0.735406
0.772324
0.829425
0.860092
0.902658
0.920539
0.948235
0.958751
0.969210
0.972578
0.975462
0.784069
0.838265
0.868968
0.907150
0.927015
0.952766
0.957529
0.971325
0.969987
0.970849
0.849351
0.874610
0.919226
0.935398
0.959235
0.965851
0.977319
0.971466
0.971734
0.882321
0.920632
0.935459
0.960447
0.964919
0.972049
0.966890
0.966651
0.926372
0.941184
0.967426
0.966912
0.977891
0.971171
0.965294
0.941722
0.962422
0.965428
0.975011
0.962363
0.959165
0.968714
0.970138
0.976749
0.967013
0.965217
0.963909
0.973106
0.964212
0.955964
0.980434
0.967304
0.961379
0.957968
0.960970
0.979004
-0.018920
0.049489
0.049093
0.097838
0.107518
0.156272
0.171989
0.224278
0.241114
0.297297
0.316259
0.373065
0.391948
0.449561
0.466736
0.518738
0.537875
0.583556
0.593834
0.642703
0.646809
0.672418
0.683530
-0.612752
-0.540072
-0.456150
-0.387919
-0.329605
-0.273366
-0.224094
-0.179540
-0.134914
-0.092068
-0.046694
0.000349
0.050469
0.105246
0.163375
0.225487
0.292917
0.357512
0.429249
0.498723
0.560406
0.635272
-0.569448
-0.482742
-0.402469
-0.335435
-0.267794
-0.219601
-0.162380
-0.120606
-0.070207
-0.029939
0.020396
0.064070
0.120148
0.168923
0.233486
0.287191
0.358608
0.418629
0.489666
0.550497
0.627481
-0.556288
-0.472837
-0.394908
-0.336086
-0.276249
-0.227249
-0.180637
-0.136586
-0.092294
-0.047296
0.001220
0.051040
0.107562
0.165631
0.229989
0.297225
0.365301
0.437037
0.510546
0.577053
-0.501322
-0.419641
-0.340694
-0.278637
-0.219407
-0.170131
-0.118472
-0.076120
-0.026436
0.015672
0.068963
0.116821
0.175931
0.231687
0.297530
0.359426
0.433274
0.495983
0.570811
-0.485051
-0.409871
-0.339881
-0.282887
-0.228385
-0.183537
-0.136448
-0.093593
-0.046133
0.001439
0.053457
0.109395
0.170165
0.234538
0.304332
0.374598
0.447886
0.526841
-0.431462
-0.352402
-0.282868
-0.226309
-0.170662
-0.123566
-0.074581
-0.030114
0.018376
0.066331
0.121087
0.174774
0.237737
0.299219
0.368624
0.439434
0.510110
-0.416071
-0.348684
-0.284088
-0.232948
-0.183042
-0.138851
-0.092836
-0.047192
0.003049
0.053720
0.111990
0.172831
0.238977
0.310274
0.382082
0.459283
-0.359198
-0.290012
-0.228890
-0.175003
-0.124464
-0.077387
-0.029738
0.016196
0.067343
0.120101
0.176669
0.238167
0.303089
0.372321
0.446295
-0.350490
-0.288293
-0.232324
-0.184969
-0.137665
-0.094396
-0.046007
0.002426
0.055097
0.112229
0.175424
0.241234
0.314451
0.387708
-0.292272
-0.231895
-0.175704
-0.126165
-0.077270
-0.030349
0.016095
0.066798
0.120154
0.176295
0.238219
0.304121
0.374172
-0.287074
-0.232429
-0.182923
-0.137595
-0.092926
-0.046374
0.004187
0.054291
0.113978
0.175141
0.243844
0.314735
-0.231105
-0.177368
-0.125641
-0.077967
-0.029631
0.015190
0.066521
0.119260
0.175062
0.236587
0.302862
-0.230452
-0.181163
-0.136139
-0.093218
-0.045358
0.003170
0.055211
0.111622
0.176848
0.240558
-0.174133
-0.128196
-0.075614
-0.031499
0.016129
0.063784
0.119229
0.170875
0.234344
-0.179211
-0.133471
-0.092738
-0.045694
0.004413
0.052254
0.112787
0.171701
-0.121235
-0.079719
-0.025416
0.010924
0.067378
0.112723
0.171023
-0.131861
-0.090940
-0.045340
0.003012
0.052741
0.107138
-0.068320
-0.032925
0.020128
0.057319
0.118180
-0.091697
-0.046066
0.002139
0.047281
-0.014343
0.008542
0.071383
-0.054823
-0.006902
0.047451
-1.378626
-1.386157
-1.372628
-1.378233
-1.369159
-1.376768
-1.380366
-1.383762
-1.390799
-1.399807
-1.403261
-1.407111
-1.406287
-1.397105
-1.378356
-1.348153
-1.302865
-1.242798
-1.169576
-1.086349
-0.995508
-0.905909
-0.821293
-1.342434
-1.357593
-1.338187
-1.345548
-1.344859
-1.346306
-1.352277
-1.364770
-1.370075
-1.384185
-1.393501
-1.403393
-1.403638
-1.404983
-1.386175
-1.365416
-1.317306
-1.267278
-1.186145
-1.113010
-1.009465
-0.923259
-1.324463
-1.326200
-1.322584
-1.314984
-1.319213
-1.327592
-1.331339
-1.344788
-1.359115
-1.372261
-1.385760
-1.399400
-1.404992
-1.405544
-1.394311
-1.371441
-1.328467
-1.273544
-1.196944
-1.111528
-1.009465
-1.305897
-1.282256
-1.283468
-1.286734
-1.283398
-1.294733
-1.306815
-1.320597
-1.336903
-1.359223
-1.374008
-1.392791
-1.401540
-1.408638
-1.395789
-1.379904
-1.332619
-1.282344
-1.196944
-1.113010
-1.262246
-1.266490
-1.248642
-1.255800
-1.262203
-1.269927
-1.284491
-1.305588
-1.323735
-1.346800
-1.368538
-1.387925
-1.399687
-1.407244
-1.397954
-1.377767
-1.332619
-1.273544
-1.186145
-1.228224
-1.218636
-1.223809
-1.219047
-1.229703
-1.245982
-1.261409
-1.284826
-1.310131
-1.337322
-1.360008
-1.385780
-1.398365
-1.408741
-1.397954
-1.379904
-1.328467
-1.267278
-1.202553
-1.193200
-1.188981
-1.201850
-1.206687
-1.225867
-1.248399
-1.274567
-1.300690
-1.332597
-1.358177
-1.383084
-1.398365
-1.407244
-1.395789
-1.371441
-1.317305
-1.165862
-1.163760
-1.163621
-1.169852
-1.189796
-1.207802
-1.233332
-1.265306
-1.296315
-1.328879
-1.358177
-1.385780
-1.399687
-1.408637
-1.394310
-1.365416
-1.140575
-1.139910
-1.146041
-1.158449
-1.173106
-1.202856
-1.229213
-1.262923
-1.296315
-1.332597
-1.360008
-1.387925
-1.401540
-1.405544
-1.386175
-1.122197
-1.118998
-1.127376
-1.144937
-1.168090
-1.193669
-1.229213
-1.265305
-1.300690
-1.337322
-1.368538
-1.392790
-1.404992
-1.404982
-1.103082
-1.113551
-1.122517
-1.142199
-1.168090
-1.202856
-1.233332
-1.274567
-1.310131
-1.346799
-1.374007
-1.399399
-1.403638
-1.098367
-1.101966
-1.122517
-1.144937
-1.173106
-1.207802
-1.248398
-1.284826
-1.323735
-1.359223
-1.385760
-1.403393
-1.098367
-1.113551
-1.127376
-1.158448
-1.189796
-1.225866
-1.261409
-1.305588
-1.336903
-1.372261
-1.393501
-1.103082
-1.118998
-1.146040
-1.169852
-1.206687
-1.245981
-1.284491
-1.320597
-1.359115
-1.384184
-1.122197
-1.139909
-1.163620
-1.201850
-1.229702
-1.269927
-1.306815
-1.344787
-1.370075
-1.140575
-1.163759
-1.188981
-1.219047
-1.262202
-1.294733
-1.331339
-1.364770
-1.165862
-1.193200
-1.223808
-1.255800
-1.283398
-1.327592
-1.352276
-1.202552
-1.218636
-1.248642
-1.286734
-1.319213
-1.346306
-1.228224
-1.266490
-1.283468
-1.314984
-1.344859
-1.262246
-1.282256
-1.322584
-1.345548
-1.305898
-1.326200
-1.338187
-1.324464
-1.357594
-1.342435
-1.365663
-1.363979
-1.302466
-1.280675
-1.248357
-1.213792
-1.175895
-1.157314
-1.122837
-1.111282
-1.096986
-1.093931
-1.096986
-1.111282
-1.122837
-1.157315
-1.175896
-1.213793
-1.248358
-1.280675
-1.302465
-1.363978
-1.365661
-1.378623
-1.386154
-1.372625
-1.378227
-1.369155
-1.376761
-1.380364
-1.383755
-1.390798
-1.399799
-1.403261
-1.407102
-1.406288
-1.397093
-1.378359
-1.348137
-1.302870
-1.242778
-1.169583
-1.086323
-0.995521
-0.905874
-0.821312
-1.342436
-1.357594
-1.338190
-1.345549
-1.344862
-1.346306
-1.352280
-1.364771
-1.370079
-1.384185
-1.393505
-1.403393
-1.403643
-1.404982
-1.386181
-1.365417
-1.317314
-1.267280
-1.186157
-1.113015
-1.009482
-0.923268
-1.324464
-1.326199
-1.322584
-1.314982
-1.319213
-1.327589
-1.331340
-1.344784
-1.359117
-1.372255
-1.385763
-1.399391
-1.404995
-1.405532
-1.394314
-1.371425
-1.328473
-1.273522
-1.196955
-1.111500
-1.009482
-1.305898
-1.282255
-1.283468
-1.286733
-1.283399
-1.294732
-1.306817
-1.320597
-1.336906
-1.359223
-1.374011
-1.392790
-1.401544
-1.408637
-1.395794
-1.379904
-1.332626
-1.282346
-1.196954
-1.113015
-1.262246
-1.266489
-1.248642
-1.255798
-1.262203
-1.269924
-1.284492
-1.305583
-1.323737
-1.346793
-1.368540
-1.387916
-1.399690
-1.407231
-1.397958
-1.377750
-1.332626
-1.273522
-1.186157
-1.228224
-1.218636
-1.223809
-1.219047
-1.229704
-1.245981
-1.261411
-1.284826
-1.310133
-1.337322
-1.360011
-1.385779
-1.398368
-1.408740
-1.397958
-1.379904
-1.328473
-1.267280
-1.202552
-1.193199
-1.188982
-1.201848
-1.206688
-1.225863
-1.248400
-1.274563
-1.300692
-1.332590
-1.358179
-1.383074
-1.398368
-1.407231
-1.395794
-1.371424
-1.317313
-1.165862
-1.163759
-1.163621
-1.169852
-1.189797
-1.207802
-1.233333
-1.265305
-1.296318
-1.328878
-1.358179
-1.385779
-1.399689
-1.408636
-1.394313
-1.365416
-1.140575
-1.139908
-1.146041
-1.158447
-1.173108
-1.202853
-1.229214
-1.262918
-1.296317
-1.332590
-1.360011
-1.387915
-1.401543
-1.405531
-1.386180
-1.122197
-1.118998
-1.127377
-1.144937
-1.168091
-1.193669
-1.229214
-1.265305
-1.300691
-1.337321
-1.368539
-1.392789
-1.404994
-1.404981
-1.103082
-1.113550
-1.122517
-1.142197
-1.168091
-1.202853
-1.233333
-1.274563
-1.310133
-1.346793
-1.374010
-1.399390
-1.403642
-1.098367
-1.101966
-1.122518
-1.144937
-1.173108
-1.207802
-1.248400
-1.284825
-1.323736
-1.359222
-1.385761
-1.403391
-1.098368
-1.113550
-1.127377
-1.158447
-1.189797
-1.225864
-1.261411
-1.305583
-1.336905
-1.372254
-1.393503
-1.103082
-1.118998
-1.146042
-1.169852
-1.206688
-1.245981
-1.284491
-1.320596
-1.359115
-1.384182
-1.122197
-1.139909
-1.163621
-1.201848
-1.229704
-1.269924
-1.306816
-1.344782
-1.370076
-1.140575
-1.163760
-1.188982
-1.219047
-1.262203
-1.294732
-1.331338
-1.364768
-1.165863
-1.193199
-1.223809
-1.255798
-1.283399
-1.327588
-1.352277
-1.202552
-1.218636
-1.248642
-1.286733
-1.319212
-1.346303
-1.228225
-1.266489
-1.283468
-1.314981
-1.344859
-1.262246
-1.282255
-1.322583
-1.345545
-1.305898
-1.326198
-1.338187
-1.324462
-1.357591
-1.342434
0.945533
0.912349
0.904894
0.862683
0.839699
0.793256
0.762772
0.720861
0.689231
0.659906
0.644906
0.635034
0.644907
0.659907
0.689231
0.720861
0.762772
0.793257
0.839699
0.862684
0.904894
0.912349
0.945534
0.944300
0.934072
0.939085
0.945267
0.935861
0.942062
0.943745
0.950717
0.951398
0.962953
0.964327
0.970637
0.971506
0.973161
0.963850
0.959548
0.940784
0.923065
0.896530
0.868687
0.829550
0.799980
0.744689
0.936201
0.939308
0.918008
0.925732
0.922964
0.928115
0.927613
0.940047
0.943947
0.953288
0.961548
0.968414
0.971247
0.973147
0.970788
0.958276
0.950517
0.923530
0.906033
0.865687
0.840331
0.787421
0.904392
0.897740
0.898367
0.894906
0.893476
0.903941
0.906889
0.918247
0.928635
0.942511
0.950086
0.964233
0.968572
0.972941
0.971512
0.965523
0.950898
0.934012
0.907624
0.878209
0.840331
0.880559
0.881885
0.863933
0.875862
0.870058
0.880621
0.889254
0.904177
0.914944
0.933363
0.945952
0.957393
0.968397
0.971332
0.972185
0.963493
0.954358
0.928251
0.907624
0.865687
0.848159
0.841474
0.837121
0.835095
0.843614
0.853698
0.864830
0.885664
0.901729
0.921286
0.938609
0.955229
0.964222
0.973114
0.973059
0.966514
0.954358
0.934012
0.906033
0.814874
0.811307
0.802624
0.811868
0.812470
0.833878
0.847579
0.870449
0.892153
0.915597
0.933382
0.952024
0.964941
0.969419
0.973059
0.963493
0.950898
0.923530
0.779340
0.770970
0.767627
0.776217
0.788941
0.806898
0.831190
0.857920
0.881738
0.910247
0.931787
0.950590
0.964941
0.973114
0.972185
0.965523
0.950517
0.739717
0.740277
0.736731
0.750881
0.765949
0.794499
0.817375
0.852296
0.879216
0.907647
0.931787
0.952024
0.964222
0.971332
0.971512
0.958276
0.706379
0.702601
0.709724
0.726760
0.748343
0.780457
0.812607
0.846039
0.879216
0.910247
0.933382
0.955229
0.968397
0.972941
0.970788
0.675467
0.681185
0.687695
0.715272
0.740791
0.777765
0.812608
0.852296
0.881738
0.915597
0.938609
0.957393
0.968572
0.973147
0.651774
0.661247
0.678171
0.706145
0.740792
0.780457
0.817375
0.857920
0.892153
0.921286
0.945952
0.964234
0.971247
0.640910
0.656897
0.678171
0.715272
0.748343
0.794499
0.831190
0.870449
0.901729
0.933363
0.950086
0.968414
0.640910
0.661247
0.687695
0.726760
0.765949
0.806898
0.847579
0.885665
0.914944
0.942511
0.961548
0.651774
0.681185
0.709725
0.750881
0.788941
0.833878
0.864830
0.904177
0.928635
0.953288
0.675467
0.702601
0.736731
0.776217
0.812471
0.853698
0.889254
0.918247
0.943947
0.706379
0.740277
0.767627
0.811869
0.843614
0.880621
0.906889
0.940047
0.739717
0.770970
0.802625
0.835095
0.870058
0.903941
0.927613
0.779340
0.811307
0.837121
0.875862
0.893477
0.928115
0.814875
0.841474
0.863934
0.894906
0.922964
0.848159
0.881885
0.898367
0.925732
0.880559
0.897740
0.918008
0.904392
0.939308
0.936201
0.944334
0.934055
0.939188
0.945270
0.935806
0.942282
0.943669
0.950704
0.951582
0.962974
0.964146
0.971009
0.971332
0.973179
0.963980
0.959636
0.940535
0.923463
0.896319
0.868805
0.829552
0.800193
0.744457
0.936176
0.939292
0.917896
0.925846
0.922824
0.928034
0.927709
0.939975
0.943720
0.953561
0.961327
0.968329
0.971374
0.973116
0.970513
0.958600
0.950278
0.923509
0.906073
0.865705
0.840079
0.787636
0.904413
0.897820
0.898352
0.894890
0.893630
0.903938
0.906763
0.918568
0.928484
0.942499
0.950272
0.964264
0.968326
0.973372
0.971276
0.965582
0.950984
0.934130
0.907360
0.878633
0.840079
0.880496
0.881854
0.863964
0.875811
0.869895
0.880826
0.889064
0.904087
0.915086
0.933298
0.945687
0.957740
0.968140
0.971279
0.972302
0.963481
0.954083
0.928579
0.907360
0.865705
0.848225
0.841469
0.837081
0.835284
0.843526
0.853676
0.865012
0.885660
0.901525
0.921690
0.938384
0.955238
0.964382
0.973162
0.972783
0.966966
0.954083
0.934130
0.906073
0.814811
0.811384
0.802512
0.811811
0.812567
0.833812
0.847368
0.870745
0.891921
0.915519
0.933547
0.951971
0.964666
0.969794
0.972783
0.963481
0.950984
0.923509
0.779347
0.770960
0.767737
0.776203
0.788819
0.807191
0.831019
0.857901
0.881923
0.910247
0.931530
0.951039
0.964666
0.973162
0.972302
0.965582
0.950278
0.739716
0.740248
0.736617
0.751052
0.765788
0.794427
0.817527
0.852224
0.878979
0.908002
0.931530
0.951971
0.964382
0.971279
0.971276
0.958600
0.706371
0.702709
0.709650
0.726740
0.748482
0.780438
0.812413
0.846413
0.878979
0.910247
0.933547
0.955238
0.968140
0.973372
0.970513
0.675418
0.681154
0.687767
0.715219
0.740636
0.778021
0.812413
0.852224
0.881923
0.915519
0.938384
0.957740
0.968326
0.973116
0.651813
0.661235
0.678077
0.706360
0.740636
0.780438
0.817527
0.857901
0.891921
0.921689
0.945687
0.964264
0.971374
0.640873
0.656990
0.678077
0.715219
0.748482
0.794427
0.831019
0.870744
0.901525
0.933297
0.950272
0.968329
0.640873
0.661235
0.687768
0.726740
0.765788
0.807191
0.847368
0.885659
0.915086
0.942499
0.961327
0.651813
0.681154
0.709649
0.751052
0.788819
0.833811
0.865012
0.904087
0.928483
0.953561
0.675418
0.702709
0.736616
0.776204
0.812566
0.853676
0.889064
0.918568
0.943720
0.706371
0.740248
0.767737
0.811810
0.843526
0.880825
0.906763
0.939974
0.739716
0.770960
0.802512
0.835284
0.869894
0.903938
0.927709
0.779347
0.811383
0.837081
0.875811
0.893630
0.928033
0.814810
0.841469
0.863963
0.894890
0.922824
0.848225
0.881854
0.898352
0.925845
0.880496
0.897820
0.917896
0.904413
0.939292
0.936175

