Tension at each vertex
-0.032395
-0.032395
-0.032355
-0.032356
-1.432591
0.981860
-1.432589
0.981860
-0.747802
-0.747773
0.733321
0.733775
-0.030451
-0.129529
-0.104659
-0.200422
-0.194577
-0.277188
-0.296491
-0.382211
-0.421360
-0.524438
-0.590079
-0.712095
-0.805429
-0.939925
-1.040623
-1.165567
-1.241481
-1.330240
-1.368503
-1.411785
-1.412991
-1.446413
-1.419932
-0.053936
-0.127666
-0.141178
-0.192004
-0.224823
-0.277299
-0.316758
-0.385857
-0.440579
-0.527712
-0.608451
-0.718263
-0.821923
-0.947231
-1.054511
-1.167084
-1.252029
-1.323809
-1.372869
-1.404753
-1.423098
-1.407019
-0.038514
-0.136926
-0.126122
-0.209639
-0.209835
-0.297595
-0.312899
-0.405082
-0.446189
-0.551769
-0.619994
-0.745282
-0.835809
-0.969818
-1.065246
-1.181818
-1.254560
-1.334811
-1.370067
-1.413108
-1.423100
-0.071261
-0.115714
-0.148768
-0.196464
-0.230565
-0.283651
-0.330822
-0.396080
-0.459247
-0.547490
-0.632057
-0.743297
-0.848117
-0.969379
-1.074301
-1.180162
-1.257114
-1.328825
-1.370065
-1.404753
-0.061920
-0.138775
-0.132621
-0.218014
-0.221884
-0.307014
-0.326287
-0.421549
-0.462426
-0.572488
-0.640951
-0.766104
-0.856145
-0.986946
-1.077414
-1.190766
-1.257116
-1.334812
-1.372872
-0.057890
-0.123795
-0.148910
-0.197080
-0.236008
-0.289330
-0.338392
-0.405658
-0.472420
-0.559495
-0.647332
-0.756936
-0.860019
-0.978829
-1.077413
-1.180164
-1.254559
-1.323811
-0.068570
-0.133611
-0.145556
-0.220914
-0.229965
-0.314773
-0.336530
-0.430932
-0.474023
-0.583379
-0.650085
-0.774246
-0.860023
-0.986949
-1.074306
-1.181822
-1.252033
-0.066655
-0.123036
-0.146775
-0.202410
-0.237778
-0.293465
-0.343740
-0.410841
-0.477108
-0.564249
-0.650081
-0.756937
-0.856145
-0.969384
-1.065249
-1.167088
-0.064447
-0.140587
-0.149803
-0.222046
-0.237828
-0.317122
-0.342228
-0.434918
-0.477109
-0.583377
-0.647332
-0.766107
-0.848124
-0.969829
-1.054520
-0.069460
-0.118304
-0.151256
-0.202455
-0.238293
-0.296687
-0.342226
-0.410840
-0.474016
-0.559490
-0.640941
-0.743296
-0.835813
-0.947242
-0.068515
-0.142197
-0.150341
-0.225142
-0.238294
-0.317122
-0.343739
-0.430934
-0.472418
-0.572484
-0.632048
-0.745284
-0.821935
-0.068264
-0.119604
-0.150341
-0.202455
-0.237825
-0.293466
-0.336525
-0.405657
-0.462418
-0.547478
-0.619971
-0.718258
-0.068264
-0.142198
-0.151254
-0.222050
-0.237775
-0.314777
-0.338391
-0.421554
-0.459247
-0.551763
-0.608427
-0.068512
-0.118308
-0.149797
-0.202413
-0.229960
-0.289330
-0.326278
-0.396080
-0.446183
-0.527701
-0.069453
-0.140593
-0.146770
-0.220919
-0.236005
-0.307023
-0.330820
-0.405090
-0.440584
-0.064440
-0.123040
-0.145548
-0.197084
-0.221873
-0.283652
-0.312889
-0.385855
-0.066647
-0.133621
-0.148901
-0.218024
-0.230563
-0.297606
-0.316758
-0.068556
-0.123803
-0.132611
-0.196465
-0.209820
-0.277299
-0.057879
-0.138785
-0.148761
-0.209656
-0.224821
-0.061906
-0.115722
-0.126102
-0.192003
-0.071244
-0.136945
-0.141177
-0.038497
-0.127664
-0.053927
-0.064231
-0.079094
-0.054478
-0.045568
-0.053163
-0.057482
-0.037359
-0.060975
-0.038174
-0.057573
-0.036888
-0.059377
-0.036887
-0.057567
-0.038167
-0.060968
-0.037350
-0.057466
-0.053154
-0.045550
-0.054464
-0.079076
-0.064219
0.035666
0.009819
0.115162
0.105835
0.204658
0.225550
0.318621
0.361387
0.457647
0.511750
0.607414
0.664218
0.749337
0.800257
0.864834
0.901490
0.945544
0.961617
0.987154
0.989284
0.998124
0.986658
0.982675
0.017890
0.024111
0.089959
0.128669
0.192047
0.245960
0.322490
0.382385
0.469542
0.534067
0.621780
0.684615
0.762471
0.813092
0.876136
0.905516
0.950845
0.962497
0.988345
0.985070
0.998269
0.990935
0.040347
0.017720
0.115538
0.119920
0.217453
0.237860
0.339896
0.379086
0.480317
0.533375
0.628886
0.683454
0.768029
0.811726
0.877970
0.907443
0.949459
0.963681
0.988375
0.987782
0.998280
0.005828
0.045248
0.094921
0.143007
0.207021
0.264790
0.338095
0.405978
0.487112
0.556597
0.640529
0.701678
0.777275
0.824890
0.882263
0.912061
0.952988
0.961975
0.988302
0.985095
0.019275
0.023812
0.118576
0.124285
0.223459
0.248855
0.351197
0.391898
0.496931
0.545833
0.644890
0.695446
0.778381
0.820240
0.884449
0.908474
0.952996
0.963709
0.988384
0.022178
0.042233
0.104549
0.154039
0.215657
0.278017
0.351085
0.419781
0.500269
0.571376
0.649653
0.712580
0.782991
0.827736
0.884415
0.912071
0.949425
0.962495
0.015315
0.033985
0.112352
0.132123
0.228057
0.255584
0.359686
0.401238
0.504595
0.553937
0.652389
0.698328
0.782995
0.820254
0.882278
0.907466
0.950822
0.015768
0.048143
0.113613
0.156939
0.225067
0.285908
0.357680
0.428485
0.506821
0.575235
0.652376
0.712584
0.778363
0.824896
0.877904
0.905585
0.021138
0.030327
0.113778
0.137702
0.227523
0.262263
0.362313
0.403086
0.506821
0.553944
0.649655
0.695466
0.777251
0.811803
0.876089
0.015244
0.056102
0.113069
0.162249
0.229342
0.286295
0.362310
0.428487
0.504585
0.571385
0.644853
0.701718
0.767962
0.813106
0.017667
0.031003
0.115496
0.136498
0.229342
0.262267
0.357676
0.401252
0.500250
0.545875
0.640498
0.683492
0.762476
0.017752
0.055673
0.115495
0.162250
0.227517
0.285916
0.359665
0.419803
0.496895
0.556610
0.628863
0.684624
0.017752
0.031004
0.113065
0.137711
0.225053
0.255606
0.351066
0.391923
0.487103
0.533408
0.621740
0.017663
0.056108
0.113766
0.156952
0.228039
0.278029
0.351177
0.405992
0.480268
0.534116
0.015235
0.030338
0.113601
0.132136
0.215645
0.248878
0.338069
0.379141
0.469501
0.021129
0.048151
0.112338
0.154052
0.223431
0.264818
0.339850
0.382405
0.015757
0.034000
0.104530
0.124313
0.206996
0.237893
0.322476
0.015298
0.042249
0.118552
0.143022
0.217425
0.245974
0.022163
0.023830
0.094905
0.119947
0.192023
0.019259
0.045263
0.115508
0.128691
0.005807
0.017748
0.089937
0.040326
0.024122
0.017872
-0.090412
-0.069850
-0.117535
-0.117799
-0.161584
-0.163397
-0.211337
-0.212739
-0.266089
-0.268807
-0.327199
-0.331031
-0.394872
-0.401865
-0.466262
-0.479802
-0.541182
-0.556866
-0.619640
-0.631062
-0.688124
-0.709522
-0.753526
-1.427775
-1.415430
-1.421614
-1.415825
-1.423825
-1.416338
-1.424998
-1.424676
-1.427301
-1.424167
-1.424328
-1.409903
-1.395593
-1.364152
-1.329133
-1.270991
-1.214446
-1.131258
-1.063399
-0.963921
-0.903564
-0.793454
-1.420097
-1.438615
-1.428269
-1.431700
-1.429692
-1.433396
-1.427906
-1.427421
-1.423308
-1.411504
-1.397122
-1.373103
-1.340283
-1.294335
-1.239833
-1.171725
-1.099762
-1.015099
-0.938538
-0.852830
-0.779629
-1.431528
-1.411446
-1.428119
-1.417743
-1.420581
-1.413464
-1.414068
-1.399153
-1.390315
-1.368023
-1.342581
-1.301522
-1.258516
-1.194406
-1.134352
-1.050019
-0.983191
-0.890893
-0.826067
-0.736369
-1.404549
-1.418193
-1.401721
-1.410171
-1.399345
-1.391842
-1.378170
-1.361454
-1.334899
-1.301343
-1.260937
-1.205777
-1.148726
-1.074421
-1.006585
-0.923599
-0.852245
-0.770937
-0.711704
-1.370956
-1.362963
-1.369834
-1.350582
-1.349406
-1.328529
-1.310319
-1.279045
-1.246921
-1.197956
-1.149927
-1.082731
-1.023498
-0.943229
-0.879758
-0.795447
-0.741835
-0.653348
-1.320721
-1.319967
-1.306158
-1.300984
-1.274882
-1.255359
-1.221986
-1.182648
-1.136980
-1.079495
-1.023503
-0.951334
-0.889923
-0.812406
-0.755621
-0.674649
-0.632335
-1.239982
-1.226356
-1.216042
-1.192490
-1.173070
-1.135331
-1.100738
-1.051525
-1.004320
-0.941317
-0.887561
-0.816810
-0.764620
-0.687719
-0.648039
-0.570019
-1.145993
-1.138409
-1.113646
-1.091963
-1.055869
-1.021007
-0.975135
-0.923258
-0.873846
-0.810740
-0.761556
-0.691083
-0.651249
-0.578356
-0.546946
-1.028047
-1.005786
-0.984359
-0.952912
-0.920067
-0.876238
-0.837459
-0.784186
-0.741845
-0.681746
-0.645250
-0.579735
-0.550242
-0.485783
-0.913628
-0.899401
-0.865853
-0.837815
-0.800241
-0.759002
-0.719291
-0.667780
-0.634195
-0.573335
-0.547058
-0.485071
-0.465921
-0.785805
-0.761088
-0.736694
-0.702180
-0.672744
-0.631050
-0.603574
-0.553109
-0.530543
-0.477900
-0.459397
-0.402846
-0.685147
-0.667231
-0.637254
-0.608521
-0.580722
-0.538425
-0.517646
-0.468603
-0.452711
-0.398172
-0.392088
-0.574551
-0.549393
-0.531353
-0.496230
-0.482213
-0.441849
-0.428900
-0.384991
-0.378830
-0.327713
-0.500766
-0.482752
-0.464280
-0.433520
-0.417771
-0.379320
-0.372256
-0.322894
-0.324178
-0.415895
-0.387062
-0.379693
-0.347764
-0.344582
-0.303886
-0.306589
-0.261226
-0.365448
-0.350453
-0.337265
-0.305593
-0.302467
-0.261385
-0.263497
-0.296894
-0.265632
-0.272485
-0.235854
-0.242705
-0.199959
-0.268741
-0.248745
-0.240265
-0.208887
-0.210730
-0.203967
-0.174133
-0.188148
-0.142488
-0.188349
-0.160623
-0.162815
-0.134358
-0.090262
-0.115076
0.035699
0.009785
0.115195
0.105798
0.204705
0.225498
0.318670
0.361351
0.457679
0.511700
0.607493
0.664117
0.749417
0.800215
0.864858
0.901439
0.945661
0.961495
0.987256
0.989267
0.998179
0.986608
0.982806
0.967580
0.958504
0.962437
0.968327
0.960760
0.965418
0.967018
0.975025
0.974354
0.986326
0.986769
0.993731
0.992523
0.994941
0.983719
0.978631
0.958519
0.938860
0.911092
0.880762
0.840728
0.806995
0.753828
0.007613
0.079894
0.061355
0.134353
0.127434
0.197178
0.200995
0.270612
0.282905
0.351183
0.369645
0.435804
0.457177
0.516649
0.540942
0.592566
0.610985
0.661832
0.672353
0.710098
0.727027
0.762748
0.065330
0.095822
0.128505
0.168009
0.200092
0.250121
0.280220
0.337883
0.367635
0.428710
0.457807
0.516916
0.545577
0.599493
0.621298
0.673616
0.686905
0.728485
0.744380
0.773888
0.773282
0.097459
0.173169
0.173700
0.245294
0.254402
0.326711
0.346016
0.415656
0.442822
0.507510
0.539078
0.596827
0.625429
0.678846
0.700620
0.742968
0.765659
0.794545
0.808795
0.838836
0.173442
0.199909
0.250685
0.292920
0.340428
0.390217
0.437180
0.491316
0.535561
0.589763
0.627301
0.680195
0.707979
0.752891
0.776674
0.809714
0.824421
0.856718
0.857105
0.210681
0.289305
0.304784
0.377339
0.405173
0.475285
0.510054
0.575619
0.612097
0.671520
0.703890
0.752849
0.782264
0.817920
0.839652
0.870258
0.880284
0.903001
0.295754
0.328948
0.395691
0.438196
0.499654
0.548585
0.604615
0.654972
0.701372
0.747740
0.785040
0.822237
0.847514
0.880300
0.891532
0.917588
0.923799
0.349655
0.423999
0.457245
0.529547
0.569238
0.636232
0.676118
0.734760
0.771234
0.816693
0.845204
0.881473
0.898277
0.924330
0.937006
0.950783
0.438657
0.480019
0.553573
0.597781
0.663292
0.708961
0.763574
0.803431
0.844438
0.878679
0.902524
0.929067
0.943459
0.959389
0.965891
0.502771
0.574182
0.618492
0.686435
0.728664
0.785943
0.822482
0.868111
0.892335
0.925328
0.942027
0.960068
0.970326
0.981850
0.593822
0.637546
0.709735
0.750422
0.810691
0.846441
0.887989
0.916542
0.943348
0.959724
0.974145
0.985428
0.987018
0.657311
0.723026
0.768367
0.824883
0.858794
0.903235
0.926703
0.953055
0.967066
0.982718
0.985199
0.993283
0.742535
0.781013
0.842218
0.875214
0.919315
0.939294
0.967313
0.979327
0.988576
0.994658
0.995345
0.794183
0.850597
0.884479
0.924175
0.946761
0.972138
0.978310
0.991816
0.991248
0.991423
0.863637
0.890780
0.937425
0.954833
0.978450
0.987349
0.997042
0.993382
0.992772
0.899056
0.938491
0.955154
0.981239
0.986240
0.992588
0.989343
0.987685
0.944560
0.961428
0.987031
0.987584
0.998547
0.993028
0.985911
0.961519
0.982601
0.987697
0.996270
0.984322
0.981548
0.989266
0.990973
0.996498
0.989488
0.986251
0.984736
0.995516
0.986912
0.977403
1.001280
0.987877
0.983820
0.981502
0.983340
0.999126
-0.048886
0.012791
0.017979
0.066893
0.076905
0.129957
0.143435
0.201933
0.215688
0.279414
0.294904
0.359976
0.375996
0.440789
0.456294
0.514303
0.532449
0.582153
0.593177
0.643734
0.648401
0.676838
0.687948
-0.647078
-0.579189
-0.500936
-0.434632
-0.377620
-0.320838
-0.270753
-0.224360
-0.177746
-0.131953
-0.084118
-0.034315
0.018730
0.076424
0.138208
0.204323
0.275955
0.345144
0.420871
0.494223
0.560419
0.636457
-0.600860
-0.524230
-0.443534
-0.381068
-0.310953
-0.263864
-0.203365
-0.160808
-0.107342
-0.065697
-0.011677
0.034292
0.094746
0.146701
0.216011
0.272869
0.349531
0.411761
0.488356
0.549097
0.630387
-0.594063
-0.516174
-0.443008
-0.384646
-0.325633
-0.274637
-0.226975
-0.179947
-0.133118
-0.084946
-0.033704
0.019540
0.079369
0.141379
0.210357
0.281772
0.354754
0.430001
0.507072
0.577389
-0.537234
-0.461849
-0.383883
-0.323997
-0.262887
-0.212942
-0.158353
-0.114415
-0.061935
-0.017004
0.039813
0.091335
0.155042
0.214507
0.285258
0.350459
0.428626
0.493447
0.570981
-0.525630
-0.455770
-0.388724
-0.331536
-0.276770
-0.229389
-0.180440
-0.133751
-0.083729
-0.032762
0.022403
0.081743
0.146535
0.215143
0.289323
0.363600
0.440440
0.522530
-0.470209
-0.394274
-0.326571
-0.269538
-0.212905
-0.163181
-0.112671
-0.065216
-0.014259
0.037673
0.095713
0.154190
0.220674
0.286514
0.359451
0.433224
0.506858
-0.459619
-0.395554
-0.332439
-0.280160
-0.229416
-0.182182
-0.133544
-0.084353
-0.031510
0.022655
0.083960
0.148556
0.218910
0.293857
0.369637
0.450259
-0.399743
-0.330813
-0.271954
-0.215375
-0.164890
-0.114267
-0.066399
-0.015746
0.036968
0.095227
0.154415
0.221029
0.288366
0.362136
0.437900
-0.395785
-0.334619
-0.279208
-0.230126
-0.181494
-0.134481
-0.083706
-0.032066
0.023315
0.083473
0.150072
0.219606
0.296353
0.373298
-0.333420
-0.271025
-0.217325
-0.163222
-0.115882
-0.064346
-0.018089
0.038529
0.092806
0.155315
0.218013
0.289434
0.360610
-0.332785
-0.277109
-0.227859
-0.179761
-0.132932
-0.082779
-0.030318
0.022656
0.084540
0.148646
0.220868
0.294730
-0.272098
-0.214319
-0.165063
-0.112309
-0.066605
-0.015658
0.034900
0.094381
0.150184
0.217589
0.283886
-0.275220
-0.223723
-0.178704
-0.131779
-0.082100
-0.031032
0.022798
0.081070
0.149258
0.215619
-0.214115
-0.162820
-0.113394
-0.064514
-0.018966
0.035172
0.089759
0.148001
0.210442
-0.222353
-0.173626
-0.131707
-0.081104
-0.029995
0.019453
0.081971
0.142450
-0.159141
-0.113191
-0.062020
-0.020699
0.034810
0.085966
0.143795
-0.172823
-0.127736
-0.080615
-0.030785
0.020593
0.075117
-0.104210
-0.067266
-0.014245
0.026515
0.088424
-0.128847
-0.080065
-0.030727
0.014393
-0.048770
-0.026725
0.040092
-0.087785
-0.039341
0.015438
-0.064231
-0.079094
-0.054478
-0.045568
-0.053163
-0.057482
-0.037360
-0.060976
-0.038174
-0.057573
-0.036888
-0.059378
-0.036888
-0.057567
-0.038167
-0.060968
-0.037350
-0.057467
-0.053155
-0.045550
-0.054465
-0.079077
-0.064220
-0.030489
-0.129498
-0.104686
-0.200405
-0.194597
-0.277177
-0.296510
-0.382205
-0.421379
-0.524441
-0.590070
-0.712060
-0.805424
-0.939919
-1.040626
-1.165564
-1.241484
-1.330238
-1.368504
-1.411783
-1.412991
-1.446411
-1.419932
-0.053927
-0.127664
-0.141177
-0.192003
-0.224821
-0.277299
-0.316758
-0.385855
-0.440584
-0.527701
-0.608427
-0.718257
-0.821934
-0.947239
-1.054518
-1.167086
-1.252032
-1.323810
-1.372871
-1.404752
-1.423099
-1.407018
-0.038497
-0.136945
-0.126102
-0.209656
-0.209820
-0.297606
-0.312889
-0.405090
-0.446183
-0.551763
-0.619970
-0.745283
-0.835811
-0.969826
-1.065247
-1.181821
-1.254558
-1.334812
-1.370065
-1.413107
-1.423098
-0.071244
-0.115722
-0.148761
-0.196465
-0.230563
-0.283652
-0.330820
-0.396080
-0.459247
-0.547477
-0.632047
-0.743295
-0.848122
-0.969382
-1.074305
-1.180163
-1.257116
-1.328825
-1.370067
-1.404752
-0.061906
-0.138785
-0.132611
-0.218024
-0.221873
-0.307023
-0.326278
-0.421554
-0.462418
-0.572483
-0.640939
-0.766105
-0.856143
-0.986947
-1.077412
-1.190765
-1.257114
-1.334811
-1.372869
-0.057879
-0.123803
-0.148902
-0.197085
-0.236005
-0.289330
-0.338391
-0.405657
-0.472418
-0.559488
-0.647330
-0.756935
-0.860021
-0.978828
-1.077414
-1.180163
-1.254561
-1.323810
-0.068556
-0.133621
-0.145548
-0.220919
-0.229960
-0.314777
-0.336524
-0.430934
-0.474016
-0.583375
-0.650079
-0.774244
-0.860018
-0.986946
-1.074302
-1.181820
-1.252031
-0.066647
-0.123041
-0.146771
-0.202413
-0.237775
-0.293467
-0.343739
-0.410840
-0.477108
-0.564245
-0.650082
-0.756934
-0.856145
-0.969382
-1.065250
-1.167087
-0.064440
-0.140594
-0.149797
-0.222050
-0.237825
-0.317122
-0.342226
-0.434917
-0.477105
-0.583373
-0.647326
-0.766100
-0.848118
-0.969823
-1.054517
-0.069453
-0.118308
-0.151254
-0.202456
-0.238294
-0.296687
-0.342228
-0.410841
-0.474020
-0.559487
-0.640940
-0.743290
-0.835812
-0.947239
-0.068512
-0.142198
-0.150341
-0.225142
-0.238294
-0.317122
-0.343740
-0.430932
-0.472418
-0.572477
-0.632038
-0.745269
-0.821926
-0.068264
-0.119604
-0.150342
-0.202456
-0.237829
-0.293466
-0.336531
-0.405659
-0.462426
-0.547477
-0.619965
-0.718239
-0.068264
-0.142198
-0.151257
-0.222047
-0.237779
-0.314775
-0.338393
-0.421552
-0.459251
-0.551758
-0.608410
-0.068515
-0.118305
-0.149804
-0.202412
-0.229967
-0.289332
-0.326290
-0.396085
-0.446198
-0.527708
-0.069460
-0.140588
-0.146776
-0.220915
-0.236010
-0.307017
-0.330825
-0.405087
-0.440592
-0.064448
-0.123037
-0.145558
-0.197082
-0.221886
-0.283655
-0.312904
-0.385862
-0.066656
-0.133612
-0.148912
-0.218016
-0.230567
-0.297599
-0.316763
-0.068571
-0.123796
-0.132623
-0.196466
-0.209838
-0.277303
-0.057891
-0.138776
-0.148769
-0.209641
-0.224826
-0.061921
-0.115715
-0.126123
-0.192006
-0.071262
-0.136927
-0.141179
-0.038515
-0.127668
-0.053937
0.035699
0.009785
0.115195
0.105798
0.204706
0.225498
0.318670
0.361351
0.457679
0.511701
0.607494
0.664118
0.749418
0.800216
0.864858
0.901439
0.945661
0.961495
0.987256
0.989266
0.998179
0.986608
0.982806
0.017871
0.024122
0.089937
0.128691
0.192023
0.245974
0.322477
0.382405
0.469501
0.534117
0.621740
0.684624
0.762477
0.813106
0.876090
0.905585
0.950822
0.962496
0.988384
0.985095
0.998280
0.990935
0.040325
0.017748
0.115507
0.119947
0.217425
0.237893
0.339850
0.379141
0.480269
0.533409
0.628863
0.683492
0.767962
0.811804
0.877905
0.907466
0.949426
0.963709
0.988303
0.987782
0.998269
0.005806
0.045262
0.094905
0.143022
0.206996
0.264818
0.338069
0.405992
0.487104
0.556611
0.640499
0.701718
0.777252
0.824896
0.882279
0.912071
0.952997
0.961975
0.988375
0.985070
0.019258
0.023829
0.118552
0.124312
0.223431
0.248878
0.351177
0.391923
0.496896
0.545876
0.644853
0.695466
0.778364
0.820254
0.884416
0.908474
0.952988
0.963681
0.988345
0.022162
0.042249
0.104530
0.154052
0.215645
0.278029
0.351066
0.419803
0.500251
0.571385
0.649656
0.712585
0.782995
0.827737
0.884449
0.912061
0.949459
0.962497
0.015297
0.033999
0.112337
0.132136
0.228039
0.255606
0.359665
0.401253
0.504585
0.553944
0.652377
0.698329
0.782991
0.820240
0.882263
0.907443
0.950845
0.015757
0.048151
0.113601
0.156952
0.225053
0.285916
0.357677
0.428488
0.506822
0.575236
0.652389
0.712581
0.778382
0.824890
0.877970
0.905517
0.021128
0.030338
0.113766
0.137711
0.227518
0.262267
0.362310
0.403086
0.506821
0.553937
0.649654
0.695446
0.777275
0.811727
0.876137
0.015235
0.056108
0.113065
0.162250
0.229342
0.286295
0.362314
0.428486
0.504595
0.571377
0.644891
0.701679
0.768029
0.813092
0.017663
0.031004
0.115495
0.136498
0.229342
0.262264
0.357680
0.401239
0.500269
0.545833
0.640530
0.683454
0.762471
0.017751
0.055673
0.115496
0.162249
0.227524
0.285908
0.359686
0.419781
0.496932
0.556597
0.628887
0.684615
0.017752
0.031003
0.113069
0.137702
0.225067
0.255585
0.351085
0.391899
0.487112
0.533375
0.621780
0.017667
0.056101
0.113778
0.156939
0.228057
0.278018
0.351198
0.405979
0.480318
0.534067
0.015244
0.030327
0.113613
0.132123
0.215658
0.248855
0.338096
0.379087
0.469543
0.021138
0.048143
0.112352
0.154039
0.223460
0.264791
0.339896
0.382385
0.015768
0.033985
0.104549
0.124285
0.207021
0.237860
0.322490
0.015315
0.042233
0.118576
0.143007
0.217453
0.245960
0.022178
0.023812
0.094921
0.119920
0.192047
0.019275
0.045248
0.115538
0.128669
0.005828
0.017720
0.089959
0.040347
0.024111
0.017890
-0.030451
-0.129529
-0.104659
-0.200422
-0.194577
-0.277188
-0.296491
-0.382211
-0.421360
-0.524437
-0.590078
-0.712094
-0.805427
-0.939922
-1.040620
-1.165565
-1.241480
-1.330239
-1.368502
-1.411784
-1.412990
-1.446412
-1.419931
-1.409587
-1.420380
-1.406980
-1.411960
-1.403730
-1.410221
-1.413459
-1.414732
-1.421260
-1.426359
-1.428687
-1.427026
-1.423381
-1.407763
-1.384082
-1.347464
-1.298141
-1.235169
-1.160762
-1.081208
-0.994981
-0.912627
-0.835937
-0.115076
-0.090262
-0.162815
-0.142488
-0.210730
-0.199959
-0.263496
-0.261226
-0.324178
-0.327713
-0.392087
-0.402846
-0.465920
-0.485783
-0.546946
-0.570018
-0.632335
-0.653347
-0.711704
-0.736369
-0.779628
-0.793454
-0.134358
-0.160623
-0.188148
-0.208887
-0.242705
-0.261385
-0.306589
-0.322893
-0.378830
-0.398172
-0.459396
-0.485071
-0.550241
-0.578356
-0.648038
-0.674649
-0.741835
-0.770937
-0.826067
-0.852830
-0.903563
-0.188349
-0.174133
-0.240265
-0.235854
-0.302467
-0.303886
-0.372256
-0.384991
-0.452711
-0.477900
-0.547057
-0.579735
-0.651249
-0.687718
-0.755620
-0.795446
-0.852244
-0.890893
-0.938538
-0.963921
-0.203967
-0.248745
-0.272485
-0.305593
-0.344582
-0.379320
-0.428899
-0.468603
-0.530542
-0.573334
-0.645249
-0.691082
-0.764619
-0.812405
-0.879758
-0.923598
-0.983191
-1.015099
-1.063398
-0.268741
-0.265632
-0.337264
-0.347764
-0.417771
-0.441848
-0.517646
-0.553109
-0.634194
-0.681744
-0.761555
-0.816809
-0.889922
-0.943228
-1.006584
-1.050018
-1.099761
-1.131258
-0.296893
-0.350453
-0.379693
-0.433520
-0.482212
-0.538425
-0.603573
-0.667779
-0.741844
-0.810739
-0.887560
-0.951333
-1.023497
-1.074420
-1.134351
-1.171724
-1.214446
-0.365448
-0.387062
-0.464280
-0.496229
-0.580722
-0.631049
-0.719290
-0.784185
-0.873845
-0.941316
-1.023502
-1.082730
-1.148724
-1.194405
-1.239832
-1.270991
-0.415895
-0.482751
-0.531352
-0.608520
-0.672743
-0.759001
-0.837458
-0.923256
-1.004319
-1.079494
-1.149925
-1.205776
-1.258515
-1.294334
-1.329132
-0.500765
-0.549392
-0.637252
-0.702179
-0.800239
-0.876237
-0.975133
-1.051523
-1.136979
-1.197955
-1.260936
-1.301520
-1.340282
-1.364151
-0.574550
-0.667230
-0.736693
-0.837813
-0.920065
-1.021005
-1.100736
-1.182646
-1.246919
-1.301342
-1.342579
-1.373102
-1.395593
-0.685146
-0.761086
-0.865851
-0.952910
-1.055867
-1.135330
-1.221985
-1.279044
-1.334898
-1.368021
-1.397121
-1.409902
-0.785803
-0.899399
-0.984358
-1.091961
-1.173068
-1.255357
-1.310318
-1.361453
-1.390313
-1.411503
-1.424327
-0.913626
-1.005784
-1.113644
-1.192488
-1.274881
-1.328527
-1.378169
-1.399152
-1.423307
-1.424166
-1.028044
-1.138407
-1.216040
-1.300983
-1.349405
-1.391841
-1.414067
-1.427420
-1.427300
-1.145991
-1.226354
-1.306157
-1.350581
-1.399344
-1.413463
-1.427905
-1.424675
-1.239981
-1.319965
-1.369832
-1.410170
-1.420580
-1.433394
-1.424996
-1.320720
-1.362962
-1.401719
-1.417742
-1.429690
-1.416337
-1.370955
-1.418192
-1.428118
-1.431699
-1.423824
-1.404548
-1.411445
-1.428267
-1.415824
-1.431527
-1.438614
-1.421613
-1.420096
-1.415429
-1.427774
-0.048886
0.012791
0.017979
0.066893
0.076905
0.129957
0.143435
0.201934
0.215688
0.279414
0.294905
0.359977
0.375997
0.440790
0.456294
0.514303
0.532450
0.582153
0.593177
0.643734
0.648401
0.676838
0.687948
0.999126
0.983340
0.983821
0.977403
0.986251
0.981548
0.985912
0.987685
0.992772
0.991423
0.995345
0.993283
0.987018
0.981850
0.965891
0.950783
0.923799
0.903001
0.857105
0.838836
0.773282
0.762748
0.981502
0.987877
0.986912
0.989488
0.984322
0.993028
0.989343
0.993382
0.991248
0.994658
0.985199
0.985428
0.970326
0.959389
0.937006
0.917588
0.880284
0.856719
0.808795
0.773888
0.727027
1.001280
0.995516
0.996498
0.996270
0.998547
0.992588
0.997042
0.991816
0.988576
0.982718
0.974145
0.960068
0.943459
0.924330
0.891532
0.870258
0.824421
0.794545
0.744380
0.710098
0.984736
0.990972
0.987697
0.987584
0.986240
0.987349
0.978310
0.979327
0.967066
0.959724
0.942028
0.929067
0.898277
0.880300
0.839652
0.809714
0.765660
0.728485
0.672353
0.989266
0.982601
0.987031
0.981239
0.978450
0.972138
0.967313
0.953055
0.943348
0.925328
0.902524
0.881473
0.847514
0.817920
0.776674
0.742968
0.686905
0.661832
0.961519
0.961428
0.955154
0.954833
0.946761
0.939294
0.926704
0.916542
0.892335
0.878680
0.845204
0.822237
0.782264
0.752891
0.700620
0.673616
0.610985
0.944560
0.938491
0.937425
0.924175
0.919315
0.903235
0.887990
0.868111
0.844438
0.816693
0.785040
0.752849
0.707979
0.678846
0.621298
0.592566
0.899056
0.890781
0.884479
0.875214
0.858794
0.846441
0.822483
0.803431
0.771234
0.747740
0.703890
0.680195
0.625429
0.599493
0.540942
0.863637
0.850597
0.842218
0.824883
0.810691
0.785943
0.763574
0.734760
0.701372
0.671521
0.627301
0.596828
0.545577
0.516649
0.794183
0.781014
0.768367
0.750422
0.728665
0.708961
0.676118
0.654973
0.612097
0.589764
0.539078
0.516916
0.457177
0.742535
0.723027
0.709735
0.686436
0.663292
0.636233
0.604615
0.575619
0.535561
0.507511
0.457808
0.435804
0.657311
0.637546
0.618492
0.597781
0.569239
0.548586
0.510054
0.491316
0.442822
0.428710
0.369645
0.593823
0.574182
0.553574
0.529547
0.499655
0.475285
0.437180
0.415656
0.367635
0.351183
0.502771
0.480019
0.457246
0.438197
0.405173
0.390218
0.346017
0.337883
0.282905
0.438658
0.424000
0.395691
0.377340
0.340428
0.326711
0.280220
0.270612
0.349655
0.328948
0.304784
0.292921
0.254402
0.250121
0.200995
0.295755
0.289305
0.250685
0.245294
0.200092
0.197179
0.210682
0.199909
0.173700
0.168010
0.127434
0.173442
0.173169
0.128505
0.134353
0.097459
0.095823
0.061355
0.065330
0.079894
0.007613
-0.090412
-0.069850
-0.117535
-0.117799
-0.161584
-0.163397
-0.211337
-0.212739
-0.266089
-0.268806
-0.327199
-0.331030
-0.394872
-0.401865
-0.466261
-0.479801
-0.541182
-0.556865
-0.619640
-0.631062
-0.688124
-0.709522
-0.753526
-0.671720
-0.599614
-0.502692
-0.447318
-0.366521
-0.315543
-0.253123
-0.208011
-0.152152
-0.112058
-0.058390
-0.016969
0.040506
0.087808
0.151831
0.206431
0.277238
0.336259
0.416330
0.469764
0.554361
0.601048
0.675674
0.015438
-0.039341
0.040092
0.014393
0.088424
0.075117
0.143795
0.142450
0.210443
0.215619
0.283886
0.294731
0.360611
0.373299
0.437900
0.450260
0.506858
0.522530
0.570982
0.577389
0.630387
0.636457
-0.087785
-0.026725
-0.030727
0.026515
0.020593
0.085966
0.081971
0.148001
0.149258
0.217589
0.220868
0.289435
0.296354
0.362136
0.369637
0.433225
0.440440
0.493448
0.507072
0.549097
0.560420
-0.048770
-0.080065
-0.014245
-0.030785
0.034810
0.019453
0.089759
0.081070
0.150184
0.148646
0.218013
0.219606
0.288366
0.293857
0.359451
0.363600
0.428626
0.430002
0.488356
0.494223
-0.128847
-0.067265
-0.080615
-0.020699
-0.029995
0.035172
0.022798
0.094381
0.084540
0.155315
0.150072
0.221029
0.218910
0.286514
0.289323
0.350459
0.354754
0.411761
0.420871
-0.104210
-0.127736
-0.062020
-0.081104
-0.018966
-0.031032
0.034900
0.022656
0.092806
0.083473
0.154416
0.148556
0.220674
0.215143
0.285258
0.281772
0.349531
0.345144
-0.172823
-0.113191
-0.131707
-0.064514
-0.082100
-0.015658
-0.030318
0.038529
0.023315
0.095228
0.083960
0.154190
0.146535
0.214507
0.210357
0.272869
0.275955
-0.159141
-0.173626
-0.113394
-0.131779
-0.066605
-0.082779
-0.018089
-0.032066
0.036969
0.022656
0.095713
0.081743
0.155042
0.141379
0.216011
0.204323
-0.222354
-0.162820
-0.178703
-0.112309
-0.132932
-0.064346
-0.083706
-0.015746
-0.031510
0.037673
0.022403
0.091335
0.079369
0.146701
0.138209
-0.214115
-0.223723
-0.165063
-0.179761
-0.115882
-0.134481
-0.066399
-0.084353
-0.014259
-0.032762
0.039812
0.019540
0.094746
0.076424
-0.275219
-0.214319
-0.227859
-0.163222
-0.181494
-0.114267
-0.133544
-0.065216
-0.083729
-0.017004
-0.033704
0.034293
0.018730
-0.272098
-0.277109
-0.217325
-0.230126
-0.164890
-0.182182
-0.112671
-0.133751
-0.061935
-0.084946
-0.011677
-0.034314
-0.332785
-0.271025
-0.279207
-0.215374
-0.229416
-0.163181
-0.180440
-0.114415
-0.133118
-0.065696
-0.084118
-0.333420
-0.334619
-0.271954
-0.280160
-0.212905
-0.229389
-0.158353
-0.179947
-0.107342
-0.131953
-0.395785
-0.330813
-0.332439
-0.269538
-0.276770
-0.212942
-0.226975
-0.160808
-0.177746
-0.399743
-0.395554
-0.326570
-0.331536
-0.262887
-0.274637
-0.203365
-0.224360
-0.459619
-0.394274
-0.388724
-0.323997
-0.325633
-0.263864
-0.270753
-0.470208
-0.455770
-0.383883
-0.384646
-0.310953
-0.320838
-0.525630
-0.461849
-0.443008
-0.381068
-0.377620
-0.537234
-0.516173
-0.443534
-0.434632
-0.594062
-0.524229
-0.500936
-0.600860
-0.579189
-0.647078
-0.030488
-0.129497
-0.104684
-0.200403
-0.194595
-0.277174
-0.296505
-0.382200
-0.421368
-0.524436
-0.590112
-0.712099
-0.805422
-0.939907
-1.040617
-1.165559
-1.241481
-1.330237
-1.368504
-1.411783
-1.412992
-1.446413
-1.419933
-1.409587
-1.420381
-1.406981
-1.411960
-1.403731
-1.410220
-1.413460
-1.414730
-1.421260
-1.426355
-1.428688
-1.427021
-1.423383
-1.407757
-1.384085
-1.347456
-1.298146
-1.235160
-1.160769
-1.081194
-0.994992
-0.912605
-0.835953
-0.115082
-0.090287
-0.162825
-0.142514
-0.210735
-0.199984
-0.263501
-0.261249
-0.324182
-0.327737
-0.392089
-0.402870
-0.465923
-0.485808
-0.546949
-0.570045
-0.632340
-0.653373
-0.711710
-0.736394
-0.779636
-0.793476
-0.134362
-0.160600
-0.188145
-0.208868
-0.242704
-0.261367
-0.306591
-0.322878
-0.378834
-0.398158
-0.459402
-0.485057
-0.550248
-0.578342
-0.648045
-0.674634
-0.741841
-0.770922
-0.826073
-0.852813
-0.903572
-0.188350
-0.174158
-0.240270
-0.235873
-0.302473
-0.303906
-0.372260
-0.385010
-0.452715
-0.477919
-0.547062
-0.579755
-0.651254
-0.687739
-0.755625
-0.795466
-0.852250
-0.890911
-0.938547
-0.963936
-0.203969
-0.248726
-0.272486
-0.305578
-0.344582
-0.379308
-0.428902
-0.468593
-0.530547
-0.573326
-0.645254
-0.691074
-0.764625
-0.812396
-0.879763
-0.923588
-0.983197
-1.015086
-1.063406
-0.268744
-0.265650
-0.337268
-0.347781
-0.417776
-0.441865
-0.517652
-0.553125
-0.634200
-0.681760
-0.761561
-0.816824
-0.889927
-0.943243
-1.006590
-1.050031
-1.099768
-1.131270
-0.296893
-0.350441
-0.379694
-0.433510
-0.482216
-0.538419
-0.603577
-0.667774
-0.741849
-0.810733
-0.887564
-0.951326
-1.023501
-1.074412
-1.134356
-1.171715
-1.214450
-0.365450
-0.387075
-0.464285
-0.496246
-0.580729
-0.631064
-0.719295
-0.784196
-0.873850
-0.941327
-1.023507
-1.082740
-1.148730
-1.194414
-1.239837
-1.270999
-0.415894
-0.482745
-0.531360
-0.608520
-0.672747
-0.758996
-0.837460
-0.923251
-1.004321
-1.079488
-1.149928
-1.205770
-1.258517
-1.294328
-1.329134
-0.500771
-0.549416
-0.637266
-0.702192
-0.800242
-0.876245
-0.975135
-1.051531
-1.136982
-1.197962
-1.260939
-1.301527
-1.340285
-1.364157
-0.574571
-0.667237
-0.736694
-0.837804
-0.920063
-1.020999
-1.100737
-1.182641
-1.246920
-1.301337
-1.342580
-1.373097
-1.395593
-0.685162
-0.761090
-0.865846
-0.952911
-1.055866
-1.135334
-1.221986
-1.279048
-1.334900
-1.368026
-1.397123
-1.409906
-0.785793
-0.899383
-0.984350
-1.091952
-1.173066
-1.255353
-1.310317
-1.361449
-1.390313
-1.411498
-1.424327
-0.913614
-1.005780
-1.113640
-1.192490
-1.274880
-1.328530
-1.378169
-1.399155
-1.423308
-1.424168
-1.028034
-1.138398
-1.216037
-1.300978
-1.349404
-1.391837
-1.414066
-1.427417
-1.427300
-1.145986
-1.226355
-1.306156
-1.350583
-1.399344
-1.413466
-1.427906
-1.424677
-1.239977
-1.319962
-1.369831
-1.410168
-1.420580
-1.433392
-1.424996
-1.320719
-1.362965
-1.401720
-1.417745
-1.429691
-1.416339
-1.370954
-1.418191
-1.428118
-1.431698
-1.423824
-1.404549
-1.411447
-1.428268
-1.415826
-1.431527
-1.438614
-1.421613
-1.420097
-1.415431
-1.427774
-0.048907
0.012831
0.017963
0.066928
0.076893
0.130010
0.143415
0.201997
0.215702
0.279465
0.294931
0.360089
0.375998
0.440912
0.456393
0.514388
0.532539
0.582383
0.593194
0.643944
0.648579
0.676983
0.688027
0.999192
0.983206
0.983733
0.977425
0.986143
0.981286
0.986123
0.987436
0.992627
0.991525
0.995300
0.992941
0.987359
0.981587
0.965849
0.950811
0.923865
0.902688
0.857389
0.838611
0.773293
0.762642
0.981487
0.988044
0.986913
0.989507
0.984543
0.993081
0.989228
0.993762
0.991140
0.994670
0.985372
0.985538
0.970069
0.959803
0.936809
0.917677
0.880285
0.856917
0.808524
0.774237
0.726884
1.001266
0.995338
0.996597
0.996083
0.998414
0.992639
0.996954
0.991541
0.988801
0.982502
0.974045
0.960115
0.943478
0.924039
0.891791
0.870058
0.824422
0.794485
0.744487
0.709810
0.984842
0.991031
0.987663
0.987842
0.986213
0.987372
0.978498
0.979411
0.966912
0.960067
0.941916
0.929113
0.898341
0.880453
0.839424
0.810026
0.765521
0.728587
0.672317
0.989202
0.982586
0.986960
0.981037
0.978565
0.971963
0.967190
0.953090
0.943312
0.925081
0.902711
0.881306
0.847471
0.817892
0.776750
0.742717
0.687091
0.661667
0.961528
0.961468
0.955294
0.954907
0.946699
0.939555
0.926666
0.916576
0.892446
0.878794
0.845051
0.822502
0.782175
0.752958
0.700613
0.673781
0.610810
0.944602
0.938363
0.937329
0.924174
0.919252
0.903042
0.888093
0.867972
0.844357
0.816681
0.785062
0.752638
0.708122
0.678711
0.621301
0.592481
0.899049
0.890950
0.884481
0.875258
0.858909
0.846531
0.822408
0.803644
0.771201
0.747786
0.703928
0.680321
0.625299
0.599685
0.540874
0.863581
0.850466
0.842257
0.824768
0.810603
0.785926
0.763550
0.734591
0.701454
0.671411
0.627268
0.596771
0.545632
0.516476
0.794268
0.781081
0.768350
0.750582
0.728669
0.709004
0.676185
0.655070
0.612026
0.589920
0.539049
0.516975
0.457165
0.742469
0.723000
0.709689
0.686309
0.663322
0.636140
0.604558
0.575576
0.535571
0.507372
0.457867
0.435713
0.657329
0.637590
0.618562
0.597856
0.569218
0.548711
0.510059
0.491363
0.442844
0.428804
0.369585
0.593823
0.574106
0.553514
0.529507
0.499632
0.475176
0.437200
0.415581
0.367610
0.351123
0.502778
0.480112
0.457267
0.438240
0.405215
0.390291
0.345996
0.337974
0.282903
0.438624
0.423920
0.395685
0.377276
0.340387
0.326662
0.280216
0.270525
0.349697
0.329003
0.304789
0.292994
0.254419
0.250163
0.201010
0.295716
0.289264
0.250662
0.245225
0.200084
0.197127
0.210703
0.199947
0.173727
0.168062
0.127435
0.173425
0.173123
0.128475
0.134311
0.097472
0.095869
0.061372
0.065308
0.079850
0.007627
-0.090406
-0.069824
-0.117530
-0.117770
-0.161583
-0.163374
-0.211336
-0.212718
-0.266092
-0.268785
-0.327205
-0.331010
-0.394878
-0.401844
-0.466268
-0.479780
-0.541188
-0.556844
-0.619647
-0.631040
-0.688130
-0.709501
-0.753531
-0.671754
-0.599583
-0.502732
-0.447282
-0.366568
-0.315497
-0.253181
-0.207953
-0.152225
-0.111981
-0.058483
-0.016875
0.040403
0.087914
0.151702
0.206587
0.277048
0.336456
0.416150
0.469931
0.554166
0.601361
0.675283
0.015407
-0.039338
0.040059
0.014402
0.088372
0.075124
0.143746
0.142429
0.210382
0.215610
0.283778
0.294702
0.360529
0.373202
0.437783
0.450222
0.506647
0.522452
0.570861
0.577219
0.630188
0.636472
-0.087795
-0.026691
-0.030744
0.026557
0.020587
0.086005
0.081977
0.148065
0.149256
0.217670
0.220909
0.289502
0.296409
0.362277
0.369656
0.433382
0.440546
0.493564
0.507147
0.549373
0.560354
-0.048803
-0.080058
-0.014280
-0.030789
0.034770
0.019449
0.089695
0.081060
0.150121
0.148601
0.217934
0.219576
0.288229
0.293814
0.359340
0.363496
0.428478
0.429986
0.488094
0.494226
-0.128856
-0.067238
-0.080619
-0.020661
-0.030001
0.035223
0.022808
0.094431
0.084566
0.155397
0.150086
0.221135
0.218965
0.286608
0.289382
0.350634
0.354745
0.411971
0.420908
-0.104237
-0.127736
-0.062059
-0.081105
-0.019010
-0.031050
0.034849
0.022637
0.092724
0.083449
0.154330
0.148498
0.220570
0.215113
0.285086
0.281756
0.349375
0.345093
-0.172830
-0.113160
-0.131709
-0.064481
-0.082092
-0.015611
-0.030311
0.038596
0.023338
0.095296
0.083996
0.154298
0.146546
0.214649
0.210387
0.273000
0.275974
-0.159170
-0.173631
-0.113427
-0.131788
-0.066654
-0.082791
-0.018148
-0.032095
0.036899
0.022629
0.095606
0.081723
0.154926
0.141341
0.215877
0.204324
-0.222355
-0.162793
-0.178703
-0.112270
-0.132925
-0.064301
-0.083688
-0.015682
-0.031499
0.037762
0.022423
0.091431
0.079390
0.146834
0.138195
-0.214145
-0.223728
-0.165101
-0.179775
-0.115928
-0.134498
-0.066464
-0.084369
-0.014339
-0.032788
0.039718
0.019526
0.094616
0.076425
-0.275220
-0.214292
-0.227854
-0.163184
-0.181487
-0.114213
-0.133534
-0.065152
-0.083714
-0.016918
-0.033702
0.034401
0.018733
-0.272127
-0.277118
-0.217365
-0.230136
-0.164942
-0.182198
-0.112734
-0.133766
-0.062020
-0.084954
-0.011773
-0.034327
-0.332785
-0.270995
-0.279205
-0.215335
-0.229409
-0.163128
-0.180435
-0.114344
-0.133113
-0.065618
-0.084114
-0.333452
-0.334628
-0.271995
-0.280170
-0.212958
-0.229399
-0.158419
-0.179959
-0.107418
-0.131959
-0.395785
-0.330783
-0.332438
-0.269496
-0.276768
-0.212889
-0.226971
-0.160744
-0.177749
-0.399776
-0.395562
-0.326613
-0.331545
-0.262939
-0.274646
-0.203429
-0.224364
-0.459621
-0.394244
-0.388724
-0.323957
-0.325633
-0.263812
-0.270755
-0.470242
-0.455777
-0.383925
-0.384653
-0.311004
-0.320844
-0.525633
-0.461819
-0.443010
-0.381028
-0.377622
-0.537268
-0.516180
-0.443576
-0.434638
-0.594068
-0.524201
-0.500939
-0.600891
-0.579196
-0.647085
-0.090406
-0.069825
-0.117531
-0.117771
-0.161584
-0.163374
-0.211336
-0.212718
-0.266092
-0.268785
-0.327204
-0.331010
-0.394877
-0.401844
-0.466268
-0.479780
-0.541188
-0.556844
-0.619646
-0.631040
-0.688130
-0.709501
-0.753531
-1.427773
-1.415430
-1.421612
-1.415825
-1.423823
-1.416339
-1.424996
-1.424677
-1.427299
-1.424168
-1.424327
-1.409905
-1.395593
-1.364157
-1.329134
-1.270999
-1.214450
-1.131270
-1.063405
-0.963936
-0.903572
-0.793476
-1.420096
-1.438613
-1.428267
-1.431697
-1.429690
-1.433392
-1.427905
-1.427417
-1.423307
-1.411498
-1.397123
-1.373097
-1.340285
-1.294327
-1.239837
-1.171715
-1.099768
-1.015086
-0.938546
-0.852813
-0.779635
-1.431526
-1.411447
-1.428117
-1.417744
-1.420579
-1.413466
-1.414066
-1.399155
-1.390313
-1.368026
-1.342581
-1.301527
-1.258517
-1.194414
-1.134356
-1.050031
-0.983197
-0.890911
-0.826072
-0.736394
-1.404548
-1.418191
-1.401720
-1.410168
-1.399344
-1.391838
-1.378170
-1.361449
-1.334900
-1.301337
-1.260939
-1.205770
-1.148729
-1.074412
-1.006590
-0.923587
-0.852249
-0.770922
-0.711709
-1.370954
-1.362965
-1.369832
-1.350584
-1.349405
-1.328532
-1.310318
-1.279049
-1.246921
-1.197962
-1.149928
-1.082740
-1.023501
-0.943242
-0.879762
-0.795465
-0.741840
-0.653373
-1.320721
-1.319963
-1.306158
-1.300980
-1.274883
-1.255354
-1.221988
-1.182642
-1.136983
-1.079488
-1.023506
-0.951325
-0.889926
-0.812395
-0.755624
-0.674634
-0.632339
-1.239980
-1.226359
-1.216041
-1.192494
-1.173070
-1.135337
-1.100739
-1.051531
-1.004321
-0.941327
-0.887563
-0.816823
-0.764624
-0.687738
-0.648044
-0.570044
-1.145993
-1.138405
-1.113647
-1.091959
-1.055871
-1.021001
-0.975136
-0.923250
-0.873848
-0.810731
-0.761559
-0.691072
-0.651252
-0.578341
-0.546948
-1.028046
-1.005792
-0.984360
-0.952918
-0.920065
-0.876244
-0.837457
-0.784193
-0.741845
-0.681758
-0.645252
-0.579753
-0.550246
-0.485807
-0.913628
-0.899395
-0.865851
-0.837802
-0.800236
-0.758989
-0.719290
-0.667769
-0.634197
-0.573324
-0.547060
-0.485056
-0.465922
-0.785788
-0.761075
-0.736673
-0.702174
-0.672735
-0.631056
-0.603572
-0.553122
-0.530545
-0.477917
-0.459401
-0.402870
-0.685114
-0.667194
-0.637238
-0.608505
-0.580721
-0.538414
-0.517649
-0.468591
-0.452714
-0.398157
-0.392089
-0.574540
-0.549400
-0.531353
-0.496243
-0.482214
-0.441864
-0.428901
-0.385010
-0.378833
-0.327736
-0.500779
-0.482750
-0.464288
-0.433511
-0.417777
-0.379308
-0.372260
-0.322878
-0.324181
-0.415901
-0.387080
-0.379696
-0.347783
-0.344583
-0.303906
-0.306591
-0.261249
-0.365455
-0.350444
-0.337270
-0.305580
-0.302474
-0.261368
-0.263502
-0.296897
-0.265653
-0.272488
-0.235875
-0.242705
-0.199985
-0.268746
-0.248728
-0.240271
-0.208869
-0.210736
-0.203971
-0.174159
-0.188146
-0.142515
-0.188352
-0.160601
-0.162826
-0.134363
-0.090288
-0.115083
0.035665
0.009818
0.115161
0.105835
0.204657
0.225550
0.318621
0.361387
0.457647
0.511751
0.607414
0.664218
0.749337
0.800258
0.864835
0.901491
0.945545
0.961617
0.987154
0.989284
0.998124
0.986658
0.982675
0.967641
0.958496
0.962604
0.968348
0.960723
0.965748
0.966944
0.975023
0.974611
0.986387
0.986523
0.994215
0.992307
0.994977
0.983834
0.978776
0.958188
0.939325
0.910824
0.880924
0.840671
0.807260
0.753552
0.007626
0.079850
0.061371
0.134311
0.127435
0.197127
0.201010
0.270525
0.282903
0.351123
0.369585
0.435713
0.457165
0.516476
0.540875
0.592481
0.610811
0.661667
0.672317
0.709810
0.726884
0.762642
0.065308
0.095869
0.128475
0.168061
0.200084
0.250163
0.280215
0.337974
0.367610
0.428804
0.457867
0.516975
0.545632
0.599685
0.621301
0.673781
0.687091
0.728587
0.744487
0.774237
0.773293
0.097471
0.173123
0.173727
0.245225
0.254419
0.326662
0.345996
0.415582
0.442844
0.507372
0.539050
0.596771
0.625299
0.678711
0.700613
0.742717
0.765522
0.794485
0.808524
0.838611
0.173424
0.199947
0.250662
0.292994
0.340387
0.390291
0.437200
0.491363
0.535571
0.589920
0.627268
0.680322
0.708122
0.752958
0.776751
0.810026
0.824422
0.856917
0.857389
0.210703
0.289264
0.304789
0.377276
0.405215
0.475176
0.510059
0.575576
0.612026
0.671411
0.703928
0.752638
0.782175
0.817892
0.839424
0.870058
0.880285
0.902688
0.295716
0.329003
0.395685
0.438240
0.499632
0.548711
0.604558
0.655070
0.701454
0.747786
0.785062
0.822502
0.847471
0.880453
0.891791
0.917677
0.923865
0.349697
0.423920
0.457267
0.529508
0.569218
0.636140
0.676185
0.734592
0.771202
0.816681
0.845051
0.881306
0.898341
0.924039
0.936809
0.950811
0.438624
0.480112
0.553515
0.597856
0.663322
0.709005
0.763550
0.803645
0.844358
0.878794
0.902711
0.929113
0.943478
0.959803
0.965849
0.502778
0.574107
0.618562
0.686309
0.728670
0.785926
0.822408
0.867972
0.892446
0.925081
0.941917
0.960115
0.970069
0.981588
0.593823
0.637590
0.709690
0.750583
0.810604
0.846532
0.888093
0.916576
0.943313
0.960067
0.974045
0.985538
0.987359
0.657329
0.723001
0.768350
0.824768
0.858909
0.903042
0.926666
0.953090
0.966912
0.982502
0.985372
0.992941
0.742470
0.781081
0.842258
0.875258
0.919253
0.939555
0.967190
0.979411
0.988801
0.994670
0.995300
0.794268
0.850466
0.884482
0.924174
0.946699
0.971963
0.978498
0.991541
0.991140
0.991526
0.863582
0.890950
0.937329
0.954907
0.978565
0.987372
0.996954
0.993762
0.992627
0.899050
0.938363
0.955294
0.981037
0.986213
0.992639
0.989228
0.987436
0.944602
0.961468
0.986960
0.987842
0.998414
0.993081
0.986124
0.961528
0.982587
0.987663
0.996083
0.984543
0.981286
0.989202
0.991031
0.996597
0.989507
0.986143
0.984842
0.995339
0.986913
0.977425
1.001266
0.988044
0.983733
0.981487
0.983206
0.999193
-0.048908
0.012830
0.017963
0.066927
0.076893
0.130010
0.143414
0.201997
0.215702
0.279465
0.294931
0.360089
0.375998
0.440912
0.456393
0.514388
0.532539
0.582383
0.593194
0.643944
0.648579
0.676983
0.688027
-0.647085
-0.579196
-0.500938
-0.434638
-0.377622
-0.320844
-0.270755
-0.224363
-0.177748
-0.131959
-0.084114
-0.034327
0.018733
0.076425
0.138195
0.204324
0.275974
0.345093
0.420908
0.494226
0.560354
0.636472
-0.600891
-0.524200
-0.443575
-0.381028
-0.311004
-0.263812
-0.203429
-0.160743
-0.107418
-0.065617
-0.011773
0.034401
0.094616
0.146834
0.215877
0.273000
0.349375
0.411971
0.488094
0.549373
0.630188
-0.594067
-0.516180
-0.443010
-0.384653
-0.325633
-0.274646
-0.226971
-0.179959
-0.133113
-0.084954
-0.033702
0.019526
0.079390
0.141341
0.210387
0.281756
0.354745
0.429986
0.507147
0.577219
-0.537268
-0.461819
-0.383925
-0.323956
-0.262939
-0.212889
-0.158419
-0.114344
-0.062020
-0.016918
0.039718
0.091431
0.154926
0.214649
0.285086
0.350634
0.428478
0.493564
0.570861
-0.525632
-0.455777
-0.388724
-0.331545
-0.276768
-0.229399
-0.180435
-0.133766
-0.083714
-0.032788
0.022423
0.081722
0.146546
0.215113
0.289382
0.363496
0.440546
0.522452
-0.470242
-0.394243
-0.326613
-0.269496
-0.212958
-0.163128
-0.112734
-0.065152
-0.014339
0.037762
0.095606
0.154298
0.220570
0.286608
0.359340
0.433382
0.506647
-0.459621
-0.395561
-0.332437
-0.280170
-0.229409
-0.182198
-0.133533
-0.084369
-0.031499
0.022629
0.083996
0.148498
0.218965
0.293814
0.369656
0.450222
-0.399776
-0.330783
-0.271994
-0.215335
-0.164941
-0.114213
-0.066464
-0.015681
0.036899
0.095296
0.154330
0.221136
0.288229
0.362277
0.437784
-0.395785
-0.334627
-0.279204
-0.230136
-0.181488
-0.134498
-0.083689
-0.032095
0.023338
0.083449
0.150086
0.219576
0.296409
0.373202
-0.333452
-0.270995
-0.217365
-0.163184
-0.115928
-0.064301
-0.018148
0.038596
0.092724
0.155397
0.217934
0.289502
0.360529
-0.332785
-0.277118
-0.227854
-0.179775
-0.132925
-0.082791
-0.030311
0.022637
0.084566
0.148601
0.220909
0.294702
-0.272127
-0.214292
-0.165101
-0.112270
-0.066654
-0.015611
0.034849
0.094431
0.150121
0.217670
0.283778
-0.275220
-0.223728
-0.178703
-0.131788
-0.082093
-0.031050
0.022808
0.081060
0.149256
0.215611
-0.214145
-0.162793
-0.113428
-0.064481
-0.019010
0.035223
0.089695
0.148065
0.210381
-0.222355
-0.173631
-0.131709
-0.081106
-0.030002
0.019449
0.081977
0.142429
-0.159170
-0.113160
-0.062059
-0.020662
0.034770
0.086004
0.143745
-0.172831
-0.127736
-0.080619
-0.030789
0.020587
0.075123
-0.104238
-0.067239
-0.014280
0.026556
0.088372
-0.128857
-0.080058
-0.030744
0.014402
-0.048804
-0.026692
0.040058
-0.087796
-0.039338
0.015406
-1.409588
-1.420381
-1.406981
-1.411962
-1.403731
-1.410222
-1.413460
-1.414733
-1.421261
-1.426360
-1.428688
-1.427026
-1.423382
-1.407764
-1.384082
-1.347464
-1.298142
-1.235170
-1.160762
-1.081208
-0.994981
-0.912627
-0.835937
-1.380814
-1.394217
-1.377352
-1.384730
-1.383306
-1.384809
-1.389659
-1.400865
-1.404670
-1.416445
-1.422785
-1.429188
-1.424048
-1.420315
-1.394576
-1.367632
-1.312865
-1.260049
-1.175544
-1.106879
-1.006454
-0.932192
-1.365446
-1.368891
-1.363971
-1.356977
-1.361076
-1.367210
-1.371587
-1.381734
-1.396217
-1.405516
-1.417452
-1.426090
-1.427835
-1.421316
-1.403461
-1.373424
-1.323369
-1.264193
-1.185034
-1.103924
-1.006454
-1.349457
-1.326569
-1.329308
-1.330731
-1.328345
-1.337897
-1.349743
-1.362160
-1.376581
-1.397009
-1.408631
-1.423670
-1.426680
-1.428197
-1.406098
-1.383526
-1.327447
-1.273210
-1.185034
-1.106880
-1.308847
-1.312089
-1.295399
-1.300847
-1.307605
-1.313019
-1.327797
-1.346234
-1.364898
-1.383922
-1.404407
-1.418786
-1.425691
-1.426104
-1.408849
-1.380197
-1.327447
-1.264193
-1.175544
-1.276638
-1.266269
-1.272471
-1.266058
-1.276807
-1.291381
-1.306886
-1.328109
-1.352738
-1.377976
-1.396964
-1.419500
-1.425499
-1.429335
-1.408849
-1.383526
-1.323369
-1.260049
-1.250895
-1.239468
-1.236421
-1.246847
-1.253208
-1.269125
-1.293370
-1.316759
-1.343112
-1.371818
-1.395895
-1.414942
-1.425499
-1.426104
-1.406098
-1.373425
-1.312865
-1.214630
-1.211979
-1.212477
-1.216046
-1.236867
-1.253549
-1.278502
-1.309821
-1.339560
-1.369923
-1.395895
-1.419500
-1.425691
-1.428197
-1.403462
-1.367632
-1.189340
-1.184172
-1.193813
-1.202497
-1.218578
-1.246037
-1.274636
-1.305020
-1.339560
-1.371818
-1.396965
-1.418787
-1.426681
-1.421317
-1.394576
-1.171411
-1.166949
-1.174309
-1.191316
-1.214665
-1.238343
-1.274636
-1.309821
-1.343113
-1.377977
-1.404408
-1.423670
-1.427836
-1.420316
-1.150422
-1.157870
-1.170287
-1.184450
-1.214665
-1.246037
-1.278502
-1.316759
-1.352739
-1.383923
-1.408632
-1.426090
-1.424048
-1.147106
-1.148176
-1.170287
-1.191316
-1.218578
-1.253549
-1.293370
-1.328110
-1.364899
-1.397009
-1.417453
-1.429188
-1.147106
-1.157871
-1.174309
-1.202498
-1.236867
-1.269126
-1.306887
-1.346234
-1.376582
-1.405516
-1.422785
-1.150423
-1.166949
-1.193813
-1.216047
-1.253208
-1.291382
-1.327798
-1.362160
-1.396218
-1.416446
-1.171411
-1.184173
-1.212478
-1.246848
-1.276808
-1.313019
-1.349744
-1.381735
-1.404671
-1.189341
-1.211980
-1.236422
-1.266058
-1.307606
-1.337898
-1.371588
-1.400866
-1.214631
-1.239469
-1.272471
-1.300848
-1.328346
-1.367211
-1.389660
-1.250896
-1.266270
-1.295400
-1.330732
-1.361077
-1.384810
-1.276639
-1.312090
-1.329309
-1.356979
-1.383307
-1.308848
-1.326570
-1.363972
-1.384731
-1.349459
-1.368892
-1.377353
-1.365448
-1.394219
-1.380815
-1.400837
-1.402243
-1.345201
-1.325615
-1.294397
-1.260257
-1.223896
-1.203194
-1.170187
-1.156131
-1.145258
-1.136112
-1.145257
-1.156130
-1.170187
-1.203194
-1.223895
-1.260256
-1.294396
-1.325613
-1.345199
-1.402242
-1.400835
-1.409586
-1.420379
-1.406979
-1.411959
-1.403730
-1.410219
-1.413459
-1.414729
-1.421260
-1.426355
-1.428688
-1.427021
-1.423383
-1.407757
-1.384085
-1.347456
-1.298146
-1.235159
-1.160769
-1.081194
-0.994992
-0.912605
-0.835953
-1.380816
-1.394218
-1.377354
-1.384730
-1.383307
-1.384809
-1.389661
-1.400865
-1.404672
-1.416445
-1.422787
-1.429187
-1.424051
-1.420315
-1.394580
-1.367634
-1.312872
-1.260053
-1.175555
-1.106885
-1.006468
-0.932201
-1.365447
-1.368892
-1.363972
-1.356977
-1.361077
-1.367209
-1.371587
-1.381732
-1.396218
-1.405512
-1.417453
-1.426085
-1.427837
-1.421310
-1.403464
-1.373416
-1.323375
-1.264182
-1.185043
-1.103909
-1.006468
-1.349459
-1.326570
-1.329309
-1.330732
-1.328346
-1.337897
-1.349745
-1.362159
-1.376582
-1.397008
-1.408633
-1.423669
-1.426683
-1.428197
-1.406102
-1.383527
-1.327454
-1.273214
-1.185043
-1.106885
-1.308848
-1.312090
-1.295400
-1.300847
-1.307606
-1.313018
-1.327798
-1.346231
-1.364899
-1.383919
-1.404408
-1.418781
-1.425692
-1.426097
-1.408852
-1.380189
-1.327454
-1.264182
-1.175555
-1.276640
-1.266270
-1.272472
-1.266058
-1.276808
-1.291381
-1.306887
-1.328109
-1.352739
-1.377976
-1.396966
-1.419499
-1.425501
-1.429335
-1.408852
-1.383527
-1.323375
-1.260053
-1.250896
-1.239469
-1.236422
-1.246846
-1.253209
-1.269124
-1.293370
-1.316756
-1.343113
-1.371814
-1.395896
-1.414937
-1.425501
-1.426097
-1.406102
-1.373416
-1.312872
-1.214631
-1.211980
-1.212478
-1.216047
-1.236868
-1.253549
-1.278502
-1.309820
-1.339560
-1.369922
-1.395896
-1.419499
-1.425692
-1.428197
-1.403464
-1.367634
-1.189341
-1.184172
-1.193813
-1.202497
-1.218578
-1.246036
-1.274636
-1.305017
-1.339560
-1.371814
-1.396965
-1.418781
-1.426683
-1.421310
-1.394580
-1.171411
-1.166949
-1.174310
-1.191315
-1.214666
-1.238343
-1.274636
-1.309820
-1.343113
-1.377975
-1.404408
-1.423669
-1.427836
-1.420315
-1.150423
-1.157870
-1.170287
-1.184449
-1.214665
-1.246035
-1.278502
-1.316756
-1.352739
-1.383918
-1.408633
-1.426084
-1.424050
-1.147106
-1.148176
-1.170287
-1.191315
-1.218578
-1.253549
-1.293370
-1.328108
-1.364898
-1.397008
-1.417452
-1.429187
-1.147106
-1.157870
-1.174309
-1.202496
-1.236867
-1.269123
-1.306887
-1.346231
-1.376582
-1.405512
-1.422786
-1.150422
-1.166949
-1.193813
-1.216046
-1.253208
-1.291380
-1.327797
-1.362159
-1.396217
-1.416444
-1.171411
-1.184172
-1.212477
-1.246846
-1.276808
-1.313017
-1.349744
-1.381731
-1.404671
-1.189340
-1.211979
-1.236421
-1.266057
-1.307605
-1.337896
-1.371586
-1.400864
-1.214630
-1.239468
-1.272471
-1.300846
-1.328345
-1.367208
-1.389660
-1.250895
-1.266269
-1.295399
-1.330730
-1.361076
-1.384808
-1.276638
-1.312088
-1.329308
-1.356976
-1.383306
-1.308846
-1.326569
-1.363970
-1.384729
-1.349458
-1.368890
-1.377353
-1.365446
-1.394217
-1.380814
0.969163
0.936728
0.928254
0.890618
0.864378
0.822569
0.789579
0.750596
0.716257
0.691415
0.669969
0.668284
0.669969
0.691415
0.716257
0.750596
0.789579
0.822569
0.864378
0.890618
0.928254
0.936728
0.969163
0.967580
0.958504
0.962437
0.968327
0.960760
0.965418
0.967018
0.975024
0.974354
0.986326
0.986769
0.993731
0.992523
0.994941
0.983719
0.978632
0.958519
0.938860
0.911092
0.880762
0.840729
0.806995
0.753828
0.958363
0.961956
0.942736
0.948347
0.945795
0.951688
0.950134
0.962147
0.966337
0.975159
0.982871
0.989573
0.992168
0.992524
0.990296
0.975600
0.967330
0.938107
0.919752
0.876852
0.851731
0.795246
0.930567
0.922443
0.923747
0.921727
0.918705
0.929484
0.931997
0.943782
0.952157
0.967715
0.973307
0.988138
0.990781
0.995335
0.991615
0.985069
0.968208
0.949474
0.922159
0.888924
0.851731
0.905023
0.907951
0.888952
0.900636
0.895174
0.904979
0.912221
0.927945
0.938069
0.956057
0.968863
0.979471
0.990229
0.991565
0.992253
0.980642
0.971683
0.941815
0.922159
0.876852
0.873907
0.868853
0.864852
0.863392
0.869065
0.881437
0.890066
0.912129
0.926487
0.947687
0.962460
0.980385
0.987006
0.995911
0.993535
0.985761
0.971683
0.949474
0.919752
0.841844
0.837583
0.827695
0.838046
0.837308
0.858173
0.871750
0.895015
0.915935
0.939459
0.957297
0.974524
0.987697
0.989771
0.993535
0.980642
0.968208
0.938107
0.805248
0.801511
0.794780
0.804731
0.814729
0.835324
0.855920
0.885309
0.906597
0.936753
0.955936
0.975962
0.987697
0.995911
0.992253
0.985069
0.967330
0.766613
0.765620
0.762283
0.776673
0.789777
0.818875
0.841674
0.875933
0.903394
0.931502
0.955936
0.974524
0.987006
0.991565
0.991615
0.975600
0.732870
0.733730
0.734516
0.755682
0.773326
0.807641
0.836172
0.873053
0.903394
0.936753
0.957297
0.980385
0.990229
0.995335
0.990296
0.700719
0.706665
0.713168
0.738907
0.763965
0.801817
0.836172
0.875933
0.906597
0.939459
0.962460
0.979471
0.990781
0.992524
0.679059
0.691441
0.702398
0.735324
0.763966
0.807641
0.841674
0.885309
0.915934
0.947687
0.968863
0.988138
0.992168
0.665975
0.683476
0.702398
0.738907
0.773326
0.818875
0.855920
0.895015
0.926487
0.956057
0.973307
0.989573
0.665975
0.691441
0.713168
0.755682
0.789777
0.835324
0.871749
0.912129
0.938069
0.967715
0.982872
0.679059
0.706665
0.734516
0.776673
0.814729
0.858173
0.890066
0.927945
0.952157
0.975159
0.700719
0.733730
0.762284
0.804731
0.837308
0.881437
0.912221
0.943782
0.966337
0.732870
0.765621
0.794780
0.838046
0.869064
0.904979
0.931997
0.962147
0.766613
0.801511
0.827695
0.863392
0.895174
0.929484
0.950134
0.805247
0.837583
0.864852
0.900636
0.918705
0.951688
0.841845
0.868853
0.888952
0.921727
0.945795
0.873907
0.907952
0.923747
0.948347
0.905023
0.922443
0.942736
0.930567
0.961956
0.958363
0.967641
0.958496
0.962604
0.968349
0.960723
0.965748
0.966944
0.975023
0.974611
0.986386
0.986523
0.994215
0.992307
0.994977
0.983834
0.978776
0.958188
0.939325
0.910824
0.880924
0.840671
0.807260
0.753552
0.958306
0.961915
0.942554
0.948481
0.945560
0.951543
0.950238
0.962043
0.965990
0.975525
0.982569
0.989472
0.992284
0.992539
0.989913
0.976021
0.967017
0.938136
0.919734
0.876933
0.851418
0.795502
0.930628
0.922573
0.923755
0.921732
0.918968
0.929505
0.931826
0.944259
0.951962
0.967707
0.973534
0.988223
0.990422
0.995898
0.991294
0.985172
0.968245
0.949653
0.921816
0.889409
0.851418
0.904896
0.907893
0.888964
0.900528
0.894889
0.905274
0.911924
0.927805
0.938242
0.956004
0.968452
0.979967
0.989864
0.991545
0.992336
0.980694
0.971310
0.942236
0.921816
0.876933
0.874043
0.868855
0.864830
0.863718
0.868955
0.881415
0.890350
0.912158
0.926159
0.948284
0.962129
0.980421
0.987162
0.996020
0.993141
0.986334
0.971310
0.949652
0.919734
0.841708
0.837693
0.827470
0.837931
0.837442
0.858079
0.871379
0.895485
0.915567
0.939374
0.957480
0.974512
0.987281
0.990302
0.993141
0.980694
0.968245
0.938136
0.805291
0.801512
0.795006
0.804731
0.814525
0.835822
0.855644
0.885291
0.906841
0.936797
0.955523
0.976611
0.987281
0.996020
0.992336
0.985172
0.967017
0.766579
0.765554
0.762049
0.776978
0.789483
0.818762
0.841891
0.875868
0.902988
0.932075
0.955523
0.974512
0.987162
0.991545
0.991294
0.976021
0.732888
0.733950
0.734395
0.755652
0.773562
0.807644
0.835815
0.873688
0.902988
0.936797
0.957480
0.980421
0.989864
0.995898
0.989913
0.700599
0.706601
0.713289
0.738836
0.763655
0.802304
0.835815
0.875869
0.906841
0.939374
0.962129
0.979967
0.990422
0.992539
0.679152
0.691438
0.702199
0.735757
0.763655
0.807644
0.841891
0.885292
0.915567
0.948284
0.968452
0.988223
0.992284
0.665885
0.683678
0.702198
0.738836
0.773562
0.818762
0.855644
0.895485
0.926159
0.956004
0.973534
0.989472
0.665885
0.691438
0.713290
0.755652
0.789483
0.835822
0.871379
0.912157
0.938242
0.967707
0.982569
0.679152
0.706600
0.734395
0.776978
0.814524
0.858079
0.890350
0.927805
0.951962
0.975525
0.700599
0.733951
0.762048
0.804731
0.837441
0.881415
0.911924
0.944258
0.965990
0.732888
0.765554
0.795006
0.837931
0.868955
0.905273
0.931826
0.962043
0.766579
0.801512
0.827470
0.863718
0.894889
0.929505
0.950238
0.805292
0.837693
0.864829
0.900528
0.918968
0.951543
0.841708
0.868855
0.888964
0.921732
0.945560
0.874043
0.907893
0.923755
0.948481
0.904896
0.922573
0.942554
0.930627
0.961915
0.958306

