Tension at each vertex
-0.013457
-0.013457
-0.013414
-0.013414
-1.416699
0.964707
-1.416702
0.964706
-0.740539
-0.740504
0.730855
0.731297
-0.018660
-0.110764
-0.090668
-0.181241
-0.178542
-0.257739
-0.279076
-0.363431
-0.405140
-0.509148
-0.578525
-0.704131
-0.802479
-0.940955
-1.045825
-1.171964
-1.248391
-1.334354
-1.371285
-1.409457
-1.408006
-1.437237
-1.408480
-0.040168
-0.114334
-0.125874
-0.176666
-0.207930
-0.260291
-0.299519
-0.368840
-0.424892
-0.513858
-0.597939
-0.711121
-0.819469
-0.948210
-1.058752
-1.172712
-1.257652
-1.327399
-1.373922
-1.403176
-1.418243
-1.397997
-0.024810
-0.117648
-0.111613
-0.189734
-0.193639
-0.277304
-0.295442
-0.385822
-0.429814
-0.536002
-0.608356
-0.736261
-0.831645
-0.968959
-1.068204
-1.185461
-1.259269
-1.336931
-1.371260
-1.409800
-1.418245
-0.057811
-0.103204
-0.133259
-0.182302
-0.213526
-0.267925
-0.313201
-0.379991
-0.443403
-0.533845
-0.620524
-0.735035
-0.843345
-0.967789
-1.075970
-1.183078
-1.260841
-1.330970
-1.371256
-1.403176
-0.047873
-0.119215
-0.117916
-0.197625
-0.205429
-0.286118
-0.308805
-0.401526
-0.445747
-0.555717
-0.628151
-0.755401
-0.850458
-0.983767
-1.078171
-1.192835
-1.260841
-1.336928
-1.373922
-0.044079
-0.111763
-0.132996
-0.183548
-0.218543
-0.274021
-0.320316
-0.389903
-0.455665
-0.545301
-0.634609
-0.747574
-0.853888
-0.976297
-1.078167
-1.183075
-1.259259
-1.327391
-0.054009
-0.114005
-0.130129
-0.200112
-0.213052
-0.293423
-0.318557
-0.410162
-0.456791
-0.565646
-0.636854
-0.763096
-0.853892
-0.983767
-1.075970
-1.185456
-1.257642
-0.052208
-0.111075
-0.130666
-0.188951
-0.219982
-0.278299
-0.325341
-0.394967
-0.459732
-0.549934
-0.636851
-0.747573
-0.850453
-0.967787
-1.068196
-1.172704
-0.049758
-0.120903
-0.133776
-0.201255
-0.220448
-0.295496
-0.323859
-0.413851
-0.459735
-0.565647
-0.634612
-0.755403
-0.843346
-0.968959
-1.058751
-0.054531
-0.106547
-0.135040
-0.188905
-0.220573
-0.281530
-0.323857
-0.394967
-0.456787
-0.545301
-0.628145
-0.735033
-0.831639
-0.948207
-0.053681
-0.122403
-0.134112
-0.204377
-0.220574
-0.295497
-0.325341
-0.410166
-0.455666
-0.555721
-0.620526
-0.736265
-0.819470
-0.053280
-0.107923
-0.134112
-0.188905
-0.220445
-0.278301
-0.318552
-0.389902
-0.445740
-0.533844
-0.608348
-0.711119
-0.053280
-0.122404
-0.135038
-0.201259
-0.219979
-0.293428
-0.320317
-0.401532
-0.443403
-0.536010
-0.597940
-0.053678
-0.106551
-0.133770
-0.188954
-0.213046
-0.274021
-0.308796
-0.379991
-0.429804
-0.513856
-0.054524
-0.120909
-0.130662
-0.200117
-0.218540
-0.286128
-0.313201
-0.385831
-0.424893
-0.049750
-0.111079
-0.130120
-0.183553
-0.205416
-0.267924
-0.295431
-0.368839
-0.052200
-0.114015
-0.132986
-0.197636
-0.213524
-0.277316
-0.299519
-0.053995
-0.111771
-0.117904
-0.182302
-0.193622
-0.260291
-0.044068
-0.119225
-0.133252
-0.189753
-0.207927
-0.047859
-0.103212
-0.111590
-0.176665
-0.057793
-0.117668
-0.125873
-0.024792
-0.114331
-0.040158
-0.050714
-0.061783
-0.042205
-0.026968
-0.041905
-0.038427
-0.026736
-0.041865
-0.027637
-0.038800
-0.026184
-0.040772
-0.026184
-0.038794
-0.027630
-0.041857
-0.026727
-0.038411
-0.041897
-0.026949
-0.042191
-0.061764
-0.050703
0.046493
0.026420
0.126347
0.120512
0.215401
0.237742
0.328034
0.370228
0.463737
0.515637
0.608444
0.661810
0.744476
0.791957
0.854670
0.888958
0.931594
0.946769
0.971229
0.972761
0.981469
0.969388
0.964364
0.031275
0.036058
0.102620
0.140219
0.203446
0.256034
0.330974
0.389260
0.473617
0.535833
0.620262
0.680642
0.755200
0.803995
0.864424
0.892793
0.936569
0.947284
0.972979
0.968497
0.981187
0.974279
0.052811
0.035214
0.127381
0.135680
0.228533
0.251004
0.349030
0.387772
0.485355
0.536013
0.627932
0.679372
0.760906
0.801678
0.865980
0.893360
0.934733
0.947941
0.971904
0.972130
0.981196
0.019393
0.056621
0.108601
0.153946
0.219182
0.273790
0.346857
0.411241
0.490379
0.556440
0.637435
0.695575
0.768390
0.813928
0.869272
0.898039
0.937524
0.946827
0.971837
0.968517
0.032103
0.042048
0.130714
0.140929
0.234821
0.262409
0.359717
0.400300
0.500517
0.547247
0.642096
0.689644
0.769418
0.808718
0.871077
0.893892
0.937532
0.947966
0.973022
0.036118
0.052883
0.118640
0.163806
0.227813
0.285757
0.359336
0.423328
0.502701
0.569406
0.645554
0.705126
0.773323
0.816146
0.871044
0.898048
0.934707
0.947274
0.028551
0.052070
0.124773
0.148927
0.239140
0.268925
0.367582
0.409051
0.507053
0.554583
0.648377
0.691913
0.773328
0.808731
0.869293
0.893375
0.936556
0.030061
0.058399
0.127385
0.165969
0.237022
0.292633
0.365480
0.431071
0.508885
0.572617
0.648364
0.705129
0.769403
0.813928
0.865923
0.892853
0.034526
0.048313
0.126715
0.154238
0.238680
0.275516
0.369956
0.410712
0.508886
0.554590
0.645559
0.689660
0.768373
0.801749
0.864385
0.029729
0.065936
0.126532
0.171126
0.240881
0.292701
0.369952
0.431072
0.507045
0.569411
0.642062
0.695611
0.760845
0.804002
0.031401
0.049086
0.128742
0.152907
0.240881
0.275519
0.365478
0.409064
0.502685
0.547289
0.637408
0.679406
0.755215
0.031959
0.065344
0.128741
0.171127
0.238675
0.292640
0.367562
0.423349
0.500483
0.556450
0.627915
0.680643
0.031958
0.049087
0.126529
0.154247
0.237010
0.268947
0.359318
0.400323
0.490376
0.536042
0.620229
0.031398
0.065942
0.126704
0.165982
0.239122
0.285766
0.359700
0.411250
0.485310
0.535879
0.029720
0.048324
0.127373
0.148940
0.227802
0.262431
0.346833
0.387827
0.473580
0.034517
0.058406
0.124760
0.163818
0.234792
0.273816
0.348985
0.389276
0.030051
0.052084
0.118621
0.140957
0.219159
0.251036
0.330966
0.028534
0.052899
0.130690
0.153959
0.228507
0.256044
0.036102
0.042066
0.108587
0.135706
0.203424
0.032087
0.056633
0.127349
0.140240
0.019370
0.035244
0.102598
0.052788
0.036068
0.031257
-0.077302
-0.052720
-0.102439
-0.102515
-0.144660
-0.148405
-0.193163
-0.197181
-0.246654
-0.252707
-0.306796
-0.314422
-0.374500
-0.385225
-0.447236
-0.463845
-0.524263
-0.542744
-0.605309
-0.619157
-0.676377
-0.699550
-0.743563
-1.414573
-1.403281
-1.408022
-1.402512
-1.410513
-1.403744
-1.412577
-1.413889
-1.417335
-1.416483
-1.418603
-1.407098
-1.395882
-1.368012
-1.335732
-1.280833
-1.225037
-1.142345
-1.071971
-0.970495
-0.904043
-0.791190
-1.411119
-1.428222
-1.418965
-1.421992
-1.420109
-1.425258
-1.419882
-1.421699
-1.418475
-1.409633
-1.397058
-1.376580
-1.346023
-1.303237
-1.250582
-1.183025
-1.110702
-1.023431
-0.943520
-0.852553
-0.774941
-1.425692
-1.406374
-1.421449
-1.412762
-1.414842
-1.409316
-1.410491
-1.397294
-1.390065
-1.370032
-1.346767
-1.308033
-1.267309
-1.203874
-1.144653
-1.059073
-0.989448
-0.894043
-0.824383
-0.730930
-1.402365
-1.415982
-1.399827
-1.408507
-1.398295
-1.392189
-1.379115
-1.364824
-1.338978
-1.308052
-1.268903
-1.215039
-1.158716
-1.084016
-1.014317
-0.928677
-0.853504
-0.767766
-0.703570
-1.372448
-1.365186
-1.371300
-1.353331
-1.351863
-1.332556
-1.314830
-1.284789
-1.254169
-1.205068
-1.158537
-1.090423
-1.030356
-0.947991
-0.881525
-0.793752
-0.735584
-0.644532
-1.325834
-1.324637
-1.310907
-1.306634
-1.280430
-1.262261
-1.228957
-1.190298
-1.144845
-1.087540
-1.029848
-0.957263
-0.892461
-0.812734
-0.751283
-0.667879
-0.620311
-1.246670
-1.233695
-1.222487
-1.199665
-1.180351
-1.142106
-1.108358
-1.057472
-1.010109
-0.945325
-0.889834
-0.816171
-0.761067
-0.681186
-0.637148
-0.557240
-1.152810
-1.145177
-1.120194
-1.098385
-1.062097
-1.026820
-0.979673
-0.927624
-0.875165
-0.811573
-0.758261
-0.686804
-0.641579
-0.568146
-0.531489
-1.033527
-1.010569
-0.989455
-0.956640
-0.923928
-0.878066
-0.838591
-0.782843
-0.738833
-0.676064
-0.636674
-0.568929
-0.535945
-0.470013
-0.915325
-0.900342
-0.866416
-0.838083
-0.798834
-0.757436
-0.714524
-0.663386
-0.625046
-0.565032
-0.533233
-0.472089
-0.447633
-0.783646
-0.757803
-0.733783
-0.697593
-0.667912
-0.624189
-0.595257
-0.543048
-0.518295
-0.463824
-0.442862
-0.385397
-0.677622
-0.659477
-0.628676
-0.600503
-0.569941
-0.529190
-0.504019
-0.456912
-0.435934
-0.383817
-0.371914
-0.564213
-0.538125
-0.520662
-0.484602
-0.470054
-0.428416
-0.414342
-0.369210
-0.361042
-0.309842
-0.486082
-0.468636
-0.449118
-0.420057
-0.401396
-0.365480
-0.353641
-0.308082
-0.303368
-0.400446
-0.371698
-0.364938
-0.332649
-0.328837
-0.287927
-0.288672
-0.243633
-0.347596
-0.333545
-0.319372
-0.290408
-0.283497
-0.246385
-0.243227
-0.279964
-0.249951
-0.256356
-0.220589
-0.225786
-0.183261
-0.250473
-0.231648
-0.222238
-0.193243
-0.191912
-0.187747
-0.159608
-0.172562
-0.127508
-0.171553
-0.143614
-0.145701
-0.119720
-0.077084
-0.099777
0.046528
0.026385
0.126380
0.120475
0.215450
0.237689
0.328081
0.370195
0.463762
0.515591
0.608518
0.661713
0.744548
0.791924
0.854682
0.888916
0.931698
0.946662
0.971313
0.972755
0.981509
0.969348
0.964473
0.948850
0.939327
0.943569
0.949883
0.941007
0.946778
0.948243
0.955888
0.955921
0.967848
0.968920
0.975700
0.975866
0.978150
0.968249
0.963971
0.944971
0.926786
0.900050
0.871604
0.832223
0.801430
0.746846
0.021967
0.091317
0.076290
0.146359
0.142124
0.208822
0.214404
0.280799
0.294312
0.359137
0.378116
0.441206
0.462268
0.519157
0.543024
0.592355
0.610208
0.659529
0.669707
0.705518
0.722592
0.757867
0.077677
0.110460
0.141361
0.180610
0.212691
0.260382
0.291622
0.345695
0.376699
0.434013
0.463706
0.519289
0.548281
0.599058
0.620882
0.671172
0.684039
0.724328
0.739879
0.769045
0.766310
0.111353
0.184927
0.188716
0.257404
0.268670
0.337543
0.357621
0.424120
0.450659
0.512574
0.542972
0.598153
0.625332
0.677077
0.697305
0.738625
0.760209
0.788498
0.801104
0.831498
0.185229
0.213041
0.262767
0.304239
0.351173
0.398871
0.445125
0.496366
0.540068
0.590846
0.627785
0.677936
0.704771
0.747801
0.771129
0.802894
0.816839
0.848834
0.848282
0.223348
0.300275
0.317636
0.387908
0.415659
0.483032
0.516616
0.579257
0.613788
0.671154
0.700875
0.748725
0.776021
0.810912
0.831050
0.861751
0.870105
0.892625
0.305477
0.339486
0.404314
0.446100
0.505713
0.552321
0.606580
0.654376
0.698798
0.742908
0.778907
0.814053
0.838834
0.870315
0.881260
0.906297
0.912706
0.359093
0.432353
0.465331
0.535390
0.573325
0.637975
0.674932
0.731772
0.765444
0.809571
0.835918
0.871720
0.886822
0.912879
0.924427
0.938064
0.444497
0.485823
0.556771
0.599760
0.662361
0.706016
0.758396
0.795791
0.835502
0.867776
0.891097
0.916081
0.930943
0.945337
0.952389
0.507258
0.577599
0.619624
0.685658
0.725112
0.780210
0.814111
0.858498
0.880483
0.913082
0.928454
0.946422
0.955575
0.967414
0.594086
0.637124
0.706389
0.745156
0.803105
0.836857
0.876865
0.903535
0.930183
0.944791
0.959720
0.969704
0.971848
0.655737
0.719831
0.762476
0.817275
0.848398
0.891611
0.913270
0.939102
0.951808
0.967876
0.969081
0.977378
0.737006
0.774115
0.832804
0.864029
0.906965
0.925136
0.952869
0.963583
0.973184
0.977644
0.979372
0.786570
0.841386
0.873034
0.911327
0.932075
0.957284
0.962194
0.975856
0.974535
0.974763
0.853277
0.878732
0.924055
0.940238
0.963579
0.970955
0.981365
0.976024
0.975897
0.886859
0.925142
0.940209
0.965426
0.969726
0.976193
0.971754
0.970712
0.930984
0.946350
0.971959
0.971469
0.982259
0.975770
0.968904
0.946616
0.966960
0.970562
0.979437
0.966697
0.963688
0.973633
0.974912
0.980590
0.971934
0.969072
0.968381
0.977985
0.968860
0.959906
0.984833
0.971466
0.965875
0.962981
0.965306
0.982700
-0.036527
0.028599
0.031067
0.079669
0.090091
0.140570
0.155932
0.210916
0.226911
0.286537
0.304363
0.364949
0.382927
0.443795
0.460333
0.515258
0.533852
0.581468
0.592086
0.641773
0.645957
0.672906
0.684010
-0.632162
-0.561414
-0.479606
-0.412169
-0.354408
-0.298047
-0.248544
-0.203372
-0.158046
-0.114023
-0.067625
-0.019327
0.032206
0.088509
0.148570
0.212846
0.282482
0.349630
0.423348
0.494898
0.558807
0.634335
-0.587425
-0.504491
-0.423817
-0.358681
-0.289948
-0.242487
-0.183944
-0.142192
-0.090524
-0.049977
0.002089
0.046663
0.105041
0.155329
0.222482
0.277860
0.352055
0.413258
0.487241
0.548089
0.627327
-0.577016
-0.495620
-0.419463
-0.360908
-0.301508
-0.251872
-0.205001
-0.159898
-0.114643
-0.068339
-0.018637
0.032829
0.090936
0.151131
0.217747
0.287297
0.357873
0.431598
0.506945
0.575708
-0.520934
-0.441540
-0.362776
-0.301718
-0.241731
-0.192504
-0.139701
-0.097022
-0.046178
-0.003041
0.051967
0.101474
0.162994
0.220559
0.289105
0.352661
0.428891
0.492929
0.569294
-0.506772
-0.433605
-0.364693
-0.307756
-0.253245
-0.207555
-0.159867
-0.115510
-0.067058
-0.017981
0.035437
0.093124
0.155850
0.222538
0.294493
0.367228
0.442280
0.523304
-0.452056
-0.374081
-0.305185
-0.248562
-0.192633
-0.144701
-0.095217
-0.049732
-0.000162
0.049456
0.105909
0.161846
0.226774
0.290515
0.361940
0.434441
0.507056
-0.438878
-0.372740
-0.308738
-0.257288
-0.207192
-0.161959
-0.114979
-0.067891
-0.016587
0.035767
0.095459
0.158387
0.226594
0.300129
0.374110
0.453467
-0.380453
-0.311293
-0.251145
-0.196348
-0.146016
-0.097685
-0.050082
-0.002224
0.049686
0.104971
0.163010
0.227052
0.293603
0.365217
0.440601
-0.373947
-0.312192
-0.256524
-0.208638
-0.160992
-0.116306
-0.067017
-0.017184
0.036714
0.095472
0.160408
0.228423
0.303596
0.379290
-0.313816
-0.252617
-0.197613
-0.146333
-0.098277
-0.049568
-0.003253
0.050007
0.103951
0.163110
0.225842
0.294670
0.365820
-0.310640
-0.255671
-0.206366
-0.160121
-0.114683
-0.066736
-0.015388
0.036106
0.096963
0.159899
0.230488
0.303401
-0.252705
-0.197416
-0.146896
-0.097223
-0.050119
-0.002747
0.048301
0.104076
0.160231
0.224747
0.291697
-0.253728
-0.203725
-0.158827
-0.114449
-0.065930
-0.016312
0.036663
0.094258
0.161123
0.226597
-0.195632
-0.147685
-0.096536
-0.050483
-0.003717
0.046717
0.102022
0.156812
0.220418
-0.201969
-0.155248
-0.114141
-0.065801
-0.015191
0.033612
0.095302
0.155399
-0.142118
-0.098984
-0.045917
-0.007493
0.048658
0.096588
0.155134
-0.153841
-0.111457
-0.065372
-0.016304
0.034393
0.089241
-0.088585
-0.052632
0.000602
0.039178
0.100761
-0.112315
-0.065635
-0.016857
0.028630
-0.034056
-0.011578
0.053014
-0.073923
-0.025641
0.028552
-0.050713
-0.061783
-0.042205
-0.026968
-0.041904
-0.038426
-0.026736
-0.041864
-0.027637
-0.038799
-0.026184
-0.040771
-0.026183
-0.038793
-0.027630
-0.041857
-0.026726
-0.038410
-0.041896
-0.026949
-0.042191
-0.061763
-0.050703
-0.018698
-0.110729
-0.090695
-0.181220
-0.178560
-0.257722
-0.279092
-0.363418
-0.405152
-0.509140
-0.578536
-0.704127
-0.802491
-0.940957
-1.045838
-1.171970
-1.248397
-1.334349
-1.371287
-1.409458
-1.408011
-1.437239
-1.408485
-0.040158
-0.114330
-0.125873
-0.176664
-0.207927
-0.260291
-0.299518
-0.368838
-0.424892
-0.513856
-0.597940
-0.711119
-0.819471
-0.948208
-1.058753
-1.172706
-1.257644
-1.327393
-1.373925
-1.403179
-1.418249
-1.398001
-0.024792
-0.117668
-0.111590
-0.189752
-0.193622
-0.277316
-0.295430
-0.385831
-0.429803
-0.536009
-0.608348
-0.736265
-0.831639
-0.968960
-1.068197
-1.185458
-1.259260
-1.336929
-1.371258
-1.409802
-1.418247
-0.057793
-0.103211
-0.133252
-0.182301
-0.213524
-0.267924
-0.313200
-0.379991
-0.443403
-0.533844
-0.620526
-0.735034
-0.843347
-0.967787
-1.075970
-1.183075
-1.260841
-1.330970
-1.371260
-1.403178
-0.047858
-0.119225
-0.117903
-0.197635
-0.205416
-0.286127
-0.308795
-0.401532
-0.445740
-0.555721
-0.628145
-0.755403
-0.850454
-0.983768
-1.078167
-1.192835
-1.260838
-1.336928
-1.373921
-0.044067
-0.111771
-0.132986
-0.183552
-0.218540
-0.274021
-0.320316
-0.389902
-0.455666
-0.545301
-0.634612
-0.747574
-0.853892
-0.976298
-1.078171
-1.183076
-1.259263
-1.327391
-0.053994
-0.114015
-0.130120
-0.200117
-0.213046
-0.293428
-0.318551
-0.410165
-0.456786
-0.565648
-0.636851
-0.763097
-0.853889
-0.983768
-1.075969
-1.185458
-1.257641
-0.052199
-0.111078
-0.130661
-0.188953
-0.219979
-0.278300
-0.325341
-0.394966
-0.459735
-0.549935
-0.636855
-0.747575
-0.850460
-0.967790
-1.068204
-1.172709
-0.049750
-0.120908
-0.133769
-0.201259
-0.220444
-0.295496
-0.323857
-0.413851
-0.459732
-0.565647
-0.634610
-0.755402
-0.843347
-0.968961
-1.058756
-0.054523
-0.106551
-0.135038
-0.188904
-0.220573
-0.281529
-0.323859
-0.394967
-0.456791
-0.545302
-0.628152
-0.735037
-0.831648
-0.948214
-0.053677
-0.122403
-0.134111
-0.204376
-0.220572
-0.295496
-0.325340
-0.410162
-0.455665
-0.555718
-0.620526
-0.736263
-0.819473
-0.053280
-0.107923
-0.134112
-0.188904
-0.220447
-0.278298
-0.318557
-0.389903
-0.445747
-0.533846
-0.608357
-0.711123
-0.053279
-0.122403
-0.135039
-0.201255
-0.219982
-0.293423
-0.320316
-0.401526
-0.443403
-0.536003
-0.597941
-0.053681
-0.106547
-0.133776
-0.188950
-0.213051
-0.274021
-0.308805
-0.379992
-0.429814
-0.513859
-0.054530
-0.120902
-0.130665
-0.200111
-0.218543
-0.286118
-0.313201
-0.385822
-0.424892
-0.049757
-0.111075
-0.130128
-0.183548
-0.205428
-0.267924
-0.295442
-0.368840
-0.052207
-0.114004
-0.132995
-0.197624
-0.213525
-0.277304
-0.299519
-0.054009
-0.111762
-0.117915
-0.182301
-0.193638
-0.260291
-0.044078
-0.119214
-0.133258
-0.189734
-0.207929
-0.047872
-0.103203
-0.111612
-0.176666
-0.057810
-0.117647
-0.125874
-0.024810
-0.114333
-0.040168
0.046528
0.026385
0.126380
0.120475
0.215450
0.237689
0.328081
0.370195
0.463762
0.515592
0.608518
0.661713
0.744548
0.791924
0.854682
0.888916
0.931698
0.946662
0.971313
0.972755
0.981509
0.969348
0.964473
0.031258
0.036069
0.102599
0.140241
0.203424
0.256044
0.330966
0.389276
0.473580
0.535879
0.620229
0.680643
0.755215
0.804002
0.864385
0.892852
0.936556
0.947274
0.973022
0.968517
0.981196
0.974278
0.052789
0.035244
0.127350
0.135707
0.228508
0.251036
0.348985
0.387827
0.485310
0.536042
0.627915
0.679406
0.760845
0.801749
0.865923
0.893375
0.934707
0.947965
0.971837
0.972130
0.981187
0.019371
0.056634
0.108587
0.153960
0.219159
0.273816
0.346834
0.411250
0.490376
0.556450
0.637408
0.695611
0.768373
0.813928
0.869292
0.898047
0.937532
0.946826
0.971904
0.968496
0.032088
0.042066
0.130691
0.140958
0.234793
0.262431
0.359701
0.400323
0.500483
0.547289
0.642062
0.689660
0.769403
0.808731
0.871043
0.893892
0.937524
0.947941
0.972979
0.036103
0.052900
0.118621
0.163819
0.227803
0.285767
0.359318
0.423349
0.502685
0.569411
0.645559
0.705129
0.773328
0.816146
0.871077
0.898038
0.934733
0.947284
0.028534
0.052085
0.124760
0.148941
0.239122
0.268947
0.367562
0.409064
0.507045
0.554590
0.648364
0.691913
0.773323
0.808718
0.869272
0.893360
0.936569
0.030051
0.058406
0.127374
0.165982
0.237010
0.292640
0.365478
0.431072
0.508886
0.572617
0.648377
0.705126
0.769418
0.813928
0.865980
0.892792
0.034517
0.048325
0.126704
0.154247
0.238676
0.275519
0.369953
0.410712
0.508885
0.554584
0.645554
0.689644
0.768390
0.801678
0.864424
0.029720
0.065942
0.126529
0.171127
0.240882
0.292701
0.369956
0.431071
0.507054
0.569406
0.642096
0.695575
0.760906
0.803995
0.031398
0.049088
0.128742
0.152907
0.240882
0.275516
0.365480
0.409051
0.502701
0.547247
0.637435
0.679372
0.755200
0.031959
0.065344
0.128742
0.171126
0.238681
0.292633
0.367582
0.423328
0.500517
0.556440
0.627932
0.680642
0.031959
0.049087
0.126533
0.154239
0.237023
0.268926
0.359336
0.400300
0.490379
0.536014
0.620262
0.031402
0.065936
0.126716
0.165970
0.239140
0.285757
0.359717
0.411241
0.485355
0.535833
0.029729
0.048314
0.127385
0.148928
0.227813
0.262409
0.346857
0.387773
0.473618
0.034527
0.058399
0.124773
0.163807
0.234821
0.273790
0.349031
0.389261
0.030061
0.052070
0.118640
0.140929
0.219183
0.251005
0.330974
0.028552
0.052884
0.130715
0.153946
0.228533
0.256034
0.036119
0.042049
0.108601
0.135680
0.203446
0.032104
0.056621
0.127381
0.140219
0.019393
0.035215
0.102620
0.052811
0.036059
0.031275
-0.018660
-0.110763
-0.090668
-0.181241
-0.178541
-0.257738
-0.279076
-0.363430
-0.405139
-0.509147
-0.578525
-0.704131
-0.802479
-0.940956
-1.045826
-1.171966
-1.248393
-1.334356
-1.371288
-1.409460
-1.408010
-1.437240
-1.408483
-1.395318
-1.403998
-1.390647
-1.395673
-1.387123
-1.394211
-1.397744
-1.400411
-1.407353
-1.414934
-1.418215
-1.420048
-1.418535
-1.407044
-1.386819
-1.354237
-1.307775
-1.246533
-1.172961
-1.091053
-1.002033
-0.914878
-0.833508
-0.099777
-0.077084
-0.145701
-0.127508
-0.191911
-0.183260
-0.243227
-0.243633
-0.303367
-0.309842
-0.371914
-0.385396
-0.447632
-0.470012
-0.531488
-0.557239
-0.620310
-0.644531
-0.703570
-0.730929
-0.774940
-0.791190
-0.119720
-0.143614
-0.172561
-0.193242
-0.225786
-0.246385
-0.288672
-0.308081
-0.361041
-0.383816
-0.442861
-0.472088
-0.535945
-0.568145
-0.637147
-0.667878
-0.735584
-0.767766
-0.824382
-0.852553
-0.904042
-0.171553
-0.159608
-0.222238
-0.220589
-0.283497
-0.287926
-0.353641
-0.369209
-0.435933
-0.463823
-0.533232
-0.568928
-0.641578
-0.681185
-0.751282
-0.793751
-0.853503
-0.894043
-0.943519
-0.970494
-0.187747
-0.231647
-0.256355
-0.290407
-0.328836
-0.365479
-0.414342
-0.456911
-0.518294
-0.565031
-0.636674
-0.686803
-0.761066
-0.812733
-0.881525
-0.928677
-0.989448
-1.023430
-1.071971
-0.250473
-0.249950
-0.319372
-0.332648
-0.401395
-0.428415
-0.504018
-0.543047
-0.625045
-0.676063
-0.758260
-0.816170
-0.892460
-0.947990
-1.014316
-1.059072
-1.110701
-1.142345
-0.279964
-0.333545
-0.364937
-0.420056
-0.470053
-0.529189
-0.595257
-0.663385
-0.738832
-0.811572
-0.889833
-0.957262
-1.030355
-1.084015
-1.144652
-1.183025
-1.225037
-0.347596
-0.371697
-0.449117
-0.484602
-0.569940
-0.624188
-0.714523
-0.782843
-0.875164
-0.945325
-1.029847
-1.090423
-1.158716
-1.203874
-1.250582
-1.280832
-0.400445
-0.468635
-0.520661
-0.600502
-0.667911
-0.757435
-0.838590
-0.927624
-1.010109
-1.087540
-1.158537
-1.215038
-1.267309
-1.303237
-1.335732
-0.486082
-0.538125
-0.628676
-0.697592
-0.798833
-0.878066
-0.979672
-1.057472
-1.144845
-1.205068
-1.268903
-1.308033
-1.346023
-1.368012
-0.564213
-0.659477
-0.733782
-0.838083
-0.923927
-1.026820
-1.108359
-1.190299
-1.254169
-1.308052
-1.346767
-1.376581
-1.395882
-0.677622
-0.757803
-0.866416
-0.956640
-1.062097
-1.142107
-1.228957
-1.284790
-1.338978
-1.370032
-1.397059
-1.407099
-0.783647
-0.900342
-0.989456
-1.098386
-1.180352
-1.262262
-1.314832
-1.364825
-1.390066
-1.409634
-1.418604
-0.915326
-1.010570
-1.120195
-1.199667
-1.280431
-1.332557
-1.379116
-1.397296
-1.418477
-1.416484
-1.033529
-1.145178
-1.222489
-1.306636
-1.351865
-1.392191
-1.410493
-1.421701
-1.417337
-1.152811
-1.233697
-1.310909
-1.353333
-1.398297
-1.409318
-1.419884
-1.413891
-1.246672
-1.324639
-1.371302
-1.408509
-1.414844
-1.425260
-1.412579
-1.325837
-1.365189
-1.399829
-1.412765
-1.420111
-1.403746
-1.372451
-1.415984
-1.421452
-1.421995
-1.410516
-1.402368
-1.406376
-1.418967
-1.402515
-1.425695
-1.428225
-1.408024
-1.411122
-1.403283
-1.414576
-0.036526
0.028599
0.031067
0.079669
0.090092
0.140570
0.155933
0.210916
0.226911
0.286537
0.304363
0.364949
0.382927
0.443795
0.460333
0.515258
0.533852
0.581468
0.592086
0.641773
0.645957
0.672906
0.684010
0.982699
0.965305
0.965875
0.959906
0.969072
0.963688
0.968904
0.970712
0.975897
0.974763
0.979372
0.977378
0.971848
0.967414
0.952389
0.938064
0.912706
0.892625
0.848282
0.831498
0.766310
0.757867
0.962980
0.971465
0.968860
0.971934
0.966696
0.975770
0.971754
0.976024
0.974535
0.977643
0.969081
0.969704
0.955575
0.945336
0.924427
0.906297
0.870105
0.848834
0.801104
0.769045
0.722592
0.984833
0.977985
0.980590
0.979437
0.982259
0.976193
0.981365
0.975856
0.973183
0.967876
0.959720
0.946422
0.930943
0.912879
0.881260
0.861751
0.816839
0.788498
0.739879
0.705518
0.968380
0.974912
0.970562
0.971469
0.969726
0.970954
0.962194
0.963583
0.951808
0.944790
0.928454
0.916081
0.886822
0.870315
0.831050
0.802894
0.760209
0.724328
0.669707
0.973632
0.966959
0.971959
0.965426
0.963579
0.957284
0.952869
0.939101
0.930183
0.913082
0.891097
0.871719
0.838834
0.810912
0.771129
0.738625
0.684038
0.659529
0.946616
0.946350
0.940209
0.940237
0.932075
0.925135
0.913270
0.903535
0.880483
0.867776
0.835918
0.814053
0.776021
0.747801
0.697305
0.671172
0.610208
0.930983
0.925142
0.924054
0.911327
0.906965
0.891611
0.876865
0.858498
0.835502
0.809571
0.778907
0.748725
0.704771
0.677077
0.620882
0.592355
0.886859
0.878732
0.873034
0.864029
0.848398
0.836857
0.814111
0.795791
0.765444
0.742908
0.700875
0.677936
0.625332
0.599058
0.543024
0.853276
0.841386
0.832804
0.817275
0.803105
0.780209
0.758396
0.731772
0.698798
0.671154
0.627785
0.598153
0.548281
0.519157
0.786570
0.774115
0.762476
0.745156
0.725112
0.706016
0.674932
0.654376
0.613788
0.590846
0.542972
0.519289
0.462268
0.737006
0.719831
0.706389
0.685658
0.662361
0.637975
0.606580
0.579257
0.540068
0.512574
0.463706
0.441206
0.655737
0.637124
0.619624
0.599760
0.573325
0.552321
0.516616
0.496366
0.450659
0.434013
0.378116
0.594086
0.577599
0.556771
0.535390
0.505713
0.483032
0.445125
0.424120
0.376699
0.359137
0.507258
0.485823
0.465331
0.446100
0.415659
0.398871
0.357621
0.345695
0.294312
0.444498
0.432353
0.404315
0.387908
0.351173
0.337543
0.291622
0.280799
0.359093
0.339486
0.317636
0.304239
0.268671
0.260382
0.214404
0.305477
0.300275
0.262767
0.257404
0.212691
0.208822
0.223348
0.213041
0.188716
0.180610
0.142124
0.185230
0.184927
0.141361
0.146359
0.111353
0.110460
0.076290
0.077678
0.091317
0.021967
-0.077301
-0.052720
-0.102438
-0.102515
-0.144660
-0.148405
-0.193163
-0.197180
-0.246654
-0.252707
-0.306795
-0.314421
-0.374500
-0.385224
-0.447236
-0.463845
-0.524263
-0.542743
-0.605308
-0.619157
-0.676376
-0.699549
-0.743563
-0.663128
-0.582493
-0.485266
-0.426155
-0.346362
-0.294038
-0.233392
-0.188421
-0.134600
-0.095198
-0.043323
-0.003076
0.052575
0.098621
0.160567
0.214051
0.282640
0.340566
0.418192
0.470559
0.552917
0.599194
0.670518
0.028552
-0.025640
0.053015
0.028630
0.100761
0.089241
0.155134
0.155399
0.220418
0.226597
0.291697
0.303401
0.365820
0.379290
0.440601
0.453467
0.507056
0.523304
0.569294
0.575708
0.627327
0.634335
-0.073923
-0.011578
-0.016857
0.039178
0.034393
0.096588
0.095302
0.156812
0.161123
0.224747
0.230488
0.294670
0.303596
0.365217
0.374110
0.434441
0.442280
0.492929
0.506945
0.548089
0.558807
-0.034056
-0.065635
0.000602
-0.016303
0.048658
0.033613
0.102023
0.094259
0.160231
0.159899
0.225842
0.228424
0.293604
0.300129
0.361940
0.367228
0.428891
0.431598
0.487241
0.494898
-0.112315
-0.052632
-0.065372
-0.007493
-0.015191
0.046718
0.036663
0.104077
0.096963
0.163110
0.160408
0.227052
0.226594
0.290515
0.294493
0.352661
0.357873
0.413258
0.423348
-0.088584
-0.111457
-0.045917
-0.065801
-0.003717
-0.016312
0.048301
0.036106
0.103951
0.095472
0.163010
0.158387
0.226774
0.222538
0.289105
0.287297
0.352055
0.349630
-0.153841
-0.098984
-0.114141
-0.050483
-0.065930
-0.002747
-0.015388
0.050007
0.036714
0.104971
0.095459
0.161846
0.155850
0.220559
0.217747
0.277860
0.282482
-0.142118
-0.155248
-0.096536
-0.114448
-0.050119
-0.066736
-0.003253
-0.017184
0.049686
0.035767
0.105909
0.093124
0.162994
0.151131
0.222482
0.212846
-0.201968
-0.147684
-0.158826
-0.097223
-0.114682
-0.049568
-0.067017
-0.002223
-0.016587
0.049456
0.035437
0.101474
0.090936
0.155329
0.148570
-0.195631
-0.203725
-0.146896
-0.160120
-0.098277
-0.116306
-0.050082
-0.067891
-0.000162
-0.017981
0.051967
0.032829
0.105041
0.088509
-0.253727
-0.197415
-0.206366
-0.146333
-0.160992
-0.097685
-0.114979
-0.049732
-0.067058
-0.003041
-0.018637
0.046663
0.032206
-0.252705
-0.255671
-0.197612
-0.208637
-0.146016
-0.161959
-0.095217
-0.115510
-0.046178
-0.068339
0.002089
-0.019327
-0.310639
-0.252617
-0.256524
-0.196348
-0.207191
-0.144700
-0.159867
-0.097022
-0.114643
-0.049977
-0.067625
-0.313816
-0.312191
-0.251145
-0.257288
-0.192632
-0.207555
-0.139701
-0.159898
-0.090524
-0.114023
-0.373946
-0.311292
-0.308737
-0.248562
-0.253245
-0.192504
-0.205001
-0.142192
-0.158046
-0.380453
-0.372740
-0.305185
-0.307756
-0.241730
-0.251872
-0.183944
-0.203372
-0.438878
-0.374081
-0.364693
-0.301718
-0.301508
-0.242487
-0.248544
-0.452055
-0.433605
-0.362775
-0.360908
-0.289948
-0.298047
-0.506772
-0.441540
-0.419462
-0.358680
-0.354408
-0.520934
-0.495620
-0.423817
-0.412169
-0.577015
-0.504490
-0.479606
-0.587425
-0.561413
-0.632162
-0.018699
-0.110729
-0.090695
-0.181221
-0.178561
-0.257722
-0.279093
-0.363418
-0.405152
-0.509138
-0.578534
-0.704125
-0.802486
-0.940953
-1.045831
-1.171968
-1.248412
-1.334365
-1.371292
-1.409455
-1.408007
-1.437235
-1.408481
-1.395315
-1.403995
-1.390643
-1.395668
-1.387120
-1.394206
-1.397741
-1.400405
-1.407351
-1.414927
-1.418214
-1.420039
-1.418535
-1.407034
-1.386821
-1.354225
-1.307780
-1.246518
-1.172970
-1.091035
-1.002048
-0.914851
-0.833528
-0.099784
-0.077111
-0.145712
-0.127536
-0.191916
-0.183289
-0.243232
-0.243658
-0.303371
-0.309869
-0.371915
-0.385424
-0.447634
-0.470041
-0.531492
-0.557269
-0.620316
-0.644561
-0.703577
-0.730960
-0.774950
-0.791216
-0.119725
-0.143588
-0.172559
-0.193221
-0.225786
-0.246364
-0.288674
-0.308063
-0.361044
-0.383799
-0.442866
-0.472069
-0.535950
-0.568127
-0.637153
-0.667860
-0.735590
-0.767747
-0.824389
-0.852532
-0.904053
-0.171554
-0.159635
-0.222243
-0.220611
-0.283503
-0.287949
-0.353644
-0.369231
-0.435937
-0.463845
-0.533235
-0.568951
-0.641582
-0.681208
-0.751288
-0.793774
-0.853510
-0.894064
-0.943530
-0.970512
-0.187749
-0.231626
-0.256357
-0.290390
-0.328836
-0.365464
-0.414343
-0.456897
-0.518297
-0.565018
-0.636677
-0.686790
-0.761071
-0.812720
-0.881530
-0.928662
-0.989455
-1.023413
-1.071979
-0.250476
-0.249971
-0.319374
-0.332667
-0.401399
-0.428432
-0.504022
-0.543064
-0.625049
-0.676080
-0.758264
-0.816187
-0.892465
-0.948006
-1.014322
-1.059087
-1.110709
-1.142358
-0.279964
-0.333530
-0.364938
-0.420043
-0.470054
-0.529177
-0.595258
-0.663375
-0.738835
-0.811562
-0.889836
-0.957251
-1.030359
-1.084003
-1.144656
-1.183012
-1.225041
-0.347599
-0.371712
-0.449120
-0.484616
-0.569943
-0.624202
-0.714527
-0.782856
-0.875168
-0.945337
-1.029851
-1.090434
-1.158720
-1.203883
-1.250586
-1.280841
-0.400446
-0.468624
-0.520661
-0.600492
-0.667912
-0.757426
-0.838592
-0.927616
-1.010111
-1.087531
-1.158538
-1.215028
-1.267310
-1.303226
-1.335733
-0.486084
-0.538137
-0.628679
-0.697603
-0.798837
-0.878076
-0.979676
-1.057481
-1.144848
-1.205076
-1.268905
-1.308039
-1.346024
-1.368017
-0.564213
-0.659468
-0.733782
-0.838076
-0.923928
-1.026813
-1.108360
-1.190292
-1.254170
-1.308044
-1.346766
-1.376571
-1.395881
-0.677624
-0.757812
-0.866419
-0.956649
-1.062100
-1.142116
-1.228961
-1.284796
-1.338979
-1.370035
-1.397059
-1.407100
-0.783645
-0.900337
-0.989456
-1.098381
-1.180357
-1.262260
-1.314832
-1.364818
-1.390064
-1.409626
-1.418601
-0.915329
-1.010577
-1.120197
-1.199681
-1.280441
-1.332565
-1.379116
-1.397297
-1.418475
-1.416484
-1.033527
-1.145174
-1.222503
-1.306649
-1.351870
-1.392185
-1.410489
-1.421693
-1.417333
-1.152814
-1.233723
-1.310935
-1.353343
-1.398295
-1.409317
-1.419881
-1.413890
-1.246692
-1.324662
-1.371308
-1.408501
-1.414837
-1.425252
-1.412574
-1.325856
-1.365198
-1.399824
-1.412761
-1.420106
-1.403743
-1.372452
-1.415977
-1.421443
-1.421987
-1.410510
-1.402364
-1.406372
-1.418962
-1.402512
-1.425688
-1.428218
-1.408019
-1.411117
-1.403281
-1.414571
-0.036549
0.028640
0.031052
0.079704
0.090081
0.140627
0.155911
0.210982
0.226929
0.286587
0.304390
0.365067
0.382924
0.443916
0.460434
0.515337
0.533930
0.581700
0.592089
0.641971
0.646128
0.673041
0.684068
0.982764
0.965201
0.965809
0.959942
0.968997
0.963478
0.969105
0.970504
0.975781
0.974873
0.979322
0.977089
0.972158
0.967181
0.952338
0.938118
0.912743
0.892347
0.848544
0.831294
0.766300
0.757790
0.962957
0.971606
0.968850
0.971937
0.966879
0.975804
0.971643
0.976358
0.974428
0.977652
0.969248
0.969790
0.955348
0.945724
0.924248
0.906373
0.870133
0.849010
0.800857
0.769387
0.722461
0.984831
0.977836
0.980696
0.979285
0.982156
0.976256
0.981293
0.975621
0.973400
0.967682
0.959629
0.946487
0.930946
0.912618
0.881504
0.861568
0.816823
0.788465
0.739962
0.705248
0.968470
0.974956
0.970516
0.971695
0.969688
0.970968
0.962362
0.963649
0.951665
0.945113
0.928345
0.916121
0.886899
0.870450
0.830839
0.803201
0.760082
0.724420
0.669693
0.973582
0.966961
0.971907
0.965251
0.963703
0.957130
0.952765
0.939151
0.930148
0.912859
0.891282
0.871563
0.838786
0.810905
0.771188
0.738389
0.684219
0.659372
0.946616
0.946375
0.940331
0.940297
0.932006
0.925379
0.913223
0.903563
0.880593
0.867878
0.835772
0.814316
0.775935
0.747862
0.697315
0.671328
0.610042
0.931037
0.925033
0.923975
0.911341
0.906913
0.891437
0.876977
0.858369
0.835426
0.809575
0.778922
0.748524
0.704915
0.676948
0.620875
0.592286
0.886841
0.878889
0.873026
0.864063
0.848505
0.836936
0.814032
0.796003
0.765406
0.742949
0.700922
0.678056
0.625205
0.599256
0.542960
0.853234
0.841268
0.832856
0.817171
0.803028
0.780206
0.758375
0.731611
0.698889
0.671048
0.627750
0.598109
0.548330
0.518985
0.786647
0.774173
0.762449
0.745312
0.725108
0.706054
0.675000
0.654468
0.613714
0.591008
0.542941
0.519344
0.462265
0.736948
0.719817
0.706351
0.685538
0.662403
0.637886
0.606526
0.579224
0.540078
0.512435
0.463773
0.441115
0.655747
0.637162
0.619691
0.599830
0.573297
0.552450
0.516616
0.496410
0.450685
0.434107
0.378053
0.594096
0.577528
0.556717
0.535359
0.505694
0.482924
0.445154
0.424045
0.376672
0.359081
0.507258
0.485916
0.465346
0.446141
0.415701
0.398944
0.357594
0.345791
0.294307
0.444468
0.432275
0.404317
0.387845
0.351133
0.337498
0.291620
0.280709
0.359133
0.339539
0.317636
0.304316
0.268684
0.260423
0.214419
0.305440
0.300238
0.262746
0.257333
0.212687
0.208769
0.223365
0.213077
0.188743
0.180662
0.142121
0.185216
0.184880
0.141331
0.146318
0.111362
0.110510
0.076304
0.077656
0.091270
0.021980
-0.077297
-0.052692
-0.102435
-0.102484
-0.144661
-0.148379
-0.193162
-0.197157
-0.246658
-0.252681
-0.306802
-0.314397
-0.374506
-0.385199
-0.447243
-0.463819
-0.524270
-0.542718
-0.605316
-0.619131
-0.676384
-0.699524
-0.743570
-0.663169
-0.582457
-0.485312
-0.426115
-0.346416
-0.293988
-0.233455
-0.188359
-0.134679
-0.095116
-0.043423
-0.002977
0.052467
0.098727
0.160438
0.214207
0.282448
0.340766
0.418018
0.470715
0.552746
0.599486
0.670154
0.028520
-0.025641
0.052979
0.028638
0.100705
0.089245
0.155083
0.155374
0.220354
0.226591
0.291584
0.303373
0.365744
0.379194
0.440486
0.453444
0.506848
0.523234
0.569191
0.575548
0.627138
0.634365
-0.073933
-0.011541
-0.016876
0.039223
0.034389
0.096627
0.095309
0.156882
0.161118
0.224831
0.230532
0.294736
0.303648
0.365364
0.374120
0.434596
0.442385
0.493039
0.507008
0.548365
0.558736
-0.034093
-0.065630
0.000564
-0.016311
0.048614
0.033608
0.101952
0.094247
0.160166
0.159851
0.225761
0.228399
0.293462
0.300088
0.361835
0.367126
0.428746
0.431596
0.486984
0.494900
-0.112324
-0.052603
-0.065376
-0.007451
-0.015199
0.046773
0.036674
0.104127
0.096988
0.163198
0.160417
0.227162
0.226649
0.290607
0.294546
0.352841
0.357855
0.413462
0.423390
-0.088615
-0.111457
-0.045961
-0.065804
-0.003765
-0.016333
0.048245
0.036087
0.103861
0.095449
0.162923
0.158328
0.226667
0.222516
0.288929
0.287284
0.351907
0.349575
-0.153849
-0.098950
-0.114143
-0.050448
-0.065922
-0.002695
-0.015384
0.050078
0.036737
0.105040
0.095493
0.161959
0.155854
0.220702
0.217778
0.277986
0.282499
-0.142151
-0.155255
-0.096574
-0.114459
-0.050175
-0.066749
-0.003316
-0.017216
0.049611
0.035743
0.105794
0.093105
0.162876
0.151091
0.222347
0.212851
-0.201969
-0.147653
-0.158828
-0.097179
-0.114676
-0.049520
-0.067000
-0.002154
-0.016579
0.049550
0.035456
0.101570
0.090955
0.155465
0.148552
-0.195666
-0.203731
-0.146938
-0.160136
-0.098328
-0.116323
-0.050155
-0.067907
-0.000247
-0.018010
0.051868
0.032817
0.104905
0.088509
-0.253728
-0.197385
-0.206361
-0.146291
-0.160987
-0.097626
-0.114970
-0.049665
-0.067044
-0.002950
-0.018639
0.046775
0.032209
-0.252738
-0.255681
-0.197658
-0.208648
-0.146073
-0.161977
-0.095286
-0.115526
-0.046271
-0.068347
0.001988
-0.019343
-0.310640
-0.252582
-0.256521
-0.196305
-0.207185
-0.144643
-0.159864
-0.096946
-0.114639
-0.049896
-0.067621
-0.313852
-0.312201
-0.251191
-0.257299
-0.192693
-0.207565
-0.139774
-0.159911
-0.090606
-0.114030
-0.373946
-0.311258
-0.308737
-0.248515
-0.253243
-0.192447
-0.204997
-0.142123
-0.158051
-0.380491
-0.372748
-0.305234
-0.307766
-0.241789
-0.251881
-0.184015
-0.203377
-0.438880
-0.374046
-0.364693
-0.301672
-0.301509
-0.242431
-0.248547
-0.452094
-0.433613
-0.362824
-0.360916
-0.290007
-0.298054
-0.506776
-0.441505
-0.419465
-0.358636
-0.354411
-0.520973
-0.495627
-0.423865
-0.412176
-0.577022
-0.504457
-0.479610
-0.587462
-0.561423
-0.632171
-0.077296
-0.052691
-0.102435
-0.102483
-0.144660
-0.148378
-0.193162
-0.197156
-0.246657
-0.252681
-0.306801
-0.314397
-0.374505
-0.385199
-0.447243
-0.463819
-0.524270
-0.542718
-0.605316
-0.619131
-0.676384
-0.699524
-0.743570
-1.414575
-1.403285
-1.408024
-1.402517
-1.410516
-1.403749
-1.412579
-1.413894
-1.417336
-1.416487
-1.418604
-1.407102
-1.395882
-1.368018
-1.335735
-1.280842
-1.225042
-1.142359
-1.071979
-0.970513
-0.904053
-0.791217
-1.411122
-1.428224
-1.418968
-1.421994
-1.420112
-1.425257
-1.419885
-1.421696
-1.418477
-1.409628
-1.397060
-1.376573
-1.346026
-1.303227
-1.250587
-1.183013
-1.110710
-1.023414
-0.943530
-0.852532
-0.774950
-1.425693
-1.406378
-1.421451
-1.412768
-1.414843
-1.409320
-1.410491
-1.397298
-1.390065
-1.370036
-1.346767
-1.308040
-1.267312
-1.203885
-1.144658
-1.059088
-0.989456
-0.894065
-0.824390
-0.730960
-1.402366
-1.415979
-1.399826
-1.408501
-1.398292
-1.392181
-1.379113
-1.364816
-1.338979
-1.308044
-1.268906
-1.215029
-1.158721
-1.084004
-1.014323
-0.928663
-0.853510
-0.767747
-0.703577
-1.372442
-1.365181
-1.371286
-1.353321
-1.351853
-1.332555
-1.314828
-1.284794
-1.254169
-1.205076
-1.158539
-1.090435
-1.030360
-0.948007
-0.881531
-0.793775
-0.735591
-0.644562
-1.325829
-1.324623
-1.310896
-1.306622
-1.280428
-1.262255
-1.228959
-1.190292
-1.144849
-1.087532
-1.029852
-0.957252
-0.892466
-0.812721
-0.751288
-0.667860
-0.620316
-1.246673
-1.233707
-1.222496
-1.199680
-1.180357
-1.142116
-1.108361
-1.057482
-1.010112
-0.945338
-0.889837
-0.816188
-0.761071
-0.681208
-0.637154
-0.557269
-1.152824
-1.145188
-1.120209
-1.098388
-1.062105
-1.026816
-0.979678
-0.927617
-0.875169
-0.811563
-0.758265
-0.686790
-0.641582
-0.568128
-0.531492
-1.033535
-1.010584
-0.989462
-0.956654
-0.923932
-0.878079
-0.838594
-0.782857
-0.738836
-0.676081
-0.636678
-0.568951
-0.535950
-0.470041
-0.915334
-0.900342
-0.866424
-0.838079
-0.798839
-0.757428
-0.714528
-0.663376
-0.625050
-0.565018
-0.533235
-0.472069
-0.447634
-0.783650
-0.757816
-0.733786
-0.697606
-0.667914
-0.624203
-0.595259
-0.543065
-0.518297
-0.463845
-0.442866
-0.385424
-0.677626
-0.659470
-0.628681
-0.600494
-0.569945
-0.529178
-0.504022
-0.456897
-0.435937
-0.383798
-0.371915
-0.564214
-0.538138
-0.520662
-0.484617
-0.470055
-0.428433
-0.414343
-0.369231
-0.361043
-0.309869
-0.486085
-0.468625
-0.449121
-0.420043
-0.401399
-0.365464
-0.353644
-0.308062
-0.303370
-0.400446
-0.371712
-0.364938
-0.332667
-0.328836
-0.287948
-0.288674
-0.243658
-0.347599
-0.333530
-0.319374
-0.290389
-0.283502
-0.246363
-0.243231
-0.279963
-0.249970
-0.256356
-0.220610
-0.225785
-0.183289
-0.250476
-0.231626
-0.222243
-0.193221
-0.191916
-0.187748
-0.159635
-0.172558
-0.127535
-0.171553
-0.143587
-0.145711
-0.119725
-0.077110
-0.099783
0.046493
0.026420
0.126348
0.120513
0.215402
0.237743
0.328034
0.370228
0.463737
0.515637
0.608444
0.661810
0.744476
0.791957
0.854670
0.888958
0.931594
0.946769
0.971229
0.972761
0.981469
0.969388
0.964364
0.948895
0.939313
0.943700
0.949893
0.940957
0.947046
0.948165
0.955881
0.956140
0.967886
0.968712
0.976128
0.975674
0.978177
0.968378
0.964084
0.944686
0.927218
0.899814
0.871743
0.832199
0.801669
0.746592
0.021981
0.091270
0.076304
0.146318
0.142121
0.208769
0.214420
0.280709
0.294308
0.359081
0.378053
0.441115
0.462265
0.518985
0.542961
0.592286
0.610042
0.659372
0.669693
0.705248
0.722461
0.757790
0.077657
0.110510
0.141331
0.180663
0.212688
0.260423
0.291620
0.345792
0.376673
0.434107
0.463773
0.519344
0.548330
0.599256
0.620875
0.671328
0.684219
0.724421
0.739962
0.769387
0.766300
0.111363
0.184881
0.188743
0.257333
0.268684
0.337498
0.357594
0.424046
0.450685
0.512435
0.542941
0.598109
0.625205
0.676947
0.697315
0.738389
0.760082
0.788465
0.800857
0.831294
0.185216
0.213078
0.262746
0.304316
0.351133
0.398944
0.445154
0.496410
0.540078
0.591008
0.627750
0.678056
0.704915
0.747862
0.771188
0.803201
0.816823
0.849010
0.848544
0.223366
0.300238
0.317636
0.387845
0.415701
0.482924
0.516616
0.579224
0.613715
0.671048
0.700922
0.748524
0.775935
0.810905
0.830839
0.861568
0.870133
0.892347
0.305440
0.339539
0.404317
0.446141
0.505694
0.552450
0.606526
0.654468
0.698889
0.742949
0.778922
0.814316
0.838786
0.870450
0.881504
0.906373
0.912743
0.359133
0.432275
0.465346
0.535359
0.573297
0.637886
0.675000
0.731611
0.765406
0.809575
0.835772
0.871563
0.886899
0.912618
0.924248
0.938117
0.444468
0.485916
0.556717
0.599830
0.662403
0.706054
0.758375
0.796003
0.835426
0.867877
0.891282
0.916121
0.930946
0.945724
0.952338
0.507258
0.577528
0.619691
0.685538
0.725108
0.780206
0.814032
0.858369
0.880593
0.912859
0.928345
0.946487
0.955348
0.967181
0.594096
0.637162
0.706351
0.745312
0.803028
0.836936
0.876977
0.903563
0.930148
0.945113
0.959629
0.969789
0.972158
0.655747
0.719817
0.762449
0.817171
0.848505
0.891437
0.913223
0.939151
0.951664
0.967682
0.969248
0.977088
0.736948
0.774173
0.832856
0.864063
0.906913
0.925379
0.952765
0.963649
0.973400
0.977652
0.979322
0.786647
0.841268
0.873026
0.911341
0.932006
0.957130
0.962362
0.975621
0.974428
0.974873
0.853233
0.878889
0.923975
0.940296
0.963702
0.970968
0.981293
0.976358
0.975781
0.886841
0.925032
0.940331
0.965251
0.969687
0.976256
0.971643
0.970504
0.931037
0.946375
0.971907
0.971695
0.982155
0.975804
0.969105
0.946616
0.966961
0.970516
0.979285
0.966878
0.963478
0.973582
0.974955
0.980696
0.971936
0.968996
0.968470
0.977835
0.968849
0.959941
0.984831
0.971606
0.965809
0.962956
0.965201
0.982764
-0.036548
0.028641
0.031053
0.079704
0.090081
0.140627
0.155912
0.210982
0.226930
0.286587
0.304390
0.365067
0.382924
0.443916
0.460434
0.515337
0.533930
0.581700
0.592089
0.641971
0.646128
0.673041
0.684068
-0.632171
-0.561423
-0.479610
-0.412176
-0.354411
-0.298054
-0.248547
-0.203376
-0.158050
-0.114030
-0.067621
-0.019343
0.032209
0.088509
0.148552
0.212851
0.282499
0.349575
0.423390
0.494900
0.558736
0.634365
-0.587462
-0.504457
-0.423865
-0.358636
-0.290007
-0.242430
-0.184015
-0.142123
-0.090606
-0.049896
0.001988
0.046776
0.104905
0.155465
0.222347
0.277986
0.351907
0.413462
0.486984
0.548365
0.627138
-0.577022
-0.495627
-0.419465
-0.360916
-0.301509
-0.251881
-0.204997
-0.159911
-0.114639
-0.068347
-0.018639
0.032817
0.090955
0.151091
0.217778
0.287284
0.357855
0.431596
0.507008
0.575548
-0.520973
-0.441505
-0.362824
-0.301672
-0.241789
-0.192447
-0.139773
-0.096946
-0.046270
-0.002950
0.051868
0.101570
0.162876
0.220702
0.288929
0.352841
0.428746
0.493039
0.569191
-0.506776
-0.433613
-0.364693
-0.307766
-0.253243
-0.207565
-0.159864
-0.115525
-0.067044
-0.018010
0.035456
0.093105
0.155855
0.222516
0.294546
0.367126
0.442385
0.523234
-0.452094
-0.374046
-0.305233
-0.248515
-0.192693
-0.144642
-0.095285
-0.049664
-0.000247
0.049550
0.105794
0.161959
0.226667
0.290607
0.361836
0.434596
0.506848
-0.438880
-0.372748
-0.308737
-0.257299
-0.207184
-0.161976
-0.114969
-0.067906
-0.016579
0.035743
0.095493
0.158328
0.226650
0.300089
0.374120
0.453444
-0.380491
-0.311258
-0.251190
-0.196304
-0.146073
-0.097626
-0.050155
-0.002153
0.049611
0.105041
0.162923
0.227162
0.293462
0.365364
0.440486
-0.373946
-0.312200
-0.256521
-0.208648
-0.160987
-0.116323
-0.067000
-0.017215
0.036738
0.095449
0.160417
0.228399
0.303648
0.379194
-0.313852
-0.252582
-0.197658
-0.146290
-0.098328
-0.049519
-0.003316
0.050078
0.103862
0.163199
0.225761
0.294736
0.365744
-0.310639
-0.255680
-0.206361
-0.160135
-0.114675
-0.066748
-0.015384
0.036087
0.096988
0.159851
0.230532
0.303373
-0.252738
-0.197384
-0.146938
-0.097178
-0.050174
-0.002694
0.048246
0.104128
0.160167
0.224832
0.291584
-0.253727
-0.203730
-0.158827
-0.114458
-0.065922
-0.016332
0.036675
0.094248
0.161119
0.226592
-0.195665
-0.147652
-0.096573
-0.050447
-0.003764
0.046773
0.101953
0.156882
0.220355
-0.201969
-0.155255
-0.114142
-0.065803
-0.015198
0.033609
0.095309
0.155374
-0.142150
-0.098949
-0.045960
-0.007450
0.048615
0.096628
0.155084
-0.153848
-0.111457
-0.065375
-0.016311
0.034389
0.089246
-0.088614
-0.052602
0.000565
0.039224
0.100705
-0.112324
-0.065629
-0.016875
0.028638
-0.034093
-0.011540
0.052979
-0.073932
-0.025640
0.028520
-1.395316
-1.403996
-1.390645
-1.395670
-1.387121
-1.394209
-1.397742
-1.400410
-1.407352
-1.414933
-1.418214
-1.420047
-1.418534
-1.407044
-1.386819
-1.354237
-1.307775
-1.246533
-1.172962
-1.091053
-1.002033
-0.914878
-0.833509
-1.361674
-1.376150
-1.357756
-1.365017
-1.364107
-1.365573
-1.371223
-1.383143
-1.388074
-1.401332
-1.409774
-1.418514
-1.416964
-1.416702
-1.395572
-1.372809
-1.322316
-1.271449
-1.189006
-1.117651
-1.015143
-0.933283
-1.344716
-1.346770
-1.342932
-1.335386
-1.339693
-1.347056
-1.351169
-1.363290
-1.377880
-1.389577
-1.402745
-1.414590
-1.419155
-1.417170
-1.403912
-1.378523
-1.333306
-1.276713
-1.199518
-1.115441
-1.015143
-1.326880
-1.303557
-1.305138
-1.307750
-1.304806
-1.315490
-1.327585
-1.340918
-1.356482
-1.378262
-1.392009
-1.409592
-1.416465
-1.421873
-1.405824
-1.387858
-1.337490
-1.285951
-1.199518
-1.117651
-1.284326
-1.288021
-1.270922
-1.277175
-1.283889
-1.290587
-1.305290
-1.325317
-1.343929
-1.365362
-1.386936
-1.404538
-1.414890
-1.419917
-1.408227
-1.384993
-1.337490
-1.276713
-1.189006
-1.251178
-1.241225
-1.246683
-1.241439
-1.252001
-1.267639
-1.283068
-1.305591
-1.330838
-1.357346
-1.378757
-1.403622
-1.414010
-1.422285
-1.408227
-1.387858
-1.333306
-1.271449
-1.225238
-1.215018
-1.211332
-1.223144
-1.228823
-1.246674
-1.269915
-1.294870
-1.321247
-1.351890
-1.377272
-1.399961
-1.414009
-1.419917
-1.405824
-1.378523
-1.322316
-1.188829
-1.186533
-1.186656
-1.191847
-1.211994
-1.229673
-1.254892
-1.286692
-1.317178
-1.348981
-1.377272
-1.403622
-1.414890
-1.421873
-1.403912
-1.372809
-1.163647
-1.161163
-1.168685
-1.179623
-1.194816
-1.223565
-1.250942
-1.283219
-1.317178
-1.351890
-1.378757
-1.404538
-1.416464
-1.417170
-1.395572
-1.145514
-1.141890
-1.149783
-1.167094
-1.190285
-1.215026
-1.250942
-1.286692
-1.321247
-1.357346
-1.386935
-1.409592
-1.419155
-1.416702
-1.125858
-1.135156
-1.145340
-1.162712
-1.190285
-1.223565
-1.254892
-1.294870
-1.330838
-1.365361
-1.392009
-1.414589
-1.416963
-1.121534
-1.124329
-1.145340
-1.167094
-1.194816
-1.229673
-1.269914
-1.305590
-1.343929
-1.378261
-1.402745
-1.418514
-1.121534
-1.135156
-1.149783
-1.179623
-1.211993
-1.246673
-1.283068
-1.325317
-1.356482
-1.389577
-1.409774
-1.125858
-1.141890
-1.168685
-1.191847
-1.228822
-1.267639
-1.305289
-1.340917
-1.377880
-1.401331
-1.145513
-1.161162
-1.186656
-1.223143
-1.252000
-1.290586
-1.327584
-1.363289
-1.388072
-1.163647
-1.186533
-1.211331
-1.241438
-1.283889
-1.315489
-1.351168
-1.383141
-1.188829
-1.215018
-1.246682
-1.277175
-1.304805
-1.347055
-1.371222
-1.225237
-1.241224
-1.270921
-1.307749
-1.339691
-1.365572
-1.251177
-1.288020
-1.305136
-1.335385
-1.364106
-1.284325
-1.303555
-1.342930
-1.365015
-1.326878
-1.346768
-1.357753
-1.344714
-1.376148
-1.361672
-1.383784
-1.383040
-1.323287
-1.302161
-1.270349
-1.235789
-1.198644
-1.179142
-1.145428
-1.133118
-1.119948
-1.114765
-1.119948
-1.133118
-1.145428
-1.179142
-1.198644
-1.235790
-1.270351
-1.302163
-1.323289
-1.383043
-1.383787
-1.395318
-1.403998
-1.390647
-1.395672
-1.387124
-1.394210
-1.397745
-1.400408
-1.407354
-1.414929
-1.418216
-1.420041
-1.418537
-1.407036
-1.386822
-1.354226
-1.307780
-1.246519
-1.172970
-1.091035
-1.002048
-0.914851
-0.833528
-1.361672
-1.376147
-1.357754
-1.365014
-1.364106
-1.365570
-1.371223
-1.383140
-1.388074
-1.401329
-1.409775
-1.418512
-1.416966
-1.416701
-1.395576
-1.372810
-1.322323
-1.271453
-1.189019
-1.117658
-1.015160
-0.933294
-1.344714
-1.346767
-1.342930
-1.335383
-1.339691
-1.347052
-1.351168
-1.363285
-1.377880
-1.389571
-1.402745
-1.414582
-1.419156
-1.417160
-1.403914
-1.378510
-1.333312
-1.276697
-1.199529
-1.115422
-1.015161
-1.326879
-1.303554
-1.305137
-1.307748
-1.304806
-1.315488
-1.327586
-1.340916
-1.356483
-1.378260
-1.392011
-1.409591
-1.416467
-1.421872
-1.405828
-1.387859
-1.337498
-1.285954
-1.199529
-1.117658
-1.284325
-1.288019
-1.270921
-1.277173
-1.283889
-1.290584
-1.305290
-1.325313
-1.343930
-1.365356
-1.386937
-1.404530
-1.414892
-1.419907
-1.408231
-1.384981
-1.337498
-1.276697
-1.189019
-1.251177
-1.241223
-1.246683
-1.241438
-1.252001
-1.267639
-1.283070
-1.305590
-1.330839
-1.357345
-1.378759
-1.403621
-1.414012
-1.422285
-1.408231
-1.387859
-1.333312
-1.271453
-1.225237
-1.215017
-1.211332
-1.223142
-1.228823
-1.246672
-1.269916
-1.294867
-1.321249
-1.351886
-1.377274
-1.399954
-1.414012
-1.419907
-1.405828
-1.378511
-1.322324
-1.188829
-1.186533
-1.186657
-1.191847
-1.211995
-1.229673
-1.254893
-1.286692
-1.317180
-1.348981
-1.377274
-1.403621
-1.414893
-1.421873
-1.403915
-1.372811
-1.163647
-1.161162
-1.168685
-1.179622
-1.194817
-1.223563
-1.250944
-1.283216
-1.317180
-1.351886
-1.378759
-1.404531
-1.416468
-1.417161
-1.395578
-1.145514
-1.141891
-1.149784
-1.167095
-1.190287
-1.215027
-1.250944
-1.286692
-1.321249
-1.357346
-1.386937
-1.409592
-1.419157
-1.416702
-1.125858
-1.135155
-1.145341
-1.162711
-1.190287
-1.223564
-1.254894
-1.294867
-1.330840
-1.365357
-1.392012
-1.414583
-1.416967
-1.121534
-1.124330
-1.145341
-1.167095
-1.194817
-1.229673
-1.269916
-1.305591
-1.343931
-1.378261
-1.402747
-1.418514
-1.121534
-1.135155
-1.149784
-1.179622
-1.211995
-1.246672
-1.283070
-1.325314
-1.356485
-1.389573
-1.409777
-1.125858
-1.141891
-1.168686
-1.191848
-1.228824
-1.267639
-1.305291
-1.340918
-1.377882
-1.401332
-1.145514
-1.161162
-1.186657
-1.223143
-1.252002
-1.290585
-1.327587
-1.363287
-1.388076
-1.163647
-1.186533
-1.211333
-1.241439
-1.283890
-1.315490
-1.351170
-1.383142
-1.188830
-1.215018
-1.246684
-1.277174
-1.304808
-1.347054
-1.371225
-1.225238
-1.241225
-1.270923
-1.307750
-1.339693
-1.365573
-1.251179
-1.288021
-1.305139
-1.335385
-1.364109
-1.284326
-1.303556
-1.342932
-1.365017
-1.326881
-1.346769
-1.357757
-1.344716
-1.376150
-1.361675
0.950009
0.917327
0.908933
0.868810
0.844039
0.799601
0.767826
0.727068
0.694309
0.666840
0.649220
0.642049
0.649219
0.666840
0.694309
0.727068
0.767825
0.799600
0.844039
0.868810
0.908933
0.917326
0.950009
0.948849
0.939327
0.943569
0.949883
0.941007
0.946778
0.948243
0.955888
0.955921
0.967848
0.968920
0.975700
0.975866
0.978150
0.968249
0.963971
0.944971
0.926786
0.900050
0.871604
0.832223
0.801430
0.746846
0.940321
0.943300
0.922925
0.929697
0.927033
0.932520
0.931644
0.943925
0.948085
0.957284
0.965467
0.972482
0.975382
0.976968
0.974902
0.961896
0.954196
0.926795
0.909171
0.868300
0.843180
0.789150
0.909735
0.902767
0.903206
0.900643
0.898334
0.909127
0.911830
0.923518
0.933032
0.947837
0.954654
0.969344
0.973149
0.977931
0.975805
0.970018
0.954771
0.937600
0.911136
0.880595
0.843180
0.885130
0.886879
0.868684
0.880312
0.874856
0.884988
0.893134
0.908444
0.919090
0.937403
0.950257
0.961589
0.972691
0.975339
0.976379
0.966987
0.958229
0.931107
0.911136
0.868300
0.853068
0.847108
0.842685
0.841120
0.848227
0.859481
0.869550
0.891027
0.906417
0.926873
0.943201
0.960675
0.968854
0.978147
0.977407
0.970836
0.958229
0.937600
0.909171
0.820251
0.816123
0.806989
0.816594
0.816921
0.837995
0.851812
0.874877
0.896350
0.919980
0.937955
0.956277
0.969512
0.973419
0.977407
0.966987
0.954771
0.926795
0.784123
0.777720
0.772900
0.782133
0.793671
0.812859
0.835588
0.863550
0.886374
0.915800
0.936399
0.956085
0.969512
0.978147
0.976379
0.970018
0.954196
0.744869
0.744624
0.741321
0.755513
0.769936
0.798622
0.821664
0.856207
0.883574
0.912051
0.936399
0.956277
0.968854
0.975338
0.975805
0.961896
0.711194
0.709288
0.713911
0.732767
0.752785
0.785903
0.816469
0.851499
0.883574
0.915800
0.937955
0.960675
0.972691
0.977931
0.974902
0.680042
0.685776
0.692268
0.718962
0.744461
0.781881
0.816469
0.856207
0.886374
0.919980
0.943201
0.961589
0.973149
0.976968
0.657061
0.667715
0.682374
0.712141
0.744461
0.785902
0.821664
0.863550
0.896350
0.926872
0.950256
0.969344
0.975382
0.645307
0.661867
0.682374
0.718962
0.752785
0.798622
0.835587
0.874877
0.906416
0.937402
0.954654
0.972481
0.645307
0.667715
0.692268
0.732767
0.769936
0.812858
0.851812
0.891027
0.919090
0.947837
0.965467
0.657060
0.685776
0.713911
0.755513
0.793671
0.837994
0.869550
0.908444
0.933032
0.957284
0.680042
0.709288
0.741321
0.782132
0.816921
0.859481
0.893134
0.923518
0.948085
0.711193
0.744624
0.772900
0.816594
0.848227
0.884988
0.911830
0.943925
0.744869
0.777720
0.806988
0.841120
0.874856
0.909127
0.931644
0.784123
0.816123
0.842684
0.880311
0.898333
0.932519
0.820251
0.847107
0.868683
0.900643
0.927033
0.853068
0.886879
0.903205
0.929697
0.885130
0.902766
0.922925
0.909734
0.943300
0.940321
0.948896
0.939313
0.943701
0.949893
0.940958
0.947046
0.948166
0.955881
0.956141
0.967886
0.968712
0.976128
0.975674
0.978178
0.968378
0.964084
0.944686
0.927218
0.899814
0.871743
0.832199
0.801669
0.746592
0.940283
0.943275
0.922784
0.929825
0.926857
0.932416
0.931749
0.943840
0.947810
0.957604
0.965211
0.972391
0.975510
0.976956
0.974581
0.962267
0.953924
0.926796
0.909188
0.868347
0.842900
0.789386
0.909771
0.902868
0.903199
0.900634
0.898532
0.909133
0.911686
0.923910
0.932861
0.947829
0.954865
0.969397
0.972857
0.978424
0.975533
0.970096
0.954841
0.937745
0.910836
0.881052
0.842900
0.885042
0.886839
0.868711
0.880244
0.874647
0.885236
0.892901
0.908338
0.919252
0.937341
0.949933
0.962005
0.972389
0.975299
0.976487
0.967003
0.957911
0.931481
0.910836
0.868347
0.853161
0.847104
0.842648
0.841363
0.848128
0.859462
0.869778
0.891034
0.906166
0.927362
0.942933
0.960696
0.969021
0.978220
0.977082
0.971345
0.957911
0.937745
0.909188
0.820161
0.816217
0.806838
0.816520
0.817037
0.837918
0.851543
0.875249
0.896065
0.919899
0.938139
0.956238
0.969181
0.973865
0.977082
0.967003
0.954841
0.926796
0.784141
0.777712
0.773052
0.782123
0.793521
0.813235
0.835377
0.863533
0.886593
0.915815
0.936085
0.956621
0.969181
0.978220
0.976487
0.970096
0.953924
0.744860
0.744586
0.741168
0.755738
0.769728
0.798537
0.821851
0.856134
0.883278
0.912496
0.936085
0.956238
0.969021
0.975300
0.975533
0.962267
0.711192
0.709434
0.713820
0.732745
0.752968
0.785888
0.816222
0.851975
0.883278
0.915815
0.938139
0.960696
0.972389
0.978424
0.974581
0.679972
0.685738
0.692362
0.718900
0.744259
0.782221
0.816222
0.856134
0.886593
0.919900
0.942933
0.962005
0.972857
0.976956
0.657117
0.667703
0.682252
0.712430
0.744259
0.785889
0.821851
0.863534
0.896065
0.927362
0.949933
0.969397
0.975511
0.645257
0.661995
0.682252
0.718900
0.752968
0.798537
0.835378
0.875249
0.906166
0.937341
0.954865
0.972391
0.645257
0.667703
0.692363
0.732745
0.769728
0.813235
0.851543
0.891034
0.919252
0.947829
0.965211
0.657117
0.685738
0.713820
0.755738
0.793521
0.837918
0.869778
0.908338
0.932862
0.957604
0.679972
0.709435
0.741168
0.782123
0.817037
0.859462
0.892901
0.923910
0.947810
0.711192
0.744586
0.773053
0.816520
0.848129
0.885236
0.911686
0.943841
0.744860
0.777712
0.806838
0.841363
0.874648
0.909133
0.931749
0.784142
0.816217
0.842648
0.880244
0.898532
0.932416
0.820161
0.847105
0.868711
0.900634
0.926857
0.853161
0.886839
0.903199
0.929825
0.885042
0.902868
0.922784
0.909771
0.943276
0.940283

