Tension at each vertex
0.769038
0.769039
0.769054
0.769055
-0.708087
1.566413
-0.708082
1.566410
-0.021893
-0.021848
1.397327
1.397382
0.736934
0.669651
0.670022
0.598840
0.584969
0.520435
0.483461
0.410365
0.350011
0.251810
0.164516
0.036350
-0.080309
-0.222290
-0.344216
-0.471894
-0.556562
-0.639982
-0.680570
-0.713065
-0.711867
-0.735762
-0.706669
0.718200
0.643144
0.636624
0.584627
0.555034
0.501786
0.459338
0.387866
0.326648
0.230553
0.137661
0.017186
-0.104412
-0.239593
-0.360182
-0.477691
-0.568581
-0.635010
-0.683697
-0.707902
-0.722869
-0.695933
0.734359
0.663949
0.649514
0.594119
0.569271
0.504504
0.467322
0.388422
0.325552
0.226626
0.132060
0.006410
-0.109545
-0.249563
-0.365877
-0.482492
-0.567658
-0.641143
-0.680121
-0.712974
-0.722870
0.699497
0.653304
0.628884
0.576017
0.550027
0.489236
0.446456
0.373754
0.306415
0.209364
0.116474
-0.007950
-0.124864
-0.256745
-0.374774
-0.485485
-0.569243
-0.638103
-0.680119
-0.707898
0.710580
0.664326
0.644516
0.587743
0.558256
0.498359
0.452158
0.375805
0.309521
0.207670
0.113306
-0.010361
-0.129124
-0.261213
-0.374565
-0.488464
-0.569245
-0.641141
-0.683697
0.715097
0.641372
0.629627
0.572590
0.544265
0.481745
0.440384
0.360823
0.296731
0.197884
0.103283
-0.018677
-0.132505
-0.264851
-0.374564
-0.485483
-0.567656
-0.635008
0.704465
0.672316
0.632061
0.588051
0.551489
0.492060
0.443700
0.369414
0.297004
0.200294
0.103921
-0.018372
-0.132508
-0.261213
-0.374777
-0.482493
-0.568580
0.706743
0.640274
0.633016
0.564908
0.544621
0.476598
0.435097
0.356149
0.294226
0.191801
0.103922
-0.018676
-0.129124
-0.256747
-0.365874
-0.477691
0.709923
0.666410
0.629795
0.588676
0.543445
0.492056
0.438164
0.365083
0.294224
0.200294
0.103279
-0.010364
-0.124866
-0.249568
-0.360184
0.704989
0.644139
0.628227
0.564922
0.544223
0.471594
0.438165
0.356150
0.297005
0.197883
0.113308
-0.007953
-0.109546
-0.239593
0.705832
0.665950
0.629708
0.584843
0.544221
0.492056
0.435095
0.369411
0.296730
0.207664
0.116470
0.006406
-0.104418
0.706455
0.641612
0.629709
0.564924
0.543446
0.476598
0.443703
0.360821
0.309521
0.209364
0.132057
0.017183
0.706455
0.665950
0.628226
0.588675
0.544622
0.492055
0.440382
0.375803
0.306410
0.226619
0.137659
0.705834
0.644141
0.629799
0.564907
0.551492
0.481748
0.452158
0.373754
0.325555
0.230548
0.704990
0.666406
0.633017
0.588051
0.544262
0.498356
0.446457
0.388413
0.326645
0.709927
0.640277
0.632062
0.572593
0.558262
0.489234
0.467324
0.387868
0.706741
0.672315
0.629630
0.587736
0.550029
0.504502
0.459334
0.704472
0.641371
0.644523
0.576023
0.569271
0.501789
0.715103
0.664325
0.628881
0.594116
0.555039
0.710581
0.653311
0.649524
0.584625
0.699504
0.663938
0.636630
0.734369
0.643153
0.718198
0.702938
0.713159
0.709441
0.752629
0.706278
0.742342
0.719994
0.740039
0.716968
0.744463
0.717488
0.742346
0.717488
0.744463
0.716968
0.740040
0.719989
0.742349
0.706272
0.752630
0.709443
0.713161
0.702928
0.796685
0.795718
0.871795
0.877457
0.951221
0.980915
1.051984
1.096034
1.171600
1.221983
1.298644
1.346250
1.417643
1.456617
1.511606
1.537758
1.574524
1.581751
1.603875
1.594484
1.605818
1.580583
1.579544
0.785219
0.781316
0.847894
0.876693
0.935856
0.978106
1.046541
1.094302
1.170364
1.221661
1.299065
1.349441
1.417385
1.459420
1.513316
1.537203
1.575938
1.581499
1.604330
1.595047
1.603346
1.595513
0.805642
0.805352
0.871109
0.894680
0.962731
0.995236
1.069970
1.112725
1.189994
1.239484
1.313287
1.361644
1.428369
1.464420
1.519019
1.539584
1.576447
1.581583
1.602774
1.595637
1.603346
0.771580
0.800015
0.853347
0.885511
0.950592
0.990370
1.061265
1.110374
1.184938
1.237996
1.313594
1.360643
1.429363
1.465796
1.518369
1.540326
1.576651
1.582037
1.602771
1.595049
0.784331
0.813622
0.874847
0.901792
0.968105
1.007488
1.077882
1.125337
1.200664
1.248887
1.323290
1.369012
1.433119
1.469261
1.520595
1.540122
1.576649
1.581587
1.604334
0.789802
0.792622
0.862824
0.891422
0.958212
0.998286
1.072424
1.118024
1.196901
1.246961
1.321446
1.367802
1.434260
1.467394
1.520592
1.540329
1.576449
1.581497
0.780466
0.825819
0.868244
0.911049
0.970850
1.013988
1.083541
1.133046
1.203603
1.255272
1.325860
1.370552
1.434258
1.469265
1.518372
1.539585
1.575942
0.783241
0.795131
0.871208
0.890094
0.967216
1.001855
1.078132
1.123666
1.203462
1.248781
1.325858
1.367805
1.433121
1.465794
1.519021
1.537208
0.787265
0.822702
0.870091
0.916765
0.968907
1.020898
1.083803
1.134146
1.203459
1.255276
1.321449
1.369011
1.429366
1.464428
1.513315
0.782821
0.801042
0.869630
0.893865
0.970904
1.000468
1.083801
1.123668
1.203605
1.246958
1.323292
1.360648
1.428366
1.459424
0.784053
0.824034
0.871976
0.915130
0.970901
1.020900
1.078133
1.133045
1.196902
1.248894
1.313591
1.361651
1.417392
0.784933
0.799420
0.871975
0.893866
0.968909
1.001851
1.083542
1.118027
1.200660
1.237998
1.313293
1.349438
0.784930
0.824035
0.869629
0.916764
0.967215
1.013993
1.072419
1.125342
1.184942
1.239486
1.299067
0.784054
0.801039
0.870091
0.890095
0.970845
0.998285
1.077886
1.110369
1.189994
1.221668
0.782818
0.822706
0.871202
0.911052
0.958214
1.007487
1.061263
1.112737
1.170358
0.787262
0.795129
0.868247
0.891416
0.968103
0.990374
1.069964
1.094301
0.783241
0.825818
0.862819
0.901801
0.950585
0.995241
1.046546
0.780462
0.792623
0.874840
0.885507
0.962735
0.978098
0.789794
0.813624
0.853349
0.894680
0.935851
0.784333
0.800006
0.871103
0.876696
0.771572
0.805364
0.847884
0.805632
0.781309
0.785220
0.676401
0.723889
0.658110
0.668660
0.620597
0.617961
0.574795
0.566654
0.522272
0.508189
0.463237
0.441424
0.393992
0.367723
0.315455
0.285070
0.232963
0.198270
0.145765
0.116290
0.065430
0.030163
-0.006333
-0.711184
-0.699408
-0.705043
-0.696658
-0.708768
-0.697208
-0.711964
-0.709574
-0.717480
-0.715554
-0.723250
-0.708851
-0.706548
-0.676684
-0.649401
-0.594952
-0.540435
-0.452212
-0.379314
-0.269587
-0.189393
-0.072241
-0.708826
-0.726392
-0.716214
-0.720902
-0.717260
-0.726831
-0.717573
-0.726420
-0.720111
-0.716905
-0.703867
-0.690099
-0.656165
-0.622146
-0.564891
-0.499878
-0.420544
-0.332914
-0.235744
-0.145180
-0.046471
-0.730278
-0.708829
-0.726332
-0.714896
-0.720184
-0.711824
-0.718509
-0.700206
-0.701174
-0.676868
-0.659403
-0.618474
-0.583321
-0.512721
-0.457654
-0.363917
-0.287438
-0.185945
-0.103846
-0.001862
-0.706948
-0.720343
-0.703913
-0.714324
-0.703447
-0.699464
-0.686131
-0.676098
-0.647026
-0.622629
-0.580414
-0.528964
-0.469107
-0.396232
-0.313526
-0.230545
-0.137617
-0.050007
0.032461
-0.683276
-0.673523
-0.683003
-0.660481
-0.664655
-0.640453
-0.627709
-0.593097
-0.569088
-0.510724
-0.471433
-0.394267
-0.332800
-0.243374
-0.170640
-0.072312
-0.005998
0.092096
-0.635218
-0.631135
-0.619680
-0.614977
-0.588071
-0.571857
-0.537530
-0.498232
-0.451864
-0.395126
-0.328316
-0.259123
-0.180654
-0.100449
-0.023605
0.058341
0.127232
-0.559085
-0.542073
-0.533858
-0.506136
-0.492413
-0.444455
-0.418825
-0.356920
-0.312135
-0.238635
-0.181997
-0.096306
-0.038371
0.051150
0.105243
0.188319
-0.457446
-0.445957
-0.424285
-0.396999
-0.363891
-0.324600
-0.274319
-0.222418
-0.161755
-0.097001
-0.032898
0.037279
0.100865
0.167443
0.224338
-0.336805
-0.305583
-0.291784
-0.248869
-0.220940
-0.165549
-0.128941
-0.060654
-0.018313
0.055693
0.100186
0.174086
0.214493
0.285768
-0.206556
-0.182061
-0.152515
-0.118748
-0.079718
-0.033179
0.013060
0.065447
0.115948
0.171159
0.218979
0.274493
0.315033
-0.066948
-0.033784
-0.014888
0.031984
0.056300
0.110623
0.140080
0.199563
0.227429
0.290328
0.313767
0.375739
0.053053
0.082244
0.106033
0.141257
0.173445
0.214281
0.247058
0.292663
0.323668
0.369732
0.398080
0.171780
0.206064
0.219892
0.261716
0.275256
0.325000
0.337885
0.390151
0.401916
0.454282
0.263499
0.289808
0.304305
0.339224
0.356848
0.393485
0.412860
0.450708
0.469143
0.351708
0.385690
0.388035
0.425985
0.430043
0.473439
0.476056
0.523119
0.411619
0.436993
0.445117
0.476496
0.485119
0.519377
0.528338
0.480795
0.510994
0.505094
0.542409
0.538307
0.582744
0.514554
0.544174
0.545249
0.578363
0.578309
0.574447
0.602011
0.590715
0.635249
0.593736
0.633473
0.620585
0.640200
0.682053
0.661633
0.796696
0.795717
0.871793
0.877453
0.951231
0.980900
1.051988
1.096032
1.171592
1.221975
1.298648
1.346235
1.417640
1.456613
1.511599
1.537750
1.574525
1.581742
1.603873
1.594483
1.605816
1.580579
1.579546
1.561267
1.539320
1.552570
1.551589
1.547732
1.547844
1.558279
1.558058
1.567189
1.575744
1.584183
1.587674
1.598902
1.597419
1.598081
1.593534
1.583987
1.565888
1.549945
1.520578
1.491829
1.460198
1.415369
0.773793
0.838052
0.824454
0.889977
0.884892
0.947199
0.949374
1.010345
1.020368
1.078910
1.091592
1.151795
1.164259
1.218157
1.235952
1.282609
1.292789
1.343084
1.346275
1.380850
1.394945
1.429205
0.823115
0.869056
0.881905
0.925695
0.946430
0.990893
1.016857
1.062373
1.090126
1.138744
1.165825
1.210616
1.241053
1.280385
1.302844
1.345763
1.359015
1.390882
1.409771
1.431330
1.430278
0.853954
0.923273
0.926179
0.989717
0.998313
1.061936
1.075187
1.139567
1.155645
1.215669
1.236832
1.290506
1.306723
1.361221
1.370414
1.413146
1.427995
1.456780
1.462600
1.494917
0.921004
0.957418
0.989841
1.034502
1.067344
1.115024
1.149471
1.196335
1.233689
1.277017
1.308851
1.353748
1.376901
1.412657
1.437512
1.461180
1.476119
1.502563
1.503745
0.952787
1.027800
1.038588
1.107861
1.125482
1.191590
1.214639
1.275986
1.297457
1.357773
1.373248
1.423603
1.441021
1.477624
1.487847
1.522771
1.522374
1.546692
1.025428
1.068256
1.112269
1.158705
1.202460
1.248687
1.289609
1.336795
1.370527
1.410655
1.442971
1.471359
1.494319
1.520995
1.531442
1.549369
1.559453
1.070775
1.145536
1.167284
1.237522
1.261865
1.329167
1.350588
1.409468
1.431102
1.476648
1.490957
1.531501
1.535039
1.564022
1.568334
1.583350
1.146263
1.194513
1.244458
1.292978
1.337359
1.381827
1.423337
1.457450
1.489682
1.519383
1.538207
1.557215
1.573516
1.579547
1.588842
1.199671
1.274225
1.300232
1.368670
1.394883
1.450955
1.471264
1.519630
1.528471
1.563639
1.570342
1.589641
1.589878
1.605014
1.275633
1.324825
1.376083
1.416389
1.460029
1.494596
1.524496
1.547646
1.571552
1.579379
1.593219
1.597211
1.600195
1.330549
1.397032
1.424836
1.483178
1.500294
1.545051
1.556919
1.583507
1.585938
1.605385
1.596794
1.605877
1.401241
1.442581
1.485677
1.516212
1.550938
1.565132
1.587312
1.594160
1.601255
1.597213
1.602304
1.444926
1.501230
1.521910
1.560675
1.570157
1.597839
1.592513
1.605986
1.598409
1.597421
1.504434
1.529009
1.563748
1.577977
1.595372
1.595911
1.606616
1.591671
1.592048
1.531944
1.571735
1.576965
1.600794
1.598326
1.603226
1.590076
1.590222
1.570762
1.580890
1.602628
1.595146
1.603076
1.589706
1.582716
1.582378
1.601488
1.596288
1.604940
1.584276
1.578079
1.602761
1.597749
1.601708
1.582266
1.582538
1.595692
1.600852
1.587011
1.574232
1.606117
1.582883
1.577056
1.581044
1.580556
1.596588
0.714871
0.798427
0.782268
0.836347
0.837529
0.884629
0.896560
0.943464
0.959341
1.006135
1.028365
1.072773
1.095186
1.142468
1.162356
1.203430
1.227540
1.262795
1.275851
1.318196
1.324069
1.342800
1.357619
0.115784
0.198136
0.288835
0.361131
0.425153
0.482915
0.532117
0.577524
0.620280
0.659027
0.702398
0.744602
0.789468
0.839933
0.891090
0.946009
1.007384
1.063006
1.127986
1.190983
1.245075
1.315120
0.158135
0.245059
0.337622
0.401746
0.475975
0.520883
0.583524
0.617307
0.673858
0.705099
0.757679
0.791575
0.848538
0.884046
0.950914
0.990079
1.063082
1.110767
1.182769
1.231383
1.311599
0.179959
0.269971
0.353820
0.417893
0.480424
0.528613
0.576975
0.618319
0.659292
0.701387
0.745730
0.789406
0.842113
0.892417
0.950002
1.010522
1.070070
1.134589
1.201752
1.260787
0.230290
0.313389
0.402035
0.459180
0.527551
0.569930
0.626355
0.661787
0.715777
0.746371
0.803734
0.838073
0.898337
0.941370
1.007671
1.055705
1.132658
1.180757
1.258593
0.255751
0.336086
0.413649
0.471993
0.527615
0.572568
0.618656
0.656584
0.702633
0.744579
0.791820
0.842588
0.896776
0.953278
1.017198
1.078359
1.144534
1.217281
0.306571
0.382542
0.461315
0.513546
0.576531
0.614254
0.670904
0.704904
0.757051
0.793600
0.850585
0.889483
0.955806
1.001544
1.073305
1.130870
1.203080
0.328806
0.401774
0.470644
0.520783
0.573447
0.614456
0.657943
0.699978
0.746747
0.790774
0.845561
0.898429
0.957951
1.022440
1.085800
1.155238
0.382390
0.446227
0.518778
0.564711
0.622059
0.660681
0.714494
0.747383
0.804052
0.841931
0.901035
0.948450
1.015207
1.069105
1.147306
0.399951
0.463215
0.521924
0.568909
0.616397
0.654328
0.701900
0.744508
0.792887
0.844633
0.901643
0.959526
1.026965
1.090964
0.451651
0.507444
0.572434
0.612050
0.669781
0.705550
0.756889
0.795208
0.852065
0.892655
0.958888
1.008357
1.081314
0.464932
0.517812
0.571335
0.612995
0.656176
0.698721
0.746652
0.790245
0.846732
0.900436
0.962461
1.026900
0.516250
0.562848
0.621275
0.660959
0.715527
0.748007
0.804710
0.843396
0.901730
0.949711
1.017591
0.521350
0.569142
0.615696
0.652880
0.700577
0.743577
0.791799
0.843305
0.902393
0.959097
0.573815
0.612573
0.671549
0.707372
0.757783
0.795660
0.852627
0.891465
0.957064
0.572769
0.614306
0.654507
0.697290
0.745290
0.787329
0.844349
0.897056
0.624813
0.663433
0.719150
0.748689
0.805486
0.842306
0.898704
0.617236
0.652404
0.698002
0.741461
0.787513
0.838013
0.676358
0.712057
0.760053
0.795823
0.850607
0.652670
0.694192
0.740378
0.780992
0.727062
0.754939
0.807015
0.684891
0.728787
0.784854
0.702939
0.713161
0.709443
0.752631
0.706279
0.742343
0.719995
0.740040
0.716969
0.744464
0.717490
0.742347
0.717489
0.744464
0.716969
0.740041
0.719990
0.742350
0.706273
0.752631
0.709444
0.713162
0.702929
0.736922
0.669655
0.670022
0.598842
0.584962
0.520446
0.483455
0.410371
0.350012
0.251814
0.164514
0.036358
-0.080312
-0.222285
-0.344217
-0.471894
-0.556565
-0.639980
-0.680574
-0.713063
-0.711866
-0.735759
-0.706667
0.718199
0.643154
0.636630
0.584625
0.555039
0.501788
0.459333
0.387867
0.326643
0.230545
0.137656
0.017180
-0.104420
-0.239596
-0.360185
-0.477691
-0.568578
-0.635005
-0.683693
-0.707894
-0.722865
-0.695928
0.734371
0.663939
0.649525
0.594116
0.569271
0.504501
0.467324
0.388411
0.325553
0.226617
0.132054
0.006403
-0.109549
-0.249570
-0.365875
-0.482493
-0.567654
-0.641139
-0.680115
-0.712969
-0.722864
0.699505
0.653312
0.628882
0.576023
0.550029
0.489234
0.446457
0.373752
0.306408
0.209362
0.116467
-0.007956
-0.124869
-0.256749
-0.374778
-0.485483
-0.569243
-0.638100
-0.680117
-0.707897
0.710582
0.664326
0.644524
0.587736
0.558262
0.498356
0.452157
0.375801
0.309519
0.207661
0.113305
-0.010368
-0.129127
-0.261215
-0.374565
-0.488464
-0.569241
-0.641140
-0.683694
0.715104
0.641372
0.629631
0.572594
0.544262
0.481747
0.440381
0.360820
0.296728
0.197880
0.103276
-0.018679
-0.132510
-0.264854
-0.374566
-0.485485
-0.567657
-0.635008
0.704473
0.672316
0.632063
0.588051
0.551492
0.492055
0.443702
0.369410
0.297003
0.200291
0.103919
-0.018375
-0.132508
-0.261216
-0.374776
-0.482492
-0.568580
0.706742
0.640278
0.633018
0.564907
0.544621
0.476597
0.435094
0.356148
0.294221
0.191798
0.103918
-0.018680
-0.129127
-0.256748
-0.365878
-0.477691
0.709929
0.666407
0.629800
0.588675
0.543446
0.492056
0.438164
0.365082
0.294224
0.200291
0.103279
-0.010364
-0.124867
-0.249565
-0.360183
0.704991
0.644141
0.628226
0.564924
0.544221
0.471594
0.438163
0.356147
0.297002
0.197882
0.113303
-0.007953
-0.109548
-0.239596
0.705835
0.665951
0.629710
0.584843
0.544223
0.492056
0.435096
0.369412
0.296728
0.207667
0.116471
0.006407
-0.104415
0.706456
0.641614
0.629709
0.564923
0.543445
0.476597
0.443699
0.360822
0.309519
0.209362
0.132057
0.017183
0.706457
0.665951
0.628228
0.588676
0.544621
0.492059
0.440383
0.375804
0.306413
0.226624
0.137658
0.705834
0.644140
0.629796
0.564908
0.551489
0.481745
0.452157
0.373753
0.325550
0.230551
0.704990
0.666410
0.633017
0.588052
0.544265
0.498359
0.446455
0.388420
0.326646
0.709924
0.640275
0.632062
0.572591
0.558256
0.489236
0.467321
0.387865
0.706744
0.672317
0.629627
0.587744
0.550027
0.504504
0.459338
0.704466
0.641373
0.644517
0.576018
0.569271
0.501786
0.715099
0.664327
0.628884
0.594119
0.555034
0.710581
0.653305
0.649515
0.584627
0.699498
0.663949
0.636625
0.734360
0.643145
0.718201
0.796697
0.795718
0.871794
0.877454
0.951232
0.980900
1.051988
1.096032
1.171592
1.221974
1.298647
1.346233
1.417638
1.456611
1.511596
1.537748
1.574522
1.581740
1.603870
1.594480
1.605813
1.580576
1.579543
0.785221
0.781310
0.847885
0.876697
0.935851
0.978098
1.046546
1.094301
1.170358
1.221667
1.299066
1.349436
1.417390
1.459421
1.513312
1.537206
1.575939
1.581494
1.604332
1.595047
1.603343
1.595510
0.805633
0.805365
0.871104
0.894681
0.962735
0.995241
1.069964
1.112736
1.189994
1.239485
1.313292
1.361649
1.428364
1.464426
1.519019
1.539582
1.576446
1.581584
1.602768
1.595634
1.603343
0.771573
0.800007
0.853350
0.885507
0.950585
0.990374
1.061263
1.110369
1.184942
1.237997
1.313589
1.360646
1.429364
1.465792
1.518370
1.540326
1.576647
1.582034
1.602771
1.595044
0.784334
0.813625
0.874841
0.901801
0.968104
1.007488
1.077886
1.125341
1.200659
1.248893
1.323291
1.369009
1.433119
1.469263
1.520589
1.540120
1.576648
1.581580
1.604328
0.789795
0.792624
0.862821
0.891416
0.958214
0.998286
1.072419
1.118026
1.196901
1.246956
1.321447
1.367803
1.434256
1.467392
1.520592
1.540323
1.576444
1.581496
0.780463
0.825819
0.868248
0.911053
0.970846
1.013994
1.083542
1.133044
1.203604
1.255274
1.325856
1.370550
1.434258
1.469259
1.518366
1.539582
1.575935
0.783242
0.795130
0.871203
0.890096
0.967216
1.001851
1.078133
1.123667
1.203458
1.248780
1.325859
1.367800
1.433116
1.465794
1.519016
1.537200
0.787263
0.822707
0.870092
0.916765
0.968910
1.020901
1.083801
1.134146
1.203461
1.255271
1.321445
1.369010
1.429361
1.464418
1.513313
0.782819
0.801040
0.869630
0.893867
0.970902
1.000469
1.083803
1.123665
1.203603
1.246960
1.323288
1.360642
1.428367
1.459418
0.784056
0.824036
0.871976
0.915131
0.970905
1.020898
1.078132
1.133046
1.196900
1.248886
1.313592
1.361642
1.417382
0.784932
0.799421
0.871977
0.893866
0.968908
1.001855
1.083541
1.118023
1.200663
1.237995
1.313286
1.349439
0.784934
0.824035
0.869631
0.916766
0.967217
1.013988
1.072423
1.125336
1.184937
1.239483
1.299064
0.784054
0.801043
0.870093
0.890095
0.970850
0.998287
1.077882
1.110374
1.189993
1.221660
0.782822
0.822704
0.871209
0.911050
0.958213
1.007488
1.061265
1.112724
1.170363
0.787266
0.795132
0.868246
0.891422
0.968106
0.990370
1.069970
1.094302
0.783243
0.825820
0.862825
0.901793
0.950593
0.995236
1.046541
0.780467
0.792623
0.874848
0.885512
0.962732
0.978106
0.789804
0.813623
0.853349
0.894681
0.935857
0.784332
0.800016
0.871110
0.876694
0.771582
0.805354
0.847896
0.805643
0.781318
0.785220
0.736935
0.669652
0.670022
0.598841
0.584969
0.520434
0.483461
0.410364
0.350009
0.251807
0.164513
0.036347
-0.080312
-0.222292
-0.344217
-0.471894
-0.556560
-0.639979
-0.680566
-0.713061
-0.711862
-0.735756
-0.706664
-0.687380
-0.696696
-0.679879
-0.689430
-0.675676
-0.688732
-0.688246
-0.695754
-0.700410
-0.714277
-0.713110
-0.725068
-0.719730
-0.716612
-0.696442
-0.672072
-0.621441
-0.568466
-0.486630
-0.404467
-0.303138
-0.212612
-0.111376
0.661634
0.682054
0.620585
0.635250
0.578310
0.582745
0.528338
0.523119
0.469143
0.454281
0.398079
0.375738
0.315032
0.285767
0.224336
0.188318
0.127231
0.092095
0.032460
-0.001862
-0.046472
-0.072241
0.640201
0.633473
0.590715
0.578363
0.538307
0.519377
0.476055
0.450707
0.401915
0.369731
0.313765
0.274492
0.214492
0.167442
0.105242
0.058340
-0.005999
-0.050007
-0.103847
-0.145181
-0.189393
0.593737
0.602012
0.545249
0.542409
0.485118
0.473439
0.412859
0.390150
0.323667
0.290327
0.218977
0.174085
0.100863
0.051148
-0.023606
-0.072313
-0.137618
-0.185946
-0.235745
-0.269587
0.574447
0.544174
0.505094
0.476495
0.430042
0.393484
0.337884
0.292662
0.227427
0.171157
0.100184
0.037277
-0.038373
-0.100451
-0.170641
-0.230545
-0.287438
-0.332914
-0.379314
0.514554
0.510994
0.445117
0.425984
0.356847
0.324998
0.247056
0.199560
0.115946
0.055691
-0.032900
-0.096308
-0.180656
-0.243375
-0.313527
-0.363917
-0.420544
-0.452211
0.480794
0.436992
0.388033
0.339222
0.275254
0.214278
0.140077
0.065445
-0.018316
-0.097003
-0.181998
-0.259124
-0.332801
-0.396233
-0.457654
-0.499877
-0.540435
0.411618
0.385688
0.304304
0.261714
0.173442
0.110620
0.013057
-0.060657
-0.161757
-0.238636
-0.328316
-0.394267
-0.469107
-0.512720
-0.564890
-0.594951
0.351707
0.289806
0.219890
0.141254
0.056297
-0.033182
-0.128943
-0.222419
-0.312136
-0.395126
-0.471433
-0.528963
-0.583319
-0.622144
-0.649399
0.263497
0.206061
0.106030
0.031981
-0.079721
-0.165551
-0.274321
-0.356920
-0.451864
-0.510723
-0.580413
-0.618472
-0.656163
-0.676681
0.171778
0.082241
-0.014891
-0.118750
-0.220942
-0.324601
-0.418825
-0.498232
-0.569086
-0.622627
-0.659401
-0.690096
-0.706546
0.053050
-0.033787
-0.152518
-0.248871
-0.363892
-0.444455
-0.537529
-0.593095
-0.647023
-0.676865
-0.703864
-0.708847
-0.066951
-0.182063
-0.291785
-0.396999
-0.492412
-0.571855
-0.627707
-0.676094
-0.701170
-0.716901
-0.723246
-0.206558
-0.305585
-0.424285
-0.506135
-0.588069
-0.640450
-0.686128
-0.700202
-0.720107
-0.715550
-0.336806
-0.445957
-0.533856
-0.614974
-0.664652
-0.699459
-0.718505
-0.726416
-0.717476
-0.457446
-0.542072
-0.619677
-0.660477
-0.703443
-0.711819
-0.717568
-0.709570
-0.559084
-0.631132
-0.682999
-0.714320
-0.720179
-0.726826
-0.711959
-0.635215
-0.673519
-0.703908
-0.714891
-0.717254
-0.697203
-0.683271
-0.720338
-0.726327
-0.720897
-0.708763
-0.706944
-0.708824
-0.716209
-0.696653
-0.730273
-0.726387
-0.705038
-0.708821
-0.699402
-0.711178
0.714872
0.798428
0.782269
0.836348
0.837530
0.884630
0.896560
0.943465
0.959342
1.006135
1.028365
1.072773
1.095185
1.142468
1.162355
1.203430
1.227540
1.262795
1.275850
1.318196
1.324069
1.342800
1.357619
1.596585
1.580553
1.577053
1.574229
1.582535
1.578076
1.582713
1.590220
1.592046
1.597419
1.602302
1.605875
1.600194
1.605013
1.588840
1.583349
1.559453
1.546692
1.503745
1.494917
1.430277
1.429205
1.581041
1.582880
1.587008
1.582263
1.584274
1.589704
1.590074
1.591669
1.598407
1.597211
1.596792
1.597209
1.589876
1.579546
1.568333
1.549368
1.522374
1.502562
1.462600
1.431330
1.394945
1.606114
1.600849
1.601705
1.604937
1.603073
1.603223
1.606613
1.605984
1.601253
1.605383
1.593218
1.589639
1.573515
1.564021
1.531441
1.522771
1.476118
1.456780
1.409770
1.380849
1.595689
1.597747
1.596286
1.595143
1.598324
1.595909
1.592511
1.594158
1.585935
1.579377
1.570340
1.557213
1.535038
1.520994
1.487846
1.461179
1.427994
1.390882
1.346274
1.602758
1.601485
1.602626
1.600792
1.595370
1.597837
1.587310
1.583504
1.571550
1.563637
1.538205
1.531500
1.494318
1.477623
1.437511
1.413145
1.359014
1.343083
1.582375
1.580888
1.576963
1.577974
1.570155
1.565130
1.556917
1.547644
1.528469
1.519381
1.490956
1.471357
1.441020
1.412656
1.370413
1.345762
1.292789
1.570759
1.571732
1.563746
1.560673
1.550935
1.545049
1.524494
1.519628
1.489680
1.476646
1.442970
1.423602
1.376900
1.361220
1.302844
1.282608
1.531942
1.529007
1.521907
1.516209
1.500292
1.494594
1.471262
1.457449
1.431101
1.410654
1.373247
1.353747
1.306722
1.280384
1.235952
1.504431
1.501228
1.485674
1.483176
1.460027
1.450953
1.423335
1.409466
1.370525
1.357772
1.308850
1.290505
1.241053
1.218157
1.444924
1.442579
1.424834
1.416387
1.394881
1.381825
1.350586
1.336794
1.297456
1.277016
1.236831
1.210615
1.164259
1.401239
1.397030
1.376082
1.368668
1.337358
1.329166
1.289608
1.275985
1.233688
1.215668
1.165825
1.151795
1.330548
1.324823
1.300231
1.292977
1.261863
1.248686
1.214639
1.196334
1.155645
1.138744
1.091592
1.275632
1.274223
1.244457
1.237521
1.202459
1.191589
1.149470
1.139566
1.090125
1.078910
1.199670
1.194512
1.167283
1.158704
1.125482
1.115024
1.075187
1.062373
1.020369
1.146263
1.145535
1.112269
1.107861
1.067344
1.061936
1.016858
1.010345
1.070775
1.068256
1.038588
1.034502
0.998314
0.990893
0.949374
1.025428
1.027801
0.989842
0.989718
0.946431
0.947200
0.952788
0.957418
0.926180
0.925696
0.884893
0.921005
0.923274
0.881906
0.889978
0.853955
0.869057
0.824455
0.823116
0.838053
0.773794
0.676402
0.723890
0.658110
0.668661
0.620597
0.617962
0.574795
0.566654
0.522271
0.508189
0.463236
0.441423
0.393991
0.367722
0.315454
0.285069
0.232962
0.198269
0.145764
0.116290
0.065430
0.030163
-0.006333
0.074283
0.161646
0.269120
0.331520
0.418108
0.466876
0.534079
0.573300
0.629408
0.662914
0.716796
0.746004
0.803239
0.835708
0.895829
0.936434
1.002041
1.045778
1.123230
1.160026
1.243891
1.277104
1.348814
0.784855
0.728788
0.807016
0.780993
0.850608
0.838014
0.898704
0.897057
0.957065
0.959097
1.017591
1.026900
1.081314
1.090963
1.147305
1.155238
1.203079
1.217281
1.258593
1.260787
1.311599
1.315120
0.684892
0.754940
0.740379
0.795824
0.787514
0.842307
0.844350
0.891466
0.902394
0.949712
0.962461
1.008357
1.026966
1.069105
1.085799
1.130870
1.144534
1.180757
1.201752
1.231383
1.245075
0.727063
0.694193
0.760054
0.741462
0.805487
0.787330
0.852628
0.843305
0.901730
0.900436
0.958888
0.959527
1.015207
1.022440
1.073305
1.078359
1.132658
1.134589
1.182769
1.190983
0.652671
0.712057
0.698003
0.748690
0.745291
0.795661
0.791800
0.843397
0.846733
0.892655
0.901643
0.948450
0.957951
1.001544
1.017198
1.055705
1.070070
1.110767
1.127986
0.676358
0.652405
0.719150
0.697290
0.757784
0.743578
0.804711
0.790246
0.852065
0.844634
0.901036
0.898430
0.955806
0.953279
1.007671
1.010523
1.063082
1.063006
0.617236
0.663434
0.654507
0.707373
0.700577
0.748007
0.746653
0.795209
0.792888
0.841931
0.845561
0.889483
0.896776
0.941370
0.950002
0.990079
1.007384
0.624813
0.614306
0.671550
0.652881
0.715527
0.698721
0.756890
0.744509
0.804053
0.790775
0.850586
0.842589
0.898337
0.892417
0.950914
0.946009
0.572770
0.612573
0.615697
0.660959
0.656176
0.705551
0.701900
0.747384
0.746747
0.793600
0.791820
0.838074
0.842113
0.884046
0.891090
0.573815
0.569142
0.621275
0.612995
0.669781
0.654328
0.714494
0.699978
0.757051
0.744580
0.803734
0.789406
0.848538
0.839933
0.521350
0.562848
0.571335
0.612050
0.616398
0.660681
0.657944
0.704905
0.702633
0.746371
0.745730
0.791575
0.789468
0.516249
0.517812
0.572434
0.568910
0.622059
0.614456
0.670904
0.656584
0.715777
0.701388
0.757679
0.744602
0.464932
0.507444
0.521924
0.564711
0.573447
0.614254
0.618656
0.661788
0.659292
0.705099
0.702398
0.451650
0.463215
0.518778
0.520783
0.576531
0.572568
0.626355
0.618319
0.673858
0.659027
0.399950
0.446227
0.470643
0.513546
0.527615
0.569930
0.576975
0.617307
0.620280
0.382389
0.401773
0.461314
0.471993
0.527551
0.528614
0.583524
0.577524
0.328805
0.382542
0.413649
0.459180
0.480424
0.520883
0.532117
0.306571
0.336086
0.402035
0.417893
0.475975
0.482915
0.255751
0.313389
0.353820
0.401745
0.425153
0.230290
0.269971
0.337621
0.361131
0.179959
0.245059
0.288835
0.158135
0.198136
0.115784
0.736921
0.669654
0.670021
0.598842
0.584962
0.520446
0.483455
0.410372
0.350014
0.251816
0.164517
0.036361
-0.080309
-0.222283
-0.344215
-0.471893
-0.556566
-0.639982
-0.680577
-0.713067
-0.711871
-0.735764
-0.706672
-0.687386
-0.696705
-0.679890
-0.689443
-0.675692
-0.688746
-0.688268
-0.695771
-0.700432
-0.714297
-0.713138
-0.725084
-0.719759
-0.716628
-0.696464
-0.672081
-0.621459
-0.568456
-0.486638
-0.404450
-0.303129
-0.212583
-0.111371
0.661635
0.682042
0.620574
0.635249
0.578302
0.582732
0.528343
0.523111
0.469137
0.454286
0.398080
0.375733
0.315045
0.285768
0.224341
0.188331
0.127239
0.092099
0.032478
-0.001856
-0.046464
-0.072227
0.640190
0.633486
0.590708
0.578365
0.538312
0.519384
0.476050
0.450727
0.401916
0.369743
0.313779
0.274511
0.214498
0.167474
0.105253
0.058364
-0.005979
-0.049980
-0.103838
-0.145144
-0.189386
0.593730
0.602000
0.545252
0.542402
0.485113
0.473442
0.412859
0.390145
0.323678
0.290329
0.218982
0.174097
0.100872
0.051153
-0.023589
-0.072306
-0.137611
-0.185933
-0.235740
-0.269584
0.574450
0.544179
0.505089
0.476512
0.430043
0.393494
0.337895
0.292678
0.227432
0.171185
0.100194
0.037299
-0.038355
-0.100426
-0.170632
-0.230515
-0.287432
-0.332894
-0.379306
0.514548
0.510995
0.445116
0.425979
0.356856
0.324999
0.247060
0.199572
0.115955
0.055696
-0.032884
-0.096301
-0.180649
-0.243364
-0.313524
-0.363918
-0.420541
-0.452217
0.480794
0.436999
0.388042
0.339235
0.275258
0.214301
0.140087
0.065463
-0.018299
-0.096982
-0.181991
-0.259099
-0.332796
-0.396219
-0.457651
-0.499868
-0.540444
0.411624
0.385688
0.304305
0.261723
0.173450
0.110624
0.013072
-0.060650
-0.161751
-0.238627
-0.328313
-0.394270
-0.469107
-0.512729
-0.564903
-0.594962
0.351708
0.289823
0.219897
0.141268
0.056311
-0.033163
-0.128936
-0.222398
-0.312131
-0.395116
-0.471431
-0.528959
-0.583332
-0.622143
-0.649418
0.263502
0.206063
0.106042
0.031988
-0.079715
-0.165541
-0.274316
-0.356922
-0.451863
-0.510731
-0.580427
-0.618485
-0.656184
-0.676706
0.171788
0.082256
-0.014884
-0.118731
-0.220935
-0.324591
-0.418821
-0.498227
-0.569097
-0.622627
-0.659419
-0.690109
-0.706566
0.053055
-0.033779
-0.152511
-0.248870
-0.363887
-0.444459
-0.537538
-0.593105
-0.647041
-0.676889
-0.703885
-0.708875
-0.066942
-0.182053
-0.291778
-0.396992
-0.492417
-0.571854
-0.627719
-0.676106
-0.701188
-0.716917
-0.723273
-0.206551
-0.305583
-0.424288
-0.506139
-0.588079
-0.640467
-0.686144
-0.700225
-0.720133
-0.715575
-0.336804
-0.445951
-0.533860
-0.614980
-0.664663
-0.699472
-0.718526
-0.726430
-0.717500
-0.457447
-0.542080
-0.619685
-0.660493
-0.703462
-0.711839
-0.717591
-0.709596
-0.559086
-0.631136
-0.683012
-0.714330
-0.720197
-0.726843
-0.711978
-0.635224
-0.673531
-0.703923
-0.714911
-0.717272
-0.697224
-0.683280
-0.720349
-0.726340
-0.720910
-0.708780
-0.706954
-0.708838
-0.716224
-0.696669
-0.730283
-0.726397
-0.705050
-0.708830
-0.699415
-0.711185
0.714857
0.798431
0.782270
0.836346
0.837519
0.884649
0.896545
0.943470
0.959350
1.006138
1.028359
1.072804
1.095175
1.142482
1.162374
1.203442
1.227539
1.262837
1.275846
1.318219
1.324093
1.342821
1.357621
1.596592
1.580559
1.577058
1.574240
1.582543
1.578081
1.582731
1.590229
1.592054
1.597439
1.602313
1.605882
1.600218
1.605020
1.588847
1.583374
1.559460
1.546693
1.503771
1.494918
1.430278
1.429225
1.581044
1.582891
1.587015
1.582271
1.584288
1.589718
1.590080
1.591696
1.598415
1.597227
1.596814
1.597230
1.589881
1.579585
1.568339
1.549389
1.522398
1.502587
1.462599
1.431377
1.394945
1.606121
1.600852
1.601717
1.604944
1.603079
1.603240
1.606623
1.605989
1.601274
1.605391
1.593224
1.589662
1.573523
1.564024
1.531467
1.522775
1.476120
1.456803
1.409774
1.380843
1.595698
1.597757
1.596289
1.595163
1.598332
1.595921
1.592529
1.594176
1.585940
1.579411
1.570347
1.557232
1.535061
1.521016
1.487847
1.461222
1.427997
1.390901
1.346297
1.602762
1.601496
1.602634
1.600795
1.595387
1.597844
1.587315
1.583524
1.571559
1.563641
1.538229
1.531506
1.494321
1.477646
1.437517
1.413143
1.359039
1.343081
1.582382
1.580895
1.576976
1.577989
1.570158
1.565157
1.556924
1.547658
1.528490
1.519401
1.490958
1.471396
1.441024
1.412673
1.370436
1.345783
1.292784
1.570771
1.571738
1.563749
1.560688
1.550943
1.545051
1.524514
1.519634
1.489682
1.476667
1.442976
1.423601
1.376923
1.361220
1.302841
1.282626
1.531944
1.529026
1.521914
1.516220
1.500309
1.494611
1.471263
1.457481
1.431106
1.410668
1.373267
1.353766
1.306719
1.280423
1.235951
1.504438
1.501229
1.485690
1.483182
1.460029
1.450971
1.423340
1.409465
1.370546
1.357773
1.308847
1.290523
1.241053
1.218147
1.444935
1.442592
1.424834
1.416413
1.394886
1.381836
1.350604
1.336810
1.297453
1.277050
1.236831
1.210625
1.164276
1.401239
1.397043
1.376086
1.368667
1.337374
1.329168
1.289605
1.276001
1.233689
1.215660
1.165841
1.151788
1.330551
1.324830
1.300244
1.292990
1.261860
1.248713
1.214639
1.196342
1.155660
1.138756
1.091582
1.275643
1.274225
1.244453
1.237533
1.202459
1.191582
1.149484
1.139561
1.090116
1.078919
1.199666
1.194533
1.167283
1.158709
1.125493
1.115034
1.075177
1.062399
1.020362
1.146262
1.145528
1.112279
1.107857
1.067334
1.061944
1.016851
1.010329
1.070782
1.068263
1.038579
1.034523
0.998308
0.990895
0.949382
1.025419
1.027806
0.989835
0.989704
0.946437
0.947189
0.952782
0.957419
0.926186
0.925700
0.884879
0.921008
0.923265
0.881892
0.889980
0.853943
0.869073
0.824446
0.823105
0.838038
0.773796
0.676392
0.723889
0.658112
0.668663
0.620586
0.617977
0.574788
0.566657
0.522277
0.508199
0.463231
0.441447
0.393992
0.367737
0.315469
0.285090
0.232967
0.198303
0.145773
0.116316
0.065449
0.030193
-0.006325
0.074285
0.161674
0.269128
0.331543
0.418098
0.466905
0.534065
0.573307
0.629404
0.662921
0.716769
0.746028
0.803217
0.835709
0.895829
0.936444
1.002018
1.045815
1.123218
1.160039
1.243905
1.277130
1.348803
0.784855
0.728773
0.807004
0.780996
0.850590
0.838002
0.898707
0.897041
0.957052
0.959106
1.017574
1.026892
1.081324
1.090952
1.147296
1.155256
1.203066
1.217278
1.258609
1.260781
1.311593
1.315142
0.684881
0.754955
0.740363
0.795826
0.787516
0.842305
0.844338
0.891488
0.902377
0.949719
0.962471
1.008361
1.026958
1.069138
1.085788
1.130886
1.144553
1.180770
1.201750
1.231428
1.245067
0.727047
0.694182
0.760053
0.741445
0.805472
0.787333
0.852607
0.843293
0.901732
0.900419
0.958873
0.959537
1.015187
1.022432
1.073314
1.078347
1.132646
1.134608
1.182752
1.190981
0.652672
0.712056
0.697991
0.748707
0.745273
0.795664
0.791804
0.843396
0.846720
0.892680
0.901625
0.948459
0.957962
1.001549
1.017189
1.055741
1.070057
1.110784
1.128003
0.676345
0.652407
0.719131
0.697278
0.757783
0.743559
0.804693
0.790250
0.852041
0.844621
0.901037
0.898411
0.955789
0.953289
1.007649
1.010514
1.063089
1.062992
0.617223
0.663437
0.654509
0.707372
0.700564
0.748027
0.746634
0.795213
0.792892
0.841931
0.845548
0.889511
0.896757
0.941380
0.950013
0.990085
1.007374
0.624812
0.614293
0.671535
0.652884
0.715505
0.698708
0.756887
0.744489
0.804032
0.790779
0.850559
0.842575
0.898338
0.892398
0.950896
0.946020
0.572762
0.612591
0.615682
0.660964
0.656179
0.705550
0.701886
0.747406
0.746727
0.793606
0.791825
0.838074
0.842099
0.884075
0.891071
0.573800
0.569135
0.621274
0.612981
0.669764
0.654331
0.714470
0.699964
0.757048
0.744559
0.803713
0.789411
0.848511
0.839919
0.521355
0.562852
0.571327
0.612070
0.616382
0.660687
0.657947
0.704905
0.702619
0.746395
0.745709
0.791581
0.789473
0.516240
0.517819
0.572417
0.568901
0.622057
0.614440
0.670884
0.656587
0.715751
0.701373
0.757675
0.744581
0.464926
0.507455
0.521930
0.564716
0.573438
0.614277
0.618640
0.661795
0.659295
0.705100
0.702384
0.451654
0.463209
0.518767
0.520790
0.576512
0.572558
0.626352
0.618302
0.673837
0.659031
0.399950
0.446254
0.470636
0.513559
0.527621
0.569937
0.576965
0.617331
0.620264
0.382383
0.401774
0.461317
0.471985
0.527538
0.528620
0.583503
0.577514
0.328818
0.382558
0.413648
0.459209
0.480416
0.520897
0.532123
0.306569
0.336100
0.402026
0.417892
0.475977
0.482907
0.255754
0.313411
0.353833
0.401762
0.425151
0.230300
0.269974
0.337617
0.361143
0.179966
0.245095
0.288837
0.158136
0.198141
0.115801
0.676393
0.723890
0.658113
0.668664
0.620586
0.617978
0.574788
0.566658
0.522277
0.508198
0.463231
0.441446
0.393992
0.367736
0.315468
0.285090
0.232966
0.198303
0.145773
0.116316
0.065449
0.030193
-0.006325
-0.711181
-0.699411
-0.705046
-0.696665
-0.708776
-0.697220
-0.711975
-0.709592
-0.717497
-0.715571
-0.723270
-0.708873
-0.706564
-0.676705
-0.649416
-0.594961
-0.540443
-0.452217
-0.379306
-0.269584
-0.189386
-0.072227
-0.708825
-0.726392
-0.716220
-0.720906
-0.717268
-0.726839
-0.717587
-0.726427
-0.720129
-0.716914
-0.703882
-0.690107
-0.656182
-0.622142
-0.564902
-0.499868
-0.420541
-0.332895
-0.235740
-0.145145
-0.046465
-0.730278
-0.708834
-0.726335
-0.714907
-0.720193
-0.711835
-0.718523
-0.700222
-0.701185
-0.676886
-0.659417
-0.618483
-0.583331
-0.512729
-0.457650
-0.363918
-0.287433
-0.185933
-0.103838
-0.001857
-0.706950
-0.720345
-0.703919
-0.714326
-0.703458
-0.699468
-0.686141
-0.676103
-0.647038
-0.622626
-0.580426
-0.528958
-0.469106
-0.396220
-0.313524
-0.230516
-0.137612
-0.049981
0.032477
-0.683276
-0.673527
-0.683009
-0.660490
-0.664660
-0.640464
-0.627717
-0.593103
-0.569096
-0.510731
-0.471431
-0.394271
-0.332797
-0.243365
-0.170633
-0.072307
-0.005980
0.092098
-0.635222
-0.631134
-0.619683
-0.614978
-0.588078
-0.571852
-0.537537
-0.498227
-0.451863
-0.395117
-0.328314
-0.259100
-0.180651
-0.100427
-0.023590
0.058363
0.127239
-0.559085
-0.542079
-0.533860
-0.506139
-0.492417
-0.444459
-0.418822
-0.356923
-0.312132
-0.238628
-0.181992
-0.096302
-0.038356
0.051152
0.105252
0.188330
-0.457448
-0.445952
-0.424288
-0.396992
-0.363888
-0.324592
-0.274317
-0.222399
-0.161753
-0.096983
-0.032886
0.037297
0.100871
0.167473
0.224340
-0.336806
-0.305585
-0.291779
-0.248872
-0.220937
-0.165543
-0.128938
-0.060652
-0.018301
0.055694
0.100192
0.174096
0.214496
0.285767
-0.206553
-0.182056
-0.152513
-0.118733
-0.079717
-0.033165
0.013069
0.065461
0.115953
0.171184
0.218980
0.274510
0.315044
-0.066945
-0.033781
-0.014887
0.031985
0.056309
0.110622
0.140084
0.199570
0.227430
0.290327
0.313778
0.375732
0.053052
0.082253
0.106039
0.141266
0.173447
0.214300
0.247058
0.292677
0.323677
0.369742
0.398079
0.171786
0.206061
0.219894
0.261721
0.275256
0.324998
0.337894
0.390144
0.401915
0.454285
0.263500
0.289822
0.304304
0.339233
0.356855
0.393493
0.412858
0.450727
0.469136
0.351707
0.385687
0.388040
0.425978
0.430042
0.473442
0.476050
0.523111
0.411623
0.436998
0.445115
0.476511
0.485112
0.519384
0.528343
0.480793
0.510995
0.505088
0.542402
0.538312
0.582732
0.514548
0.544179
0.545252
0.578366
0.578303
0.574450
0.602001
0.590709
0.635250
0.593730
0.633487
0.620575
0.640191
0.682043
0.661636
0.796686
0.795719
0.871796
0.877458
0.951222
0.980915
1.051984
1.096033
1.171599
1.221982
1.298643
1.346248
1.417641
1.456615
1.511604
1.537756
1.574521
1.581748
1.603873
1.594481
1.605815
1.580580
1.579541
1.561266
1.539318
1.552572
1.551592
1.547732
1.547857
1.558283
1.558067
1.567203
1.575758
1.584187
1.587704
1.598908
1.597436
1.598103
1.593555
1.583989
1.565931
1.549948
1.520601
1.491852
1.460225
1.415365
0.773797
0.838039
0.824447
0.889981
0.884879
0.947189
0.949382
1.010330
1.020362
1.078919
1.091582
1.151788
1.164275
1.218146
1.235950
1.282626
1.292784
1.343081
1.346297
1.380843
1.394945
1.429225
0.823106
0.869074
0.881893
0.925701
0.946437
0.990895
1.016851
1.062399
1.090116
1.138756
1.165841
1.210624
1.241053
1.280422
1.302840
1.345783
1.359038
1.390900
1.409774
1.431377
1.430278
0.853944
0.923266
0.926186
0.989705
0.998308
1.061944
1.075177
1.139561
1.155659
1.215659
1.236830
1.290522
1.306718
1.361219
1.370435
1.413142
1.427997
1.456802
1.462599
1.494918
0.921009
0.957419
0.989835
1.034523
1.067334
1.115033
1.149483
1.196341
1.233688
1.277049
1.308846
1.353765
1.376922
1.412672
1.437516
1.461222
1.476119
1.502586
1.503771
0.952783
1.027807
1.038579
1.107857
1.125493
1.191581
1.214638
1.276000
1.297451
1.357772
1.373266
1.423599
1.441023
1.477645
1.487846
1.522774
1.522397
1.546693
1.025419
1.068263
1.112278
1.158708
1.202458
1.248712
1.289604
1.336809
1.370544
1.410667
1.442974
1.471395
1.494319
1.521015
1.531466
1.549388
1.559459
1.070782
1.145528
1.167282
1.237533
1.261859
1.329167
1.350603
1.409463
1.431104
1.476666
1.490956
1.531504
1.535060
1.564023
1.568338
1.583373
1.146261
1.194532
1.244452
1.292989
1.337372
1.381835
1.423339
1.457480
1.489681
1.519400
1.538228
1.557230
1.573522
1.579584
1.588846
1.199665
1.274224
1.300243
1.368665
1.394884
1.450969
1.471262
1.519632
1.528489
1.563639
1.570346
1.589660
1.589880
1.605019
1.275641
1.324828
1.376085
1.416411
1.460027
1.494609
1.524512
1.547656
1.571557
1.579409
1.593222
1.597228
1.600217
1.330550
1.397041
1.424832
1.483180
1.500307
1.545049
1.556922
1.583522
1.585938
1.605389
1.596812
1.605880
1.401237
1.442590
1.485687
1.516218
1.550941
1.565155
1.587313
1.594174
1.601272
1.597225
1.602311
1.444933
1.501227
1.521911
1.560686
1.570156
1.597842
1.592527
1.605987
1.598413
1.597437
1.504436
1.529024
1.563747
1.577986
1.595385
1.595918
1.606620
1.591693
1.592052
1.531941
1.571736
1.576974
1.600792
1.598329
1.603237
1.590077
1.590226
1.570769
1.580893
1.602631
1.595160
1.603076
1.589715
1.582728
1.582379
1.601493
1.596287
1.604941
1.584285
1.578079
1.602759
1.597754
1.601715
1.582269
1.582541
1.595695
1.600849
1.587012
1.574238
1.606118
1.582888
1.577055
1.581041
1.580556
1.596589
0.714858
0.798432
0.782271
0.836347
0.837519
0.884650
0.896545
0.943471
0.959351
1.006138
1.028359
1.072803
1.095175
1.142482
1.162374
1.203441
1.227539
1.262836
1.275846
1.318218
1.324093
1.342821
1.357620
0.115801
0.198141
0.288837
0.361143
0.425151
0.482907
0.532123
0.577514
0.620264
0.659031
0.702384
0.744581
0.789473
0.839919
0.891071
0.946020
1.007374
1.062993
1.128003
1.190981
1.245067
1.315142
0.158136
0.245095
0.337617
0.401762
0.475977
0.520896
0.583503
0.617331
0.673838
0.705100
0.757675
0.791582
0.848511
0.884075
0.950896
0.990085
1.063089
1.110784
1.182752
1.231428
1.311593
0.179966
0.269974
0.353833
0.417892
0.480416
0.528620
0.576965
0.618302
0.659295
0.701373
0.745709
0.789412
0.842099
0.892398
0.950013
1.010514
1.070057
1.134608
1.201749
1.260781
0.230300
0.313411
0.402026
0.459208
0.527538
0.569937
0.626352
0.661795
0.715751
0.746395
0.803713
0.838075
0.898338
0.941380
1.007649
1.055741
1.132646
1.180770
1.258609
0.255753
0.336099
0.413648
0.471985
0.527621
0.572559
0.618640
0.656587
0.702619
0.744560
0.791825
0.842575
0.896757
0.953290
1.017189
1.078347
1.144553
1.217278
0.306569
0.382557
0.461317
0.513559
0.576512
0.614277
0.670885
0.704906
0.757048
0.793606
0.850560
0.889511
0.955789
1.001549
1.073314
1.130886
1.203066
0.328818
0.401773
0.470636
0.520790
0.573438
0.614440
0.657947
0.699965
0.746727
0.790780
0.845548
0.898412
0.957962
1.022432
1.085788
1.155256
0.382382
0.446253
0.518767
0.564716
0.622057
0.660688
0.714470
0.747406
0.804033
0.841931
0.901037
0.948459
1.015187
1.069138
1.147296
0.399950
0.463209
0.521930
0.568901
0.616382
0.654332
0.701887
0.744490
0.792893
0.844621
0.901626
0.959537
1.026958
1.090952
0.451654
0.507455
0.572418
0.612071
0.669764
0.705551
0.756888
0.795214
0.852041
0.892681
0.958873
1.008361
1.081324
0.464925
0.517819
0.571327
0.612981
0.656179
0.698709
0.746634
0.790251
0.846720
0.900419
0.962472
1.026892
0.516240
0.562852
0.621274
0.660965
0.715506
0.748028
0.804694
0.843396
0.901733
0.949719
1.017574
0.521355
0.569135
0.615682
0.652884
0.700565
0.743560
0.791804
0.843294
0.902378
0.959106
0.573800
0.612592
0.671535
0.707372
0.757784
0.795665
0.852607
0.891488
0.957052
0.572762
0.614293
0.654510
0.697279
0.745273
0.787334
0.844339
0.897041
0.624813
0.663438
0.719132
0.748708
0.805473
0.842306
0.898708
0.617224
0.652408
0.697992
0.741446
0.787517
0.838003
0.676346
0.712057
0.760054
0.795827
0.850591
0.652673
0.694182
0.740364
0.780997
0.727048
0.754956
0.807005
0.684882
0.728774
0.784856
-0.687385
-0.696701
-0.679884
-0.689435
-0.675681
-0.688737
-0.688251
-0.695758
-0.700414
-0.714281
-0.713114
-0.725071
-0.719733
-0.716614
-0.696444
-0.672073
-0.621442
-0.568467
-0.486630
-0.404467
-0.303138
-0.212612
-0.111375
-0.649934
-0.668049
-0.644530
-0.656060
-0.651625
-0.656087
-0.659760
-0.675975
-0.676929
-0.697500
-0.702526
-0.716692
-0.716542
-0.721833
-0.701016
-0.686983
-0.636146
-0.587994
-0.505304
-0.428018
-0.317047
-0.224437
-0.628940
-0.635021
-0.626684
-0.623135
-0.624062
-0.637487
-0.635715
-0.656895
-0.665262
-0.684280
-0.695197
-0.714391
-0.715639
-0.725736
-0.709960
-0.694456
-0.649387
-0.599363
-0.515061
-0.433521
-0.317047
-0.609622
-0.589399
-0.587631
-0.594433
-0.586388
-0.603811
-0.611123
-0.628818
-0.643637
-0.668820
-0.680513
-0.705805
-0.711434
-0.723213
-0.711992
-0.699515
-0.651667
-0.605853
-0.515061
-0.428018
-0.565437
-0.573479
-0.549907
-0.564561
-0.564737
-0.578095
-0.589289
-0.615368
-0.627887
-0.659672
-0.674793
-0.701319
-0.710872
-0.725074
-0.712418
-0.702629
-0.651667
-0.599363
-0.505305
-0.528889
-0.525801
-0.525211
-0.524512
-0.533220
-0.552798
-0.563955
-0.593819
-0.614030
-0.645301
-0.667327
-0.695965
-0.707255
-0.724674
-0.712419
-0.699515
-0.649387
-0.587994
-0.503459
-0.499047
-0.491400
-0.509239
-0.507715
-0.535900
-0.551049
-0.583645
-0.606016
-0.643257
-0.663369
-0.698102
-0.707255
-0.725074
-0.711993
-0.694457
-0.636147
-0.467460
-0.468743
-0.463482
-0.477132
-0.491455
-0.513515
-0.537609
-0.572083
-0.599482
-0.638518
-0.663369
-0.695966
-0.710873
-0.723214
-0.709961
-0.686984
-0.440044
-0.448264
-0.446491
-0.465153
-0.476503
-0.511141
-0.531303
-0.574127
-0.599482
-0.643258
-0.667328
-0.701320
-0.711435
-0.725738
-0.701017
-0.421930
-0.423154
-0.429878
-0.450051
-0.469200
-0.501694
-0.531304
-0.572084
-0.606017
-0.645302
-0.674795
-0.705807
-0.715641
-0.721836
-0.404917
-0.420059
-0.422672
-0.451639
-0.469200
-0.511142
-0.537609
-0.583646
-0.614032
-0.659674
-0.680515
-0.714393
-0.716545
-0.397701
-0.408598
-0.422672
-0.450052
-0.476504
-0.513516
-0.551051
-0.593820
-0.627889
-0.668822
-0.695200
-0.716695
-0.397701
-0.420059
-0.429879
-0.465154
-0.491457
-0.535901
-0.563957
-0.615371
-0.643639
-0.684283
-0.702529
-0.404918
-0.423155
-0.446492
-0.477134
-0.507717
-0.552800
-0.589291
-0.628821
-0.665265
-0.697503
-0.421932
-0.448266
-0.463483
-0.509241
-0.533222
-0.578098
-0.611126
-0.656898
-0.676932
-0.440045
-0.468745
-0.491403
-0.524514
-0.564740
-0.603814
-0.635719
-0.675979
-0.467462
-0.499050
-0.525213
-0.564564
-0.586392
-0.637491
-0.659764
-0.503462
-0.525804
-0.549910
-0.594437
-0.624066
-0.656091
-0.528892
-0.573483
-0.587634
-0.623140
-0.651629
-0.565441
-0.589403
-0.626688
-0.656064
-0.609627
-0.635025
-0.644535
-0.628944
-0.668054
-0.649938
-0.677361
-0.672420
-0.611984
-0.586882
-0.555217
-0.521115
-0.480562
-0.463500
-0.429164
-0.417236
-0.400916
-0.402497
-0.400916
-0.417235
-0.429162
-0.463498
-0.480559
-0.521112
-0.555214
-0.586878
-0.611979
-0.672415
-0.677356
-0.687382
-0.696700
-0.679886
-0.689439
-0.675689
-0.688742
-0.688264
-0.695768
-0.700429
-0.714294
-0.713135
-0.725081
-0.719757
-0.716626
-0.696462
-0.672080
-0.621458
-0.568456
-0.486637
-0.404450
-0.303129
-0.212583
-0.111371
-0.649942
-0.668058
-0.644543
-0.656072
-0.651642
-0.656104
-0.659780
-0.675998
-0.676954
-0.697523
-0.702556
-0.716720
-0.716569
-0.721861
-0.701044
-0.687000
-0.636167
-0.588006
-0.505307
-0.428019
-0.317046
-0.224423
-0.628946
-0.635029
-0.626696
-0.623147
-0.624076
-0.637502
-0.635735
-0.656910
-0.665288
-0.684299
-0.695223
-0.714411
-0.715670
-0.725750
-0.709989
-0.694467
-0.649403
-0.599362
-0.515071
-0.433498
-0.317046
-0.609630
-0.589407
-0.587642
-0.594447
-0.586405
-0.603826
-0.611144
-0.628839
-0.643660
-0.668845
-0.680542
-0.705830
-0.711465
-0.723241
-0.712017
-0.699538
-0.651689
-0.605860
-0.515071
-0.428019
-0.565443
-0.573487
-0.549917
-0.564570
-0.564753
-0.578108
-0.589307
-0.615385
-0.627911
-0.659688
-0.674822
-0.701339
-0.710899
-0.725092
-0.712448
-0.702635
-0.651689
-0.599361
-0.505307
-0.528895
-0.525808
-0.525221
-0.524523
-0.533233
-0.552814
-0.563975
-0.593836
-0.614054
-0.645325
-0.667352
-0.695993
-0.707286
-0.724697
-0.712448
-0.699538
-0.649402
-0.588006
-0.503464
-0.499053
-0.491409
-0.509248
-0.507729
-0.535909
-0.551068
-0.583660
-0.606037
-0.643274
-0.663396
-0.698117
-0.707286
-0.725091
-0.712016
-0.694466
-0.636166
-0.467464
-0.468750
-0.463490
-0.477141
-0.491469
-0.513529
-0.537625
-0.572102
-0.599505
-0.638538
-0.663396
-0.695992
-0.710898
-0.723240
-0.709988
-0.686999
-0.440047
-0.448268
-0.446499
-0.465159
-0.476514
-0.511151
-0.531320
-0.574138
-0.599505
-0.643274
-0.667351
-0.701338
-0.711464
-0.725749
-0.701042
-0.421934
-0.423159
-0.429885
-0.450060
-0.469212
-0.501705
-0.531320
-0.572101
-0.606036
-0.645324
-0.674821
-0.705828
-0.715668
-0.721859
-0.404920
-0.420062
-0.422678
-0.451643
-0.469211
-0.511150
-0.537624
-0.583658
-0.614053
-0.659686
-0.680540
-0.714409
-0.716567
-0.397704
-0.408601
-0.422678
-0.450059
-0.476513
-0.513528
-0.551066
-0.593835
-0.627909
-0.668843
-0.695220
-0.716718
-0.397703
-0.420061
-0.429884
-0.465158
-0.491467
-0.535908
-0.563972
-0.615382
-0.643657
-0.684296
-0.702553
-0.404919
-0.423158
-0.446498
-0.477139
-0.507727
-0.552811
-0.589304
-0.628837
-0.665285
-0.697520
-0.421933
-0.448267
-0.463488
-0.509245
-0.533231
-0.578106
-0.611141
-0.656907
-0.676951
-0.440046
-0.468747
-0.491406
-0.524521
-0.564750
-0.603823
-0.635732
-0.675995
-0.467462
-0.499050
-0.525218
-0.564567
-0.586402
-0.637499
-0.659777
-0.503461
-0.525805
-0.549914
-0.594443
-0.624073
-0.656101
-0.528892
-0.573483
-0.587639
-0.623144
-0.651639
-0.565440
-0.589403
-0.626692
-0.656069
-0.609626
-0.635025
-0.644539
-0.628942
-0.668054
-0.649937
1.557006
1.512936
1.509366
1.454418
1.439194
1.379525
1.356920
1.305957
1.281026
1.243287
1.238286
1.217485
1.238285
1.243286
1.281024
1.305955
1.356917
1.379522
1.439191
1.454416
1.509364
1.512933
1.557004
1.561264
1.539317
1.552567
1.551586
1.547729
1.547842
1.558277
1.558056
1.567187
1.575742
1.584182
1.587672
1.598901
1.597418
1.598080
1.593533
1.583986
1.565888
1.549945
1.520577
1.491828
1.460198
1.415369
1.547526
1.549591
1.526655
1.533693
1.533614
1.535945
1.538617
1.551758
1.558159
1.567516
1.582430
1.588378
1.597864
1.601821
1.605957
1.595175
1.595665
1.570076
1.560106
1.521597
1.502815
1.452009
1.510867
1.494827
1.504696
1.490652
1.498082
1.502720
1.512986
1.518206
1.539565
1.546936
1.564796
1.576279
1.590659
1.592440
1.603494
1.595218
1.592749
1.574817
1.560193
1.528929
1.502814
1.484945
1.483231
1.465659
1.478606
1.472345
1.482659
1.495476
1.509176
1.523535
1.544067
1.560490
1.573431
1.591388
1.596312
1.603966
1.598839
1.596812
1.573931
1.560193
1.521597
1.448212
1.432720
1.435536
1.424412
1.444387
1.445182
1.466200
1.481643
1.507410
1.520950
1.550957
1.562762
1.583943
1.590654
1.603800
1.594944
1.596812
1.574817
1.560106
1.412024
1.407625
1.400971
1.408645
1.410285
1.433599
1.448686
1.471764
1.498211
1.522697
1.544419
1.566770
1.585215
1.593137
1.603800
1.598839
1.592749
1.570076
1.376260
1.356208
1.362378
1.363484
1.385678
1.394607
1.431341
1.450218
1.484796
1.508626
1.542599
1.556382
1.585215
1.590654
1.603966
1.595217
1.595665
1.333303
1.335392
1.331385
1.344902
1.363167
1.391684
1.415812
1.453308
1.483265
1.513069
1.542599
1.566769
1.583943
1.596311
1.603493
1.595174
1.300142
1.285353
1.305078
1.311806
1.343240
1.368222
1.411812
1.436403
1.483265
1.508625
1.544418
1.562762
1.591387
1.592439
1.605956
1.269849
1.274540
1.280754
1.310589
1.337054
1.373491
1.411811
1.453307
1.484796
1.522696
1.550956
1.573430
1.590658
1.601820
1.244107
1.245518
1.272742
1.289823
1.337054
1.368222
1.415811
1.450217
1.498210
1.520949
1.560489
1.576278
1.597863
1.234608
1.249117
1.272742
1.310588
1.343239
1.391684
1.431339
1.471763
1.507409
1.544065
1.564795
1.588377
1.234608
1.245517
1.280753
1.311805
1.363166
1.394606
1.448684
1.481641
1.523533
1.546934
1.582429
1.244106
1.274538
1.305077
1.344901
1.385676
1.433597
1.466198
1.509174
1.539564
1.567515
1.269848
1.285351
1.331384
1.363482
1.410284
1.445179
1.495474
1.518204
1.558157
1.300140
1.335391
1.362375
1.408644
1.444384
1.482657
1.512984
1.551756
1.333301
1.356206
1.400969
1.424410
1.472342
1.502717
1.538615
1.376257
1.407623
1.435534
1.478603
1.498079
1.535942
1.412022
1.432717
1.465657
1.490649
1.533611
1.448209
1.483229
1.504693
1.533691
1.484942
1.494824
1.526652
1.510865
1.549588
1.547523
1.561269
1.539321
1.552575
1.551595
1.547734
1.547860
1.558285
1.558069
1.567206
1.575760
1.584189
1.587705
1.598909
1.597438
1.598104
1.593556
1.583990
1.565932
1.549948
1.520601
1.491852
1.460226
1.415365
1.547525
1.549591
1.526653
1.533699
1.533616
1.535947
1.538628
1.551764
1.558163
1.567535
1.582436
1.588384
1.597884
1.601829
1.605961
1.595200
1.595669
1.570082
1.560129
1.521602
1.502813
1.452036
1.510865
1.494829
1.504696
1.490655
1.498089
1.502728
1.512989
1.518226
1.539571
1.546950
1.564815
1.576297
1.590664
1.592476
1.603499
1.595239
1.592773
1.574841
1.560195
1.528977
1.502813
1.484943
1.483231
1.465663
1.478608
1.472347
1.482671
1.495481
1.509182
1.523551
1.544075
1.560496
1.573454
1.591395
1.596320
1.603989
1.598847
1.596815
1.573959
1.560195
1.521602
1.448211
1.432721
1.435537
1.424422
1.444390
1.445190
1.466213
1.481656
1.507416
1.520978
1.550964
1.562781
1.583965
1.590675
1.603805
1.594986
1.596816
1.574841
1.560129
1.412023
1.407628
1.400973
1.408649
1.410295
1.433605
1.448691
1.471782
1.498218
1.522706
1.544439
1.566780
1.585222
1.593163
1.603805
1.598847
1.592773
1.570082
1.376258
1.356210
1.362383
1.363490
1.385682
1.394625
1.431347
1.450232
1.484815
1.508643
1.542607
1.556416
1.585222
1.590675
1.603989
1.595239
1.595670
1.333303
1.335394
1.331388
1.344911
1.363172
1.391692
1.415827
1.453317
1.483273
1.513091
1.542607
1.566780
1.583966
1.596320
1.603500
1.595201
1.300141
1.285358
1.305081
1.311814
1.343251
1.368234
1.411819
1.436428
1.483273
1.508644
1.544439
1.562781
1.591395
1.592477
1.605962
1.269849
1.274541
1.280760
1.310594
1.337060
1.373507
1.411819
1.453318
1.484815
1.522707
1.550965
1.573455
1.590665
1.601830
1.244108
1.245521
1.272746
1.289836
1.337060
1.368235
1.415828
1.450233
1.498219
1.520979
1.560497
1.576298
1.597886
1.234609
1.249122
1.272746
1.310595
1.343252
1.391693
1.431348
1.471783
1.507418
1.544076
1.564816
1.588386
1.234609
1.245522
1.280761
1.311814
1.363173
1.394626
1.448692
1.481657
1.523553
1.546951
1.582438
1.244109
1.274542
1.305082
1.344913
1.385684
1.433607
1.466215
1.509184
1.539573
1.567536
1.269851
1.285359
1.331389
1.363492
1.410297
1.445192
1.495483
1.518228
1.558165
1.300143
1.335395
1.362385
1.408650
1.444392
1.482672
1.512992
1.551766
1.333305
1.356212
1.400975
1.424425
1.472349
1.502731
1.538631
1.376261
1.407630
1.435539
1.478611
1.498092
1.535949
1.412025
1.432724
1.465666
1.490658
1.533618
1.448214
1.483233
1.504699
1.533702
1.484946
1.494832
1.526656
1.510868
1.549594
1.547528

