Tension at each vertex
-0.618006
-0.618154
-0.616918
-0.617547
-7.182165
4.728337
-7.182296
4.728258
-5.891429
-5.890402
4.209335
4.214059
-0.868856
-1.462904
-1.873907
-2.401270
-2.850055
-3.326022
-3.758797
-4.181748
-4.566021
-4.933007
-5.266543
-5.574314
-5.854958
-6.101650
-6.295962
-6.484164
-6.608531
-6.735085
-6.790782
-6.894035
-6.874529
-6.999833
-6.861248
-0.953820
-1.497264
-1.926954
-2.484024
-2.918335
-3.442282
-3.834773
-4.305641
-4.648490
-5.057107
-5.352140
-5.698248
-5.928051
-6.207809
-6.371509
-6.558797
-6.664601
-6.784047
-6.825897
-6.889397
-6.897080
-6.917404
-0.950537
-1.523622
-1.971706
-2.499686
-2.964459
-3.451510
-3.885586
-4.304892
-4.690481
-5.048002
-5.374526
-5.678296
-5.943200
-6.176003
-6.369248
-6.538002
-6.644607
-6.775822
-6.814546
-6.914628
-6.897149
-0.991467
-1.497108
-1.994125
-2.538759
-3.001459
-3.519658
-3.933070
-4.396227
-4.743277
-5.149877
-5.433088
-5.768164
-5.988802
-6.257927
-6.398660
-6.592308
-6.666337
-6.787775
-6.814415
-6.889409
-0.989118
-1.558492
-2.017798
-2.568739
-3.045137
-3.537394
-3.972094
-4.396825
-4.777323
-5.131291
-5.457320
-5.743780
-5.992921
-6.219160
-6.402317
-6.553764
-6.666429
-6.775866
-6.825984
-0.998934
-1.536368
-2.054164
-2.589887
-3.075455
-3.589095
-4.006342
-4.461607
-4.810839
-5.207469
-5.481410
-5.815515
-6.012351
-6.271148
-6.402188
-6.592310
-6.644472
-6.784027
-1.017754
-1.566289
-2.063797
-2.616851
-3.096854
-3.591318
-4.027540
-4.447333
-4.823164
-5.174970
-5.491925
-5.763890
-6.012437
-6.219203
-6.398753
-6.538060
-6.664675
-1.017084
-1.570317
-2.083615
-2.631703
-3.122249
-3.628280
-4.044113
-4.495106
-4.835883
-5.224188
-5.491831
-5.815518
-5.992801
-6.257908
-6.369089
-6.558799
-1.023115
-1.579343
-2.097327
-2.639938
-3.129282
-3.619899
-4.051576
-4.462891
-4.835915
-5.175019
-5.481486
-5.743850
-5.988864
-6.176133
-6.371545
-1.031969
-1.583695
-2.103431
-2.657092
-3.139307
-3.641997
-4.051545
-4.495134
-4.823118
-5.207477
-5.457196
-5.768182
-5.943010
-6.207789
-1.030491
-1.590318
-2.109222
-2.648092
-3.139272
-3.619865
-4.044114
-4.447398
-4.810873
-5.131450
-5.433115
-5.678451
-5.928116
-1.034285
-1.588578
-2.109017
-2.656883
-3.129113
-3.628282
-4.027466
-4.461688
-4.777198
-5.149893
-5.374384
-5.698216
-1.034342
-1.590252
-2.103173
-2.639498
-3.121999
-3.591310
-4.006282
-4.396971
-4.743342
-5.048191
-5.352150
-1.030481
-1.583516
-2.096815
-2.631339
-3.096612
-3.589095
-3.972016
-4.396239
-4.690289
-5.057164
-1.032052
-1.579327
-2.083036
-2.616549
-3.075245
-3.537423
-3.933021
-4.305194
-4.648451
-1.023080
-1.570205
-2.063619
-2.589860
-3.045102
-3.519747
-3.885349
-4.305674
-1.017384
-1.566120
-2.054095
-2.569119
-3.001309
-3.451875
-3.834735
-1.017513
-1.536782
-2.018225
-2.539357
-2.964504
-3.442374
-0.998305
-1.559649
-1.994016
-2.500440
-2.918373
-0.988124
-1.497641
-1.972087
-2.484283
-0.990632
-1.524617
-1.927116
-0.950034
-1.496853
-0.954042
-0.545909
-0.593626
-0.514163
-0.554595
-0.523605
-0.540933
-0.514352
-0.535708
-0.517548
-0.525147
-0.521060
-0.522396
-0.520995
-0.525014
-0.517155
-0.535345
-0.514385
-0.540477
-0.524080
-0.554686
-0.514246
-0.593551
-0.545916
0.015546
0.361776
0.888539
1.314438
1.786677
2.203006
2.617795
3.007059
3.358220
3.685593
3.968367
4.225664
4.432621
4.612841
4.742316
4.856052
4.933504
4.973518
5.020520
5.007516
5.034419
4.954543
5.068433
-0.031156
0.373427
0.909768
1.305961
1.821526
2.202710
2.666523
2.993654
3.404871
3.666787
4.004030
4.194279
4.449231
4.564584
4.750332
4.789401
4.927551
4.917557
5.009511
4.965799
5.054186
4.959383
-0.010011
0.388815
0.921777
1.372266
1.848555
2.280286
2.708944
3.091001
3.445975
3.769985
4.045055
4.295328
4.495173
4.657912
4.787075
4.879456
4.949788
4.984382
5.032227
4.993675
5.054265
-0.028865
0.451353
0.952505
1.399615
1.907554
2.300820
2.760937
3.099328
3.493581
3.753058
4.078099
4.248990
4.505869
4.600542
4.783010
4.806014
4.951062
4.909112
5.031461
4.966091
-0.008932
0.429125
0.981926
1.428908
1.926674
2.363137
2.788817
3.171308
3.526289
3.834632
4.105310
4.337136
4.521524
4.683136
4.800646
4.880252
4.951102
4.984752
5.009846
-0.002117
0.480028
0.992673
1.469466
1.960105
2.374152
2.828346
3.163780
3.555235
3.808852
4.120204
4.282349
4.529780
4.605772
4.800188
4.806167
4.949420
4.917491
-0.004212
0.480078
1.014902
1.482302
1.985866
2.412740
2.844612
3.220205
3.567193
3.872671
4.133694
4.348626
4.529776
4.683368
4.783224
4.879656
4.927365
0.005383
0.499828
1.030623
1.503315
1.999032
2.417511
2.859136
3.198262
3.579779
3.822687
4.133446
4.282431
4.521335
4.600463
4.786419
4.790089
0.011718
0.504286
1.038674
1.520138
2.012123
2.441726
2.868252
3.232166
3.579744
3.872814
4.120313
4.337269
4.505718
4.658820
4.749768
0.010043
0.518769
1.048217
1.523491
2.019291
2.428677
2.868181
3.198306
3.567128
3.808805
4.104912
4.249434
4.494312
4.564692
0.016705
0.517326
1.052760
1.530923
2.019217
2.441806
2.859158
3.220328
3.555079
3.835254
4.077694
4.295812
4.449446
0.016649
0.523925
1.052743
1.523535
2.012173
2.417545
2.844408
3.164106
3.525777
3.753121
4.044917
4.194136
0.016573
0.517410
1.048199
1.520229
1.998861
2.413206
2.828066
3.171651
3.493699
3.770309
4.003625
0.016824
0.518795
1.038604
1.503650
1.985658
2.374250
2.788812
3.099287
3.445386
3.667414
0.009991
0.504678
1.030377
1.482561
1.960187
2.363460
2.760626
3.091994
3.404316
0.011724
0.500020
1.015122
1.469627
1.926386
2.301367
2.708329
2.993677
0.005531
0.480445
0.992376
1.429776
1.907210
2.280798
2.666736
-0.004343
0.480719
0.981797
1.399753
1.848697
2.202635
-0.002743
0.429518
0.952680
1.372814
1.821207
-0.008765
0.451406
0.921566
1.306566
-0.029678
0.389899
0.909417
-0.010200
0.373354
-0.031128
-0.810398
-1.085464
-1.415215
-1.669596
-2.043062
-2.283320
-2.668126
-2.903049
-3.264267
-3.476112
-3.820414
-3.988694
-4.304029
-4.444579
-4.713068
-4.830920
-5.058169
-5.145579
-5.345481
-5.415963
-5.560882
-5.648885
-5.721834
-6.949050
-6.904759
-6.944578
-6.915673
-6.952922
-6.925407
-6.945026
-6.937893
-6.951471
-6.917522
-6.937213
-6.891297
-6.875527
-6.809442
-6.781526
-6.657481
-6.612787
-6.450944
-6.374858
-6.164757
-6.083567
-5.833321
-6.918434
-6.955477
-6.942983
-6.934770
-6.939103
-6.928181
-6.936991
-6.897862
-6.919370
-6.870712
-6.859410
-6.801310
-6.776128
-6.673965
-6.624147
-6.504698
-6.403206
-6.261492
-6.140662
-5.960848
-5.812592
-6.935135
-6.879637
-6.932451
-6.894569
-6.924683
-6.881966
-6.910983
-6.866154
-6.862508
-6.813165
-6.799721
-6.704271
-6.675203
-6.551954
-6.483615
-6.317611
-6.241084
-6.019560
-5.920572
-5.684996
-6.889699
-6.890446
-6.891574
-6.868652
-6.884600
-6.843351
-6.840979
-6.791885
-6.782624
-6.692047
-6.667996
-6.558706
-6.489779
-6.353189
-6.264676
-6.083024
-5.970656
-5.776005
-5.628232
-6.841405
-6.787930
-6.837130
-6.781410
-6.798815
-6.751051
-6.749035
-6.671486
-6.655126
-6.560265
-6.503966
-6.377706
-6.307343
-6.126452
-6.035228
-5.829361
-5.706511
-5.470239
-6.771060
-6.730860
-6.741563
-6.703420
-6.699775
-6.628666
-6.620497
-6.525997
-6.483894
-6.360098
-6.304357
-6.129123
-6.052054
-5.855536
-5.737137
-5.524752
-5.397379
-6.642467
-6.594724
-6.607905
-6.544286
-6.543080
-6.462368
-6.426793
-6.323199
-6.273641
-6.118940
-6.051933
-5.868933
-5.764690
-5.554409
-5.439803
-5.194955
-6.521496
-6.450775
-6.460685
-6.380855
-6.363114
-6.256610
-6.228730
-6.070248
-6.027042
-5.842042
-5.755108
-5.553227
-5.444447
-5.206776
-5.092905
-6.313486
-6.252044
-6.230143
-6.149962
-6.117343
-5.990277
-5.943907
-5.791531
-5.702574
-5.534023
-5.419900
-5.212250
-5.088891
-4.857160
-6.119149
-6.023692
-6.022141
-5.883855
-5.873181
-5.704939
-5.654978
-5.470074
-5.390279
-5.168409
-5.077155
-4.828335
-4.718396
-5.836092
-5.739381
-5.709430
-5.583385
-5.519504
-5.378919
-5.283817
-5.109950
-5.004762
-4.795285
-4.672826
-4.438165
-5.589389
-5.438075
-5.427991
-5.255614
-5.217315
-5.011372
-4.958417
-4.713506
-4.642655
-4.371368
-4.287142
-5.222693
-5.100966
-5.035357
-4.885103
-4.799758
-4.618694
-4.515797
-4.307137
-4.189808
-3.948387
-4.923478
-4.735454
-4.717591
-4.492084
-4.457528
-4.195469
-4.144271
-3.850072
-3.780059
-4.496746
-4.338251
-4.255370
-4.066215
-3.966515
-3.752559
-3.635082
-3.402110
-4.152985
-3.922095
-3.900724
-3.620905
-3.583372
-3.279877
-3.206638
-3.662924
-3.463213
-3.363699
-3.147040
-3.020579
-2.793914
-3.281059
-3.013151
-2.972658
-2.666460
-2.603870
-2.721501
-2.501923
-2.385480
-2.138948
-2.330037
-2.041782
-1.984346
-1.737604
-1.486375
-1.358385
0.015951
0.361082
0.888294
1.313717
1.787251
2.201764
2.618406
3.006628
3.358295
3.684984
3.969409
4.224310
4.433530
4.612416
4.742566
4.855360
4.934827
4.972183
5.021575
5.007203
5.035073
4.953954
5.069733
5.010441
4.888568
4.948975
4.923814
4.951472
4.937114
4.954833
4.976460
4.976382
5.005461
5.008609
5.027555
5.020607
5.036942
5.003060
5.003186
4.952058
4.914138
4.845434
4.773582
4.676794
4.558140
4.496191
0.124119
0.600899
0.711595
1.177008
1.325773
1.753590
1.920740
2.304512
2.472429
2.806679
2.961626
3.248919
3.374153
3.616595
3.715469
3.917871
3.975556
4.151397
4.180337
4.323704
4.339320
4.462970
0.698635
1.012220
1.289179
1.630366
1.877550
2.213825
2.436657
2.744200
2.943605
3.212140
3.377191
3.611244
3.735596
3.927523
4.020300
4.173785
4.240605
4.341250
4.400275
4.467000
4.491060
1.058039
1.511279
1.648634
2.090614
2.245469
2.634158
2.801205
3.131282
3.287471
3.569537
3.691295
3.930451
4.019681
4.207481
4.268578
4.416169
4.455500
4.576315
4.572991
4.693495
1.612325
1.943212
2.201779
2.517007
2.761718
3.044992
3.259159
3.513823
3.680250
3.904817
4.025263
4.205543
4.296822
4.427727
4.489485
4.584933
4.615946
4.700845
4.695554
1.973422
2.381376
2.549002
2.923538
3.088276
3.419181
3.562183
3.845597
3.958733
4.186504
4.275122
4.439812
4.505344
4.630755
4.657954
4.765796
4.758192
4.843421
2.483653
2.783554
3.030020
3.308644
3.519249
3.766760
3.934616
4.141064
4.268805
4.423527
4.517396
4.631203
4.678690
4.775092
4.785158
4.859364
4.851878
2.810084
3.170517
3.329139
3.652640
3.793262
4.062064
4.178519
4.382907
4.475063
4.621119
4.675606
4.791167
4.806194
4.891029
4.895318
4.945405
3.246922
3.521324
3.732908
3.961732
4.139026
4.318970
4.455735
4.588603
4.674470
4.781850
4.813283
4.896727
4.904535
4.958681
4.943539
3.529073
3.830432
3.976620
4.223240
4.344167
4.530457
4.613374
4.755077
4.791366
4.893400
4.909350
4.964898
4.971718
5.005428
3.889924
4.113214
4.286732
4.452667
4.581948
4.709875
4.779105
4.875864
4.906834
4.964655
4.970551
5.016387
4.984692
4.102394
4.345066
4.452366
4.638682
4.702558
4.838271
4.872451
4.949192
4.965857
5.007676
5.001496
5.021426
4.379004
4.552320
4.662115
4.783792
4.854025
4.924562
4.959698
5.004352
4.996521
5.033845
5.000534
4.514356
4.705155
4.763527
4.882104
4.916391
4.986317
4.986819
5.022346
5.012973
5.006287
4.716498
4.821257
4.897812
4.954868
4.983383
5.016121
5.013111
5.021135
4.997452
4.788354
4.912005
4.930971
5.002572
5.000910
5.018385
5.010138
4.992772
4.909936
4.966960
5.004731
5.007002
5.021582
5.007605
4.983353
4.931556
5.003828
5.002158
5.024093
4.995498
4.986219
5.009309
5.007520
5.021068
4.991823
4.987777
4.984105
5.026696
5.001053
4.975336
5.037185
4.967425
4.999402
4.997317
5.000320
5.008806
-0.257641
0.041972
0.311355
0.666577
0.909729
1.279438
1.505200
1.862005
2.072067
2.397160
2.584609
2.873664
3.028715
3.280052
3.407183
3.607223
3.711161
3.866335
3.943772
4.062511
4.130325
4.180980
4.276036
-5.503430
-5.222857
-4.931308
-4.577684
-4.206177
-3.765059
-3.284543
-2.750342
-2.164397
-1.535651
-0.895195
-0.244079
0.388218
0.984366
1.539634
2.036463
2.499238
2.889531
3.258528
3.563231
3.848977
4.050830
-5.324380
-5.072217
-4.722688
-4.360051
-3.940739
-3.479256
-2.966499
-2.383748
-1.785658
-1.123734
-0.476311
0.182866
0.793713
1.382349
1.906122
2.381867
2.808624
3.179154
3.521102
3.766410
4.071752
-5.311375
-4.979029
-4.663401
-4.256449
-3.838281
-3.329499
-2.801167
-2.193496
-1.555501
-0.897462
-0.227465
0.413996
1.034783
1.582506
2.110696
2.548844
2.978742
3.301274
3.658470
3.873988
-5.111754
-4.795641
-4.419951
-4.000225
-3.541222
-3.009849
-2.434221
-1.803008
-1.150263
-0.465658
0.186795
0.827776
1.411689
1.955207
2.432103
2.858253
3.246221
3.551467
3.854368
-5.050938
-4.685322
-4.330030
-3.864640
-3.388751
-2.823570
-2.228443
-1.566945
-0.899213
-0.222383
0.444047
1.052354
1.638799
2.131717
2.625245
2.990806
3.387930
3.658490
-4.835826
-4.449753
-4.045958
-3.568093
-3.051717
-2.450355
-1.829988
-1.147549
-0.473080
0.207644
0.840711
1.445234
1.982870
2.468154
2.894963
3.274373
3.592020
-4.728924
-4.327898
-3.910450
-3.392207
-2.856726
-2.233551
-1.579549
-0.900342
-0.209898
0.444992
1.085946
1.637093
2.182468
2.614190
3.049719
3.370140
-4.476345
-4.037623
-3.592285
-3.048269
-2.469840
-1.824456
-1.158548
-0.462829
0.204967
0.855827
1.448215
1.998528
2.471767
2.911335
3.279016
-4.348390
-3.888282
-3.408783
-2.842427
-2.242116
-1.575073
-0.898952
-0.215952
0.456204
1.067261
1.658786
2.154614
2.645831
3.018023
-4.046960
-3.563455
-3.052973
-2.449631
-1.828548
-1.146615
-0.469610
0.208845
0.844930
1.449069
1.982338
2.474498
2.892929
-3.885723
-3.371705
-2.839273
-2.221236
-1.571445
-0.899137
-0.214141
0.435020
1.068831
1.620484
2.161460
2.592669
-3.545882
-3.008932
-2.433293
-1.804758
-1.142502
-0.465215
0.196178
0.832657
1.420752
1.961444
2.433578
-3.349211
-2.793256
-2.203233
-1.552492
-0.896007
-0.229249
0.425925
1.024108
1.607099
2.095419
-2.972091
-2.390141
-1.778385
-1.129977
-0.460449
0.179382
0.809274
1.386156
1.913449
-2.760027
-2.158050
-1.533409
-0.893270
-0.237374
0.388587
1.000535
1.532201
-2.336426
-1.751535
-1.097089
-0.472985
0.176782
0.763013
1.345684
-2.127465
-1.503177
-0.885593
-0.259613
0.368565
0.929979
-1.684090
-1.105414
-0.437236
0.124992
0.747415
-1.484083
-0.878300
-0.268690
0.313564
-1.028268
-0.491996
0.154827
-0.876091
-0.295842
-0.408028
-0.546238
-0.593755
-0.513938
-0.554504
-0.523218
-0.540786
-0.513773
-0.535441
-0.517150
-0.525027
-0.520753
-0.522501
-0.520794
-0.525162
-0.517330
-0.535514
-0.514296
-0.540437
-0.523193
-0.554051
-0.514097
-0.593189
-0.545825
-0.869808
-1.461917
-1.874330
-2.401155
-2.850736
-3.325570
-3.759586
-4.181130
-4.566521
-4.932661
-5.266891
-5.574015
-5.855360
-6.101352
-6.296284
-6.484032
-6.608697
-6.735059
-6.790940
-6.893990
-6.874707
-6.999839
-6.861323
-0.953701
-1.496530
-1.926840
-2.484324
-2.918230
-3.442165
-3.834619
-4.305593
-4.648212
-5.057194
-5.352040
-5.698149
-5.928142
-6.207739
-6.371497
-6.558818
-6.664646
-6.783939
-6.826047
-6.889300
-6.897135
-6.917380
-0.949669
-1.524540
-1.972354
-2.500292
-2.964836
-3.451731
-3.885415
-4.305091
-4.690428
-5.048034
-5.374586
-5.678377
-5.943084
-6.176178
-6.369126
-6.538046
-6.644572
-6.775864
-6.814420
-6.914741
-6.897051
-0.990490
-1.497367
-1.994155
-2.539378
-3.001223
-3.519738
-3.932880
-4.396093
-4.743279
-5.149838
-5.433025
-5.768235
-5.988816
-6.257865
-6.398816
-6.592233
-6.666422
-6.787777
-6.814510
-6.889316
-0.988117
-1.559539
-2.018532
-2.569435
-3.045387
-3.537338
-3.972145
-4.396887
-4.777241
-5.131457
-5.457249
-5.743804
-5.992922
-6.219151
-6.402208
-6.553834
-6.666305
-6.775848
-6.825965
-0.998021
-1.536621
-2.054457
-2.590032
-3.075440
-3.589057
-4.006144
-4.461660
-4.810801
-5.207437
-5.481547
-5.815474
-6.012449
-6.271197
-6.402292
-6.592268
-6.644688
-6.783934
-1.017354
-1.566266
-2.064456
-2.617038
-3.096798
-3.591404
-4.027503
-4.447355
-4.823209
-5.174962
-5.491867
-5.763936
-6.012316
-6.219152
-6.398725
-6.537948
-6.664604
-1.017205
-1.570277
-2.083632
-2.631748
-3.122139
-3.628179
-4.044141
-4.495060
-4.835961
-5.224252
-5.491931
-5.815530
-5.993039
-6.257850
-6.369307
-6.558821
-1.022833
-1.579703
-2.097472
-2.639830
-3.129284
-3.619875
-4.051552
-4.462931
-4.835832
-5.174982
-5.481465
-5.743692
-5.988799
-6.176042
-6.371415
-1.031938
-1.583483
-2.103696
-2.656905
-3.139272
-3.641929
-4.051570
-4.495141
-4.823326
-5.207427
-5.457464
-5.768238
-5.943219
-6.207817
-1.030521
-1.590482
-2.109318
-2.648110
-3.139174
-3.619856
-4.044072
-4.447230
-4.810842
-5.131312
-5.432957
-5.678286
-5.928061
-1.034304
-1.588534
-2.109295
-2.656739
-3.129187
-3.628107
-4.027719
-4.461672
-4.777395
-5.149963
-5.374734
-5.698172
-1.034354
-1.590366
-2.103366
-2.639448
-3.122050
-3.591135
-4.006102
-4.396820
-4.743218
-5.047824
-5.352088
-1.030706
-1.583466
-2.097268
-2.631237
-3.096816
-3.589173
-3.972302
-4.396168
-4.690745
-5.057208
-1.032132
-1.579387
-2.083405
-2.616701
-3.075230
-3.537118
-3.933005
-4.304818
-4.648194
-1.023477
-1.570202
-2.064185
-2.590020
-3.045790
-3.519814
-3.885724
-4.305838
-1.017417
-1.566229
-2.054580
-2.569044
-3.001312
-3.451720
-3.834584
-1.017665
-1.536317
-2.018888
-2.539958
-2.965225
-3.442463
-0.998427
-1.559042
-1.993642
-2.500130
-2.918607
-0.987280
-1.496795
-1.972875
-2.484474
-0.989548
-1.523246
-1.926462
-0.949323
-1.496450
-0.953158
0.016110
0.361122
0.888377
1.313608
1.787487
2.201487
2.618545
3.006507
3.358292
3.684843
3.969509
4.224110
4.433566
4.612336
4.742520
4.855257
4.934848
4.972049
5.021562
5.007151
5.035026
4.953898
5.069744
-0.030720
0.373184
0.909282
1.306200
1.821053
2.202751
2.666477
2.993978
3.404204
3.667597
4.003595
4.194354
4.449323
4.564948
4.749695
4.790236
4.927358
4.917638
5.009778
4.966251
5.054231
4.959452
-0.010343
0.389367
0.920992
1.372561
1.848175
2.280760
2.708199
3.091829
3.445408
3.770216
4.044824
4.295773
4.494251
4.658679
4.786404
4.879552
4.949325
4.984705
5.031402
4.993576
5.054171
-0.029093
0.451303
0.951990
1.399782
1.906949
2.301366
2.760589
3.099493
3.493552
3.753418
4.077606
4.249614
4.505701
4.600661
4.783133
4.806389
4.951057
4.909230
5.032229
4.965919
-0.009289
0.429518
0.981092
1.429418
1.926192
2.363351
2.788614
3.171657
3.525702
3.835123
4.104907
4.337164
4.521229
4.683306
4.800121
4.880113
4.951042
4.984293
5.009433
-0.003044
0.480319
0.992123
1.469545
1.959921
2.374472
2.827971
3.164255
3.555075
3.809022
4.120208
4.282697
4.529726
4.605931
4.800651
4.806188
4.949722
4.917731
-0.004313
0.479940
1.014624
1.482495
1.985443
2.413066
2.844359
3.220266
3.566993
3.872786
4.133368
4.348476
4.529751
4.683024
4.782904
4.879388
4.927505
0.004983
0.500051
1.030079
1.503659
1.998814
2.417723
2.859040
3.198573
3.579699
3.822850
4.133710
4.282559
4.521455
4.600776
4.787060
4.789521
0.011395
0.504294
1.038489
1.520115
2.011963
2.441802
2.868078
3.232042
3.579744
3.872583
4.120065
4.337071
4.505792
4.657749
4.750309
0.009752
0.518892
1.047925
1.523776
2.019132
2.428819
2.868262
3.198480
3.567112
3.809113
4.105310
4.249141
4.495217
4.564770
0.016522
0.517308
1.052621
1.530743
2.019232
2.441655
2.858978
3.220180
3.555148
3.834469
4.078052
4.295216
4.449100
0.016463
0.523983
1.052671
1.523706
2.011977
2.417777
2.844594
3.163932
3.526339
3.753281
4.045017
4.194515
0.016608
0.517254
1.047987
1.520070
1.998940
2.412594
2.828317
3.171223
3.493418
3.769909
4.003953
0.016611
0.518973
1.038614
1.503446
1.985870
2.374385
2.788736
3.099604
3.446026
3.666919
0.010115
0.504122
1.030541
1.482237
1.959949
2.363121
2.760880
3.090798
3.404838
0.011914
0.500147
1.014798
1.469758
1.926676
2.300961
2.709043
2.993881
0.005448
0.480142
0.992633
1.428811
1.907592
2.280204
2.666382
-0.003998
0.480337
0.982019
1.399856
1.848519
2.202978
-0.001981
0.429178
0.952493
1.372311
1.821592
-0.008935
0.451669
0.921866
1.306024
-0.028747
0.388735
0.910085
-0.009666
0.373515
-0.030739
-0.868994
-1.462737
-1.874011
-2.401036
-2.850171
-3.325835
-3.759060
-4.181388
-4.566343
-4.932823
-5.266692
-5.574292
-5.855106
-6.101561
-6.296140
-6.484141
-6.608560
-6.735181
-6.790786
-6.894068
-6.874601
-6.999872
-6.861237
-6.870102
-6.981301
-6.924858
-6.936760
-6.925608
-6.913002
-6.938666
-6.911475
-6.928081
-6.915902
-6.932076
-6.890086
-6.905775
-6.854045
-6.824365
-6.758556
-6.702462
-6.594661
-6.503481
-6.385715
-6.239256
-6.118033
-5.901298
-1.359201
-1.486400
-1.984442
-2.139917
-2.603993
-2.794900
-3.206949
-3.402275
-3.779571
-3.948857
-4.287038
-4.438050
-4.718393
-4.857209
-5.092719
-5.195090
-5.397243
-5.470184
-5.628216
-5.685032
-5.812477
-5.833392
-1.737446
-2.041340
-2.385001
-2.665752
-3.020346
-3.279008
-3.635064
-3.850160
-4.189897
-4.371029
-4.673105
-4.828292
-5.088846
-5.206880
-5.439818
-5.524691
-5.706671
-5.775982
-5.920571
-5.960894
-6.083576
-2.329699
-2.502199
-2.972883
-3.147523
-3.583544
-3.753309
-4.143932
-4.307275
-4.642665
-4.795450
-5.076831
-5.212506
-5.444252
-5.554418
-5.737113
-5.829367
-5.970484
-6.019692
-6.140522
-6.164815
-2.721341
-3.012579
-3.363374
-3.620511
-3.966152
-4.195124
-4.516136
-4.713251
-5.004774
-5.168470
-5.419975
-5.553092
-5.764897
-5.855456
-6.035249
-6.083116
-6.241091
-6.261472
-6.374930
-3.281016
-3.463709
-3.900669
-4.066702
-4.457684
-4.618862
-4.958157
-5.110368
-5.390009
-5.534114
-5.755036
-5.869006
-6.051830
-6.126650
-6.264467
-6.317664
-6.403134
-6.450993
-3.662547
-3.921721
-4.255261
-4.491629
-4.799706
-5.011400
-5.283815
-5.469902
-5.702836
-5.841913
-6.051990
-6.129186
-6.307375
-6.353136
-6.483758
-6.504648
-6.612817
-4.153058
-4.338489
-4.717610
-4.885569
-5.217097
-5.379096
-5.654960
-5.791640
-6.026796
-6.119203
-6.304104
-6.377794
-6.489690
-6.552011
-6.623968
-6.657635
-4.496551
-4.735296
-5.035141
-5.255448
-5.519680
-5.704776
-5.943948
-6.070318
-6.273677
-6.360026
-6.504153
-6.558624
-6.675259
-6.674020
-6.781541
-4.923378
-5.101249
-5.428062
-5.583511
-5.873027
-5.990568
-6.228497
-6.323304
-6.483812
-6.560330
-6.667796
-6.704459
-6.775911
-6.809537
-5.222661
-5.437855
-5.709393
-5.883908
-6.117316
-6.256549
-6.426967
-6.525921
-6.655182
-6.692112
-6.799745
-6.801287
-6.875643
-5.589359
-5.739678
-6.021988
-6.150091
-6.363086
-6.462430
-6.620315
-6.671674
-6.782409
-6.813247
-6.859309
-6.891356
-5.835978
-6.023625
-6.230250
-6.380782
-6.543102
-6.628755
-6.749045
-6.791872
-6.862639
-6.870677
-6.937256
-6.119185
-6.252118
-6.460568
-6.544472
-6.699596
-6.751115
-6.840906
-6.866190
-6.919205
-6.917663
-6.313455
-6.450853
-6.607880
-6.703416
-6.798929
-6.843334
-6.911012
-6.897948
-6.951474
-6.521384
-6.594782
-6.741534
-6.781434
-6.884456
-6.882088
-6.936820
-6.937947
-6.642544
-6.730850
-6.837131
-6.868758
-6.924680
-6.928211
-6.945107
-6.770953
-6.788042
-6.891437
-6.894589
-6.939038
-6.925419
-6.841385
-6.890473
-6.932527
-6.934803
-6.952927
-6.889673
-6.879638
-6.942858
-6.915745
-6.935113
-6.955599
-6.944569
-6.918330
-6.904741
-6.949103
-0.256874
0.041750
0.311493
0.666301
0.909913
1.278981
1.505501
1.861916
2.072087
2.396979
2.584751
2.873459
3.028892
3.279960
3.407157
3.607284
3.711204
3.866262
3.943842
4.062493
4.130319
4.180996
4.276037
5.008742
5.000339
4.999386
4.975298
4.987782
4.986218
4.983317
4.992779
4.997471
5.006245
5.000566
5.021438
4.984679
5.005439
4.943582
4.945364
4.851908
4.843434
4.695539
4.693483
4.491095
4.462946
4.997423
4.967323
5.001153
4.991777
4.995536
5.007568
5.010215
5.021048
5.013034
5.033817
5.001487
5.016357
4.971760
4.958600
4.895347
4.859360
4.758165
4.700834
4.573034
4.466959
4.339323
5.037165
5.026706
5.021009
5.024096
5.021591
5.018336
5.013129
5.022362
4.996496
5.007693
4.970604
4.964857
4.904586
4.891063
4.785145
4.765806
4.616009
4.576263
4.400298
4.323730
4.984177
5.007452
5.002281
5.006890
5.001008
5.016079
4.986840
5.004303
4.965930
4.964541
4.909392
4.896702
4.806152
4.775061
4.657999
4.584845
4.455519
4.341275
4.180305
5.009307
5.003776
5.004720
5.002592
4.983328
4.986332
4.959736
4.949151
4.906875
4.893453
4.813268
4.791201
4.678782
4.630704
4.489545
4.416218
4.240581
4.151394
4.931689
4.966900
4.931038
4.954794
4.916513
4.924429
4.872528
4.875820
4.791345
4.781785
4.675667
4.631064
4.505364
4.427726
4.268508
4.173765
3.975622
4.909854
4.912012
4.897819
4.882062
4.854029
4.838331
4.779063
4.755125
4.674556
4.621094
4.517466
4.439906
4.296808
4.207513
4.020425
3.917790
4.788534
4.821103
4.763658
4.783729
4.702591
4.709786
4.613473
4.588434
4.475101
4.423479
4.275052
4.205464
4.019748
3.927376
3.715471
4.716458
4.705212
4.662028
4.638728
4.581989
4.530443
4.455781
4.383021
4.268794
4.186580
4.025404
3.930425
3.735674
3.616711
4.514457
4.552211
4.452532
4.452479
4.344266
4.318884
4.178491
4.140941
3.958798
3.904609
3.691295
3.611209
3.374062
4.378988
4.345047
4.286719
4.223348
4.138966
4.062168
3.934719
3.845614
3.680351
3.569685
3.377211
3.248982
4.102575
4.113114
3.976668
3.961595
3.793377
3.766503
3.562230
3.513691
3.287383
3.211991
2.961664
3.889785
3.830530
3.732938
3.652653
3.519322
3.419346
3.259155
3.131447
2.943755
2.806714
3.529299
3.521052
3.329282
3.308489
3.088209
3.044820
2.801237
2.743877
2.472464
3.246891
3.170697
3.029921
2.923731
2.761863
2.634180
2.436872
2.304689
2.810164
2.783348
2.549175
2.516611
2.245533
2.213650
1.920523
2.483704
2.381461
2.201872
2.090936
1.877531
1.753853
1.973611
1.943017
1.648600
1.630077
1.325913
1.612310
1.511611
1.289422
1.177199
1.058217
1.011823
0.711724
0.699008
0.601336
0.123705
-0.809656
-1.085538
-1.414597
-1.668752
-2.042733
-2.282332
-2.667635
-2.902513
-3.264924
-3.476027
-3.820121
-3.988851
-4.304135
-4.444467
-4.713150
-4.830950
-5.058129
-5.145702
-5.345552
-5.415866
-5.560982
-5.648874
-5.721867
-5.472889
-5.307046
-4.962072
-4.657071
-4.273007
-3.863073
-3.411040
-2.893258
-2.338985
-1.734464
-1.111465
-0.460022
0.159283
0.777724
1.332922
1.861193
2.322374
2.740990
3.125530
3.431326
3.743139
3.935282
4.248403
-0.407777
-0.295603
0.155582
0.313568
0.747804
0.929989
1.345580
1.532143
1.913723
2.095297
2.433725
2.592628
2.892878
3.018150
3.278976
3.370075
3.592068
3.658490
3.854340
3.874014
4.071741
4.050822
-0.875916
-0.493335
-0.268579
0.124348
0.368562
0.762992
1.000984
1.385732
1.607244
1.961315
2.161489
2.474560
2.645791
2.911262
3.049863
3.274350
3.387930
3.551472
3.658485
3.766395
3.848998
-1.027715
-0.877786
-0.436199
-0.259423
0.177293
0.387693
0.809628
1.024163
1.420809
1.620555
1.982213
2.154653
2.471861
2.614128
2.894905
2.990830
3.246230
3.301265
3.521109
3.563217
-1.484284
-1.106152
-0.885695
-0.474774
-0.236495
0.179493
0.425724
0.832626
1.068702
1.449224
1.658839
1.998385
2.182526
2.468208
2.625308
2.858200
2.978749
3.179142
3.258548
-1.684724
-1.502654
-1.096577
-0.891977
-0.461563
-0.229070
0.196237
0.435344
0.844810
1.067077
1.448402
1.637096
1.982822
2.131623
2.432094
2.548888
2.808631
2.889504
-2.128018
-1.750195
-1.535391
-1.129627
-0.896010
-0.464545
-0.214766
0.208834
0.456607
0.855694
1.085864
1.445263
1.638891
1.955286
2.110642
2.381787
2.499278
-2.337581
-2.157784
-1.777393
-1.552765
-1.142269
-0.900333
-0.468071
-0.216745
0.204972
0.445186
0.840720
1.052292
1.411516
1.582472
1.906283
2.036433
-2.759590
-2.391064
-2.203017
-1.805669
-1.570369
-1.146323
-0.900392
-0.461477
-0.210387
0.207644
0.443985
0.827974
1.034984
1.382098
1.539592
-2.971716
-2.793263
-2.433150
-2.220473
-1.830391
-1.573892
-1.158166
-0.901453
-0.472521
-0.222379
0.186868
0.413377
0.793970
0.984539
-3.349517
-3.008641
-2.840014
-2.449174
-2.241039
-1.826171
-1.578676
-1.147294
-0.899304
-0.466334
-0.226679
0.183135
0.387742
-3.546049
-3.371565
-3.052539
-2.843467
-2.469436
-2.232838
-1.830804
-1.567079
-1.150030
-0.896605
-0.477884
-0.243524
-3.885455
-3.563898
-3.408446
-3.047805
-2.857409
-2.450229
-2.228119
-1.802396
-1.556763
-1.123321
-0.894305
-4.046931
-3.888099
-3.592753
-3.392126
-3.051364
-2.823733
-2.434634
-2.193649
-1.784172
-1.537002
-4.348465
-4.037572
-3.910142
-3.568322
-3.388881
-3.009628
-2.800585
-2.384789
-2.164262
-4.476251
-4.328083
-4.046064
-3.864448
-3.541125
-3.330116
-2.966070
-2.750064
-4.728899
-4.449596
-4.329975
-4.000549
-3.837838
-3.479258
-3.284824
-4.835865
-4.685553
-4.419689
-4.256562
-3.940943
-3.764883
-5.050684
-4.795704
-4.663472
-4.359869
-4.206190
-5.111878
-4.978934
-4.722745
-4.577759
-5.311332
-5.072264
-4.931211
-5.324347
-5.222907
-5.503395
-0.869443
-1.462142
-1.873721
-2.400620
-2.850039
-3.325469
-3.759092
-4.181384
-4.566258
-4.932718
-5.266817
-5.574035
-5.855191
-6.101481
-6.296141
-6.484021
-6.608726
-6.734966
-6.790927
-6.893979
-6.874650
-6.999777
-6.861365
-6.870170
-6.981218
-6.924893
-6.936615
-6.925773
-6.912739
-6.938839
-6.911276
-6.928214
-6.915625
-6.932375
-6.889666
-6.906078
-6.853703
-6.824594
-6.758095
-6.702868
-6.593977
-6.503872
-6.385087
-6.239545
-6.117247
-5.901802
-1.358148
-1.486606
-1.984649
-2.139012
-2.604025
-2.794459
-3.206577
-3.402560
-3.780332
-3.948681
-4.287288
-4.438827
-4.718321
-4.857725
-5.093186
-5.195308
-5.397590
-5.470871
-5.628261
-5.685578
-5.812861
-5.833668
-1.737782
-2.040883
-2.385531
-2.666001
-3.020495
-3.279320
-3.635290
-3.849360
-4.189866
-4.370926
-4.672672
-4.827771
-5.089025
-5.205977
-5.439850
-5.524193
-5.706377
-5.775372
-5.920665
-5.960008
-6.083714
-2.330047
-2.502265
-2.972566
-3.147406
-3.583593
-3.752820
-4.144391
-4.307668
-4.642612
-4.795751
-5.077379
-5.212542
-5.444612
-5.554953
-5.737148
-5.829850
-5.970893
-6.019877
-6.140932
-6.165168
-2.721364
-3.012596
-3.363850
-3.620279
-3.966612
-4.195083
-4.515717
-4.713052
-5.004876
-5.167769
-5.419939
-5.552778
-5.764565
-5.855008
-6.035301
-6.082324
-6.241161
-6.260885
-6.374851
-3.281213
-3.463344
-3.900855
-4.066643
-4.457499
-4.619099
-4.958584
-5.110216
-5.390409
-5.534480
-5.755103
-5.869346
-6.052246
-6.126725
-6.264872
-6.318002
-6.403332
-6.451307
-3.662923
-3.921783
-4.255284
-4.491727
-4.799855
-5.010864
-5.283870
-5.469713
-5.702480
-5.841624
-6.051990
-6.128551
-6.307386
-6.352712
-6.483570
-6.504177
-6.612862
-4.152953
-4.338554
-4.717733
-4.885332
-5.217423
-5.379308
-5.654969
-5.791896
-6.027185
-6.119182
-6.304499
-6.378055
-6.489852
-6.552283
-6.624344
-6.657710
-4.496820
-4.735047
-5.035387
-5.255332
-5.519434
-5.704616
-5.943956
-6.069794
-6.273673
-6.359726
-6.503910
-6.558295
-6.675247
-6.673450
-6.781583
-4.923506
-5.101297
-5.427980
-5.583703
-5.873288
-5.990499
-6.228836
-6.323512
-6.483927
-6.560559
-6.668137
-6.704479
-6.776290
-6.809707
-5.222657
-5.437800
-5.709466
-5.883502
-6.117367
-6.256323
-6.426735
-6.525684
-6.655152
-6.691636
-6.799752
-6.800941
-6.875503
-5.589425
-5.739603
-6.022207
-6.150245
-6.363125
-6.462640
-6.620589
-6.671674
-6.782736
-6.813403
-6.859479
-6.891533
-5.836108
-6.023458
-6.230098
-6.380617
-6.543088
-6.628348
-6.749051
-6.791602
-6.862473
-6.870418
-6.937228
-6.119141
-6.252301
-6.460735
-6.544477
-6.699847
-6.751270
-6.841010
-6.866368
-6.919456
-6.917681
-6.313467
-6.450541
-6.607905
-6.703204
-6.798770
-6.843134
-6.910981
-6.897583
-6.951483
-6.521540
-6.594929
-6.741571
-6.781619
-6.884645
-6.882114
-6.937061
-6.938060
-6.642404
-6.730714
-6.837099
-6.868450
-6.924682
-6.927992
-6.944994
-6.771076
-6.788083
-6.891619
-6.894721
-6.939114
-6.925561
-6.841367
-6.890316
-6.932398
-6.934654
-6.952902
-6.889701
-6.879795
-6.942990
-6.915776
-6.935065
-6.955383
-6.944565
-6.918457
-6.904849
-6.948994
-0.258062
0.042695
0.311630
0.667098
0.909445
1.280842
1.504614
1.862824
2.072636
2.397615
2.584472
2.875692
3.028067
3.281277
3.408473
3.607924
3.711346
3.869532
3.943175
4.064504
4.132426
4.182182
4.276364
5.009289
4.998856
4.998268
4.975062
4.986063
4.982955
4.984709
4.990357
4.995624
5.006949
5.000202
5.018113
4.987661
5.003062
4.942883
4.945780
4.852166
4.840257
4.698361
4.691027
4.490658
4.462535
4.997325
4.969217
5.001357
4.992564
4.998019
5.008864
5.009180
5.024981
5.012217
5.034161
5.002925
5.017768
4.969115
4.962880
4.893346
4.860323
4.758538
4.702764
4.570275
4.471107
4.337748
5.036916
5.024850
5.021598
5.022026
5.019793
5.018532
5.012124
5.019597
4.998324
5.005813
4.969359
4.965469
4.904483
4.888244
4.787617
4.763747
4.615453
4.576218
4.400693
4.320596
4.985169
5.008381
5.002038
5.009811
5.000959
5.016574
4.988610
5.005447
4.964322
4.968031
4.908268
4.897157
4.807034
4.776506
4.655672
4.588507
4.454035
4.342155
4.180730
5.008537
5.003500
5.003831
5.000396
4.984218
4.984659
4.958279
4.949597
4.906349
4.891064
4.815064
4.789570
4.677878
4.630982
4.489655
4.413565
4.242612
4.149543
4.931735
4.967516
4.932438
4.955851
4.915750
4.927259
4.872077
4.876171
4.792552
4.782904
4.673985
4.634161
4.504331
4.428249
4.269156
4.175282
3.973636
4.910293
4.910667
4.896658
4.882097
4.853317
4.836318
4.780168
4.753741
4.673426
4.621441
4.517233
4.437684
4.298421
4.206016
4.019654
3.917774
4.788180
4.823170
4.763540
4.784226
4.703778
4.710776
4.612423
4.591030
4.474525
4.423839
4.275932
4.206646
4.018173
3.930185
3.714633
4.715934
4.703661
4.662622
4.637492
4.580906
4.530604
4.455310
4.381152
4.269908
4.185331
4.024475
3.930565
3.735585
3.614611
4.515283
4.553088
4.451943
4.454603
4.343986
4.319299
4.179438
4.141934
3.957696
3.907010
3.690744
3.611678
3.374710
4.378206
4.344984
4.286206
4.221807
4.139662
4.061039
3.933767
3.845724
3.680020
3.567931
3.378177
3.247837
4.102403
4.113618
3.977477
3.962479
3.792670
3.768575
3.561891
3.514166
3.288131
3.213066
2.960634
3.890224
3.829546
3.732131
3.652648
3.518855
3.417870
3.259816
3.130384
2.942909
2.806691
3.528815
3.522780
3.329049
3.309036
3.088972
3.045749
2.800539
2.745899
2.472104
3.246503
3.169494
3.030388
2.922749
2.761038
2.634198
2.436374
2.303329
2.810734
2.784230
2.548674
2.518480
2.245300
2.214261
1.921254
2.483099
2.381400
2.201398
2.089706
1.877933
1.752936
1.973407
1.943775
1.649233
1.631108
1.325360
1.612571
1.510743
1.288648
1.177111
1.057940
1.013622
0.711519
0.698229
0.600336
0.124676
-0.810301
-1.085016
-1.414919
-1.668955
-2.043328
-2.282403
-2.668283
-2.902526
-3.264160
-3.475452
-3.820647
-3.987782
-4.304095
-4.444033
-4.712861
-4.830224
-5.058326
-5.144617
-5.345565
-5.415269
-5.560765
-5.648160
-5.721950
-5.473630
-5.306182
-4.962647
-4.656136
-4.274056
-3.861762
-3.411993
-2.892306
-2.339736
-1.733258
-1.113096
-0.458039
0.157882
0.778806
1.332069
1.863048
2.319837
2.744109
3.123451
3.432809
3.742036
3.938199
4.244355
-0.407978
-0.296063
0.154392
0.313993
0.746603
0.929793
1.345672
1.531550
1.912647
2.095881
2.432108
2.592198
2.892809
3.016749
3.277643
3.370611
3.589579
3.657531
3.853954
3.871946
4.069551
4.051648
-0.876208
-0.490909
-0.269108
0.125691
0.368918
0.763460
1.000360
1.387692
1.606533
1.962418
2.162239
2.475067
2.645835
2.913732
3.049092
3.275951
3.389351
3.552455
3.658604
3.770141
3.847727
-1.028866
-0.878374
-0.437276
-0.259995
0.176194
0.388957
0.808204
1.023848
1.420615
1.619659
1.981333
2.155058
2.469945
2.613646
2.894597
2.989397
3.244500
3.301895
3.518059
3.562843
-1.483879
-1.104958
-0.885768
-0.471824
-0.237809
0.180180
0.426392
0.833151
1.068754
1.450849
1.658223
1.999772
2.183383
2.468950
2.625281
2.861067
2.977885
3.181291
3.259508
-1.684588
-1.502893
-1.097844
-0.893430
-0.460613
-0.229764
0.195428
0.435387
0.843576
1.066975
1.447887
1.636158
1.981587
2.132203
2.429833
2.548464
2.807790
2.888395
-2.127753
-1.750961
-1.533121
-1.129480
-0.896137
-0.463898
-0.214604
0.209833
0.456750
0.856476
1.085929
1.447330
1.638147
1.956817
2.111482
2.383029
2.499067
-2.336584
-2.158303
-1.779053
-1.552203
-1.143455
-0.899292
-0.469941
-0.216551
0.204025
0.445377
0.839025
1.052108
1.411036
1.581616
1.904496
2.037091
-2.760234
-2.389127
-2.203525
-1.804047
-1.571147
-1.146013
-0.899032
-0.461293
-0.210407
0.208901
0.444588
0.828675
1.034693
1.384753
1.538858
-2.972733
-2.793379
-2.433588
-2.221521
-1.829342
-1.574797
-1.159750
-0.900477
-0.473631
-0.223011
0.185580
0.414433
0.791729
0.984191
-3.349136
-3.008349
-2.839394
-2.448476
-2.242433
-1.823546
-1.579234
-1.146790
-0.899299
-0.463853
-0.228033
0.184360
0.388721
-3.546445
-3.371522
-3.053825
-2.842538
-2.470306
-2.233871
-1.830974
-1.566611
-1.151741
-0.897593
-0.477056
-0.244696
-3.886059
-3.562692
-3.408627
-3.047584
-2.856894
-2.449021
-2.228802
-1.801908
-1.555129
-1.122801
-0.895320
-4.047291
-3.888557
-3.593022
-3.391975
-3.052742
-2.823728
-2.434847
-2.193847
-1.786877
-1.535278
-4.348571
-4.036520
-3.910817
-3.567205
-3.388582
-3.008975
-2.801329
-2.382194
-2.164755
-4.477154
-4.327986
-4.046396
-3.864921
-3.542101
-3.329310
-2.967671
-2.750489
-4.728830
-4.449093
-4.330218
-3.998986
-3.838608
-3.478184
-3.284389
-4.836523
-4.685112
-4.420876
-4.256554
-3.941347
-3.765376
-5.051230
-4.794838
-4.663287
-4.359246
-4.206298
-5.112194
-4.979209
-4.723507
-4.577549
-5.311611
-5.071131
-4.931540
-5.325090
-5.223032
-5.503431
-0.809799
-1.085375
-1.414592
-1.668335
-2.043104
-2.281513
-2.667712
-2.902131
-3.264750
-3.475334
-3.820387
-3.987951
-4.304174
-4.443972
-4.712943
-4.830244
-5.058312
-5.144748
-5.345616
-5.415197
-5.560865
-5.648143
-5.721987
-6.949053
-6.904831
-6.944541
-6.915832
-6.952921
-6.925537
-6.945071
-6.938110
-6.951466
-6.917799
-6.937290
-6.891552
-6.875617
-6.809809
-6.781575
-6.657850
-6.612917
-6.451324
-6.374925
-6.165239
-6.083707
-5.833737
-6.918338
-6.955508
-6.942898
-6.934667
-6.939070
-6.928044
-6.936894
-6.897672
-6.919343
-6.870363
-6.859406
-6.800949
-6.776079
-6.673509
-6.624218
-6.504114
-6.403285
-6.260895
-6.140798
-5.960062
-5.812777
-6.935067
-6.879755
-6.932471
-6.894744
-6.924648
-6.882214
-6.911024
-6.866362
-6.862591
-6.813494
-6.799745
-6.704647
-6.675327
-6.552298
-6.483715
-6.318072
-6.241146
-6.020005
-5.920683
-5.685597
-6.889682
-6.890369
-6.891471
-6.868558
-6.884547
-6.843096
-6.840958
-6.791621
-6.782520
-6.691707
-6.667992
-6.558197
-6.489790
-6.352699
-6.264671
-6.082423
-5.970775
-5.775337
-5.628269
-6.841317
-6.788172
-6.837117
-6.781588
-6.798867
-6.751335
-6.749019
-6.671835
-6.655225
-6.560573
-6.504084
-6.378160
-6.307385
-6.126914
-6.035352
-5.829830
-5.706537
-5.470842
-6.771011
-6.730672
-6.741556
-6.703234
-6.699661
-6.628434
-6.620466
-6.525579
-6.483870
-6.359692
-6.304250
-6.128621
-6.052088
-5.854914
-5.737153
-5.524172
-5.397460
-6.642468
-6.594988
-6.607827
-6.544617
-6.543124
-6.462631
-6.426887
-6.323617
-6.273662
-6.119412
-6.052076
-5.869375
-5.764768
-5.554990
-5.439841
-5.195439
-6.521406
-6.450611
-6.460677
-6.380506
-6.363112
-6.256295
-6.228592
-6.069854
-6.027005
-5.841465
-5.755060
-5.552691
-5.444419
-5.206088
-5.093061
-6.313460
-6.252290
-6.230163
-6.150363
-6.117272
-5.990734
-5.944008
-5.791927
-5.702711
-5.534584
-5.419970
-5.212782
-5.089016
-4.857754
-6.119191
-6.023440
-6.022041
-5.883536
-5.873194
-5.704402
-5.654957
-5.469580
-5.390124
-5.167827
-5.077125
-4.827702
-4.718346
-5.835919
-5.739826
-5.709433
-5.583731
-5.519549
-5.379479
-5.283782
-5.110575
-5.004900
-4.795855
-4.672930
-4.438756
-5.589500
-5.437552
-5.428054
-5.255203
-5.217169
-5.010861
-4.958382
-4.712751
-4.642627
-4.370645
-4.287162
-5.222556
-5.101583
-5.035085
-4.885718
-4.799803
-4.619172
-4.515967
-4.307829
-4.189865
-3.949144
-4.923453
-4.734883
-4.717840
-4.491233
-4.457627
-4.194816
-4.144004
-3.849446
-3.779914
-4.496658
-4.338773
-4.255103
-4.067199
-3.966154
-3.753518
-3.635275
-3.402678
-4.153112
-3.921590
-3.900842
-3.619937
-3.583880
-3.278494
-3.206850
-3.662610
-3.463983
-3.363649
-3.148030
-3.020186
-2.795598
-3.281540
-3.012374
-2.972944
-2.665610
-2.604178
-2.721327
-2.503116
-2.385161
-2.140278
-2.329966
-2.040857
-1.984982
-1.737819
-1.487020
-1.359198
0.014998
0.361385
0.887852
1.314049
1.786443
2.202639
2.617779
3.006941
3.358117
3.685567
3.968336
4.225520
4.432638
4.612733
4.742224
4.856004
4.933436
4.973401
5.020503
5.007438
5.034342
4.954522
5.068391
5.011260
4.888642
4.950895
4.924524
4.951805
4.941358
4.955102
4.976924
4.978910
5.006965
5.006036
5.032338
5.018640
5.037628
5.003779
5.005137
4.948580
4.919198
4.842664
4.775331
4.676710
4.560594
4.493335
0.124005
0.600117
0.711489
1.177003
1.325393
1.753121
1.921102
2.303382
2.472217
2.806714
2.960618
3.247896
3.374647
3.614635
3.714669
3.917680
3.973669
4.149543
4.180714
4.320584
4.337775
4.462506
0.698362
1.012863
1.288647
1.630730
1.877886
2.213994
2.436616
2.745613
2.942964
3.212954
3.378190
3.611568
3.735663
3.930045
4.019704
4.175281
4.242579
4.342141
4.400722
4.471072
4.490660
1.057772
1.510712
1.649112
2.089794
2.245434
2.634187
2.800540
3.130549
3.288100
3.567971
3.690795
3.930521
4.018195
4.206047
4.269111
4.413548
4.454090
4.576156
4.570300
4.691022
1.612318
1.943380
2.201445
2.518101
2.761090
3.045643
3.259821
3.513974
3.680128
3.906826
4.024520
4.206593
4.298397
4.428195
4.489721
4.588429
4.615463
4.702775
4.698343
1.973520
2.381299
2.548792
2.922906
3.088986
3.417921
3.562020
3.845725
3.957720
4.185398
4.275901
4.437684
4.504394
4.630916
4.655692
4.763758
4.758537
4.840215
2.482992
2.784084
3.030277
3.308855
3.518946
3.768375
3.933773
4.141857
4.269888
4.423732
4.517305
4.634039
4.677895
4.776499
4.787597
4.860283
4.852210
2.810839
3.169523
3.329289
3.652631
3.792769
4.061129
4.179469
4.381154
4.474621
4.621390
4.674014
4.789597
4.807025
4.888203
4.893419
4.945719
3.246471
3.522590
3.732074
3.962423
4.139597
4.319172
4.455356
4.590888
4.673424
4.782871
4.815035
4.897089
4.904540
4.962811
4.942877
3.529045
3.829612
3.977605
4.221794
4.344166
4.530555
4.612499
4.753767
4.792575
4.891027
4.908360
4.965402
4.969143
5.003065
3.890075
4.113512
4.286200
4.454466
4.580855
4.710735
4.780112
4.876086
4.906389
4.967940
4.969347
5.017768
4.987643
4.102682
4.344912
4.452103
4.637509
4.703868
4.836269
4.872216
4.949523
4.964379
5.005815
5.002956
5.018050
4.378114
4.553051
4.662520
4.784134
4.853321
4.927156
4.958240
5.005435
4.998281
5.034100
5.000239
4.515436
4.703603
4.763745
4.882011
4.915861
4.984651
4.988675
5.019532
5.012337
5.006874
4.715917
4.823048
4.896593
4.955826
4.984146
5.016506
5.012139
5.024912
4.995593
4.788342
4.910656
4.932546
5.000326
5.001116
5.018449
5.009256
4.990340
4.910207
4.967427
5.003830
5.009721
5.019743
5.008858
4.984662
4.931927
5.003413
5.002149
5.022014
4.998097
4.982886
5.008487
5.008354
5.021533
4.992496
4.986072
4.985262
5.024791
5.001504
4.974993
5.036924
4.969130
4.998220
4.997415
4.998864
5.009233
-0.257478
0.042019
0.311562
0.666489
0.909581
1.280320
1.504817
1.862761
2.072672
2.397346
2.584623
2.875494
3.028147
3.281200
3.408434
3.607923
3.711389
3.869462
3.943197
4.064501
4.132413
4.182182
4.276368
-5.503406
-5.223075
-4.931459
-4.577629
-4.206314
-3.765217
-3.284682
-2.750183
-2.164638
-1.536649
-0.894435
-0.244144
0.388245
0.984375
1.538805
2.037077
2.499106
2.888373
3.259524
3.562841
3.847735
4.051645
-5.325068
-5.071186
-4.723560
-4.359088
-3.941575
-3.478169
-2.967327
-2.383238
-1.785343
-1.122421
-0.478618
0.184617
0.791971
1.384510
1.904667
2.382943
2.807802
3.181290
3.518051
3.770126
4.069546
-5.311572
-4.979128
-4.663388
-4.256647
-3.838232
-3.329914
-2.800751
-2.194009
-1.556414
-0.896735
-0.227289
0.413840
1.034894
1.581584
2.111434
2.548535
2.977867
3.301900
3.658622
3.871958
-5.112323
-4.794887
-4.420651
-3.999323
-3.542005
-3.008813
-2.435265
-1.801303
-1.151539
-0.464568
0.185644
0.828844
1.410870
1.956914
2.429795
2.861019
3.244515
3.552431
3.853920
-5.051023
-4.685342
-4.330169
-3.864750
-3.388742
-2.823853
-2.228510
-1.566737
-0.899387
-0.223046
0.444526
1.052072
1.638196
2.132126
2.625344
2.989393
3.389341
3.657557
-4.836544
-4.448971
-4.046509
-3.567425
-3.052410
-2.448898
-1.831794
-1.146594
-0.473085
0.208907
0.838968
1.447354
1.981534
2.468945
2.894524
3.275937
3.589569
-4.728831
-4.328151
-3.910547
-3.391910
-2.857581
-2.233175
-1.578354
-0.901563
-0.210968
0.445571
1.085840
1.636102
2.183420
2.613602
3.049162
3.370561
-4.477088
-4.036488
-3.593480
-3.047140
-2.469920
-1.825282
-1.159460
-0.459967
0.204024
0.856251
1.448043
1.999625
2.469947
2.913653
3.277599
-4.348654
-3.888389
-3.408344
-2.843570
-2.241408
-1.573580
-0.900470
-0.217408
0.457131
1.066816
1.658180
2.155110
2.645792
3.016820
-4.047279
-3.563139
-3.053428
-2.448061
-1.831206
-1.145834
-0.468427
0.209821
0.843347
1.450986
1.981201
2.475041
2.892740
-3.885853
-3.371396
-2.840170
-2.220809
-1.570068
-0.900461
-0.215332
0.435730
1.068630
1.619668
2.162260
2.592198
-3.546605
-3.008124
-2.433475
-1.804981
-1.143338
-0.463248
0.195479
0.833010
1.420650
1.962302
2.432142
-3.349449
-2.793306
-2.203389
-1.552447
-0.896136
-0.229647
0.426193
1.023961
1.606578
2.095803
-2.972479
-2.390082
-1.778071
-1.129230
-0.461754
0.180281
0.808422
1.387266
1.912914
-2.759714
-2.158074
-1.535131
-0.892093
-0.237031
0.388125
1.000836
1.531451
-2.337793
-1.749625
-1.097468
-0.473630
0.176632
0.763305
1.345520
-2.128401
-1.502374
-0.885919
-0.259904
0.368898
0.929855
-1.685336
-1.105873
-0.436427
0.124931
0.746713
-1.484235
-0.877997
-0.269199
0.313919
-1.028640
-0.492521
0.154752
-0.876316
-0.296110
-0.408295
-6.870211
-6.981233
-6.924907
-6.936706
-6.925740
-6.912898
-6.938799
-6.911464
-6.928168
-6.915887
-6.932262
-6.890029
-6.905940
-6.854088
-6.824474
-6.758567
-6.702639
-6.594619
-6.503606
-6.385735
-6.239341
-6.118022
-5.901394
-6.906429
-6.893858
-6.894859
-6.898051
-6.907126
-6.908026
-6.908851
-6.939433
-6.933242
-6.945020
-6.945542
-6.956387
-6.913191
-6.923445
-6.851708
-6.824396
-6.716594
-6.675673
-6.501416
-6.454101
-6.225487
-6.163809
-6.869739
-6.901885
-6.880290
-6.869257
-6.876759
-6.876768
-6.890406
-6.875075
-6.921424
-6.907625
-6.927160
-6.922609
-6.925809
-6.884222
-6.863153
-6.801372
-6.720825
-6.637494
-6.514120
-6.403160
-6.225421
-6.863355
-6.812584
-6.836675
-6.823070
-6.831876
-6.833921
-6.871579
-6.882724
-6.892345
-6.933232
-6.929420
-6.947525
-6.927543
-6.937036
-6.857248
-6.853062
-6.728943
-6.686163
-6.514245
-6.454080
-6.803613
-6.802376
-6.789714
-6.781775
-6.812993
-6.792187
-6.822555
-6.844169
-6.880305
-6.884726
-6.927043
-6.927537
-6.921813
-6.910815
-6.869013
-6.809485
-6.728857
-6.637481
-6.501306
-6.764812
-6.712767
-6.746616
-6.708985
-6.745335
-6.774679
-6.800705
-6.826063
-6.868468
-6.908372
-6.908256
-6.957413
-6.926746
-6.937292
-6.869152
-6.853038
-6.720929
-6.675680
-6.721128
-6.674350
-6.703009
-6.697885
-6.713207
-6.710032
-6.778164
-6.798438
-6.839918
-6.885482
-6.911568
-6.923646
-6.926652
-6.910803
-6.857124
-6.801400
-6.716494
-6.653152
-6.615189
-6.623846
-6.621608
-6.692539
-6.708470
-6.740844
-6.813323
-6.837790
-6.897266
-6.911695
-6.957393
-6.921924
-6.937039
-6.863287
-6.824328
-6.626456
-6.563051
-6.643957
-6.593959
-6.635550
-6.689683
-6.731163
-6.783756
-6.837715
-6.885467
-6.908146
-6.927559
-6.927432
-6.884193
-6.851637
-6.583598
-6.534893
-6.552542
-6.617681
-6.625025
-6.693319
-6.731255
-6.813307
-6.840012
-6.908377
-6.927161
-6.947475
-6.925980
-6.923404
-6.551585
-6.463466
-6.565762
-6.562520
-6.624984
-6.689669
-6.740768
-6.798444
-6.868384
-6.884694
-6.929353
-6.922605
-6.913051
-6.627975
-6.508411
-6.565812
-6.617671
-6.635601
-6.708481
-6.778248
-6.826030
-6.880442
-6.933208
-6.927262
-6.956376
-6.627974
-6.463452
-6.552503
-6.593968
-6.692485
-6.709999
-6.800665
-6.844150
-6.892237
-6.907639
-6.945462
-6.551600
-6.534907
-6.643996
-6.621585
-6.713300
-6.774665
-6.822627
-6.882733
-6.921550
-6.944941
-6.583585
-6.563021
-6.623844
-6.697855
-6.745277
-6.792178
-6.871524
-6.875011
-6.933205
-6.626510
-6.615173
-6.703049
-6.708989
-6.813083
-6.833875
-6.890543
-6.939411
-6.653138
-6.674332
-6.746614
-6.781701
-6.831867
-6.876729
-6.908766
-6.721176
-6.712718
-6.789807
-6.823063
-6.876822
-6.908029
-6.764850
-6.802336
-6.836631
-6.869221
-6.907114
-6.803629
-6.812591
-6.880384
-6.897996
-6.863388
-6.901782
-6.894872
-6.869820
-6.893867
-6.906405
-6.843028
-6.972746
-6.826833
-6.832444
-6.750915
-6.698324
-6.640787
-6.584686
-6.544974
-6.417076
-6.619182
-6.044954
-6.619197
-6.417071
-6.544997
-6.584715
-6.640782
-6.698392
-6.750929
-6.832475
-6.826896
-6.972792
-6.843032
-6.870083
-6.981272
-6.924857
-6.936683
-6.925644
-6.912841
-6.938748
-6.911270
-6.928149
-6.915662
-6.932198
-6.889723
-6.905962
-6.853646
-6.824511
-6.758112
-6.702694
-6.594023
-6.503789
-6.385053
-6.239479
-6.117275
-5.901706
-6.906459
-6.893841
-6.894966
-6.897972
-6.907212
-6.908036
-6.908871
-6.939411
-6.933368
-6.944922
-6.945637
-6.956410
-6.913219
-6.923439
-6.851896
-6.824321
-6.716781
-6.675773
-6.501549
-6.454188
-6.225821
-6.163819
-6.869804
-6.901738
-6.880382
-6.869141
-6.876832
-6.876581
-6.890604
-6.874783
-6.921629
-6.907387
-6.927340
-6.922277
-6.926140
-6.883750
-6.863474
-6.800937
-6.721099
-6.636910
-6.514559
-6.402383
-6.225858
-6.863430
-6.812586
-6.836697
-6.823053
-6.831969
-6.833855
-6.871643
-6.882740
-6.892357
-6.933213
-6.929533
-6.947458
-6.927630
-6.937088
-6.857305
-6.853090
-6.729146
-6.686162
-6.514432
-6.454228
-6.803616
-6.802287
-6.789820
-6.781599
-6.813111
-6.792035
-6.822669
-6.843941
-6.880538
-6.884405
-6.927277
-6.927245
-6.922043
-6.910405
-6.869371
-6.808948
-6.729197
-6.636944
-6.501646
-6.764885
-6.712717
-6.746666
-6.708996
-6.745348
-6.774660
-6.800779
-6.826014
-6.868508
-6.908399
-6.908271
-6.957408
-6.926854
-6.937281
-6.869232
-6.853133
-6.721015
-6.675747
-6.721164
-6.674290
-6.703055
-6.697754
-6.713346
-6.709832
-6.778309
-6.798249
-6.840081
-6.885202
-6.911835
-6.923286
-6.926912
-6.910436
-6.857414
-6.800891
-6.716889
-6.653164
-6.615173
-6.623901
-6.621572
-6.692560
-6.708486
-6.740848
-6.813307
-6.837845
-6.897247
-6.911712
-6.957445
-6.921951
-6.937064
-6.863387
-6.824389
-6.626508
-6.562963
-6.644021
-6.593866
-6.635638
-6.689512
-6.731335
-6.783529
-6.837891
-6.885229
-6.908366
-6.927209
-6.927742
-6.883780
-6.851934
-6.583612
-6.534905
-6.552546
-6.617666
-6.625057
-6.693304
-6.731250
-6.813332
-6.840010
-6.908373
-6.927198
-6.947507
-6.925974
-6.923497
-6.551600
-6.463399
-6.565844
-6.562409
-6.625075
-6.689537
-6.740909
-6.798227
-6.868597
-6.884435
-6.929566
-6.922302
-6.913345
-6.627997
-6.508404
-6.565801
-6.617687
-6.635597
-6.708467
-6.778256
-6.826041
-6.880409
-6.933253
-6.927263
-6.956393
-6.627982
-6.463420
-6.552564
-6.593860
-6.692602
-6.709866
-6.800794
-6.843978
-6.892443
-6.907360
-6.945727
-6.551595
-6.534895
-6.643992
-6.621600
-6.713261
-6.774683
-6.822612
-6.882723
-6.921536
-6.944993
-6.583610
-6.562998
-6.623883
-6.697788
-6.745394
-6.792038
-6.871687
-6.874855
-6.933373
-6.626464
-6.615189
-6.703038
-6.708976
-6.813051
-6.833903
-6.890472
-6.939442
-6.653170
-6.674294
-6.746673
-6.781667
-6.831954
-6.876633
-6.908947
-6.721138
-6.712756
-6.789740
-6.823069
-6.876790
-6.908009
-6.764836
-6.802332
-6.836722
-6.869167
-6.907228
-6.803610
-6.812581
-6.880308
-6.898025
-6.863384
-6.901843
-6.894928
-6.869731
-6.893844
-6.906469
5.032590
4.829483
4.865767
4.767621
4.740459
4.643692
4.595007
4.527086
4.451259
4.520394
4.230757
4.884967
4.230778
4.520369
4.451238
4.527108
4.594970
4.643665
4.740460
4.767591
4.865703
4.829496
5.032523
5.010529
4.888513
4.949012
4.923786
4.951534
4.937044
4.954901
4.976429
4.976396
5.005440
5.008652
5.027489
5.020648
5.036922
5.003051
5.003171
4.952092
4.914096
4.845455
4.773593
4.676790
4.558130
4.496215
4.913560
4.957299
4.903675
4.918297
4.900876
4.927994
4.912640
4.933408
4.951642
4.957968
4.987986
4.988797
5.013934
4.989274
5.019217
4.945823
4.974172
4.858592
4.869928
4.708423
4.725370
4.497929
4.894220
4.823976
4.864208
4.840267
4.844538
4.854635
4.881886
4.901150
4.922699
4.963051
4.973079
5.009338
5.018877
5.028948
5.024089
5.014057
4.975624
4.935416
4.878791
4.781116
4.725371
4.817425
4.840811
4.781905
4.824342
4.808894
4.828091
4.829804
4.871744
4.892041
4.921109
4.968101
4.965463
5.017267
4.986928
5.024111
4.950142
4.987398
4.847769
4.878815
4.708424
4.745205
4.732108
4.729602
4.709123
4.725552
4.766715
4.785409
4.827999
4.872417
4.910635
4.952186
4.990716
5.009991
5.027923
5.033205
5.008007
4.987384
4.935412
4.869899
4.680337
4.690677
4.664435
4.711776
4.678824
4.717239
4.751530
4.791391
4.844851
4.885589
4.942294
4.952493
5.018693
4.974623
5.033222
4.950151
4.975630
4.858615
4.595651
4.605133
4.553938
4.588077
4.627126
4.667629
4.708727
4.774269
4.827648
4.881592
4.947730
4.970481
5.018673
5.027924
5.024084
5.014052
4.974166
4.522665
4.563366
4.557565
4.568737
4.566490
4.638204
4.686439
4.739260
4.832260
4.853663
4.947739
4.952505
5.010000
4.986940
5.024116
4.945815
4.438713
4.467566
4.421705
4.522763
4.546315
4.595815
4.692331
4.727617
4.832237
4.881600
4.942271
4.990703
5.017264
5.028912
5.019217
4.396060
4.454380
4.443459
4.451268
4.552517
4.568772
4.692328
4.739275
4.827654
4.885591
4.952216
4.965457
5.018903
4.989304
4.324943
4.457002
4.414724
4.456268
4.552500
4.595826
4.686426
4.774253
4.844850
4.910609
4.968088
5.009330
5.013898
4.222352
4.373849
4.414703
4.451282
4.546317
4.638188
4.708756
4.791383
4.872432
4.921131
4.973081
4.988822
4.222346
4.457018
4.443463
4.522740
4.566510
4.667609
4.751513
4.827998
4.892012
4.963027
4.987987
4.324926
4.454354
4.421731
4.568716
4.627126
4.717255
4.785415
4.871740
4.922748
4.957953
4.396100
4.467548
4.557560
4.588089
4.678805
4.766690
4.829816
4.901097
4.951634
4.438691
4.563380
4.553922
4.711763
4.725590
4.828066
4.881920
4.933429
4.522666
4.605115
4.664463
4.709090
4.808885
4.854626
4.912600
4.595674
4.690645
4.729605
4.824350
4.844551
4.927994
4.680344
4.732119
4.781896
4.840231
4.900886
4.745194
4.840770
4.864269
4.918258
4.817486
4.823923
4.903675
4.894232
4.957296
4.913562
5.011136
4.888716
4.950830
4.924531
4.951735
4.941419
4.954978
4.976977
4.978856
5.006958
5.005991
5.032392
5.018550
5.037676
5.003760
5.005124
4.948561
4.919234
4.842602
4.775351
4.676695
4.560587
4.493320
4.912738
4.956640
4.901430
4.918920
4.897470
4.925164
4.912807
4.932354
4.947471
4.961136
4.985201
4.987739
5.014500
4.989799
5.015172
4.949826
4.970969
4.858609
4.869826
4.708787
4.722053
4.500745
4.895241
4.825597
4.864951
4.841364
4.848836
4.856459
4.880213
4.906595
4.921313
4.963320
4.974606
5.011341
5.014693
5.034950
5.020669
5.015696
4.975641
4.937743
4.875130
4.786624
4.722090
4.815559
4.839738
4.781089
4.821559
4.803517
4.830530
4.826380
4.869638
4.892830
4.921642
4.962909
4.970696
5.013295
4.987125
5.024135
4.951036
4.983196
4.851997
4.875115
4.708765
4.747518
4.732690
4.730841
4.715681
4.726107
4.766819
4.788521
4.830285
4.867584
4.917862
4.948307
4.992127
5.010295
5.030448
5.028421
5.014584
4.983259
4.937722
4.869872
4.677659
4.691297
4.658679
4.707205
4.679134
4.717099
4.744716
4.797647
4.840131
4.885501
4.942489
4.954096
5.012927
4.980805
5.028406
4.951004
4.975612
4.858622
4.597498
4.606932
4.561383
4.591454
4.622758
4.676305
4.705124
4.775155
4.828446
4.884973
4.940848
4.979296
5.012999
5.030423
5.024183
5.015729
4.970976
4.520279
4.558991
4.547373
4.574250
4.561310
4.636597
4.686860
4.742188
4.823414
4.863172
4.940832
4.954064
5.010257
4.987148
5.020592
4.949835
4.441984
4.478783
4.422666
4.522194
4.548491
4.601499
4.681081
4.741179
4.823484
4.884948
4.942537
4.992163
5.013304
5.034981
5.015233
4.387136
4.446712
4.442925
4.456852
4.536917
4.585051
4.681068
4.742161
4.828404
4.885532
4.948225
4.970706
5.014670
4.989758
4.334320
4.466283
4.396600
4.479644
4.536978
4.601471
4.686905
4.775189
4.840140
4.917886
4.962979
5.011325
5.014561
4.207960
4.394489
4.396597
4.456826
4.548463
4.636624
4.705050
4.797663
4.867557
4.921610
4.974569
4.987763
4.208002
4.466259
4.442960
4.522215
4.561320
4.676319
4.744783
4.830264
4.892894
4.963363
4.985208
4.334309
4.446736
4.422612
4.574268
4.622739
4.717080
4.788482
4.869666
4.921219
4.961166
4.387128
4.478795
4.547419
4.591435
4.679178
4.766857
4.826395
4.906632
4.947541
4.441979
4.558978
4.561358
4.707247
4.726021
4.830560
4.880168
4.932335
4.520305
4.606966
4.658664
4.715716
4.803576
4.856450
4.912872
4.597436
4.691340
4.730813
4.821545
4.848786
4.925209
4.677684
4.732671
4.781135
4.841412
4.897474
4.747504
4.839782
4.864853
4.918966
4.815528
4.825646
4.901478
4.895210
4.956632
4.912766

