Tension at each vertex
-4.600264
-4.600265
-4.598962
-4.598962
-4.967844
-4.539127
-4.967844
-4.539127
-4.956238
-4.954506
-4.440493
-4.437548
-4.732209
-4.700832
-4.774631
-4.772160
-4.843290
-4.832310
-4.914005
-4.899882
-4.967421
-4.958462
-5.015162
-4.993721
-5.046824
-5.018628
-5.056850
-5.028514
-5.062144
-5.021157
-5.059146
-5.016130
-5.037013
-5.020571
-5.047269
-4.737150
-4.846917
-4.811846
-4.886494
-4.885958
-4.946641
-4.942540
-5.006954
-4.998849
-5.046768
-5.041155
-5.077823
-5.060061
-5.092608
-5.071226
-5.088484
-5.071041
-5.084005
-5.056967
-5.074637
-5.056074
-5.026911
-4.727422
-4.704901
-4.801866
-4.771437
-4.858057
-4.847946
-4.922997
-4.907793
-4.982739
-4.962613
-5.021368
-5.001173
-5.050555
-5.017531
-5.064299
-5.027125
-5.061394
-5.026097
-5.060942
-5.009952
-5.056185
-4.765813
-4.828795
-4.817299
-4.899972
-4.882395
-4.955164
-4.950475
-5.011362
-4.999671
-5.055895
-5.039398
-5.078187
-5.062072
-5.091940
-5.066076
-5.092439
-5.067513
-5.080360
-5.060834
-5.074594
-4.743018
-4.717688
-4.799529
-4.779706
-4.872323
-4.849964
-4.932123
-4.917532
-4.989269
-4.965684
-5.031518
-5.002248
-5.052488
-5.021766
-5.066487
-5.024311
-5.067668
-5.026090
-5.057104
-4.744152
-4.838304
-4.821403
-4.897891
-4.883782
-4.964029
-4.948422
-5.015080
-5.002855
-5.057756
-5.036147
-5.082610
-5.058546
-5.089477
-5.066377
-5.092373
-5.061280
-5.083993
-4.754292
-4.708630
-4.808402
-4.786299
-4.874783
-4.853333
-4.941798
-4.919037
-4.993891
-4.970587
-5.035560
-5.000781
-5.058714
-5.021744
-5.066231
-5.027220
-5.071066
-4.747356
-4.844613
-4.813538
-4.902049
-4.886126
-4.964937
-4.946382
-5.019398
-4.999632
-5.056711
-5.035449
-5.082525
-5.052366
-5.091935
-5.064050
-5.088532
-4.745912
-4.712624
-4.815701
-4.784748
-4.879335
-4.857181
-4.945248
-4.918424
-4.999788
-4.970550
-5.036296
-5.002349
-5.062086
-5.017744
-5.071309
-4.752462
-4.839754
-4.813648
-4.906399
-4.883416
-4.965045
-4.945139
-5.019299
-4.993765
-5.057739
-5.031249
-5.078250
-5.050369
-5.092457
-4.746414
-4.718105
-4.815327
-4.784720
-4.883530
-4.857149
-4.946517
-4.919134
-5.002853
-4.965924
-5.039485
-5.001234
-5.060261
-4.749688
-4.838510
-4.815230
-4.906321
-4.879241
-4.964904
-4.941535
-5.015156
-4.989083
-5.055736
-5.021305
-5.077734
-4.749735
-4.718104
-4.813760
-4.784826
-4.886104
-4.853604
-4.948488
-4.917610
-4.999888
-4.962801
-5.041047
-4.746371
-4.839699
-4.815486
-4.902148
-4.874588
-4.963866
-4.932087
-5.011263
-4.982355
-5.046881
-4.752421
-4.712910
-4.813526
-4.786389
-4.884003
-4.850159
-4.950348
-4.908268
-4.998812
-4.745708
-4.844475
-4.808416
-4.897761
-4.871939
-4.955302
-4.922683
-5.006684
-4.747544
-4.708784
-4.821245
-4.780244
-4.882318
-4.848089
-4.942813
-4.753973
-4.838493
-4.799190
-4.899686
-4.858086
-4.946457
-4.743954
-4.717865
-4.817585
-4.771736
-4.885710
-4.743129
-4.828551
-4.801365
-4.886735
-4.765514
-4.705767
-4.811644
-4.726960
-4.846507
-4.737470
-4.791583
-4.671911
-4.778628
-4.635297
-4.792492
-4.646852
-4.777097
-4.655641
-4.777118
-4.651206
-4.780676
-4.649927
-4.780714
-4.651165
-4.776998
-4.655525
-4.777269
-4.646276
-4.792726
-4.635062
-4.778325
-4.671586
-4.791966
-4.689352
-4.603760
-4.628879
-4.571609
-4.596633
-4.531056
-4.570399
-4.512685
-4.544211
-4.501126
-4.537833
-4.493694
-4.536632
-4.502140
-4.539477
-4.511343
-4.555938
-4.519768
-4.569071
-4.540674
-4.572958
-4.566889
-4.613846
-4.683309
-4.746418
-4.655993
-4.683240
-4.627551
-4.645336
-4.591055
-4.618568
-4.571809
-4.594448
-4.559262
-4.586010
-4.550317
-4.582125
-4.555044
-4.581108
-4.560977
-4.593979
-4.564290
-4.606243
-4.588653
-4.588267
-4.677081
-4.597256
-4.643292
-4.557734
-4.594946
-4.533248
-4.566235
-4.507854
-4.548870
-4.499678
-4.536819
-4.498327
-4.539883
-4.499739
-4.546000
-4.513968
-4.552064
-4.526982
-4.571518
-4.530987
-4.588701
-4.709018
-4.721984
-4.652157
-4.685991
-4.613476
-4.641902
-4.587536
-4.614617
-4.563143
-4.596348
-4.554103
-4.582803
-4.550190
-4.583040
-4.547872
-4.586001
-4.559703
-4.587828
-4.571781
-4.606176
-4.689006
-4.605284
-4.634498
-4.557741
-4.600517
-4.527580
-4.566366
-4.509463
-4.549797
-4.496315
-4.542538
-4.498793
-4.539690
-4.504487
-4.549257
-4.509493
-4.559777
-4.526838
-4.564087
-4.686655
-4.727449
-4.651883
-4.678790
-4.608458
-4.644606
-4.580512
-4.612360
-4.561053
-4.595254
-4.546447
-4.585929
-4.546789
-4.579181
-4.549507
-4.585921
-4.552057
-4.594230
-4.697828
-4.594184
-4.638936
-4.560091
-4.598734
-4.525869
-4.571806
-4.508244
-4.550676
-4.499017
-4.545544
-4.495427
-4.546887
-4.504336
-4.547696
-4.514081
-4.560904
-4.689267
-4.730963
-4.641514
-4.678454
-4.607035
-4.642521
-4.575089
-4.615055
-4.556789
-4.592411
-4.545752
-4.585855
-4.539668
-4.583291
-4.546092
-4.580908
-4.688010
-4.595692
-4.642503
-4.555315
-4.599034
-4.527234
-4.573813
-4.506046
-4.556897
-4.498881
-4.546314
-4.498890
-4.550135
-4.499334
-4.555312
-4.693236
-4.723962
-4.638781
-4.680000
-4.602499
-4.640644
-4.573949
-4.615007
-4.550640
-4.595481
-4.542604
-4.582622
-4.540288
-4.582216
-4.687226
-4.599423
-4.640207
-4.553339
-4.602605
-4.527137
-4.575013
-4.508307
-4.561041
-4.495931
-4.554376
-4.498126
-4.549988
-4.690122
-4.721655
-4.640249
-4.679992
-4.598977
-4.642697
-4.571859
-4.612204
-4.550135
-4.596430
-4.536625
-4.586416
-4.690218
-4.599378
-4.638768
-4.555327
-4.607093
-4.525519
-4.580764
-4.509267
-4.562883
-4.499708
-4.559388
-4.687142
-4.724068
-4.642550
-4.678318
-4.598971
-4.644696
-4.566190
-4.614968
-4.549088
-4.594120
-4.693379
-4.595382
-4.641739
-4.559927
-4.608281
-4.527550
-4.587695
-4.507140
-4.572239
-4.688129
-4.731070
-4.638767
-4.679053
-4.600723
-4.641629
-4.566704
-4.618781
-4.689182
-4.594087
-4.652112
-4.557096
-4.613861
-4.532988
-4.590706
-4.698019
-4.727219
-4.634844
-4.686208
-4.594691
-4.645777
-4.687004
-4.605060
-4.651923
-4.557592
-4.627849
-4.688769
-4.722311
-4.643631
-4.682872
-4.709404
-4.596334
-4.656483
-4.677497
-4.746740
-4.683084
-4.794606
-4.668156
-4.805447
-4.710328
-4.846947
-4.754409
-4.882138
-4.804453
-4.919017
-4.845112
-4.961259
-4.880913
-4.993608
-4.917166
-5.018903
-4.941592
-5.044961
-4.956039
-5.063020
-4.969476
-5.068798
-4.990448
-5.088158
-5.015559
-5.037694
-5.037312
-5.028504
-5.036767
-5.031795
-5.037011
-5.036633
-5.046843
-5.038921
-5.058017
-5.049199
-5.065318
-5.058189
-5.078044
-5.060628
-5.087275
-5.065324
-5.087723
-5.064846
-5.094110
-5.035465
-5.058270
-5.000239
-5.057124
-5.004962
-5.054354
-5.008642
-5.059537
-5.008660
-5.065980
-5.015573
-5.068274
-5.021024
-5.076535
-5.019729
-5.082102
-5.020486
-5.079692
-5.015195
-5.078275
-4.995934
-5.071364
-5.056552
-5.044171
-5.049964
-5.046263
-5.053390
-5.044272
-5.060201
-5.049759
-5.063646
-5.055900
-5.074119
-5.056802
-5.083078
-5.061660
-5.084899
-5.062057
-5.088039
-5.053046
-5.085308
-5.043536
-5.066702
-5.020508
-5.070484
-5.016866
-5.075326
-5.019940
-5.074770
-5.023891
-5.080577
-5.021640
-5.085330
-5.023339
-5.083373
-5.020683
-5.083596
-5.008443
-5.078436
-4.993920
-5.063739
-5.063084
-5.052224
-5.067869
-5.054214
-5.066853
-5.057968
-5.073366
-5.056028
-5.080581
-5.059524
-5.081557
-5.060253
-5.085794
-5.052351
-5.084896
-5.044106
-5.074717
-5.027571
-5.086307
-5.025452
-5.082448
-5.028534
-5.085947
-5.024354
-5.089693
-5.025260
-5.086366
-5.023447
-5.086929
-5.012827
-5.083300
-5.002518
-5.070746
-4.984180
-5.057152
-5.068739
-5.062310
-5.074204
-5.056782
-5.079474
-5.058050
-5.078146
-5.058351
-5.081936
-5.050365
-5.082211
-5.044287
-5.073180
-5.031311
-5.063763
-5.008224
-5.091683
-5.023901
-5.093637
-5.024968
-5.088426
-5.023830
-5.088394
-5.013321
-5.085190
-5.005126
-5.072903
-4.990812
-5.061654
-4.966111
-5.041904
-5.074911
-5.056308
-5.072299
-5.054878
-5.075171
-5.045611
-5.076039
-5.040523
-5.067427
-5.030292
-5.060433
-5.009467
-5.045451
-4.989123
-5.087262
-5.017630
-5.086707
-5.008191
-5.083788
-5.001757
-5.070940
-4.990140
-5.060796
-4.967659
-5.044378
-4.946371
-5.016823
-5.062918
-5.036940
-5.063541
-5.031291
-5.055162
-5.022906
-5.050390
-5.003929
-5.039301
-4.986689
-5.016078
-4.961799
-5.075546
-4.989179
-5.063836
-4.980961
-5.054870
-4.960395
-5.040532
-4.942136
-5.014998
-4.917333
-4.991468
-5.034811
-5.007803
-5.030831
-4.989659
-5.023918
-4.975732
-5.004716
-4.955546
-4.986793
-4.922855
-5.040189
-4.943053
-5.030508
-4.928599
-5.006485
-4.908028
-4.985737
-4.875415
-4.959433
-4.996688
-4.954594
-4.980938
-4.939846
-4.969578
-4.912116
-4.951004
-4.886052
-4.989919
-4.889670
-4.974017
-4.860783
-4.951538
-4.835516
-4.917302
-4.936165
-4.889698
-4.928369
-4.872163
-4.904551
-4.846316
-4.939295
-4.817524
-4.908009
-4.793033
-4.882151
-4.869866
-4.831056
-4.864422
-4.797991
-4.876199
-4.738940
-4.852509
-4.821020
-4.761963
-4.813222
-4.688866
-4.604069
-4.629161
-4.571967
-4.596047
-4.532062
-4.570043
-4.512735
-4.544523
-4.501387
-4.537286
-4.494466
-4.536390
-4.502074
-4.539684
-4.511527
-4.555506
-4.520182
-4.568947
-4.540568
-4.572959
-4.567005
-4.613617
-4.631771
-4.597840
-4.619386
-4.572485
-4.633174
-4.575059
-4.623669
-4.576328
-4.616846
-4.564568
-4.611075
-4.552074
-4.597089
-4.541632
-4.584383
-4.523880
-4.577430
-4.508060
-4.564808
-4.498553
-4.555755
-4.482505
-4.570949
-4.734511
-4.648219
-4.705485
-4.615002
-4.671944
-4.595987
-4.641231
-4.577067
-4.622720
-4.556184
-4.608686
-4.545923
-4.590350
-4.542904
-4.581262
-4.531466
-4.583737
-4.526621
-4.570897
-4.541879
-4.564273
-4.509128
-4.684589
-4.566432
-4.660371
-4.551951
-4.633036
-4.533313
-4.617094
-4.513228
-4.603491
-4.503569
-4.587440
-4.498988
-4.581504
-4.487530
-4.585171
-4.482485
-4.578902
-4.490570
-4.577175
-4.478629
-4.602576
-4.693972
-4.607936
-4.653844
-4.583155
-4.632802
-4.560288
-4.613623
-4.549301
-4.594017
-4.542382
-4.584903
-4.531523
-4.582893
-4.528510
-4.572865
-4.536136
-4.566717
-4.532819
-4.574328
-4.531891
-4.630992
-4.542584
-4.619761
-4.519294
-4.603005
-4.509180
-4.585819
-4.501066
-4.579407
-4.490501
-4.578497
-4.488162
-4.572598
-4.493383
-4.572453
-4.489685
-4.582926
-4.487916
-4.582071
-4.655419
-4.567338
-4.625707
-4.555527
-4.601833
-4.544279
-4.591081
-4.532701
-4.584657
-4.530709
-4.575138
-4.534994
-4.571995
-4.533337
-4.576069
-4.535886
-4.570509
-4.547808
-4.602767
-4.519718
-4.585137
-4.505839
-4.578740
-4.493880
-4.573829
-4.492386
-4.567323
-4.495411
-4.568476
-4.493928
-4.575857
-4.497218
-4.576477
-4.506870
-4.579467
-4.616965
-4.548892
-4.602331
-4.535087
-4.589742
-4.532959
-4.578396
-4.534256
-4.576118
-4.533144
-4.578700
-4.538066
-4.575424
-4.548612
-4.575079
-4.552982
-4.580575
-4.499268
-4.570654
-4.496735
-4.562765
-4.496440
-4.564244
-4.495413
-4.569366
-4.501204
-4.570749
-4.511600
-4.576654
-4.516030
-4.585309
-4.598573
-4.537093
-4.584295
-4.533723
-4.580699
-4.531844
-4.580379
-4.538054
-4.578196
-4.548148
-4.580994
-4.553553
-4.586343
-4.563699
-4.561117
-4.497119
-4.560679
-4.494954
-4.562487
-4.501626
-4.563864
-4.511271
-4.571373
-4.517691
-4.582047
-4.529049
-4.586266
-4.586371
-4.531427
-4.582131
-4.536616
-4.578884
-4.544671
-4.583153
-4.551163
-4.590174
-4.562891
-4.591438
-4.576918
-4.557152
-4.499741
-4.556332
-4.507109
-4.564198
-4.514016
-4.574425
-4.526913
-4.580960
-4.542981
-4.592501
-4.579009
-4.540595
-4.582801
-4.545645
-4.588573
-4.558237
-4.592290
-4.573837
-4.600612
-4.583107
-4.556661
-4.506537
-4.564319
-4.520146
-4.571267
-4.535981
-4.583750
-4.547661
-4.600263
-4.585031
-4.551540
-4.587594
-4.565103
-4.597506
-4.576501
-4.610991
-4.592170
-4.558895
-4.524086
-4.572514
-4.536033
-4.588276
-4.553239
-4.598948
-4.591610
-4.564246
-4.602881
-4.581232
-4.611203
-4.603116
-4.573072
-4.538672
-4.583557
-4.560225
-4.599056
-4.598288
-4.587948
-4.613240
-4.601092
-4.584340
-4.550166
-4.606569
-4.624199
-4.605947
-4.565354
-4.764581
-4.605913
-4.712628
-4.586592
-4.686810
-4.562448
-4.659778
-4.545683
-4.632261
-4.529956
-4.616172
-4.510350
-4.606378
-4.500249
-4.591246
-4.498565
-4.585418
-4.483958
-4.594805
-4.474099
-4.580550
-4.498828
-4.595984
-5.040581
-5.059486
-5.031318
-5.004868
-4.983145
-4.954728
-4.915857
-4.886207
-4.850932
-4.810960
-4.777987
-4.748206
-4.711947
-4.685725
-4.667361
-4.639627
-4.623328
-4.618308
-4.596348
-4.586422
-4.598762
-4.561597
-5.023700
-4.940959
-4.978460
-4.901229
-4.911928
-4.836970
-4.845518
-4.759103
-4.766560
-4.689195
-4.690589
-4.618984
-4.635781
-4.564223
-4.585671
-4.534689
-4.554071
-4.501156
-4.546901
-4.483031
-4.525063
-5.050991
-5.041220
-5.004115
-4.989088
-4.954294
-4.920134
-4.885507
-4.853335
-4.810228
-4.778854
-4.747425
-4.711665
-4.685391
-4.665997
-4.639490
-4.621044
-4.617470
-4.592841
-4.587931
-4.590191
-5.002759
-4.931145
-4.955427
-4.869491
-4.886173
-4.804003
-4.805176
-4.725150
-4.732762
-4.649203
-4.661336
-4.594219
-4.606156
-4.543913
-4.576025
-4.510694
-4.544105
-4.499834
-4.531544
-5.034452
-5.016683
-4.985328
-4.963001
-4.918565
-4.891031
-4.852151
-4.813550
-4.778056
-4.748649
-4.711314
-4.684851
-4.665606
-4.636167
-4.621652
-4.610194
-4.596103
-4.578946
-4.986350
-4.909841
-4.922525
-4.842561
-4.853201
-4.762904
-4.771350
-4.690458
-4.693612
-4.618882
-4.637440
-4.562658
-4.587197
-4.530148
-4.554965
-4.497533
-4.545964
-5.011904
-4.994469
-4.958734
-4.926075
-4.888008
-4.857194
-4.811942
-4.780972
-4.747619
-4.711648
-4.684420
-4.662476
-4.636494
-4.616575
-4.612160
-4.589035
-4.960720
-4.877722
-4.891618
-4.808343
-4.810063
-4.726614
-4.735489
-4.648753
-4.663023
-4.591845
-4.606842
-4.541571
-4.574971
-4.508837
-4.544933
-4.990488
-4.964426
-4.921957
-4.892256
-4.853616
-4.815058
-4.778764
-4.748907
-4.710538
-4.684033
-4.662034
-4.634258
-4.618289
-4.607871
-4.925254
-4.846525
-4.854839
-4.764209
-4.771967
-4.688944
-4.693643
-4.616866
-4.636978
-4.561299
-4.588095
-4.529189
-4.554915
-4.961489
-4.924782
-4.888991
-4.856275
-4.812925
-4.781610
-4.747750
-4.712716
-4.683614
-4.662413
-4.633494
-4.618322
-4.891560
-4.809109
-4.809521
-4.725177
-4.733962
-4.646611
-4.662485
-4.590361
-4.607538
-4.543010
-4.574728
-4.922245
-4.889422
-4.854038
-4.815035
-4.780379
-4.750720
-4.711503
-4.686741
-4.659899
-4.636192
-4.852895
-4.762177
-4.769762
-4.685682
-4.691806
-4.614873
-4.636437
-4.561709
-4.590259
-4.887314
-4.853597
-4.813972
-4.783288
-4.749631
-4.716139
-4.684386
-4.664694
-4.806055
-4.720341
-4.730680
-4.642078
-4.661255
-4.588521
-4.609652
-4.852748
-4.814320
-4.783231
-4.754734
-4.714097
-4.691811
-4.765648
-4.678226
-4.688414
-4.610109
-4.637634
-4.814888
-4.787177
-4.754938
-4.722545
-4.726528
-4.628599
-4.661129
-4.795100
-4.769207
-4.665145
-4.791584
-4.671912
-4.778629
-4.635298
-4.792493
-4.646854
-4.777098
-4.655642
-4.777119
-4.651206
-4.780676
-4.649927
-4.780714
-4.651166
-4.776998
-4.655525
-4.777269
-4.646277
-4.792726
-4.635062
-4.778325
-4.671586
-4.791966
-4.732857
-4.700384
-4.774530
-4.771921
-4.843705
-4.831548
-4.914499
-4.899597
-4.967424
-4.958338
-5.015449
-4.993287
-5.047179
-5.018447
-5.056921
-5.028454
-5.062324
-5.020970
-5.059360
-5.016057
-5.037107
-5.020559
-5.047362
-4.737471
-4.846508
-4.811645
-4.886736
-4.885711
-4.946458
-4.942814
-5.006684
-4.998812
-5.046881
-5.041046
-5.077734
-5.060261
-5.092457
-5.071310
-5.088532
-5.071066
-5.083994
-5.057104
-5.074594
-5.056185
-5.026911
-4.726961
-4.705768
-4.801365
-4.771737
-4.858087
-4.848090
-4.922684
-4.908268
-4.982355
-4.962802
-5.021305
-5.001234
-5.050369
-5.017745
-5.064050
-5.027220
-5.061280
-5.026090
-5.060834
-5.009952
-5.056074
-4.765515
-4.828552
-4.817586
-4.899687
-4.882319
-4.955303
-4.950349
-5.011263
-4.999888
-5.055736
-5.039484
-5.078250
-5.062086
-5.091934
-5.066230
-5.092374
-5.067667
-5.080360
-5.060942
-5.074637
-4.743131
-4.717866
-4.799191
-4.780245
-4.871939
-4.850159
-4.932088
-4.917610
-4.989083
-4.965925
-5.031250
-5.002349
-5.052366
-5.021744
-5.066378
-5.024311
-5.067514
-5.026098
-5.056968
-4.743955
-4.838494
-4.821245
-4.897761
-4.884004
-4.963866
-4.948489
-5.015157
-5.002854
-5.057740
-5.036297
-5.082524
-5.058714
-5.089477
-5.066486
-5.092439
-5.061394
-5.084005
-4.753974
-4.708785
-4.808416
-4.786390
-4.874589
-4.853605
-4.941536
-4.919134
-4.993765
-4.970549
-5.035447
-5.000780
-5.058546
-5.021766
-5.066077
-5.027126
-5.071041
-4.747544
-4.844476
-4.813527
-4.902149
-4.886105
-4.964905
-4.946517
-5.019298
-4.999787
-5.056710
-5.035560
-5.082609
-5.052488
-5.091940
-5.064300
-5.088484
-4.745709
-4.712911
-4.815487
-4.784827
-4.879242
-4.857149
-4.945138
-4.918423
-4.999631
-4.970587
-5.036146
-5.002247
-5.062071
-5.017530
-5.071226
-4.752422
-4.839700
-4.813761
-4.906321
-4.883529
-4.965044
-4.945247
-5.019398
-4.993890
-5.057754
-5.031516
-5.078185
-5.050554
-5.092608
-4.746372
-4.718104
-4.815230
-4.784720
-4.883416
-4.857181
-4.946383
-4.919037
-5.002854
-4.965682
-5.039395
-5.001170
-5.060058
-4.749735
-4.838510
-4.815327
-4.906399
-4.879335
-4.964938
-4.941798
-5.015080
-4.989268
-5.055892
-5.021362
-5.077817
-4.749688
-4.718106
-4.813649
-4.784750
-4.886126
-4.853334
-4.948422
-4.917532
-4.999669
-4.962610
-5.041149
-4.746415
-4.839755
-4.815702
-4.902050
-4.874783
-4.964029
-4.932124
-5.011362
-4.982738
-5.046765
-4.752463
-4.712624
-4.813538
-4.786300
-4.883783
-4.849964
-4.950475
-4.907794
-4.998849
-4.745912
-4.844613
-4.808402
-4.897891
-4.872324
-4.955165
-4.922998
-5.006956
-4.747356
-4.708631
-4.821403
-4.779707
-4.882396
-4.847947
-4.942542
-4.754292
-4.838305
-4.799529
-4.899973
-4.858058
-4.946642
-4.744152
-4.717689
-4.817300
-4.771438
-4.885959
-4.743018
-4.828795
-4.801866
-4.886495
-4.765813
-4.704901
-4.811846
-4.727422
-4.846917
-4.737149
-4.688867
-4.604070
-4.629162
-4.571968
-4.596048
-4.532064
-4.570044
-4.512736
-4.544524
-4.501387
-4.537287
-4.494467
-4.536390
-4.502074
-4.539685
-4.511527
-4.555505
-4.520183
-4.568947
-4.540568
-4.572959
-4.567005
-4.613617
-4.683083
-4.746739
-4.656482
-4.682872
-4.627848
-4.645776
-4.590705
-4.618780
-4.572239
-4.594120
-4.559387
-4.586416
-4.549988
-4.582215
-4.555311
-4.580908
-4.560903
-4.594230
-4.564087
-4.606175
-4.588701
-4.588267
-4.677497
-4.596335
-4.643631
-4.557592
-4.594690
-4.532988
-4.566703
-4.507140
-4.549087
-4.499708
-4.536624
-4.498125
-4.540286
-4.499333
-4.546092
-4.514080
-4.552057
-4.526838
-4.571780
-4.530987
-4.588653
-4.709404
-4.722311
-4.651923
-4.686208
-4.613861
-4.641628
-4.587694
-4.614967
-4.562883
-4.596430
-4.554375
-4.582622
-4.550135
-4.583291
-4.547696
-4.585921
-4.559777
-4.587828
-4.571518
-4.606243
-4.688769
-4.605060
-4.634844
-4.557096
-4.600722
-4.527549
-4.566190
-4.509266
-4.550135
-4.495931
-4.542603
-4.498890
-4.539668
-4.504335
-4.549507
-4.509493
-4.559702
-4.526981
-4.564290
-4.687004
-4.727219
-4.652111
-4.679053
-4.608281
-4.644695
-4.580764
-4.612204
-4.561040
-4.595481
-4.546314
-4.585854
-4.546886
-4.579181
-4.549256
-4.586000
-4.552065
-4.593980
-4.698018
-4.594087
-4.638767
-4.559927
-4.598971
-4.525519
-4.571859
-4.508306
-4.550640
-4.498881
-4.545752
-4.495427
-4.546790
-4.504487
-4.547872
-4.513968
-4.560977
-4.689182
-4.731070
-4.641739
-4.678318
-4.607093
-4.642697
-4.575013
-4.615007
-4.556896
-4.592411
-4.545544
-4.585929
-4.539690
-4.583039
-4.546000
-4.581108
-4.688129
-4.595382
-4.642550
-4.555328
-4.598977
-4.527137
-4.573948
-4.506046
-4.556789
-4.499017
-4.546447
-4.498792
-4.550190
-4.499740
-4.555044
-4.693380
-4.724068
-4.638768
-4.679993
-4.602604
-4.640644
-4.573812
-4.615055
-4.550677
-4.595254
-4.542538
-4.582803
-4.539884
-4.582125
-4.687142
-4.599379
-4.640249
-4.553339
-4.602498
-4.527234
-4.575089
-4.508244
-4.561053
-4.496315
-4.554103
-4.498327
-4.550317
-4.690218
-4.721655
-4.640207
-4.680000
-4.599034
-4.642522
-4.571807
-4.612361
-4.549797
-4.596348
-4.536819
-4.586010
-4.690122
-4.599424
-4.638781
-4.555316
-4.607036
-4.525870
-4.580512
-4.509464
-4.563144
-4.499678
-4.559262
-4.687227
-4.723963
-4.642504
-4.678455
-4.598735
-4.644606
-4.566367
-4.614618
-4.548870
-4.594449
-4.693237
-4.595694
-4.641514
-4.560091
-4.608459
-4.527581
-4.587537
-4.507855
-4.571809
-4.688011
-4.730964
-4.638937
-4.678790
-4.600518
-4.641902
-4.566236
-4.618569
-4.689267
-4.594185
-4.651884
-4.557742
-4.613477
-4.533248
-4.591056
-4.697829
-4.727450
-4.634499
-4.685992
-4.594947
-4.645337
-4.686656
-4.605285
-4.652158
-4.557736
-4.627552
-4.689007
-4.721985
-4.643292
-4.683241
-4.709019
-4.597258
-4.655994
-4.677082
-4.746419
-4.683310
-4.732210
-4.700833
-4.774631
-4.772161
-4.843290
-4.832311
-4.914006
-4.899882
-4.967421
-4.958463
-5.015162
-4.993720
-5.046824
-5.018628
-5.056849
-5.028514
-5.062143
-5.021157
-5.059147
-5.016130
-5.037013
-5.020572
-5.047269
-5.046928
-5.004751
-5.029712
-4.988974
-5.037150
-4.987546
-5.040415
-4.994514
-5.041397
-5.002048
-5.051263
-5.005389
-5.061115
-5.014693
-5.066033
-5.020494
-5.074970
-5.017513
-5.078645
-5.015150
-5.067760
-5.011765
-5.074172
-4.813223
-4.761963
-4.852510
-4.797991
-4.882152
-4.846316
-4.917303
-4.886051
-4.959433
-4.922855
-4.991467
-4.961797
-5.016822
-4.989122
-5.041903
-5.008222
-5.057150
-5.027569
-5.063738
-5.043535
-5.071363
-5.035465
-4.821020
-4.738941
-4.864423
-4.793033
-4.904552
-4.835516
-4.951004
-4.875414
-4.986793
-4.917332
-5.016077
-4.946370
-5.045450
-4.966110
-5.063763
-4.984180
-5.074717
-4.993919
-5.085307
-4.995933
-5.094110
-4.876199
-4.831056
-4.908010
-4.872164
-4.951538
-4.912116
-4.985737
-4.955546
-5.014997
-4.986688
-5.044378
-5.009467
-5.061653
-5.031309
-5.070745
-5.044106
-5.078437
-5.053046
-5.078276
-5.064846
-4.869867
-4.817524
-4.928369
-4.860784
-4.969578
-4.908027
-5.004716
-4.942136
-5.039300
-4.967657
-5.060433
-4.990812
-5.073179
-5.002517
-5.084895
-5.008442
-5.088038
-5.015194
-5.087722
-4.939296
-4.889698
-4.974017
-4.939846
-5.006485
-4.975732
-5.040532
-5.003929
-5.060796
-5.030291
-5.072902
-5.044287
-5.083301
-5.052352
-5.083595
-5.062056
-5.079691
-5.065323
-4.936166
-4.889670
-4.980938
-4.928599
-5.023918
-4.960394
-5.050390
-4.990140
-5.067427
-5.005126
-5.082210
-5.012827
-5.085794
-5.020684
-5.084901
-5.020488
-5.087276
-4.989919
-4.954594
-5.030508
-4.989659
-5.054870
-5.022906
-5.070940
-5.040523
-5.085189
-5.050365
-5.086929
-5.060253
-5.083373
-5.061659
-5.082101
-5.060628
-4.996688
-4.943053
-5.030831
-4.980961
-5.055162
-5.001757
-5.076039
-5.013321
-5.081935
-5.023447
-5.081557
-5.023339
-5.083079
-5.019729
-5.078044
-5.040190
-5.007803
-5.063836
-5.031290
-5.083787
-5.045611
-5.088394
-5.058352
-5.086366
-5.059524
-5.085330
-5.056802
-5.076535
-5.058190
-5.034812
-4.989179
-5.063541
-5.008191
-5.075171
-5.023829
-5.078146
-5.025260
-5.080580
-5.021640
-5.074118
-5.021023
-5.065317
-5.075547
-5.036941
-5.086707
-5.054879
-5.088426
-5.058050
-5.089693
-5.056028
-5.080577
-5.055900
-5.068275
-5.049200
-5.062919
-5.017630
-5.072299
-5.024967
-5.079474
-5.024354
-5.073365
-5.023891
-5.063646
-5.015572
-5.058017
-5.087263
-5.056308
-5.093637
-5.056782
-5.085947
-5.057967
-5.074770
-5.049759
-5.065980
-5.038921
-5.074912
-5.023902
-5.074204
-5.028534
-5.066853
-5.019941
-5.060201
-5.008660
-5.046843
-5.091683
-5.062310
-5.082448
-5.054214
-5.075326
-5.044272
-5.059536
-5.036633
-5.068739
-5.025453
-5.067869
-5.016866
-5.053390
-5.008643
-5.037011
-5.086307
-5.052224
-5.070484
-5.046263
-5.054354
-5.031795
-5.063084
-5.020508
-5.049964
-5.004962
-5.036767
-5.066703
-5.044171
-5.057124
-5.028504
-5.056552
-5.000239
-5.037312
-5.058270
-5.037694
-5.015559
-4.764581
-4.605914
-4.712629
-4.586593
-4.686810
-4.562448
-4.659778
-4.545683
-4.632261
-4.529956
-4.616173
-4.510350
-4.606377
-4.500248
-4.591246
-4.498566
-4.585419
-4.483959
-4.594805
-4.474099
-4.580550
-4.498828
-4.595984
-4.565354
-4.605947
-4.606569
-4.601092
-4.599056
-4.603116
-4.598948
-4.592170
-4.600263
-4.583108
-4.592501
-4.576918
-4.586266
-4.563699
-4.585310
-4.552982
-4.579467
-4.547809
-4.582071
-4.531890
-4.602576
-4.509128
-4.624199
-4.550166
-4.613240
-4.560225
-4.611203
-4.553239
-4.610991
-4.547661
-4.600613
-4.542981
-4.591438
-4.529050
-4.586342
-4.516032
-4.575079
-4.506870
-4.570510
-4.487916
-4.574328
-4.478629
-4.564273
-4.584340
-4.587949
-4.583557
-4.581232
-4.588276
-4.576501
-4.583750
-4.573837
-4.580960
-4.562891
-4.582047
-4.553553
-4.576655
-4.548613
-4.576477
-4.535887
-4.582926
-4.532819
-4.577175
-4.541880
-4.598288
-4.538673
-4.602881
-4.536033
-4.597506
-4.535981
-4.592290
-4.526913
-4.590175
-4.517691
-4.580993
-4.511601
-4.575425
-4.497217
-4.576069
-4.489686
-4.566716
-4.490570
-4.570897
-4.573072
-4.564246
-4.572514
-4.565104
-4.571268
-4.558237
-4.574424
-4.551164
-4.571373
-4.548148
-4.570750
-4.538067
-4.575857
-4.533338
-4.572454
-4.536135
-4.578902
-4.526621
-4.591610
-4.524087
-4.587594
-4.520146
-4.588573
-4.514016
-4.583153
-4.511271
-4.578197
-4.501204
-4.578701
-4.493929
-4.571994
-4.493384
-4.572865
-4.482484
-4.583737
-4.558896
-4.551540
-4.564319
-4.545646
-4.564198
-4.544671
-4.563864
-4.538054
-4.569367
-4.533144
-4.568477
-4.534995
-4.572599
-4.528511
-4.585170
-4.531466
-4.585031
-4.506537
-4.582802
-4.507109
-4.578884
-4.501627
-4.580379
-4.495414
-4.576119
-4.495411
-4.575139
-4.488162
-4.582894
-4.487530
-4.581262
-4.556661
-4.540596
-4.556332
-4.536617
-4.562487
-4.531844
-4.564244
-4.534257
-4.567324
-4.530710
-4.578497
-4.531523
-4.581505
-4.542904
-4.579010
-4.499741
-4.582131
-4.494955
-4.580700
-4.496441
-4.578397
-4.492386
-4.584657
-4.490502
-4.584903
-4.498988
-4.590350
-4.557153
-4.531427
-4.560679
-4.533723
-4.562765
-4.532960
-4.573830
-4.532701
-4.579408
-4.542382
-4.587440
-4.545923
-4.586371
-4.497119
-4.584296
-4.496736
-4.589743
-4.493881
-4.591081
-4.501067
-4.594019
-4.503569
-4.608687
-4.561118
-4.537093
-4.570654
-4.535088
-4.578741
-4.544279
-4.585820
-4.549302
-4.603492
-4.556184
-4.598574
-4.499269
-4.602331
-4.505840
-4.601834
-4.509180
-4.613623
-4.513229
-4.622720
-4.580576
-4.548892
-4.585137
-4.555527
-4.603005
-4.560288
-4.617094
-4.577068
-4.616966
-4.519719
-4.625708
-4.519295
-4.632803
-4.533313
-4.641232
-4.602768
-4.567338
-4.619762
-4.583156
-4.633037
-4.595988
-4.655420
-4.542585
-4.653845
-4.551952
-4.671944
-4.630993
-4.607937
-4.660372
-4.615003
-4.693972
-4.566433
-4.705486
-4.684590
-4.648220
-4.734512
-4.794606
-4.668156
-4.805448
-4.710329
-4.846948
-4.754409
-4.882138
-4.804453
-4.919017
-4.845112
-4.961258
-4.880911
-4.993607
-4.917165
-5.018901
-4.941590
-5.044958
-4.956037
-5.063019
-4.969475
-5.068798
-4.990448
-5.088157
-5.044760
-4.969449
-4.986437
-4.926909
-4.945656
-4.863946
-4.880092
-4.800546
-4.800953
-4.723771
-4.730439
-4.649173
-4.659890
-4.594988
-4.605041
-4.544718
-4.575947
-4.512937
-4.542569
-4.506034
-4.523308
-4.487322
-4.539398
-4.665146
-4.769208
-4.661130
-4.722545
-4.637634
-4.691811
-4.609652
-4.664694
-4.590260
-4.636193
-4.574727
-4.618321
-4.554915
-4.607871
-4.544933
-4.589035
-4.545964
-4.578945
-4.531543
-4.590190
-4.525063
-4.561597
-4.795101
-4.628600
-4.754939
-4.610109
-4.714097
-4.588521
-4.684386
-4.561710
-4.659898
-4.543009
-4.633493
-4.529188
-4.618289
-4.508837
-4.612159
-4.497531
-4.596102
-4.499833
-4.587931
-4.483031
-4.598762
-4.726528
-4.787177
-4.688415
-4.754735
-4.661255
-4.716139
-4.636437
-4.686740
-4.607536
-4.662412
-4.588095
-4.634257
-4.574970
-4.616573
-4.554963
-4.610193
-4.544104
-4.592841
-4.546901
-4.586421
-4.814889
-4.678226
-4.783232
-4.642077
-4.749631
-4.614873
-4.711502
-4.590359
-4.683613
-4.561299
-4.662032
-4.541568
-4.636492
-4.530147
-4.621651
-4.510694
-4.617470
-4.501156
-4.596348
-4.765648
-4.814321
-4.730680
-4.783288
-4.691806
-4.750719
-4.662484
-4.712716
-4.636976
-4.684031
-4.606839
-4.662473
-4.587196
-4.636166
-4.576024
-4.621043
-4.554071
-4.618308
-4.852748
-4.720340
-4.813973
-4.685681
-4.780378
-4.646609
-4.747749
-4.616864
-4.710535
-4.591842
-4.684418
-4.562656
-4.665605
-4.543911
-4.639489
-4.534688
-4.623327
-4.806055
-4.853597
-4.769762
-4.815033
-4.733960
-4.781609
-4.693641
-4.748904
-4.663020
-4.711646
-4.637438
-4.684849
-4.606154
-4.665995
-4.585670
-4.639626
-4.887314
-4.762177
-4.854036
-4.725176
-4.812924
-4.688942
-4.778761
-4.648750
-4.747617
-4.618880
-4.711312
-4.594216
-4.685389
-4.564221
-4.667361
-4.852895
-4.889420
-4.809520
-4.856274
-4.771965
-4.815055
-4.735486
-4.780969
-4.693609
-4.748646
-4.661334
-4.711663
-4.635780
-4.685725
-4.922243
-4.809107
-4.888990
-4.764207
-4.853612
-4.726611
-4.811939
-4.690456
-4.778053
-4.649201
-4.747422
-4.618982
-4.711946
-4.891558
-4.924781
-4.854836
-4.892253
-4.810060
-4.857192
-4.771348
-4.813547
-4.732759
-4.778852
-4.690588
-4.748205
-4.961488
-4.846523
-4.921954
-4.808340
-4.888005
-4.762901
-4.852147
-4.725147
-4.810225
-4.689193
-4.777986
-4.925252
-4.964423
-4.891615
-4.926073
-4.853199
-4.891028
-4.805173
-4.853333
-4.766558
-4.810959
-4.990486
-4.877720
-4.958731
-4.842559
-4.918562
-4.804000
-4.885505
-4.759102
-4.850931
-4.960717
-4.994467
-4.922523
-4.962998
-4.886171
-4.920132
-4.845517
-4.886206
-5.011901
-4.909839
-4.985327
-4.869489
-4.954292
-4.836969
-4.915856
-4.986349
-5.016681
-4.955425
-4.989087
-4.911927
-4.954727
-5.034451
-4.931143
-5.004114
-4.901227
-4.983144
-5.002759
-5.041220
-4.978459
-5.004868
-5.050991
-4.940959
-5.031318
-5.023699
-5.059486
-5.040580
-4.732857
-4.700384
-4.774530
-4.771920
-4.843705
-4.831547
-4.914498
-4.899595
-4.967423
-4.958340
-5.015455
-4.993292
-5.047182
-5.018447
-5.056920
-5.028453
-5.062323
-5.020969
-5.059360
-5.016056
-5.037107
-5.020559
-5.047362
-5.046924
-5.004724
-5.029669
-4.988928
-5.037219
-4.987268
-5.040574
-4.994321
-5.041330
-5.001852
-5.051469
-5.004763
-5.061433
-5.014313
-5.065944
-5.020099
-5.075349
-5.016475
-5.079138
-5.014525
-5.067677
-5.011018
-5.074812
-4.812905
-4.762474
-4.853021
-4.797824
-4.882472
-4.847077
-4.916916
-4.886620
-4.959988
-4.922741
-4.991805
-4.962628
-5.016462
-4.989749
-5.042466
-5.008162
-5.057547
-5.028366
-5.063474
-5.044182
-5.071951
-5.035421
-4.821446
-4.737874
-4.864674
-4.792786
-4.904130
-4.835064
-4.951428
-4.874281
-4.987005
-4.917051
-5.015630
-4.945850
-5.045865
-4.964897
-5.064009
-4.983759
-5.074340
-4.993300
-5.085747
-4.994590
-5.094517
-4.876469
-4.831700
-4.907681
-4.872661
-4.952000
-4.912017
-4.986019
-4.956269
-5.014679
-4.987232
-5.044888
-5.009398
-5.061993
-5.032026
-5.070496
-5.044663
-5.078974
-5.052970
-5.078754
-5.065444
-4.869537
-4.817136
-4.928733
-4.859824
-4.969764
-4.907787
-5.004323
-4.941690
-5.039664
-4.966617
-5.060632
-4.990485
-5.072814
-5.001990
-5.085274
-5.007298
-5.088336
-5.014673
-5.087468
-4.939663
-4.889636
-4.974245
-4.940469
-5.006208
-4.976198
-5.040958
-5.003867
-5.061074
-5.030936
-5.072673
-5.044773
-5.083775
-5.052285
-5.083972
-5.062626
-5.079562
-5.065809
-4.936303
-4.889471
-4.980618
-4.928233
-5.024227
-4.959520
-5.050537
-4.989878
-5.067088
-5.004689
-5.082536
-5.011860
-5.086006
-5.020296
-5.084632
-5.019974
-5.087598
-4.989696
-4.954979
-5.030856
-4.989634
-5.055093
-5.023474
-5.070726
-5.040937
-5.085588
-5.050321
-5.087227
-5.060788
-5.083227
-5.062079
-5.082529
-5.060585
-4.996903
-4.942360
-5.030927
-4.980771
-5.054874
-5.001403
-5.076299
-5.012515
-5.082074
-5.023161
-5.081293
-5.022919
-5.083355
-5.018856
-5.078244
-5.040345
-5.008271
-5.063656
-5.031646
-5.084121
-5.045603
-5.088617
-5.058833
-5.086217
-5.059889
-5.085697
-5.056773
-5.076826
-5.058633
-5.034559
-4.988899
-5.063721
-5.007559
-5.075252
-5.023628
-5.077896
-5.024918
-5.080798
-5.020920
-5.074255
-5.020733
-5.065100
-5.075801
-5.036958
-5.086855
-5.055300
-5.088297
-5.058369
-5.089994
-5.056022
-5.080793
-5.056304
-5.068175
-5.049522
-5.062930
-5.017497
-5.072063
-5.024700
-5.079624
-5.023790
-5.073439
-5.023685
-5.063437
-5.015267
-5.058195
-5.087166
-5.056567
-5.093864
-5.056808
-5.086097
-5.058329
-5.074675
-5.050034
-5.066238
-5.038918
-5.074988
-5.023504
-5.074202
-5.028398
-5.066653
-5.019707
-5.060327
-5.008171
-5.046915
-5.091765
-5.062624
-5.082372
-5.054446
-5.075523
-5.044293
-5.059676
-5.036922
-5.068556
-5.025287
-5.067922
-5.016519
-5.053402
-5.008519
-5.036854
-5.086441
-5.052290
-5.070567
-5.046515
-5.054291
-5.031981
-5.063016
-5.020444
-5.049813
-5.004835
-5.036819
-5.066666
-5.044329
-5.057225
-5.028537
-5.056524
-5.000085
-5.037288
-5.058292
-5.037832
-5.015470
-4.765219
-4.605400
-4.712228
-4.586376
-4.687236
-4.560972
-4.660529
-4.545190
-4.631543
-4.529812
-4.616643
-4.508481
-4.607261
-4.499697
-4.590283
-4.498366
-4.586009
-4.481688
-4.595807
-4.473418
-4.579504
-4.498330
-4.596782
-4.565162
-4.606094
-4.606751
-4.600870
-4.599197
-4.603608
-4.598388
-4.592622
-4.600751
-4.582549
-4.592931
-4.577733
-4.585391
-4.564456
-4.586069
-4.552215
-4.580142
-4.548909
-4.581051
-4.532897
-4.603567
-4.508437
-4.624415
-4.549775
-4.613382
-4.560297
-4.610812
-4.553121
-4.611526
-4.546541
-4.601086
-4.542965
-4.590753
-4.528806
-4.587200
-4.514212
-4.575846
-4.506662
-4.569676
-4.487402
-4.575458
-4.476217
-4.565183
-4.584277
-4.588356
-4.583149
-4.581534
-4.588650
-4.576092
-4.584037
-4.574537
-4.580224
-4.563496
-4.582722
-4.552866
-4.577211
-4.549612
-4.575517
-4.536750
-4.583853
-4.532047
-4.577884
-4.543217
-4.598081
-4.538532
-4.603295
-4.535239
-4.597810
-4.536019
-4.591733
-4.526702
-4.590904
-4.516181
-4.581600
-4.511511
-4.574638
-4.496819
-4.577087
-4.487563
-4.567518
-4.490293
-4.569982
-4.573307
-4.564031
-4.572621
-4.565686
-4.570689
-4.558686
-4.574987
-4.550605
-4.571796
-4.549030
-4.569897
-4.538791
-4.576694
-4.532602
-4.573069
-4.537334
-4.577880
-4.527607
-4.591723
-4.524165
-4.587206
-4.519945
-4.589166
-4.512838
-4.583596
-4.511253
-4.577508
-4.500878
-4.579587
-4.492104
-4.572668
-4.493232
-4.571996
-4.481949
-4.584808
-4.558510
-4.551816
-4.564743
-4.545254
-4.564467
-4.545421
-4.563159
-4.538633
-4.570096
-4.532499
-4.568988
-4.536058
-4.571664
-4.529353
-4.586091
-4.530807
-4.585462
-4.505731
-4.583071
-4.507137
-4.578342
-4.501343
-4.581119
-4.493907
-4.576649
-4.495337
-4.574350
-4.487722
-4.583865
-4.485515
-4.581910
-4.556769
-4.541184
-4.555805
-4.537034
-4.563086
-4.531333
-4.564641
-4.535172
-4.566524
-4.531410
-4.579334
-4.530890
-4.582029
-4.544140
-4.578643
-4.499496
-4.582711
-4.493798
-4.581083
-4.496411
-4.577726
-4.492010
-4.585496
-4.488764
-4.585458
-4.498864
-4.589501
-4.557598
-4.531067
-4.560944
-4.534467
-4.562136
-4.533513
-4.574560
-4.532148
-4.579866
-4.543454
-4.586586
-4.546721
-4.586604
-4.497121
-4.583783
-4.496414
-4.590427
-4.492444
-4.591519
-4.500981
-4.593267
-4.503100
-4.609572
-4.560671
-4.537477
-4.571248
-4.534651
-4.579123
-4.545176
-4.585120
-4.549962
-4.604296
-4.555661
-4.599095
-4.498178
-4.602654
-4.505770
-4.601204
-4.508769
-4.614373
-4.511612
-4.623181
-4.580848
-4.549579
-4.584617
-4.556052
-4.603714
-4.559833
-4.617525
-4.578072
-4.616507
-4.519376
-4.626300
-4.517949
-4.633170
-4.533178
-4.640560
-4.603326
-4.566978
-4.620159
-4.583983
-4.632476
-4.596588
-4.655713
-4.542433
-4.653283
-4.551508
-4.672599
-4.630604
-4.608435
-4.661049
-4.614640
-4.694466
-4.565163
-4.705815
-4.685033
-4.648941
-4.734073
-4.794942
-4.667846
-4.805018
-4.709865
-4.847444
-4.753182
-4.882396
-4.804197
-4.918511
-4.844595
-4.961744
-4.879607
-4.993850
-4.916814
-5.018412
-4.940987
-5.045431
-4.954661
-5.063335
-4.968930
-5.068432
-4.989684
-5.088660
-5.045604
-4.968712
-4.986475
-4.926153
-4.946725
-4.862282
-4.880974
-4.800101
-4.800791
-4.723012
-4.731744
-4.647169
-4.660860
-4.594636
-4.604645
-4.543941
-4.577458
-4.510572
-4.543688
-4.505633
-4.522790
-4.486375
-4.541022
-4.664876
-4.769786
-4.661646
-4.722002
-4.638508
-4.692202
-4.609226
-4.665476
-4.590983
-4.635426
-4.575901
-4.618850
-4.554368
-4.608852
-4.545874
-4.588105
-4.547362
-4.579640
-4.530926
-4.591302
-4.526224
-4.560626
-4.795511
-4.627277
-4.755629
-4.609599
-4.713543
-4.588322
-4.684830
-4.560024
-4.660726
-4.542442
-4.632657
-4.528994
-4.618809
-4.506736
-4.613126
-4.496868
-4.595098
-4.499516
-4.588616
-4.480503
-4.599915
-4.727270
-4.787519
-4.688078
-4.755398
-4.661875
-4.715496
-4.637485
-4.687182
-4.607089
-4.663277
-4.588947
-4.633405
-4.576310
-4.617139
-4.554438
-4.611212
-4.545185
-4.591816
-4.548471
-4.587073
-4.814477
-4.677979
-4.783644
-4.640587
-4.750387
-4.614315
-4.710838
-4.590130
-4.684078
-4.559401
-4.662936
-4.540915
-4.635596
-4.529871
-4.622235
-4.508387
-4.618544
-4.500357
-4.595373
-4.766209
-4.813783
-4.731570
-4.783654
-4.691470
-4.751460
-4.663223
-4.711974
-4.638184
-4.684510
-4.606419
-4.663394
-4.588171
-4.635229
-4.577508
-4.621599
-4.553595
-4.619347
-4.853360
-4.719823
-4.813469
-4.685432
-4.780808
-4.644934
-4.748551
-4.616225
-4.709795
-4.591568
-4.684921
-4.560568
-4.666573
-4.543159
-4.638586
-4.534352
-4.623927
-4.805846
-4.854173
-4.770423
-4.814417
-4.735002
-4.781990
-4.693318
-4.749711
-4.663896
-4.710839
-4.638783
-4.685329
-4.605766
-4.666945
-4.586715
-4.638683
-4.887679
-4.760780
-4.854723
-4.724580
-4.812327
-4.688646
-4.779214
-4.646916
-4.748471
-4.618147
-4.710514
-4.593883
-4.685922
-4.562049
-4.668341
-4.853789
-4.889709
-4.809305
-4.856910
-4.772732
-4.814385
-4.736686
-4.781382
-4.693315
-4.749480
-4.662294
-4.710834
-4.637197
-4.686233
-4.921800
-4.808808
-4.889374
-4.762633
-4.854352
-4.725942
-4.811281
-4.690091
-4.778503
-4.647240
-4.748308
-4.618224
-4.711120
-4.892217
-4.924210
-4.855857
-4.892585
-4.809881
-4.857893
-4.772213
-4.812836
-4.734052
-4.779301
-4.690314
-4.749072
-4.962103
-4.845921
-4.921452
-4.807982
-4.888404
-4.761167
-4.852893
-4.724409
-4.809531
-4.688814
-4.778440
-4.925142
-4.964972
-4.892382
-4.925478
-4.854332
-4.891406
-4.805021
-4.854087
-4.767482
-4.810242
-4.990860
-4.876253
-4.959378
-4.841870
-4.917988
-4.803572
-4.885906
-4.757296
-4.851688
-4.961658
-4.994768
-4.922443
-4.963614
-4.887034
-4.919547
-4.846713
-4.886610
-5.011499
-4.909402
-4.985704
-4.867872
-4.954925
-4.836229
-4.915257
-4.987079
-5.016189
-4.956465
-4.989473
-4.911881
-4.955377
-5.035031
-4.930446
-5.003637
-4.900696
-4.983522
-5.002733
-5.041769
-4.979306
-5.004411
-5.051411
-4.939404
-5.031858
-5.024596
-5.059928
-5.040279
-4.794941
-4.667846
-4.805018
-4.709865
-4.847445
-4.753183
-4.882397
-4.804198
-4.918511
-4.844596
-4.961745
-4.879610
-4.993851
-4.916816
-5.018413
-4.940989
-5.045433
-4.954663
-5.063336
-4.968930
-5.068432
-4.989684
-5.088660
-5.015470
-5.037832
-5.037289
-5.028537
-5.036819
-5.031982
-5.036855
-5.036922
-5.046915
-5.038918
-5.058196
-5.049522
-5.065101
-5.058632
-5.078244
-5.060586
-5.087597
-5.065810
-5.087468
-5.065444
-5.094517
-5.035421
-5.058292
-5.000085
-5.057225
-5.004835
-5.054291
-5.008519
-5.059677
-5.008172
-5.066239
-5.015267
-5.068175
-5.020734
-5.076826
-5.018856
-5.082530
-5.019973
-5.079563
-5.014674
-5.078754
-4.994590
-5.071952
-5.056524
-5.044329
-5.049813
-5.046515
-5.053402
-5.044294
-5.060327
-5.050034
-5.063438
-5.056304
-5.074256
-5.056773
-5.083355
-5.062080
-5.084631
-5.062627
-5.088337
-5.052969
-5.085748
-5.044183
-5.066667
-5.020444
-5.070567
-5.016519
-5.075524
-5.019707
-5.074675
-5.023685
-5.080793
-5.020920
-5.085697
-5.022919
-5.083228
-5.020295
-5.083972
-5.007299
-5.078974
-4.993300
-5.063475
-5.063017
-5.052290
-5.067923
-5.054447
-5.066654
-5.058330
-5.073440
-5.056022
-5.080798
-5.059889
-5.081293
-5.060788
-5.086006
-5.052284
-5.085276
-5.044662
-5.074341
-5.028368
-5.086441
-5.025288
-5.082374
-5.028398
-5.086098
-5.023791
-5.089995
-5.024919
-5.086217
-5.023161
-5.087227
-5.011861
-5.083774
-5.001991
-5.070497
-4.983759
-5.057548
-5.068557
-5.062625
-5.074203
-5.056809
-5.079625
-5.058369
-5.077897
-5.058833
-5.082075
-5.050321
-5.082537
-5.044773
-5.072815
-5.032027
-5.064009
-5.008163
-5.091766
-5.023505
-5.093866
-5.024700
-5.088297
-5.023629
-5.088617
-5.012515
-5.085588
-5.004689
-5.072674
-4.990485
-5.061994
-4.964898
-5.042466
-5.074988
-5.056568
-5.072064
-5.055299
-5.075251
-5.045603
-5.076298
-5.040937
-5.067088
-5.030936
-5.060633
-5.009399
-5.045867
-4.989750
-5.087165
-5.017497
-5.086853
-5.007558
-5.084119
-5.001403
-5.070726
-4.989878
-5.061074
-4.966617
-5.044888
-4.945852
-5.016464
-5.062926
-5.036954
-5.063717
-5.031644
-5.054872
-5.023474
-5.050537
-5.003867
-5.039665
-4.987233
-5.015630
-4.962630
-5.075795
-4.988894
-5.063652
-4.980768
-5.055092
-4.959521
-5.040958
-4.941690
-5.014679
-4.917052
-4.991806
-5.034554
-5.008268
-5.030925
-4.989633
-5.024226
-4.976198
-5.004323
-4.956269
-4.987006
-4.922741
-5.040344
-4.942359
-5.030855
-4.928233
-5.006208
-4.907788
-4.986019
-4.874282
-4.959989
-4.996903
-4.954980
-4.980618
-4.940469
-4.969764
-4.912017
-4.951428
-4.886621
-4.989697
-4.889472
-4.974246
-4.859825
-4.952001
-4.835065
-4.916917
-4.936303
-4.889637
-4.928734
-4.872662
-4.904130
-4.847078
-4.939664
-4.817137
-4.907682
-4.792787
-4.882473
-4.869538
-4.831701
-4.864674
-4.797824
-4.876469
-4.737875
-4.853021
-4.821446
-4.762474
-4.812905
-4.689351
-4.603760
-4.628878
-4.571609
-4.596632
-4.531056
-4.570398
-4.512684
-4.544210
-4.501125
-4.537832
-4.493694
-4.536631
-4.502140
-4.539477
-4.511342
-4.555938
-4.519769
-4.569071
-4.540675
-4.572958
-4.566889
-4.613846
-4.631733
-4.597908
-4.619186
-4.572436
-4.633484
-4.574374
-4.623975
-4.576358
-4.616319
-4.564437
-4.611737
-4.550648
-4.597728
-4.541533
-4.583615
-4.523573
-4.578406
-4.505943
-4.565748
-4.498149
-4.554954
-4.481770
-4.572215
-4.734072
-4.648941
-4.705814
-4.614639
-4.672599
-4.596588
-4.640559
-4.578071
-4.623180
-4.555661
-4.609571
-4.546720
-4.589501
-4.544140
-4.581910
-4.530807
-4.584807
-4.527607
-4.569982
-4.543217
-4.565183
-4.508437
-4.685032
-4.565163
-4.661048
-4.551508
-4.632475
-4.533177
-4.617524
-4.511611
-4.604295
-4.503100
-4.586586
-4.498863
-4.582029
-4.485515
-4.586092
-4.481950
-4.577880
-4.490294
-4.577884
-4.476217
-4.603567
-4.694465
-4.608434
-4.653282
-4.583982
-4.633169
-4.559833
-4.614373
-4.549960
-4.593266
-4.543453
-4.585458
-4.530889
-4.583864
-4.529352
-4.571996
-4.537334
-4.567519
-4.532048
-4.575459
-4.532897
-4.630604
-4.542432
-4.620159
-4.517949
-4.603713
-4.508769
-4.585120
-4.500981
-4.579865
-4.488763
-4.579333
-4.487721
-4.571664
-4.493230
-4.573068
-4.487563
-4.583852
-4.487403
-4.581051
-4.655712
-4.566978
-4.626299
-4.556051
-4.601203
-4.545175
-4.591519
-4.532147
-4.585495
-4.531409
-4.574349
-4.536058
-4.572668
-4.532601
-4.577086
-4.536748
-4.569675
-4.548908
-4.603325
-4.519375
-4.584616
-4.505769
-4.579122
-4.492443
-4.574559
-4.492009
-4.566524
-4.495337
-4.568988
-4.492104
-4.576694
-4.496820
-4.575517
-4.506663
-4.580142
-4.616506
-4.549578
-4.602653
-4.534650
-4.590426
-4.533512
-4.577725
-4.535171
-4.576649
-4.532499
-4.579587
-4.538790
-4.574637
-4.549611
-4.575846
-4.552215
-4.580847
-4.498178
-4.571247
-4.496413
-4.562135
-4.496410
-4.564640
-4.493906
-4.570094
-4.500878
-4.569897
-4.511510
-4.577210
-4.514211
-4.586067
-4.599094
-4.537476
-4.583782
-4.534466
-4.581082
-4.531333
-4.581119
-4.538633
-4.577508
-4.549030
-4.581600
-4.552866
-4.587201
-4.564456
-4.560671
-4.497121
-4.560943
-4.493797
-4.563084
-4.501343
-4.563158
-4.511253
-4.571795
-4.516181
-4.582722
-4.528805
-4.585390
-4.586603
-4.531067
-4.582710
-4.537033
-4.578341
-4.545420
-4.583595
-4.550604
-4.590903
-4.563496
-4.590753
-4.577732
-4.557597
-4.499495
-4.555805
-4.507137
-4.564467
-4.512839
-4.574987
-4.526702
-4.580224
-4.542965
-4.592931
-4.578642
-4.541183
-4.583071
-4.545253
-4.589165
-4.558685
-4.591733
-4.574536
-4.601085
-4.582549
-4.556769
-4.505731
-4.564743
-4.519945
-4.570689
-4.536019
-4.584037
-4.546541
-4.600751
-4.585461
-4.551816
-4.587207
-4.565686
-4.597810
-4.576092
-4.611526
-4.592622
-4.558510
-4.524165
-4.572620
-4.535239
-4.588649
-4.553121
-4.598388
-4.591723
-4.564031
-4.603295
-4.581534
-4.610812
-4.603608
-4.573307
-4.538531
-4.583149
-4.560297
-4.599197
-4.598080
-4.588355
-4.613382
-4.600870
-4.584277
-4.549775
-4.606751
-4.624415
-4.606093
-4.565163
-4.765218
-4.605401
-4.712228
-4.586375
-4.687235
-4.560972
-4.660528
-4.545190
-4.631543
-4.529812
-4.616642
-4.508481
-4.607261
-4.499698
-4.590283
-4.498365
-4.586009
-4.481687
-4.595807
-4.473418
-4.579504
-4.498330
-4.596782
-5.040280
-5.059928
-5.031859
-5.004411
-4.983523
-4.955378
-4.915258
-4.886611
-4.851689
-4.810243
-4.778441
-4.749073
-4.711121
-4.686234
-4.668342
-4.638684
-4.623928
-4.619348
-4.595373
-4.587073
-4.599915
-4.560626
-5.024596
-4.939405
-4.979306
-4.900697
-4.911883
-4.836230
-4.846715
-4.757297
-4.767483
-4.688816
-4.690316
-4.618226
-4.637199
-4.562050
-4.586716
-4.534353
-4.553596
-4.500358
-4.548471
-4.480503
-4.526224
-5.051411
-5.041770
-5.003639
-4.989475
-4.954927
-4.919549
-4.885909
-4.854090
-4.809533
-4.779303
-4.748311
-4.710836
-4.685924
-4.666947
-4.638587
-4.621600
-4.618544
-4.591817
-4.588617
-4.591302
-5.002734
-4.930447
-4.956467
-4.867874
-4.887037
-4.803574
-4.805023
-4.724412
-4.734055
-4.647243
-4.662297
-4.593885
-4.605768
-4.543160
-4.577509
-4.508388
-4.545186
-4.499516
-4.530926
-5.035033
-5.016191
-4.985706
-4.963616
-4.917990
-4.891409
-4.852896
-4.812839
-4.778505
-4.749483
-4.710517
-4.685331
-4.666575
-4.635231
-4.622236
-4.611213
-4.595099
-4.579641
-4.987080
-4.909404
-4.922445
-4.841872
-4.854334
-4.761170
-4.772216
-4.690094
-4.693318
-4.618150
-4.638785
-4.560570
-4.588173
-4.529873
-4.554439
-4.496870
-4.547362
-5.011501
-4.994770
-4.959380
-4.925480
-4.888407
-4.857896
-4.811284
-4.781385
-4.748473
-4.710842
-4.684924
-4.663396
-4.635598
-4.617141
-4.613127
-4.588105
-4.961660
-4.876256
-4.892385
-4.807985
-4.809884
-4.725945
-4.736689
-4.646919
-4.663899
-4.591572
-4.606422
-4.540918
-4.576312
-4.506737
-4.545873
-4.990862
-4.964975
-4.921455
-4.892589
-4.854355
-4.814389
-4.779217
-4.749715
-4.709798
-4.684512
-4.662938
-4.633406
-4.618809
-4.608852
-4.925144
-4.845923
-4.855859
-4.762635
-4.772734
-4.688648
-4.693321
-4.616227
-4.638185
-4.559402
-4.588947
-4.528994
-4.554368
-4.962105
-4.924211
-4.889376
-4.856912
-4.812329
-4.781992
-4.748552
-4.711975
-4.684079
-4.663278
-4.632658
-4.618851
-4.892219
-4.808810
-4.809307
-4.724582
-4.735004
-4.644936
-4.663224
-4.590132
-4.607091
-4.542443
-4.575901
-4.921802
-4.889712
-4.854725
-4.814419
-4.780810
-4.751462
-4.710839
-4.687183
-4.660727
-4.635426
-4.853790
-4.760781
-4.770424
-4.685433
-4.691470
-4.614315
-4.637485
-4.560024
-4.590983
-4.887679
-4.854173
-4.813469
-4.783655
-4.750388
-4.715497
-4.684830
-4.665476
-4.805847
-4.719824
-4.731571
-4.640588
-4.661875
-4.588322
-4.609226
-4.853360
-4.813783
-4.783645
-4.755398
-4.713543
-4.692202
-4.766209
-4.677979
-4.688078
-4.609599
-4.638508
-4.814477
-4.787519
-4.755629
-4.722002
-4.727270
-4.627278
-4.661646
-4.795511
-4.769786
-4.664876
-5.046928
-5.004751
-5.029712
-4.988974
-5.037150
-4.987546
-5.040415
-4.994514
-5.041397
-5.002048
-5.051263
-5.005389
-5.061114
-5.014693
-5.066033
-5.020494
-5.074970
-5.017512
-5.078646
-5.015150
-5.067760
-5.011766
-5.074172
-5.000080
-5.021030
-5.019380
-5.012865
-5.016647
-5.018288
-5.014636
-5.026209
-5.023163
-5.032469
-5.033993
-5.047754
-5.041722
-5.062476
-5.055390
-5.071862
-5.065215
-5.084834
-5.065939
-5.093237
-5.072175
-5.074527
-5.020697
-4.971691
-5.018543
-4.973448
-5.014734
-4.977658
-5.020819
-4.979857
-5.029953
-4.990742
-5.036740
-5.001653
-5.050890
-5.007719
-5.062526
-5.017434
-5.067136
-5.021062
-5.073573
-5.012517
-5.072175
-5.013697
-4.993951
-4.999192
-4.998316
-4.998457
-4.999422
-5.004486
-5.010802
-5.010572
-5.025461
-5.026286
-5.038191
-5.041816
-5.057442
-5.052582
-5.073176
-5.066324
-5.082024
-5.073573
-5.093238
-4.994180
-4.964396
-4.993402
-4.957882
-4.999164
-4.962988
-5.002664
-4.972442
-5.015963
-4.980624
-5.030474
-4.996012
-5.041733
-5.008402
-5.057226
-5.014397
-5.066324
-5.021062
-5.065939
-4.986331
-4.974920
-4.985828
-4.978113
-4.982471
-4.988012
-4.992433
-4.997714
-5.006657
-5.017505
-5.020566
-5.037365
-5.041068
-5.053597
-5.057226
-5.073176
-5.067136
-5.084834
-4.982368
-4.944155
-4.974800
-4.948147
-4.981609
-4.950443
-4.993367
-4.964425
-5.004859
-4.979299
-5.024372
-4.991830
-5.041068
-5.008402
-5.052581
-5.017434
-5.065215
-4.967244
-4.964986
-4.968301
-4.963560
-4.975318
-4.976958
-4.983807
-4.994519
-5.004120
-5.012437
-5.024372
-5.037365
-5.041733
-5.057442
-5.062525
-5.071863
-4.964103
-4.930183
-4.966640
-4.937041
-4.969690
-4.947604
-4.986366
-4.959332
-5.004120
-4.979299
-5.020566
-4.996012
-5.041815
-5.007719
-5.055389
-4.959874
-4.952684
-4.957373
-4.960467
-4.970108
-4.970935
-4.986366
-4.994519
-5.004859
-5.017505
-5.030474
-5.038191
-5.050889
-5.062476
-4.951563
-4.927297
-4.959449
-4.930911
-4.970108
-4.947604
-4.983807
-4.964425
-5.006657
-4.980624
-5.026285
-5.001653
-5.041721
-4.952811
-4.945583
-4.959449
-4.960467
-4.969690
-4.976958
-4.993368
-4.997714
-5.015963
-5.025461
-5.036740
-5.047754
-4.952811
-4.927296
-4.957373
-4.937041
-4.975318
-4.950442
-4.992433
-4.972442
-5.010572
-4.990742
-5.033993
-4.951563
-4.952684
-4.966640
-4.963560
-4.981609
-4.988012
-5.002665
-5.010801
-5.029953
-5.032469
-4.959873
-4.930183
-4.968301
-4.948147
-4.982471
-4.962988
-5.004486
-4.979857
-5.023163
-4.964103
-4.964986
-4.974800
-4.978112
-4.999164
-4.999422
-5.020819
-5.026209
-4.967245
-4.944155
-4.985827
-4.957882
-4.998457
-4.977657
-5.014636
-4.982368
-4.974920
-4.993402
-4.998316
-5.014734
-5.018288
-4.986331
-4.964396
-4.999191
-4.973448
-5.016646
-4.994180
-4.993951
-5.018543
-5.012865
-5.013697
-4.971691
-5.019380
-5.020697
-5.021030
-5.000079
-5.028787
-4.998715
-4.990161
-4.963439
-4.987109
-4.945827
-4.965851
-4.937931
-4.950613
-4.926109
-4.946924
-4.918983
-4.946924
-4.926109
-4.950614
-4.937931
-4.965850
-4.945827
-4.987109
-4.963439
-4.990161
-4.998716
-5.028787
-5.046925
-5.004724
-5.029669
-4.988928
-5.037219
-4.987268
-5.040574
-4.994321
-5.041331
-5.001852
-5.051469
-5.004764
-5.061433
-5.014314
-5.065943
-5.020100
-5.075350
-5.016474
-5.079139
-5.014525
-5.067677
-5.011018
-5.074813
-5.000104
-5.021035
-5.019476
-5.012769
-5.016819
-5.018313
-5.014645
-5.026309
-5.023391
-5.032301
-5.034319
-5.047878
-5.041703
-5.062689
-5.055772
-5.071631
-5.065695
-5.085098
-5.065900
-5.093577
-5.072765
-5.074278
-5.020700
-4.971601
-5.018606
-4.973360
-5.014694
-4.977548
-5.020947
-4.979454
-5.030170
-4.990483
-5.036681
-5.001373
-5.051177
-5.006951
-5.062910
-5.016974
-5.067077
-5.020532
-5.074085
-5.011278
-5.072765
-5.013741
-4.993956
-4.999202
-4.998357
-4.998590
-4.999311
-5.004697
-5.010869
-5.010567
-5.025593
-5.026565
-5.038002
-5.042177
-5.057614
-5.052556
-5.073404
-5.066784
-5.081760
-5.074085
-5.093577
-4.994166
-4.964359
-4.993457
-4.957684
-4.999284
-4.962838
-5.002630
-4.972262
-5.016160
-4.980095
-5.030752
-4.995688
-5.041693
-5.008024
-5.057617
-5.013474
-5.066784
-5.020532
-5.065901
-4.986363
-4.974882
-4.985920
-4.978141
-4.982472
-4.988082
-4.992613
-4.997581
-5.006906
-5.017611
-5.020550
-5.037514
-5.041408
-5.053378
-5.057617
-5.073404
-5.067078
-5.085098
-4.982388
-4.944105
-4.974786
-4.948057
-4.981720
-4.950131
-4.993543
-4.964217
-5.004834
-4.979044
-5.024652
-4.991173
-5.041408
-5.008024
-5.052555
-5.016974
-5.065695
-4.967249
-4.965008
-4.968379
-4.963491
-4.975456
-4.977016
-4.983799
-4.994609
-5.004351
-5.012273
-5.024652
-5.037515
-5.041693
-5.057614
-5.062909
-5.071632
-4.964123
-4.930079
-4.966715
-4.936937
-4.969678
-4.947454
-4.986542
-4.958908
-5.004351
-4.979044
-5.020550
-4.995688
-5.042177
-5.006951
-5.055771
-4.959903
-4.952702
-4.957371
-4.960509
-4.970237
-4.970834
-4.986542
-4.994609
-5.004834
-5.017611
-5.030752
-5.038002
-5.051176
-5.062689
-4.951560
-4.927246
-4.959525
-4.930700
-4.970237
-4.947454
-4.983799
-4.964217
-5.006906
-4.980096
-5.026565
-5.001373
-5.041703
-4.952837
-4.945549
-4.959525
-4.960509
-4.969678
-4.977016
-4.993543
-4.997581
-5.016161
-5.025593
-5.036681
-5.047878
-4.952837
-4.927247
-4.957371
-4.936937
-4.975456
-4.950131
-4.992613
-4.972262
-5.010567
-4.990483
-5.034319
-4.951560
-4.952702
-4.966715
-4.963491
-4.981720
-4.988082
-5.002629
-5.010869
-5.030170
-5.032301
-4.959903
-4.930080
-4.968379
-4.948057
-4.982473
-4.962838
-5.004697
-4.979454
-5.023391
-4.964123
-4.965008
-4.974786
-4.978142
-4.999284
-4.999311
-5.020948
-5.026309
-4.967249
-4.944104
-4.985920
-4.957684
-4.998589
-4.977548
-5.014645
-4.982388
-4.974882
-4.993457
-4.998357
-5.014694
-5.018314
-4.986364
-4.964359
-4.999202
-4.973360
-5.016819
-4.994166
-4.993956
-5.018606
-5.012770
-5.013741
-4.971602
-5.019476
-5.020700
-5.021035
-5.000104
-4.613696
-4.605907
-4.613172
-4.618459
-4.645179
-4.637671
-4.669698
-4.659928
-4.683790
-4.675522
-4.695846
-4.678654
-4.695846
-4.675522
-4.683790
-4.659929
-4.669697
-4.637671
-4.645179
-4.618459
-4.613172
-4.605907
-4.613696
-4.631771
-4.597840
-4.619386
-4.572485
-4.633174
-4.575059
-4.623669
-4.576328
-4.616847
-4.564568
-4.611075
-4.552074
-4.597090
-4.541632
-4.584383
-4.523881
-4.577429
-4.508060
-4.564808
-4.498553
-4.555755
-4.482505
-4.570948
-4.602291
-4.608554
-4.634640
-4.615131
-4.620312
-4.622784
-4.615290
-4.615629
-4.610758
-4.609288
-4.596968
-4.604931
-4.583751
-4.594308
-4.575144
-4.585905
-4.561290
-4.586723
-4.549078
-4.586631
-4.550814
-4.584515
-4.645006
-4.598707
-4.638659
-4.606667
-4.641516
-4.597970
-4.640680
-4.590616
-4.627823
-4.582046
-4.614074
-4.564280
-4.602732
-4.545621
-4.585903
-4.532124
-4.569595
-4.514575
-4.561758
-4.493499
-4.550814
-4.646200
-4.634057
-4.647397
-4.634453
-4.645271
-4.635773
-4.633173
-4.633489
-4.621058
-4.621565
-4.610244
-4.608982
-4.593749
-4.601369
-4.577409
-4.591364
-4.569034
-4.582819
-4.561758
-4.586631
-4.652734
-4.624549
-4.660083
-4.626252
-4.655781
-4.622182
-4.648477
-4.607604
-4.638276
-4.589925
-4.619838
-4.573463
-4.599579
-4.552501
-4.584944
-4.529996
-4.569034
-4.514575
-4.549079
-4.665780
-4.653196
-4.665149
-4.657488
-4.659777
-4.651606
-4.650589
-4.641362
-4.633521
-4.630637
-4.614601
-4.615513
-4.600097
-4.599582
-4.584944
-4.591364
-4.569594
-4.586723
-4.673197
-4.648416
-4.674823
-4.645484
-4.671477
-4.634929
-4.658155
-4.620302
-4.639359
-4.598217
-4.621011
-4.572888
-4.600097
-4.552501
-4.577409
-4.532124
-4.561289
-4.680471
-4.674150
-4.682911
-4.671516
-4.673739
-4.664250
-4.657609
-4.649215
-4.640675
-4.630413
-4.621011
-4.615513
-4.599580
-4.601369
-4.585903
-4.585906
-4.690929
-4.663019
-4.688822
-4.659901
-4.677999
-4.644784
-4.662504
-4.621810
-4.640675
-4.598217
-4.614601
-4.573463
-4.593749
-4.545621
-4.575144
-4.695558
-4.688712
-4.690748
-4.681749
-4.681050
-4.666266
-4.662503
-4.649215
-4.639359
-4.630637
-4.619838
-4.608982
-4.602733
-4.594308
-4.698967
-4.674699
-4.695380
-4.662307
-4.681050
-4.644784
-4.657609
-4.620301
-4.633521
-4.589925
-4.610245
-4.564280
-4.583752
-4.703440
-4.691525
-4.695380
-4.681750
-4.677998
-4.664250
-4.658155
-4.641362
-4.638276
-4.621565
-4.614075
-4.604930
-4.703440
-4.674699
-4.690748
-4.659901
-4.673738
-4.634929
-4.650589
-4.607604
-4.621058
-4.582045
-4.596969
-4.698967
-4.688712
-4.688823
-4.671516
-4.671476
-4.651606
-4.648477
-4.633490
-4.627823
-4.609288
-4.695558
-4.663019
-4.682910
-4.645483
-4.659778
-4.622182
-4.633173
-4.590616
-4.610758
-4.690930
-4.674151
-4.674823
-4.657488
-4.655781
-4.635773
-4.640680
-4.615628
-4.680471
-4.648415
-4.665149
-4.626253
-4.645271
-4.597970
-4.615290
-4.673197
-4.653196
-4.660083
-4.634453
-4.641517
-4.622784
-4.665780
-4.624550
-4.647397
-4.606668
-4.620312
-4.652734
-4.634057
-4.638659
-4.615131
-4.646200
-4.598707
-4.634640
-4.645006
-4.608554
-4.602291
-4.631733
-4.597908
-4.619186
-4.572436
-4.633484
-4.574374
-4.623975
-4.576359
-4.616319
-4.564437
-4.611738
-4.550648
-4.597729
-4.541533
-4.583615
-4.523574
-4.578406
-4.505943
-4.565748
-4.498149
-4.554954
-4.481770
-4.572215
-4.602289
-4.608569
-4.634892
-4.614812
-4.620582
-4.623076
-4.614912
-4.615910
-4.611358
-4.608579
-4.597568
-4.605506
-4.583082
-4.594856
-4.576066
-4.584910
-4.562208
-4.587520
-4.548297
-4.587397
-4.552018
-4.583442
-4.645046
-4.598487
-4.638773
-4.606710
-4.641195
-4.597913
-4.641120
-4.589637
-4.628290
-4.582021
-4.613444
-4.564117
-4.603522
-4.543901
-4.586720
-4.531895
-4.568804
-4.514169
-4.562860
-4.491067
-4.552018
-4.646273
-4.634147
-4.647242
-4.634581
-4.645630
-4.635302
-4.633577
-4.633875
-4.620551
-4.621964
-4.610955
-4.608128
-4.594502
-4.601997
-4.576672
-4.592010
-4.570049
-4.581717
-4.562860
-4.587397
-4.652656
-4.624536
-4.660270
-4.625758
-4.656044
-4.622193
-4.648042
-4.607529
-4.638846
-4.588659
-4.620473
-4.573357
-4.598882
-4.552287
-4.585852
-4.527998
-4.570049
-4.514169
-4.548297
-4.665862
-4.653030
-4.665333
-4.657678
-4.659484
-4.651843
-4.651062
-4.640737
-4.634068
-4.631092
-4.613989
-4.616016
-4.600902
-4.598605
-4.585852
-4.592011
-4.568803
-4.587520
-4.673244
-4.648422
-4.674626
-4.645457
-4.671802
-4.634156
-4.658573
-4.620267
-4.638826
-4.598121
-4.621700
-4.571354
-4.600903
-4.552287
-4.576672
-4.531895
-4.562208
-4.680416
-4.674230
-4.683121
-4.671184
-4.674055
-4.664525
-4.657190
-4.649557
-4.641251
-4.629644
-4.621700
-4.616016
-4.598883
-4.601997
-4.586720
-4.584911
-4.690992
-4.662757
-4.689006
-4.659895
-4.677684
-4.644748
-4.662955
-4.620769
-4.641251
-4.598120
-4.613990
-4.573357
-4.594503
-4.543901
-4.576066
-4.695625
-4.688805
-4.690562
-4.681923
-4.681379
-4.665773
-4.662955
-4.649557
-4.638826
-4.631092
-4.620473
-4.608128
-4.603523
-4.594856
-4.698901
-4.674691
-4.695579
-4.661778
-4.681379
-4.644748
-4.657190
-4.620267
-4.634068
-4.588659
-4.610956
-4.564116
-4.583082
-4.703508
-4.691354
-4.695579
-4.681923
-4.677685
-4.664525
-4.658573
-4.640737
-4.638846
-4.621964
-4.613444
-4.605506
-4.703508
-4.674691
-4.690561
-4.659895
-4.674055
-4.634156
-4.651062
-4.607529
-4.620551
-4.582021
-4.597569
-4.698901
-4.688805
-4.689006
-4.671184
-4.671802
-4.651843
-4.648042
-4.633875
-4.628290
-4.608578
-4.695625
-4.662757
-4.683121
-4.645457
-4.659484
-4.622193
-4.633578
-4.589637
-4.611359
-4.690991
-4.674230
-4.674626
-4.657678
-4.656044
-4.635303
-4.641120
-4.615910
-4.680416
-4.648423
-4.665334
-4.625758
-4.645630
-4.597913
-4.614912
-4.673244
-4.653030
-4.660270
-4.634582
-4.641195
-4.623077
-4.665863
-4.624536
-4.647243
-4.606710
-4.620583
-4.652656
-4.634148
-4.638773
-4.614812
-4.646273
-4.598487
-4.634893
-4.645046
-4.608569
-4.602289

