Tension at each vertex
-4.421352
-4.421353
-4.419515
-4.419515
-4.818008
-4.371450
-4.818008
-4.371451
-4.766983
-4.764746
-4.264044
-4.257813
-4.516283
-4.521045
-4.562606
-4.581193
-4.633276
-4.641726
-4.702395
-4.711063
-4.761641
-4.770869
-4.816384
-4.811956
-4.854272
-4.841965
-4.871758
-4.857165
-4.880230
-4.857151
-4.881897
-4.853135
-4.866556
-4.862764
-4.875325
-4.540063
-4.661261
-4.616139
-4.701754
-4.682814
-4.762358
-4.740736
-4.821267
-4.800349
-4.865948
-4.846242
-4.902651
-4.871946
-4.922831
-4.887560
-4.925140
-4.891991
-4.920884
-4.884378
-4.913272
-4.881435
-4.870236
-4.527267
-4.519751
-4.589648
-4.585664
-4.647796
-4.656966
-4.716149
-4.719162
-4.778727
-4.777956
-4.824332
-4.820754
-4.859393
-4.843615
-4.878645
-4.856417
-4.882981
-4.860273
-4.882958
-4.852731
-4.881577
-4.560512
-4.650032
-4.615665
-4.711629
-4.680861
-4.767763
-4.746806
-4.827021
-4.799966
-4.875177
-4.844672
-4.904402
-4.872723
-4.922924
-4.883585
-4.927752
-4.886462
-4.921561
-4.882805
-4.913230
-4.542044
-4.528427
-4.594886
-4.592004
-4.662694
-4.662694
-4.725805
-4.730033
-4.787742
-4.782335
-4.835154
-4.823160
-4.863352
-4.847462
-4.881041
-4.857060
-4.886661
-4.860280
-4.884545
-4.544527
-4.656500
-4.615745
-4.712657
-4.679580
-4.775468
-4.745834
-4.830016
-4.802642
-4.877838
-4.841561
-4.908615
-4.868604
-4.922802
-4.880885
-4.927685
-4.882809
-4.920873
-4.550308
-4.525167
-4.604032
-4.597766
-4.669193
-4.665756
-4.736341
-4.733358
-4.793284
-4.787972
-4.840094
-4.823223
-4.868827
-4.847455
-4.883776
-4.856547
-4.892043
-4.547338
-4.658737
-4.610535
-4.714868
-4.680254
-4.777389
-4.742809
-4.834406
-4.799573
-4.877424
-4.839945
-4.908531
-4.863171
-4.922926
-4.878321
-4.925182
-4.545484
-4.529461
-4.610195
-4.598442
-4.673830
-4.669612
-4.741230
-4.733148
-4.799790
-4.787962
-4.841756
-4.823313
-4.872758
-4.843874
-4.887669
-4.550423
-4.654436
-4.610006
-4.717738
-4.678051
-4.777339
-4.741104
-4.834314
-4.793112
-4.877842
-4.834799
-4.904460
-4.859127
-4.922670
-4.545966
-4.534189
-4.611025
-4.598747
-4.678205
-4.669609
-4.742979
-4.733527
-4.802646
-4.782636
-4.844777
-4.820880
-4.872163
-4.548570
-4.653070
-4.610925
-4.717669
-4.673705
-4.777389
-4.735984
-4.830088
-4.787461
-4.874998
-4.824171
-4.902575
-4.548632
-4.534213
-4.610125
-4.598593
-4.680198
-4.666101
-4.745894
-4.730178
-4.800185
-4.778265
-4.846142
-4.545900
-4.654425
-4.609887
-4.714997
-4.668903
-4.775283
-4.725653
-4.826936
-4.778219
-4.866076
-4.550306
-4.529847
-4.610472
-4.597929
-4.679777
-4.663032
-4.746650
-4.719789
-4.800328
-4.545181
-4.658614
-4.603952
-4.712571
-4.662153
-4.767927
-4.715707
-4.820977
-4.547463
-4.525472
-4.615490
-4.592739
-4.680770
-4.657264
-4.740996
-4.549825
-4.656790
-4.594406
-4.711330
-4.647664
-4.762183
-4.544211
-4.528766
-4.615912
-4.586203
-4.682494
-4.542035
-4.649838
-4.588890
-4.702015
-4.560029
-4.520933
-4.615904
-4.526598
-4.660789
-4.540331
-4.622423
-4.482182
-4.604921
-4.454719
-4.611266
-4.466886
-4.598382
-4.474062
-4.596426
-4.472140
-4.597658
-4.471480
-4.597685
-4.472022
-4.596232
-4.473851
-4.598480
-4.466066
-4.611454
-4.454252
-4.604476
-4.481607
-4.622765
-4.476559
-4.429744
-4.426108
-4.393354
-4.399910
-4.356301
-4.375530
-4.338976
-4.353205
-4.327248
-4.348761
-4.319506
-4.349682
-4.326226
-4.353477
-4.336755
-4.367564
-4.347295
-4.382972
-4.364883
-4.390211
-4.394318
-4.426853
-4.490140
-4.567067
-4.469425
-4.509706
-4.438471
-4.473755
-4.404228
-4.446316
-4.384876
-4.423187
-4.372787
-4.413849
-4.364933
-4.411253
-4.367789
-4.411739
-4.375602
-4.419769
-4.382216
-4.431836
-4.401145
-4.416364
-4.479586
-4.420167
-4.440966
-4.385213
-4.399152
-4.359438
-4.374111
-4.335653
-4.358681
-4.326632
-4.348873
-4.325231
-4.351158
-4.327292
-4.358623
-4.338417
-4.367673
-4.352928
-4.383175
-4.362232
-4.401151
-4.507804
-4.549638
-4.461222
-4.509586
-4.425715
-4.468451
-4.398948
-4.441898
-4.375722
-4.424295
-4.365998
-4.412403
-4.363120
-4.411237
-4.363207
-4.414753
-4.371848
-4.419232
-4.383910
-4.431624
-4.491505
-4.424379
-4.439700
-4.384412
-4.405450
-4.356408
-4.375313
-4.337738
-4.360211
-4.324872
-4.354254
-4.325263
-4.353336
-4.330625
-4.360969
-4.338249
-4.371887
-4.352593
-4.381708
-4.490820
-4.552562
-4.456747
-4.504711
-4.418611
-4.469386
-4.391823
-4.439111
-4.372588
-4.422464
-4.359301
-4.414430
-4.358632
-4.410431
-4.361513
-4.414588
-4.367843
-4.420154
-4.497382
-4.418612
-4.444953
-4.385590
-4.406976
-4.354814
-4.380973
-4.337118
-4.362097
-4.327274
-4.356980
-4.323851
-4.358716
-4.330346
-4.362856
-4.338488
-4.375546
-4.493118
-4.551900
-4.448752
-4.503061
-4.415454
-4.467699
-4.386021
-4.441028
-4.367935
-4.420520
-4.357351
-4.414306
-4.353430
-4.411555
-4.359083
-4.411152
-4.491229
-4.420793
-4.447554
-4.382878
-4.408054
-4.355757
-4.383862
-4.335529
-4.368041
-4.327057
-4.359091
-4.325294
-4.363124
-4.326376
-4.368342
-4.495058
-4.545495
-4.445945
-4.502979
-4.411338
-4.465993
-4.384071
-4.440950
-4.362136
-4.422707
-4.354570
-4.411954
-4.352069
-4.411309
-4.490729
-4.423636
-4.446489
-4.381479
-4.411442
-4.355611
-4.385928
-4.337106
-4.372655
-4.324139
-4.366491
-4.324771
-4.364422
-4.492919
-4.543211
-4.446549
-4.502954
-4.408041
-4.467849
-4.381196
-4.438777
-4.360877
-4.424319
-4.348775
-4.414343
-4.493014
-4.423561
-4.445942
-4.382810
-4.415602
-4.354239
-4.392236
-4.337340
-4.375413
-4.326485
-4.373127
-4.490665
-4.545555
-4.447719
-4.502807
-4.407411
-4.469418
-4.375247
-4.442248
-4.359265
-4.422488
-4.495295
-4.420337
-4.449098
-4.385289
-4.418467
-4.356203
-4.399286
-4.334423
-4.385627
-4.491460
-4.551963
-4.444877
-4.504916
-4.405914
-4.467932
-4.374995
-4.446462
-4.493107
-4.418351
-4.457146
-4.383423
-4.426322
-4.358896
-4.403852
-4.497749
-4.552161
-4.440293
-4.509733
-4.399047
-4.474203
-4.491337
-4.423950
-4.461054
-4.384829
-4.438965
-4.491379
-4.549904
-4.441601
-4.509118
-4.508415
-4.418851
-4.470140
-4.480234
-4.567356
-4.490024
-4.609518
-4.477739
-4.618479
-4.518242
-4.656510
-4.556140
-4.694601
-4.601204
-4.730700
-4.642594
-4.773670
-4.676808
-4.810280
-4.713599
-4.837117
-4.741732
-4.864661
-4.759188
-4.885568
-4.774193
-4.895245
-4.795790
-4.916604
-4.848433
-4.868953
-4.867055
-4.861607
-4.870409
-4.861869
-4.871704
-4.867753
-4.881187
-4.868277
-4.893068
-4.877627
-4.898951
-4.884471
-4.911512
-4.883420
-4.918823
-4.884099
-4.917834
-4.878151
-4.921248
-4.844142
-4.895899
-4.843976
-4.896911
-4.842954
-4.895405
-4.846528
-4.898306
-4.844443
-4.904764
-4.848989
-4.904482
-4.852062
-4.910699
-4.846945
-4.912440
-4.844300
-4.906225
-4.833946
-4.900619
-4.810234
-4.891788
-4.885135
-4.869651
-4.882396
-4.873443
-4.883993
-4.871852
-4.892484
-4.875612
-4.895551
-4.880973
-4.905857
-4.879256
-4.913726
-4.881717
-4.914118
-4.877277
-4.915841
-4.863357
-4.911550
-4.846124
-4.908120
-4.857612
-4.907856
-4.853838
-4.913527
-4.853202
-4.912309
-4.855570
-4.916243
-4.850102
-4.918589
-4.848782
-4.913195
-4.841177
-4.910408
-4.824188
-4.901409
-4.803653
-4.885592
-4.888423
-4.877171
-4.895695
-4.876168
-4.896110
-4.880029
-4.901720
-4.876818
-4.908619
-4.878655
-4.908522
-4.875962
-4.912356
-4.863983
-4.909605
-4.850606
-4.899387
-4.827665
-4.923337
-4.857319
-4.920057
-4.859761
-4.920996
-4.853829
-4.923510
-4.851732
-4.917844
-4.845787
-4.916219
-4.830335
-4.908631
-4.815122
-4.893833
-4.790346
-4.877697
-4.892986
-4.880767
-4.897339
-4.875010
-4.903263
-4.874343
-4.901592
-4.872413
-4.905195
-4.861531
-4.903999
-4.852296
-4.894672
-4.833463
-4.885225
-4.806581
-4.925134
-4.852384
-4.926438
-4.850755
-4.919915
-4.846944
-4.918004
-4.832576
-4.911643
-4.820244
-4.896833
-4.799171
-4.883861
-4.769979
-4.860633
-4.892351
-4.868943
-4.890583
-4.866023
-4.893181
-4.854530
-4.893112
-4.847247
-4.884464
-4.832422
-4.878448
-4.808239
-4.862140
-4.785024
-4.917044
-4.839293
-4.914820
-4.827741
-4.909665
-4.818271
-4.894795
-4.800810
-4.883387
-4.773477
-4.863375
-4.748382
-4.835198
-4.874498
-4.843001
-4.874588
-4.835382
-4.866277
-4.822940
-4.862760
-4.801447
-4.850978
-4.782611
-4.829710
-4.753250
-4.898921
-4.805409
-4.886306
-4.793021
-4.876724
-4.768640
-4.858905
-4.746842
-4.832678
-4.715743
-4.809949
-4.840251
-4.805569
-4.837119
-4.785005
-4.828913
-4.769823
-4.812264
-4.745823
-4.798365
-4.712730
-4.859851
-4.753297
-4.847619
-4.736708
-4.823454
-4.709530
-4.803355
-4.674124
-4.775037
-4.796866
-4.747535
-4.782375
-4.727648
-4.774704
-4.700352
-4.757481
-4.675824
-4.805580
-4.695580
-4.791391
-4.664621
-4.765614
-4.637112
-4.733704
-4.737486
-4.676808
-4.727740
-4.659963
-4.710784
-4.632474
-4.752776
-4.626887
-4.724253
-4.594889
-4.700032
-4.670876
-4.614031
-4.671260
-4.586170
-4.696060
-4.549670
-4.666823
-4.621675
-4.551976
-4.633463
-4.475757
-4.430396
-4.426197
-4.394060
-4.398881
-4.357870
-4.374776
-4.339256
-4.353398
-4.327852
-4.347598
-4.321034
-4.348927
-4.326321
-4.353623
-4.337240
-4.366399
-4.348405
-4.382345
-4.364776
-4.389966
-4.394695
-4.425959
-4.455909
-4.420292
-4.444025
-4.400297
-4.452390
-4.400562
-4.448647
-4.396867
-4.440141
-4.388585
-4.432072
-4.373753
-4.420616
-4.361466
-4.405758
-4.346258
-4.395762
-4.330709
-4.384442
-4.318834
-4.375411
-4.305943
-4.385533
-4.559613
-4.444604
-4.529532
-4.414825
-4.499903
-4.397577
-4.471320
-4.380178
-4.453907
-4.361795
-4.437710
-4.353864
-4.420422
-4.348454
-4.411538
-4.340870
-4.407739
-4.337844
-4.397738
-4.347793
-4.389224
-4.323522
-4.494735
-4.388939
-4.478541
-4.369759
-4.454194
-4.349695
-4.439991
-4.329072
-4.426706
-4.319703
-4.413181
-4.312451
-4.409368
-4.303833
-4.409542
-4.301072
-4.407169
-4.305363
-4.406208
-4.300311
-4.425166
-4.523505
-4.405218
-4.484388
-4.385855
-4.463264
-4.365851
-4.443780
-4.357054
-4.424516
-4.349495
-4.415456
-4.341530
-4.408714
-4.340883
-4.399788
-4.344998
-4.392748
-4.346681
-4.392655
-4.347695
-4.445718
-4.367079
-4.435828
-4.341402
-4.422124
-4.329294
-4.407372
-4.318710
-4.403274
-4.308872
-4.400663
-4.307805
-4.397546
-4.309605
-4.399059
-4.309916
-4.404990
-4.310556
-4.407555
-4.483396
-4.371294
-4.456860
-4.361443
-4.433109
-4.351668
-4.421955
-4.342518
-4.412077
-4.343050
-4.402631
-4.345291
-4.399189
-4.347179
-4.397231
-4.352033
-4.392342
-4.361103
-4.418049
-4.343860
-4.401772
-4.328749
-4.397372
-4.315924
-4.392666
-4.314461
-4.388772
-4.314220
-4.392212
-4.314535
-4.396562
-4.319517
-4.399968
-4.326060
-4.403998
-4.446769
-4.356238
-4.432874
-4.344271
-4.418807
-4.344218
-4.407071
-4.344549
-4.404442
-4.346362
-4.402208
-4.353935
-4.399319
-4.361931
-4.398348
-4.369389
-4.394963
-4.324572
-4.386038
-4.321387
-4.380430
-4.318380
-4.384494
-4.318053
-4.388034
-4.324627
-4.392164
-4.331236
-4.400093
-4.337582
-4.406037
-4.427658
-4.347472
-4.413888
-4.343863
-4.410008
-4.344179
-4.405778
-4.352657
-4.403983
-4.360734
-4.406813
-4.369117
-4.407400
-4.381158
-4.375771
-4.321573
-4.377188
-4.319755
-4.378524
-4.326654
-4.383201
-4.332586
-4.393095
-4.340215
-4.401244
-4.352219
-4.407884
-4.415723
-4.343590
-4.409225
-4.350003
-4.406488
-4.356052
-4.410440
-4.365727
-4.413085
-4.379778
-4.415190
-4.391444
-4.370666
-4.325582
-4.373274
-4.330015
-4.383436
-4.338615
-4.391837
-4.351608
-4.401606
-4.363337
-4.414716
-4.408283
-4.351641
-4.411244
-4.359568
-4.412759
-4.373481
-4.418154
-4.386769
-4.426351
-4.399580
-4.372455
-4.332723
-4.379401
-4.345977
-4.390941
-4.357654
-4.404886
-4.371420
-4.417900
-4.411188
-4.365300
-4.415624
-4.376327
-4.424180
-4.392439
-4.432639
-4.410222
-4.376547
-4.347079
-4.391140
-4.362554
-4.404135
-4.379099
-4.418875
-4.419157
-4.379748
-4.425537
-4.397121
-4.436913
-4.416144
-4.386846
-4.365420
-4.403079
-4.382362
-4.418877
-4.426516
-4.399166
-4.438691
-4.418853
-4.400935
-4.379357
-4.419368
-4.444912
-4.423104
-4.383860
-4.581333
-4.420553
-4.531950
-4.401220
-4.507048
-4.375843
-4.482096
-4.357997
-4.457139
-4.340402
-4.443600
-4.322147
-4.432329
-4.314041
-4.420253
-4.309431
-4.416051
-4.300309
-4.419893
-4.293061
-4.411575
-4.311849
-4.427254
-4.862608
-4.879802
-4.851535
-4.826045
-4.803886
-4.774621
-4.737230
-4.709473
-4.673377
-4.635251
-4.605734
-4.574428
-4.540389
-4.517687
-4.495766
-4.470984
-4.456423
-4.445490
-4.427360
-4.418260
-4.422056
-4.389530
-4.822081
-4.744809
-4.769274
-4.698808
-4.699318
-4.632743
-4.630234
-4.553161
-4.554555
-4.484163
-4.479474
-4.420200
-4.426827
-4.367590
-4.383874
-4.339728
-4.354216
-4.315736
-4.345745
-4.300799
-4.335433
-4.869264
-4.862697
-4.824839
-4.810229
-4.774553
-4.741506
-4.709211
-4.675607
-4.634477
-4.606351
-4.573186
-4.539930
-4.516449
-4.494386
-4.469924
-4.454070
-4.444276
-4.423631
-4.420239
-4.412003
-4.799850
-4.730534
-4.744944
-4.666042
-4.674301
-4.597914
-4.591886
-4.522139
-4.520499
-4.446917
-4.454880
-4.394289
-4.401120
-4.351401
-4.371938
-4.320918
-4.348708
-4.309336
-4.339898
-4.852878
-4.838331
-4.805487
-4.782813
-4.739782
-4.714076
-4.674359
-4.637193
-4.604991
-4.574174
-4.538505
-4.515844
-4.492858
-4.466864
-4.453670
-4.437296
-4.427407
-4.409233
-4.780246
-4.705974
-4.712118
-4.638232
-4.640054
-4.557487
-4.561436
-4.486330
-4.484329
-4.420577
-4.430278
-4.366122
-4.386810
-4.335270
-4.357380
-4.310755
-4.348490
-4.831211
-4.814560
-4.777225
-4.746081
-4.710459
-4.678223
-4.634866
-4.607101
-4.572108
-4.538713
-4.513932
-4.490365
-4.466083
-4.448656
-4.439436
-4.419436
-4.751532
-4.673073
-4.681488
-4.601525
-4.598410
-4.523618
-4.525149
-4.446836
-4.458317
-4.392551
-4.403967
-4.348925
-4.374181
-4.319030
-4.351564
-4.809797
-4.781344
-4.741107
-4.713229
-4.673992
-4.636924
-4.603943
-4.573210
-4.536392
-4.513823
-4.488826
-4.464478
-4.448792
-4.436011
-4.715453
-4.642180
-4.642754
-4.558633
-4.563635
-4.485313
-4.486419
-4.419112
-4.432508
-4.365676
-4.389820
-4.336122
-4.359398
-4.778371
-4.741212
-4.709748
-4.674821
-4.634228
-4.605925
-4.571020
-4.538818
-4.511440
-4.490437
-4.461309
-4.449927
-4.682122
-4.602927
-4.598716
-4.523054
-4.525140
-4.446092
-4.459403
-4.393141
-4.406781
-4.351854
-4.376682
-4.739563
-4.706647
-4.672654
-4.634433
-4.603814
-4.573779
-4.535789
-4.515401
-4.485108
-4.466055
-4.640778
-4.558522
-4.561744
-4.484129
-4.485543
-4.419282
-4.433690
-4.369086
-4.392983
-4.706342
-4.668236
-4.633726
-4.605108
-4.571331
-4.541207
-4.509291
-4.492569
-4.595152
-4.521556
-4.521590
-4.445361
-4.457962
-4.395787
-4.409801
-4.669400
-4.630692
-4.604661
-4.576057
-4.536238
-4.518498
-4.556726
-4.481524
-4.481556
-4.419109
-4.434854
-4.633433
-4.605993
-4.574548
-4.546308
-4.515332
-4.438740
-4.455194
-4.614349
-4.588615
-4.456797
-4.622424
-4.482183
-4.604922
-4.454720
-4.611267
-4.466888
-4.598383
-4.474064
-4.596427
-4.472141
-4.597659
-4.471481
-4.597685
-4.472022
-4.596233
-4.473852
-4.598480
-4.466067
-4.611455
-4.454253
-4.604476
-4.481607
-4.622765
-4.517310
-4.520205
-4.562727
-4.580720
-4.633884
-4.640729
-4.703091
-4.710586
-4.761778
-4.770613
-4.816775
-4.811409
-4.854731
-4.841692
-4.871915
-4.857048
-4.880476
-4.856925
-4.882167
-4.853035
-4.866698
-4.862735
-4.875456
-4.540332
-4.660790
-4.615905
-4.702016
-4.682495
-4.762184
-4.740997
-4.820978
-4.800329
-4.866076
-4.846142
-4.902575
-4.872163
-4.922670
-4.887670
-4.925182
-4.892043
-4.920874
-4.884545
-4.913230
-4.881577
-4.870235
-4.526599
-4.520934
-4.588891
-4.586204
-4.647665
-4.657265
-4.715707
-4.719790
-4.778219
-4.778266
-4.824172
-4.820880
-4.859127
-4.843875
-4.878321
-4.856546
-4.882809
-4.860280
-4.882805
-4.852730
-4.881434
-4.560029
-4.649839
-4.615913
-4.711331
-4.680771
-4.767928
-4.746651
-4.826937
-4.800185
-4.874999
-4.844777
-4.904459
-4.872758
-4.922925
-4.883776
-4.927685
-4.886660
-4.921560
-4.882957
-4.913271
-4.542036
-4.528767
-4.594407
-4.592740
-4.662153
-4.663032
-4.725653
-4.730178
-4.787461
-4.782636
-4.834800
-4.823313
-4.863170
-4.847455
-4.880885
-4.857060
-4.886463
-4.860273
-4.884377
-4.544212
-4.656791
-4.615491
-4.712572
-4.679778
-4.775284
-4.745894
-4.830089
-4.802646
-4.877843
-4.841756
-4.908531
-4.868827
-4.922801
-4.881040
-4.927752
-4.882980
-4.920884
-4.549826
-4.525473
-4.603953
-4.597930
-4.668903
-4.666102
-4.735984
-4.733528
-4.793112
-4.787962
-4.839945
-4.823223
-4.868604
-4.847461
-4.883586
-4.856417
-4.891991
-4.547464
-4.658615
-4.610473
-4.714997
-4.680198
-4.777389
-4.742979
-4.834314
-4.799790
-4.877424
-4.840095
-4.908615
-4.863352
-4.922925
-4.878645
-4.925139
-4.545182
-4.529848
-4.609887
-4.598594
-4.673705
-4.669609
-4.741104
-4.733148
-4.799573
-4.787972
-4.841561
-4.823161
-4.872723
-4.843615
-4.887559
-4.550306
-4.654425
-4.610125
-4.717669
-4.678205
-4.777339
-4.741230
-4.834405
-4.793284
-4.877838
-4.835154
-4.904403
-4.859393
-4.922832
-4.545900
-4.534213
-4.610925
-4.598747
-4.678050
-4.669612
-4.742808
-4.733358
-4.802641
-4.782335
-4.844673
-4.820755
-4.871947
-4.548632
-4.653070
-4.611025
-4.717738
-4.673829
-4.777388
-4.736339
-4.830014
-4.787741
-4.875177
-4.824332
-4.902652
-4.548570
-4.534190
-4.610006
-4.598442
-4.680253
-4.665755
-4.745832
-4.730031
-4.799965
-4.777956
-4.846243
-4.545966
-4.654436
-4.610195
-4.714868
-4.669192
-4.775466
-4.725801
-4.827017
-4.778725
-4.865949
-4.550423
-4.529461
-4.610535
-4.597766
-4.679580
-4.662691
-4.746800
-4.719156
-4.800346
-4.545483
-4.658737
-4.604033
-4.712658
-4.662694
-4.767760
-4.716142
-4.821261
-4.547338
-4.525168
-4.615746
-4.592005
-4.680861
-4.656964
-4.740730
-4.550308
-4.656501
-4.594887
-4.711631
-4.647797
-4.762356
-4.544527
-4.528428
-4.615666
-4.585666
-4.682815
-4.542044
-4.650033
-4.589649
-4.701756
-4.560512
-4.519752
-4.616140
-4.527268
-4.661262
-4.540063
-4.475758
-4.430397
-4.426198
-4.394062
-4.398882
-4.357871
-4.374777
-4.339257
-4.353399
-4.327853
-4.347598
-4.321035
-4.348927
-4.326321
-4.353623
-4.337240
-4.366399
-4.348406
-4.382345
-4.364776
-4.389966
-4.394695
-4.425958
-4.490024
-4.567355
-4.470139
-4.509118
-4.438964
-4.474203
-4.403851
-4.446461
-4.385626
-4.422489
-4.373126
-4.414343
-4.364422
-4.411309
-4.368341
-4.411153
-4.375545
-4.420153
-4.381708
-4.431624
-4.401150
-4.416365
-4.480234
-4.418851
-4.441600
-4.384829
-4.399047
-4.358895
-4.374994
-4.334423
-4.359263
-4.326485
-4.348774
-4.324771
-4.352067
-4.326376
-4.359082
-4.338487
-4.367843
-4.352593
-4.383909
-4.362233
-4.401145
-4.508414
-4.549903
-4.461053
-4.509733
-4.426321
-4.467932
-4.399285
-4.442247
-4.375412
-4.424319
-4.366490
-4.411954
-4.363124
-4.411555
-4.362856
-4.414588
-4.371887
-4.419233
-4.383174
-4.431836
-4.491379
-4.423950
-4.440292
-4.383423
-4.405914
-4.356202
-4.375246
-4.337340
-4.360876
-4.324139
-4.354570
-4.325294
-4.353431
-4.330346
-4.361513
-4.338250
-4.371847
-4.352928
-4.382216
-4.491336
-4.552161
-4.457146
-4.504916
-4.418467
-4.469417
-4.392236
-4.438778
-4.372654
-4.422706
-4.359091
-4.414306
-4.358715
-4.410432
-4.360968
-4.414753
-4.367674
-4.419769
-4.497748
-4.418352
-4.444877
-4.385289
-4.407411
-4.354240
-4.381196
-4.337106
-4.362136
-4.327057
-4.357350
-4.323852
-4.358632
-4.330625
-4.363207
-4.338418
-4.375602
-4.493107
-4.551963
-4.449098
-4.502807
-4.415602
-4.467849
-4.385927
-4.440951
-4.368041
-4.420521
-4.356980
-4.414431
-4.353336
-4.411236
-4.358623
-4.411740
-4.491459
-4.420337
-4.447718
-4.382811
-4.408041
-4.355611
-4.384071
-4.335530
-4.367934
-4.327274
-4.359302
-4.325263
-4.363119
-4.327293
-4.367789
-4.495295
-4.545555
-4.445942
-4.502954
-4.411442
-4.465993
-4.383861
-4.441028
-4.362097
-4.422464
-4.354254
-4.412404
-4.351158
-4.411253
-4.490665
-4.423561
-4.446549
-4.381479
-4.411337
-4.355757
-4.386022
-4.337119
-4.372588
-4.324873
-4.365998
-4.325232
-4.364933
-4.493014
-4.543211
-4.446489
-4.502980
-4.408055
-4.467700
-4.380973
-4.439112
-4.360211
-4.424295
-4.348873
-4.413849
-4.492920
-4.423637
-4.445945
-4.382878
-4.415454
-4.354815
-4.391823
-4.337738
-4.375723
-4.326633
-4.372787
-4.490729
-4.545496
-4.447554
-4.503062
-4.406977
-4.469387
-4.375314
-4.441899
-4.358681
-4.423188
-4.495058
-4.420794
-4.448753
-4.385590
-4.418612
-4.356409
-4.398949
-4.335654
-4.384876
-4.491230
-4.551901
-4.444953
-4.504712
-4.405450
-4.468452
-4.374111
-4.446317
-4.493118
-4.418613
-4.456748
-4.384413
-4.425716
-4.359439
-4.404228
-4.497383
-4.552563
-4.439701
-4.509587
-4.399153
-4.473756
-4.490820
-4.424380
-4.461223
-4.385214
-4.438472
-4.491506
-4.549639
-4.440967
-4.509707
-4.507805
-4.420168
-4.469426
-4.479587
-4.567068
-4.490141
-4.516284
-4.521047
-4.562607
-4.581194
-4.633276
-4.641727
-4.702396
-4.711064
-4.761641
-4.770869
-4.816384
-4.811955
-4.854272
-4.841964
-4.871757
-4.857164
-4.880230
-4.857150
-4.881896
-4.853135
-4.866555
-4.862764
-4.875325
-4.886852
-4.846662
-4.871893
-4.832142
-4.876018
-4.829292
-4.881509
-4.832857
-4.881235
-4.839696
-4.890206
-4.839744
-4.898385
-4.847609
-4.899257
-4.850330
-4.904895
-4.843736
-4.903718
-4.836795
-4.889041
-4.828177
-4.888895
-4.633464
-4.551977
-4.666823
-4.586170
-4.700033
-4.632474
-4.733704
-4.675824
-4.775036
-4.712730
-4.809948
-4.753249
-4.835196
-4.785024
-4.860633
-4.806580
-4.877696
-4.827663
-4.885591
-4.846123
-4.891787
-4.844142
-4.621675
-4.549671
-4.671261
-4.594890
-4.710784
-4.637113
-4.757481
-4.674124
-4.798365
-4.715743
-4.829709
-4.748381
-4.862138
-4.769979
-4.885225
-4.790346
-4.899387
-4.803653
-4.911550
-4.810234
-4.921248
-4.696061
-4.614031
-4.724253
-4.659964
-4.765614
-4.700352
-4.803355
-4.745823
-4.832678
-4.782611
-4.863374
-4.808238
-4.883860
-4.833462
-4.893832
-4.850606
-4.901409
-4.863357
-4.900619
-4.878151
-4.670877
-4.626887
-4.727740
-4.664621
-4.774704
-4.709530
-4.812264
-4.746843
-4.850977
-4.773476
-4.878447
-4.799172
-4.894672
-4.815121
-4.909604
-4.824187
-4.915840
-4.833946
-4.917834
-4.752776
-4.676808
-4.791391
-4.727648
-4.823454
-4.769823
-4.858904
-4.801447
-4.883387
-4.832421
-4.896832
-4.852296
-4.908632
-4.863983
-4.910408
-4.877277
-4.906224
-4.884098
-4.737486
-4.695581
-4.782375
-4.736709
-4.828913
-4.768640
-4.862759
-4.800810
-4.884464
-4.820244
-4.903998
-4.830334
-4.912357
-4.841178
-4.914119
-4.844301
-4.918824
-4.805580
-4.747536
-4.847620
-4.785005
-4.876724
-4.822940
-4.894795
-4.847247
-4.911642
-4.861531
-4.916218
-4.875961
-4.913194
-4.881716
-4.912439
-4.883419
-4.796867
-4.753297
-4.837119
-4.793021
-4.866277
-4.818271
-4.893112
-4.832576
-4.905195
-4.845786
-4.908522
-4.848782
-4.913726
-4.846945
-4.911512
-4.859852
-4.805569
-4.886306
-4.835382
-4.909665
-4.854530
-4.918004
-4.872413
-4.917844
-4.878655
-4.918589
-4.879256
-4.910699
-4.884472
-4.840251
-4.805409
-4.874588
-4.827741
-4.893181
-4.846943
-4.901591
-4.851732
-4.908618
-4.850101
-4.905857
-4.852062
-4.898950
-4.898921
-4.843001
-4.914820
-4.866023
-4.919916
-4.874343
-4.923510
-4.876819
-4.916243
-4.880974
-4.904482
-4.877627
-4.874498
-4.839292
-4.890582
-4.850755
-4.903262
-4.853829
-4.901720
-4.855570
-4.895551
-4.848989
-4.893067
-4.917044
-4.868943
-4.926437
-4.875010
-4.920996
-4.880028
-4.912308
-4.875612
-4.904764
-4.868277
-4.892351
-4.852385
-4.897339
-4.859761
-4.896110
-4.853202
-4.892484
-4.844443
-4.881187
-4.925133
-4.880767
-4.920056
-4.876167
-4.913527
-4.871851
-4.898305
-4.867753
-4.892986
-4.857319
-4.895695
-4.853837
-4.883993
-4.846528
-4.871704
-4.923337
-4.877171
-4.907855
-4.873443
-4.895404
-4.861869
-4.888422
-4.857611
-4.882396
-4.842954
-4.870408
-4.908120
-4.869651
-4.896911
-4.861607
-4.885135
-4.843976
-4.867055
-4.895898
-4.868953
-4.848432
-4.581334
-4.420555
-4.531951
-4.401221
-4.507048
-4.375844
-4.482096
-4.357997
-4.457139
-4.340403
-4.443600
-4.322147
-4.432328
-4.314040
-4.420253
-4.309432
-4.416052
-4.300310
-4.419893
-4.293061
-4.411575
-4.311849
-4.427254
-4.383860
-4.423103
-4.419368
-4.418853
-4.418877
-4.416143
-4.418876
-4.410222
-4.417900
-4.399581
-4.414715
-4.391445
-4.407884
-4.381157
-4.406038
-4.369389
-4.403998
-4.361104
-4.407555
-4.347695
-4.425166
-4.323522
-4.444911
-4.379358
-4.438691
-4.382362
-4.436914
-4.379100
-4.432639
-4.371421
-4.426351
-4.363337
-4.415190
-4.352219
-4.407400
-4.337584
-4.398348
-4.326059
-4.392343
-4.310556
-4.392654
-4.300311
-4.389224
-4.400934
-4.399165
-4.403079
-4.397120
-4.404135
-4.392439
-4.404886
-4.386770
-4.401606
-4.379778
-4.401244
-4.369117
-4.400094
-4.361932
-4.399967
-4.352034
-4.404990
-4.346680
-4.406208
-4.347794
-4.426517
-4.365420
-4.425536
-4.362555
-4.424180
-4.357655
-4.418155
-4.351608
-4.413086
-4.340215
-4.406813
-4.331237
-4.399321
-4.319517
-4.397232
-4.309917
-4.392747
-4.305363
-4.397739
-4.386846
-4.379748
-4.391140
-4.376327
-4.390941
-4.373482
-4.391837
-4.365728
-4.393095
-4.360734
-4.392164
-4.353936
-4.396562
-4.347180
-4.399060
-4.344997
-4.407168
-4.337845
-4.419158
-4.347080
-4.415624
-4.345978
-4.412760
-4.338615
-4.410441
-4.332587
-4.403984
-4.324628
-4.402209
-4.314536
-4.399190
-4.309607
-4.399788
-4.301072
-4.407740
-4.376547
-4.365300
-4.379400
-4.359569
-4.383435
-4.356051
-4.383201
-4.352657
-4.388034
-4.346362
-4.392213
-4.345291
-4.397547
-4.340884
-4.409542
-4.340870
-4.411189
-4.332723
-4.411244
-4.330016
-4.406489
-4.326655
-4.405778
-4.318054
-4.404443
-4.314221
-4.402632
-4.307806
-4.408715
-4.303833
-4.411538
-4.372455
-4.351641
-4.373274
-4.350003
-4.378525
-4.344180
-4.384494
-4.344550
-4.388772
-4.343050
-4.400663
-4.341530
-4.409368
-4.348453
-4.408285
-4.325583
-4.409225
-4.319757
-4.410008
-4.318380
-4.407072
-4.314461
-4.412077
-4.308873
-4.415456
-4.312452
-4.420423
-4.370667
-4.343590
-4.377188
-4.343863
-4.380430
-4.344218
-4.392666
-4.342518
-4.403274
-4.349495
-4.413181
-4.353865
-4.415723
-4.321573
-4.413889
-4.321388
-4.418808
-4.315925
-4.421956
-4.318711
-4.424517
-4.319703
-4.437711
-4.375771
-4.347473
-4.386038
-4.344272
-4.397373
-4.351668
-4.407372
-4.357055
-4.426706
-4.361795
-4.427659
-4.324573
-4.432874
-4.328750
-4.433110
-4.329295
-4.443780
-4.329074
-4.453908
-4.394964
-4.356238
-4.401773
-4.361443
-4.422125
-4.365851
-4.439991
-4.380179
-4.446770
-4.343861
-4.456861
-4.341404
-4.463264
-4.349696
-4.471321
-4.418049
-4.371295
-4.435829
-4.385856
-4.454194
-4.397577
-4.483397
-4.367080
-4.484389
-4.369760
-4.499903
-4.445719
-4.405218
-4.478541
-4.414826
-4.523506
-4.388940
-4.529533
-4.494736
-4.444605
-4.559614
-4.609519
-4.477739
-4.618480
-4.518243
-4.656510
-4.556141
-4.694601
-4.601203
-4.730700
-4.642594
-4.773669
-4.676806
-4.810279
-4.713598
-4.837116
-4.741731
-4.864659
-4.759187
-4.885567
-4.774192
-4.895244
-4.795789
-4.916604
-4.841476
-4.776050
-4.780244
-4.726935
-4.733050
-4.660129
-4.666025
-4.593470
-4.585839
-4.519697
-4.516591
-4.446098
-4.452315
-4.394593
-4.399155
-4.352467
-4.370847
-4.323675
-4.346052
-4.316244
-4.328989
-4.309154
-4.340924
-4.456798
-4.588616
-4.455195
-4.546309
-4.434854
-4.518499
-4.409801
-4.492569
-4.392983
-4.466055
-4.376681
-4.449926
-4.359398
-4.436012
-4.351564
-4.419436
-4.348490
-4.409232
-4.339898
-4.412002
-4.335433
-4.389529
-4.614350
-4.438741
-4.574548
-4.419110
-4.536239
-4.395787
-4.509291
-4.369086
-4.485108
-4.351853
-4.461308
-4.336122
-4.448792
-4.319030
-4.439435
-4.310754
-4.427406
-4.309335
-4.420238
-4.300798
-4.422056
-4.515332
-4.605994
-4.481556
-4.576058
-4.457962
-4.541207
-4.433691
-4.515401
-4.406780
-4.490436
-4.389820
-4.464478
-4.374180
-4.448654
-4.357379
-4.437295
-4.348707
-4.423631
-4.345745
-4.418260
-4.633434
-4.481525
-4.604661
-4.445361
-4.571331
-4.419283
-4.535788
-4.393139
-4.511439
-4.365676
-4.488824
-4.348922
-4.466081
-4.335268
-4.453669
-4.320918
-4.444276
-4.315736
-4.427360
-4.556726
-4.630693
-4.521590
-4.605108
-4.485543
-4.573778
-4.459401
-4.538817
-4.432507
-4.513821
-4.403965
-4.490363
-4.386808
-4.466862
-4.371937
-4.454069
-4.354216
-4.445489
-4.669400
-4.521556
-4.633726
-4.484129
-4.603813
-4.446090
-4.571019
-4.419111
-4.536390
-4.392548
-4.513930
-4.366120
-4.492856
-4.351399
-4.469923
-4.339727
-4.456422
-4.595151
-4.668236
-4.561744
-4.634431
-4.525139
-4.605924
-4.486417
-4.573207
-4.458314
-4.538710
-4.430275
-4.515842
-4.401119
-4.494385
-4.383873
-4.470983
-4.706342
-4.558522
-4.672652
-4.523053
-4.634227
-4.485311
-4.603940
-4.446833
-4.572106
-4.420574
-4.538503
-4.394286
-4.516447
-4.367588
-4.495766
-4.640778
-4.706646
-4.598715
-4.674820
-4.563632
-4.636921
-4.525146
-4.607099
-4.484327
-4.574171
-4.454877
-4.539928
-4.426826
-4.517686
-4.739561
-4.602926
-4.709747
-4.558631
-4.673989
-4.523615
-4.634863
-4.486327
-4.604988
-4.446914
-4.573184
-4.420198
-4.540388
-4.682121
-4.741211
-4.642752
-4.713225
-4.598407
-4.678221
-4.561434
-4.637190
-4.520497
-4.606348
-4.479472
-4.574427
-4.778370
-4.642179
-4.741104
-4.601523
-4.710456
-4.557485
-4.674356
-4.522136
-4.634475
-4.484161
-4.605733
-4.715452
-4.781341
-4.681485
-4.746079
-4.640052
-4.714073
-4.591884
-4.675604
-4.554553
-4.635250
-4.809795
-4.673070
-4.777223
-4.638230
-4.739780
-4.597912
-4.709209
-4.553159
-4.673376
-4.751530
-4.814558
-4.712116
-4.782811
-4.674299
-4.741504
-4.630233
-4.709472
-4.831209
-4.705973
-4.805485
-4.666040
-4.774551
-4.632741
-4.737229
-4.780244
-4.838330
-4.744942
-4.810228
-4.699317
-4.774620
-4.852877
-4.730533
-4.824838
-4.698806
-4.803885
-4.799849
-4.862696
-4.769273
-4.826044
-4.869264
-4.744808
-4.851535
-4.822080
-4.879802
-4.862608
-4.517310
-4.520205
-4.562726
-4.580719
-4.633884
-4.640730
-4.703096
-4.710592
-4.761782
-4.770613
-4.816773
-4.811407
-4.854730
-4.841691
-4.871914
-4.857048
-4.880476
-4.856924
-4.882167
-4.853035
-4.866698
-4.862735
-4.875457
-4.886837
-4.846626
-4.871851
-4.832064
-4.876095
-4.828968
-4.881686
-4.832592
-4.881204
-4.839408
-4.890449
-4.839012
-4.898756
-4.847077
-4.899248
-4.849747
-4.905354
-4.842476
-4.904314
-4.835864
-4.889114
-4.827023
-4.889715
-4.633148
-4.552727
-4.667462
-4.586207
-4.700384
-4.633540
-4.733338
-4.676615
-4.775689
-4.712845
-4.810316
-4.754381
-4.834891
-4.785906
-4.861288
-4.806793
-4.878154
-4.828742
-4.885414
-4.847025
-4.892474
-4.844340
-4.622213
-4.548249
-4.671505
-4.594414
-4.710333
-4.636369
-4.757949
-4.672704
-4.798546
-4.715223
-4.829234
-4.747560
-4.862561
-4.768471
-4.885439
-4.789631
-4.899001
-4.802706
-4.911998
-4.808556
-4.921693
-4.696321
-4.614966
-4.723925
-4.660661
-4.766158
-4.700445
-4.803663
-4.746792
-4.832395
-4.783345
-4.863961
-4.808381
-4.884252
-4.834414
-4.893661
-4.851366
-4.902036
-4.863485
-4.901203
-4.878913
-4.670558
-4.626216
-4.728160
-4.663400
-4.774872
-4.709094
-4.811856
-4.746156
-4.851354
-4.772198
-4.878611
-4.798619
-4.894292
-4.814336
-4.909979
-4.822783
-4.916136
-4.833136
-4.917614
-4.753191
-4.676933
-4.791619
-4.728490
-4.823193
-4.770452
-4.859397
-4.801560
-4.883699
-4.833254
-4.896657
-4.852941
-4.909182
-4.864093
-4.910859
-4.878002
-4.906201
-4.884723
-4.737631
-4.695199
-4.782052
-4.736121
-4.829238
-4.767566
-4.862884
-4.800378
-4.884115
-4.819600
-4.904313
-4.829167
-4.912547
-4.840577
-4.913859
-4.843553
-4.919147
-4.805363
-4.748077
-4.848004
-4.785131
-4.876953
-4.823671
-4.894619
-4.847798
-4.912102
-4.861632
-4.916562
-4.876632
-4.913128
-4.882256
-4.912945
-4.883510
-4.797116
-4.752430
-4.837204
-4.792675
-4.865976
-4.817738
-4.893369
-4.831617
-4.905314
-4.845339
-4.908251
-4.848178
-4.913993
-4.845902
-4.911702
-4.860005
-4.806194
-4.886143
-4.835858
-4.910028
-4.854646
-4.918250
-4.873020
-4.917752
-4.879125
-4.919013
-4.879342
-4.911046
-4.885015
-4.839993
-4.804982
-4.874776
-4.826977
-4.893240
-4.846609
-4.901334
-4.851247
-4.908827
-4.849250
-4.905974
-4.851627
-4.898734
-4.899188
-4.843139
-4.914979
-4.866564
-4.919815
-4.874755
-4.923845
-4.876917
-4.916495
-4.881469
-4.904442
-4.878028
-4.874486
-4.839057
-4.890344
-4.850372
-4.903404
-4.853160
-4.901773
-4.855252
-4.895339
-4.848563
-4.893233
-4.916954
-4.869292
-4.926686
-4.875137
-4.921163
-4.880476
-4.912250
-4.875959
-4.905059
-4.868355
-4.892413
-4.851905
-4.897317
-4.859540
-4.895903
-4.852875
-4.892596
-4.843872
-4.881243
-4.925217
-4.881163
-4.920000
-4.876470
-4.913744
-4.871948
-4.898466
-4.868103
-4.892786
-4.857084
-4.895730
-4.853429
-4.883986
-4.846336
-4.871542
-4.923479
-4.877309
-4.907947
-4.873753
-4.895361
-4.862106
-4.888329
-4.857499
-4.882230
-4.842778
-4.870446
-4.908093
-4.869861
-4.897017
-4.861687
-4.885080
-4.843796
-4.867017
-4.895924
-4.869126
-4.848325
-4.582208
-4.419624
-4.531575
-4.400721
-4.507576
-4.373731
-4.483131
-4.356980
-4.456159
-4.339972
-4.444013
-4.319173
-4.433511
-4.312657
-4.418526
-4.308777
-4.416402
-4.296128
-4.421249
-4.291049
-4.409361
-4.310444
-4.427981
-4.383277
-4.423862
-4.419932
-4.418428
-4.419376
-4.417885
-4.417140
-4.411943
-4.419190
-4.398430
-4.415571
-4.394048
-4.405192
-4.383354
-4.407324
-4.368139
-4.404714
-4.364047
-4.404891
-4.350112
-4.426571
-4.323090
-4.445333
-4.378126
-4.438925
-4.382415
-4.435488
-4.378701
-4.433904
-4.368263
-4.427549
-4.363311
-4.413520
-4.351482
-4.409718
-4.333230
-4.400262
-4.325422
-4.391098
-4.308953
-4.395435
-4.295336
-4.391070
-4.400837
-4.400529
-4.402004
-4.398330
-4.405124
-4.391631
-4.405564
-4.388909
-4.399535
-4.381590
-4.402611
-4.367936
-4.400808
-4.364628
-4.397461
-4.354134
-4.406340
-4.345885
-4.406722
-4.351042
-4.425792
-4.364984
-4.426332
-4.360360
-4.424772
-4.357613
-4.416573
-4.350952
-4.414777
-4.336598
-4.408168
-4.330957
-4.397888
-4.318316
-4.399661
-4.305551
-4.394425
-4.304526
-4.396599
-4.387411
-4.379527
-4.391526
-4.378056
-4.389556
-4.374901
-4.393084
-4.364780
-4.393787
-4.363068
-4.390085
-4.355715
-4.397933
-4.346272
-4.399570
-4.347849
-4.404931
-4.339974
-4.419287
-4.347045
-4.414495
-4.345398
-4.413908
-4.335838
-4.411264
-4.332440
-4.402513
-4.323697
-4.404137
-4.310821
-4.400498
-4.309134
-4.398574
-4.299544
-4.409988
-4.375757
-4.366279
-4.380362
-4.359052
-4.384038
-4.358000
-4.381688
-4.354120
-4.389370
-4.345517
-4.392793
-4.347757
-4.395593
-4.342659
-4.410823
-4.340420
-4.411837
-4.330842
-4.411621
-4.329878
-4.405226
-4.325892
-4.407166
-4.315016
-4.405324
-4.313953
-4.401348
-4.306627
-4.410632
-4.300209
-4.412630
-4.372808
-4.353090
-4.372301
-4.351141
-4.379698
-4.343576
-4.385104
-4.346616
-4.387247
-4.344517
-4.401951
-4.340961
-4.409778
-4.350995
-4.407383
-4.324942
-4.410100
-4.317430
-4.410515
-4.318164
-4.405839
-4.313509
-4.413548
-4.305806
-4.416285
-4.312041
-4.419315
-4.371547
-4.343260
-4.377717
-4.345502
-4.379383
-4.345427
-4.393886
-4.341999
-4.403784
-4.351630
-4.411751
-4.355343
-4.415944
-4.321363
-4.412855
-4.320599
-4.419826
-4.313416
-4.422494
-4.318397
-4.423407
-4.318596
-4.439154
-4.375147
-4.348392
-4.387078
-4.343918
-4.397939
-4.353420
-4.406323
-4.358279
-4.427870
-4.361459
-4.428294
-4.322671
-4.433173
-4.328440
-4.432078
-4.328373
-4.444860
-4.326542
-4.454441
-4.395465
-4.357573
-4.401103
-4.362464
-4.423217
-4.365557
-4.440501
-4.381943
-4.445951
-4.343109
-4.457576
-4.339301
-4.463603
-4.349300
-4.470404
-4.418941
-4.371105
-4.436412
-4.387298
-4.453524
-4.398593
-4.483616
-4.366649
-4.483541
-4.368872
-4.500704
-4.445337
-4.406106
-4.479523
-4.414661
-4.524012
-4.387100
-4.529806
-4.495378
-4.445761
-4.559020
-4.609855
-4.477146
-4.617995
-4.517423
-4.657080
-4.554553
-4.694834
-4.600700
-4.730155
-4.641730
-4.774197
-4.675153
-4.810486
-4.712940
-4.836597
-4.740748
-4.865138
-4.757437
-4.885869
-4.773273
-4.894895
-4.794618
-4.917132
-4.842682
-4.774824
-4.780695
-4.725662
-4.734628
-4.657881
-4.667431
-4.592459
-4.586273
-4.518146
-4.518810
-4.443105
-4.454115
-4.393488
-4.399548
-4.350456
-4.373940
-4.319534
-4.348463
-4.314838
-4.329372
-4.306216
-4.345100
-4.456727
-4.589287
-4.455997
-4.545625
-4.436243
-4.518884
-4.409597
-4.493639
-4.394187
-4.465107
-4.378797
-4.450638
-4.359151
-4.437732
-4.353370
-4.418318
-4.351481
-4.410406
-4.339738
-4.414291
-4.337999
-4.388113
-4.614845
-4.436954
-4.575459
-4.418168
-4.535623
-4.395307
-4.509740
-4.366649
-4.486178
-4.350632
-4.460081
-4.335534
-4.449148
-4.315580
-4.440685
-4.308990
-4.425616
-4.308309
-4.420774
-4.295983
-4.423998
-4.516433
-4.606307
-4.481433
-4.576867
-4.458918
-4.540447
-4.435369
-4.515887
-4.406641
-4.491719
-4.391289
-4.463488
-4.376694
-4.449442
-4.357363
-4.439093
-4.350902
-4.422285
-4.349297
-4.418996
-4.633037
-4.481016
-4.605121
-4.443359
-4.572277
-4.418212
-4.534973
-4.392570
-4.511837
-4.362865
-4.489947
-4.347410
-4.464735
-4.334406
-4.454096
-4.316969
-4.445812
-4.313449
-4.425920
-4.557535
-4.630092
-4.522908
-4.605459
-4.485473
-4.574727
-4.460574
-4.537996
-4.434520
-4.514372
-4.404002
-4.491757
-4.388606
-4.465754
-4.374890
-4.454691
-4.354557
-4.447109
-4.670157
-4.520651
-4.633195
-4.483576
-4.604233
-4.443810
-4.572001
-4.417832
-4.535436
-4.391789
-4.514330
-4.362904
-4.494105
-4.349515
-4.468684
-4.338555
-4.456997
-4.595175
-4.668903
-4.562702
-4.633761
-4.526724
-4.606317
-4.486478
-4.574261
-4.459760
-4.537817
-4.432656
-4.516358
-4.401424
-4.495733
-4.385934
-4.469781
-4.706726
-4.556705
-4.673473
-4.521989
-4.633578
-4.484628
-4.604343
-4.444229
-4.573144
-4.419014
-4.537523
-4.393272
-4.516919
-4.364103
-4.497097
-4.642030
-4.706908
-4.598809
-4.675582
-4.564800
-4.636195
-4.527031
-4.607509
-4.484595
-4.575258
-4.456593
-4.538965
-4.429429
-4.518177
-4.739133
-4.602320
-4.710142
-4.556540
-4.674856
-4.522336
-4.634141
-4.485437
-4.605403
-4.444018
-4.574273
-4.418456
-4.539414
-4.683064
-4.740607
-4.644233
-4.713526
-4.598644
-4.679050
-4.562846
-4.636427
-4.522639
-4.606770
-4.479875
-4.575525
-4.779096
-4.641144
-4.740611
-4.600750
-4.710856
-4.555112
-4.675242
-4.520651
-4.633709
-4.483132
-4.606160
-4.715651
-4.781934
-4.682628
-4.745452
-4.641768
-4.714428
-4.592276
-4.676489
-4.556117
-4.634476
-4.810204
-4.671159
-4.777976
-4.637002
-4.739211
-4.596958
-4.709592
-4.550609
-4.674269
-4.752849
-4.814825
-4.712440
-4.783487
-4.675642
-4.740903
-4.632098
-4.709862
-4.830860
-4.705137
-4.805889
-4.663883
-4.775266
-4.631373
-4.736619
-4.781305
-4.837826
-4.746445
-4.810611
-4.699757
-4.775353
-4.853543
-4.729376
-4.824389
-4.697788
-4.804263
-4.800165
-4.863280
-4.770532
-4.825614
-4.869739
-4.742795
-4.852115
-4.823317
-4.880287
-4.862378
-4.609855
-4.477146
-4.617995
-4.517423
-4.657080
-4.554554
-4.694834
-4.600700
-4.730155
-4.641730
-4.774198
-4.675154
-4.810487
-4.712940
-4.836598
-4.740750
-4.865139
-4.757438
-4.885870
-4.773274
-4.894895
-4.794618
-4.917132
-4.848324
-4.869126
-4.867017
-4.861686
-4.870445
-4.862106
-4.871542
-4.868103
-4.881242
-4.868354
-4.893233
-4.878028
-4.898734
-4.885014
-4.911702
-4.883510
-4.919146
-4.884723
-4.917614
-4.878913
-4.921693
-4.844340
-4.895924
-4.843795
-4.897016
-4.842778
-4.895360
-4.846336
-4.898466
-4.843871
-4.905058
-4.848563
-4.904441
-4.851627
-4.911045
-4.845902
-4.912945
-4.843552
-4.906202
-4.833136
-4.901202
-4.808556
-4.892474
-4.885079
-4.869861
-4.882230
-4.873753
-4.883986
-4.871948
-4.892595
-4.875959
-4.895338
-4.881469
-4.905974
-4.879342
-4.913992
-4.882257
-4.913858
-4.878002
-4.916137
-4.863484
-4.911998
-4.847026
-4.908092
-4.857499
-4.907947
-4.853428
-4.913744
-4.852874
-4.912250
-4.855251
-4.916494
-4.849251
-4.919013
-4.848177
-4.913129
-4.840576
-4.910859
-4.822784
-4.902035
-4.802706
-4.885414
-4.888328
-4.877308
-4.895729
-4.876470
-4.895903
-4.880476
-4.901773
-4.876916
-4.908827
-4.879125
-4.908251
-4.876632
-4.912547
-4.864092
-4.909980
-4.851366
-4.899001
-4.828744
-4.923478
-4.857083
-4.920001
-4.859539
-4.921162
-4.853160
-4.923844
-4.851247
-4.917751
-4.845340
-4.916562
-4.829167
-4.909181
-4.814336
-4.893661
-4.789631
-4.878155
-4.892785
-4.881163
-4.897317
-4.875137
-4.903404
-4.874755
-4.901335
-4.873020
-4.905314
-4.861632
-4.904313
-4.852941
-4.894292
-4.834414
-4.885439
-4.806793
-4.925217
-4.851904
-4.926686
-4.850372
-4.919815
-4.846609
-4.918250
-4.831617
-4.912102
-4.819599
-4.896657
-4.798618
-4.884253
-4.768472
-4.861288
-4.892413
-4.869292
-4.890345
-4.866564
-4.893240
-4.854646
-4.893369
-4.847798
-4.884115
-4.833254
-4.878612
-4.808381
-4.862562
-4.785906
-4.916954
-4.839058
-4.914980
-4.826977
-4.910028
-4.817738
-4.894619
-4.800378
-4.883699
-4.772199
-4.863961
-4.747561
-4.834892
-4.874487
-4.843139
-4.874777
-4.835859
-4.865976
-4.823671
-4.862885
-4.801560
-4.851353
-4.783346
-4.829234
-4.754382
-4.899189
-4.804983
-4.886144
-4.792675
-4.876952
-4.767566
-4.859397
-4.746156
-4.832395
-4.715223
-4.810316
-4.839994
-4.806195
-4.837204
-4.785130
-4.829237
-4.770452
-4.811855
-4.746791
-4.798546
-4.712845
-4.860005
-4.752429
-4.848002
-4.736119
-4.823192
-4.709094
-4.803662
-4.672704
-4.775688
-4.797111
-4.748073
-4.782049
-4.728488
-4.774870
-4.700445
-4.757949
-4.676615
-4.805357
-4.695195
-4.791617
-4.663399
-4.766157
-4.636369
-4.733337
-4.737628
-4.676931
-4.728159
-4.660660
-4.710333
-4.633540
-4.753190
-4.626215
-4.723925
-4.594413
-4.700384
-4.670558
-4.614966
-4.671505
-4.586207
-4.696322
-4.548250
-4.667462
-4.622213
-4.552727
-4.633148
-4.476558
-4.429744
-4.426108
-4.393354
-4.399909
-4.356301
-4.375529
-4.338975
-4.353205
-4.327248
-4.348760
-4.319506
-4.349681
-4.326226
-4.353477
-4.336754
-4.367564
-4.347295
-4.382972
-4.364883
-4.390211
-4.394318
-4.426853
-4.455617
-4.420454
-4.443105
-4.400115
-4.453032
-4.398297
-4.449480
-4.397008
-4.438487
-4.388248
-4.434036
-4.369713
-4.422409
-4.361173
-4.404113
-4.345261
-4.398535
-4.325703
-4.386892
-4.317582
-4.374495
-4.303681
-4.388565
-4.559020
-4.445760
-4.529805
-4.414660
-4.500703
-4.398592
-4.470403
-4.381942
-4.454441
-4.361459
-4.439153
-4.355342
-4.419315
-4.350996
-4.412630
-4.340419
-4.409988
-4.339973
-4.396599
-4.351041
-4.391070
-4.323090
-4.495378
-4.387100
-4.479522
-4.368871
-4.453523
-4.349300
-4.440500
-4.326541
-4.427869
-4.318596
-4.411751
-4.312040
-4.409777
-4.300210
-4.410823
-4.299545
-4.404932
-4.304526
-4.406722
-4.295336
-4.426570
-4.524012
-4.406105
-4.483540
-4.387297
-4.463603
-4.365557
-4.444859
-4.358278
-4.423406
-4.351629
-4.416285
-4.340960
-4.410630
-4.342658
-4.398574
-4.347849
-4.394426
-4.345886
-4.395436
-4.350112
-4.445336
-4.366649
-4.436411
-4.339301
-4.423216
-4.328372
-4.406323
-4.318397
-4.403783
-4.305806
-4.401950
-4.306627
-4.395592
-4.309133
-4.399569
-4.305550
-4.406340
-4.308953
-4.404891
-4.483615
-4.371105
-4.457575
-4.362463
-4.432077
-4.353419
-4.422494
-4.341998
-4.413548
-4.344516
-4.401347
-4.347756
-4.400497
-4.346271
-4.399660
-4.354133
-4.391097
-4.364046
-4.418940
-4.343109
-4.401102
-4.328440
-4.397938
-4.313416
-4.393885
-4.313508
-4.387246
-4.313953
-4.392792
-4.310820
-4.397933
-4.318316
-4.397462
-4.325422
-4.404714
-4.445951
-4.357572
-4.433173
-4.343917
-4.419825
-4.345426
-4.405838
-4.346614
-4.405323
-4.345517
-4.404136
-4.355713
-4.397887
-4.364627
-4.400262
-4.368140
-4.395464
-4.322671
-4.387077
-4.320599
-4.379382
-4.318164
-4.385103
-4.315015
-4.389368
-4.323697
-4.390084
-4.330956
-4.400807
-4.333229
-4.407322
-4.428293
-4.348391
-4.412855
-4.345501
-4.410515
-4.343576
-4.407166
-4.354120
-4.402513
-4.363067
-4.408167
-4.367936
-4.409719
-4.383354
-4.375146
-4.321363
-4.377716
-4.317430
-4.379697
-4.325891
-4.381688
-4.332440
-4.393787
-4.336598
-4.402610
-4.351481
-4.405191
-4.415944
-4.343260
-4.410099
-4.351139
-4.405226
-4.357999
-4.411263
-4.364779
-4.414776
-4.381589
-4.413520
-4.394047
-4.371546
-4.324942
-4.372301
-4.329878
-4.384038
-4.335839
-4.393084
-4.350952
-4.399535
-4.363311
-4.415571
-4.407382
-4.353089
-4.411620
-4.359051
-4.413906
-4.374900
-4.416573
-4.388908
-4.427549
-4.398429
-4.372808
-4.330843
-4.380362
-4.345398
-4.389555
-4.357613
-4.405563
-4.368263
-4.419190
-4.411836
-4.366278
-4.414496
-4.378055
-4.424771
-4.391631
-4.433904
-4.411942
-4.375757
-4.347045
-4.391525
-4.360360
-4.405123
-4.378700
-4.417140
-4.419287
-4.379526
-4.426332
-4.398329
-4.435488
-4.417884
-4.387411
-4.364984
-4.402004
-4.382414
-4.419375
-4.425792
-4.400528
-4.438924
-4.418428
-4.400837
-4.378126
-4.419931
-4.445333
-4.423862
-4.383277
-4.582208
-4.419624
-4.531574
-4.400721
-4.507575
-4.373731
-4.483130
-4.356980
-4.456159
-4.339972
-4.444012
-4.319173
-4.433511
-4.312658
-4.418525
-4.308777
-4.416401
-4.296128
-4.421249
-4.291049
-4.409361
-4.310444
-4.427980
-4.862378
-4.880287
-4.852116
-4.825614
-4.804264
-4.775353
-4.736620
-4.709863
-4.674270
-4.634477
-4.606161
-4.575526
-4.539415
-4.518178
-4.497097
-4.469781
-4.456997
-4.447109
-4.425920
-4.418996
-4.423998
-4.388113
-4.823317
-4.742795
-4.770533
-4.697789
-4.699758
-4.631375
-4.632100
-4.550611
-4.556118
-4.483134
-4.479877
-4.418457
-4.429431
-4.364104
-4.385935
-4.338555
-4.354558
-4.313450
-4.349298
-4.295984
-4.337999
-4.869740
-4.863281
-4.824390
-4.810612
-4.775268
-4.740905
-4.709594
-4.676491
-4.633711
-4.606772
-4.574275
-4.538968
-4.516920
-4.495734
-4.468685
-4.454692
-4.445812
-4.422285
-4.420774
-4.414292
-4.800165
-4.729377
-4.746446
-4.663885
-4.675644
-4.596961
-4.592279
-4.520653
-4.522641
-4.444021
-4.456595
-4.393274
-4.401426
-4.349516
-4.374891
-4.316969
-4.350903
-4.308310
-4.339739
-4.853544
-4.837828
-4.805891
-4.783489
-4.739213
-4.714430
-4.675245
-4.636430
-4.605405
-4.575260
-4.537525
-4.516360
-4.494106
-4.465756
-4.454097
-4.439094
-4.425616
-4.410406
-4.781306
-4.705139
-4.712442
-4.637004
-4.641770
-4.555114
-4.562848
-4.485440
-4.484598
-4.419016
-4.432657
-4.362906
-4.388608
-4.334408
-4.357364
-4.308991
-4.351481
-4.830861
-4.814827
-4.777978
-4.745454
-4.710858
-4.679053
-4.634143
-4.607511
-4.573146
-4.537820
-4.514332
-4.491759
-4.464737
-4.449444
-4.440686
-4.418319
-4.752851
-4.671162
-4.682630
-4.600752
-4.598647
-4.522339
-4.527034
-4.444232
-4.459763
-4.391792
-4.404005
-4.347412
-4.376695
-4.315581
-4.353370
-4.810205
-4.781937
-4.740613
-4.713529
-4.674859
-4.636198
-4.604346
-4.574264
-4.535439
-4.514374
-4.489948
-4.463489
-4.449147
-4.437732
-4.715652
-4.641145
-4.644235
-4.556542
-4.564802
-4.484630
-4.486480
-4.417833
-4.434521
-4.362866
-4.391289
-4.335534
-4.359151
-4.779097
-4.740608
-4.710143
-4.675583
-4.633579
-4.606318
-4.572001
-4.537997
-4.511838
-4.491720
-4.460082
-4.450639
-4.683066
-4.602322
-4.598811
-4.521991
-4.526725
-4.443812
-4.460575
-4.392572
-4.406642
-4.350633
-4.378797
-4.739134
-4.706909
-4.673475
-4.633762
-4.604234
-4.574728
-4.534974
-4.515888
-4.486178
-4.465106
-4.642030
-4.556705
-4.562702
-4.483576
-4.485473
-4.418212
-4.435369
-4.366649
-4.394186
-4.706726
-4.668903
-4.633195
-4.605459
-4.572276
-4.540447
-4.509740
-4.493639
-4.595176
-4.520652
-4.522908
-4.443360
-4.458918
-4.395307
-4.409597
-4.670156
-4.630092
-4.605120
-4.576867
-4.535623
-4.518884
-4.557535
-4.481016
-4.481433
-4.418168
-4.436242
-4.633037
-4.606307
-4.575458
-4.545625
-4.516433
-4.436954
-4.455996
-4.614845
-4.589287
-4.456727
-4.886852
-4.846662
-4.871893
-4.832142
-4.876018
-4.829292
-4.881509
-4.832857
-4.881235
-4.839696
-4.890207
-4.839744
-4.898384
-4.847610
-4.899256
-4.850330
-4.904895
-4.843736
-4.903719
-4.836795
-4.889041
-4.828177
-4.888895
-4.838651
-4.853494
-4.852537
-4.848095
-4.852537
-4.852450
-4.849283
-4.862973
-4.856928
-4.868228
-4.867306
-4.884639
-4.871853
-4.899152
-4.884231
-4.906746
-4.890619
-4.918159
-4.887721
-4.923880
-4.888543
-4.905316
-4.856796
-4.819257
-4.859647
-4.815665
-4.855795
-4.820371
-4.861254
-4.819000
-4.870982
-4.829285
-4.874572
-4.838833
-4.887792
-4.841256
-4.895911
-4.849075
-4.895651
-4.848913
-4.896472
-4.836960
-4.888543
-4.853961
-4.825312
-4.838228
-4.834586
-4.835790
-4.834895
-4.843025
-4.848179
-4.845636
-4.864073
-4.861622
-4.875130
-4.875352
-4.895597
-4.882357
-4.909917
-4.893277
-4.916467
-4.896472
-4.923880
-4.834256
-4.811437
-4.832668
-4.800747
-4.841343
-4.804710
-4.841603
-4.814081
-4.856397
-4.818407
-4.869559
-4.834253
-4.876297
-4.844220
-4.889308
-4.846314
-4.893277
-4.848913
-4.887722
-4.825708
-4.809297
-4.828455
-4.813955
-4.820955
-4.826589
-4.831885
-4.833466
-4.845473
-4.856717
-4.855310
-4.876908
-4.875992
-4.891085
-4.889307
-4.909917
-4.895651
-4.918159
-4.825316
-4.787532
-4.813662
-4.792827
-4.822583
-4.790042
-4.835050
-4.806088
-4.842081
-4.820185
-4.862435
-4.828637
-4.875992
-4.844220
-4.882356
-4.849075
-4.890619
-4.806199
-4.803329
-4.809659
-4.797620
-4.817750
-4.815217
-4.821146
-4.833719
-4.843519
-4.849442
-4.862435
-4.876908
-4.876297
-4.895597
-4.895910
-4.906746
-4.805229
-4.769083
-4.809260
-4.779413
-4.807155
-4.790713
-4.827496
-4.798162
-4.843519
-4.820185
-4.855310
-4.834253
-4.875352
-4.841256
-4.884230
-4.803491
-4.790620
-4.794993
-4.798979
-4.811839
-4.805606
-4.827496
-4.833719
-4.842081
-4.856717
-4.869559
-4.875130
-4.887791
-4.899153
-4.789745
-4.770841
-4.801962
-4.768570
-4.811839
-4.790712
-4.821146
-4.806088
-4.845473
-4.818407
-4.861622
-4.838833
-4.871852
-4.796707
-4.779482
-4.801962
-4.798979
-4.807155
-4.815216
-4.835050
-4.833465
-4.856397
-4.864073
-4.874572
-4.884639
-4.796707
-4.770841
-4.794993
-4.779414
-4.817750
-4.790042
-4.831885
-4.814081
-4.845636
-4.829285
-4.867306
-4.789744
-4.790620
-4.809261
-4.797621
-4.822583
-4.826589
-4.841604
-4.848179
-4.870983
-4.868228
-4.803491
-4.769083
-4.809660
-4.792826
-4.820955
-4.804711
-4.843025
-4.819000
-4.856928
-4.805229
-4.803329
-4.813662
-4.813954
-4.841343
-4.834895
-4.861254
-4.862973
-4.806200
-4.787532
-4.828455
-4.800747
-4.835790
-4.820371
-4.849284
-4.825316
-4.809297
-4.832668
-4.834586
-4.855795
-4.852451
-4.825708
-4.811437
-4.838228
-4.815665
-4.852537
-4.834256
-4.825312
-4.859647
-4.848095
-4.853962
-4.819257
-4.852537
-4.856796
-4.853494
-4.838651
-4.854362
-4.847394
-4.823012
-4.807692
-4.823132
-4.789549
-4.801110
-4.782696
-4.784003
-4.768954
-4.786934
-4.756954
-4.786934
-4.768954
-4.784003
-4.782695
-4.801109
-4.789549
-4.823132
-4.807691
-4.823012
-4.847394
-4.854362
-4.886836
-4.846626
-4.871851
-4.832064
-4.876094
-4.828968
-4.881685
-4.832591
-4.881204
-4.839408
-4.890448
-4.839012
-4.898755
-4.847077
-4.899247
-4.849747
-4.905354
-4.842475
-4.904314
-4.835865
-4.889114
-4.827023
-4.889715
-4.838697
-4.853488
-4.852662
-4.847993
-4.852746
-4.852465
-4.849345
-4.863062
-4.857208
-4.868058
-4.867697
-4.884749
-4.871924
-4.899356
-4.884702
-4.906524
-4.891211
-4.918424
-4.887836
-4.924228
-4.889298
-4.905123
-4.856794
-4.819155
-4.859710
-4.815545
-4.855771
-4.820211
-4.861401
-4.818536
-4.871230
-4.828932
-4.874568
-4.838435
-4.888134
-4.840350
-4.896368
-4.848419
-4.895703
-4.848132
-4.897111
-4.835419
-4.889298
-4.854019
-4.825313
-4.838266
-4.834618
-4.835954
-4.834782
-4.843275
-4.848235
-4.845689
-4.864193
-4.861957
-4.874942
-4.875784
-4.895758
-4.882432
-4.910137
-4.893843
-4.916216
-4.897111
-4.924228
-4.834239
-4.811383
-4.832726
-4.800522
-4.841475
-4.804510
-4.841599
-4.813832
-4.856627
-4.817799
-4.869882
-4.833810
-4.876331
-4.843688
-4.889779
-4.845207
-4.893843
-4.848131
-4.887837
-4.825752
-4.809258
-4.828566
-4.813977
-4.820989
-4.826651
-4.832098
-4.833331
-4.845764
-4.856811
-4.855357
-4.877046
-4.876397
-4.890868
-4.889779
-4.910138
-4.895703
-4.918424
-4.825334
-4.787465
-4.813658
-4.792704
-4.822707
-4.789690
-4.835249
-4.805813
-4.842101
-4.819841
-4.862763
-4.827874
-4.876397
-4.843688
-4.882431
-4.848419
-4.891211
-4.806215
-4.803348
-4.809754
-4.797552
-4.817911
-4.815267
-4.821177
-4.833800
-4.843788
-4.849278
-4.862762
-4.877046
-4.876331
-4.895758
-4.896368
-4.906525
-4.805249
-4.768967
-4.809344
-4.779279
-4.807167
-4.790515
-4.827698
-4.797681
-4.843788
-4.819841
-4.855357
-4.833810
-4.875784
-4.840350
-4.884701
-4.803528
-4.790635
-4.795008
-4.799016
-4.811986
-4.805506
-4.827698
-4.833799
-4.842101
-4.856811
-4.869882
-4.874942
-4.888133
-4.899356
-4.789745
-4.770775
-4.802048
-4.768333
-4.811986
-4.790515
-4.821177
-4.805813
-4.845764
-4.817799
-4.861957
-4.838435
-4.871923
-4.796738
-4.779448
-4.802048
-4.799015
-4.807167
-4.815267
-4.835249
-4.833331
-4.856627
-4.864193
-4.874567
-4.884749
-4.796738
-4.770775
-4.795008
-4.779278
-4.817911
-4.789690
-4.832098
-4.813832
-4.845689
-4.828932
-4.867697
-4.789745
-4.790635
-4.809344
-4.797551
-4.822708
-4.826650
-4.841599
-4.848235
-4.871230
-4.868058
-4.803528
-4.768966
-4.809753
-4.792704
-4.820989
-4.804510
-4.843275
-4.818536
-4.857207
-4.805248
-4.803348
-4.813658
-4.813978
-4.841474
-4.834782
-4.861401
-4.863061
-4.806214
-4.787465
-4.828567
-4.800521
-4.835954
-4.820211
-4.849345
-4.825334
-4.809258
-4.832726
-4.834618
-4.855770
-4.852464
-4.825752
-4.811383
-4.838265
-4.815545
-4.852746
-4.834239
-4.825313
-4.859709
-4.847993
-4.854019
-4.819155
-4.852662
-4.856794
-4.853488
-4.838696
-4.422168
-4.436937
-4.428437
-4.440923
-4.464513
-4.460269
-4.484927
-4.485891
-4.499123
-4.497986
-4.517181
-4.495019
-4.517181
-4.497986
-4.499123
-4.485892
-4.484927
-4.460270
-4.464513
-4.440923
-4.428437
-4.436938
-4.422167
-4.455908
-4.420292
-4.444026
-4.400297
-4.452390
-4.400563
-4.448647
-4.396867
-4.440142
-4.388586
-4.432072
-4.373753
-4.420617
-4.361466
-4.405759
-4.346259
-4.395762
-4.330709
-4.384443
-4.318834
-4.375411
-4.305943
-4.385533
-4.423278
-4.426429
-4.447955
-4.433472
-4.440193
-4.437924
-4.433319
-4.436760
-4.426389
-4.429208
-4.415910
-4.424449
-4.400762
-4.417340
-4.390427
-4.409476
-4.378221
-4.409095
-4.366510
-4.411387
-4.364751
-4.412881
-4.460709
-4.426617
-4.462495
-4.427902
-4.463695
-4.423651
-4.460631
-4.412878
-4.451886
-4.402509
-4.435463
-4.386993
-4.422223
-4.367182
-4.405869
-4.352592
-4.388676
-4.336817
-4.377125
-4.318978
-4.364751
-4.469102
-4.445902
-4.467109
-4.454217
-4.462162
-4.453596
-4.454719
-4.451343
-4.439342
-4.443250
-4.427386
-4.429887
-4.412028
-4.422740
-4.394887
-4.414738
-4.384710
-4.408626
-4.377125
-4.411387
-4.473214
-4.452716
-4.478063
-4.449020
-4.479917
-4.443372
-4.469245
-4.431518
-4.458581
-4.410810
-4.441223
-4.394189
-4.418788
-4.374139
-4.402126
-4.352834
-4.384709
-4.336817
-4.366510
-4.483722
-4.468644
-4.489362
-4.473327
-4.479275
-4.472451
-4.470092
-4.459441
-4.454216
-4.450378
-4.432809
-4.437167
-4.417946
-4.422338
-4.402126
-4.414738
-4.388676
-4.409095
-4.498126
-4.469804
-4.494209
-4.471062
-4.492338
-4.455340
-4.480980
-4.442069
-4.458836
-4.420691
-4.440561
-4.394141
-4.417946
-4.374139
-4.394888
-4.352593
-4.378220
-4.499463
-4.495019
-4.503999
-4.487117
-4.497513
-4.483285
-4.476727
-4.470056
-4.461343
-4.450052
-4.440561
-4.437167
-4.418789
-4.422740
-4.405869
-4.409477
-4.512908
-4.482464
-4.514009
-4.482131
-4.496893
-4.468599
-4.484639
-4.442706
-4.461343
-4.420692
-4.432809
-4.394189
-4.412028
-4.367182
-4.390427
-4.521753
-4.508567
-4.510636
-4.503007
-4.503862
-4.483404
-4.484639
-4.470056
-4.458836
-4.450378
-4.441223
-4.429887
-4.422224
-4.417339
-4.518177
-4.498989
-4.519988
-4.481537
-4.503862
-4.468599
-4.476727
-4.442069
-4.454216
-4.410810
-4.427386
-4.386993
-4.400763
-4.527917
-4.507154
-4.519988
-4.503007
-4.496894
-4.483284
-4.480981
-4.459441
-4.458581
-4.443250
-4.435464
-4.424448
-4.527917
-4.498989
-4.510635
-4.482132
-4.497512
-4.455340
-4.470092
-4.431517
-4.439342
-4.402509
-4.415911
-4.518177
-4.508566
-4.514009
-4.487118
-4.492337
-4.472452
-4.469245
-4.451342
-4.451886
-4.429208
-4.521753
-4.482465
-4.504000
-4.471061
-4.479275
-4.443372
-4.454718
-4.412878
-4.426389
-4.512907
-4.495019
-4.494209
-4.473326
-4.479917
-4.453596
-4.460631
-4.436759
-4.499464
-4.469804
-4.489362
-4.449021
-4.462161
-4.423651
-4.433320
-4.498126
-4.468643
-4.478063
-4.454216
-4.463696
-4.437924
-4.483721
-4.452716
-4.467109
-4.427902
-4.440192
-4.473215
-4.445901
-4.462494
-4.433472
-4.469102
-4.426618
-4.447954
-4.460709
-4.426428
-4.423279
-4.455617
-4.420454
-4.443105
-4.400115
-4.453033
-4.398296
-4.449480
-4.397008
-4.438487
-4.388248
-4.434036
-4.369712
-4.422410
-4.361173
-4.404113
-4.345262
-4.398534
-4.325703
-4.386893
-4.317582
-4.374494
-4.303681
-4.388565
-4.423497
-4.426537
-4.449010
-4.432379
-4.441475
-4.438904
-4.432481
-4.437598
-4.428599
-4.426610
-4.417898
-4.425568
-4.399227
-4.418103
-4.393307
-4.406324
-4.380843
-4.410191
-4.365432
-4.412174
-4.367845
-4.410259
-4.460561
-4.425781
-4.462635
-4.428017
-4.462410
-4.423604
-4.461961
-4.409503
-4.453157
-4.402289
-4.433492
-4.386406
-4.424745
-4.362433
-4.408348
-4.351887
-4.387313
-4.335507
-4.380161
-4.313379
-4.367845
-4.469635
-4.446203
-4.466858
-4.454806
-4.463801
-4.451682
-4.456211
-4.452108
-4.437765
-4.444034
-4.430028
-4.426776
-4.414605
-4.423802
-4.393414
-4.415531
-4.387708
-4.405290
-4.380161
-4.412174
-4.472639
-4.452735
-4.478588
-4.447195
-4.480620
-4.443175
-4.467358
-4.431334
-4.460836
-4.406988
-4.443644
-4.394028
-4.417115
-4.373444
-4.404984
-4.347585
-4.387708
-4.335507
-4.365432
-4.484347
-4.468046
-4.490415
-4.473813
-4.478123
-4.472997
-4.472303
-4.457262
-4.456865
-4.451674
-4.431262
-4.438025
-4.420668
-4.418808
-4.404984
-4.415531
-4.387313
-4.410192
-4.498124
-4.469862
-4.493113
-4.470855
-4.493501
-4.452745
-4.483114
-4.442469
-4.457200
-4.420316
-4.442921
-4.389340
-4.420669
-4.373444
-4.393414
-4.351887
-4.380843
-4.499481
-4.495256
-4.504974
-4.485594
-4.499272
-4.484447
-4.475429
-4.470527
-4.463080
-4.446446
-4.442921
-4.438025
-4.417116
-4.423802
-4.408348
-4.406325
-4.512960
-4.481316
-4.514712
-4.482373
-4.495833
-4.468463
-4.485909
-4.438169
-4.463080
-4.420316
-4.431262
-4.394027
-4.414606
-4.362432
-4.393308
-4.522166
-4.508835
-4.510002
-4.503607
-4.505229
-4.480620
-4.485909
-4.470527
-4.457199
-4.451674
-4.443644
-4.426776
-4.424746
-4.418103
-4.517753
-4.498938
-4.520865
-4.479357
-4.505229
-4.468463
-4.475429
-4.442469
-4.456865
-4.406988
-4.430029
-4.386406
-4.399228
-4.528191
-4.506198
-4.520865
-4.503607
-4.495833
-4.484448
-4.483114
-4.457263
-4.460836
-4.444034
-4.433493
-4.425568
-4.528192
-4.498939
-4.510002
-4.482373
-4.499272
-4.452745
-4.472303
-4.431335
-4.437765
-4.402289
-4.417899
-4.517753
-4.508836
-4.514712
-4.485594
-4.493502
-4.472997
-4.467358
-4.452109
-4.453157
-4.426610
-4.522166
-4.481316
-4.504973
-4.470855
-4.478123
-4.443175
-4.456212
-4.409502
-4.428599
-4.512960
-4.495255
-4.493113
-4.473814
-4.480620
-4.451682
-4.461962
-4.437599
-4.499480
-4.469863
-4.490416
-4.447195
-4.463802
-4.423604
-4.432481
-4.498124
-4.468046
-4.478588
-4.454807
-4.462410
-4.438905
-4.484347
-4.452735
-4.466858
-4.428017
-4.441476
-4.472638
-4.446204
-4.462636
-4.432379
-4.469636
-4.425781
-4.449011
-4.460561
-4.426538
-4.423496

