Tension at each vertex
-51.623235
-51.623281
-51.617829
-51.617856
-57.736740
-55.342031
-57.736741
-55.342026
-54.130258
-54.122534
-52.462091
-52.445289
-62.496252
-54.506170
-62.402444
-55.157330
-62.747701
-55.544984
-62.943545
-56.204584
-63.125092
-56.840894
-63.505730
-57.415248
-63.908451
-58.018409
-64.224837
-58.465560
-64.556964
-58.671449
-64.779583
-58.811552
-64.792035
-58.745513
-65.292786
-63.671033
-65.919043
-64.244585
-65.430828
-64.382849
-65.447874
-64.355387
-65.435739
-64.484253
-65.373802
-64.595096
-65.423194
-64.652156
-65.455872
-64.799798
-65.406744
-64.902852
-65.428509
-64.917355
-65.364735
-65.190136
-64.949818
-62.878840
-55.033772
-62.962956
-55.534002
-62.900300
-56.008294
-63.098953
-56.441740
-63.363617
-57.027928
-63.662611
-57.612429
-64.088796
-58.073049
-64.451105
-58.496691
-64.673887
-58.715929
-64.979500
-58.631114
-65.190505
-63.676755
-65.639126
-63.842938
-65.551951
-64.026586
-65.419923
-64.164412
-65.421192
-64.248064
-65.424391
-64.417242
-65.380162
-64.573147
-65.427571
-64.668743
-65.405855
-64.854590
-65.265974
-64.979097
-65.364603
-63.353227
-55.141734
-63.103807
-55.597934
-63.123212
-56.096057
-63.231498
-56.615740
-63.528878
-57.131235
-63.897725
-57.715464
-64.224340
-58.183564
-64.601541
-58.452940
-64.855088
-58.715968
-64.917802
-63.252795
-65.787855
-63.586014
-65.588756
-63.773534
-65.491043
-63.953240
-65.412515
-64.104850
-65.409694
-64.208785
-65.411468
-64.424466
-65.371403
-64.601163
-65.405650
-64.673466
-65.428436
-63.342476
-55.157748
-63.275952
-55.646330
-63.277787
-56.139012
-63.431475
-56.684176
-63.684562
-57.244553
-64.072772
-57.714451
-64.425008
-58.183558
-64.669227
-58.497078
-64.902926
-63.346403
-65.728237
-63.419177
-65.640567
-63.601054
-65.536642
-63.754107
-65.458192
-63.908000
-65.369931
-64.072444
-65.411210
-64.223933
-65.427528
-64.450248
-65.406857
-63.203387
-55.352722
-63.304665
-55.698537
-63.407071
-56.166715
-63.597581
-56.681180
-63.908499
-57.244529
-64.209267
-57.715902
-64.573152
-58.073866
-64.799997
-63.321753
-65.639848
-63.398533
-65.620378
-63.487543
-65.552749
-63.597346
-65.457913
-63.684226
-65.409650
-63.896826
-65.380309
-64.088106
-65.455347
-63.255985
-55.409707
-63.328622
-55.752741
-63.487848
-56.166707
-63.754515
-56.684641
-64.104761
-57.132147
-64.417417
-57.612821
-64.652718
-63.263049
-65.659716
-63.328419
-65.620173
-63.406897
-65.536577
-63.430623
-65.412709
-63.528199
-65.423800
-63.662331
-65.422865
-63.263074
-55.409791
-63.398818
-55.698892
-63.600817
-56.140022
-63.953300
-56.616153
-64.248657
-57.028812
-64.594683
-63.255969
-65.639682
-63.303973
-65.640906
-63.277108
-65.490442
-63.231327
-65.420830
-63.362314
-65.374156
-63.321420
-55.353820
-63.418880
-55.646727
-63.774105
-56.096953
-64.163896
-56.443651
-64.484031
-63.202640
-65.727772
-63.276015
-65.588321
-63.121875
-65.420404
-63.097837
-65.434816
-63.346845
-55.158439
-63.585231
-55.600049
-64.026186
-56.009126
-64.356168
-63.341333
-65.788630
-63.102578
-65.550938
-62.900280
-65.447189
-63.251801
-55.142592
-63.843735
-55.535356
-64.381821
-63.353633
-65.638306
-62.961031
-65.431606
-63.675349
-55.037197
-64.243681
-62.877086
-65.917550
-63.672017
-66.862934
-54.836916
-66.060363
-54.453917
-65.908195
-54.989663
-65.593706
-55.156985
-65.633443
-55.162665
-65.622409
-55.214985
-65.622465
-55.162461
-65.632952
-55.156432
-65.594277
-54.987330
-65.908932
-54.452818
-66.059173
-54.835397
-66.864355
-62.443041
-54.350203
-62.182683
-54.824228
-62.336438
-54.991877
-62.293166
-55.384658
-62.176617
-55.688616
-62.209438
-55.889371
-62.234265
-56.132954
-62.217552
-56.284958
-62.320000
-56.315069
-62.409813
-56.393177
-62.390080
-56.314720
-62.915049
-63.580167
-65.772571
-63.988863
-65.113671
-63.936578
-64.918361
-63.673219
-64.642660
-63.504433
-64.260478
-63.260543
-63.944399
-62.946096
-63.620449
-62.765307
-63.297259
-62.633580
-63.158653
-62.524850
-63.025783
-62.762961
-62.625243
-62.812763
-54.871943
-62.727001
-55.182464
-62.463149
-55.429204
-62.409955
-55.580916
-62.363495
-55.823053
-62.301812
-56.028077
-62.356187
-56.134751
-62.395797
-56.289045
-62.400312
-56.347899
-62.595877
-56.195772
-62.762779
-63.582589
-65.482839
-63.579885
-65.217299
-63.561363
-64.867022
-63.449648
-64.591897
-63.224294
-64.260053
-63.033018
-63.851543
-62.819464
-63.558960
-62.601326
-63.278027
-62.579372
-62.987589
-62.598270
-63.024961
-63.283958
-54.971068
-62.855844
-55.232700
-62.665115
-55.491751
-62.512674
-55.716290
-62.490045
-55.883949
-62.495193
-56.095704
-62.457501
-56.219441
-62.529510
-56.228715
-62.579328
-56.346833
-62.523437
-63.158554
-65.627564
-63.315877
-65.242334
-63.294971
-64.916448
-63.215128
-64.555754
-63.051100
-64.217952
-62.796065
-63.859550
-62.653850
-63.488280
-62.531272
-63.277468
-62.401138
-63.159519
-63.266642
-54.980749
-63.018397
-55.266776
-62.802209
-55.514640
-62.689906
-55.763068
-62.623875
-55.977420
-62.654621
-56.080432
-62.653995
-56.218579
-62.600218
-56.289189
-62.633294
-63.254116
-65.562134
-63.144584
-65.284819
-63.112064
-64.949690
-63.004147
-64.589163
-62.843906
-64.167824
-62.655898
-63.859118
-62.457923
-63.559911
-62.397206
-63.295604
-63.122501
-55.171125
-63.037063
-55.309999
-62.920188
-55.532653
-62.846933
-55.752132
-62.844193
-55.976704
-62.795282
-56.095927
-62.819177
-56.132253
-62.766736
-63.230098
-65.470471
-63.122900
-65.259698
-62.996874
-64.961721
-62.847739
-64.588849
-62.624025
-64.218842
-62.496026
-63.850402
-62.358909
-63.620503
-63.170996
-55.224808
-63.055348
-55.360844
-62.997183
-55.532137
-63.003687
-55.763241
-63.050944
-55.881979
-63.034272
-56.026742
-62.944540
-63.174279
-65.489259
-63.055702
-65.259555
-62.920149
-64.950353
-62.690408
-64.554938
-62.492049
-64.260173
-62.301583
-63.945949
-63.174521
-55.224533
-63.122710
-55.310009
-63.112181
-55.513084
-63.216215
-55.715187
-63.223144
-55.822848
-63.261145
-63.170832
-65.470844
-63.037440
-65.284191
-62.803545
-64.916624
-62.512372
-64.593233
-62.364987
-64.258702
-63.230533
-55.169854
-63.145486
-55.265968
-63.294247
-55.491466
-63.450232
-55.577524
-63.506369
-63.123248
-65.562425
-63.018033
-65.243269
-62.666253
-64.865705
-62.412488
-64.643261
-63.253775
-54.980265
-63.316708
-55.229940
-63.562954
-55.427765
-63.671764
-63.267613
-65.626533
-62.857565
-65.217924
-62.462592
-64.920058
-63.159902
-54.969962
-63.578989
-55.181682
-63.937678
-63.283349
-65.483970
-62.728666
-65.112103
-63.584099
-54.868168
-63.990806
-62.814654
-65.773656
-63.579320
-66.637253
-53.140967
-65.710710
-54.223064
-65.462097
-54.687811
-65.406439
-55.098464
-65.301261
-55.489181
-65.307860
-55.748303
-65.369877
-56.001870
-65.403646
-56.187602
-65.510525
-56.212610
-65.687411
-56.098208
-65.841171
-55.889574
-66.343280
-64.816027
-64.970557
-64.908706
-64.779032
-64.907054
-64.670784
-64.903186
-64.677845
-64.975071
-64.628946
-65.095303
-64.640560
-65.171086
-64.632435
-65.299911
-64.567618
-65.404493
-64.496367
-65.562674
-64.321765
-65.932648
-64.099172
-65.493246
-58.894972
-65.445753
-59.107864
-65.357402
-59.253201
-65.307781
-59.215342
-65.312168
-59.132423
-65.262289
-58.950141
-65.275621
-58.607608
-65.276228
-58.169482
-65.288921
-57.524659
-65.378644
-56.739900
-65.426123
-65.017422
-64.785886
-64.880007
-64.740219
-64.900841
-64.622115
-65.011571
-64.570680
-65.069298
-64.535589
-65.197728
-64.427435
-65.319048
-64.330248
-65.428484
-64.148929
-65.586591
-63.961633
-65.715557
-63.872278
-65.412552
-58.991714
-65.445977
-59.019484
-65.455839
-59.039153
-65.377976
-58.988031
-65.368955
-58.763239
-65.364686
-58.478771
-65.333743
-58.038560
-65.362685
-57.475764
-65.362182
-56.847460
-65.395103
-64.938090
-64.621532
-64.959090
-64.560810
-64.958496
-64.507124
-65.061083
-64.365220
-65.182112
-64.265755
-65.258619
-64.105939
-65.396475
-63.893199
-65.497774
-63.701647
-65.612207
-63.531395
-65.509140
-58.792721
-65.453164
-58.821497
-65.451362
-58.694208
-65.446485
-58.540833
-65.378248
-58.258538
-65.385629
-57.831358
-65.361219
-57.361385
-65.349257
-56.785496
-65.348013
-64.860530
-64.476152
-64.934075
-64.313783
-65.030889
-64.218402
-65.074733
-64.081808
-65.207143
-63.862441
-65.304591
-63.686958
-65.388562
-63.458057
-65.503273
-63.304147
-65.483329
-58.412887
-65.494159
-58.362640
-65.412948
-58.210482
-65.414401
-57.896877
-65.385261
-57.574722
-65.329335
-57.123731
-65.341923
-56.643559
-65.285195
-64.858862
-64.153407
-64.878021
-64.026516
-65.002905
-63.814651
-65.109200
-63.671372
-65.167559
-63.458438
-65.306223
-63.241219
-65.366050
-63.119866
-65.414432
-57.936820
-65.439987
-57.717741
-65.416945
-57.517062
-65.331557
-57.195151
-65.351358
-56.790010
-65.304229
-56.431372
-65.269314
-64.786815
-63.728532
-64.895017
-63.610929
-64.946073
-63.444181
-65.107497
-63.216810
-65.189108
-63.089024
-65.263710
-62.896020
-65.436716
-57.268625
-65.368109
-57.047301
-65.381627
-56.706719
-65.340479
-56.450325
-65.293602
-56.075402
-65.335451
-64.711374
-63.371814
-64.885201
-63.167104
-65.019399
-63.084217
-65.088444
-62.887516
-65.260549
-62.704197
-65.431811
-56.512709
-65.432146
-56.292426
-65.324744
-55.978564
-65.404781
-55.659701
-65.363851
-64.768657
-63.003581
-64.882496
-62.907177
-65.145443
-62.706144
-65.211280
-62.607461
-65.439531
-55.867012
-65.496696
-55.435233
-65.440857
-55.294048
-65.443098
-64.796818
-62.644186
-65.114362
-62.725973
-65.212271
-62.431435
-65.668917
-55.146046
-65.453737
-54.732126
-65.655482
-64.750801
-62.623924
-65.437439
-62.346295
-65.868070
-54.089262
-65.710345
-65.191617
-62.602481
-65.877417
-62.440785
-54.351788
-62.183271
-54.826100
-62.333490
-54.996345
-62.291170
-55.385213
-62.177283
-55.690289
-62.206133
-55.893539
-62.232178
-56.133220
-62.217626
-56.286509
-62.316396
-56.318285
-62.407554
-56.393235
-62.388645
-56.316159
-62.911646
-63.229696
-56.575444
-62.968198
-56.787408
-62.906777
-56.969959
-62.875444
-57.010561
-62.787615
-56.989977
-62.762257
-56.827051
-62.775443
-56.625210
-62.802484
-56.321089
-62.926842
-55.917619
-63.063077
-55.419400
-63.312553
-54.491555
-63.833854
-65.770635
-62.427179
-65.507127
-62.057408
-65.335766
-62.012317
-64.992256
-62.040542
-64.759309
-61.971868
-64.563142
-61.979834
-64.314832
-62.021522
-64.142510
-62.022402
-64.040612
-62.072194
-63.931434
-62.285104
-63.827648
-62.375674
-64.974051
-53.815750
-65.100785
-54.328734
-64.745193
-54.741002
-64.590431
-54.938954
-64.468446
-55.165573
-64.283789
-55.328486
-64.188074
-55.343947
-64.147268
-55.297041
-64.088562
-55.211033
-64.044302
-54.967213
-64.190356
-65.592975
-62.266719
-65.057075
-62.221434
-64.895576
-62.035662
-64.686117
-62.024201
-64.378070
-62.019056
-64.173201
-61.954054
-64.006203
-61.956995
-63.820049
-62.026939
-63.659793
-62.132433
-63.563096
-62.366881
-64.351461
-54.660841
-64.566319
-54.786176
-64.423519
-55.136526
-64.167281
-55.395734
-64.045374
-55.507725
-63.943470
-55.612599
-63.815328
-55.657470
-63.738282
-55.606362
-63.698266
-55.515119
-63.574869
-65.195009
-62.060293
-64.858246
-62.133621
-64.490881
-62.095877
-64.278409
-61.989650
-64.052130
-61.980865
-63.794148
-61.987216
-63.610586
-62.000076
-63.455510
-62.099021
-63.259541
-62.354936
-64.170220
-55.123002
-64.062333
-55.335363
-63.969791
-55.507808
-63.811961
-55.735365
-63.620933
-55.874588
-63.523355
-55.920874
-63.438104
-55.957656
-63.337226
-55.985719
-63.216058
-64.713392
-62.134546
-64.485825
-62.058115
-64.187282
-62.065635
-63.871231
-62.029051
-63.663754
-61.979361
-63.455354
-62.023843
-63.244794
-62.120020
-63.069877
-62.277098
-63.855053
-55.448498
-63.723302
-55.712698
-63.510440
-55.906763
-63.395767
-56.027576
-63.261501
-56.172309
-63.134267
-56.251912
-63.068034
-56.293750
-62.983957
-64.389792
-62.152281
-64.055255
-62.108369
-63.814520
-62.030355
-63.551142
-62.047775
-63.302954
-62.058263
-63.136989
-62.108175
-62.967008
-62.246592
-63.451447
-55.827233
-63.338002
-55.982158
-63.164040
-56.204149
-62.997995
-56.339746
-62.932017
-56.437892
-62.857379
-56.556759
-62.786470
-64.024745
-62.125881
-63.733725
-62.131676
-63.439445
-62.091278
-63.263577
-62.076029
-63.067549
-62.151191
-62.900045
-62.227572
-63.144598
-56.106990
-62.942340
-56.272862
-62.854786
-56.416272
-62.742399
-56.601090
-62.679099
-56.718934
-62.679629
-63.632319
-62.193189
-63.441577
-62.125605
-63.215283
-62.166880
-63.035519
-62.172966
-62.924829
-62.220469
-62.858236
-56.269092
-62.706784
-56.493168
-62.594060
-56.636265
-62.589785
-56.801015
-62.568708
-63.396287
-62.249475
-63.184904
-62.211888
-63.089267
-62.221901
-62.932049
-62.279120
-62.603507
-56.452796
-62.561186
-56.604216
-62.477357
-56.837350
-62.502474
-63.224288
-62.265381
-63.089861
-62.336957
-62.986679
-62.303032
-62.541780
-56.564720
-62.439627
-56.711472
-62.494629
-63.056888
-62.407196
-63.072762
-62.417650
-62.559010
-56.484438
-62.503942
-63.156805
-62.604069
-62.363307
-66.571342
-53.053661
-65.552813
-54.023441
-65.200265
-54.369999
-65.024160
-54.646809
-64.786214
-54.890282
-64.642655
-54.988689
-64.548005
-55.069389
-64.416713
-55.091889
-64.356281
-54.952147
-64.394495
-54.682724
-64.417123
-54.368821
-64.837750
-65.279674
-65.886325
-65.334482
-65.528032
-65.404490
-65.495705
-65.347467
-65.499009
-65.401339
-65.421286
-65.391008
-65.343735
-65.265896
-65.143103
-65.125977
-64.858760
-64.869611
-64.651988
-64.619117
-64.281245
-64.668466
-63.917241
-63.935761
-55.556088
-63.464682
-55.469011
-62.813013
-55.277892
-62.379984
-54.968233
-62.039970
-54.789022
-61.812145
-54.679799
-61.819121
-54.633118
-61.914537
-54.690193
-62.075574
-54.589476
-62.421334
-54.365523
-62.556956
-65.343774
-65.761800
-65.161556
-65.669862
-65.245726
-65.501155
-65.325687
-65.460756
-65.319206
-65.368360
-65.310549
-65.169584
-65.186499
-64.952980
-64.988334
-64.613355
-64.881417
-64.240894
-64.657617
-64.105809
-63.525564
-55.767306
-63.116385
-55.406812
-62.667796
-55.166058
-62.208750
-54.933995
-61.954148
-54.744606
-61.841872
-54.711361
-61.863247
-54.695455
-62.059326
-54.658959
-62.203192
-54.705677
-62.289411
-65.285655
-65.584740
-65.250635
-65.540841
-65.216613
-65.485427
-65.289229
-65.371412
-65.298313
-65.257499
-65.201280
-65.029218
-65.087010
-64.713948
-64.874919
-64.465549
-64.621319
-64.172265
-63.251654
-55.750557
-62.790883
-55.423160
-62.410387
-55.083849
-62.083197
-54.887279
-61.864843
-54.775018
-61.856606
-54.737485
-61.931469
-54.810944
-62.028898
-54.826893
-62.167896
-65.267209
-65.518328
-65.254599
-65.432041
-65.287713
-65.412874
-65.279904
-65.325494
-65.258628
-65.133822
-65.125178
-64.911627
-64.899619
-64.608424
-64.700411
-64.315518
-62.962247
-55.651171
-62.585096
-55.316573
-62.182541
-55.031884
-61.937790
-54.835938
-61.825032
-54.804405
-61.834259
-54.836092
-61.970459
-54.885124
-62.034402
-65.309946
-65.422337
-65.267191
-65.418645
-65.314581
-65.360375
-65.299842
-65.263762
-65.182736
-65.057573
-65.010810
-64.764577
-64.744817
-64.519054
-62.719778
-55.537545
-62.351074
-55.152137
-62.020288
-54.914011
-61.816249
-54.801603
-61.794802
-54.803714
-61.875324
-54.921909
-61.959588
-65.302949
-65.362778
-65.339064
-65.399604
-65.344532
-65.355929
-65.284088
-65.203923
-65.109440
-64.970239
-64.828995
-64.666005
-62.555115
-55.311841
-62.141888
-54.972978
-61.863746
-54.781264
-61.754449
-54.748103
-61.801680
-54.837974
-61.953349
-65.325637
-65.391844
-65.392274
-65.430707
-65.382177
-65.350347
-65.252947
-65.146664
-64.989936
-64.840050
-62.352137
-55.044203
-61.971981
-54.732449
-61.776130
-54.624382
-61.755135
-54.705783
-61.896000
-65.423815
-65.426426
-65.496469
-65.471152
-65.397952
-65.364109
-65.145522
-65.072886
-62.190110
-54.728270
-61.804802
-54.521114
-61.702871
-54.512626
-61.868199
-65.493560
-65.576000
-65.556073
-65.526189
-65.404859
-65.263610
-62.046706
-54.310223
-61.778150
-54.210156
-61.843497
-65.712568
-65.703958
-65.632891
-65.587846
-61.818036
-53.889637
-61.726188
-66.084341
-66.053439
-61.433754
-66.862711
-54.837040
-66.060295
-54.453957
-65.908129
-54.989704
-65.593700
-55.156989
-65.633423
-55.162665
-65.622398
-55.214978
-65.622453
-55.162450
-65.632942
-55.156429
-65.594269
-54.987337
-65.908907
-54.452821
-66.059133
-54.835394
-66.864237
-62.498966
-54.504049
-62.402331
-55.156025
-62.749320
-55.541959
-62.945375
-56.203273
-63.125240
-56.840120
-63.506777
-57.413535
-63.909681
-58.017585
-64.225172
-58.465165
-64.557647
-58.670712
-64.780334
-58.811239
-64.792406
-58.745406
-65.293154
-63.672079
-65.917450
-64.243716
-65.431586
-64.381837
-65.447169
-64.356181
-65.434803
-64.484038
-65.374145
-64.594690
-65.422856
-64.652721
-65.455344
-64.799997
-65.406856
-64.902927
-65.428433
-64.917802
-65.364601
-65.190504
-64.949818
-62.877018
-55.037264
-62.961027
-55.535349
-62.900287
-56.009127
-63.097837
-56.443651
-63.362316
-57.028807
-63.662334
-57.612821
-64.088105
-58.073869
-64.450249
-58.497077
-64.673470
-58.715966
-64.979102
-58.631113
-65.190137
-63.675427
-65.638238
-63.843748
-65.550919
-64.026198
-65.420391
-64.163906
-65.420814
-64.248667
-65.423789
-64.417421
-65.380305
-64.573154
-65.427524
-64.669232
-65.405645
-64.855092
-65.265969
-64.979502
-65.364733
-63.353610
-55.142593
-63.102585
-55.600060
-63.121880
-56.096953
-63.231329
-56.616151
-63.528200
-57.132149
-63.896826
-57.715904
-64.223935
-58.183557
-64.601167
-58.452937
-64.854594
-58.715927
-64.917359
-63.251819
-65.788626
-63.585253
-65.588308
-63.774122
-65.490423
-63.953310
-65.412699
-64.104767
-65.409644
-64.209271
-65.411204
-64.425013
-65.371398
-64.601547
-65.405851
-64.673890
-65.428506
-63.341363
-55.158453
-63.276022
-55.646730
-63.277108
-56.140023
-63.430621
-56.684643
-63.684223
-57.244530
-64.072443
-57.714452
-64.424468
-58.183564
-64.668746
-58.496692
-64.902853
-63.346863
-65.727757
-63.418890
-65.640888
-63.600830
-65.536562
-63.754522
-65.457903
-63.908502
-65.369926
-64.072776
-65.411464
-64.224345
-65.427569
-64.451108
-65.406745
-63.202645
-55.353817
-63.303976
-55.698894
-63.406898
-56.166705
-63.597341
-56.681182
-63.907996
-57.244557
-64.208785
-57.715468
-64.573146
-58.073053
-64.799795
-63.321429
-65.639669
-63.398830
-65.620156
-63.487856
-65.552737
-63.597586
-65.458187
-63.684568
-65.409693
-63.897730
-65.380163
-64.088798
-65.455874
-63.255978
-55.409789
-63.328421
-55.752737
-63.487538
-56.166714
-63.754105
-56.684180
-64.104850
-57.131241
-64.417241
-57.612433
-64.652156
-63.263083
-65.659698
-63.328619
-65.620359
-63.407076
-65.536634
-63.431484
-65.412516
-63.528886
-65.424391
-63.662618
-65.423192
-63.263047
-55.409700
-63.398528
-55.698525
-63.601048
-56.139010
-63.953241
-56.615746
-64.248068
-57.027930
-64.595100
-63.255983
-65.639826
-63.304657
-65.640546
-63.277784
-65.491041
-63.231511
-65.421195
-63.363630
-65.373806
-63.321755
-55.352719
-63.419161
-55.646308
-63.773516
-56.096056
-64.164418
-56.441752
-64.484256
-63.203376
-65.728218
-63.275932
-65.588726
-63.123201
-65.419928
-63.098965
-65.435754
-63.346405
-55.157749
-63.585990
-55.597897
-64.026556
-56.008299
-64.355393
-63.342465
-65.787850
-63.103791
-65.551914
-62.900272
-65.447873
-63.252803
-55.141727
-63.842910
-55.533957
-64.382818
-63.353224
-65.639133
-62.962948
-65.430783
-63.676748
-55.033753
-64.244589
-62.878893
-65.919038
-63.671075
-62.440865
-54.351809
-62.183297
-54.826104
-62.333499
-54.996346
-62.291175
-55.385214
-62.177288
-55.690288
-62.206139
-55.893538
-62.232181
-56.133223
-62.217625
-56.286512
-62.316400
-56.318282
-62.407562
-56.393230
-62.388652
-56.316153
-62.911652
-63.579366
-65.773650
-63.990826
-65.112101
-63.937679
-64.920063
-63.671762
-64.643264
-63.506368
-64.258700
-63.261145
-63.945949
-62.944537
-63.620504
-62.766737
-63.295600
-62.633300
-63.159514
-62.523445
-63.024955
-62.762788
-62.625237
-62.814698
-54.868154
-62.728671
-55.181683
-62.462596
-55.427769
-62.412494
-55.577524
-62.364994
-55.822850
-62.301585
-56.026747
-62.358912
-56.132253
-62.397214
-56.289185
-62.401146
-56.346828
-62.598277
-56.195765
-62.762967
-63.584089
-65.483974
-63.578982
-65.217929
-63.562951
-64.865705
-63.450232
-64.593229
-63.223141
-64.260173
-63.034269
-63.850400
-62.819181
-63.559904
-62.600224
-63.277462
-62.579336
-62.987581
-62.595887
-63.025777
-63.283341
-54.969956
-62.857572
-55.229940
-62.666261
-55.491463
-62.512377
-55.715190
-62.492051
-55.881983
-62.496033
-56.095926
-62.457931
-56.218576
-62.531281
-56.228710
-62.579380
-56.347893
-62.524855
-63.159908
-65.626529
-63.316706
-65.243266
-63.294242
-64.916622
-63.216210
-64.554937
-63.050942
-64.218838
-62.795284
-63.859112
-62.654001
-63.488272
-62.529517
-63.278020
-62.400319
-63.158646
-63.267603
-54.980270
-63.018034
-55.265966
-62.803550
-55.513086
-62.690414
-55.763245
-62.624032
-55.976705
-62.655906
-56.080429
-62.653859
-56.219437
-62.601334
-56.289041
-62.633587
-63.253779
-65.562411
-63.145483
-65.284186
-63.112177
-64.950350
-63.003684
-64.588844
-62.844191
-64.167816
-62.654624
-63.859541
-62.457507
-63.558953
-62.395804
-63.297254
-63.123239
-55.169858
-63.037441
-55.310009
-62.920154
-55.532141
-62.847743
-55.752135
-62.843913
-55.977420
-62.796073
-56.095703
-62.819472
-56.134749
-62.765312
-63.230536
-65.470828
-63.122711
-65.259546
-62.997176
-64.961714
-62.846928
-64.589155
-62.623875
-64.217945
-62.495196
-63.851537
-62.356190
-63.620448
-63.170831
-55.224532
-63.055701
-55.360847
-62.996880
-55.532657
-63.004156
-55.763073
-63.051107
-55.883953
-63.033023
-56.028081
-62.946098
-63.174519
-65.489246
-63.055350
-65.259686
-62.920187
-64.949681
-62.689904
-64.555747
-62.490045
-64.260047
-62.301812
-63.944395
-63.174288
-55.224810
-63.122912
-55.310006
-63.112075
-55.514647
-63.215139
-55.716293
-63.224303
-55.823053
-63.260550
-63.171005
-65.470460
-63.037065
-65.284804
-62.802208
-64.916432
-62.512678
-64.591885
-62.363498
-64.260468
-63.230106
-55.171124
-63.144595
-55.266780
-63.294989
-55.491753
-63.449663
-55.580917
-63.504444
-63.122505
-65.562117
-63.018404
-65.242317
-62.665121
-64.867009
-62.409960
-64.642647
-63.254135
-54.980761
-63.315903
-55.232709
-63.561379
-55.429205
-63.673233
-63.266673
-65.627558
-62.855850
-65.217277
-62.463157
-64.918344
-63.158574
-54.971069
-63.579901
-55.182460
-63.936592
-63.283933
-65.482768
-62.726993
-65.113652
-63.582667
-54.872011
-63.988897
-62.812698
-65.772469
-63.580217
-62.496323
-54.506195
-62.402467
-55.157334
-62.747710
-55.544981
-62.943551
-56.204582
-63.125095
-56.840894
-63.505733
-57.415246
-63.908455
-58.018408
-64.224838
-58.465563
-64.556964
-58.671450
-64.779586
-58.811551
-64.792037
-58.745513
-65.292785
-65.540633
-58.904001
-65.288628
-59.129873
-65.217921
-59.300948
-65.215027
-59.358724
-65.138467
-59.377863
-65.137805
-59.232791
-65.166424
-59.035879
-65.158939
-58.693483
-65.199792
-58.175927
-65.195028
-57.509836
-65.232116
-56.382697
-65.517430
-65.877345
-62.602463
-65.710346
-62.346288
-65.655483
-62.431430
-65.443091
-62.607459
-65.363848
-62.704196
-65.335449
-62.896021
-65.269311
-63.119866
-65.285194
-63.304147
-65.348011
-63.531395
-65.395102
-63.872278
-65.426121
-64.099172
-65.191642
-54.089263
-65.437444
-54.732136
-65.212273
-55.294047
-65.211280
-55.659697
-65.260549
-56.075400
-65.263708
-56.431371
-65.366048
-56.643557
-65.503272
-56.785493
-65.612204
-56.847458
-65.715555
-56.739898
-65.932647
-65.868027
-62.623932
-65.453724
-62.725972
-65.440852
-62.706144
-65.404777
-62.887517
-65.293598
-63.089024
-65.304227
-63.241220
-65.341920
-63.458057
-65.349255
-63.701646
-65.362179
-63.961632
-65.378642
-64.321765
-64.750824
-55.146035
-65.114373
-55.435231
-65.145447
-55.978563
-65.088445
-56.450323
-65.189108
-56.790007
-65.306222
-57.123730
-65.388559
-57.361383
-65.497772
-57.475762
-65.586589
-57.524656
-65.562673
-65.668896
-62.644197
-65.496681
-62.907182
-65.324737
-63.084220
-65.340476
-63.216811
-65.351356
-63.458439
-65.329332
-63.686960
-65.361216
-63.893198
-65.362684
-64.148929
-65.288919
-64.496367
-64.796831
-55.867007
-64.882505
-56.292423
-65.019403
-56.706718
-65.107500
-57.195149
-65.167558
-57.574721
-65.304589
-57.831357
-65.396473
-58.038557
-65.428483
-58.169480
-65.404491
-65.439516
-63.003587
-65.432136
-63.167108
-65.381623
-63.444183
-65.331554
-63.671374
-65.385258
-63.862442
-65.385626
-64.105940
-65.333742
-64.330248
-65.276226
-64.567620
-64.768667
-56.512707
-64.885207
-57.047298
-64.946075
-57.517061
-65.109201
-57.896876
-65.207143
-58.258536
-65.258618
-58.478769
-65.319048
-58.607607
-65.299909
-65.431802
-63.371817
-65.368102
-63.610933
-65.416940
-63.814653
-65.414399
-64.081810
-65.378246
-64.265757
-65.364685
-64.427436
-65.275620
-64.632438
-64.711379
-57.268625
-64.895019
-57.717739
-65.002907
-58.210480
-65.074734
-58.540832
-65.182111
-58.763237
-65.197728
-58.950139
-65.171085
-65.436710
-63.728534
-65.439984
-64.026517
-65.412945
-64.218405
-65.446482
-64.365222
-65.368954
-64.535590
-65.262288
-64.640562
-64.786819
-57.936820
-64.878022
-58.362641
-65.030888
-58.694207
-65.061084
-58.988028
-65.069297
-59.132423
-65.095302
-65.414426
-64.153410
-65.494156
-64.313784
-65.451361
-64.507124
-65.377976
-64.570682
-65.312166
-64.628947
-64.858866
-58.412886
-64.934077
-58.821496
-64.958495
-59.039153
-65.011570
-59.215342
-64.975071
-65.483326
-64.476155
-65.453162
-64.560814
-65.455838
-64.622116
-65.307781
-64.677844
-64.860529
-58.792722
-64.959089
-59.019482
-64.900842
-59.253200
-64.903185
-65.509141
-64.621532
-65.445977
-64.740221
-65.357400
-64.670785
-64.938087
-58.991715
-64.880005
-59.107863
-64.907056
-65.412550
-64.785886
-65.445754
-64.779033
-65.017422
-58.894972
-64.908705
-65.493245
-64.970557
-64.816026
-66.571220
-53.053649
-65.552800
-54.023474
-65.200276
-54.369988
-65.024163
-54.646803
-64.786214
-54.890281
-64.642655
-54.988687
-64.548005
-55.069387
-64.416713
-55.091889
-64.356281
-54.952147
-64.394495
-54.682724
-64.417123
-54.368821
-64.837750
-62.363310
-62.604072
-62.503942
-62.417644
-62.494626
-62.303033
-62.502475
-62.279120
-62.568708
-62.220471
-62.679628
-62.227573
-62.786469
-62.246594
-62.983955
-62.277100
-63.216057
-62.354936
-63.574868
-62.366881
-64.190356
-62.375674
-63.156801
-56.484436
-63.072766
-56.711478
-62.986681
-56.837348
-62.932049
-56.801014
-62.924828
-56.718933
-62.900045
-56.556758
-62.967007
-56.293750
-63.069875
-55.985718
-63.259540
-55.515117
-63.563094
-54.967212
-63.827647
-62.559013
-62.407198
-62.439621
-62.336955
-62.477357
-62.221903
-62.589786
-62.172968
-62.679100
-62.151194
-62.857379
-62.108177
-63.068034
-62.120021
-63.337226
-62.099022
-63.698265
-62.132433
-64.044300
-62.285105
-63.056884
-56.564723
-63.089866
-56.604217
-63.089266
-56.636264
-63.035518
-56.601088
-63.067548
-56.437891
-63.136988
-56.251910
-63.244794
-55.957654
-63.455510
-55.606360
-63.659791
-55.211032
-63.931433
-62.541780
-62.265379
-62.561183
-62.211891
-62.594061
-62.166883
-62.742400
-62.076032
-62.932018
-62.058265
-63.134268
-62.023845
-63.438104
-62.000077
-63.738281
-62.026940
-64.088561
-62.072195
-63.224290
-56.452802
-63.184903
-56.493168
-63.215281
-56.416271
-63.263575
-56.339746
-63.302952
-56.172308
-63.455352
-55.920874
-63.610585
-55.657469
-63.820049
-55.297040
-64.040611
-62.603504
-62.249475
-62.706786
-62.125608
-62.854788
-62.091280
-62.997997
-62.047778
-63.261502
-61.979364
-63.523355
-61.987220
-63.815327
-61.956996
-64.147269
-62.022404
-63.396289
-56.269093
-63.441574
-56.272863
-63.439442
-56.204149
-63.551140
-56.027577
-63.663752
-55.874587
-63.794146
-55.612600
-64.006202
-55.343946
-64.142510
-62.858238
-62.193194
-62.942344
-62.131679
-63.164043
-62.030359
-63.395770
-62.029054
-63.620935
-61.980867
-63.943470
-61.954056
-64.188075
-62.021523
-63.632315
-56.106990
-63.733723
-55.982158
-63.814516
-55.906762
-63.871229
-55.735365
-64.052129
-55.507725
-64.173199
-55.328487
-64.314830
-63.144605
-62.125886
-63.338006
-62.108373
-63.510445
-62.065639
-63.811964
-61.989653
-64.045376
-62.019059
-64.283789
-61.979837
-64.024739
-55.827234
-64.055251
-55.712697
-64.187277
-55.507808
-64.278406
-55.395734
-64.378068
-55.165572
-64.563141
-63.451454
-62.152285
-63.723308
-62.058121
-63.969796
-62.095881
-64.167284
-62.024203
-64.468447
-61.971868
-64.389786
-55.448499
-64.485816
-55.335361
-64.490877
-55.136527
-64.686114
-54.938952
-64.759307
-63.855062
-62.134552
-64.062344
-62.133626
-64.423523
-62.035663
-64.590432
-62.040540
-64.713381
-55.122998
-64.858233
-54.786177
-64.895571
-54.741002
-64.992251
-64.170234
-62.060305
-64.566330
-62.221433
-64.745196
-62.012311
-65.194988
-54.660831
-65.057064
-54.328745
-65.335769
-64.351485
-62.266727
-65.100788
-62.057401
-65.592930
-53.815753
-65.507129
-64.974075
-62.427162
-65.770565
-66.637138
-53.140948
-65.710700
-54.223094
-65.462109
-54.687799
-65.406441
-55.098458
-65.301260
-55.489178
-65.307859
-55.748300
-65.369875
-56.001867
-65.403645
-56.187601
-65.510523
-56.212609
-65.687410
-56.098207
-65.841169
-55.889573
-66.343280
-64.385162
-55.451335
-63.564926
-55.580662
-63.061240
-55.280275
-62.601916
-55.069962
-62.117879
-54.858667
-61.852298
-54.673838
-61.743544
-54.644289
-61.785208
-54.618832
-62.020140
-54.567190
-62.191257
-54.575886
-62.382766
-54.137345
-62.873001
-61.433745
-66.053524
-61.726219
-65.587860
-61.843471
-65.263609
-61.868188
-65.072888
-61.895998
-64.840048
-61.953349
-64.666004
-61.959587
-64.519054
-62.034404
-64.315517
-62.167898
-64.172264
-62.289412
-64.105808
-62.556957
-63.917240
-66.084416
-53.889643
-65.632956
-54.210090
-65.404875
-54.512612
-65.145530
-54.705776
-64.989939
-54.837969
-64.828993
-54.921906
-64.744817
-54.885124
-64.700412
-54.826893
-64.621319
-54.705678
-64.657617
-54.365523
-64.668467
-61.818073
-65.704019
-61.778034
-65.526244
-61.702829
-65.364130
-61.755128
-65.146667
-61.801671
-64.970240
-61.875320
-64.764576
-61.970460
-64.608424
-62.028898
-64.465549
-62.203193
-64.240893
-62.421334
-64.281245
-65.712573
-54.310162
-65.556125
-54.521055
-65.398000
-54.624361
-65.252956
-54.748092
-65.109440
-54.803703
-65.010812
-54.836091
-64.899620
-54.810943
-64.874919
-54.658958
-64.881417
-54.589476
-64.619117
-62.046683
-65.576012
-61.804762
-65.471199
-61.776097
-65.350372
-61.754429
-65.203924
-61.794793
-65.057574
-61.834255
-64.911631
-61.931467
-64.713947
-62.059326
-64.613355
-62.075575
-64.651988
-65.493557
-54.728258
-65.496488
-54.732429
-65.382201
-54.781232
-65.284102
-54.801583
-65.182740
-54.804400
-65.125183
-54.737480
-65.087010
-54.695453
-64.988334
-54.690193
-64.869612
-62.190099
-65.426433
-61.971973
-65.430716
-61.863726
-65.355942
-61.816222
-65.263775
-61.825021
-65.133828
-61.856602
-65.029216
-61.863242
-64.952980
-61.914537
-64.858761
-65.423816
-55.044195
-65.392277
-54.972966
-65.344533
-54.913991
-65.299855
-54.835920
-65.258642
-54.775008
-65.201280
-54.711355
-65.186499
-54.633118
-65.125979
-62.352135
-65.391845
-62.141878
-65.399604
-62.020278
-65.360378
-61.937780
-65.325507
-61.864828
-65.257503
-61.841863
-65.169585
-61.819122
-65.143105
-65.325633
-55.311835
-65.339063
-55.152126
-65.314582
-55.031879
-65.279910
-54.887269
-65.298317
-54.744594
-65.310554
-54.679798
-65.265899
-62.555115
-65.362775
-62.351069
-65.418647
-62.182537
-65.412878
-62.083192
-65.371411
-61.954139
-65.368364
-61.812143
-65.343739
-65.302947
-55.537541
-65.267189
-55.316571
-65.287716
-55.083844
-65.289228
-54.933989
-65.319207
-54.789021
-65.391012
-62.719775
-65.422336
-62.585097
-65.432041
-62.410384
-65.485427
-62.208745
-65.460757
-62.039971
-65.421289
-65.309946
-55.651170
-65.254598
-55.423159
-65.216611
-55.166054
-65.325687
-54.968232
-65.401341
-62.962248
-65.518327
-62.790882
-65.540840
-62.667795
-65.501155
-62.379985
-65.499010
-65.267208
-55.750556
-65.250634
-55.406810
-65.245726
-55.277892
-65.347467
-63.251655
-65.584739
-63.116385
-65.669862
-62.813014
-65.495705
-65.285654
-55.767306
-65.161555
-55.469010
-65.404490
-63.525564
-65.761800
-63.464683
-65.528032
-65.343773
-55.556088
-65.334481
-63.935761
-65.886325
-65.279673
-62.498914
-54.504050
-62.402328
-55.156049
-62.749348
-55.541967
-62.945363
-56.203260
-63.125229
-56.840109
-63.506770
-57.413530
-63.909675
-58.017583
-64.225171
-58.465160
-64.557648
-58.670711
-64.780335
-58.811239
-64.792407
-58.745405
-65.293156
-65.540599
-58.903878
-65.288525
-59.129587
-65.218230
-59.299873
-65.215625
-59.357848
-65.138413
-59.376844
-65.138660
-59.230327
-65.167637
-59.034048
-65.158952
-58.691369
-65.201370
-58.171570
-65.197012
-57.506520
-65.232461
-56.378524
-65.520281
-65.876309
-62.604620
-65.712186
-62.346050
-65.656645
-62.434464
-65.441767
-62.609911
-65.365694
-62.704340
-65.336637
-62.899354
-65.268186
-63.122681
-65.287091
-63.304693
-65.349555
-63.534708
-65.394505
-63.875291
-65.428315
-64.099876
-65.193341
-54.084934
-65.438572
-54.730649
-65.211061
-55.291866
-65.212979
-55.655134
-65.261589
-56.073590
-65.262506
-56.428798
-65.367641
-56.638591
-65.504408
-56.782934
-65.611240
-56.844289
-65.717180
-56.734175
-65.934356
-65.869070
-62.626441
-65.452632
-62.728010
-65.442450
-62.706153
-65.405809
-62.890303
-65.292588
-63.091312
-65.305918
-63.241505
-65.343215
-63.460895
-65.348639
-63.704117
-65.364103
-63.962008
-65.380637
-64.324217
-64.749844
-55.144216
-65.115781
-55.431416
-65.146302
-55.977134
-65.087369
-56.448235
-65.190502
-56.785853
-65.307148
-57.121779
-65.387621
-57.358830
-65.499172
-57.471048
-65.587873
-57.521733
-65.562177
-65.670212
-62.644206
-65.497534
-62.909496
-65.323876
-63.086084
-65.341940
-63.216954
-65.352414
-63.460850
-65.328717
-63.688985
-65.362872
-63.893446
-65.364216
-64.151149
-65.288866
-64.498434
-64.797466
-55.865853
-64.881587
-56.290714
-65.020554
-56.703300
-65.108209
-57.193675
-65.166678
-57.572685
-65.305773
-57.827504
-65.397411
-58.036409
-65.427871
-58.166925
-65.405711
-65.438851
-63.005087
-65.433339
-63.167232
-65.382454
-63.446224
-65.330988
-63.673029
-65.386656
-63.862609
-65.386800
-64.107912
-65.333535
-64.331975
-65.277843
-64.567883
-64.769516
-56.510006
-64.885692
-57.046176
-64.945277
-57.515433
-65.110159
-57.893769
-65.207804
-58.256972
-65.257957
-58.476776
-65.320056
-58.604088
-65.300747
-65.432413
-63.373505
-65.367626
-63.612285
-65.418082
-63.814815
-65.415276
-64.083528
-65.377968
-64.267194
-65.366019
-64.427621
-65.276816
-64.634109
-64.710681
-57.267356
-64.895723
-57.715308
-65.003313
-58.209347
-65.074077
-58.539292
-65.182901
-58.760432
-65.198315
-58.948589
-65.170538
-65.437582
-63.728748
-65.440595
-64.028003
-65.412664
-64.219598
-65.447547
-64.365396
-65.369845
-64.537042
-65.262195
-64.641828
-64.786959
-57.936043
-64.877398
-58.361460
-65.031445
-58.692044
-65.061433
-58.986925
-65.068742
-59.131015
-65.095930
-65.414190
-64.154379
-65.494964
-64.314024
-65.451976
-64.508383
-65.377830
-64.571727
-65.313131
-64.629117
-64.859158
-58.411351
-64.934161
-58.820748
-64.957948
-59.038112
-65.012003
-59.213454
-64.975377
-65.483665
-64.477243
-65.453023
-64.561682
-65.456549
-64.622318
-65.308378
-64.678866
-64.859998
-58.791989
-64.959276
-59.018155
-64.900933
-59.252525
-64.902736
-65.509603
-64.621852
-65.446331
-64.741094
-65.357306
-64.671490
-64.937907
-58.991323
-64.879550
-59.107296
-64.907217
-65.412482
-64.786490
-65.446114
-64.779216
-65.017308
-58.894373
-64.908649
-65.493361
-64.971043
-64.815724
-66.573744
-53.051179
-65.551316
-54.022100
-65.201812
-54.363630
-65.027052
-54.644011
-64.783083
-54.888981
-64.643914
-54.980046
-64.551174
-55.065682
-64.411641
-55.089972
-64.357323
-54.940539
-64.397965
-54.677464
-64.410819
-54.365086
-64.839597
-62.361704
-62.607263
-62.506109
-62.417749
-62.497372
-62.309892
-62.497957
-62.284763
-62.572534
-62.218001
-62.681030
-62.235626
-62.778541
-62.253023
-62.986643
-62.274540
-63.217135
-62.363255
-63.567193
-62.373744
-64.193647
-62.374596
-63.157399
-56.480422
-63.072546
-56.710728
-62.981489
-56.835344
-62.935209
-56.791626
-62.927581
-56.718460
-62.895733
-56.553997
-62.973729
-56.281802
-63.075438
-55.983592
-63.256803
-55.510590
-63.570831
-54.953726
-63.832921
-62.558858
-62.411780
-62.437144
-62.341373
-62.480792
-62.220622
-62.591781
-62.179703
-62.673511
-62.156368
-62.860736
-62.105585
-63.069301
-62.127603
-63.330122
-62.104987
-63.701316
-62.130546
-64.045438
-62.293893
-63.054517
-56.562995
-63.091342
-56.597613
-63.090195
-56.635833
-63.031056
-56.598879
-63.072188
-56.428110
-63.140652
-56.250909
-63.241387
-55.954220
-63.462267
-55.594537
-63.664686
-55.208616
-63.928486
-62.543407
-62.265511
-62.562446
-62.217240
-62.590564
-62.171071
-62.745860
-62.074016
-62.933629
-62.064817
-63.128558
-62.028788
-63.441354
-61.997902
-63.739391
-62.034672
-64.082187
-62.078159
-63.224287
-56.452348
-63.181549
-56.491181
-63.218118
-56.408670
-63.265552
-56.339225
-63.299210
-56.169663
-63.460632
-55.910872
-63.614365
-55.656025
-63.816976
-55.292981
-64.046892
-62.601463
-62.252496
-62.709446
-62.124651
-62.856283
-62.096745
-62.993923
-62.051801
-63.264883
-61.977300
-63.524705
-61.993885
-63.809799
-61.961992
-64.150494
-62.021034
-63.397923
-56.263912
-63.442401
-56.272383
-63.436074
-56.201922
-63.554889
-56.019414
-63.666258
-55.873772
-63.790854
-55.609441
-64.011561
-55.333880
-64.145930
-62.859017
-62.197387
-62.939695
-62.134851
-63.167093
-62.028869
-63.397226
-62.034664
-63.616636
-61.984953
-63.946745
-61.952420
-64.189220
-62.028449
-63.629927
-56.105123
-63.736201
-55.975880
-63.815957
-55.906163
-63.868037
-55.732810
-64.056302
-55.499234
-64.175818
-55.327244
-64.311837
-63.146875
-62.125102
-63.339216
-62.112911
-63.507396
-62.068939
-63.815108
-61.988152
-64.046720
-62.024894
-64.279556
-61.984101
-64.025408
-55.826746
-64.052591
-55.710552
-64.190301
-55.500883
-64.280184
-55.394860
-64.375092
-55.162592
-64.567395
-63.449472
-62.154763
-63.726006
-62.057038
-63.971162
-62.100686
-64.164068
-62.027686
-64.471570
-61.970689
-64.391869
-55.443237
-64.486896
-55.334622
-64.488168
-55.134072
-64.689421
-54.931624
-64.761244
-63.856158
-62.138290
-64.060111
-62.136422
-64.426406
-62.034583
-64.591858
-62.045509
-64.711267
-55.120988
-64.860631
-54.780181
-64.896934
-54.739922
-64.989705
-64.172587
-62.059503
-64.567771
-62.225462
-64.742899
-62.015279
-65.195943
-54.659825
-65.054799
-54.326366
-65.338416
-64.349931
-62.269173
-65.103458
-62.056577
-65.594849
-53.810364
-65.508344
-64.975728
-62.430425
-65.768960
-66.638636
-53.139221
-65.709387
-54.220800
-65.464115
-54.682781
-65.407682
-55.096760
-65.299847
-55.486553
-65.309804
-55.742929
-65.371074
-55.999548
-65.402328
-56.184455
-65.512291
-56.206757
-65.688813
-56.094883
-65.840274
-55.885550
-66.345119
-64.389310
-55.446916
-63.566410
-55.576422
-63.066142
-55.272889
-62.606387
-55.066602
-62.118828
-54.854162
-61.858572
-54.664709
-61.748777
-54.641111
-61.785660
-54.613567
-62.028494
-54.555428
-62.198042
-54.572038
-62.383472
-54.129660
-62.884327
-61.433062
-66.055753
-61.728583
-65.585904
-61.847436
-65.265230
-61.867254
-65.076295
-61.899564
-64.837397
-61.959260
-64.668502
-61.958596
-64.524058
-62.039566
-64.312441
-62.175957
-64.175927
-62.288656
-64.112171
-62.564002
-63.913319
-66.085926
-53.884222
-65.635455
-54.207561
-65.402683
-54.511201
-65.146928
-54.698423
-64.992925
-54.834640
-64.825173
-54.920172
-64.745995
-54.875204
-64.703777
-54.822307
-64.616053
-54.702914
-64.659235
-54.352318
-64.673603
-61.821115
-65.705402
-61.777361
-65.528925
-61.705747
-65.361980
-61.759902
-65.148635
-61.800886
-64.974228
-61.879620
-64.761791
-61.977351
-64.611185
-62.028351
-64.470770
-62.209271
-64.237162
-62.430746
-64.283692
-65.711103
-54.308635
-65.557550
-54.514880
-65.400650
-54.621384
-65.250211
-54.746375
-65.110748
-54.795308
-65.013920
-54.832076
-64.895425
-54.808582
-64.876304
-54.647831
-64.885536
-54.583671
-64.614852
-62.049128
-65.574362
-61.808545
-65.472808
-61.775515
-65.353522
-61.757956
-65.201635
-61.800443
-65.059787
-61.833841
-64.915936
-61.936575
-64.710840
-62.067241
-64.615690
-62.075873
-64.656561
-65.495719
-54.725665
-65.494582
-54.730666
-65.383568
-54.774177
-65.286872
-54.798049
-65.179591
-54.802186
-65.126517
-54.728043
-65.090442
-54.690578
-64.984456
-54.687014
-64.871628
-62.189862
-65.428786
-61.974916
-65.428904
-61.868251
-65.357760
-61.815964
-65.267246
-61.829264
-65.131341
-61.863146
-65.031379
-61.863444
-64.957071
-61.920379
-64.855175
-65.425072
-55.038414
-65.394588
-54.969891
-65.342279
-54.911839
-65.301201
-54.827960
-65.261560
-54.770772
-65.198071
-54.708470
-65.188177
-54.622891
-65.129839
-62.355760
-65.393250
-62.141853
-65.402269
-62.023835
-65.358419
-61.943098
-65.327397
-61.865063
-65.261038
-61.846844
-65.166781
-61.826288
-65.145033
-65.324081
-55.309782
-65.340349
-55.145523
-65.317021
-55.028213
-65.277452
-54.884547
-65.299780
-54.735788
-65.313740
-54.675026
-65.262877
-62.558077
-65.361224
-62.355363
-65.420200
-62.182885
-65.415710
-62.087428
-65.369283
-61.960182
-65.370204
-61.812755
-65.347145
-65.304981
-55.534396
-65.265423
-55.314017
-65.289066
-55.076411
-65.291800
-54.929717
-65.316724
-54.785845
-65.392689
-62.720190
-65.424501
-62.588667
-65.430377
-62.415354
-65.487075
-62.209544
-65.463659
-62.044688
-65.418976
-65.311270
-55.644967
-65.256737
-55.419446
-65.214703
-55.162944
-65.327103
-54.960197
-65.404081
-62.966189
-65.519726
-62.791669
-65.543165
-62.671985
-65.499458
-62.385457
-65.500652
-65.265951
-55.747636
-65.252037
-55.399838
-65.247873
-55.273689
-65.345546
-63.255101
-65.583419
-63.120915
-65.671498
-62.814203
-65.498099
-65.287634
-55.763558
-65.160100
-55.465478
-65.405941
-63.526500
-65.763828
-63.468807
-65.526788
-65.345457
-55.549301
-65.336348
-63.939695
-65.888191
-65.278980
-66.638640
-53.139293
-65.709435
-54.220837
-65.464121
-54.682777
-65.407680
-55.096762
-65.299846
-55.486554
-65.309805
-55.742931
-65.371076
-55.999551
-65.402329
-56.184459
-65.512295
-56.206761
-65.688816
-56.094887
-65.840276
-55.885552
-66.345120
-64.815724
-64.971042
-64.908648
-64.779216
-64.907218
-64.671490
-64.902734
-64.678865
-64.975377
-64.629117
-65.095929
-64.641828
-65.170539
-64.634107
-65.300749
-64.567882
-65.405712
-64.498435
-65.562178
-64.324219
-65.934357
-64.099877
-65.493360
-58.894374
-65.446114
-59.107297
-65.357304
-59.252527
-65.308378
-59.213456
-65.313129
-59.131017
-65.262195
-58.948590
-65.276815
-58.604090
-65.277842
-58.166927
-65.288867
-57.521736
-65.380638
-56.734178
-65.428316
-65.017310
-64.786487
-64.879549
-64.741094
-64.900934
-64.622317
-65.012001
-64.571727
-65.068743
-64.537041
-65.198316
-64.427621
-65.320056
-64.331977
-65.427871
-64.151150
-65.587876
-63.962010
-65.717182
-63.875294
-65.412481
-58.991326
-65.446331
-59.018156
-65.456548
-59.038116
-65.377829
-58.986927
-65.369844
-58.760435
-65.366017
-58.476779
-65.333535
-58.036412
-65.364216
-57.471051
-65.364105
-56.844292
-65.394507
-64.937907
-64.621848
-64.959276
-64.561682
-64.957947
-64.508381
-65.061433
-64.365397
-65.182901
-64.267194
-65.257958
-64.107912
-65.397413
-63.893448
-65.499173
-63.704120
-65.611244
-63.534712
-65.509605
-58.791991
-65.453022
-58.820750
-65.451977
-58.692048
-65.447546
-58.539295
-65.377969
-58.256973
-65.386801
-57.827506
-65.362873
-57.358834
-65.348640
-56.782938
-65.349558
-64.859996
-64.477244
-64.934161
-64.314023
-65.031442
-64.219599
-65.074078
-64.083529
-65.207806
-63.862610
-65.305774
-63.688987
-65.387624
-63.460898
-65.504410
-63.304696
-65.483666
-58.411352
-65.494966
-58.361465
-65.412666
-58.209349
-65.415278
-57.893773
-65.386656
-57.572688
-65.328718
-57.121782
-65.343217
-56.638594
-65.287093
-64.859159
-64.154381
-64.877397
-64.028004
-65.003314
-63.814818
-65.110159
-63.673033
-65.166679
-63.460853
-65.307150
-63.241506
-65.367644
-63.122684
-65.414190
-57.936049
-65.440599
-57.715313
-65.418084
-57.515440
-65.330990
-57.193679
-65.352415
-56.785856
-65.305919
-56.428801
-65.268187
-64.786959
-63.728751
-64.895723
-63.612290
-64.945279
-63.446229
-65.108212
-63.216959
-65.190505
-63.091316
-65.262507
-62.899357
-65.437588
-57.267364
-65.367630
-57.046183
-65.382459
-56.703306
-65.341944
-56.448240
-65.292589
-56.073593
-65.336638
-64.710682
-63.373513
-64.885696
-63.167238
-65.020558
-63.086090
-65.087372
-62.890308
-65.261591
-62.704342
-65.432421
-56.510014
-65.433347
-56.290723
-65.323882
-55.977140
-65.405811
-55.655136
-65.365694
-64.769524
-63.005099
-64.881593
-62.909504
-65.146305
-62.706157
-65.212981
-62.609914
-65.438860
-55.865862
-65.497539
-55.431418
-65.442450
-55.291865
-65.441765
-64.797470
-62.644207
-65.115781
-62.728010
-65.211060
-62.434466
-65.670198
-55.144207
-65.452620
-54.730647
-65.656638
-64.749833
-62.626428
-65.438576
-62.346065
-65.869036
-54.084942
-65.712173
-65.193375
-62.604613
-65.876262
-62.443086
-54.350206
-62.182699
-54.824236
-62.336444
-54.991880
-62.293170
-55.384662
-62.176620
-55.688621
-62.209444
-55.889373
-62.234268
-56.132959
-62.217551
-56.284961
-62.320002
-56.315067
-62.409817
-56.393172
-62.390085
-56.314714
-62.915054
-63.227986
-56.575518
-62.964226
-56.786201
-62.907119
-56.961272
-62.876349
-57.010094
-62.781923
-56.987560
-62.768382
-56.815136
-62.780749
-56.623917
-62.799058
-56.317434
-62.935205
-55.903636
-63.070369
-55.415487
-63.310677
-54.485264
-63.842266
-65.768918
-62.430421
-65.508338
-62.056602
-65.338416
-62.015287
-64.989707
-62.045515
-64.761246
-61.970693
-64.567396
-61.984104
-64.311838
-62.028452
-64.145931
-62.021036
-64.046895
-62.078162
-63.928487
-62.293895
-63.832922
-62.374597
-64.975768
-53.810386
-65.103474
-54.326374
-64.742906
-54.739926
-64.591862
-54.931628
-64.471572
-55.162595
-64.279558
-55.327247
-64.189223
-55.333884
-64.150496
-55.292984
-64.082190
-55.208619
-64.045440
-54.953728
-64.193648
-65.594839
-62.269180
-65.054803
-62.225469
-64.896938
-62.034589
-64.689423
-62.027691
-64.375093
-62.024897
-64.175819
-61.952422
-64.011562
-61.961995
-63.816977
-62.034674
-63.664688
-62.130548
-63.570831
-62.373745
-64.349947
-54.659833
-64.567777
-54.780187
-64.426408
-55.134076
-64.164071
-55.394863
-64.046722
-55.499237
-63.946746
-55.609443
-63.809801
-55.656029
-63.739393
-55.594540
-63.701318
-55.510593
-63.567195
-65.195944
-62.059509
-64.860634
-62.136428
-64.488171
-62.100691
-64.280186
-61.988156
-64.056303
-61.984955
-63.790855
-61.993886
-63.614366
-61.997904
-63.462267
-62.104988
-63.256803
-62.363256
-64.172589
-55.120993
-64.060113
-55.334626
-63.971164
-55.500888
-63.815109
-55.732814
-63.616637
-55.873773
-63.524707
-55.910874
-63.441355
-55.954223
-63.330123
-55.983593
-63.217135
-64.711270
-62.138294
-64.486899
-62.057043
-64.190303
-62.068943
-63.868038
-62.034667
-63.666258
-61.977302
-63.460632
-62.028789
-63.241386
-62.127604
-63.075439
-62.274539
-63.856157
-55.443241
-63.726005
-55.710556
-63.507396
-55.906166
-63.397227
-56.019416
-63.264884
-56.169664
-63.128559
-56.250912
-63.069301
-56.281803
-62.986645
-64.391872
-62.154766
-64.052593
-62.112914
-63.815958
-62.028872
-63.554889
-62.051802
-63.299211
-62.064818
-63.140650
-62.105586
-62.973729
-62.253022
-63.449471
-55.826751
-63.339215
-55.975883
-63.167092
-56.201924
-62.993923
-56.339226
-62.933629
-56.428112
-62.860736
-56.553998
-62.778543
-64.025409
-62.125105
-63.736202
-62.134852
-63.436074
-62.096746
-63.265551
-62.074017
-63.072186
-62.156367
-62.895732
-62.235625
-63.146876
-56.105125
-62.939694
-56.272385
-62.856282
-56.408671
-62.745859
-56.598881
-62.673512
-56.718460
-62.681030
-63.629926
-62.197390
-63.442401
-62.124651
-63.218118
-62.171071
-63.031054
-62.179702
-62.927580
-62.218002
-62.859015
-56.263914
-62.709446
-56.491183
-62.590564
-56.635835
-62.591781
-56.791628
-62.572534
-63.397927
-62.252495
-63.181550
-62.217239
-63.090194
-62.220622
-62.935208
-62.284762
-62.601459
-56.452353
-62.562444
-56.597616
-62.480791
-56.835345
-62.497956
-63.224290
-62.265504
-63.091347
-62.341368
-62.981489
-62.309892
-62.543409
-56.562999
-62.437139
-56.710735
-62.497368
-63.054514
-62.411778
-63.072550
-62.417742
-62.558864
-56.480421
-62.506109
-63.157395
-62.607265
-62.361708
-66.573748
-53.051254
-65.551364
-54.022140
-65.201827
-54.363633
-65.027055
-54.644015
-64.783085
-54.888983
-64.643916
-54.980048
-64.551176
-55.065686
-64.411643
-55.089975
-64.357326
-54.940543
-64.397968
-54.677467
-64.410821
-54.365087
-64.839598
-65.278980
-65.888192
-65.336349
-65.526789
-65.405941
-65.498099
-65.345546
-65.500651
-65.404080
-65.418975
-65.392687
-65.347143
-65.262875
-65.145032
-65.129839
-64.855174
-64.871628
-64.656561
-64.614853
-64.283692
-64.673604
-63.913320
-63.939697
-55.549303
-63.468809
-55.465480
-62.814203
-55.273689
-62.385456
-54.960197
-62.044687
-54.785845
-61.812755
-54.675025
-61.826287
-54.622890
-61.920379
-54.687014
-62.075873
-54.583672
-62.430748
-54.352319
-62.564004
-65.345459
-65.763830
-65.160101
-65.671499
-65.247873
-65.499457
-65.327102
-65.463658
-65.316722
-65.370201
-65.313737
-65.166778
-65.188175
-64.957070
-64.984455
-64.615690
-64.885537
-64.237163
-64.659237
-64.112172
-63.526502
-55.763561
-63.120916
-55.399839
-62.671985
-55.162945
-62.209545
-54.929719
-61.960184
-54.735791
-61.846846
-54.708471
-61.863444
-54.690579
-62.067242
-54.647832
-62.209273
-54.702917
-62.288658
-65.287636
-65.583421
-65.252038
-65.543166
-65.214703
-65.487075
-65.291799
-65.369282
-65.299778
-65.261036
-65.198069
-65.031378
-65.090441
-64.710840
-64.876305
-64.470771
-64.616056
-64.175929
-63.255104
-55.747640
-62.791671
-55.419449
-62.415355
-55.076413
-62.087429
-54.884549
-61.865066
-54.770774
-61.863147
-54.728045
-61.936577
-54.808584
-62.028353
-54.822310
-62.175960
-65.265952
-65.519728
-65.256737
-65.430376
-65.289063
-65.415706
-65.277447
-65.327391
-65.261554
-65.131336
-65.126513
-64.915933
-64.895424
-64.611185
-64.703779
-64.312443
-62.966191
-55.644968
-62.588667
-55.314017
-62.182884
-55.028212
-61.943096
-54.827958
-61.829262
-54.802185
-61.833840
-54.832077
-61.977352
-54.875205
-62.039568
-65.311270
-65.424501
-65.265421
-65.420198
-65.317017
-65.358416
-65.301198
-65.267244
-65.179588
-65.059785
-65.013919
-64.761790
-64.745997
-64.524059
-62.720192
-55.534399
-62.355366
-55.145525
-62.023836
-54.911837
-61.815960
-54.798048
-61.800445
-54.795312
-61.879624
-54.920176
-61.958599
-65.304982
-65.361224
-65.340348
-65.402267
-65.342280
-65.357766
-65.286878
-65.201636
-65.110748
-64.974228
-64.825174
-64.668504
-62.558078
-55.309782
-62.141852
-54.969888
-61.868238
-54.774156
-61.757942
-54.746372
-61.800887
-54.834643
-61.959263
-65.324079
-65.393249
-65.394585
-65.428907
-65.383586
-65.353541
-65.250215
-65.148633
-64.992925
-64.837397
-62.355761
-55.038410
-61.974909
-54.730638
-61.775471
-54.621356
-61.759898
-54.698422
-61.899567
-65.425072
-65.428787
-65.494594
-65.472850
-65.400693
-65.361993
-65.146931
-65.076297
-62.189863
-54.725662
-61.808520
-54.514829
-61.705723
-54.511201
-61.867259
-65.495716
-65.574359
-65.557565
-65.528940
-65.402681
-65.265229
-62.049113
-54.308588
-61.777294
-54.207518
-61.847428
-65.711116
-65.705394
-65.635447
-65.585918
-61.821176
-53.884348
-61.728653
-66.085924
-66.055744
-61.433089
-65.540633
-58.904001
-65.288628
-59.129873
-65.217923
-59.300950
-65.215027
-59.358723
-65.138469
-59.377864
-65.137805
-59.232792
-65.166424
-59.035881
-65.158939
-58.693486
-65.199793
-58.175928
-65.195030
-57.509837
-65.232117
-56.382697
-65.517431
-64.768385
-64.932331
-64.733660
-64.854919
-64.674579
-64.800654
-64.613648
-64.892492
-64.630396
-64.919435
-64.702193
-65.020508
-64.723169
-65.128401
-64.792550
-65.206807
-64.824496
-65.338636
-64.845101
-65.452965
-65.036985
-65.674544
-65.147742
-59.239441
-65.150097
-59.383608
-65.083355
-59.560141
-65.011134
-59.536057
-65.044572
-59.497195
-65.028658
-59.387687
-65.083003
-59.120328
-65.119415
-58.762861
-65.109756
-58.180106
-65.148767
-57.337740
-65.036985
-64.944524
-64.594943
-64.647340
-64.698297
-64.512856
-64.686088
-64.609537
-64.745058
-64.621883
-64.864389
-64.714887
-64.935145
-64.820459
-65.059812
-64.895122
-65.153151
-65.030133
-65.202006
-65.148768
-65.452965
-64.879040
-59.615881
-64.844439
-59.660865
-64.927244
-59.652201
-64.844913
-59.698879
-64.871076
-59.598307
-64.938086
-59.463828
-64.967764
-59.194353
-65.033843
-58.741108
-65.030133
-58.180107
-64.845101
-64.664683
-64.471554
-64.589416
-64.427153
-64.503604
-64.598778
-64.550093
-64.643037
-64.661638
-64.778260
-64.742689
-64.916559
-64.895478
-65.012547
-65.033845
-65.153151
-65.109757
-65.338637
-64.788619
-59.665570
-64.740859
-59.820597
-64.677730
-59.747039
-64.735212
-59.754449
-64.737984
-59.693980
-64.824486
-59.485124
-64.895477
-59.194353
-64.895122
-58.762862
-64.824494
-64.548744
-64.387368
-64.424162
-64.342283
-64.550754
-64.475655
-64.536873
-64.637462
-64.664329
-64.755736
-64.824487
-64.916559
-64.967764
-65.059812
-65.119417
-65.206808
-64.609110
-59.687637
-64.683415
-59.755489
-64.523855
-59.856924
-64.575842
-59.800479
-64.664328
-59.693980
-64.742687
-59.463830
-64.820458
-59.120329
-64.792549
-64.583367
-64.311031
-64.408415
-64.417252
-64.471634
-64.480260
-64.575842
-64.637461
-64.737984
-64.778262
-64.938085
-64.935146
-65.083004
-65.128401
-64.483599
-59.591005
-64.539914
-59.744052
-64.471631
-59.856926
-64.536871
-59.754451
-64.661634
-59.598309
-64.714885
-59.387687
-64.723168
-64.769356
-64.219377
-64.539909
-64.417259
-64.523851
-64.475658
-64.735209
-64.643040
-64.871076
-64.864388
-65.028660
-65.020507
-64.769353
-59.591004
-64.408413
-59.755491
-64.550752
-59.747041
-64.550090
-59.698879
-64.621885
-59.497194
-64.702193
-64.483601
-64.311012
-64.683433
-64.342272
-64.677734
-64.598774
-64.844916
-64.745056
-65.044573
-64.919435
-64.583357
-59.687645
-64.424159
-59.820597
-64.503604
-59.652200
-64.609536
-59.536058
-64.630394
-64.609120
-64.387373
-64.740850
-64.427159
-64.927239
-64.686090
-65.011134
-64.892492
-64.548740
-59.665566
-64.589421
-59.660858
-64.512860
-59.560137
-64.613650
-64.788621
-64.471552
-64.844438
-64.698297
-65.083355
-64.800654
-64.664680
-59.615883
-64.647338
-59.383609
-64.674576
-64.879042
-64.594942
-65.150098
-64.854917
-64.944522
-59.239441
-64.733661
-65.147745
-64.932331
-64.768384
-65.052486
-59.111400
-64.549885
-59.337341
-64.570537
-59.556814
-64.356402
-59.691580
-64.267238
-59.449165
-64.581045
-58.552859
-64.581045
-59.449170
-64.267252
-59.691562
-64.356410
-59.556814
-64.570538
-59.337339
-64.549887
-59.111399
-65.052486
-65.540599
-58.903879
-65.288525
-59.129588
-65.218228
-59.299872
-65.215626
-59.357850
-65.138414
-59.376845
-65.138660
-59.230328
-65.167636
-59.034049
-65.158950
-58.691371
-65.201369
-58.171572
-65.197012
-57.506521
-65.232461
-56.378525
-65.520280
-64.768507
-64.932328
-64.734031
-64.854628
-64.675179
-64.800772
-64.613779
-64.892830
-64.631258
-64.918975
-64.703380
-65.021001
-64.723363
-65.129172
-64.794100
-65.206239
-64.826417
-65.339697
-64.845517
-65.454261
-65.039565
-65.674050
-65.147751
-59.239107
-65.150314
-59.383216
-65.083304
-59.559581
-65.011661
-59.534514
-65.045392
-59.496006
-65.028680
-59.386274
-65.084175
-59.117235
-65.120932
-58.760546
-65.109977
-58.177291
-65.150947
-57.332350
-65.039565
-64.944688
-64.594963
-64.647427
-64.698425
-64.513357
-64.685769
-64.610283
-64.745315
-64.622010
-64.864842
-64.715961
-64.934635
-64.821833
-65.060479
-64.895364
-65.154017
-65.032021
-65.201342
-65.150946
-65.454261
-64.878998
-59.615702
-64.844647
-59.660118
-64.927674
-59.651543
-64.844921
-59.698026
-64.871854
-59.596273
-64.939143
-59.462311
-64.967890
-59.192485
-65.035406
-58.737306
-65.032021
-58.177291
-64.845517
-64.664812
-64.471439
-64.589754
-64.427265
-64.503684
-64.599002
-64.550759
-64.642658
-64.662542
-64.778654
-64.742823
-64.917106
-64.896797
-65.011969
-65.035406
-65.154017
-65.109977
-65.339698
-64.788683
-59.665349
-64.740847
-59.820187
-64.678155
-59.745882
-64.735856
-59.753534
-64.738051
-59.692804
-64.825553
-59.482557
-64.896797
-59.192485
-64.895365
-58.760546
-64.826417
-64.548779
-64.387442
-64.424453
-64.342068
-64.551250
-64.475858
-64.536952
-64.637770
-64.665192
-64.755278
-64.825552
-64.917107
-64.967890
-65.060478
-65.120933
-65.206239
-64.609188
-59.687263
-64.683705
-59.755049
-64.523889
-59.856268
-64.576495
-59.798887
-64.665192
-59.692805
-64.742824
-59.462310
-64.821834
-59.117234
-64.794100
-64.583471
-64.311071
-64.408455
-64.417394
-64.472103
-64.479966
-64.576495
-64.637771
-64.738052
-64.778653
-64.939144
-64.934634
-65.084176
-65.129172
-64.483603
-59.590785
-64.540187
-59.743279
-64.472105
-59.856266
-64.536954
-59.753532
-64.662545
-59.596271
-64.715962
-59.386274
-64.723363
-64.769453
-64.219272
-64.540193
-64.417387
-64.523893
-64.475855
-64.735860
-64.642654
-64.871856
-64.864841
-65.028680
-65.021001
-64.769454
-59.590786
-64.408456
-59.755047
-64.551252
-59.745880
-64.550761
-59.698026
-64.622010
-59.496007
-64.703380
-64.483602
-64.311090
-64.683687
-64.342079
-64.678152
-64.599005
-64.844920
-64.745316
-65.045392
-64.918974
-64.583479
-59.687255
-64.424454
-59.820187
-64.503684
-59.651544
-64.610283
-59.534514
-64.631258
-64.609179
-64.387437
-64.740857
-64.427259
-64.927681
-64.685766
-65.011662
-64.892829
-64.548783
-59.665353
-64.589748
-59.660125
-64.513352
-59.559585
-64.613777
-64.788682
-64.471441
-64.844648
-64.698424
-65.083305
-64.800771
-64.664813
-59.615700
-64.647428
-59.383215
-64.675181
-64.878997
-64.594965
-65.150314
-64.854629
-64.944690
-59.239107
-64.734029
-65.147750
-64.932329
-64.768507
-62.669146
-56.828827
-62.280998
-57.203589
-62.417697
-57.568099
-62.365092
-57.843835
-62.398018
-57.725736
-62.805776
-56.860451
-62.805775
-57.725724
-62.398023
-57.843841
-62.365083
-57.568097
-62.417700
-57.203586
-62.281000
-56.828825
-62.669151
-63.229693
-56.575442
-62.968196
-56.787412
-62.906782
-56.969959
-62.875442
-57.010561
-62.787614
-56.989976
-62.762256
-56.827051
-62.775442
-56.625208
-62.802485
-56.321086
-62.926842
-55.917618
-63.063075
-55.419399
-63.312552
-54.491555
-63.833853
-62.475689
-62.564129
-62.461536
-62.526734
-62.372159
-62.478420
-62.302517
-62.540081
-62.281366
-62.547302
-62.305215
-62.621167
-62.309191
-62.727228
-62.391906
-62.867299
-62.498197
-63.123953
-62.668273
-63.425875
-63.070545
-63.897961
-62.902612
-57.014220
-62.898076
-57.176425
-62.851308
-57.321607
-62.755288
-57.268388
-62.734997
-57.168523
-62.676031
-56.996311
-62.690496
-56.705708
-62.728291
-56.370775
-62.796246
-55.882534
-62.978911
-55.209710
-63.070546
-62.726182
-62.369463
-62.470055
-62.468169
-62.325670
-62.459652
-62.371342
-62.474922
-62.331719
-62.531270
-62.354251
-62.558944
-62.410237
-62.664298
-62.492675
-62.802679
-62.703750
-62.978157
-62.978911
-63.425874
-62.742577
-57.509105
-62.731410
-57.583261
-62.789039
-57.537295
-62.671318
-57.506062
-62.617357
-57.322095
-62.600189
-57.096767
-62.577171
-56.776202
-62.633267
-56.344451
-62.703751
-55.882534
-62.668274
-62.591758
-62.381051
-62.519963
-62.338538
-62.427605
-62.466463
-62.401665
-62.447067
-62.416483
-62.486638
-62.411711
-62.549529
-62.496271
-62.620914
-62.633267
-62.802678
-62.796245
-63.123953
-62.773761
-57.725582
-62.759841
-57.864258
-62.652040
-57.738679
-62.623321
-57.628779
-62.524437
-57.442287
-62.496630
-57.131288
-62.496272
-56.776203
-62.492675
-56.370775
-62.498198
-62.611945
-62.424800
-62.488520
-62.379461
-62.559685
-62.428007
-62.454443
-62.477970
-62.447172
-62.486442
-62.496630
-62.549529
-62.577170
-62.664299
-62.728289
-62.867298
-62.735869
-57.885055
-62.798737
-57.907804
-62.580928
-57.902655
-62.496354
-57.709548
-62.447172
-57.442289
-62.411710
-57.096769
-62.410236
-56.705708
-62.391908
-62.747367
-62.456997
-62.559671
-62.516005
-62.527704
-62.479200
-62.496352
-62.477973
-62.524433
-62.486641
-62.600186
-62.558945
-62.690495
-62.727227
-62.716915
-57.872593
-62.701737
-57.949091
-62.527700
-57.902659
-62.454438
-57.628782
-62.416480
-57.322095
-62.354252
-56.996311
-62.309193
-63.007856
-62.437560
-62.701733
-62.516010
-62.580922
-62.428009
-62.623317
-62.447067
-62.617357
-62.531269
-62.676031
-62.621168
-63.007857
-57.872587
-62.559680
-57.907796
-62.559687
-57.738675
-62.401667
-57.506061
-62.331719
-57.168524
-62.305214
-62.716912
-62.456991
-62.798749
-62.379450
-62.652043
-62.466460
-62.671319
-62.474923
-62.734995
-62.547303
-62.747363
-57.885070
-62.488505
-57.864265
-62.427597
-57.537300
-62.371339
-57.268390
-62.281367
-62.735879
-62.424795
-62.759838
-62.338538
-62.789039
-62.459650
-62.755290
-62.540079
-62.611934
-57.725579
-62.519968
-57.583254
-62.325674
-57.321606
-62.302516
-62.773766
-62.381048
-62.731408
-62.468172
-62.851305
-62.478422
-62.591754
-57.509109
-62.470051
-57.176427
-62.372158
-62.742577
-62.369461
-62.898081
-62.526729
-62.726181
-57.014220
-62.461534
-62.902612
-62.564131
-62.475688
-63.227989
-56.575520
-62.964227
-56.786196
-62.907114
-56.961271
-62.876349
-57.010093
-62.781922
-56.987561
-62.768382
-56.815134
-62.780751
-56.623915
-62.799060
-56.317431
-62.935206
-55.903634
-63.070369
-55.415486
-63.310677
-54.485263
-63.842266
-62.477511
-62.565126
-62.466402
-62.524438
-62.378836
-62.483122
-62.301023
-62.542320
-62.290033
-62.539360
-62.311978
-62.623995
-62.306390
-62.727702
-62.401148
-62.857509
-62.506160
-63.125756
-62.666258
-63.427178
-63.079300
-63.890441
-62.900557
-57.010841
-62.896941
-57.174739
-62.843400
-57.319131
-62.759390
-57.256622
-62.739029
-57.168103
-62.671568
-56.993068
-62.699477
-56.691253
-62.736271
-56.367806
-62.793876
-55.878074
-62.987891
-55.194213
-63.079300
-62.730197
-62.371332
-62.471498
-62.472891
-62.335285
-62.453414
-62.378573
-62.478889
-62.328852
-62.531461
-62.364729
-62.547487
-62.419001
-62.665468
-62.490286
-62.802992
-62.713162
-62.968013
-62.987891
-63.427178
-62.737885
-57.508071
-62.729314
-57.571427
-62.789643
-57.537354
-62.664796
-57.502748
-62.626747
-57.306792
-62.608465
-57.094598
-62.574309
-56.772309
-62.643246
-56.328777
-62.713162
-55.878074
-62.666257
-62.597143
-62.379708
-62.530549
-62.345336
-62.425812
-62.467362
-62.413971
-62.434500
-62.425978
-62.487852
-62.409136
-62.548641
-62.507339
-62.608166
-62.643246
-62.802991
-62.793877
-63.125755
-62.770051
-57.722139
-62.747430
-57.860235
-62.659912
-57.722438
-62.630730
-57.627552
-62.521054
-57.437608
-62.509090
-57.113513
-62.507339
-56.772308
-62.490286
-56.367805
-62.506161
-62.616899
-62.432101
-62.503886
-62.368476
-62.569531
-62.430880
-62.451969
-62.474837
-62.462220
-62.469231
-62.509090
-62.548640
-62.574309
-62.665467
-62.736271
-62.857508
-62.729747
-57.868035
-62.799897
-57.908793
-62.575925
-57.894974
-62.514540
-57.685954
-62.462221
-57.437607
-62.409138
-57.094597
-62.419001
-56.691254
-62.401148
-62.760802
-62.466628
-62.558189
-62.509798
-62.551027
-62.453130
-62.514542
-62.474834
-62.521056
-62.487849
-62.608466
-62.547488
-62.699476
-62.727702
-62.704996
-57.861298
-62.725940
-57.914719
-62.551031
-57.894970
-62.451974
-57.627548
-62.425981
-57.306792
-62.364727
-56.993069
-62.306390
-63.025112
-62.412006
-62.725943
-62.509793
-62.575929
-62.430879
-62.630732
-62.434500
-62.626744
-62.531464
-62.671567
-62.623995
-63.025112
-57.861304
-62.558180
-57.908801
-62.569528
-57.722442
-62.413969
-57.502751
-62.328851
-57.168103
-62.311979
-62.704998
-62.466635
-62.799884
-62.368488
-62.659907
-62.467367
-62.664793
-62.478889
-62.739030
-62.539359
-62.760807
-57.868021
-62.503902
-57.860228
-62.425819
-57.537349
-62.378577
-57.256621
-62.290034
-62.729737
-62.432106
-62.747432
-62.345336
-62.789642
-62.453417
-62.759387
-62.542322
-62.616911
-57.722142
-62.530545
-57.571434
-62.335282
-57.319132
-62.301024
-62.770045
-62.379712
-62.729315
-62.472888
-62.843403
-62.483121
-62.597148
-57.508067
-62.471503
-57.174737
-62.378838
-62.737884
-62.371336
-62.896935
-62.524444
-62.730198
-57.010841
-62.466405
-62.900556
-62.565125
-62.477513

