Tension at each vertex
26.662332
26.662335
26.662439
26.662439
21.627722
26.325380
21.627723
26.325381
21.118692
21.118808
27.349917
27.350153
26.434781
26.304363
25.960296
25.735792
25.299267
24.867672
24.272393
23.706749
22.936906
22.352291
21.712077
21.292220
20.964077
20.872375
20.743965
20.862903
20.879325
21.006104
21.077266
21.253174
21.264698
21.455939
21.475922
26.383149
26.160753
25.934682
25.565054
25.209499
24.727701
24.144542
23.516155
22.852454
22.159894
21.628464
21.204066
20.913901
20.798354
20.770942
20.775590
20.882125
20.975228
21.050694
21.182742
21.280847
21.369694
26.415323
26.218667
25.903677
25.643700
25.136864
24.726946
24.089354
23.470168
22.755329
22.174806
21.544028
21.228791
20.924811
20.833834
20.771919
20.870952
20.859202
21.041157
21.078743
21.223731
21.280839
26.380386
26.149512
25.849916
25.516187
25.118803
24.569009
24.014788
23.350595
22.653936
22.033805
21.517535
21.103264
20.905958
20.795759
20.747649
20.808721
20.888706
20.950135
21.078751
21.182746
26.361479
26.217677
25.872635
25.548429
25.076543
24.626093
23.932848
23.355854
22.621428
22.026711
21.478426
21.172460
20.867247
20.856562
20.777784
20.845981
20.888699
21.041160
21.050686
26.391346
26.095713
25.844620
25.476137
25.020177
24.506858
23.915059
23.209993
22.572748
21.947854
21.427136
21.090905
20.888092
20.763755
20.777792
20.808728
20.859209
20.975231
26.376161
26.210562
25.808197
25.531624
25.024513
24.525378
23.877316
23.275560
22.518116
21.994892
21.442341
21.125648
20.888074
20.856563
20.747641
20.870948
20.882130
26.349950
26.107832
25.829301
25.411281
25.002076
24.455794
23.827681
23.180417
22.529922
21.892162
21.442352
21.090911
20.867264
20.795768
20.771942
20.775592
26.377826
26.164313
25.814970
25.509516
24.962256
24.516407
23.843563
23.219484
22.529909
21.994895
21.427123
21.172457
20.905957
20.833818
20.770943
26.370342
26.105634
25.785369
25.421215
24.984106
24.408620
23.843572
23.180423
22.518124
21.947854
21.478451
21.103262
20.924835
20.798380
26.344210
26.183805
25.809855
25.471798
24.984095
24.516407
23.827666
23.275550
22.572747
22.026695
21.517533
21.228795
20.913893
26.371103
26.074496
25.809863
25.421219
24.962261
24.455792
23.877335
23.209986
22.621444
22.033817
21.544037
21.204079
26.371099
26.183804
25.785357
25.509506
25.002074
24.525354
23.915051
23.355845
22.653916
22.174794
21.628476
26.344213
26.105635
25.814985
25.411271
25.024527
24.506865
23.932847
23.350598
22.755357
22.159883
26.370344
26.164289
25.829300
25.531613
25.020153
24.626071
24.014790
23.470125
22.852452
26.377842
26.107840
25.808193
25.476140
25.076567
24.568988
24.089370
23.516167
26.349934
26.210545
25.844627
25.548381
25.118801
24.726926
24.144511
26.376184
26.095694
25.872656
25.516200
25.136853
24.727705
26.391359
26.217658
25.849887
25.643669
25.209508
26.361467
26.149525
25.903710
25.565026
26.380406
26.218593
25.934691
26.415355
26.160778
26.383120
26.551430
26.640607
26.528268
26.667160
26.550469
26.626354
26.565130
26.646867
26.533677
26.649964
26.560807
26.620713
26.560804
26.649970
26.533687
26.646876
26.565120
26.626402
26.550454
26.667183
26.528295
26.640636
26.551404
26.725263
26.924914
26.941950
27.131039
27.152001
27.262923
27.276451
27.381634
27.310524
27.404042
27.327246
27.328341
27.243364
27.240212
27.074596
27.076194
26.919214
26.855734
26.720806
26.686697
26.497470
26.491955
26.327236
26.708010
26.827805
26.976625
27.025054
27.152579
27.207643
27.249146
27.298265
27.333115
27.292981
27.315491
27.269762
27.202241
27.154334
27.089014
26.968467
26.912541
26.807341
26.692852
26.616698
26.522906
26.414483
26.753919
26.916016
26.987173
27.160342
27.144946
27.305439
27.291599
27.362246
27.341449
27.404667
27.293115
27.345349
27.228800
27.195745
27.083644
27.063486
26.883577
26.878942
26.717584
26.667380
26.522902
26.729458
26.862241
26.962384
27.069909
27.174578
27.194406
27.288770
27.307530
27.309118
27.320505
27.314144
27.236566
27.221862
27.143683
27.049070
26.986306
26.907339
26.780363
26.717560
26.616701
26.716413
26.949341
27.006959
27.141512
27.182885
27.317018
27.268691
27.393329
27.341505
27.373310
27.314711
27.340614
27.193956
27.216935
27.074667
27.031453
26.907340
26.878954
26.692870
26.753544
26.835749
27.000293
27.085566
27.154374
27.229471
27.294692
27.279418
27.335397
27.316802
27.281509
27.260259
27.219137
27.113405
27.074647
26.986314
26.883571
26.807320
26.742643
26.965211
26.980054
27.176244
27.190616
27.292001
27.298458
27.393799
27.308694
27.396567
27.308813
27.309930
27.219127
27.216945
27.049084
27.063474
26.912546
26.722465
26.867787
27.013206
27.061503
27.189506
27.235351
27.269095
27.308797
27.335418
27.286402
27.308796
27.260262
27.193958
27.143667
27.083633
26.968486
26.753043
26.936592
27.011705
27.184107
27.164571
27.324608
27.299985
27.365602
27.335412
27.396577
27.281519
27.340610
27.221864
27.195774
27.088992
26.749426
26.876827
26.987058
27.093825
27.194182
27.208075
27.299976
27.308800
27.308695
27.316785
27.314702
27.236577
27.228765
27.154327
26.724436
26.965091
27.016008
27.156563
27.194175
27.324615
27.269100
27.393795
27.335396
27.373340
27.314122
27.345365
27.202268
26.752662
26.849529
27.016005
27.093825
27.164576
27.235338
27.298451
27.279430
27.341478
27.320497
27.293127
27.269731
26.752654
26.965094
26.987059
27.184108
27.189500
27.292029
27.294672
27.393344
27.309135
27.404666
27.315478
26.724444
26.876821
27.011701
27.061512
27.190596
27.229463
27.268701
27.307503
27.341428
27.293005
26.749415
26.936617
27.013188
27.176256
27.154386
27.317021
27.288755
27.362303
27.333080
26.753034
26.867778
26.980066
27.085546
27.182867
27.194426
27.291561
27.298246
26.722472
26.965222
27.000274
27.141563
27.174547
27.305459
27.249169
26.742629
26.835768
27.006932
27.069892
27.144962
27.207608
26.753518
26.949360
26.962401
27.160354
27.152553
26.716432
26.862218
26.987145
27.025082
26.729428
26.916089
26.976587
26.753888
26.827781
26.708028
26.452925
26.472230
26.194947
26.176387
25.895820
25.765349
25.478424
25.297047
24.906106
24.697283
24.270753
23.960443
23.552284
23.239710
22.794498
22.565481
22.182759
21.966689
21.705680
21.569226
21.323940
21.309224
21.125727
21.468580
21.509404
21.522151
21.498922
21.515394
21.505000
21.453850
21.441780
21.403760
21.319294
21.286296
21.215250
21.117621
21.057402
20.990571
20.876792
20.844000
20.788276
20.745055
20.761069
20.857383
20.900506
21.401035
21.448952
21.406551
21.474078
21.368886
21.437019
21.346904
21.343895
21.258672
21.268999
21.115361
21.136904
21.006830
20.972477
20.865824
20.883798
20.751891
20.825687
20.813373
20.925732
21.020313
21.289642
21.302002
21.270157
21.286462
21.274305
21.220373
21.214123
21.173212
21.098088
21.065464
21.012221
20.917543
20.885100
20.831752
20.765588
20.759587
20.788146
20.796559
20.944418
21.105405
21.158132
21.243820
21.177009
21.198165
21.139798
21.177521
21.050907
21.096597
20.990864
20.972828
20.884717
20.902586
20.773686
20.831063
20.783276
20.844716
20.887054
21.110098
21.214893
21.077134
21.042922
21.056272
21.044091
20.992749
20.987216
20.958477
20.887655
20.874304
20.835951
20.775528
20.772291
20.780062
20.767575
20.862091
20.974277
21.131460
21.377395
20.961892
21.020197
20.914510
20.982365
20.904042
20.909374
20.843235
20.883002
20.764165
20.838291
20.776629
20.836184
20.845771
21.021109
21.075107
21.371959
21.602567
20.840769
20.857206
20.851923
20.805196
20.812254
20.802389
20.755103
20.776285
20.781921
20.779728
20.851893
20.946678
21.054462
21.257933
21.527482
21.794263
20.797668
20.819946
20.777905
20.841936
20.742262
20.839581
20.789167
20.860617
20.870275
21.026280
21.063176
21.313952
21.498621
21.810509
22.106051
20.775767
20.781461
20.754933
20.801043
20.820572
20.838419
20.914644
21.006753
21.105834
21.277035
21.513274
21.730535
22.074989
22.436096
20.798987
20.912775
20.877491
20.968814
20.986136
21.149084
21.182310
21.414304
21.571741
21.838366
22.093117
22.497575
22.767119
21.004217
21.035184
21.117752
21.221912
21.312316
21.477474
21.685468
21.870860
22.167769
22.477247
22.787658
23.166421
21.315522
21.481312
21.498374
21.727097
21.855161
22.092263
22.301155
22.650303
22.863627
23.281245
23.572299
21.782506
21.934019
22.100943
22.253134
22.499871
22.752622
22.998570
23.315924
23.638878
23.929652
22.419952
22.611375
22.757847
23.043550
23.188687
23.538058
23.754642
24.080272
24.323642
23.102512
23.275967
23.441189
23.680715
23.919138
24.140697
24.413452
24.687795
23.746466
24.005963
24.125811
24.378084
24.539708
24.849706
24.967640
24.402235
24.530062
24.706684
24.907216
25.055866
25.289724
24.915100
25.140959
25.173678
25.447543
25.532768
25.351263
25.494533
25.612692
25.744841
25.725653
25.897694
25.940214
26.029053
26.135949
26.227410
26.725300
26.924885
26.941930
27.131009
27.152048
27.262844
27.276483
27.381629
27.310505
27.404022
27.327292
27.328283
27.243390
27.240216
27.074583
27.076183
26.919249
26.855699
26.720820
26.686702
26.497471
26.491946
26.327255
26.216152
26.264398
26.156628
26.241351
26.169580
26.219714
26.203526
26.294625
26.247311
26.389634
26.382920
26.488399
26.524250
26.664965
26.652309
26.829751
26.836168
26.963676
26.989437
27.134298
27.089004
27.263194
27.210220
26.754821
26.893000
26.944004
27.007837
27.070917
27.149953
27.148116
27.235278
27.252066
27.271563
27.297524
27.333633
27.295804
27.338317
27.324074
27.303250
27.300247
27.309529
27.249687
27.269970
27.246984
27.222439
26.922129
27.064062
27.056717
27.207224
27.139671
27.296517
27.247624
27.337099
27.298064
27.401193
27.299220
27.408028
27.325362
27.371829
27.297783
27.371797
27.235368
27.328231
27.222837
27.267115
27.172540
27.012042
27.105881
27.115098
27.208152
27.230521
27.257889
27.287882
27.328456
27.294175
27.338667
27.322916
27.301996
27.294924
27.296903
27.229105
27.244736
27.207408
27.165285
27.150815
27.144620
27.096601
27.256765
27.219075
27.315568
27.283961
27.391870
27.295755
27.406783
27.328125
27.370339
27.299812
27.362734
27.227207
27.305582
27.196404
27.218678
27.127986
27.186387
27.044337
27.178773
27.227197
27.263683
27.313531
27.285313
27.338013
27.324365
27.305984
27.300781
27.297640
27.226109
27.237064
27.188232
27.138335
27.112105
27.092652
27.017305
27.021380
27.255419
27.365363
27.285363
27.401907
27.330581
27.376145
27.312597
27.369344
27.237731
27.306847
27.191965
27.200892
27.105934
27.141315
26.992353
27.054596
26.944509
27.259399
27.329993
27.320349
27.313859
27.313495
27.313289
27.243863
27.252610
27.196695
27.142530
27.103952
27.070830
26.980401
26.970108
26.915777
26.853854
27.325090
27.378495
27.329364
27.387688
27.265170
27.332410
27.218725
27.220595
27.120054
27.140644
26.984556
27.025529
26.900888
26.891075
26.799945
27.322517
27.334357
27.271641
27.288717
27.232822
27.179836
27.135560
27.096211
26.993351
26.970669
26.898163
26.819737
26.778967
26.733970
27.295699
27.371284
27.266921
27.269295
27.173034
27.186360
27.025963
27.054224
26.918696
26.888240
26.781323
26.782781
26.629638
27.282070
27.237494
27.199435
27.160840
27.054915
27.028008
26.942694
26.852474
26.794926
26.731218
26.624040
26.590241
27.246962
27.262782
27.108993
27.133903
26.994944
26.953611
26.837751
26.819009
26.648638
26.659213
26.524687
27.147129
27.124558
27.039845
26.946198
26.881027
26.805074
26.682337
26.633012
26.541840
26.440147
27.108283
27.069218
26.952966
26.927086
26.748609
26.745924
26.593011
26.534838
26.412940
27.010653
26.938795
26.810151
26.755723
26.648848
26.535177
26.457459
26.373335
26.897134
26.898532
26.737008
26.673729
26.538155
26.497730
26.310135
26.815483
26.701570
26.617871
26.521851
26.382549
26.310201
26.724200
26.681597
26.488779
26.466326
26.298804
26.583662
26.512034
26.394375
26.262752
26.515604
26.445996
26.292874
26.406857
26.299126
26.305846
26.629548
26.855625
26.787495
26.994449
26.966590
27.098095
27.087230
27.234214
27.160814
27.312370
27.261056
27.344974
27.300477
27.405689
27.297111
27.409888
27.326358
27.382508
27.304554
27.397635
27.258879
27.364345
27.253202
21.478396
21.969882
22.528983
23.166600
23.856263
24.453945
24.992356
25.492729
25.869271
26.169115
26.459235
26.657902
26.809038
26.978343
27.080066
27.147237
27.241424
27.278301
27.283106
27.323604
27.302998
27.275245
21.608662
22.240773
22.820263
23.551255
24.113038
24.823238
25.249501
25.747311
26.062753
26.417199
26.560290
26.856332
26.926702
27.105068
27.158336
27.300167
27.257179
27.398673
27.326729
27.389640
27.320614
21.850933
22.414313
23.079841
23.786657
24.409820
24.958120
25.474513
25.856430
26.164613
26.456755
26.659472
26.811957
26.981976
27.085371
27.150343
27.246966
27.280150
27.289264
27.322022
27.308732
22.006622
22.784191
23.372389
24.122613
24.695598
25.295973
25.651776
26.127731
26.338501
26.634793
26.784417
27.005697
27.034671
27.238532
27.228979
27.338960
27.324165
27.410595
27.308319
22.292723
22.957404
23.705253
24.344683
24.921086
25.446127
25.845366
26.155445
26.456668
26.660622
26.816041
26.987227
27.090478
27.158456
27.250939
27.290851
27.291716
27.329462
22.580383
23.362021
23.969949
24.727233
25.188718
25.710263
26.043336
26.411269
26.560463
26.861971
26.934898
27.114971
27.168087
27.312259
27.268656
27.406858
27.336883
22.865887
23.624867
24.300278
24.882572
25.430983
25.831977
26.153138
26.452783
26.663284
26.817747
26.991260
27.096968
27.163650
27.258669
27.295330
27.296471
23.210651
23.993665
24.614731
25.245728
25.622755
26.112626
26.334768
26.634855
26.788524
27.012496
27.043006
27.246535
27.241233
27.346475
27.332996
23.574714
24.263706
24.865438
25.414983
25.829209
26.145756
26.452339
26.660525
26.819146
26.991105
27.100087
27.165473
27.261079
27.297167
23.888755
24.668896
25.162204
25.690466
26.035751
26.407798
26.560904
26.862414
26.939983
27.117776
27.173676
27.316412
27.274413
24.253847
24.856948
25.413957
25.826224
26.147499
26.449210
26.663046
26.816554
26.992731
27.098871
27.167868
27.259607
24.600423
25.239020
25.623541
26.110896
26.338633
26.634133
26.789142
27.012235
27.043474
27.244488
27.243455
24.871218
25.419980
25.832729
26.145848
26.449663
26.658419
26.815741
26.986538
27.099478
27.162775
25.188188
25.705111
26.046138
26.413736
26.563452
26.860366
26.939137
27.113008
27.169457
25.442813
25.843932
26.152768
26.447541
26.659349
26.808701
26.984549
27.091182
25.657715
26.128073
26.348536
26.635938
26.786138
27.007534
27.034769
25.865234
26.159410
26.450352
26.654437
26.806344
26.973781
26.075210
26.430504
26.565249
26.856449
26.927778
26.173058
26.449770
26.652583
26.794756
26.368290
26.646614
26.776185
26.448866
26.640508
26.576969
26.551433
26.640610
26.528271
26.667163
26.550472
26.626357
26.565133
26.646869
26.533678
26.649966
26.560807
26.620714
26.560805
26.649970
26.533688
26.646878
26.565121
26.626404
26.550455
26.667183
26.528296
26.640637
26.551405
26.434733
26.304404
25.960308
25.735817
25.299240
24.867736
24.272360
23.706774
22.936910
22.352301
21.712054
21.292253
20.964047
20.872386
20.743958
20.862905
20.879308
21.006117
21.077248
21.253178
21.264691
21.455940
21.475915
26.383123
26.160782
25.934693
25.565029
25.209511
24.727706
24.144512
23.516168
22.852452
22.159882
21.628475
21.204079
20.913892
20.798373
20.770942
20.775591
20.882127
20.975233
21.050685
21.182746
21.280839
21.369695
26.415358
26.218596
25.903713
25.643670
25.136857
24.726926
24.089372
23.470124
22.755356
22.174792
21.544037
21.228793
20.924834
20.833824
20.771944
20.870951
20.859213
21.041161
21.078751
21.223732
21.280847
26.380409
26.149527
25.849890
25.516201
25.118802
24.568988
24.014791
23.350596
22.653916
22.033818
21.517533
21.103264
20.905963
20.795765
20.747641
20.808729
20.888697
20.950137
21.078743
21.182742
26.361471
26.217660
25.872658
25.548381
25.076568
24.626070
23.932847
23.355844
22.621443
22.026694
21.478451
21.172458
20.867261
20.856568
20.777796
20.845983
20.888712
21.041160
21.050696
26.391360
26.095695
25.844629
25.476141
25.020154
24.506865
23.915049
23.209984
22.572745
21.947856
21.427125
21.090915
20.888082
20.763759
20.777785
20.808725
20.859201
20.975230
26.376187
26.210547
25.808194
25.531614
25.024525
24.525352
23.877333
23.275549
22.518123
21.994896
21.442352
21.125653
20.888090
20.856564
20.747655
20.870955
20.882130
26.349936
26.107841
25.829300
25.411270
25.002073
24.455791
23.827664
23.180422
22.529907
21.892164
21.442344
21.090909
20.867257
20.795768
20.771923
20.775596
26.377844
26.164290
25.814986
25.509506
24.962260
24.516405
23.843569
23.219482
22.529922
21.994896
21.427138
21.172467
20.905960
20.833834
20.770948
26.370347
26.105636
25.785358
25.421217
24.984093
24.408618
23.843561
23.180416
22.518114
21.947856
21.478431
21.103269
20.924819
20.798367
26.344215
26.183803
25.809863
25.471796
24.984104
24.516405
23.827677
23.275558
22.572748
22.026715
21.517540
21.228799
20.913909
26.371100
26.074496
25.809856
25.421213
24.962254
24.455790
23.877313
23.209993
22.621428
22.033806
21.544033
21.204072
26.371106
26.183804
25.785369
25.509513
25.002073
24.525375
23.915056
23.355851
22.653936
22.174809
21.628470
26.344212
26.105633
25.814968
25.411279
25.024510
24.506853
23.932845
23.350592
22.755330
22.159896
26.370343
26.164313
25.829300
25.531621
25.020173
24.626088
24.014785
23.470165
22.852453
26.377828
26.107831
25.808195
25.476133
25.076540
24.569003
24.089350
23.516151
26.349951
26.210561
25.844619
25.548426
25.118800
24.726941
24.144538
26.376161
26.095713
25.872633
25.516182
25.136860
24.727696
26.391347
26.217675
25.849914
25.643696
25.209494
26.361478
26.149510
25.903674
25.565050
26.380386
26.218665
25.934680
26.415322
26.160752
26.383148
26.725304
26.924888
26.941934
27.131012
27.152051
27.262847
27.276486
27.381631
27.310507
27.404023
27.327294
27.328282
27.243390
27.240217
27.074586
27.076182
26.919253
26.855703
26.720822
26.686707
26.497475
26.491947
26.327259
26.708029
26.827782
26.976589
27.025085
27.152556
27.207611
27.249172
27.298249
27.333083
27.293006
27.315481
27.269731
27.202268
27.154327
27.088994
26.968484
26.912548
26.807323
26.692871
26.616705
26.522906
26.414484
26.753890
26.916091
26.987147
27.160357
27.144965
27.305462
27.291564
27.362304
27.341431
27.404667
27.293129
27.345365
27.228769
27.195779
27.083635
27.063480
26.883578
26.878954
26.717564
26.667382
26.522907
26.729429
26.862220
26.962403
27.069895
27.174549
27.194429
27.288757
27.307506
27.309139
27.320499
27.314125
27.236581
27.221865
27.143666
27.049086
26.986312
26.907337
26.780365
26.717585
26.616698
26.716433
26.949363
27.006934
27.141567
27.182869
27.317025
27.268705
27.393345
27.341480
27.373341
27.314704
27.340610
27.193957
27.216948
27.074648
27.031454
26.907347
26.878944
26.692856
26.753519
26.835771
27.000276
27.085550
27.154388
27.229465
27.294674
27.279431
27.335399
27.316788
27.281520
27.260266
27.219132
27.113406
27.074669
26.986309
26.883575
26.807340
26.742630
26.965224
26.980069
27.176259
27.190600
27.292030
27.298454
27.393797
27.308698
27.396579
27.308798
27.309932
27.219135
27.216935
27.049072
27.063483
26.912544
26.722473
26.867781
27.013191
27.061515
27.189503
27.235340
27.269104
27.308801
27.335413
27.286404
27.308813
27.260260
27.193959
27.143687
27.083646
26.968473
26.753037
26.936618
27.011704
27.184109
27.164580
27.324616
27.299979
27.365603
27.335421
27.396569
27.281511
27.340618
27.221863
27.195744
27.089016
26.749417
26.876822
26.987063
27.093827
27.194179
27.208076
27.299989
27.308799
27.308696
27.316803
27.314712
27.236565
27.228800
27.154337
26.724447
26.965095
27.016010
27.156564
27.194187
27.324609
27.269098
27.393800
27.335400
27.373312
27.314146
27.345351
27.202247
26.752659
26.849530
27.016012
27.093826
27.164575
27.235352
27.298460
27.279420
27.341508
27.320506
27.293117
27.269762
26.752665
26.965091
26.987063
27.184109
27.189510
27.292003
27.294695
27.393331
27.309120
27.404668
27.315494
26.724440
26.876829
27.011709
27.061504
27.190619
27.229474
27.268693
27.307531
27.341452
27.292981
26.749430
26.936594
27.013209
27.176247
27.154377
27.317020
27.288773
27.362249
27.333118
26.753045
26.867790
26.980057
27.085569
27.182887
27.194409
27.291602
27.298266
26.722468
26.965215
27.000296
27.141516
27.174580
27.305441
27.249148
26.742645
26.835752
27.006961
27.069913
27.144948
27.207644
26.753546
26.949345
26.962387
27.160344
27.152582
26.716416
26.862245
26.987176
27.025057
26.729461
26.916019
26.976628
26.753922
26.827808
26.708013
26.434785
26.304366
25.960299
25.735795
25.299270
24.867674
24.272395
23.706751
22.936905
22.352290
21.712076
21.292218
20.964077
20.872380
20.743962
20.862905
20.879324
21.006103
21.077266
21.253174
21.264698
21.455940
21.475921
21.578354
21.681715
21.595678
21.696529
21.631949
21.661271
21.598454
21.639217
21.505926
21.545518
21.425237
21.393945
21.277579
21.266034
21.085808
21.091834
20.945781
20.912292
20.802868
20.850264
20.750888
20.886720
20.909663
26.227414
26.135953
25.940217
25.744846
25.532774
25.289728
24.967646
24.687800
24.323643
23.929656
23.572296
23.166417
22.767117
22.436086
22.106039
21.794254
21.602559
21.377387
21.214886
21.105398
21.020310
20.900504
26.029056
25.897699
25.612694
25.447547
25.055871
24.849709
24.413455
24.080275
23.638875
23.281246
22.787650
22.497564
22.074983
21.810497
21.527465
21.371946
21.131451
21.110090
20.944411
20.925727
20.857378
25.725657
25.494537
25.173682
24.907220
24.539712
24.140700
23.754644
23.315926
22.863623
22.477246
22.093110
21.730523
21.498615
21.257925
21.075096
20.974261
20.887039
20.796546
20.813362
20.761061
25.351265
25.140963
24.706685
24.378086
23.919140
23.538058
22.998568
22.650300
22.167760
21.838360
21.513265
21.313938
21.054452
21.021103
20.862085
20.844707
20.788132
20.825673
20.745043
24.915103
24.530066
24.125813
23.680717
23.188689
22.752621
22.301151
21.870856
21.571733
21.277027
21.063170
20.946669
20.845760
20.767569
20.783276
20.759591
20.751894
20.788278
24.402237
24.005965
23.441191
23.043547
22.499870
22.092259
21.685460
21.414297
21.105825
21.026267
20.851879
20.836175
20.780052
20.831050
20.765572
20.883785
20.843992
23.746467
23.275968
22.757847
22.253131
21.855156
21.477470
21.182302
21.006747
20.870273
20.779724
20.776620
20.772284
20.773685
20.831754
20.865826
20.876791
23.102512
22.611374
22.100941
21.727092
21.312310
21.149075
20.914633
20.860606
20.781912
20.838288
20.775523
20.902577
20.885093
20.972473
20.990569
22.419950
21.934017
21.498372
21.221907
20.986134
20.838416
20.789159
20.776278
20.764156
20.835943
20.884714
20.917538
21.006823
21.057396
21.782502
21.481308
21.117747
20.968806
20.820566
20.839579
20.755097
20.882999
20.874301
20.972823
21.012216
21.136902
21.117619
21.315520
21.035182
20.877490
20.801034
20.742253
20.802383
20.843227
20.887646
20.990859
21.065460
21.115356
21.215245
21.004211
20.912773
20.754934
20.841934
20.812251
20.909373
20.958476
21.096594
21.098086
21.268998
21.286295
20.798982
20.781454
20.777900
20.805190
20.904036
20.987212
21.050904
21.173208
21.258669
21.319291
20.775767
20.819945
20.851923
20.982364
20.992746
21.177518
21.214122
21.343894
21.403758
20.797666
20.857203
20.914507
21.044089
21.139796
21.220370
21.346901
21.441777
20.840767
21.020195
21.056271
21.198164
21.274303
21.437017
21.453849
20.961893
21.042921
21.177007
21.286459
21.368884
21.504999
21.077133
21.243819
21.270156
21.474078
21.515393
21.158132
21.302001
21.406551
21.498921
21.289641
21.448952
21.522149
21.401035
21.509403
21.468579
26.629553
26.855629
26.787498
26.994452
26.966594
27.098097
27.087232
27.234218
27.160818
27.312370
27.261058
27.344976
27.300478
27.405686
27.297107
27.409884
27.326356
27.382506
27.304553
27.397633
27.258879
27.364344
27.253203
26.305850
26.299129
26.292879
26.262755
26.298807
26.310207
26.310135
26.373343
26.412940
26.440149
26.524691
26.590241
26.629649
26.733963
26.799957
26.853850
26.944507
27.021383
27.044337
27.144617
27.172540
27.222439
26.406858
26.445997
26.394375
26.466327
26.382551
26.497730
26.457462
26.534839
26.541843
26.659217
26.624037
26.782790
26.778963
26.891083
26.915778
27.054591
27.017307
27.186389
27.150808
27.267114
27.246982
26.515607
26.512036
26.488784
26.521854
26.538159
26.535183
26.593011
26.633017
26.648640
26.731219
26.781327
26.819737
26.900892
26.970115
26.992348
27.092654
27.127989
27.165279
27.222836
27.269968
26.583661
26.681601
26.617873
26.673727
26.648853
26.745923
26.682340
26.819010
26.794929
26.888243
26.898162
27.025531
26.980407
27.141314
27.112102
27.218683
27.207401
27.328227
27.249683
26.724202
26.701574
26.737009
26.755727
26.748611
26.805078
26.837752
26.852475
26.918703
26.970667
26.984560
27.070831
27.105938
27.138332
27.196410
27.244733
27.235363
27.309525
26.815483
26.898534
26.810155
26.927083
26.881031
26.953614
26.942691
27.054230
26.993349
27.140649
27.103949
27.200896
27.188229
27.305583
27.229104
27.371791
27.300240
26.897131
26.938802
26.952965
26.946200
26.994951
27.028006
27.025967
27.096212
27.120058
27.142533
27.191964
27.237065
27.227206
27.296904
27.297781
27.303243
27.010656
27.069222
27.039844
27.133905
27.054915
27.186363
27.135560
27.220595
27.196700
27.306846
27.226108
27.362735
27.294920
27.371830
27.324067
27.108284
27.124560
27.108997
27.160840
27.173039
27.179837
27.218726
27.252612
27.237736
27.297638
27.299814
27.301993
27.325363
27.338314
27.147127
27.262786
27.199433
27.269295
27.232824
27.332410
27.243862
27.369347
27.300780
27.370340
27.322915
27.408027
27.295803
27.246965
27.237497
27.266922
27.288720
27.265173
27.313290
27.312599
27.305985
27.328126
27.338668
27.299220
27.333632
27.282072
27.371285
27.271642
27.387689
27.313495
27.376147
27.324365
27.406784
27.294176
27.401194
27.297522
27.295701
27.334358
27.329366
27.313860
27.330584
27.338014
27.295757
27.328457
27.298067
27.271563
27.322518
27.378497
27.320350
27.401907
27.285314
27.391872
27.287881
27.337100
27.252068
27.325093
27.329994
27.285365
27.313533
27.283963
27.257891
27.247626
27.235280
27.259401
27.365365
27.263685
27.315570
27.230523
27.296519
27.148116
27.255421
27.227199
27.219079
27.208154
27.139675
27.149955
27.178775
27.256767
27.115100
27.207226
27.070919
27.096604
27.105885
27.056720
27.007840
27.012044
27.064066
26.944006
26.922133
26.893003
26.754825
26.452929
26.472234
26.194949
26.176392
25.895824
25.765352
25.478429
25.297052
24.906108
24.697288
24.270752
23.960439
23.552282
23.239703
22.794486
22.565472
22.182748
21.966676
21.705667
21.569217
21.323933
21.309220
21.125725
21.304851
21.785815
22.230559
22.963523
23.512731
24.225573
24.766568
25.340788
25.680527
26.142435
26.345027
26.634478
26.781399
26.998975
27.028385
27.231197
27.222340
27.332133
27.319885
27.405160
27.309189
27.406642
27.285117
26.576972
26.640510
26.776189
26.794760
26.927781
26.973783
27.034774
27.091184
27.169458
27.162776
27.243458
27.259606
27.274408
27.297161
27.332993
27.296467
27.336879
27.329455
27.308314
27.308725
27.320611
27.275242
26.448870
26.646618
26.652588
26.856452
26.806349
27.007539
26.984553
27.113010
27.099484
27.244492
27.167869
27.316408
27.261079
27.346473
27.295329
27.406854
27.291711
27.410589
27.322018
27.389636
27.302998
26.368295
26.449774
26.565253
26.654441
26.786145
26.808703
26.939140
26.986544
27.043478
27.098868
27.173673
27.165471
27.241232
27.258664
27.268650
27.290842
27.324159
27.289256
27.326725
27.323601
26.173063
26.430507
26.450358
26.635944
26.659353
26.860370
26.815751
27.012239
26.992732
27.117776
27.100090
27.246535
27.163648
27.312253
27.250935
27.338955
27.280147
27.398670
27.283106
26.075214
26.159415
26.348543
26.447544
26.563458
26.658427
26.789145
26.816552
26.939985
26.991107
27.043006
27.096963
27.168082
27.158450
27.228975
27.246961
27.257177
27.278298
25.865240
26.128079
26.152773
26.413742
26.449674
26.634136
26.663048
26.862418
26.819152
27.012497
26.991259
27.114969
27.090477
27.238530
27.150344
27.300165
27.241425
25.657721
25.843934
26.046146
26.145856
26.338635
26.449211
26.560910
26.660528
26.788525
26.817744
26.934896
26.987224
27.034671
27.085369
27.158335
27.147235
25.442818
25.705119
25.832738
26.110898
26.147504
26.407804
26.452346
26.634855
26.663285
26.861971
26.816043
27.005697
26.981978
27.105068
27.080067
25.188195
25.419985
25.623542
25.826227
26.035759
26.145759
26.334769
26.452782
26.560465
26.660621
26.784418
26.811956
26.926702
26.978342
24.871223
25.239019
25.413964
25.690473
25.829214
26.112627
26.153143
26.411270
26.456672
26.634794
26.659475
26.856333
26.809040
24.600423
24.856953
25.162208
25.414984
25.622757
25.831979
26.043340
26.155446
26.338503
26.456754
26.560291
26.657900
24.253852
24.668897
24.865440
25.245728
25.430989
25.710266
25.845370
26.127732
26.164617
26.417200
26.459238
23.888753
24.263702
24.614732
24.882574
25.188719
25.446127
25.651777
25.856430
26.062754
26.169114
23.574708
23.993662
24.300279
24.727231
24.921087
25.295973
25.474516
25.747312
25.869273
23.210647
23.624859
23.969944
24.344679
24.695597
24.958119
25.249502
25.492728
22.865880
23.362012
23.705247
24.122611
24.409821
24.823238
24.992358
22.580370
22.957393
23.372385
23.786653
24.113037
24.453943
22.292713
22.784184
23.079839
23.551253
23.856263
22.006614
22.414308
22.820261
23.166598
21.850930
22.240770
22.528983
21.608660
21.969880
21.478396
26.434734
26.304405
25.960311
25.735821
25.299245
24.867742
24.272365
23.706779
22.936911
22.352300
21.712050
21.292245
20.964042
20.872383
20.743951
20.862900
20.879305
21.006113
21.077247
21.253176
21.264690
21.455939
21.475915
21.578354
21.681716
21.595681
21.696530
21.631943
21.661291
21.598438
21.639226
21.505930
21.545526
21.425216
21.393988
21.277547
21.266050
21.085810
21.091847
20.945738
20.912356
20.802813
20.850288
20.750882
20.886753
20.909598
26.227442
26.135916
25.940185
25.744866
25.532758
25.289680
24.967689
24.687768
24.323616
23.929679
23.572283
23.166363
22.767155
22.436041
22.105998
21.794258
21.602523
21.377316
21.214899
21.105333
21.020250
20.900494
26.029029
25.897788
25.612682
25.447576
25.055915
24.849755
24.413436
24.080375
23.638871
23.281278
22.787695
22.497606
22.074952
21.810587
21.527439
21.371966
21.131472
21.110118
20.944361
20.925811
20.857330
25.725643
25.494495
25.173718
24.907191
24.539690
24.140720
23.754633
23.315880
22.863658
22.477207
22.093073
21.730527
21.498581
21.257859
21.075105
20.974202
20.886983
20.796537
20.813308
20.760995
25.351299
25.141001
24.706669
24.378172
23.919137
23.538085
22.998609
22.650337
22.167734
21.838438
21.513243
21.313950
21.054470
21.021124
20.862040
20.844777
20.788091
20.825690
20.745049
24.915086
24.530081
24.125807
23.680677
23.188721
22.752590
22.301121
21.870860
21.571705
21.276968
21.063180
20.946615
20.845709
20.767560
20.783230
20.759528
20.751892
20.788222
24.402236
24.005989
23.441225
23.043582
22.499850
22.092327
21.685444
21.414307
21.105843
21.026283
20.851840
20.836233
20.780019
20.831058
20.765582
20.883803
20.843951
23.746494
23.275944
22.757827
22.253135
21.855138
21.477419
21.182313
21.006700
20.870228
20.779715
20.776582
20.772227
20.773686
20.831706
20.865777
20.876784
23.102502
22.611430
22.100934
21.727102
21.312327
21.149089
20.914602
20.860654
20.781887
20.838291
20.775533
20.902591
20.885058
20.972528
20.990541
22.419941
21.933978
21.498383
21.221870
20.986099
20.838406
20.789129
20.776227
20.764158
20.835901
20.884673
20.917532
21.006790
21.057350
21.782522
21.481322
21.117725
20.968843
20.820548
20.839579
20.755107
20.883010
20.874273
20.972868
21.012195
21.136911
21.117631
21.315495
21.035173
20.877467
20.800990
20.742255
20.802347
20.843194
20.887639
20.990833
21.065419
21.115360
21.215212
21.004202
20.912771
20.754943
20.841941
20.812229
20.909407
20.958461
21.096599
21.098098
21.269011
21.286274
20.798982
20.781424
20.777874
20.805181
20.904016
20.987176
21.050907
21.173179
21.258642
21.319288
20.775754
20.819967
20.851914
20.982365
20.992757
21.177527
21.214106
21.343927
21.403747
20.797652
20.857171
20.914509
21.044065
21.139775
21.220366
21.346886
21.441751
20.840777
21.020200
21.056261
21.198186
21.274298
21.437022
21.453859
20.961877
21.042913
21.176997
21.286437
21.368888
21.504981
21.077134
21.243819
21.270165
21.474083
21.515386
21.158133
21.301986
21.406541
21.498918
21.289641
21.448962
21.522149
21.401032
21.509392
21.468586
26.629503
26.855669
26.787526
26.994470
26.966557
27.098210
27.087170
27.234254
27.160868
27.312381
27.261016
27.345118
27.300405
27.405727
27.297177
27.409900
27.326307
27.382683
27.304471
27.397689
27.258957
27.364386
27.253139
26.305862
26.299111
26.292860
26.262766
26.298790
26.310160
26.310176
26.373297
26.412897
26.440187
26.524651
26.590166
26.629716
26.733893
26.799893
26.853903
26.944451
27.021287
27.044415
27.144529
27.172460
27.222482
26.406839
26.446028
26.394362
26.466320
26.382581
26.497737
26.457415
26.534927
26.541799
26.659215
26.624087
26.782807
26.778887
26.891226
26.915710
27.054607
27.017364
27.186430
27.150710
27.267304
27.246903
26.515609
26.511997
26.488813
26.521821
26.538124
26.535208
26.592982
26.632953
26.648695
26.731162
26.781269
26.819783
26.900844
26.970027
26.992420
27.092577
27.127913
27.165329
27.222779
27.269852
26.583675
26.681609
26.617838
26.673789
26.648826
26.745918
26.682380
26.819024
26.794865
26.888361
26.898108
27.025535
26.980462
27.141344
27.112014
27.218849
27.207331
27.328249
27.249746
26.724181
26.701585
26.736996
26.755674
26.748652
26.805034
26.837703
26.852511
26.918664
26.970589
26.984623
27.070765
27.105869
27.138380
27.196359
27.244629
27.235439
27.309439
26.815471
26.898526
26.810183
26.927097
26.880981
26.953705
26.942651
27.054230
26.993397
27.140673
27.103873
27.201038
27.188169
27.305595
27.229164
27.371833
27.300149
26.897159
26.938773
26.952928
26.946223
26.994923
27.027940
27.026018
27.096157
27.119996
27.142575
27.191919
27.236973
27.227274
27.296829
27.297706
27.303283
27.010620
27.069283
27.039819
27.133902
27.054954
27.186382
27.135498
27.220712
27.196652
27.306851
27.226163
27.362768
27.294838
27.371985
27.324009
27.108271
27.124508
27.109033
27.160799
27.172987
27.179869
27.218689
27.252532
27.237793
27.297574
27.299745
27.302032
27.325318
27.338209
27.147154
27.262803
27.199386
27.269385
27.232790
27.332411
27.243910
27.369374
27.300709
27.370473
27.322865
27.408035
27.295861
27.246926
27.237518
27.266895
27.288654
27.265216
27.313238
27.312537
27.306019
27.328085
27.338576
27.299281
27.333561
27.282051
27.371284
27.271678
27.387712
27.313438
27.376256
27.324326
27.406789
27.294228
27.401229
27.297447
27.295730
27.334320
27.329315
27.313886
27.330548
27.337937
27.295804
27.328397
27.298000
27.271595
27.322475
27.378579
27.320320
27.401912
27.285358
27.391901
27.287818
27.337223
27.252027
27.325065
27.329935
27.285399
27.313484
27.283903
27.257918
27.247586
27.235196
27.259433
27.365389
27.263636
27.315672
27.230490
27.296529
27.148163
27.255373
27.227220
27.219041
27.208084
27.139712
27.149902
27.178748
27.256778
27.115140
27.207259
27.070866
27.096628
27.105840
27.056663
27.007862
27.012004
27.064163
26.943978
26.922094
26.892944
26.754857
26.452904
26.472262
26.194986
26.176433
25.895794
25.765456
25.478418
25.297084
24.906161
24.697340
24.270731
23.960553
23.552277
23.239739
22.794536
22.565521
22.182715
21.966781
21.705638
21.569249
21.323957
21.309262
21.125675
21.304775
21.785865
22.230562
22.963588
23.512662
24.225719
24.766513
25.340840
25.680549
26.142504
26.344931
26.634640
26.781320
26.999009
27.028406
27.231262
27.222214
27.332319
27.319787
27.405195
27.309215
27.406723
27.284976
26.576992
26.640465
26.776146
26.794800
26.927710
26.973750
27.034801
27.091120
27.169395
27.162829
27.243359
27.259558
27.274440
27.297078
27.332910
27.296531
27.336759
27.329395
27.308349
27.308631
27.320510
27.275310
26.448838
26.646722
26.652535
26.856492
26.806389
27.007556
26.984515
27.113139
27.099417
27.244534
27.167928
27.316423
27.261034
27.346636
27.295250
27.406907
27.291784
27.410616
27.321962
27.389836
27.302903
26.368240
26.449749
26.565279
26.654391
26.786094
26.808750
26.939056
26.986506
27.043506
27.098797
27.173599
27.165531
27.241120
27.258614
27.268679
27.290757
27.324064
27.289328
27.326590
27.323546
26.173099
26.430531
26.450327
26.636062
26.659296
26.860414
26.815800
27.012258
26.992692
27.117922
27.100018
27.246587
27.163713
27.312277
27.250886
27.339135
27.280060
27.398737
27.283175
26.075175
26.159462
26.348479
26.447517
26.563484
26.658371
26.789085
26.816606
26.939888
26.991067
27.043031
27.096888
27.167998
27.158516
27.228851
27.246914
27.257201
27.278213
25.865201
26.128125
26.152817
26.413768
26.449643
26.634268
26.662988
26.862469
26.819208
27.012522
26.991217
27.115131
27.090399
27.238592
27.150408
27.300196
27.241375
25.657746
25.843900
26.046101
26.145909
26.338559
26.449183
26.560935
26.660468
26.788454
26.817803
26.934787
26.987184
27.034692
27.085293
27.158245
27.147303
25.442800
25.705237
25.832696
26.110950
26.147555
26.407836
26.452314
26.635002
26.663222
26.862031
26.816103
27.005729
26.981935
27.105239
27.079989
25.188140
25.419973
25.623569
25.826188
26.035705
26.145817
26.334682
26.452753
26.560486
26.660559
26.784340
26.812019
26.926588
26.978300
24.871273
25.239056
25.413945
25.690606
25.829169
26.112688
26.153200
26.411308
26.456640
26.634952
26.659410
26.856398
26.809102
24.600385
24.857012
25.162145
25.414970
25.622781
25.831936
26.043278
26.155507
26.338408
26.456723
26.560312
26.657836
24.253821
24.668957
24.865494
25.245773
25.430969
25.710412
25.845324
26.127799
26.164677
26.417240
26.459206
23.888777
24.263677
24.614686
24.882636
25.188646
25.446109
25.651799
25.856384
26.062688
26.169176
23.574693
23.993791
24.300247
24.727299
24.921148
25.296024
25.474497
25.747465
25.869227
23.210586
23.624851
23.969966
24.344649
24.695544
24.958181
25.249424
25.492708
22.865923
23.362057
23.705233
24.122753
24.409790
24.823311
24.992421
22.580318
22.957445
23.372318
23.786639
24.113057
24.453912
22.292673
22.784243
23.079891
23.551308
23.856249
22.006619
22.414273
22.820203
23.166649
21.850895
22.240893
22.528950
21.608586
21.969846
21.478417
26.452903
26.472261
26.194985
26.176430
25.895789
25.765451
25.478413
25.297077
24.906158
24.697332
24.270729
23.960555
23.552275
23.239747
22.794546
22.565529
22.182727
21.966794
21.705652
21.569258
21.323963
21.309265
21.125678
21.468586
21.509392
21.522150
21.498919
21.515387
21.504982
21.453860
21.441752
21.403747
21.319291
21.286274
21.215215
21.117631
21.057356
20.990541
20.876785
20.843960
20.788219
20.745062
20.761004
20.857334
20.900497
21.401032
21.448963
21.406541
21.474084
21.368889
21.437022
21.346887
21.343927
21.258645
21.269011
21.115363
21.136913
21.006795
20.972530
20.865776
20.883816
20.751887
20.825705
20.813318
20.925818
21.020254
21.289642
21.301987
21.270167
21.286438
21.274299
21.220369
21.214107
21.173183
21.098099
21.065423
21.012198
20.917536
20.885066
20.831704
20.765596
20.759526
20.788105
20.796551
20.944369
21.105339
21.158134
21.243821
21.176999
21.198189
21.139777
21.177530
21.050910
21.096601
20.990837
20.972872
20.884677
20.902600
20.773686
20.831073
20.783230
20.844787
20.886998
21.110126
21.214906
21.077137
21.042916
21.056264
21.044068
20.992760
20.987181
20.958462
20.887648
20.874276
20.835909
20.775538
20.772236
20.780029
20.767568
20.862046
20.974217
21.131483
21.377325
20.961879
21.020204
20.914512
20.982368
20.904023
20.909409
20.843203
20.883013
20.764167
20.838297
20.776592
20.836244
20.845720
21.021130
21.075119
21.371980
21.602530
20.840781
20.857178
20.851918
20.805189
20.812235
20.802354
20.755115
20.776237
20.781897
20.779722
20.851856
20.946625
21.054484
21.257867
21.527456
21.794268
20.797659
20.819972
20.777882
20.841946
20.742267
20.839585
20.789139
20.860668
20.870233
21.026297
21.063188
21.313966
21.498587
21.810599
22.106010
20.775758
20.781436
20.754947
20.801002
20.820557
20.838413
20.914616
21.006710
21.105855
21.276978
21.513253
21.730540
22.074959
22.436050
20.798994
20.912778
20.877474
20.968856
20.986105
21.149101
21.182323
21.414316
21.571715
21.838445
22.093080
22.497616
22.767156
21.004213
21.035180
21.117735
21.221879
21.312338
21.477427
21.685454
21.870866
22.167744
22.477207
22.787702
23.166367
21.315502
21.481329
21.498389
21.727109
21.855144
22.092332
22.301124
22.650338
22.863660
23.281276
23.572282
21.782528
21.933983
22.100937
22.253139
22.499852
22.752590
22.998610
23.315877
23.638871
23.929672
22.419942
22.611431
22.757825
23.043582
23.188717
23.538082
23.754627
24.080370
24.323611
23.102500
23.275942
23.441222
23.680674
23.919131
24.140716
24.413431
24.687761
23.746489
24.005983
24.125801
24.378167
24.539681
24.849750
24.967681
24.402230
24.530075
24.706664
24.907185
25.055909
25.289674
24.915080
25.140995
25.173712
25.447571
25.532751
25.351294
25.494490
25.612679
25.744861
25.725639
25.897784
25.940182
26.029026
26.135913
26.227439
26.725264
26.924915
26.941953
27.131041
27.152004
27.262925
27.276454
27.381636
27.310528
27.404043
27.327249
27.328344
27.243369
27.240213
27.074598
27.076198
26.919214
26.855733
26.720809
26.686696
26.497472
26.491956
26.327238
26.216157
26.264394
26.156645
26.241355
26.169556
26.219771
26.203500
26.294623
26.247354
26.389646
26.382864
26.488515
26.524196
26.664974
26.652365
26.829777
26.836084
26.963845
26.989356
27.134332
27.089058
27.263256
27.210111
26.754858
26.892945
26.943980
27.007865
27.070868
27.149905
27.148167
27.235198
27.252029
27.271599
27.297453
27.333565
27.295865
27.338214
27.324019
27.303292
27.300158
27.309444
27.249750
27.269855
27.246906
27.222482
26.922095
27.064165
27.056666
27.207262
27.139713
27.296531
27.247589
27.337225
27.298000
27.401231
27.299285
27.408040
27.325320
27.371987
27.297710
27.371841
27.235446
27.328255
27.222782
27.267306
27.172461
27.012006
27.105842
27.115142
27.208087
27.230493
27.257921
27.287823
27.328401
27.294231
27.338579
27.322870
27.302038
27.294844
27.296831
27.229166
27.244634
27.207340
27.165337
27.150718
27.144534
27.096631
27.256781
27.219043
27.315675
27.283905
27.391904
27.295807
27.406792
27.328087
27.370475
27.299746
27.362770
27.227278
27.305596
27.196356
27.218846
27.127912
27.186431
27.044416
27.178752
27.227223
27.263639
27.313488
27.285361
27.337940
27.324329
27.306022
27.300714
27.297580
27.226166
27.236975
27.188175
27.138386
27.112019
27.092577
27.017363
27.021285
27.255375
27.365392
27.285401
27.401915
27.330549
27.376258
27.312539
27.369374
27.237792
27.306855
27.191924
27.201036
27.105868
27.141348
26.992428
27.054615
26.944456
27.259435
27.329938
27.320323
27.313890
27.313441
27.313241
27.243914
27.252535
27.196651
27.142576
27.103879
27.070767
26.980459
26.970023
26.915711
26.853907
27.325067
27.378581
27.329317
27.387713
27.265218
27.332414
27.218693
27.220715
27.119997
27.140671
26.984623
27.025537
26.900843
26.891221
26.799885
27.322477
27.334323
27.271681
27.288657
27.232790
27.179872
27.135501
27.096161
26.993403
26.970595
26.898112
26.819787
26.778895
26.733903
27.295732
27.371286
27.266899
27.269386
27.172987
27.186384
27.026018
27.054227
26.918661
26.888361
26.781269
26.782802
26.629708
27.282051
27.237519
27.199390
27.160804
27.054956
27.027946
26.942658
26.852514
26.794867
26.731165
26.624092
26.590172
27.246927
27.262802
27.109034
27.133902
26.994922
26.953706
26.837706
26.819027
26.648697
26.659217
26.524653
27.147158
27.124510
27.039823
26.946227
26.880980
26.805034
26.682381
26.632953
26.541800
26.440188
27.108274
27.069284
26.952933
26.927102
26.748656
26.745923
26.592988
26.534929
26.412901
27.010621
26.938770
26.810183
26.755676
26.648823
26.535208
26.457416
26.373296
26.897165
26.898529
26.737000
26.673794
26.538128
26.497739
26.310183
26.815475
26.701586
26.617839
26.521826
26.382581
26.310161
26.724183
26.681609
26.488814
26.466321
26.298794
26.583681
26.512002
26.394363
26.262771
26.515611
26.446028
26.292863
26.406841
26.299115
26.305866
26.629502
26.855670
26.787528
26.994471
26.966557
27.098212
27.087172
27.234255
27.160868
27.312385
27.261019
27.345120
27.300407
27.405734
27.297184
27.409906
27.326311
27.382687
27.304474
27.397692
27.258958
27.364387
27.253139
21.478417
21.969848
22.528950
23.166651
23.856248
24.453913
24.992419
25.492709
25.869225
26.169177
26.459204
26.657838
26.809100
26.978302
27.079988
27.147305
27.241374
27.278216
27.283176
27.323550
27.302904
27.275313
21.608588
22.240895
22.820204
23.551310
24.113057
24.823310
25.249423
25.747464
26.062688
26.417239
26.560311
26.856397
26.926588
27.105240
27.158246
27.300198
27.257204
27.398740
27.326595
27.389840
27.320513
21.850898
22.414278
23.079892
23.786642
24.409789
24.958182
25.474495
25.856384
26.164675
26.456724
26.659408
26.812021
26.981934
27.085296
27.150410
27.246919
27.280064
27.289337
27.321967
27.308638
22.006626
22.784249
23.372322
24.122755
24.695545
25.296023
25.651798
26.127798
26.338407
26.634952
26.784340
27.005730
27.034694
27.238595
27.228856
27.339141
27.324072
27.410623
27.308356
22.292683
22.957455
23.705236
24.344653
24.921147
25.446110
25.845320
26.155507
26.456637
26.660560
26.816103
26.987188
27.090402
27.158523
27.250892
27.290767
27.291791
27.329403
22.580330
23.362067
23.969970
24.727300
25.188644
25.710410
26.043275
26.411307
26.560486
26.862033
26.934791
27.115136
27.168004
27.312284
27.268687
27.406913
27.336765
22.865929
23.624855
24.300245
24.882634
25.430964
25.831935
26.153197
26.452755
26.663222
26.817809
26.991220
27.096895
27.163717
27.258621
27.295254
27.296537
23.210591
23.993792
24.614684
25.245770
25.622779
26.112687
26.334682
26.635004
26.788456
27.012524
27.043034
27.246589
27.241123
27.346639
27.332916
23.574696
24.263680
24.865492
25.414970
25.829164
26.145815
26.452310
26.660467
26.819205
26.991068
27.100018
27.165535
27.261038
27.297087
23.888777
24.668954
25.162138
25.690600
26.035699
26.407830
26.560932
26.862468
26.939889
27.117926
27.173605
27.316430
27.274448
24.253815
24.857007
25.413938
25.826185
26.147552
26.449185
26.662988
26.816611
26.992695
27.098803
27.167931
27.259563
24.600383
25.239055
25.623567
26.110950
26.338558
26.634268
26.789085
27.012257
27.043505
27.244534
27.243360
24.871266
25.419968
25.832686
26.145903
26.449635
26.658366
26.815794
26.986504
27.099415
27.162832
25.188131
25.705229
26.046094
26.413763
26.563482
26.860413
26.939057
27.113141
27.169398
25.442795
25.843897
26.152814
26.447518
26.659295
26.808752
26.984515
27.091123
25.657739
26.128120
26.348474
26.636059
26.786092
27.007554
27.034800
25.865195
26.159458
26.450324
26.654390
26.806388
26.973752
26.075172
26.430530
26.565278
26.856493
26.927712
26.173095
26.449748
26.652533
26.794801
26.368238
26.646721
26.776147
26.448839
26.640467
26.576992
21.578355
21.681715
21.595679
21.696530
21.631950
21.661272
21.598455
21.639217
21.505928
21.545518
21.425241
21.393946
21.277582
21.266035
21.085813
21.091834
20.945783
20.912298
20.802865
20.850273
20.750893
20.886723
20.909664
21.675293
21.705017
21.736796
21.708993
21.731665
21.723977
21.671059
21.663231
21.619294
21.538116
21.492632
21.427134
21.308923
21.252183
21.156948
21.041787
20.966307
20.902084
20.785762
20.784510
20.761498
20.812128
21.790559
21.861600
21.822111
21.906278
21.798205
21.874504
21.782080
21.780852
21.688365
21.696373
21.527704
21.539238
21.386014
21.328695
21.188170
21.163050
20.962073
20.979470
20.825756
20.830612
20.761500
21.882291
21.915941
21.900553
21.923995
21.920409
21.869638
21.858813
21.818829
21.728215
21.690321
21.607268
21.495453
21.418819
21.326278
21.182449
21.114572
21.001024
20.890543
20.825755
20.784514
21.950094
22.065115
22.009812
22.048939
21.988076
22.035585
21.897697
21.939300
21.808030
21.771454
21.643202
21.617498
21.416229
21.404941
21.223625
21.155592
21.001025
20.979472
20.785761
22.062659
22.056235
22.083844
22.084197
22.033696
22.029390
21.983361
21.899976
21.848203
21.771595
21.642250
21.573746
21.456911
21.320468
21.223626
21.114572
20.962074
20.902088
22.130906
22.220924
22.124325
22.206340
22.113797
22.115916
22.020246
22.025555
21.848387
21.852688
21.683339
21.614097
21.456912
21.404941
21.182451
21.163050
20.966308
22.176070
22.216309
22.211100
22.169621
22.157146
22.117017
22.023717
21.983390
21.890772
21.770062
21.683340
21.573746
21.416230
21.326279
21.188172
21.041787
22.258280
22.304327
22.250335
22.296531
22.159865
22.200298
22.064488
22.025662
21.890773
21.852687
21.642253
21.617497
21.418820
21.328695
21.156952
22.298108
22.305273
22.255315
22.256000
22.202702
22.119220
22.064488
21.983390
21.848389
21.771592
21.643205
21.495453
21.386016
21.252183
22.300187
22.386412
22.295773
22.299092
22.202703
22.200300
22.023715
22.025556
21.848206
21.771451
21.607272
21.539237
21.308926
22.340477
22.306554
22.295772
22.255999
22.159865
22.117020
22.020242
21.899977
21.808034
21.690318
21.527708
21.427135
22.340477
22.386409
22.255315
22.296530
22.157147
22.115918
21.983358
21.939301
21.728219
21.696371
21.492636
22.300187
22.305269
22.250334
22.169622
22.113798
22.029390
21.897696
21.818830
21.688367
21.538115
22.298107
22.304320
22.211103
22.206342
22.033695
22.035584
21.858816
21.780851
21.619297
22.258279
22.216306
22.124331
22.084199
21.988073
21.869638
21.782083
21.663230
22.176072
22.220925
22.083848
22.048937
21.920409
21.874505
21.671061
22.130911
22.056238
22.009812
21.923994
21.798206
21.723979
22.062661
22.065114
21.900553
21.906278
21.731666
21.950093
21.915941
21.822112
21.708994
21.882291
21.861599
21.736797
21.790560
21.705017
21.675293
21.644620
21.816353
21.823846
22.014478
22.025017
22.147335
22.182909
22.303886
22.266516
22.389387
22.347725
22.389528
22.347726
22.389389
22.266519
22.303889
22.182907
22.147331
22.025017
22.014479
21.823845
21.816353
21.644620
21.578354
21.681716
21.595681
21.696531
21.631942
21.661292
21.598439
21.639227
21.505931
21.545525
21.425217
21.393988
21.277549
21.266050
21.085813
21.091848
20.945738
20.912362
20.802810
20.850297
20.750886
20.886756
20.909597
21.675291
21.705015
21.736788
21.709000
21.731650
21.723974
21.671058
21.663219
21.619272
21.538127
21.492601
21.427118
21.308921
21.252157
21.156908
21.041797
20.966255
20.902048
20.785752
20.784465
20.761433
20.812134
21.790559
21.861606
21.822105
21.906283
21.798209
21.874510
21.782069
21.780881
21.688343
21.696387
21.527707
21.539250
21.385984
21.328746
21.188130
21.163069
20.962069
20.979490
20.825699
20.830688
20.761435
21.882287
21.915940
21.900552
21.923989
21.920396
21.869647
21.858796
21.818822
21.728215
21.690306
21.607241
21.495465
21.418783
21.326256
21.182446
21.114542
21.000975
20.890553
20.825698
20.784470
21.950094
22.065116
22.009806
22.048952
21.988062
22.035591
21.897700
21.939311
21.808012
21.771492
21.643175
21.617514
21.416229
21.404957
21.223585
21.155652
21.000976
20.979492
20.785751
22.062658
22.056241
22.083839
22.084195
22.033696
22.029380
21.983342
21.899987
21.848180
21.771582
21.642250
21.573727
21.456878
21.320480
21.223584
21.114542
20.962069
20.902051
22.130908
22.220930
22.124330
22.206348
22.113790
22.115939
22.020228
22.025567
21.848390
21.852701
21.683312
21.614143
21.456878
21.404958
21.182447
21.163068
20.966257
22.176070
22.216306
22.211093
22.169628
22.157136
22.117011
22.023717
21.983379
21.890751
21.770074
21.683312
21.573727
21.416229
21.326255
21.188132
21.041797
22.258276
22.304331
22.250325
22.296537
22.159867
22.200308
22.064472
22.025694
21.890751
21.852700
21.642252
21.617512
21.418784
21.328746
21.156911
22.298103
22.305269
22.255314
22.255994
22.202691
22.119228
22.064472
21.983379
21.848390
21.771579
21.643178
21.495464
21.385985
21.252157
22.300186
22.386414
22.295765
22.299108
22.202691
22.200308
22.023717
22.025567
21.848182
21.771489
21.607244
21.539249
21.308923
22.340474
22.306557
22.295766
22.255995
22.159865
22.117012
22.020228
21.899986
21.808014
21.690302
21.527710
21.427117
22.340475
22.386414
22.255317
22.296537
22.157132
22.115942
21.983343
21.939309
21.728218
21.696383
21.492604
22.300188
22.305269
22.250330
22.169626
22.113785
22.029384
21.897699
21.818819
21.688347
21.538125
22.298107
22.304331
22.211096
22.206344
22.033695
22.035594
21.858795
21.780880
21.619275
22.258281
22.216304
22.124329
22.084192
21.988064
21.869646
21.782068
21.663219
22.176072
22.220925
22.083837
22.048953
21.920397
21.874508
21.671059
22.130905
22.056238
22.009807
21.923989
21.798208
21.723973
22.062656
22.065117
21.900553
21.906282
21.731650
21.950095
21.915939
21.822105
21.709000
21.882287
21.861606
21.736788
21.790559
21.705015
21.675292
26.156070
26.106334
25.916545
25.876467
25.708500
25.620668
25.487820
25.444959
25.291212
25.301675
25.214061
25.221220
25.214063
25.301676
25.291209
25.444962
25.487825
25.620669
25.708500
25.876471
25.916547
26.106337
26.156073
26.216154
26.264399
26.156629
26.241354
26.169579
26.219718
26.203527
26.294625
26.247315
26.389637
26.382921
26.488401
26.524251
26.664975
26.652300
26.829764
26.836160
26.963675
26.989439
27.134298
27.089001
27.263194
27.210218
26.097380
26.089585
26.065741
26.036662
26.066520
26.078639
26.079651
26.145385
26.191365
26.224534
26.320334
26.390487
26.448018
26.555345
26.642228
26.700247
26.813098
26.890815
26.947459
27.035001
27.105513
27.133650
25.995169
26.005208
25.949409
26.003298
25.922975
26.032739
26.002294
26.083894
26.108469
26.234767
26.226977
26.397596
26.424251
26.554281
26.608609
26.769937
26.763387
26.953668
26.959579
27.090401
27.105513
25.883477
25.856012
25.809424
25.838704
25.846535
25.849598
25.918548
25.971400
26.014302
26.116560
26.204310
26.267674
26.393189
26.488876
26.563396
26.686896
26.780287
26.847280
26.959578
27.035001
25.742230
25.795805
25.721114
25.755964
25.745523
25.835934
25.805337
25.955001
25.975949
26.094819
26.161756
26.320797
26.340825
26.535787
26.577501
26.724276
26.780286
26.953669
26.947460
25.653810
25.605072
25.618872
25.629266
25.630363
25.703515
25.764105
25.814452
25.932050
26.027300
26.108967
26.243114
26.355660
26.440937
26.577500
26.686899
26.763381
26.890816
25.545677
25.574913
25.492877
25.590994
25.574775
25.659818
25.707410
25.848757
25.870440
26.060354
26.119704
26.269213
26.355661
26.535788
26.563395
26.769943
26.813092
25.421094
25.433670
25.436157
25.440138
25.514328
25.583175
25.643612
25.769105
25.880548
25.970927
26.119705
26.243114
26.340825
26.488878
26.608605
26.700257
25.359943
25.378706
25.369492
25.459268
25.443333
25.601868
25.648990
25.785814
25.880548
26.060354
26.108971
26.320797
26.393190
26.554286
26.642222
25.291655
25.296311
25.297160
25.376223
25.447623
25.514599
25.648989
25.769107
25.870438
26.027301
26.161760
26.267675
26.424250
26.555353
25.213768
25.305638
25.297965
25.386911
25.447626
25.601866
25.643612
25.848760
25.932050
26.094819
26.204315
26.397598
26.448018
25.212268
25.218649
25.297967
25.376219
25.443340
25.583172
25.707410
25.814453
25.975952
26.116558
26.226982
26.390489
25.212270
25.305634
25.297165
25.459264
25.514336
25.659814
25.764109
25.954996
26.014310
26.234766
26.320337
25.213771
25.296303
25.369500
25.440135
25.574778
25.703513
25.805342
25.971396
26.108474
26.224536
25.291656
25.378700
25.436168
25.590993
25.630362
25.835935
25.918553
26.083896
26.191366
25.359945
25.433673
25.492881
25.629265
25.745527
25.849594
26.002301
26.145388
25.421099
25.574922
25.618865
25.755968
25.846540
26.032737
26.079655
25.545677
25.605074
25.721113
25.838707
25.922975
26.078646
25.653806
25.795808
25.809428
26.003298
26.066522
25.742233
25.856012
25.949412
26.036667
25.883480
26.005207
26.065747
25.995174
26.089587
26.097384
26.216156
26.264392
26.156644
26.241356
26.169551
26.219772
26.203498
26.294620
26.247353
26.389642
26.382862
26.488514
26.524192
26.664980
26.652355
26.829786
26.836075
26.963843
26.989356
27.134331
27.089054
27.263256
27.210109
26.097381
26.089587
26.065722
26.036692
26.066498
26.078618
26.079682
26.145363
26.191311
26.224593
26.320281
26.390440
26.448066
26.555302
26.642147
26.700327
26.813017
26.890752
26.947512
27.034940
27.105409
27.133732
25.995170
26.005227
25.949400
26.003294
25.923001
26.032742
26.002258
26.083979
26.108430
26.234768
26.227027
26.397609
26.424181
26.554421
26.608537
26.769956
26.763442
26.953701
26.959483
27.090595
27.105408
25.883470
25.856006
25.809437
25.838695
25.846504
25.849636
25.918507
25.971367
26.014343
26.116527
26.204246
26.267746
26.393121
26.488826
26.563449
26.686844
26.780198
26.847367
26.959482
27.034940
25.742240
25.795807
25.721099
25.756005
25.745502
25.835935
25.805371
25.955001
25.975899
26.094924
26.161699
26.320806
26.340876
26.535804
26.577421
26.724436
26.780197
26.953702
26.947513
25.653800
25.605082
25.618850
25.629244
25.630379
25.703491
25.764063
25.814501
25.931997
26.027263
26.109012
26.243073
26.355588
26.441016
26.577420
26.686846
26.763437
26.890751
25.545675
25.574916
25.492895
25.590993
25.574742
25.659876
25.707370
25.848758
25.870478
26.060360
26.119642
26.269337
26.355588
26.535804
26.563446
26.769961
26.813010
25.421102
25.433665
25.436138
25.440164
25.514295
25.583146
25.643640
25.769074
25.880494
25.970989
26.119642
26.243071
26.340876
26.488826
26.608532
26.700334
25.359936
25.378723
25.369470
25.459263
25.443353
25.601863
25.648944
25.785897
25.880494
26.060358
26.109014
26.320802
26.393121
26.554422
26.642140
25.291643
25.296294
25.297164
25.376199
25.447586
25.514634
25.648944
25.769074
25.870478
26.027259
26.161703
26.267742
26.424181
26.555306
25.213770
25.305629
25.297937
25.386945
25.447586
25.601862
25.643639
25.848758
25.931999
26.094918
26.204250
26.397607
26.448065
25.212257
25.218654
25.297939
25.376195
25.443355
25.583145
25.707367
25.814502
25.975899
26.116522
26.227027
26.390440
25.212257
25.305627
25.297171
25.459254
25.514297
25.659876
25.764059
25.955002
26.014341
26.234766
26.320279
25.213771
25.296291
25.369476
25.440153
25.574745
25.703490
25.805372
25.971362
26.108429
26.224590
25.291649
25.378718
25.436138
25.590988
25.630383
25.835927
25.918515
26.083970
26.191311
25.359938
25.433658
25.492889
25.629249
25.745499
25.849630
26.002259
26.145360
25.421096
25.574914
25.618848
25.756005
25.846503
26.032740
26.079677
25.545669
25.605089
25.721094
25.838692
25.923000
26.078616
25.653799
25.795806
25.809435
26.003293
26.066491
25.742237
25.856001
25.949401
26.036688
25.883471
26.005222
26.065719
25.995169
26.089582
26.097380

