Tension at each vertex
26.646435
26.646436
26.646546
26.646545
21.617026
26.309906
21.617024
26.309909
21.102022
21.102138
27.333596
27.333850
26.420831
26.293143
25.952422
25.732557
25.300607
24.874352
24.283087
23.718730
22.946554
22.355656
21.707131
21.279831
20.948106
20.854400
20.727321
20.847816
20.866243
20.994385
21.066366
21.243087
21.254482
21.445799
21.465475
26.369466
26.149787
25.927648
25.562450
25.212099
24.734906
24.155531
23.527736
22.860642
22.161298
21.621940
21.190093
20.897194
20.780667
20.754443
20.761003
20.869385
20.963824
21.040060
21.172694
21.270752
21.359163
26.401704
26.208451
25.897136
25.641958
25.140166
24.735010
24.100268
23.481137
22.761904
22.173709
21.535378
21.213632
20.907112
20.815904
20.755530
20.856488
20.846812
21.029937
21.068307
21.213782
21.270744
26.367233
26.139343
25.844270
25.515210
25.122987
24.577925
24.025811
23.361371
22.659093
22.031221
21.506932
21.087111
20.887766
20.777925
20.731500
20.794599
20.876612
20.939069
21.068315
21.172699
26.348343
26.208103
25.867080
25.548152
25.080938
24.635114
23.943526
23.365236
22.625058
22.022149
21.466562
21.155017
20.848607
20.838467
20.761700
20.831777
20.876605
21.029941
21.040052
26.378440
26.086137
25.839432
25.475897
25.024897
24.515758
23.925385
23.218387
22.574988
21.942208
21.414201
21.073315
20.869194
20.745959
20.761709
20.794607
20.846822
20.963828
26.363172
26.201210
25.802988
25.531411
25.029012
24.533794
23.886917
23.282687
22.519258
21.987952
21.428775
21.107574
20.869176
20.838469
20.731493
20.856486
20.869391
26.337187
26.098267
25.824113
25.410993
25.006461
24.463957
23.836807
23.187246
22.530602
21.885097
21.428787
21.073322
20.848626
20.777936
20.755556
20.761008
26.364904
26.154999
25.809695
25.509107
24.966546
24.524144
23.852291
23.225893
22.530588
21.987955
21.414189
21.155016
20.887768
20.815891
20.754447
26.357545
26.096033
25.780181
25.420706
24.988257
24.416528
23.852299
23.187251
22.519266
21.942209
21.466589
21.087111
20.907140
20.780696
26.331409
26.174426
25.804567
25.471390
24.988246
24.524144
23.836791
23.282676
22.574986
22.022134
21.506931
21.213638
20.897189
26.358284
26.064960
25.804575
25.420710
24.966551
24.463955
23.886936
23.218378
22.625075
22.031235
21.535390
21.190109
26.358279
26.174425
25.780169
25.509096
25.006459
24.533768
23.925375
23.365226
22.659072
22.173697
21.621955
26.331412
26.096034
25.809711
25.410982
25.029025
24.515765
23.943524
23.361372
22.761933
22.161287
26.357547
26.154974
25.824112
25.531399
25.024873
24.635091
24.025811
23.481091
22.860639
26.364921
26.098276
25.802984
25.475899
25.080962
24.577903
24.100284
23.527747
26.337170
26.201192
25.839440
25.548100
25.122983
24.734987
24.155497
26.363196
26.086116
25.867102
25.515223
25.140155
24.734908
26.378453
26.208083
25.844241
25.641923
25.212107
26.348333
26.139356
25.897170
25.562419
26.367254
26.208374
25.927656
26.401738
26.149813
26.369437
26.535247
26.625109
26.512357
26.651654
26.534734
26.611036
26.549534
26.631605
26.518228
26.634727
26.545362
26.605552
26.545360
26.634733
26.518239
26.631615
26.549523
26.611085
26.534717
26.651678
26.512384
26.625139
26.535221
26.708183
26.906844
26.922933
27.111984
27.132697
27.243929
27.257691
27.363371
27.292688
27.386682
27.310262
27.311654
27.226757
27.223661
27.058000
27.059478
26.902370
26.839027
26.703816
26.670061
26.480681
26.475874
26.311046
26.690616
26.809215
26.957687
27.005567
27.133410
27.188469
27.230547
27.279938
27.315447
27.275592
27.298598
27.252946
27.185650
27.137488
27.072146
26.951407
26.895440
26.790049
26.675768
26.599519
26.505925
26.397931
26.736550
26.897812
26.968154
27.141194
27.125724
27.286538
27.273005
27.344132
27.323750
27.387373
27.276129
27.328524
27.211978
27.178907
27.066430
27.046263
26.866109
26.861636
26.700193
26.650556
26.505921
26.712062
26.843536
26.943317
27.050408
27.155398
27.175360
27.270321
27.289400
27.291595
27.303166
27.297189
27.219589
27.204938
27.126429
27.031655
26.968650
26.889643
26.762694
26.700166
26.599523
26.699155
26.930991
26.987904
27.122296
27.163742
27.298175
27.250283
27.375317
27.323924
27.355996
27.297604
27.323539
27.176850
27.199667
27.057037
27.013908
26.889644
26.861649
26.675788
26.736150
26.817197
26.981250
27.066226
27.135350
27.210657
27.276445
27.261523
27.317957
27.299485
27.264453
27.243077
27.201976
27.095908
27.057016
26.968658
26.866103
26.790026
26.725481
26.946930
26.961208
27.157117
27.171686
27.273306
27.280251
27.375888
27.291252
27.379188
27.291680
27.292746
27.201967
27.199678
27.031670
27.046251
26.895446
26.705276
26.849401
26.994326
27.042412
27.170637
27.216749
27.251022
27.291025
27.318019
27.269101
27.291662
27.243080
27.176851
27.126411
27.066417
26.951427
26.735969
26.918482
26.992981
27.165087
27.145828
27.305963
27.281909
27.347753
27.318012
27.379199
27.264464
27.323535
27.204940
27.178938
27.072122
26.732340
26.858544
26.968364
27.074818
27.175419
27.189584
27.281899
27.291029
27.291252
27.299467
27.297594
27.219601
27.211939
27.137480
26.707470
26.947013
26.997324
27.137628
27.175411
27.305971
27.251028
27.375884
27.317955
27.356027
27.297164
27.328540
27.185677
26.735638
26.831337
26.997321
27.074818
27.145832
27.216736
27.280243
27.261535
27.323894
27.303157
27.276139
27.252913
26.735631
26.947016
26.968365
27.165088
27.170629
27.273334
27.276424
27.375331
27.291611
27.387371
27.298583
26.707477
26.858538
26.992976
27.042422
27.171664
27.210648
27.250292
27.289370
27.323726
27.275617
26.732327
26.918507
26.994306
27.157129
27.135360
27.298178
27.270303
27.344191
27.315409
26.735959
26.849392
26.961219
27.066205
27.163720
27.175381
27.272963
27.279917
26.705281
26.946941
26.981228
27.122349
27.155364
27.286559
27.230569
26.725465
26.817216
26.987875
27.050390
27.125739
27.188432
26.736122
26.931011
26.943332
27.141207
27.133380
26.699173
26.843511
26.968122
27.005595
26.712030
26.897888
26.957646
26.736517
26.809189
26.690633
26.438040
26.459219
26.183341
26.167024
25.888715
25.760957
25.476501
25.297813
24.909256
24.702571
24.277327
23.967420
23.558680
23.244438
22.797133
22.565092
22.179522
21.960350
21.696524
21.557976
21.310849
21.295222
21.111009
21.457989
21.498994
21.511936
21.488698
21.505452
21.495246
21.444300
21.432118
21.394131
21.309245
21.276069
21.204339
21.106309
21.044918
20.977536
20.862323
20.828903
20.771866
20.728406
20.743612
20.840642
20.882978
21.390713
21.438954
21.396622
21.464711
21.359391
21.427692
21.337334
21.334360
21.248694
21.258789
21.104453
21.125378
20.994305
20.959064
20.851288
20.868341
20.735546
20.808611
20.796884
20.908846
21.004940
21.279538
21.292039
21.260466
21.276707
21.264753
21.210800
21.204529
21.163216
21.087695
21.054338
21.000483
20.904564
20.871409
20.816534
20.749856
20.742451
20.771254
20.779522
20.928443
21.090192
21.147945
21.233772
21.167123
21.188472
21.129869
21.167328
21.040359
21.085650
20.979244
20.960198
20.871315
20.888014
20.758173
20.814587
20.766542
20.827614
20.871183
21.095248
21.201906
21.066237
21.032048
21.045546
21.033292
20.981932
20.976014
20.946672
20.875023
20.861140
20.821635
20.760272
20.756061
20.763289
20.750492
20.845560
20.958630
21.118351
21.365674
20.950036
21.008134
20.902406
20.970068
20.891460
20.896187
20.829571
20.868261
20.748717
20.821980
20.759956
20.818983
20.829330
21.005392
21.061448
21.360726
21.594143
20.827600
20.843887
20.838247
20.791047
20.797652
20.787198
20.739382
20.759925
20.765312
20.762557
20.835676
20.930698
21.041010
21.246115
21.519183
21.788329
20.782391
20.804336
20.762222
20.825736
20.725760
20.822538
20.772276
20.843297
20.854258
21.010616
21.050223
21.302672
21.490977
21.805417
22.104307
20.759064
20.764557
20.737731
20.783952
20.803697
20.821719
20.899378
20.992204
21.093917
21.267109
21.506723
21.726812
22.074406
22.437371
20.781338
20.895628
20.860877
20.952666
20.971834
21.135615
21.172008
21.406255
21.567320
21.836962
22.094759
22.501247
22.772130
20.988535
21.020717
21.105130
21.210906
21.304712
21.472587
21.683996
21.872623
22.172337
22.483736
22.795296
23.173864
21.305295
21.472860
21.493468
21.724838
21.856661
22.097150
22.309356
22.660292
22.874883
23.291915
23.581699
21.780251
21.934680
22.105449
22.261116
22.511246
22.766065
23.013067
23.329658
23.650986
23.939159
22.426323
22.620609
22.770677
23.059051
23.205687
23.554511
23.769891
24.092503
24.332804
23.114516
23.290154
23.457555
23.697564
23.935884
24.154910
24.424528
24.694920
23.759886
24.020654
24.141367
24.392602
24.552000
24.858277
24.972345
24.413284
24.541090
24.717366
24.915517
25.061327
25.291329
24.921661
25.146720
25.178251
25.449540
25.531318
25.352433
25.494471
25.610686
25.740391
25.721302
25.892462
25.932936
26.020535
26.125901
26.215050
26.708224
26.906815
26.922915
27.111954
27.132750
27.243848
27.257728
27.363367
27.292671
27.386663
27.310313
27.311592
27.226787
27.223666
27.057988
27.059466
26.902409
26.838988
26.703833
26.670066
26.480684
26.475864
26.311069
26.200210
26.249173
26.140956
26.225979
26.153836
26.204310
26.187789
26.279233
26.231752
26.374219
26.367492
26.473269
26.509125
26.650201
26.637494
26.815197
26.821326
26.949121
26.974168
27.119190
27.073161
27.247474
27.193518
26.736421
26.874377
26.924772
26.988647
27.051425
27.130800
27.128862
27.216553
27.233244
27.253287
27.279280
27.315813
27.277923
27.321006
27.306482
27.286138
27.283067
27.292567
27.232632
27.253289
27.229992
27.205783
26.903268
27.044924
27.037132
27.187882
27.120089
27.277548
27.228537
27.318671
27.279725
27.383360
27.281442
27.390807
27.307933
27.354933
27.280774
27.355122
27.218583
27.312043
27.206225
27.251163
27.156200
26.992466
27.086363
27.095220
27.188762
27.211039
27.239068
27.269208
27.310348
27.276221
27.321321
27.305480
27.285077
27.277997
27.280244
27.212402
27.228418
27.190897
27.149239
27.134698
27.128766
27.077127
27.237427
27.199650
27.296524
27.265151
27.373552
27.277771
27.389328
27.310812
27.353474
27.283094
27.346227
27.210724
27.289517
27.180184
27.202897
27.112095
27.170867
27.028689
27.159301
27.208016
27.244553
27.294965
27.266967
27.320374
27.306863
27.289095
27.284015
27.281225
27.209645
27.221012
27.171946
27.122499
27.096276
27.077106
27.001720
27.006128
27.236499
27.346723
27.267019
27.384020
27.313096
27.359074
27.295943
27.352834
27.221504
27.290758
27.175904
27.185074
27.090182
27.125740
26.976913
27.039539
26.929430
27.240755
27.311851
27.302450
27.296565
27.296495
27.296762
27.227483
27.236602
27.180524
27.126709
27.087969
27.055108
26.964725
26.954793
26.900418
26.838905
27.307171
27.360948
27.312283
27.370925
27.248831
27.316231
27.202714
27.204650
27.104210
27.124736
26.968833
27.009950
26.885441
26.876019
26.785003
27.304949
27.317263
27.254832
27.272362
27.216532
27.163871
27.119508
27.080264
26.977291
26.954861
26.882238
26.804272
26.763546
26.718953
27.278754
27.354652
27.250589
27.253147
27.157070
27.170278
27.009974
27.038164
26.902656
26.872369
26.765666
26.767383
26.614515
27.265259
27.221048
27.183065
27.144658
27.038651
27.011880
26.926268
26.836349
26.778672
26.715333
26.608274
26.574963
27.230543
27.246457
27.092822
27.117688
26.978625
26.937261
26.821382
26.802708
26.632584
26.643436
26.509174
27.130552
27.108190
27.023326
26.929735
26.864333
26.788500
26.665767
26.616751
26.525678
26.424539
27.091860
27.052789
26.936498
26.910413
26.732077
26.729244
26.576707
26.518750
26.397224
26.994039
26.922074
26.793313
26.738907
26.631923
26.518635
26.441140
26.357430
26.880555
26.881877
26.720245
26.657135
26.521531
26.481649
26.294174
26.798521
26.684809
26.600909
26.505106
26.366186
26.294251
26.707436
26.665025
26.472201
26.450165
26.282871
26.566848
26.495272
26.377859
26.246941
26.498893
26.430046
26.276969
26.390354
26.283076
26.289746
26.612745
26.838457
26.769297
26.976217
26.947614
27.079493
27.068172
27.215636
27.141977
27.294131
27.242591
27.327092
27.282481
27.388122
27.279356
27.392697
27.308736
27.365465
27.287172
27.380692
27.241491
27.347790
27.235853
21.466114
21.960432
22.522044
23.161701
23.851814
24.448457
24.985067
25.483053
25.857591
26.155605
26.444259
26.642096
26.792512
26.961273
27.062883
27.129813
27.223741
27.260693
27.265344
27.305793
27.285352
27.257729
21.596624
22.232691
22.813772
23.546024
24.107239
24.816351
25.240251
25.736399
26.049464
26.403032
26.544673
26.840291
26.910017
27.088442
27.141033
27.283269
27.239724
27.381420
27.309216
27.372487
27.303117
21.841685
22.407071
23.074626
23.781206
24.403315
24.949749
25.464186
25.844216
26.150916
26.441736
26.643773
26.795649
26.965119
27.068385
27.133123
27.229428
27.262584
27.271534
27.304130
27.291201
21.998402
22.779041
23.367015
24.117116
24.688041
25.286649
25.640120
26.114633
26.323838
26.619567
26.768130
26.989523
27.017876
27.221730
27.211848
27.321882
27.306574
27.393408
27.290851
22.287557
22.953750
23.701838
24.338896
24.913313
25.435889
25.833329
26.141688
26.441759
26.644926
26.799844
26.970383
27.073564
27.141187
27.233374
27.273188
27.273915
27.311668
22.577002
23.360050
23.966618
24.721985
25.180177
25.699476
26.030227
26.397009
26.545006
26.845961
26.918419
27.098388
27.150904
27.295209
27.251204
27.389462
27.319458
22.865740
23.624654
24.297488
24.876865
25.422187
25.820369
26.139888
26.437883
26.647655
26.801372
26.974311
27.079777
27.146214
27.240851
27.277571
27.278659
23.212156
23.994484
24.612001
25.239669
25.612942
26.100454
26.320469
26.619744
26.772148
26.996066
27.025951
27.229292
27.223728
27.329032
27.315343
23.578200
24.264475
24.862370
25.407671
25.818955
26.132681
26.437806
26.644619
26.802665
26.973715
27.082560
27.147636
27.243053
27.279176
23.892618
24.669562
25.157980
25.682527
26.024076
26.394268
26.545482
26.846161
26.922946
27.100601
27.155875
27.298812
27.256552
24.257944
24.856342
25.408893
25.816897
26.135378
26.434558
26.647217
26.799560
26.975058
27.080824
27.149737
27.241286
24.603406
25.237255
25.616472
26.100481
26.325124
26.619027
26.772393
26.995152
27.025612
27.226546
27.225325
24.872842
25.416359
25.824487
26.134048
26.435269
26.642258
26.798515
26.968371
27.081159
27.144183
25.187609
25.699704
26.036046
26.400822
26.548105
26.843681
26.921482
27.094997
27.150981
25.440371
25.836286
26.141352
26.433125
26.643047
26.791042
26.966143
27.072399
25.652632
26.118669
26.335426
26.620859
26.769025
26.989891
27.016235
25.858039
26.148022
26.435886
26.637952
26.788556
26.955015
26.065591
26.417711
26.549759
26.839525
26.909623
26.161664
26.435148
26.636023
26.776681
26.355228
26.631216
26.758863
26.434155
26.623678
26.561109
26.535249
26.625110
26.512358
26.651656
26.534735
26.611037
26.549535
26.631605
26.518228
26.634727
26.545361
26.605551
26.545359
26.634732
26.518238
26.631615
26.549523
26.611086
26.534718
26.651678
26.512384
26.625139
26.535221
26.420779
26.293188
25.952434
25.732587
25.300582
24.874425
24.283059
23.718763
22.946563
22.355670
21.707106
21.279861
20.948068
20.854403
20.727304
20.847810
20.866218
20.994393
21.066342
21.243087
21.254470
21.445797
21.465464
26.369439
26.149816
25.927660
25.562424
25.212113
24.734914
24.155504
23.527752
22.860641
22.161286
21.621949
21.190102
20.897180
20.780681
20.754437
20.760999
20.869381
20.963824
21.040046
21.172694
21.270740
21.359160
26.401741
26.208377
25.897175
25.641927
25.140161
24.734992
24.100291
23.481094
22.761935
22.173694
21.535386
21.213630
20.907130
20.815888
20.755550
20.856480
20.846818
21.029936
21.068311
21.213779
21.270748
26.367256
26.139358
25.844245
25.515227
25.122989
24.577907
24.025817
23.361375
22.659074
22.031235
21.506927
21.087107
20.887765
20.777925
20.731485
20.794601
20.876596
20.939066
21.068302
21.172690
26.348335
26.208085
25.867105
25.548103
25.080968
24.635094
23.943529
23.365230
22.625076
22.022132
21.466585
21.155010
20.848615
20.838466
20.761705
20.831773
20.876611
21.029935
21.040057
26.378454
26.086118
25.839443
25.475902
25.024878
24.515769
23.925379
23.218381
22.574987
21.942211
21.414187
21.073321
20.869177
20.745956
20.761695
20.794597
20.846807
20.963821
26.363198
26.201194
25.802987
25.531402
25.029028
24.533772
23.886939
23.282681
22.519268
21.987956
21.428784
21.107573
20.869185
20.838462
20.731499
20.856485
20.869384
26.337172
26.098277
25.824113
25.410984
25.006462
24.463959
23.836794
23.187255
22.530589
21.885100
21.428776
21.073314
20.848611
20.777929
20.755528
20.761004
26.364921
26.154975
25.809713
25.509099
24.966554
24.524147
23.852302
23.225897
22.530605
21.987955
21.414201
21.155021
20.887763
20.815900
20.754443
26.357549
26.096035
25.780171
25.420712
24.988248
24.416532
23.852294
23.187250
22.519259
21.942211
21.466565
21.087112
20.907116
20.780675
26.331413
26.174424
25.804576
25.471391
24.988259
24.524147
23.836808
23.282691
22.574991
22.022155
21.506936
21.213637
20.897198
26.358280
26.064960
25.804569
25.420707
24.966547
24.463960
23.886919
23.218391
22.625062
22.031224
21.535384
21.190098
26.358286
26.174426
25.780182
25.509107
25.006462
24.533796
23.925387
23.365238
22.659096
22.173714
21.621947
26.331410
26.096032
25.809695
25.410994
25.029013
24.515759
23.943528
23.361373
22.761909
22.161303
26.357545
26.154999
25.824114
25.531410
25.024897
24.635114
24.025813
23.481139
22.860645
26.364904
26.098267
25.802987
25.475895
25.080939
24.577924
24.100269
23.527737
26.337186
26.201209
25.839432
25.548150
25.122987
24.735009
24.155532
26.363171
26.086136
25.867079
25.515208
25.140165
24.734905
26.378440
26.208102
25.844269
25.641956
25.212097
26.348342
26.139342
25.897134
25.562448
26.367232
26.208450
25.927647
26.401703
26.149786
26.369465
26.708225
26.906815
26.922916
27.111954
27.132750
27.243849
27.257729
27.363368
27.292673
27.386663
27.310316
27.311592
27.226788
27.223669
27.057992
27.059467
26.902416
26.838995
26.703837
26.670074
26.480690
26.475867
26.311075
26.690633
26.809190
26.957647
27.005597
27.133382
27.188435
27.230573
27.279920
27.315413
27.275619
27.298588
27.252915
27.185679
27.137483
27.072127
26.951428
26.895450
26.790033
26.675792
26.599529
26.505928
26.397935
26.736517
26.897888
26.968123
27.141209
27.125741
27.286561
27.272966
27.344192
27.323729
27.387374
27.276144
27.328543
27.211945
27.178945
27.066421
27.046259
26.866112
26.861652
26.700173
26.650560
26.505929
26.712029
26.843512
26.943332
27.050392
27.155365
27.175383
27.270305
27.289374
27.291616
27.303160
27.297169
27.219607
27.204944
27.126414
27.031675
26.968659
26.889644
26.762698
26.700196
26.599522
26.699172
26.931012
26.987875
27.122351
27.163722
27.298181
27.250295
27.375334
27.323897
27.356030
27.297597
27.323537
27.176853
27.199683
27.057020
27.013912
26.889654
26.861641
26.675775
26.736122
26.817218
26.981228
27.066207
27.135362
27.210649
27.276426
27.261537
27.317958
27.299471
27.264467
27.243086
27.201974
27.095913
27.057042
26.968656
26.866111
26.790051
26.725464
26.946942
26.961220
27.157130
27.171666
27.273335
27.280246
27.375887
27.291256
27.379201
27.291666
27.292750
27.201976
27.199670
27.031659
27.046263
26.895446
26.705281
26.849393
26.994308
27.042423
27.170632
27.216737
27.251031
27.291030
27.318014
27.269104
27.291682
27.243079
27.176855
27.126436
27.066434
26.951415
26.735960
26.918507
26.992977
27.165087
27.145835
27.305971
27.281902
27.347755
27.318022
27.379191
27.264457
27.323545
27.204941
27.178908
27.072150
26.732328
26.858537
26.968367
27.074818
27.175414
27.189584
27.281912
27.291027
27.291254
27.299487
27.297607
27.219590
27.211980
27.137493
26.707479
26.947016
26.997324
27.137627
27.175421
27.305964
27.251025
27.375889
27.317960
27.355999
27.297192
27.328527
27.185657
26.735633
26.831336
26.997326
27.074817
27.145830
27.216749
27.280253
27.261525
27.323927
27.303168
27.276133
27.252948
26.735639
26.947011
26.968366
27.165087
27.170639
27.273306
27.276448
27.375318
27.291596
27.387374
27.298602
26.707471
26.858544
26.992983
27.042412
27.171687
27.210658
27.250284
27.289400
27.323753
27.275593
26.732342
26.918482
26.994327
27.157117
27.135350
27.298176
27.270322
27.344134
27.315450
26.735970
26.849401
26.961209
27.066226
27.163742
27.175361
27.273007
27.279938
26.705277
26.946932
26.981250
27.122298
27.155398
27.286539
27.230548
26.725481
26.817198
26.987904
27.050410
27.125724
27.188469
26.736150
26.930993
26.943317
27.141195
27.133410
26.699155
26.843536
26.968154
27.005568
26.712063
26.897812
26.957688
26.736551
26.809216
26.690618
26.420834
26.293147
25.952426
25.732562
25.300613
24.874359
24.283094
23.718735
22.946557
22.355655
21.707126
21.279822
20.948097
20.854395
20.727309
20.847809
20.866235
20.994378
21.066360
21.243082
21.254477
21.445796
21.465471
21.567008
21.670663
21.584224
21.685773
21.621126
21.650911
21.587953
21.629245
21.495846
21.535822
21.415004
21.383587
21.266488
21.254711
21.073388
21.078846
20.931643
20.897414
20.786838
20.833925
20.734023
20.869719
20.893310
26.215054
26.125905
25.932940
25.740397
25.531326
25.291336
24.972354
24.694929
24.332809
23.939167
23.581699
23.173861
22.772129
22.437360
22.104293
21.788318
21.594132
21.365662
21.201896
21.090183
21.004935
20.882973
26.020539
25.892468
25.610690
25.449547
25.061334
24.858283
24.424535
24.092509
23.650986
23.291918
22.795289
22.501236
22.074397
21.805402
21.519162
21.360708
21.118337
21.095236
20.928432
20.908837
20.840635
25.721308
25.494478
25.178257
24.915524
24.552009
24.154917
23.769896
23.329662
22.874880
22.483734
22.094749
21.726796
21.490967
21.246101
21.061431
20.958609
20.871164
20.779505
20.796871
20.743602
25.352439
25.146727
24.717373
24.392608
23.935890
23.554514
23.013068
22.660289
22.172326
21.836952
21.506708
21.302650
21.040993
21.005379
20.845547
20.827599
20.771235
20.808593
20.728391
24.921668
24.541098
24.141374
23.697570
23.205691
22.766065
22.309351
21.872616
21.567305
21.267094
21.050210
20.930681
20.829312
20.750479
20.766536
20.742450
20.735546
20.771866
24.413291
24.020661
23.457560
23.059050
22.511245
22.097144
21.683983
21.406241
21.093899
21.010594
20.835653
20.818966
20.763271
20.814568
20.749834
20.868324
20.828891
23.759893
23.290159
22.770679
22.261111
21.856653
21.472576
21.171993
20.992189
20.854247
20.762544
20.759938
20.756047
20.758166
20.816531
20.851285
20.862319
23.114519
22.620609
22.105445
21.724828
21.304699
21.135597
20.899358
20.843276
20.765294
20.821968
20.760259
20.887999
20.871397
20.959056
20.977530
22.426321
21.934675
21.493460
21.210893
20.971823
20.821706
20.772259
20.759909
20.748700
20.821620
20.871306
20.904554
20.994294
21.044908
21.780245
21.472849
21.105117
20.952648
20.803682
20.822525
20.739367
20.868250
20.861131
20.960187
21.000474
21.125373
21.106304
21.305287
21.020706
20.860865
20.783934
20.725742
20.787183
20.829556
20.875008
20.979234
21.054329
21.104444
21.204331
20.988521
20.895617
20.737722
20.825726
20.797640
20.896179
20.946665
21.085642
21.087688
21.258784
21.276064
20.781323
20.764540
20.762207
20.791033
20.891446
20.976003
21.040350
21.163207
21.248686
21.309238
20.759055
20.804326
20.838239
20.970060
20.981923
21.167320
21.204523
21.334355
21.394126
20.782380
20.843876
20.902396
21.033284
21.129862
21.210793
21.337328
21.432112
20.827591
21.008125
21.045539
21.188466
21.264746
21.427687
21.444295
20.950030
21.032041
21.167116
21.276700
21.359385
21.495241
21.066229
21.233766
21.260460
21.464706
21.505448
21.147939
21.292033
21.396617
21.488694
21.279533
21.438950
21.511931
21.390710
21.498990
21.457985
26.612747
26.838459
26.769298
26.976217
26.947616
27.079493
27.068172
27.215638
27.141979
27.294129
27.242592
27.327093
27.282482
27.388118
27.279351
27.392692
27.308734
27.365462
27.287171
27.380690
27.241490
27.347789
27.235854
26.289752
26.283082
26.276976
26.246946
26.282877
26.294258
26.294175
26.357439
26.397226
26.424542
26.509178
26.574963
26.614527
26.718948
26.785016
26.838902
26.929428
27.006131
27.028690
27.128762
27.156200
27.205783
26.390357
26.430050
26.377861
26.450169
26.366189
26.481651
26.441144
26.518753
26.525682
26.643440
26.608273
26.767393
26.763542
26.876028
26.900419
27.039534
27.001722
27.170869
27.134691
27.251163
27.229990
26.498898
26.495275
26.472208
26.505110
26.521536
26.518643
26.576708
26.616757
26.632588
26.715336
26.765671
26.804272
26.885446
26.954800
26.976908
27.077109
27.112099
27.149233
27.206224
27.253288
26.566849
26.665031
26.600913
26.657135
26.631930
26.729244
26.665772
26.802711
26.778675
26.872373
26.882238
27.009952
26.964731
27.125739
27.096274
27.202902
27.190890
27.312039
27.232628
26.707440
26.684815
26.720248
26.738913
26.732081
26.788506
26.821384
26.836352
26.902664
26.954860
26.968838
27.055110
27.090187
27.122496
27.180191
27.228415
27.218578
27.292563
26.798523
26.881881
26.793320
26.910413
26.864338
26.937265
26.926267
27.038172
26.977289
27.124743
27.087966
27.185079
27.171944
27.289519
27.212401
27.355116
27.283060
26.880554
26.922082
26.936499
26.929738
26.978634
27.011880
27.009980
27.080265
27.104215
27.126712
27.175904
27.221014
27.210724
27.280245
27.280772
27.286130
26.994043
27.052794
27.023328
27.117692
27.038653
27.170282
27.119509
27.204651
27.180529
27.290757
27.209645
27.346227
27.277993
27.354933
27.306474
27.091863
27.108193
27.092827
27.144660
27.157077
27.163873
27.202716
27.236604
27.221509
27.281223
27.283097
27.285074
27.307934
27.321002
27.130552
27.246464
27.183064
27.253149
27.216535
27.316232
27.227482
27.352837
27.284014
27.353475
27.305479
27.390805
27.277921
27.230548
27.221052
27.250591
27.272366
27.248834
27.296764
27.295945
27.289097
27.310813
27.321322
27.281442
27.315812
27.265262
27.354654
27.254833
27.370926
27.296495
27.359076
27.306862
27.389327
27.276220
27.383360
27.279277
27.278757
27.317265
27.312285
27.296566
27.313098
27.320375
27.277772
27.310347
27.279727
27.253286
27.304950
27.360950
27.302450
27.384021
27.266967
27.373553
27.269206
27.318671
27.233245
27.307173
27.311851
27.267021
27.294966
27.265152
27.239069
27.228536
27.216554
27.240756
27.346724
27.244553
27.296524
27.211039
27.277547
27.128860
27.236500
27.208016
27.199652
27.188761
27.120090
27.130800
27.159302
27.237428
27.095220
27.187881
27.051425
27.077127
27.086364
27.037133
26.988647
26.992466
27.044925
26.924771
26.903269
26.874378
26.736422
26.438043
26.459222
26.183343
26.167029
25.888720
25.760962
25.476508
25.297821
24.909261
24.702580
24.277331
23.967420
23.558680
23.244432
22.797122
22.565083
22.179509
21.960335
21.696509
21.557965
21.310840
21.295217
21.111006
21.290795
21.774699
22.222357
22.958095
23.507989
24.221186
24.760132
25.332655
25.669666
26.129818
26.330577
26.619235
26.764913
26.982486
27.011229
27.214086
27.204941
27.314964
27.302183
27.388031
27.291583
27.389620
27.267938
26.561110
26.623679
26.758865
26.776682
26.909623
26.955015
27.016238
27.072399
27.150979
27.144183
27.225327
27.241283
27.256547
27.279169
27.315339
27.278654
27.319454
27.311661
27.290845
27.291194
27.303114
27.257726
26.434157
26.631218
26.636026
26.839526
26.788559
26.989894
26.966145
27.094996
27.081163
27.226549
27.149736
27.298807
27.243051
27.329030
27.277569
27.389457
27.273910
27.393402
27.304127
27.372483
27.285352
26.355233
26.435151
26.549761
26.637955
26.769029
26.791042
26.921483
26.968375
27.025615
27.080819
27.155871
27.147634
27.223726
27.240845
27.251197
27.273178
27.306567
27.271527
27.309212
27.305789
26.161669
26.417713
26.435892
26.620864
26.643049
26.843684
26.798524
26.995154
26.975057
27.100600
27.082562
27.229291
27.146212
27.295203
27.233369
27.321877
27.262581
27.381417
27.265344
26.065596
26.148027
26.335432
26.433127
26.548110
26.642265
26.772396
26.799557
26.922947
26.973716
27.025951
27.079771
27.150899
27.141180
27.211844
27.229422
27.239722
27.260690
25.858047
26.118676
26.141357
26.400828
26.435279
26.619029
26.647218
26.846164
26.802671
26.996065
26.974310
27.098384
27.073563
27.221727
27.133123
27.283267
27.223741
25.652640
25.836289
26.036055
26.134056
26.325126
26.434558
26.545488
26.644621
26.772148
26.801368
26.918417
26.970380
27.017875
27.068382
27.141032
27.129810
25.440378
25.699713
25.824497
26.100483
26.135383
26.394274
26.437813
26.619744
26.647655
26.845961
26.799845
26.989523
26.965121
27.088442
27.062885
25.187619
25.416367
25.616475
25.816901
26.024085
26.132684
26.320469
26.437882
26.545007
26.644926
26.768131
26.795647
26.910017
26.961271
24.872850
25.237256
25.408903
25.682534
25.818960
26.100456
26.139892
26.397010
26.441763
26.619568
26.643776
26.840291
26.792514
24.603409
24.856350
25.157987
25.407674
25.612945
25.820371
26.030231
26.141689
26.323839
26.441736
26.544674
26.642094
24.257952
24.669566
24.862375
25.239671
25.422195
25.699480
25.833332
26.114635
26.150919
26.403033
26.444261
23.892618
24.264474
24.612005
24.876868
25.180180
25.435890
25.640122
25.844216
26.049465
26.155604
23.578196
23.994483
24.297491
24.721985
24.913315
25.286650
25.464190
25.736400
25.857593
23.212154
23.624648
23.966615
24.338893
24.688042
24.949749
25.240252
25.483052
22.865733
23.360041
23.701834
24.117114
24.403317
24.816351
24.985069
22.576988
22.953740
23.367012
23.781203
24.107240
24.448456
22.287546
22.779034
23.074625
23.546023
23.851815
21.998394
22.407066
22.813771
23.161698
21.841681
22.232688
22.522045
21.596621
21.960429
21.466114
26.420781
26.293189
25.952436
25.732589
25.300584
24.874427
24.283059
23.718763
22.946559
22.355665
21.707100
21.279853
20.948065
20.854404
20.727301
20.847810
20.866220
20.994393
21.066345
21.243089
21.254473
21.445799
21.465467
21.567011
21.670667
21.584230
21.685777
21.621121
21.650933
21.587938
21.629256
21.495852
21.535831
21.414982
21.383631
21.266454
21.254727
21.073387
21.078858
20.931596
20.897477
20.786777
20.833946
20.734010
20.869748
20.893236
26.215083
26.125867
25.932906
25.740416
25.531310
25.291285
24.972397
24.694895
24.332782
23.939190
23.581687
23.173806
22.772169
22.437314
22.104252
21.788320
21.594094
21.365586
21.201906
21.090111
21.004869
20.882956
26.020510
25.892561
25.610678
25.449577
25.061379
24.858330
24.424515
24.092613
23.650982
23.291953
22.795336
22.501281
22.074367
21.805495
21.519136
21.360728
21.118356
21.095263
20.928378
20.908920
20.840580
25.721293
25.494432
25.178293
24.915492
24.551985
24.154936
23.769887
23.329615
22.874917
22.483695
22.094711
21.726799
21.490932
21.246032
21.061437
20.958545
20.871103
20.779491
20.796811
20.743529
25.352473
25.146767
24.717354
24.392696
23.935886
23.554544
23.013108
22.660329
22.172300
21.837033
21.506687
21.302664
21.041011
21.005400
20.845499
20.827667
20.771190
20.808607
20.728393
24.921647
24.541110
24.141367
23.697528
23.205724
22.766032
22.309321
21.872620
21.567278
21.267032
21.050219
20.930625
20.829258
20.750466
20.766485
20.742381
20.735539
20.771804
24.413287
24.020685
23.457594
23.059086
22.511225
22.097215
21.683967
21.406252
21.093918
21.010611
20.835613
20.819024
20.763236
20.814574
20.749842
20.868341
20.828846
23.759918
23.290132
22.770657
22.261116
21.856635
21.472525
21.172004
20.992141
20.854202
20.762533
20.759899
20.755986
20.758165
20.816479
20.851233
20.862308
23.114507
22.620668
22.105439
21.724840
21.304718
21.135614
20.899326
20.843326
20.765269
20.821972
20.760268
20.888013
20.871359
20.959111
20.977500
22.426311
21.934635
21.493473
21.210857
20.971789
20.821697
20.772229
20.759857
20.748702
20.821577
20.871264
20.904546
20.994258
21.044859
21.780266
21.472866
21.105096
20.952688
20.803666
20.822529
20.739378
20.868262
20.861102
20.960233
21.000452
21.125381
21.106315
21.305264
21.020699
20.860845
20.783891
20.725746
20.787148
20.829523
20.875001
20.979208
21.054287
21.104446
21.204296
20.988516
20.895619
20.737734
20.825736
20.797621
20.896216
20.946651
21.085648
21.087700
21.258798
21.276043
20.781327
20.764513
20.762184
20.791026
20.891428
20.975967
21.040355
21.163179
21.248660
21.309235
20.759046
20.804353
20.838233
20.970063
20.981936
21.167332
21.204508
21.334390
21.394116
20.782370
20.843848
20.902402
21.033262
21.129843
21.210789
21.337314
21.432086
20.827605
21.008134
21.045532
21.188491
21.264743
21.427694
21.444308
20.950019
21.032036
21.167109
21.276680
21.359391
21.495224
21.066235
21.233770
21.260473
21.464714
21.505443
21.147944
21.292021
21.396609
21.488693
21.279537
21.438963
21.511934
21.390710
21.498981
21.457995
26.612696
26.838503
26.769327
26.976238
26.947578
27.079611
27.068108
27.215677
27.142031
27.294140
27.242549
27.327243
27.282404
27.388163
27.279424
27.392708
27.308683
27.365650
27.287084
27.380751
27.241573
27.347834
27.235786
26.289764
26.283058
26.276953
26.246955
26.282857
26.294202
26.294219
26.357386
26.397177
26.424582
26.509135
26.574879
26.614601
26.718869
26.784947
26.838956
26.929369
27.006025
27.028774
27.128665
27.156114
27.205824
26.390335
26.430081
26.377845
26.450159
26.366221
26.481658
26.441091
26.518848
26.525632
26.643437
26.608325
26.767410
26.763458
26.876182
26.900343
27.039551
27.001781
27.170914
27.134583
27.251367
27.229904
26.498898
26.495230
26.472238
26.505071
26.521496
26.518667
26.576675
26.616684
26.632647
26.715271
26.765608
26.804320
26.885395
26.954701
26.976987
27.077023
27.112017
27.149283
27.206164
27.253160
26.566863
26.665038
26.600873
26.657202
26.631897
26.729238
26.665814
26.802724
26.778605
26.872499
26.882177
27.009957
26.964788
27.125771
27.096177
27.203079
27.190812
27.312063
27.232691
26.707415
26.684823
26.720231
26.738851
26.732124
26.788454
26.821330
26.836388
26.902621
26.954772
26.968905
27.055036
27.090112
27.122543
27.180136
27.228300
27.218659
27.292468
26.798508
26.881871
26.793348
26.910425
26.864282
26.937362
26.926221
27.038170
26.977340
27.124767
27.087882
27.185229
27.171877
27.289530
27.212461
27.355161
27.282960
26.880581
26.922048
26.936457
26.929760
26.978602
27.011805
27.010032
27.080203
27.104147
27.126753
27.175855
27.220912
27.210796
27.280162
27.280691
27.286168
26.994003
27.052858
27.023298
27.117687
27.038693
27.170301
27.119440
27.204773
27.180476
27.290760
27.209701
27.346262
27.277902
27.355097
27.306411
27.091846
27.108134
27.092864
27.144612
27.157019
27.163904
27.202675
27.236515
27.221568
27.281152
27.283022
27.285112
27.307886
27.320887
27.130578
27.246480
27.183012
27.253242
27.216497
27.316231
27.227531
27.352865
27.283937
27.353615
27.305424
27.390813
27.277980
27.230504
27.221071
27.250560
27.272293
27.248878
27.296706
27.295877
27.289129
27.310768
27.321222
27.281504
27.315735
27.265238
27.354652
27.254870
27.370950
27.296434
27.359190
27.306819
27.389332
27.276273
27.383397
27.279197
27.278786
27.317222
27.312229
27.296590
27.313059
27.320291
27.277821
27.310282
27.279655
27.253316
27.304905
27.361036
27.302419
27.384025
27.267012
27.373584
27.269140
27.318799
27.233201
27.307143
27.311787
27.267055
27.294913
27.265089
27.239094
27.228495
27.216464
27.240789
27.346750
27.244502
27.296631
27.211005
27.277558
27.128908
27.236449
27.208036
27.199613
27.188687
27.120129
27.130743
27.159275
27.237441
27.095262
27.187917
27.051371
27.077152
27.086317
27.037074
26.988669
26.992426
27.045028
26.924743
26.903229
26.874317
26.736457
26.438018
26.459253
26.183382
26.167073
25.888689
25.761069
25.476498
25.297854
24.909315
24.702635
24.277309
23.967541
23.558676
23.244474
22.797174
22.565137
22.179477
21.960443
21.696479
21.557997
21.310861
21.295258
21.110950
21.290712
21.774751
22.222359
22.958167
23.507921
24.221343
24.760078
25.332714
25.669688
26.129893
26.330474
26.619404
26.764827
26.982523
27.011246
27.214156
27.204802
27.315160
27.302076
27.388070
27.291603
27.389710
27.267781
26.561130
26.623634
26.758821
26.776724
26.909549
26.954981
27.016264
27.072333
27.150912
27.144237
27.225221
27.241233
27.256577
27.279080
27.315249
27.278718
27.319323
27.311595
27.290877
27.291091
27.303002
27.257796
26.434125
26.631328
26.635971
26.839569
26.788600
26.989913
26.966106
27.095132
27.081093
27.226595
27.149797
27.298823
27.243005
27.329200
27.277486
27.389514
27.273986
27.393430
27.304068
27.372695
27.285249
26.355176
26.435126
26.549787
26.637904
26.768977
26.791092
26.921395
26.968336
27.025641
27.080745
27.155792
27.147694
27.223605
27.240792
27.251222
27.273086
27.306463
27.271600
27.309064
27.305732
26.161706
26.417740
26.435861
26.620986
26.642990
26.843732
26.798574
26.995176
26.975016
27.100753
27.082487
27.229347
27.146278
27.295228
27.233319
27.322066
27.262488
27.381490
27.265415
26.065555
26.148074
26.335365
26.433101
26.548137
26.642208
26.772332
26.799613
26.922844
26.973674
27.025973
27.079692
27.150807
27.141247
27.211708
27.229372
27.239740
27.260599
25.858008
26.118725
26.141402
26.400856
26.435248
26.619167
26.647156
26.846219
26.802728
26.996093
26.974267
27.098555
27.073481
27.221794
27.133189
27.283301
27.223689
25.652664
25.836254
26.036009
26.134111
26.325047
26.434530
26.545511
26.644560
26.772073
26.801429
26.918300
26.970338
27.017892
27.068302
27.140934
27.129879
25.440362
25.699835
25.824453
26.100540
26.135436
26.394309
26.437781
26.619898
26.647590
26.846026
26.799906
26.989558
26.965076
27.088621
27.062802
25.187561
25.416355
25.616502
25.816863
26.024029
26.132745
26.320378
26.437853
26.545026
26.644861
26.768047
26.795712
26.909895
26.961229
24.872901
25.237298
25.408883
25.682675
25.818914
26.100522
26.139951
26.397052
26.441731
26.619734
26.643709
26.840362
26.792577
24.603368
24.856411
25.157922
25.407661
25.612970
25.820329
26.030166
26.141753
26.323739
26.441705
26.544691
26.642028
24.257922
24.669631
24.862431
25.239721
25.422176
25.699634
25.833287
26.114708
26.150982
26.403079
26.444229
23.892643
24.264451
24.611959
24.876934
25.180105
25.435874
25.640143
25.844171
26.049396
26.155669
23.578183
23.994620
24.297460
24.722060
24.913379
25.286707
25.464173
25.736562
25.857548
23.212092
23.624643
23.966638
24.338867
24.687988
24.949815
25.240173
25.483036
22.865779
23.360093
23.701822
24.117266
24.403289
24.816432
24.985137
22.576936
22.953795
23.366945
23.781192
24.107262
24.448428
22.287506
22.779099
23.074681
23.546086
23.851806
21.998397
22.407032
22.813712
23.161755
21.841646
22.232817
22.522014
21.596542
21.960395
21.466133
26.438017
26.459252
26.183381
26.167070
25.888685
25.761066
25.476494
25.297849
24.909315
24.702631
24.277311
23.967544
23.558677
23.244484
22.797187
22.565147
22.179491
21.960459
21.696494
21.558008
21.310869
21.295262
21.110954
21.457992
21.498978
21.511932
21.488691
21.505441
21.495223
21.444307
21.432086
21.394115
21.309237
21.276042
21.204299
21.106314
21.044865
20.977500
20.862309
20.828855
20.771801
20.728406
20.743538
20.840584
20.882960
21.390707
21.438962
21.396608
21.464713
21.359390
21.427692
21.337313
21.334389
21.248662
21.258797
21.104449
21.125382
20.994263
20.959113
20.851232
20.868354
20.735535
20.808623
20.796821
20.908927
21.004874
21.279535
21.292019
21.260471
21.276678
21.264742
21.210790
21.204508
21.163180
21.087700
21.054290
21.000455
20.904550
20.871367
20.816477
20.749856
20.742380
20.771204
20.779505
20.928387
21.090119
21.147942
21.233769
21.167107
21.188491
21.129843
21.167332
21.040356
21.085649
20.979210
20.960236
20.871267
20.888021
20.758164
20.814590
20.766486
20.827679
20.871118
21.095272
21.201915
21.066233
21.032035
21.045532
21.033262
20.981937
20.975971
20.946651
20.875008
20.861105
20.821584
20.760273
20.755995
20.763247
20.750475
20.845506
20.958562
21.118368
21.365597
20.950017
21.008134
20.902402
20.970064
20.891433
20.896216
20.829530
20.868265
20.748710
20.821978
20.759909
20.819036
20.829270
21.005407
21.061453
21.360744
21.594103
20.827605
20.843851
20.838234
20.791031
20.797624
20.787153
20.739385
20.759866
20.765279
20.762541
20.835630
20.930636
21.041026
21.246042
21.519154
21.788332
20.782373
20.804355
20.762189
20.825739
20.725756
20.822533
20.772239
20.843340
20.854207
21.010627
21.050229
21.302682
21.490940
21.805510
22.104267
20.759046
20.764522
20.737736
20.783902
20.803674
20.821704
20.899341
20.992152
21.093932
21.267045
21.506699
21.726815
22.074377
22.437326
20.781337
20.895625
20.860850
20.952702
20.971796
21.135627
21.172016
21.406263
21.567290
21.837043
22.094722
22.501294
22.772172
20.988524
21.020706
21.105107
21.210866
21.304730
21.472535
21.683980
21.872629
22.172313
22.483698
22.795346
23.173813
21.305271
21.472874
21.493480
21.724850
21.856644
22.097223
22.309328
22.660334
22.874922
23.291954
23.581689
21.780274
21.934643
22.105445
22.261124
22.511231
22.766036
23.013114
23.329616
23.650986
23.939186
22.426316
22.620672
22.770660
23.059090
23.205724
23.554544
23.769884
24.092611
24.332781
23.114511
23.290135
23.457596
23.697528
23.935884
24.154935
24.424513
24.694890
23.759918
24.020684
24.141365
24.392695
24.551981
24.858328
24.972392
24.413287
24.541109
24.717353
24.915490
25.061375
25.291281
24.921645
25.146764
25.178290
25.449573
25.531305
25.352470
25.494429
25.610676
25.740412
25.721290
25.892557
25.932904
26.020507
26.125864
26.215080
26.708184
26.906845
26.922934
27.111985
27.132699
27.243931
27.257694
27.363374
27.292693
27.386685
27.310267
27.311658
27.226765
27.223665
27.058005
27.059485
26.902373
26.839029
26.703822
26.670062
26.480685
26.475878
26.311052
26.200218
26.249170
26.140978
26.225985
26.153811
26.204376
26.187763
26.279232
26.231801
26.374234
26.367431
26.473398
26.509065
26.650211
26.637555
26.815226
26.821233
26.949306
26.974078
27.119228
27.073216
27.247543
27.193398
26.736457
26.874317
26.924745
26.988671
27.051372
27.130746
27.128912
27.216466
27.233204
27.253320
27.279204
27.315739
27.277985
27.320893
27.306422
27.286178
27.282969
27.292474
27.232696
27.253163
27.229907
27.205825
26.903230
27.045028
27.037075
27.187919
27.120129
27.277561
27.228498
27.318802
27.279657
27.383400
27.281509
27.390819
27.307890
27.355100
27.280697
27.355170
27.218667
27.312069
27.206167
27.251369
27.156115
26.992427
27.086318
27.095264
27.188690
27.211008
27.239097
27.269145
27.310286
27.276278
27.321226
27.305430
27.285119
27.277910
27.280165
27.212465
27.228307
27.190822
27.149291
27.134592
27.128670
27.077154
27.237443
27.199614
27.296634
27.265091
27.373587
27.277825
27.389336
27.310772
27.353618
27.283024
27.346266
27.210801
27.289532
27.180134
27.203077
27.112017
27.170915
27.028776
27.159278
27.208039
27.244505
27.294917
27.267016
27.320295
27.306824
27.289133
27.283943
27.281160
27.209706
27.220915
27.171885
27.122551
27.096182
27.077024
27.001781
27.006024
27.236451
27.346753
27.267058
27.384029
27.313061
27.359193
27.295881
27.352867
27.221569
27.290766
27.175861
27.185229
27.090112
27.125776
26.976995
27.039559
26.929375
27.240792
27.311790
27.302423
27.296595
27.296438
27.296710
27.227537
27.236520
27.180477
27.126756
27.087890
27.055040
26.964786
26.954700
26.900345
26.838962
27.307145
27.361039
27.312233
27.370953
27.248881
27.316236
27.202680
27.204778
27.104149
27.124766
26.968907
27.009960
26.885395
26.876178
26.784940
27.304908
27.317226
27.254875
27.272297
27.216500
27.163909
27.119446
27.080209
26.977348
26.954780
26.882183
26.804324
26.763468
26.718880
27.278790
27.354656
27.250566
27.253246
27.157021
27.170305
27.010035
27.038168
26.902620
26.872502
26.765610
26.767406
26.614594
27.265240
27.221074
27.183018
27.144620
27.038698
27.011813
26.926231
26.836393
26.778608
26.715275
26.608332
26.574886
27.230508
27.246481
27.092868
27.117689
26.978604
26.937366
26.821335
26.802729
26.632651
26.643441
26.509138
27.130585
27.108139
27.023305
26.929766
26.864283
26.788457
26.665818
26.616686
26.525635
26.424585
27.091852
27.052862
26.936465
26.910433
26.732131
26.729245
26.576682
26.518853
26.397183
26.994007
26.922047
26.793350
26.738856
26.631897
26.518670
26.441094
26.357388
26.880590
26.881876
26.720237
26.657209
26.521503
26.481662
26.294228
26.798514
26.684827
26.600877
26.505078
26.366224
26.294205
26.707420
26.665041
26.472242
26.450163
26.282863
26.566871
26.495237
26.377849
26.246963
26.498903
26.430085
26.276959
26.390339
26.283065
26.289770
26.612695
26.838503
26.769328
26.976238
26.947577
27.079613
27.068109
27.215677
27.142031
27.294144
27.242551
27.327244
27.282407
27.388169
27.279432
27.392715
27.308688
27.365654
27.287088
27.380755
27.241575
27.347835
27.235786
21.466133
21.960397
22.522014
23.161757
23.851805
24.448430
24.985135
25.483037
25.857546
26.155670
26.444227
26.642029
26.792576
26.961230
27.062801
27.129881
27.223688
27.260602
27.265416
27.305736
27.285250
27.257799
21.596545
22.232819
22.813714
23.546088
24.107262
24.816433
25.240172
25.736561
26.049396
26.403078
26.544690
26.840361
26.909895
27.088622
27.140935
27.283303
27.239744
27.381494
27.309069
27.372700
27.303006
21.841649
22.407039
23.074683
23.781196
24.403289
24.949817
25.464172
25.844171
26.150980
26.441706
26.643706
26.795713
26.965075
27.068305
27.133190
27.229378
27.262492
27.271609
27.304073
27.291099
21.998405
22.779106
23.366950
24.117269
24.687990
25.286707
25.640143
26.114707
26.323738
26.619733
26.768047
26.989558
27.017894
27.221797
27.211713
27.322073
27.306471
27.393438
27.290885
22.287518
22.953807
23.701828
24.338872
24.913379
25.435875
25.833284
26.141753
26.441728
26.644862
26.799906
26.970342
27.073484
27.141255
27.233324
27.273097
27.273993
27.311603
22.576950
23.360104
23.966644
24.722062
25.180104
25.699632
26.030164
26.397050
26.545026
26.846027
26.918303
27.098559
27.150814
27.295235
27.251231
27.389521
27.319329
22.865788
23.624649
24.297460
24.876934
25.422172
25.820327
26.139949
26.437854
26.647590
26.801434
26.974270
27.079699
27.146282
27.240799
27.277489
27.278725
23.212099
23.994623
24.611958
25.239720
25.612969
26.100522
26.320378
26.619899
26.772074
26.996094
27.025975
27.229349
27.223608
27.329203
27.315255
23.578188
24.264456
24.862431
25.407661
25.818910
26.132743
26.437776
26.644558
26.802724
26.973674
27.082486
27.147698
27.243009
27.279089
23.892645
24.669630
25.157916
25.682669
26.024022
26.394303
26.545507
26.846218
26.922845
27.100756
27.155797
27.298830
27.256585
24.257918
24.856408
25.408877
25.816859
26.135433
26.434532
26.647156
26.799617
26.975019
27.080750
27.149800
27.241238
24.603369
25.237298
25.616501
26.100540
26.325046
26.619166
26.772331
26.995175
27.025640
27.226594
27.225222
24.872897
25.416351
25.824445
26.134104
26.435239
26.642202
26.798567
26.968333
27.081090
27.144239
25.187554
25.699828
26.036002
26.400851
26.548133
26.843730
26.921395
27.095134
27.150916
25.440358
25.836252
26.141399
26.433101
26.642989
26.791093
26.966106
27.072335
25.652658
26.118720
26.335360
26.620983
26.768974
26.989910
27.016263
25.858001
26.148071
26.435857
26.637902
26.788598
26.954983
26.065552
26.417738
26.549786
26.839570
26.909551
26.161702
26.435125
26.635969
26.776724
26.355173
26.631326
26.758821
26.434125
26.623635
26.561130
21.567012
21.670666
21.584228
21.685777
21.621130
21.650915
21.587956
21.629248
21.495852
21.535825
21.415010
21.383591
21.266494
21.254715
21.073396
21.078848
20.931647
20.897423
20.786838
20.833935
20.734029
20.869722
20.893311
21.663765
21.693805
21.725803
21.698158
21.721078
21.713741
21.660786
21.652976
21.608715
21.527814
21.482256
21.416562
21.297589
21.240517
21.144414
21.028483
20.951994
20.887077
20.769564
20.768167
20.744449
20.795150
21.778610
21.849763
21.809715
21.894443
21.786297
21.863547
21.771373
21.770977
21.677954
21.685794
21.516754
21.528535
21.374387
21.316735
21.175376
21.149573
20.947633
20.964391
20.809675
20.814330
20.744452
21.869019
21.902636
21.887489
21.911256
21.907805
21.857425
21.846934
21.807952
21.717875
21.679811
21.595882
21.484233
21.406915
21.313818
21.169234
21.100657
20.986387
20.875183
20.809675
20.768172
21.937450
22.053415
21.998054
22.037922
21.976708
22.024373
21.885692
21.927664
21.796893
21.761155
21.631634
21.605926
21.403994
21.392346
21.210136
21.141725
20.986388
20.964393
20.769565
22.050968
22.044627
22.072261
22.073178
22.023158
22.019181
21.972359
21.888237
21.836400
21.760911
21.630773
21.561780
21.444490
21.307631
21.210137
21.100658
20.947635
20.887083
22.117671
22.207650
22.110866
22.194012
22.102311
22.106024
22.010071
22.014424
21.836217
21.841808
21.671846
21.602174
21.444491
21.392347
21.169237
21.149574
20.951997
22.160965
22.201275
22.196227
22.155644
22.144357
22.106272
22.013889
21.972631
21.878488
21.759002
21.671847
21.561780
21.403996
21.313820
21.175379
21.028485
22.243254
22.290055
22.235662
22.282348
22.146310
22.189078
22.054621
22.015200
21.878489
21.841806
21.630776
21.605926
21.406917
21.316737
21.144421
22.284927
22.292304
22.241709
22.241854
22.188833
22.107669
22.054621
21.972631
21.836219
21.760909
21.631638
21.484234
21.374391
21.240519
22.288878
22.375130
22.282910
22.285390
22.188834
22.189080
22.013887
22.014425
21.836404
21.761152
21.595888
21.528536
21.297593
22.330113
22.295527
22.282910
22.241854
22.146310
22.106275
22.010068
21.888239
21.796897
21.679808
21.516760
21.416565
22.330114
22.375128
22.241711
22.282349
22.144359
22.106026
21.972357
21.927666
21.717879
21.685794
21.482262
22.288880
22.292302
22.235664
22.155646
22.102312
22.019181
21.885694
21.807954
21.677958
21.527816
22.284929
22.290052
22.196232
22.194015
22.023157
22.024373
21.846939
21.770977
21.608720
22.243257
22.201275
22.110873
22.073180
21.976706
21.857428
21.771377
21.652977
22.160970
22.207653
22.072265
22.037921
21.907808
21.863550
21.660789
22.117677
22.044630
21.998054
21.911258
21.786301
21.713744
22.050970
22.053414
21.887491
21.894446
21.721081
21.937451
21.902639
21.809719
21.698161
21.869023
21.849765
21.725806
21.778613
21.693807
21.663768
21.632839
21.805307
21.811077
22.001560
22.013275
22.135386
22.168440
22.288958
22.252711
22.377955
22.337465
22.380053
22.337464
22.377954
22.252711
22.288957
22.168435
22.135383
22.013275
22.001558
21.811074
21.805306
21.632836
21.567008
21.670664
21.584227
21.685775
21.621118
21.650932
21.587938
21.629254
21.495851
21.535829
21.414983
21.383630
21.266456
21.254726
21.073391
21.078858
20.931596
20.897483
20.786775
20.833955
20.734014
20.869751
20.893236
21.663765
21.693806
21.725796
21.698167
21.721063
21.713738
21.660785
21.652964
21.608693
21.527826
21.482224
21.416545
21.297585
21.240489
21.144371
21.028491
20.951938
20.887037
20.769549
20.768116
20.744377
20.795149
21.778612
21.849772
21.809712
21.894450
21.786303
21.863555
21.771362
21.771007
21.677932
21.685809
21.516757
21.528547
21.374356
21.316786
21.175332
21.149590
20.947625
20.964408
20.809612
20.814404
20.744379
21.869018
21.902638
21.887490
21.911253
21.907794
21.857436
21.846917
21.807945
21.717873
21.679794
21.595854
21.484244
21.406877
21.313793
21.169228
21.100623
20.986333
20.875188
20.809611
20.768121
21.937452
22.053416
21.998048
22.037936
21.976695
22.024381
21.885696
21.927675
21.796873
21.761193
21.631606
21.605941
21.403993
21.392361
21.210092
21.141783
20.986333
20.964410
20.769548
22.050966
22.044633
22.072255
22.073176
22.023157
22.019170
21.972340
21.888249
21.836376
21.760897
21.630772
21.561760
21.444454
21.307641
21.210092
21.100623
20.947625
20.887040
22.117674
22.207658
22.110873
22.194021
22.102303
22.106047
22.010052
22.014437
21.836219
21.841820
21.671817
21.602220
21.444454
21.392362
21.169229
21.149589
20.951939
22.160968
22.201275
22.196222
22.155652
22.144347
22.106265
22.013888
21.972620
21.878466
21.759013
21.671817
21.561759
21.403993
21.313793
21.175334
21.028490
22.243253
22.290063
22.235655
22.282356
22.146313
22.189087
22.054604
22.015232
21.878466
21.841819
21.630774
21.605940
21.406878
21.316786
21.144374
22.284924
22.292302
22.241709
22.241850
22.188822
22.107677
22.054604
21.972620
21.836219
21.760894
21.631608
21.484243
21.374356
21.240488
22.288879
22.375133
22.282903
22.285406
22.188821
22.189088
22.013889
22.014436
21.836378
21.761190
21.595856
21.528546
21.297586
22.330111
22.295530
22.282903
22.241849
22.146310
22.106266
22.010052
21.888247
21.796876
21.679791
21.516759
21.416543
22.330112
22.375132
22.241711
22.282354
22.144343
22.106051
21.972340
21.927672
21.717877
21.685804
21.482226
22.288879
22.292300
22.235657
22.155649
22.102299
22.019175
21.885694
21.807942
21.677935
21.527823
22.284926
22.290060
22.196222
22.194016
22.023157
22.024383
21.846914
21.771006
21.608694
22.243254
22.201270
22.110869
22.073174
21.976696
21.857433
21.771361
21.652963
22.160967
22.207651
22.072254
22.037937
21.907793
21.863552
21.660785
22.117670
22.044630
21.998049
21.911251
21.786300
21.713736
22.050965
22.053417
21.887488
21.894448
21.721062
21.937452
21.902635
21.809710
21.698166
21.869016
21.849770
21.725795
21.778610
21.693804
21.663763
26.140691
26.091555
25.901990
25.862355
25.694272
25.606438
25.474743
25.430723
25.274169
25.284031
25.199587
25.208983
25.199587
25.284035
25.274168
25.430723
25.474750
25.606442
25.694273
25.862360
25.901992
26.091559
26.140695
26.200214
26.249176
26.140958
26.225983
26.153836
26.204316
26.187792
26.279234
26.231757
26.374223
26.367494
26.473272
26.509126
26.650211
26.637486
26.815209
26.821318
26.949122
26.974169
27.119190
27.073158
27.247474
27.193517
26.082098
26.074417
26.050865
26.021791
26.051587
26.063656
26.064492
26.130067
26.176161
26.209439
26.305402
26.375664
26.433478
26.540861
26.627936
26.685996
26.798686
26.876388
26.932541
27.019711
27.089853
27.117409
25.980327
25.990815
25.934643
25.988851
25.908047
26.017838
25.987235
26.068896
26.093389
26.219874
26.212300
26.383129
26.410041
26.540282
26.594722
26.756156
26.749363
26.939725
26.944771
27.075540
27.089853
25.868935
25.841689
25.795215
25.824332
25.832111
25.834817
25.903671
25.956462
25.999537
26.101929
26.189970
26.253683
26.379379
26.475264
26.550062
26.673272
26.766612
26.833256
26.944770
27.019712
25.728121
25.781876
25.706919
25.741682
25.730936
25.821288
25.790397
25.940103
25.961179
26.080454
26.147462
26.307224
26.327191
26.522576
26.564361
26.710910
26.766611
26.939726
26.932543
25.639353
25.590578
25.604487
25.614564
25.615429
25.688533
25.749299
25.799595
25.917403
26.013082
26.094953
26.229720
26.342227
26.427818
26.564360
26.673275
26.749358
26.876389
25.532035
25.561558
25.479240
25.576951
25.559881
25.644391
25.692247
25.833904
25.855817
26.046086
26.105814
26.255858
26.342228
26.522577
26.550061
26.756162
26.798680
25.407801
25.420041
25.422438
25.426323
25.500095
25.567883
25.628194
25.754224
25.865996
25.956683
26.105814
26.229720
26.327192
26.475266
26.594718
26.686006
25.344628
25.363000
25.354001
25.444547
25.429079
25.586854
25.633473
25.770843
25.865996
26.046087
26.094957
26.307224
26.379381
26.540287
26.627930
25.273870
25.278332
25.279780
25.360320
25.433114
25.499697
25.633472
25.754226
25.855815
26.013082
26.147466
26.253684
26.410041
26.540869
25.196482
25.287515
25.279620
25.370546
25.433117
25.586853
25.628194
25.833909
25.917403
26.080454
26.189976
26.383132
26.433479
25.197573
25.200928
25.279622
25.360316
25.429086
25.567882
25.692249
25.799597
25.961182
26.101927
26.212306
26.375666
25.197575
25.287513
25.279784
25.444542
25.500105
25.644388
25.749305
25.940099
25.999545
26.219873
26.305408
25.196488
25.278326
25.354007
25.426321
25.559886
25.688532
25.790404
25.956458
26.093394
26.209443
25.273875
25.362993
25.422448
25.576954
25.615428
25.821292
25.903676
26.068898
26.176163
25.344629
25.420041
25.479246
25.614566
25.730942
25.834814
25.987242
26.130071
25.407806
25.561569
25.604482
25.741688
25.832117
26.017837
26.064497
25.532038
25.590584
25.706919
25.824336
25.908048
26.063663
25.639352
25.781881
25.795219
25.988852
26.051590
25.728126
25.841689
25.934647
26.021798
25.868939
25.990815
26.050872
25.980333
26.074421
26.082103
26.200215
26.249167
26.140975
26.225984
26.153805
26.204374
26.187760
26.279228
26.231798
26.374229
26.367428
26.473396
26.509060
26.650217
26.637544
26.815234
26.821223
26.949303
26.974077
27.119227
27.073212
27.247543
27.193397
26.082100
26.074420
26.050844
26.021825
26.051562
26.063633
26.064526
26.130044
26.176101
26.209507
26.305345
26.375614
26.433531
26.540816
26.627846
26.686086
26.798597
26.876322
26.932596
27.019648
27.089738
27.117497
25.980329
25.990838
25.934634
25.988848
25.908078
26.017843
25.987196
26.068990
26.093346
26.219876
26.212356
26.383146
26.409964
26.540436
26.594642
26.756177
26.749422
26.939762
26.944664
27.075750
27.089737
25.868927
25.841683
25.795229
25.824322
25.832076
25.834861
25.903625
25.956427
25.999582
26.101893
26.189899
26.253764
26.379304
26.475211
26.550119
26.673218
26.766513
26.833353
26.944663
27.019647
25.728134
25.781880
25.706905
25.741731
25.730914
25.821292
25.790437
25.940105
25.961123
26.080571
26.147397
26.307234
26.327247
26.522595
26.564272
26.711086
26.766511
26.939763
26.932597
25.639344
25.590593
25.604464
25.614544
25.615448
25.688509
25.749253
25.799653
25.917344
26.013043
26.095002
26.229677
26.342146
26.427907
26.564270
26.673220
26.749416
26.876321
25.532037
25.561563
25.479263
25.576954
25.559847
25.644458
25.692204
25.833907
25.855860
26.046093
26.105744
26.255996
26.342147
26.522595
26.550116
26.756181
26.798589
25.407808
25.420033
25.422415
25.426354
25.500060
25.567853
25.628226
25.754191
25.865935
25.956754
26.105744
26.229675
26.327246
26.475211
26.594637
26.686093
25.344619
25.363018
25.353974
25.444541
25.429104
25.586850
25.633423
25.770936
25.865935
26.046092
26.095005
26.307230
26.379304
26.540436
26.627838
25.273860
25.278316
25.279785
25.360294
25.433074
25.499738
25.633422
25.754192
25.855859
26.013039
26.147402
26.253760
26.409963
26.540819
25.196487
25.287508
25.279589
25.370586
25.433074
25.586849
25.628225
25.833906
25.917345
26.080565
26.189902
26.383142
26.433529
25.197562
25.200936
25.279591
25.360291
25.429104
25.567851
25.692201
25.799653
25.961122
26.101889
26.212355
26.375613
25.197562
25.287504
25.279792
25.444532
25.500060
25.644458
25.749247
25.940105
25.999580
26.219873
26.305341
25.196486
25.278311
25.353983
25.426343
25.559848
25.688506
25.790437
25.956421
26.093344
26.209503
25.273862
25.363014
25.422416
25.576947
25.615451
25.821282
25.903633
26.068981
26.176099
25.344622
25.420028
25.479255
25.614546
25.730910
25.834854
25.987197
26.130039
25.407803
25.561559
25.604459
25.741729
25.832074
26.017840
26.064520
25.532028
25.590598
25.706898
25.824318
25.908076
26.063629
25.639341
25.781878
25.795226
25.988846
26.051554
25.728130
25.841677
25.934634
26.021821
25.868928
25.990832
26.050839
25.980326
26.074414
26.082097

