Tension at each vertex
26.711210
26.711213
26.711300
26.711297
21.667941
26.372845
21.667932
26.372848
21.162104
21.162232
27.399562
27.399754
26.478117
26.338669
25.984464
25.745597
25.294883
24.846892
24.239902
23.668966
22.905364
22.337769
21.721335
21.322936
21.008675
20.923933
20.795351
20.911620
20.924728
21.048162
21.117227
21.291881
21.303501
21.494313
21.516160
26.425571
26.194564
25.956543
25.573188
25.201804
24.705318
24.110691
23.479578
22.824842
22.150632
21.643015
21.238784
20.960685
20.849801
20.822104
20.823200
20.926550
21.016826
21.090063
21.221479
21.319568
21.408925
26.457361
26.250216
25.924446
25.649568
25.127829
24.703142
24.056520
23.436338
22.732338
22.172262
21.564345
21.267733
20.974155
20.886326
20.823025
20.918392
20.902736
21.082325
21.117819
21.262052
21.319561
26.421447
26.181134
25.868339
25.520434
25.107154
24.543536
23.980843
23.318578
22.634067
22.035667
21.542575
21.145140
20.956925
20.848320
20.798374
20.855452
20.931621
20.991006
21.117825
21.221481
26.402314
26.247717
25.890841
25.551112
25.064665
24.600972
23.900692
23.327019
22.606625
22.033929
21.507384
21.217694
20.919563
20.909923
20.828444
20.892854
20.931614
21.082326
21.090053
26.431422
26.125838
25.861660
25.478748
25.007289
24.481800
23.884236
23.183491
22.561370
21.958739
21.458860
21.137116
20.941064
20.816607
20.828448
20.855457
20.902739
21.016825
26.416517
26.240034
25.825561
25.534298
25.012902
24.501856
23.848986
23.252715
22.509863
22.008796
21.475785
21.173045
20.941046
20.909922
20.798364
20.918384
20.926549
26.389571
26.137958
25.846580
25.414223
24.990727
24.433227
23.800632
23.158927
22.523406
21.906113
21.475794
21.137120
20.919575
20.848323
20.823038
20.823195
26.417973
26.193887
25.832826
25.513090
24.951697
24.495116
23.817728
23.199267
22.523396
22.008799
21.458847
21.217690
20.956920
20.886305
20.822098
26.410168
26.135990
25.803020
25.425090
24.973940
24.387084
23.817737
23.158934
22.509871
21.958740
21.507404
21.145133
20.974169
20.849816
26.384086
26.213773
25.827929
25.475585
24.973931
24.495118
23.800621
23.252709
22.561371
22.033916
21.542570
21.267732
20.960668
26.411035
26.104771
25.827936
25.425095
24.951704
24.433230
23.849007
23.183489
22.606643
22.035679
21.564349
21.238789
26.411032
26.213773
25.803010
25.513084
24.990729
24.501841
23.884235
23.327018
22.634053
22.172255
21.643023
26.384088
26.135993
25.832842
25.414218
25.012920
24.481815
23.900698
23.318589
22.732369
22.150624
26.410170
26.193869
25.846583
25.534295
25.007275
24.600963
23.980855
23.436310
22.824849
26.417989
26.137969
25.825561
25.478758
25.064694
24.543528
24.056546
23.479602
26.389557
26.240024
25.861671
25.551077
25.107162
24.703138
24.110676
26.416538
26.125825
25.890865
25.520455
25.127829
24.705335
26.431435
26.247707
25.868320
25.649552
25.201824
26.402306
26.181152
25.924481
25.573172
26.421467
26.250157
25.956560
26.457392
26.194593
26.425548
26.600855
26.688371
26.577143
26.714626
26.598916
26.673390
26.613016
26.693805
26.581094
26.696835
26.608200
26.667390
26.608197
26.696839
26.581101
26.693812
26.613005
26.673430
26.598899
26.714642
26.577165
26.688393
26.600829
26.778323
26.980336
27.000549
27.189505
27.211472
27.321146
27.334202
27.437501
27.365249
27.457068
27.379217
27.379117
27.293973
27.290349
27.125042
27.126653
26.970355
26.906377
26.772473
26.737297
26.548208
26.541369
26.376669
26.761869
26.885107
27.035072
27.084862
27.211643
27.266420
27.306236
27.354337
27.387224
27.346032
27.367158
27.320982
27.252725
27.205288
27.139903
27.019869
26.964209
26.859477
26.744555
26.668615
26.574002
26.465073
26.807393
26.971787
27.045767
27.218835
27.204081
27.363295
27.348695
27.417580
27.395712
27.457366
27.345011
27.396525
27.279987
27.246728
27.135514
27.115246
26.935989
26.931044
26.770024
26.718365
26.573998
26.783177
26.919458
27.020904
27.129518
27.233367
27.252673
27.345353
27.362936
27.362766
27.373379
27.365917
27.288161
27.273335
27.195655
27.101232
27.039214
26.960303
26.833225
26.770006
26.668617
26.769538
27.005433
27.065363
27.200064
27.241689
27.374535
27.325220
27.448325
27.395361
27.425947
27.366910
27.392383
27.245869
27.269146
27.127455
27.083914
26.960304
26.931054
26.744569
26.806918
26.892490
27.058625
27.144559
27.212686
27.287087
27.350677
27.334199
27.388827
27.369561
27.333501
27.312417
27.271298
27.165945
27.127440
27.039221
26.935986
26.859460
26.795465
27.021008
27.037855
27.234535
27.248743
27.349104
27.354457
27.448493
27.362150
27.449333
27.361065
27.361892
27.271289
27.269154
27.101243
27.115236
26.964214
26.775217
26.924005
27.070934
27.119760
27.247367
27.292332
27.324644
27.363291
27.388768
27.339060
27.361052
27.312420
27.245873
27.195643
27.135508
27.019886
26.805439
26.991882
27.069051
27.241991
27.222104
27.381535
27.355590
27.420118
27.388762
27.449343
27.333510
27.392380
27.273338
27.246751
27.139887
26.801817
26.932574
27.044186
27.151764
27.251712
27.264724
27.355583
27.363295
27.362152
27.369546
27.366906
27.288171
27.279960
27.205284
26.776452
27.020235
27.073103
27.214175
27.251705
27.381542
27.324650
27.448489
27.388827
27.425973
27.365899
27.396539
27.252750
26.804808
26.904976
27.073101
27.151765
27.222109
27.292320
27.354453
27.334210
27.395341
27.373373
27.345025
27.320958
26.804801
27.020238
27.044187
27.241992
27.247362
27.349128
27.350661
27.448338
27.362782
27.457366
27.367150
26.776459
26.932567
27.069048
27.119769
27.248728
27.287081
27.325232
27.362913
27.395699
27.346055
26.801807
26.991903
27.070918
27.234546
27.212699
27.374539
27.345342
27.417630
27.387198
26.805430
26.923997
27.037868
27.144542
27.241676
27.252692
27.348667
27.354323
26.775223
27.021016
27.058610
27.200109
27.233343
27.363313
27.306259
26.795453
26.892506
27.065342
27.129504
27.204100
27.266392
26.806894
27.005449
27.020921
27.218846
27.211623
26.769556
26.919436
27.045746
27.084888
26.783151
26.971851
27.035040
26.807366
26.885085
26.761887
26.498608
26.512271
26.230338
26.204982
25.917667
25.778739
25.484259
25.294313
24.896051
24.681321
24.250564
23.938274
23.531833
23.222913
22.783798
22.561936
22.187246
21.979870
21.725566
21.595701
21.355846
21.344180
21.163311
21.509143
21.549266
21.561293
21.537906
21.553695
21.542837
21.491199
21.479525
21.441294
21.357853
21.325349
21.256310
21.159760
21.102102
21.036766
20.925874
20.894015
20.840456
20.796444
20.812594
20.904851
20.947887
21.440324
21.487441
21.445368
21.511366
21.406465
21.474107
21.384397
21.381198
21.297164
21.308320
21.156471
21.179200
21.051740
21.019129
20.914736
20.934089
20.803420
20.877205
20.861609
20.972732
21.061032
21.328181
21.340170
21.307692
21.324045
21.311262
21.257550
21.251660
21.211984
21.137622
21.106721
21.055136
20.963299
20.931958
20.881864
20.815953
20.811971
20.838249
20.845044
20.987799
21.144850
21.197241
21.282566
21.215595
21.236197
21.178304
21.216409
21.090646
21.137403
21.033413
21.017479
20.930824
20.951172
20.823688
20.882268
20.833561
20.894420
20.931439
21.149755
21.247855
21.117156
21.082936
21.096047
21.084256
21.033089
21.028517
21.000921
20.932055
20.919831
20.883936
20.824933
20.823074
20.830715
20.817669
20.908546
21.016512
21.165372
21.405665
21.004249
21.063022
20.957384
21.025699
20.948233
20.955005
20.889678
20.931409
20.813639
20.889048
20.827009
20.886559
20.892544
21.063965
21.110960
21.399898
21.621275
20.886295
20.903102
20.898311
20.852386
20.859955
20.851480
20.804951
20.827053
20.832064
20.829987
20.898131
20.990436
21.089968
21.287747
21.546006
21.806022
20.846863
20.869881
20.827925
20.892851
20.793211
20.890923
20.839098
20.910286
20.915387
21.069015
21.097376
21.342728
21.515991
21.820288
22.106923
20.826956
20.832771
20.806175
20.851470
20.869494
20.886097
20.957563
21.046494
21.137104
21.302196
21.527964
21.736988
22.072893
22.428084
20.849433
20.961765
20.924525
21.013708
21.025127
21.184249
21.208154
21.433733
21.580567
21.839045
22.085217
22.483813
22.749066
21.046615
21.073713
21.150682
21.249931
21.331108
21.488932
21.686325
21.863310
22.151808
22.456018
22.762817
23.142735
21.341087
21.501475
21.509107
21.729922
21.846293
22.075091
22.274971
22.619693
22.829783
23.249394
23.543619
21.783958
21.928165
22.084249
22.227952
22.465420
22.713299
22.955916
23.275496
23.602145
23.900848
22.397563
22.581594
22.718740
22.999134
23.139133
23.490162
23.710257
24.044527
24.296938
23.064535
23.233408
23.392119
23.630804
23.870617
24.099587
24.381077
24.667167
23.704773
23.962651
24.081258
24.337145
24.504787
24.825055
24.953730
24.368265
24.497287
24.675545
24.883165
25.040426
25.285510
24.895469
25.124296
25.161877
25.442768
25.537422
25.348203
25.495444
25.619233
25.759089
25.739378
25.914289
25.963186
26.055323
26.167039
26.265469
26.778354
26.980315
27.000527
27.189480
27.211509
27.321076
27.334224
27.437496
27.365227
27.457050
27.379251
27.379067
27.293991
27.290352
27.125028
27.126644
26.970379
26.906347
26.772481
26.737300
26.548207
26.541362
26.376682
26.264942
26.311466
26.204585
26.288326
26.217397
26.266986
26.251751
26.342000
26.295227
26.436694
26.430018
26.534506
26.570190
26.709831
26.697315
26.873842
26.881268
27.007584
27.035655
27.180111
27.137022
27.310849
27.260835
26.811463
26.950384
27.002988
27.066813
27.130612
27.208832
27.207126
27.292826
27.309696
27.327611
27.353276
27.388325
27.350254
27.391443
27.377784
27.355637
27.352614
27.361302
27.301509
27.320858
27.298471
27.273000
26.980266
27.122553
27.116736
27.266323
27.199500
27.354536
27.305923
27.393459
27.354144
27.455836
27.353609
27.460822
27.378599
27.423406
27.349663
27.422624
27.286427
27.377522
27.273228
27.315519
27.222091
27.072149
27.165755
27.175670
27.267569
27.289913
27.315557
27.344885
27.383917
27.348961
27.391850
27.376054
27.353771
27.346592
27.347766
27.279882
27.294430
27.257483
27.214085
27.199726
27.192704
27.156413
27.315906
27.278536
27.373580
27.341411
27.447714
27.350753
27.460092
27.381067
27.421811
27.350952
27.413059
27.277350
27.354443
27.245686
27.266569
27.176268
27.233391
27.091699
27.238520
27.285936
27.321990
27.370379
27.341215
27.392074
27.377755
27.357713
27.351977
27.347993
27.276135
27.286066
27.237638
27.186417
27.160116
27.139754
27.064400
27.067685
27.313465
27.422369
27.341487
27.456467
27.384092
27.428221
27.363598
27.419676
27.287255
27.355747
27.240865
27.248807
27.153701
27.188482
27.039055
27.100132
26.990000
27.316364
27.385603
27.374941
27.366813
27.365318
27.363956
27.293784
27.301539
27.245866
27.190656
27.152308
27.118462
27.027725
27.016504
26.962388
26.899234
27.380028
27.432064
27.381613
27.438874
27.315135
27.381674
27.267580
27.268987
27.168113
27.188673
27.032014
27.072468
26.947585
26.936524
26.845056
27.376108
27.386688
27.322831
27.338683
27.282430
27.228470
27.184247
27.144602
27.041796
27.018364
26.946150
26.866410
26.825633
26.779532
27.347483
27.421977
27.316799
27.318409
27.221689
27.235148
27.074329
27.102649
26.966994
26.935896
26.828562
26.829246
26.675425
27.333257
27.287561
27.249055
27.210092
27.104126
27.076794
26.992208
26.901011
26.843794
26.779035
26.671621
26.636561
27.296984
27.312349
27.158181
27.182986
27.044433
27.002703
26.887100
26.867920
26.696896
26.706771
26.571593
27.197245
27.174209
27.089995
26.995801
26.931314
26.854910
26.732159
26.682028
26.590547
26.487576
27.158052
27.118854
27.002913
26.977277
26.798486
26.795860
26.642430
26.583301
26.460827
27.061161
26.989412
26.860654
26.806528
26.699566
26.584869
26.507127
26.421605
26.947351
26.948899
26.787711
26.723734
26.588288
26.546811
26.358520
26.866851
26.752196
26.669074
26.572198
26.432371
26.358787
26.775092
26.732026
26.538741
26.515558
26.347407
26.634582
26.562608
26.444510
26.311474
26.566136
26.494835
26.341530
26.457190
26.348231
26.354795
26.681282
26.908605
26.843669
27.050419
27.024918
27.155331
27.145745
27.291493
27.218618
27.368493
27.317777
27.399960
27.355714
27.459689
27.351544
27.462503
27.380213
27.434518
27.357575
27.449215
27.311670
27.414791
27.305677
21.507184
21.989825
22.542320
23.176100
23.866838
24.470079
25.014544
25.522932
25.905924
26.210982
26.505369
26.706867
26.859956
27.030809
27.133100
27.200888
27.295747
27.332492
27.337569
27.378049
27.356808
27.328528
21.636371
22.256766
22.832813
23.561804
24.127339
24.842955
25.277700
25.780812
26.103801
26.461281
26.608677
26.905753
26.978505
27.156646
27.211842
27.352597
27.311141
27.451741
27.380646
27.442048
27.373930
21.870658
22.427860
23.089182
23.798458
24.426736
24.982027
25.505685
25.893914
26.206650
26.503012
26.708069
26.862552
27.033894
27.138011
27.203707
27.301066
27.334308
27.343641
27.376579
27.362237
22.023682
22.792332
23.382424
24.134414
24.716481
25.322986
25.687070
26.167725
26.383951
26.681767
26.834766
27.056068
27.087014
27.290654
27.282335
27.391749
27.378415
27.463302
27.361769
22.301766
22.962150
23.711540
24.358677
24.942328
25.476565
25.881839
26.197493
26.502453
26.709256
26.866418
27.039148
27.143105
27.212002
27.305250
27.345191
27.346286
27.383737
22.584077
23.362364
23.976116
24.741019
25.213652
25.741931
26.083600
26.454637
26.608544
26.911098
26.986495
27.166556
27.221526
27.365054
27.322782
27.460298
27.390433
22.862247
23.622287
24.305015
24.898189
25.456538
25.866490
26.193583
26.498490
26.711589
26.868736
27.043574
27.150372
27.217850
27.313539
27.349997
27.350961
23.202487
23.988636
24.621263
25.262988
25.651754
26.149411
26.378258
26.681716
26.838824
27.063832
27.096170
27.299956
27.295569
27.400292
27.387389
23.561817
24.258906
24.872671
25.435477
25.859894
26.184880
26.497109
26.709455
26.870608
27.044594
27.154446
27.220689
27.316593
27.352166
23.875189
24.665832
25.173506
25.714273
26.070788
26.449310
26.608267
26.912539
26.992774
27.171328
27.228760
27.370916
27.329422
24.240276
24.857473
25.428596
25.853996
26.184411
26.493922
26.711980
26.869094
27.047234
27.154450
27.223943
27.315864
24.590782
25.243792
25.643802
26.142656
26.379946
26.680607
26.840790
27.065278
27.098770
27.299951
27.299337
24.865270
25.431092
25.857036
26.181990
26.493470
26.708288
26.868848
27.042412
27.155996
27.219833
25.189277
25.721550
26.076997
26.453180
26.610925
26.911488
26.993843
27.168515
27.226451
25.450399
25.866932
26.187576
26.491975
26.709336
26.863056
27.041089
27.148890
25.673151
26.157176
26.388638
26.682567
26.838563
27.062113
27.091805
25.887015
26.194264
26.494625
26.705220
26.861143
27.031447
26.104933
26.469624
26.613134
26.908476
26.983885
26.207731
26.494698
26.703691
26.850414
26.408827
26.693812
26.829960
26.494238
26.692180
26.626099
26.600858
26.688373
26.577145
26.714628
26.598917
26.673391
26.613018
26.693806
26.581094
26.696835
26.608198
26.667389
26.608196
26.696837
26.581101
26.693812
26.613004
26.673430
26.598899
26.714641
26.577163
26.688391
26.600827
26.478073
26.338700
25.984477
25.745619
25.294865
24.846958
24.239884
23.668998
22.905377
22.337779
21.721310
21.322954
21.008632
20.923922
20.795324
20.911600
20.924695
21.048157
21.117196
21.291870
21.303483
21.494302
21.516143
26.425552
26.194601
25.956572
25.573189
25.201847
24.705361
24.110704
23.479626
22.824867
22.150629
21.643014
21.238769
20.960640
20.849779
20.822066
20.823163
20.926521
21.016803
21.090032
21.221465
21.319546
21.408913
26.457397
26.250166
25.924495
25.649570
25.127852
24.703164
24.056574
23.436333
22.732385
22.172255
21.564339
21.267707
20.974140
20.886279
20.823010
20.918356
20.902716
21.082304
21.117805
21.262036
21.319554
26.421472
26.181160
25.868334
25.520473
25.107186
24.543554
23.980883
23.318611
22.634069
22.035681
21.542558
21.145111
20.956894
20.848288
20.798332
20.855428
20.931585
20.990985
21.117798
21.221462
26.402311
26.247715
25.890879
25.551095
25.064718
24.600989
23.900727
23.327042
22.606656
22.033915
21.507390
21.217665
20.919539
20.909893
20.828422
20.892826
20.931600
21.082305
21.090044
26.431439
26.125833
25.861685
25.478777
25.007299
24.481842
23.884262
23.183511
22.561384
21.958741
21.458835
21.137099
20.941022
20.816577
20.828413
20.855425
20.902708
21.016804
26.416543
26.240034
25.825575
25.534314
25.012943
24.501868
23.849035
23.252733
22.509885
22.008800
21.475780
21.173023
20.941029
20.909891
20.798349
20.918364
20.926528
26.389562
26.137977
25.846596
25.414237
24.990754
24.433257
23.800649
23.158956
22.523407
21.906114
21.475773
21.137094
20.919539
20.848295
20.822996
20.823175
26.417992
26.193877
25.832857
25.513103
24.951728
24.495145
23.817764
23.199290
22.523420
22.008799
21.458847
21.217676
20.956895
20.886294
20.822078
26.410175
26.136001
25.803025
25.425113
24.973955
24.387111
23.817756
23.158950
22.509876
21.958740
21.507374
21.145118
20.974133
20.849781
26.384094
26.213780
25.827950
25.475603
24.973965
24.495143
23.800659
23.252737
22.561383
22.033933
21.542565
21.267716
20.960663
26.411036
26.104777
25.827943
25.425108
24.951721
24.433253
23.849013
23.183514
22.606640
22.035669
21.564338
21.238767
26.411041
26.213780
25.803033
25.513107
24.990750
24.501882
23.884262
23.327040
22.634082
22.172267
21.643011
26.384090
26.135996
25.832839
25.414241
25.012924
24.481825
23.900718
23.318599
22.732356
22.150638
26.410171
26.193894
25.846593
25.534314
25.007310
24.600995
23.980868
23.436360
22.824859
26.417976
26.137965
25.825572
25.478763
25.064685
24.543558
24.056544
23.479600
26.389573
26.240040
25.861670
25.551126
25.107174
24.703163
24.110715
26.416518
26.125844
25.890851
25.520447
25.127847
24.705338
26.431424
26.247722
25.868348
25.649580
25.201820
26.402315
26.181138
25.924453
25.573199
26.421448
26.250220
25.956551
26.457361
26.194567
26.425571
26.778355
26.980313
27.000524
27.189476
27.211505
27.321073
27.334220
27.437492
27.365224
27.457048
27.379250
27.379064
27.293990
27.290353
27.125031
27.126643
26.970384
26.906353
26.772485
26.737307
26.548212
26.541365
26.376688
26.761883
26.885081
27.035034
27.084882
27.211617
27.266387
27.306255
27.354319
27.387195
27.346052
27.367150
27.320957
27.252748
27.205284
27.139890
27.019885
26.964217
26.859465
26.744572
26.668623
26.574004
26.465076
26.807362
26.971846
27.045740
27.218841
27.204094
27.363309
27.348662
27.417625
27.395696
27.457363
27.345024
27.396538
27.279964
27.246756
27.135511
27.115243
26.935994
26.931056
26.770013
26.718369
26.574005
26.783147
26.919432
27.020915
27.129499
27.233336
27.252687
27.345337
27.362910
27.362781
27.373371
27.365899
27.288174
27.273339
27.195642
27.101246
27.039221
26.960302
26.833229
26.770027
26.668617
26.769552
27.005445
27.065336
27.200104
27.241670
27.374534
27.325228
27.448334
27.395338
27.425971
27.366906
27.392379
27.245872
27.269157
27.127443
27.083917
26.960313
26.931048
26.744561
26.806891
26.892503
27.058604
27.144537
27.212693
27.287075
27.350656
27.334205
27.388825
27.369545
27.333509
27.312422
27.271294
27.165947
27.127458
27.039219
26.935989
26.859478
26.795449
27.021012
27.037862
27.234540
27.248723
27.349122
27.354450
27.448486
27.362151
27.449340
27.361052
27.361893
27.271296
27.269146
27.101235
27.115245
26.964214
26.775219
26.923993
27.070914
27.119763
27.247358
27.292315
27.324646
27.363290
27.388759
27.339058
27.361064
27.312416
27.245872
27.195660
27.135517
27.019876
26.805429
26.991899
27.069044
27.241985
27.222105
27.381535
27.355579
27.420114
27.388767
27.449332
27.333501
27.392386
27.273336
27.246727
27.139906
26.801804
26.932562
27.044184
27.151758
27.251701
27.264717
27.355587
27.363287
27.362147
27.369558
27.366910
27.288159
27.279986
27.205291
26.776458
27.020232
27.073098
27.214168
27.251708
27.381528
27.324641
27.448488
27.388824
27.425946
27.365916
27.396525
27.252730
26.804801
26.904970
27.073099
27.151757
27.222100
27.292325
27.354453
27.334196
27.395359
27.373376
27.345011
27.320982
26.804807
27.020229
27.044183
27.241985
27.247363
27.349098
27.350674
27.448321
27.362763
27.457363
27.367158
26.776451
26.932569
27.069047
27.119754
27.248738
27.287082
27.325215
27.362931
27.395710
27.346030
26.801816
26.991878
27.070930
27.234530
27.212681
27.374530
27.345348
27.417577
27.387223
26.805437
26.924002
27.037850
27.144555
27.241683
27.252669
27.348691
27.354332
26.775215
27.021006
27.058620
27.200060
27.233362
27.363291
27.306231
26.795463
26.892488
27.065358
27.129515
27.204075
27.266415
26.806916
27.005431
27.020900
27.218831
27.211638
26.769536
26.919456
27.045763
27.084857
26.783176
26.971784
27.035069
26.807392
26.885105
26.761870
26.478122
26.338678
25.984476
25.745614
25.294904
24.846917
24.239929
23.668992
22.905382
22.337775
21.721329
21.322917
21.008650
20.923909
20.795317
20.911592
20.924702
21.048138
21.117208
21.291863
21.303487
21.494301
21.516148
21.619818
21.722093
21.637439
21.736476
21.672246
21.700108
21.637646
21.677065
21.544561
21.583533
21.464468
21.433384
21.318911
21.308292
21.130600
21.137966
20.994365
20.962241
20.854485
20.901434
20.801512
20.935518
20.954406
26.265477
26.167049
25.963198
25.759105
25.537441
25.285529
24.953753
24.667190
24.296958
23.900868
23.543632
23.142742
22.749074
22.428080
22.106913
21.806013
21.621266
21.405654
21.247845
21.144840
21.061026
20.947882
26.055334
25.914304
25.619248
25.442787
25.040449
24.825077
24.381100
24.044548
23.602161
23.249409
22.762821
22.483809
22.072890
21.820277
21.545988
21.399881
21.165358
21.149742
20.987788
20.972722
20.904844
25.739394
25.495463
25.161899
24.883188
24.504813
24.099610
23.710279
23.275514
22.829792
22.456025
22.085213
21.736975
21.515981
21.287734
21.110941
21.016489
20.931417
20.845023
20.861593
20.812582
25.348223
25.124319
24.675570
24.337169
23.870642
23.490180
22.955930
22.619700
22.151805
21.839039
21.527952
21.342706
21.089948
21.063950
20.908532
20.894403
20.838229
20.877186
20.796428
24.895495
24.497313
24.081284
23.630827
23.139153
22.713310
22.274973
21.863306
21.580554
21.302178
21.097359
20.990415
20.892520
20.817650
20.833550
20.811965
20.803417
20.840453
24.368291
23.962677
23.392141
22.999148
22.465429
22.075090
21.686314
21.433717
21.137083
21.068988
20.898103
20.886535
20.830693
20.882245
20.815928
20.934068
20.894000
23.704800
23.233429
22.718755
22.227955
21.846287
21.488919
21.208134
21.046472
20.915368
20.829966
20.826984
20.823053
20.823674
20.881855
20.914729
20.925867
23.064554
22.581605
22.084251
21.729911
21.331091
21.184224
20.957534
20.910256
20.832037
20.889027
20.824913
20.951150
20.931941
21.019117
21.036757
22.397571
21.928163
21.509096
21.249910
21.025105
20.886071
20.839069
20.827026
20.813612
20.883913
20.930807
20.963283
21.051725
21.102090
21.783952
21.501458
21.150658
21.013677
20.869465
20.890898
20.804924
20.931387
20.919812
21.017461
21.055120
21.179189
21.159751
21.341070
21.073690
20.924498
20.851436
20.793178
20.851453
20.889651
20.932031
21.033395
21.106706
21.156457
21.256298
21.046584
20.961737
20.806148
20.892825
20.859928
20.954984
21.000903
21.137386
21.137608
21.308310
21.325340
20.849398
20.832737
20.827893
20.852358
20.948207
21.028497
21.090628
21.211968
21.297151
21.357842
20.826927
20.869853
20.898286
21.025677
21.033069
21.216391
21.251646
21.381186
21.441284
20.846834
20.903074
20.957361
21.084236
21.178287
21.257535
21.384385
21.479515
20.886268
21.062998
21.096027
21.236180
21.311247
21.474095
21.491188
21.004228
21.082917
21.215578
21.324030
21.406453
21.542827
21.117135
21.282548
21.307677
21.511354
21.553686
21.197225
21.340156
21.445357
21.537896
21.328166
21.487429
21.561281
21.440312
21.549256
21.509131
26.681284
26.908605
26.843668
27.050418
27.024917
27.155328
27.145742
27.291492
27.218617
27.368488
27.317775
27.399959
27.355713
27.459684
27.351537
27.462497
27.380209
27.434514
27.357573
27.449213
27.311669
27.414790
27.305677
26.354800
26.348236
26.341537
26.311478
26.347413
26.358794
26.358521
26.421613
26.460828
26.487578
26.571596
26.636560
26.675436
26.779526
26.845067
26.899232
26.989997
27.067688
27.091699
27.192701
27.222091
27.273000
26.457192
26.494839
26.444512
26.515561
26.432374
26.546812
26.507131
26.583303
26.590550
26.706775
26.671619
26.829255
26.825630
26.936530
26.962390
27.100126
27.064402
27.233393
27.199720
27.315518
27.298469
26.566141
26.562611
26.538748
26.572202
26.588293
26.584875
26.642431
26.682034
26.696899
26.779037
26.828567
26.866410
26.947588
27.016512
27.039050
27.139756
27.176272
27.214078
27.273226
27.320856
26.634583
26.732032
26.669078
26.723733
26.699572
26.795860
26.732163
26.867921
26.843797
26.935899
26.946148
27.072470
27.027730
27.188482
27.160112
27.266575
27.257476
27.377517
27.301505
26.775096
26.752201
26.787714
26.806533
26.798490
26.854915
26.887101
26.901013
26.967001
27.018362
27.032017
27.118463
27.153705
27.186413
27.245691
27.294427
27.286421
27.361298
26.866852
26.948903
26.860659
26.977275
26.931319
27.002706
26.992206
27.102656
27.041793
27.188678
27.152305
27.248811
27.237635
27.354442
27.279881
27.422618
27.352606
26.947349
26.989420
27.002913
26.995804
27.044440
27.076793
27.074332
27.144603
27.168116
27.190659
27.240864
27.286067
27.277348
27.347766
27.349660
27.355629
27.061164
27.118858
27.089995
27.182988
27.104126
27.235150
27.184246
27.268986
27.245870
27.355745
27.276133
27.413059
27.346587
27.423405
27.377776
27.158054
27.174211
27.158185
27.210093
27.221693
27.228471
27.267580
27.301540
27.287259
27.347989
27.350953
27.353767
27.378598
27.391439
27.197244
27.312353
27.249053
27.318408
27.282432
27.381674
27.293782
27.419677
27.351974
27.421809
27.376051
27.460818
27.350250
27.296985
27.287563
27.316798
27.338685
27.315135
27.363955
27.363598
27.357712
27.381066
27.391849
27.353606
27.388322
27.333257
27.421976
27.322830
27.438873
27.365316
27.428221
27.377752
27.460089
27.348958
27.455834
27.353271
27.347483
27.386686
27.381612
27.366812
27.384091
27.392072
27.350751
27.383913
27.354143
27.327608
27.376105
27.432063
27.374938
27.456464
27.341213
27.447711
27.344880
27.393456
27.309694
27.380026
27.385600
27.341484
27.370376
27.341408
27.315553
27.305919
27.292824
27.316360
27.422365
27.321986
27.373576
27.289910
27.354532
27.207121
27.313461
27.285932
27.278533
27.267564
27.199498
27.208828
27.238515
27.315903
27.175666
27.266318
27.130610
27.156409
27.165751
27.116733
27.066810
27.072145
27.122551
27.002985
26.980265
26.950383
26.811462
26.498612
26.512278
26.230344
26.204993
25.917680
25.778753
25.484277
25.294332
24.896069
24.681343
24.250580
23.938284
23.531845
23.222915
22.783795
22.561933
22.187238
21.979858
21.725553
21.595692
21.355838
21.344175
21.163309
21.339369
21.810443
22.247707
22.973820
23.523877
24.237443
24.786149
25.366616
25.714507
26.181723
26.390209
26.681656
26.832235
27.049863
27.081458
27.283906
27.276218
27.385030
27.374329
27.457745
27.363081
27.458559
27.337451
26.626102
26.692180
26.829961
26.850414
26.983883
27.031445
27.091805
27.148887
27.226447
27.219831
27.299336
27.315859
27.329414
27.352158
27.387384
27.350955
27.390427
27.383730
27.361762
27.362230
27.373926
27.328525
26.494242
26.693816
26.703694
26.908476
26.861145
27.062115
27.041088
27.168512
27.155998
27.299951
27.223940
27.370909
27.316590
27.400289
27.349994
27.460292
27.346279
27.463295
27.376574
27.442044
27.356807
26.408834
26.494703
26.613137
26.705222
26.838567
26.863055
26.993842
27.042415
27.098770
27.154444
27.228755
27.220685
27.295565
27.313532
27.322774
27.345181
27.378407
27.343633
27.380641
27.378045
26.207740
26.469630
26.494632
26.682572
26.709339
26.911490
26.868855
27.065278
27.047231
27.171325
27.154447
27.299954
27.217846
27.365046
27.305244
27.391743
27.334304
27.451737
27.337569
26.104943
26.194274
26.388646
26.491978
26.610930
26.708295
26.840791
26.869090
26.992773
27.044593
27.096168
27.150365
27.221519
27.211994
27.282329
27.301060
27.311138
27.332489
25.887030
26.157188
26.187585
26.453188
26.493481
26.680609
26.711980
26.912541
26.870612
27.063830
27.043571
27.166551
27.143103
27.290651
27.203706
27.352594
27.295747
25.673167
25.866942
26.077010
26.182002
26.379950
26.493924
26.608273
26.709458
26.838823
26.868732
26.986492
27.039144
27.087012
27.138008
27.211841
27.200886
25.450415
25.721566
25.857051
26.142661
26.184419
26.449318
26.497116
26.681716
26.711589
26.911097
26.866419
27.056068
27.033895
27.156645
27.133101
25.189297
25.431108
25.643812
25.854005
26.070799
26.184886
26.378260
26.498490
26.608545
26.709255
26.834766
26.862551
26.978505
27.030808
24.865289
25.243802
25.428612
25.714286
25.859904
26.149415
26.193589
26.454640
26.502457
26.681768
26.708071
26.905754
26.859958
24.590796
24.857490
25.173520
25.435485
25.651761
25.866496
26.083606
26.197496
26.383953
26.503012
26.608678
26.706866
24.240293
24.665844
24.872683
25.262996
25.456549
25.741937
25.881845
26.167728
26.206654
26.461282
26.505371
23.875198
24.258914
24.621273
24.898197
25.213659
25.476569
25.687073
25.893915
26.103802
26.210982
23.561822
23.988642
24.305026
24.741024
24.942334
25.322990
25.505690
25.780814
25.905926
23.202491
23.622289
23.976118
24.358680
24.716484
24.982029
25.277703
25.522932
22.862245
23.362362
23.711540
24.134417
24.426741
24.842957
25.014547
22.584068
22.962144
23.382425
23.798458
24.127342
24.470079
22.301759
22.792329
23.089183
23.561806
23.866840
22.023676
22.427857
22.832813
23.176099
21.870655
22.256765
22.542321
21.636369
21.989823
21.507184
26.478074
26.338697
25.984472
25.745609
25.294851
24.846939
24.239862
23.668976
22.905359
22.337771
21.721313
21.322966
21.008655
20.923951
20.795350
20.911626
20.924719
21.048176
21.117215
21.291885
21.303497
21.494314
21.516154
21.619827
21.722104
21.637453
21.736488
21.672252
21.700139
21.637645
21.677086
21.544582
21.583556
21.464468
21.433444
21.318905
21.308330
21.130631
21.138006
20.994360
20.962333
20.854473
20.901490
20.801548
20.935578
20.954380
26.265493
26.167004
25.963149
25.759102
25.537395
25.285453
24.953754
24.667119
24.296888
23.900849
23.543578
23.142661
22.749081
22.428022
22.106866
21.806022
21.621242
21.405609
21.247882
21.144811
21.061002
20.947912
26.055293
25.914360
25.619209
25.442777
25.040451
24.825072
24.381037
24.044592
23.602113
23.249398
22.762832
22.483824
22.072853
21.820360
21.545975
21.399915
21.165405
21.149795
20.987776
20.972834
20.904835
25.739356
25.495398
25.161897
24.883124
24.504749
24.099587
23.710226
23.275437
22.829794
22.455971
22.085171
21.736986
21.515964
21.287701
21.110984
21.016472
20.931404
20.845060
20.861584
20.812564
25.348224
25.124314
24.675513
24.337202
23.870593
23.490163
22.955933
22.619707
22.151770
21.839111
21.527945
21.342740
21.089999
21.064003
20.908532
20.894510
20.838234
20.877238
20.796476
24.895440
24.497288
24.081233
23.630752
23.139147
22.713256
22.274933
21.863312
21.580541
21.302151
21.097403
20.990407
20.892517
20.817691
20.833552
20.811953
20.803459
20.840445
24.368247
23.962654
23.392135
22.999144
22.465391
22.075145
21.686307
21.433745
21.137132
21.069039
20.898110
20.886634
20.830708
20.882294
20.815979
20.934123
20.894000
23.704784
23.233373
22.718710
22.227949
21.846272
21.488892
21.208173
21.046469
20.915371
20.830008
20.826996
20.823046
20.823720
20.881854
20.914724
20.925899
23.064513
22.581635
22.084237
21.729928
21.331130
21.184270
20.957544
20.910345
20.832059
20.889074
20.824967
20.951203
20.931946
21.019201
21.036764
22.397546
21.928129
21.509121
21.249906
21.025111
20.886109
20.839088
20.827026
20.813660
20.883918
20.930809
20.963316
21.051728
21.102078
21.783974
21.501489
21.150669
21.013751
20.869493
20.890943
20.804980
20.931438
20.919826
21.017538
21.055134
21.179225
21.159790
21.341070
21.073718
20.924520
20.851442
20.793227
20.851463
20.889662
20.932064
21.033405
21.106700
21.156490
21.256294
21.046613
20.961776
20.806203
20.892873
20.859951
20.955054
21.000924
21.137421
21.137648
21.308346
21.325343
20.849442
20.832752
20.827912
20.852391
20.948225
21.028497
21.090663
21.211969
21.297151
21.357863
20.826957
20.869914
20.898316
21.025712
21.033111
21.216426
21.251656
21.381238
21.441293
20.846859
20.903083
20.957397
21.084244
21.178295
21.257556
21.384391
21.479509
20.886313
21.063034
21.096045
21.236226
21.311264
21.474117
21.491216
21.004244
21.082937
21.215593
21.324030
21.406476
21.542827
21.117162
21.282570
21.307706
21.511375
21.553693
21.197248
21.340162
21.445363
21.537909
21.328183
21.487454
21.561294
21.440324
21.549258
21.509149
26.681240
26.908638
26.843697
27.050435
27.024890
27.155431
27.145696
27.291528
27.218669
27.368504
27.317746
27.400088
27.355658
27.459723
27.351603
27.462515
27.380172
27.434666
27.357512
27.449259
27.311738
27.414826
27.305628
26.354806
26.348222
26.341521
26.311487
26.347399
26.358759
26.358551
26.421581
26.460795
26.487611
26.571567
26.636508
26.675490
26.779478
26.845019
26.899281
26.989955
27.067621
27.091765
27.192639
27.222030
27.273047
26.457177
26.494860
26.444501
26.515555
26.432397
26.546818
26.507096
26.583372
26.590519
26.706776
26.671661
26.829271
26.825576
26.936646
26.962343
27.100142
27.064456
27.233428
27.199651
27.315675
27.298413
26.566140
26.562582
26.538768
26.572178
26.588265
26.584897
26.642410
26.681988
26.696943
26.778997
26.828523
26.866453
26.947553
27.016450
27.039111
27.139703
27.176214
27.214130
27.273182
27.320774
26.634592
26.732038
26.669050
26.723782
26.699552
26.795857
26.732196
26.867934
26.843751
26.935995
26.946110
27.072478
27.027780
27.188510
27.160050
27.266712
27.257427
27.377539
27.301566
26.775077
26.752211
26.787703
26.806494
26.798522
26.854884
26.887064
26.901046
26.966973
27.018307
27.032070
27.118418
27.153653
27.186461
27.245652
27.294354
27.286488
27.361237
26.866842
26.948895
26.860681
26.977287
26.931282
27.002780
26.992176
27.102659
27.041837
27.188700
27.152250
27.248929
27.237593
27.354457
27.279939
27.422655
27.352541
26.947371
26.989400
27.002884
26.995827
27.044420
27.076745
27.074376
27.144565
27.168070
27.190701
27.240831
27.286002
27.277409
27.347714
27.349604
27.355676
27.061136
27.118908
27.089976
27.182988
27.104161
27.235169
27.184200
27.269085
27.245837
27.355754
27.276185
27.413090
27.346528
27.423540
27.377735
27.158045
27.174173
27.158216
27.210064
27.221654
27.228504
27.267553
27.301483
27.287311
27.347946
27.350901
27.353812
27.378565
27.391364
27.197267
27.312369
27.249017
27.318485
27.282408
27.381679
27.293827
27.419704
27.351923
27.421926
27.376017
27.460831
27.350310
27.296957
27.287587
27.316780
27.338638
27.315177
27.363921
27.363552
27.357751
27.381037
27.391784
27.353665
27.388273
27.333243
27.421980
27.322865
27.438897
27.365276
27.428318
27.377726
27.460100
27.349011
27.455868
27.353217
27.347513
27.386664
27.381576
27.366844
27.384068
27.392019
27.350800
27.383874
27.354095
27.327649
27.376075
27.432138
27.374920
27.456474
27.341259
27.447742
27.344836
27.393569
27.309666
27.380011
27.385561
27.341522
27.370346
27.341366
27.315590
27.305893
27.292765
27.316395
27.422392
27.321952
27.373672
27.289889
27.354548
27.207171
27.313429
27.285963
27.278510
27.267517
27.199540
27.208793
27.238500
27.315919
27.175709
27.266352
27.130571
27.156440
27.165724
27.116692
27.066841
27.072117
27.122641
27.002965
26.980237
26.950339
26.811494
26.498584
26.512291
26.230366
26.205009
25.917631
25.778817
25.484234
25.294321
24.896077
24.681342
24.250514
23.938342
23.531798
23.222910
22.783812
22.561952
22.187196
21.979948
21.725530
21.595726
21.355877
21.344228
21.163285
21.339320
21.810483
22.247704
22.973847
23.523788
24.237535
24.786071
25.366626
25.714513
26.181759
26.390119
26.681786
26.832169
27.049885
27.081489
27.283956
27.276123
27.385189
27.374259
27.457775
27.363119
27.458623
27.337351
26.626121
26.692140
26.829927
26.850453
26.983829
27.031420
27.091841
27.148840
27.226404
27.219886
27.299265
27.315826
27.329457
27.352098
27.387326
27.351019
27.390342
27.383686
27.361807
27.362162
27.373854
27.328589
26.494208
26.693903
26.703647
26.908508
26.861184
27.062131
27.041059
27.168630
27.155947
27.299991
27.223999
27.370928
27.316557
27.400432
27.349934
27.460338
27.346348
27.463321
27.376531
27.442212
27.356735
26.408779
26.494673
26.613161
26.705176
26.838526
26.863100
26.993778
27.042385
27.098807
27.154389
27.228702
27.220745
27.295483
27.313496
27.322815
27.345118
27.378340
27.343703
27.380544
27.378004
26.207761
26.469638
26.494596
26.682670
26.709286
26.911525
26.868900
27.065296
27.047199
27.171455
27.154390
27.299999
27.217908
27.365069
27.305206
27.391899
27.334237
27.451791
27.337635
26.104893
26.194302
26.388582
26.491946
26.610955
26.708244
26.840741
26.869141
26.992698
27.044560
27.096203
27.150307
27.221457
27.212059
27.282237
27.301023
27.311175
27.332424
25.886973
26.157206
26.187610
26.453197
26.493443
26.680718
26.711923
26.912580
26.870662
27.063851
27.043535
27.166693
27.143040
27.290701
27.203768
27.352620
27.295707
25.673167
25.866887
26.076953
26.182035
26.379876
26.493888
26.608296
26.709402
26.838765
26.868786
26.986406
27.039109
27.087044
27.137947
27.211774
27.200950
25.450365
25.721642
25.856988
26.142683
26.184450
26.449330
26.497076
26.681836
26.711529
26.911141
26.866471
27.056091
27.033857
27.156792
27.133037
25.189213
25.431063
25.643813
25.853946
26.070735
26.184924
26.378176
26.498452
26.608566
26.709196
26.834702
26.862607
26.978414
27.030770
24.865295
25.243794
25.428561
25.714374
25.859839
26.149443
26.193625
26.454655
26.502416
26.681897
26.708009
26.905799
26.860012
24.590720
24.857505
25.173430
25.435439
25.651763
25.866434
26.083536
26.197536
26.383864
26.502973
26.608699
26.706805
24.240220
24.665850
24.872695
25.262995
25.456498
25.742038
25.881781
26.167761
26.206695
26.461300
26.505331
23.875182
24.258847
24.621194
24.898217
25.213565
25.476522
25.687076
25.893852
26.103732
26.211024
23.561768
23.988714
24.304954
24.741038
24.942354
25.322996
25.505642
25.780923
25.905863
23.202405
23.622240
23.976104
24.358612
24.716403
24.982052
25.277609
25.522886
22.862256
23.362363
23.711486
24.134501
24.426674
24.842979
25.014572
22.584002
22.962161
23.382333
23.798405
24.127330
24.470013
22.301707
22.792352
23.089200
23.561814
23.866790
22.023679
22.427806
22.832739
23.176116
21.870622
22.256861
22.542271
21.636311
21.989786
21.507215
26.498583
26.512291
26.230369
26.205012
25.917635
25.778824
25.484242
25.294329
24.896090
24.681352
24.250530
23.938359
23.531809
23.222928
22.783830
22.561964
22.187208
21.979960
21.725541
21.595733
21.355881
21.344229
21.163287
21.509139
21.549248
21.561285
21.537899
21.553685
21.542819
21.491208
21.479501
21.441285
21.357857
21.325335
21.256288
21.159782
21.102076
21.036756
20.925892
20.894002
20.840434
20.796482
20.812568
20.904836
20.947912
21.440311
21.487443
21.445352
21.511365
21.406465
21.474106
21.384382
21.381229
21.297144
21.308335
21.156483
21.179216
21.051722
21.019194
20.914713
20.934124
20.803446
20.877244
20.861587
20.972835
21.061003
21.328170
21.340149
21.307693
21.324018
21.311252
21.257546
21.251645
21.211960
21.137637
21.106692
21.055124
20.963308
20.931941
20.881838
20.815983
20.811941
20.838236
20.845066
20.987778
21.144813
21.197231
21.282556
21.215577
21.236212
21.178281
21.216413
21.090650
21.137408
21.033393
21.017528
20.930798
20.951196
20.823706
20.882294
20.833540
20.894506
20.931409
21.149796
21.247884
21.117145
21.082921
21.096029
21.084228
21.033096
21.028484
21.000907
20.932055
20.919810
20.883907
20.824955
20.823039
20.830701
20.817684
20.908524
21.016477
21.165408
21.405614
21.004223
21.063015
20.957378
21.025692
20.948210
20.955035
20.889649
20.931420
20.813649
20.889059
20.826986
20.886626
20.892512
21.063995
21.110985
21.399922
21.621245
20.886290
20.903063
20.898294
20.852374
20.859930
20.851447
20.804963
20.827013
20.832047
20.829992
20.898106
20.990400
21.089998
21.287699
21.545985
21.806030
20.846837
20.869890
20.827890
20.892851
20.793211
20.890922
20.839073
20.910334
20.915354
21.069035
21.097395
21.342743
21.515963
21.820368
22.106880
20.826929
20.832734
20.806177
20.851425
20.869474
20.886091
20.957536
21.046458
21.137125
21.302149
21.527945
21.736995
22.072861
22.428035
20.849422
20.961754
20.924497
21.013738
21.025093
21.184260
21.208166
21.433741
21.580543
21.839114
22.085180
22.483839
22.749091
21.046596
21.073700
21.150657
21.249895
21.331124
21.488888
21.686310
21.863316
22.151782
22.455978
22.762849
23.142677
21.341059
21.501480
21.509115
21.729927
21.846274
22.075150
22.274942
22.619718
22.829809
23.249410
23.543592
21.783975
21.928132
22.084242
22.227959
22.465402
22.713269
22.955949
23.275451
23.602130
23.900861
22.397556
22.581647
22.718723
22.999161
23.139163
23.490181
23.710241
24.044608
24.296903
23.064532
23.233392
23.392155
23.630772
23.870611
24.099605
24.381053
24.667132
23.704805
23.962675
24.081253
24.337221
24.504764
24.825087
24.953764
24.368269
24.497306
24.675531
24.883140
25.040464
25.285464
24.895457
25.124329
25.161911
25.442788
25.537403
25.348237
25.495408
25.619219
25.759108
25.739365
25.914366
25.963155
26.055297
26.167006
26.265493
26.778319
26.980332
27.000544
27.189499
27.211467
27.321141
27.334197
27.437498
27.365247
27.457066
27.379217
27.379117
27.293978
27.290350
27.125044
27.126659
26.970356
26.906377
26.772477
26.737298
26.548212
26.541372
26.376674
26.264947
26.311465
26.204601
26.288331
26.217382
26.267032
26.251734
26.342002
26.295263
26.436708
26.429980
26.534598
26.570153
26.709842
26.697365
26.873866
26.881210
27.007721
27.035598
27.180141
27.137075
27.310900
27.260757
26.811490
26.950333
27.002961
27.066837
27.130566
27.208789
27.207168
27.292760
27.309663
27.327647
27.353218
27.388273
27.350310
27.391366
27.377742
27.355683
27.352548
27.361241
27.301570
27.320776
27.298415
27.273047
26.980231
27.122635
27.116686
27.266348
27.199534
27.354543
27.305890
27.393565
27.354090
27.455866
27.353664
27.460833
27.378564
27.423540
27.349606
27.422661
27.286495
27.377545
27.273184
27.315676
27.222031
27.072112
27.165718
27.175704
27.267513
27.289885
27.315587
27.344834
27.383873
27.349010
27.391783
27.376018
27.353815
27.346532
27.347714
27.279939
27.294357
27.257433
27.214136
27.199658
27.192642
27.156435
27.315914
27.278504
27.373667
27.341361
27.447739
27.350798
27.460099
27.381036
27.421926
27.350900
27.413090
27.277411
27.354457
27.245648
27.266708
27.176212
27.233427
27.091765
27.238495
27.285958
27.321948
27.370343
27.341256
27.392017
27.377725
27.357750
27.351925
27.347950
27.276187
27.286002
27.237597
27.186466
27.160054
27.139702
27.064455
27.067619
27.313424
27.422389
27.341519
27.456472
27.384065
27.428317
27.363552
27.419702
27.287308
27.355756
27.240834
27.248927
27.153650
27.188512
27.039118
27.100150
26.989961
27.316391
27.385557
27.374918
27.366843
27.365275
27.363921
27.293829
27.301484
27.245834
27.190701
27.152255
27.118419
27.027777
27.016445
26.962342
26.899284
27.380007
27.432136
27.381574
27.438895
27.315176
27.381680
27.267556
27.269087
27.168070
27.188698
27.032070
27.072480
26.947553
26.936642
26.845012
27.376073
27.386663
27.322865
27.338639
27.282407
27.228506
27.184203
27.144569
27.041842
27.018312
26.946114
26.866456
26.825583
26.779488
27.347511
27.421979
27.316782
27.318485
27.221654
27.235170
27.074376
27.102656
26.966970
26.935996
26.828524
26.829266
26.675482
27.333241
27.287586
27.249020
27.210069
27.104162
27.076751
26.992184
26.901050
26.843753
26.779000
26.671667
26.636515
27.296957
27.312367
27.158217
27.182988
27.044420
27.002782
26.887068
26.867938
26.696946
26.706778
26.571569
27.197270
27.174175
27.089980
26.995831
26.931280
26.854886
26.732198
26.681989
26.590522
26.487613
27.158048
27.118909
27.002890
26.977293
26.798528
26.795863
26.642416
26.583375
26.460800
27.061138
26.989397
26.860682
26.806497
26.699550
26.584899
26.507098
26.421582
26.947378
26.948899
26.787708
26.723787
26.588271
26.546822
26.358559
26.866847
26.752214
26.669053
26.572185
26.432399
26.358762
26.775082
26.732039
26.538771
26.515558
26.347403
26.634600
26.562588
26.444504
26.311494
26.566144
26.494863
26.341525
26.457180
26.348228
26.354812
26.681236
26.908635
26.843693
27.050430
27.024884
27.155427
27.145691
27.291522
27.218663
27.368502
27.317743
27.400084
27.355656
27.459726
27.351607
27.462519
27.380174
27.434668
27.357513
27.449261
27.311739
27.414828
27.305627
21.507214
21.989788
22.542271
23.176120
23.866790
24.470016
25.014572
25.522888
25.905862
26.211025
26.505329
26.706806
26.860010
27.030771
27.133035
27.200951
27.295706
27.332426
27.337635
27.378007
27.356736
27.328592
21.636312
22.256864
22.832742
23.561818
24.127333
24.842981
25.277610
25.780923
26.103732
26.461299
26.608698
26.905798
26.978413
27.156792
27.211774
27.352621
27.311177
27.451794
27.380548
27.442215
27.373857
21.870624
22.427813
23.089205
23.798413
24.426677
24.982057
25.505643
25.893854
26.206693
26.502973
26.708006
26.862607
27.033855
27.137948
27.203768
27.301028
27.334240
27.343710
27.376535
27.362168
22.023687
22.792361
23.382342
24.134509
24.716409
25.323000
25.687078
26.167762
26.383863
26.681896
26.834700
27.056090
27.087044
27.290703
27.282241
27.391903
27.378346
27.463327
27.361812
22.301719
22.962178
23.711497
24.358623
24.942359
25.476527
25.881780
26.197537
26.502414
26.709196
26.866470
27.039112
27.143041
27.212064
27.305209
27.345126
27.346353
27.383693
22.584018
23.362378
23.976117
24.741047
25.213569
25.742040
26.083536
26.454654
26.608566
26.911141
26.986407
27.166695
27.221461
27.365074
27.322820
27.460342
27.390345
22.862270
23.622254
24.304961
24.898224
25.456500
25.866437
26.193625
26.498455
26.711528
26.868789
27.043536
27.150310
27.217909
27.313499
27.349935
27.351023
23.202417
23.988726
24.621203
25.263001
25.651767
26.149446
26.378177
26.681837
26.838764
27.063849
27.096201
27.299997
27.295483
27.400432
27.387329
23.561781
24.258862
24.872702
25.435447
25.859840
26.184924
26.497072
26.709398
26.870656
27.044557
27.154385
27.220746
27.316556
27.352103
23.875196
24.665861
25.173434
25.714375
26.070732
26.449325
26.608291
26.912576
26.992695
27.171454
27.228703
27.370930
27.329460
24.240230
24.857511
25.428564
25.853949
26.184450
26.493890
26.711922
26.869142
27.047198
27.154391
27.223998
27.315826
24.590735
25.243805
25.643820
26.142688
26.379876
26.680717
26.840738
27.065291
27.098801
27.299985
27.299261
24.865303
25.431069
25.856987
26.182032
26.493435
26.708236
26.868890
27.042378
27.155939
27.219883
25.189218
25.721644
26.076951
26.453193
26.610950
26.911520
26.993774
27.168626
27.226402
25.450373
25.866893
26.187611
26.491946
26.709283
26.863097
27.041053
27.148836
25.673171
26.157206
26.388579
26.682665
26.838520
27.062124
27.091834
25.886975
26.194302
26.494593
26.705172
26.861178
27.031415
26.104896
26.469637
26.613159
26.908505
26.983825
26.207761
26.494671
26.703642
26.850448
26.408778
26.693900
26.829923
26.494208
26.692138
26.626119
21.619828
21.722102
21.637448
21.736484
21.672255
21.700116
21.637653
21.677072
21.544570
21.583540
21.464478
21.433392
21.318920
21.308299
21.130610
21.137971
20.994372
20.962251
20.854486
20.901445
20.801519
20.935521
20.954407
21.718256
21.747853
21.779196
21.750990
21.773015
21.764190
21.710968
21.702116
21.658321
21.576840
21.532288
21.467221
21.350914
21.295064
21.202331
21.088682
21.015572
20.952441
20.838076
20.836219
20.813025
20.861402
21.835194
21.904932
21.866343
21.948481
21.840919
21.915183
21.823076
21.820323
21.728454
21.735627
21.568322
21.579880
21.428944
21.372319
21.234341
21.210321
21.011908
21.029812
20.877892
20.882024
20.813028
21.927630
21.961141
21.945508
21.967960
21.963517
21.911307
21.899924
21.859007
21.768702
21.730505
21.648512
21.537217
21.462571
21.371153
21.229587
21.162970
21.051297
20.941687
20.877892
20.836225
21.996901
22.110706
22.056140
22.093202
22.032445
22.077639
21.939673
21.979563
21.849233
21.812134
21.685400
21.659847
21.460916
21.450258
21.271264
21.203937
21.051298
21.029815
20.838078
22.110078
22.102937
22.130228
22.129286
22.078005
22.072278
22.025682
21.940940
21.889475
21.813018
21.684940
21.616943
21.501993
21.366490
21.271265
21.162971
21.011910
20.952448
22.178427
22.267026
22.170725
22.250740
22.158170
22.158397
22.063014
22.066783
21.890055
21.894205
21.726455
21.657256
21.501994
21.450259
21.229590
21.210324
21.015576
22.223611
22.263039
22.257389
22.214288
22.201110
22.159709
22.066322
22.025059
21.932555
21.811862
21.726457
21.616943
21.460918
21.371155
21.234346
21.088686
22.306217
22.350690
22.296807
22.340801
22.203671
22.242547
22.107187
22.067172
21.932556
21.894204
21.684943
21.659848
21.462575
21.372322
21.202339
22.346301
22.352516
22.301808
22.300767
22.246479
22.161625
22.107187
22.025059
21.890057
21.813018
21.685405
21.537219
21.428950
21.295069
22.348527
22.433199
22.342430
22.343361
22.246480
22.242549
22.066320
22.066785
21.889479
21.812133
21.648519
21.579883
21.350921
22.388898
22.353875
22.342431
22.300766
22.203672
22.159712
22.063012
21.940944
21.849238
21.730505
21.568329
21.467227
22.388898
22.433197
22.301808
22.340800
22.201113
22.158400
22.025680
21.979567
21.768708
21.735629
21.532296
22.348528
22.352512
22.296808
22.214289
22.158173
22.072279
21.939675
21.859011
21.728460
21.576844
22.346301
22.350685
22.257393
22.250744
22.078006
22.077641
21.899929
21.820326
21.658329
22.306217
22.263037
22.170732
22.129290
22.032445
21.911312
21.823082
21.702121
22.223615
22.267029
22.130234
22.093203
21.963521
21.915189
21.710975
22.178433
22.102941
22.056142
21.967963
21.840925
21.764197
22.110083
22.110708
21.945512
21.948486
21.773022
21.996904
21.961146
21.866349
21.750997
21.927635
21.904937
21.779203
21.835201
21.747860
21.718263
21.687085
21.859142
21.868686
22.059840
22.071941
22.193880
22.230195
22.350735
22.314336
22.436928
22.395923
22.437097
22.395922
22.436929
22.314337
22.350736
22.230191
22.193875
22.071938
22.059837
21.868679
21.859135
21.687076
21.619818
21.722095
21.637445
21.736480
21.672244
21.700132
21.637638
21.677080
21.544576
21.583549
21.464462
21.433437
21.318900
21.308323
21.130628
21.137999
20.994354
20.962334
20.854466
20.901493
20.801549
20.935579
20.954379
21.718263
21.747860
21.779197
21.751006
21.773012
21.764197
21.710980
21.702117
21.658314
21.576867
21.532276
21.467225
21.350935
21.295063
21.202321
21.088721
21.015557
20.952441
20.838107
20.836214
20.813005
20.861444
21.835200
21.904945
21.866345
21.948493
21.840932
21.915197
21.823075
21.820360
21.728447
21.735651
21.568341
21.579906
21.428937
21.372387
21.234329
21.210362
21.011936
21.029857
20.877876
20.882126
20.813006
21.927632
21.961146
21.945513
21.967961
21.963513
21.911324
21.899917
21.859009
21.768714
21.730503
21.648501
21.537245
21.462556
21.371151
21.229608
21.162966
21.051280
20.941727
20.877874
20.836217
21.996905
22.110711
22.056139
22.093219
22.032438
22.077651
21.939685
21.979580
21.849226
21.812179
21.685388
21.659874
21.460934
21.450288
21.271249
21.204014
21.051279
21.029858
20.838104
22.110081
22.102946
22.130227
22.129289
22.078011
22.072274
22.025671
21.940959
21.889463
21.813016
21.684953
21.616939
21.501977
21.366520
21.271248
21.162965
21.011934
20.952441
22.178431
22.267035
22.170733
22.250751
22.158167
22.158423
22.063003
22.066799
21.890067
21.894224
21.726442
21.657310
21.501977
21.450288
21.229608
21.210358
21.015554
22.223613
22.263039
22.257385
22.214298
22.201105
22.159708
22.066328
22.025054
21.932543
21.811882
21.726441
21.616937
21.460933
21.371149
21.234327
21.088717
22.306214
22.350696
22.296801
22.340808
22.203677
22.242558
22.107177
22.067206
21.932542
21.894222
21.684954
21.659871
21.462555
21.372383
21.202319
22.346297
22.352513
22.301808
22.300764
22.246472
22.161636
22.107176
22.025055
21.890065
21.813012
21.685389
21.537241
21.428934
21.295058
22.348528
22.433202
22.342425
22.343378
22.246471
22.242558
22.066327
22.066798
21.889463
21.812175
21.648501
21.579902
21.350932
22.388896
22.353878
22.342426
22.300764
22.203675
22.159707
22.063002
21.940957
21.849225
21.730496
21.568340
21.467218
22.388896
22.433202
22.301812
22.340807
22.201101
22.158425
22.025670
21.979576
21.768714
21.735644
21.532274
22.348529
22.352512
22.296804
22.214294
22.158162
22.072277
21.939681
21.859004
21.728446
21.576859
22.346301
22.350695
22.257387
22.250745
22.078009
22.077651
21.899912
21.820355
21.658311
22.306217
22.263035
22.170730
22.129284
22.032438
21.911320
21.823070
21.702112
22.223614
22.267027
22.130223
22.093218
21.963510
21.915191
21.710976
22.178426
22.102940
22.056137
21.967958
21.840927
21.764190
22.110077
22.110709
21.945510
21.948487
21.773006
21.996903
21.961141
21.866340
21.751000
21.927627
21.904939
21.779191
21.835194
21.747853
21.718256
26.203564
26.152011
25.962103
25.920954
25.753365
25.665845
25.534334
25.492272
25.339576
25.350436
25.263910
25.271684
25.263912
25.350438
25.339573
25.492274
25.534341
25.665847
25.753365
25.920958
25.962106
26.152015
26.203569
26.264945
26.311469
26.204588
26.288330
26.217398
26.266991
26.251752
26.342000
26.295231
26.436697
26.430019
26.534508
26.570189
26.709841
26.697306
26.873854
26.881262
27.007582
27.035656
27.180111
27.137018
27.310850
27.260833
26.144503
26.136411
26.112243
26.083296
26.113238
26.125458
26.126693
26.192494
26.238203
26.271187
26.366254
26.435941
26.492658
26.599500
26.685934
26.743643
26.857034
26.934622
26.992776
27.081386
27.153113
27.182819
26.041407
26.050400
25.995316
26.048485
25.969398
26.078963
26.049211
26.130661
26.155259
26.280850
26.272595
26.442131
26.468324
26.597154
26.651504
26.812094
26.806392
26.996278
27.004689
27.135528
27.153113
25.928675
25.901056
25.854688
25.884213
25.892339
25.896135
25.965091
26.018069
26.060471
26.162197
26.248922
26.311362
26.436050
26.530958
26.604982
26.728726
26.822549
26.890191
27.004688
27.081387
25.787464
25.840344
25.766391
25.801558
25.791879
25.882607
25.852431
26.001739
26.022174
26.140058
26.206097
26.363713
26.383011
26.577072
26.618590
26.765411
26.822548
26.996279
26.992778
25.698758
25.650485
25.664297
25.675530
25.677183
25.750841
25.811348
25.861343
25.977978
26.072026
26.152701
26.285484
26.397252
26.482082
26.618589
26.728729
26.806388
26.934621
25.591259
25.620968
25.539758
25.638209
25.622624
25.707890
25.755311
25.895929
25.916569
26.104940
26.163300
26.311438
26.397252
26.577073
26.604980
26.812100
26.857029
25.468151
25.481152
25.484207
25.488927
25.563199
25.631913
25.691845
25.816297
25.926579
26.015299
26.163301
26.285484
26.383011
26.530961
26.651499
26.743653
25.407920
25.427247
25.418654
25.509018
25.493281
25.651286
25.697486
25.833265
25.926579
26.104939
26.152704
26.363713
26.436051
26.597160
26.685927
25.340178
25.345525
25.347079
25.426634
25.497960
25.564189
25.697486
25.816299
25.916567
26.072026
26.206101
26.311364
26.468323
26.599509
25.263152
25.355339
25.348192
25.437615
25.497963
25.651285
25.691845
25.895933
25.977977
26.140058
26.248927
26.442134
26.492657
25.262338
25.268807
25.348193
25.426630
25.493288
25.631910
25.755312
25.861344
26.022176
26.162196
26.272599
26.435944
25.262340
25.355335
25.347083
25.509014
25.563208
25.707886
25.811353
26.001734
26.060479
26.280849
26.366258
25.263156
25.345517
25.418662
25.488925
25.622628
25.750840
25.852436
26.018065
26.155264
26.271190
25.340179
25.427241
25.484218
25.638210
25.677182
25.882610
25.965096
26.130663
26.238204
25.407922
25.481154
25.539763
25.675530
25.791883
25.896132
26.049217
26.192497
25.468157
25.620978
25.664291
25.801563
25.892345
26.078961
26.126699
25.591260
25.650489
25.766389
25.884217
25.969399
26.125465
25.698755
25.840348
25.854693
26.048487
26.113241
25.787468
25.901057
25.995320
26.083303
25.928680
26.050399
26.112250
26.041414
26.136415
26.144509
26.264944
26.311462
26.204598
26.288330
26.217376
26.267032
26.251731
26.341998
26.295261
26.436703
26.429978
26.534598
26.570148
26.709849
26.697354
26.873874
26.881203
27.007718
27.035598
27.180140
27.137071
27.310900
27.260756
26.144508
26.136416
26.112233
26.083322
26.113226
26.125445
26.126722
26.192480
26.238167
26.271233
26.366221
26.435908
26.492701
26.599470
26.685879
26.743707
26.856979
26.934574
26.992827
27.081340
27.153040
27.182889
26.041409
26.050416
25.995310
26.048485
25.969418
26.078968
26.049186
26.130728
26.155234
26.280855
26.272637
26.442146
26.468277
26.597265
26.651455
26.812113
26.806444
26.996308
27.004622
27.135685
27.153039
25.928673
25.901054
25.854701
25.884208
25.892321
25.896164
25.965064
26.018045
26.060506
26.162175
26.248879
26.311418
26.436005
26.530921
26.605029
26.728687
26.822488
26.890261
27.004621
27.081340
25.787473
25.840346
25.766381
25.801589
25.791865
25.882612
25.852458
26.001741
26.022139
26.140140
26.206058
26.363724
26.383055
26.577089
26.618536
26.765539
26.822487
26.996307
26.992828
25.698752
25.650493
25.664283
25.675514
25.677196
25.750824
25.811321
25.861379
25.977942
26.071999
26.152739
26.285454
26.397203
26.482143
26.618534
26.728690
26.806438
26.934573
25.591259
25.620972
25.539773
25.638211
25.622600
25.707932
25.755284
25.895932
25.916599
26.104947
26.163258
26.311534
26.397203
26.577089
26.605026
26.812118
26.856973
25.468160
25.481149
25.484196
25.488947
25.563177
25.631891
25.691867
25.816274
25.926542
26.015345
26.163258
26.285453
26.383054
26.530922
26.651449
26.743714
25.407914
25.427258
25.418638
25.509015
25.493297
25.651283
25.697454
25.833327
25.926542
26.104946
26.152741
26.363721
26.436005
26.597268
26.685871
25.340169
25.345512
25.347082
25.426616
25.497934
25.564213
25.697453
25.816274
25.916599
26.071995
26.206062
26.311414
26.468275
26.599474
25.263155
25.355333
25.348171
25.437640
25.497934
25.651282
25.691866
25.895932
25.977943
26.140134
26.248883
26.442144
26.492699
25.262331
25.268811
25.348174
25.426612
25.493298
25.631889
25.755281
25.861380
26.022139
26.162169
26.272636
26.435908
25.262331
25.355330
25.347089
25.509005
25.563179
25.707932
25.811316
26.001741
26.060504
26.280852
26.366218
25.263155
25.345509
25.418644
25.488936
25.622603
25.750822
25.852458
26.018040
26.155231
26.271231
25.340174
25.427254
25.484196
25.638204
25.677199
25.882603
25.965071
26.130718
26.238166
25.407916
25.481142
25.539766
25.675518
25.791861
25.896157
26.049187
26.192476
25.468153
25.620969
25.664279
25.801589
25.892318
26.078964
26.126716
25.591251
25.650499
25.766374
25.884204
25.969417
26.125442
25.698750
25.840346
25.854698
26.048482
26.113218
25.787469
25.901047
25.995310
26.083317
25.928673
26.050410
26.112228
26.041407
26.136408
26.144504

