Tension at each vertex
26.606522
26.606521
26.606642
26.606643
21.597380
26.275140
21.597387
26.275138
21.050189
21.050323
27.294872
27.295184
26.385967
26.264116
25.931288
25.721905
25.300934
24.886541
24.304471
23.741934
22.962447
22.353304
21.683990
21.238965
20.899725
20.806421
20.685244
20.813032
20.837500
20.970629
21.045864
21.224204
21.235890
21.427848
21.445368
26.335120
26.121889
25.908780
25.553498
25.215450
24.748792
24.177602
23.550154
22.872260
22.153536
21.593261
21.145755
20.847194
20.733394
20.713333
20.727982
20.841912
20.941169
21.020321
21.154310
21.252451
21.340537
26.367665
26.182149
25.879990
25.635840
25.146059
24.751896
24.122824
23.501981
22.769779
22.160070
21.501320
21.165065
20.855717
20.767974
20.715165
20.824091
20.820749
21.007847
21.049378
21.195550
21.252443
26.334473
26.113729
25.829361
25.511397
25.131492
24.596842
24.049738
23.380588
22.663265
22.013399
21.467957
21.035679
20.834831
20.730566
20.691837
20.763476
20.851641
20.917648
21.049387
21.154314
26.315582
26.183784
25.852790
25.545977
25.090685
24.654182
23.966501
23.381843
22.624702
21.999320
21.424257
21.100794
20.794868
20.790397
20.722498
20.800333
20.851632
21.007849
21.020311
26.346230
26.061806
25.826001
25.473843
25.035329
24.535000
23.946838
23.232735
22.571191
21.916070
21.369314
21.018400
20.815154
20.698582
20.722507
20.763483
20.820758
20.941171
26.330847
26.177339
25.789719
25.529757
25.038982
24.552203
23.906874
23.293999
22.512696
21.959128
21.382701
21.051505
20.815133
20.790397
20.691827
20.824085
20.841915
26.305358
26.074020
25.810870
25.409365
25.016400
24.481819
23.855715
23.197586
22.522329
21.856129
21.382713
21.018407
20.794886
20.730573
20.715188
20.727983
26.332742
26.131494
25.796472
25.507461
24.976423
24.541400
23.870351
23.235372
22.522315
21.959131
21.369300
21.100789
20.834829
20.767955
20.713332
26.325722
26.071857
25.767247
25.418945
24.997887
24.434074
23.870361
23.197592
22.512706
21.916069
21.424284
21.035676
20.855742
20.733418
26.299606
26.150927
25.791457
25.470006
24.997876
24.541400
23.855699
23.293987
22.571190
21.999302
21.467952
21.165065
20.847183
26.326444
26.041037
25.791466
25.418950
24.976430
24.481818
23.906896
23.232727
22.624719
22.013410
21.501329
21.145766
26.326438
26.150927
25.767235
25.507451
25.016399
24.552177
23.946829
23.381833
22.663243
22.160054
21.593271
26.299610
26.071858
25.796491
25.409355
25.038999
24.535009
23.966502
23.380590
22.769810
22.153522
26.325726
26.131468
25.810871
25.529746
25.035307
24.654159
24.049742
23.501934
22.872257
26.332761
26.074030
25.789718
25.473848
25.090715
24.596822
24.122846
23.550168
26.305343
26.177320
25.826012
25.545925
25.131492
24.751875
24.177572
26.330876
26.061785
25.852818
25.511415
25.146054
24.748799
26.346247
26.183764
25.829335
25.635806
25.215464
26.315575
26.113744
25.880034
25.553471
26.334500
26.182069
25.908793
26.367706
26.121921
26.335094
26.495112
26.586319
26.472747
26.612786
26.495558
26.572605
26.510511
26.593325
26.479542
26.596532
26.506686
26.567555
26.506683
26.596538
26.479553
26.593336
26.510501
26.572658
26.495540
26.612812
26.472775
26.586352
26.495084
26.666129
26.862132
26.876635
27.065422
27.085905
27.197875
27.212550
27.319287
27.249875
27.345025
27.269596
27.271793
27.187229
27.184481
27.018541
27.020304
26.862617
26.799739
26.664008
26.631207
26.441848
26.438659
26.273600
26.647645
26.763544
26.911292
26.958161
27.086901
27.141912
27.185712
27.235787
27.273045
27.233853
27.258203
27.212658
27.146094
27.097507
27.032505
26.910835
26.855041
26.749200
26.635348
26.559259
26.466541
26.359286
26.693646
26.852568
26.921597
27.094099
27.079070
27.240553
27.228170
27.300451
27.281338
27.345900
27.235456
27.288242
27.171663
27.138574
27.025578
27.005430
26.824462
26.820463
26.658920
26.610798
26.466538
26.668965
26.797187
26.896341
27.002658
27.108524
27.129098
27.225802
27.245751
27.249645
27.261680
27.256669
27.178852
27.164414
27.085155
26.990244
26.926474
26.847451
26.720417
26.658886
26.559266
26.656408
26.885292
26.941011
27.074967
27.117149
27.252186
27.205933
27.331877
27.281861
27.314561
27.256736
27.282585
27.135683
27.158054
27.015054
26.971965
26.847453
26.820480
26.635372
26.692983
26.771194
26.934331
27.018766
27.088920
27.165006
27.232418
27.218555
27.276273
27.258158
27.223768
27.201930
27.160753
27.053904
27.015028
26.926484
26.824453
26.749176
26.683015
26.901347
26.914885
27.110006
27.125582
27.227735
27.236421
27.332689
27.249631
27.337627
27.250809
27.251525
27.160744
27.158067
26.990261
27.005420
26.855046
26.662660
26.803737
26.947764
26.995570
27.124608
27.171620
27.207487
27.248368
27.276474
27.227895
27.250789
27.201935
27.135683
27.085137
27.025560
26.910863
26.693616
26.873299
26.946859
27.118151
27.100149
27.260501
27.238367
27.304737
27.276468
27.337640
27.223781
27.282582
27.164415
27.138614
27.032478
26.689929
26.812995
26.922227
27.028098
27.129622
27.144743
27.238356
27.248373
27.249631
27.258140
27.256723
27.178870
27.171617
27.097501
26.665349
26.901861
26.951199
27.090887
27.129614
27.260509
27.207493
27.332686
27.276270
27.314599
27.256642
27.288264
27.146125
26.693355
26.785995
26.951196
27.028098
27.100152
27.171607
27.236410
27.218571
27.281826
27.261673
27.235467
27.212625
26.693347
26.901865
26.922228
27.118154
27.124600
27.227768
27.232394
27.331897
27.249664
27.345903
27.258185
26.665356
26.812989
26.946852
26.995582
27.125558
27.164998
27.205941
27.245722
27.281310
27.233886
26.689914
26.873327
26.947742
27.110021
27.088931
27.252193
27.225783
27.300520
27.273002
26.693604
26.803728
26.914895
27.018746
27.117124
27.129125
27.228122
27.235769
26.662664
26.901360
26.934306
27.075027
27.108487
27.240579
27.185736
26.682995
26.771216
26.940977
27.002640
27.079084
27.141876
26.692951
26.885315
26.896356
27.094116
27.086869
26.656424
26.797162
26.921561
26.958194
26.668928
26.852652
26.911246
26.693607
26.763518
26.647660
26.400853
26.426279
26.153461
26.142416
25.869372
25.747635
25.469161
25.297194
24.914142
24.712087
24.289009
23.980128
23.568019
23.249399
22.794507
22.554443
22.159459
21.932628
21.661624
21.518019
21.266725
21.249168
21.064521
21.437910
21.479802
21.493534
21.470479
21.487793
21.478032
21.427384
21.414928
21.377236
21.291574
21.257952
21.184076
21.084950
21.020392
20.950743
20.831380
20.794918
20.732783
20.687076
20.697113
20.793769
20.830268
21.372067
21.420922
21.378953
21.448241
21.342866
21.411505
21.321007
21.318316
21.231471
21.240667
21.084358
21.103809
20.969240
20.931330
20.819468
20.832787
20.695962
20.764953
20.752209
20.860135
20.957931
21.261366
21.274585
21.243651
21.260147
21.248672
21.194698
21.187746
21.145260
21.068962
21.033624
20.977483
20.877775
20.842222
20.781889
20.712725
20.699375
20.726988
20.731968
20.881298
21.041967
21.128857
21.215303
21.149369
21.171060
21.112216
21.149167
21.021595
21.065294
20.956623
20.934778
20.843182
20.855601
20.722083
20.774076
20.723457
20.780819
20.825550
21.049078
21.159092
21.045630
21.011835
21.025692
21.013075
20.961157
20.954110
20.923131
20.849193
20.832924
20.789497
20.724724
20.716315
20.720484
20.704399
20.798777
20.911666
21.075721
21.325410
20.926234
20.983994
20.878442
20.945318
20.865561
20.868096
20.799698
20.835038
20.712680
20.782056
20.717572
20.772892
20.783260
20.958754
21.018220
21.322174
21.561842
20.798241
20.814156
20.807637
20.759376
20.764327
20.751596
20.701131
20.718794
20.722136
20.716040
20.789993
20.883509
20.998874
21.206433
21.487524
21.762929
20.746869
20.767387
20.724345
20.786050
20.684625
20.778926
20.727894
20.796064
20.808877
20.964122
21.009417
21.264791
21.461505
21.782403
22.089148
20.716012
20.720910
20.692338
20.738037
20.757271
20.774290
20.854193
20.947554
21.055183
21.232770
21.480444
21.707990
22.062968
22.431526
20.733065
20.847578
20.813408
20.905219
20.928526
21.093726
21.137431
21.376586
21.546574
21.824306
22.089696
22.502339
22.776788
20.940785
20.975906
21.064214
21.173623
21.275234
21.449780
21.670420
21.868224
22.175558
22.493138
22.807505
23.186149
21.268902
21.441243
21.471076
21.709679
21.851961
22.101190
22.321792
22.678691
22.896471
23.313044
23.599715
21.763975
21.926624
22.107852
22.273590
22.532699
22.793820
23.044121
23.359732
23.676993
23.958591
22.432256
22.635133
22.795775
23.090812
23.242881
23.591830
23.804032
24.119842
24.351597
23.137100
23.319779
23.494292
23.737059
23.974247
24.187528
24.448899
24.708695
23.787587
24.052335
24.176150
24.425593
24.580014
24.876852
24.981407
24.436276
24.565790
24.741916
24.934826
25.072667
25.292715
24.934117
25.158696
25.187508
25.452517
25.526002
25.352435
25.492822
25.604686
25.727520
25.708611
25.877649
25.913779
25.998529
26.100044
26.183646
26.666177
26.862097
26.876619
27.065386
27.085964
27.197782
27.212591
27.319277
27.249857
27.344998
27.269655
27.271717
27.187266
27.184481
27.018529
27.020285
26.862665
26.799689
26.664031
26.631211
26.441854
26.438644
26.273633
26.163721
26.214745
26.105585
26.191514
26.118457
26.169593
26.151969
26.243940
26.195958
26.338981
26.332025
26.438413
26.474189
26.615884
26.602968
26.781043
26.786545
26.914774
26.938115
27.083380
27.035643
27.210047
27.153786
26.690949
26.828643
26.877387
26.941737
27.003555
27.084130
27.081742
27.171096
27.187395
27.209293
27.235089
27.272999
27.235043
27.279566
27.264361
27.245355
27.242113
27.252201
27.192057
27.213764
27.189498
27.166236
26.857128
26.997855
26.989130
27.140475
27.072409
27.231290
27.182290
27.274128
27.235345
27.340456
27.238675
27.349468
27.266182
27.314581
27.240124
27.315356
27.178528
27.273609
27.166626
27.213261
27.117299
26.944407
27.038680
27.046478
27.141335
27.163403
27.193447
27.223733
27.266790
27.232820
27.279745
27.263757
27.244765
27.237605
27.240616
27.172723
27.189767
27.151702
27.111252
27.096514
27.091153
27.029883
27.190029
27.152411
27.250191
27.219584
27.329393
27.234424
27.347444
27.269413
27.313198
27.243248
27.306912
27.171615
27.251354
27.141556
27.165462
27.074372
27.134037
26.991579
27.111883
27.161492
27.197880
27.250154
27.222468
27.278027
27.264791
27.248786
27.243968
27.242173
27.170632
27.182999
27.133300
27.085066
27.058827
27.040350
26.964914
26.969966
27.190645
27.301634
27.222757
27.340912
27.271219
27.318228
27.256247
27.313586
27.183035
27.252592
27.137799
27.147552
27.052840
27.088831
26.940303
27.003990
26.893834
27.195650
27.268116
27.259288
27.255167
27.255732
27.257471
27.188418
27.198661
27.142176
27.089247
27.050089
27.017869
26.927544
26.918582
26.864164
26.803668
27.264094
27.318781
27.271421
27.330928
27.209949
27.277825
27.164844
27.166766
27.066648
27.086949
26.931471
26.972976
26.848818
26.840403
26.749798
27.262656
27.276411
27.214607
27.233610
27.177791
27.126054
27.081385
27.042458
26.939151
26.917352
26.844369
26.767588
26.727094
26.683715
27.238224
27.314966
27.211796
27.214839
27.119215
27.132194
26.972072
27.000042
26.864483
26.834602
26.728496
26.731057
26.579028
27.225075
27.182002
27.144190
27.106488
27.000012
26.973711
26.887246
26.798043
26.740095
26.677691
26.571107
26.539284
27.191502
27.207794
27.054384
27.079306
26.939971
26.898489
26.782685
26.763966
26.594645
26.606400
26.473100
27.091294
27.069430
26.984135
26.890748
26.824858
26.749192
26.626494
26.578390
26.487764
26.388260
27.053090
27.013812
26.897564
26.870977
26.692804
26.690081
26.538000
26.481311
26.360648
26.954689
26.882662
26.753549
26.699165
26.592054
26.479958
26.402755
26.320800
26.841430
26.842641
26.680488
26.618110
26.482461
26.443733
26.257754
26.758638
26.645440
26.560866
26.466153
26.327713
26.257664
26.668066
26.626045
26.433805
26.412406
26.246161
26.527445
26.456557
26.339193
26.210498
26.460432
26.392878
26.240314
26.351938
26.246181
26.252824
26.571291
26.795863
26.724583
26.931460
26.901398
27.034123
27.021868
27.170412
27.096342
27.249960
27.197828
27.284012
27.238995
27.345864
27.236620
27.351559
27.266413
27.324813
27.245535
27.340199
27.199872
27.308434
27.194210
21.423004
21.923583
22.493284
23.140444
23.833877
24.430589
24.964665
25.458054
25.828145
26.121757
26.406884
26.602858
26.751702
26.919260
27.020911
27.087470
27.180986
27.218342
27.222691
27.263077
27.243105
27.215882
21.553396
22.199214
22.785701
23.524827
24.087587
24.796180
25.215268
25.708348
26.016048
26.367816
26.506107
26.800803
26.869348
27.047922
27.099291
27.242446
27.198002
27.340015
27.267397
27.331467
27.261290
21.805549
22.375903
23.050028
23.758535
24.381127
24.925830
25.436600
25.812968
26.116291
26.404131
26.604925
26.755347
26.923980
27.027113
27.091531
27.187249
27.220407
27.229078
27.261103
27.249314
21.964945
22.754346
23.344179
24.097005
24.664367
25.260852
25.609527
26.081482
26.287275
26.581749
26.728240
26.949953
26.977284
27.181080
27.170792
27.280954
27.264511
27.352301
27.249160
22.262193
22.933294
23.683623
24.318438
24.890227
25.408291
25.801903
26.106785
26.404415
26.606039
26.759971
26.929282
27.032556
27.099501
27.191020
27.230845
27.231081
27.269013
22.558329
23.346813
23.950887
24.703707
25.155211
25.671122
25.996463
26.361366
26.506471
26.806732
26.878159
27.058139
27.109599
27.254241
27.209372
27.347752
27.277814
22.855544
23.615482
24.285174
24.857848
25.397472
25.790095
26.105972
26.400484
26.608969
26.761038
26.933077
27.038038
27.104009
27.197984
27.234769
27.235957
23.207894
23.989740
24.599819
25.220657
25.586001
26.069003
26.284558
26.581995
26.732046
26.955899
26.984673
27.187735
27.181676
27.287121
27.272945
23.579555
24.260594
24.850694
25.386713
25.791487
26.099406
26.401114
26.605383
26.761999
26.931520
27.040075
27.104464
27.199520
27.235948
23.896584
24.666432
25.143839
25.660059
25.993590
26.359793
26.506993
26.806200
26.881527
27.058843
27.113011
27.256299
27.213698
24.262935
24.850893
25.393068
25.791703
26.103792
26.397843
26.607979
26.757810
26.932103
27.037044
27.105751
27.196944
24.606554
25.229444
25.596917
26.072790
26.290860
26.581137
26.731330
26.953293
26.982364
27.183089
27.181549
24.873714
25.403984
25.802641
26.103309
26.399238
26.602121
26.756146
26.924059
27.036541
27.099014
25.183450
25.683693
26.009418
26.368107
26.509585
26.802607
26.878176
27.051257
27.106189
25.431398
25.815774
26.112111
26.396717
26.602758
26.747477
26.921227
27.026554
25.637604
26.093711
26.302354
26.582986
26.726922
26.946444
26.971303
25.838793
26.118581
26.399851
26.596876
26.744817
26.909021
26.040320
26.385127
26.511167
26.797663
26.865194
26.132369
26.398315
26.595129
26.732074
26.322141
26.592773
26.716214
26.397478
26.581975
26.521653
26.495111
26.586318
26.472746
26.612785
26.495557
26.572604
26.510511
26.593324
26.479541
26.596531
26.506684
26.567553
26.506682
26.596537
26.479553
26.593337
26.510501
26.572659
26.495542
26.612813
26.472776
26.586353
26.495085
26.385907
26.264164
25.931290
25.721929
25.300894
24.886604
24.304422
23.741954
22.962440
22.353314
21.683966
21.239009
20.899702
20.806449
20.685250
20.813050
20.837495
20.970657
21.045856
21.224220
21.235892
21.427858
21.445368
26.335092
26.121919
25.908789
25.553466
25.215459
24.748790
24.177563
23.550160
22.872250
22.153518
21.593271
21.145773
20.847193
20.733425
20.713345
20.727996
20.841926
20.941185
21.020321
21.154325
21.252452
21.340546
26.367704
26.182066
25.880031
25.635800
25.146049
24.751866
24.122838
23.501923
22.769802
22.160049
21.501331
21.165071
20.855751
20.767975
20.715204
20.824102
20.820775
21.007862
21.049399
21.195561
21.252462
26.334499
26.113741
25.829331
25.511408
25.131485
24.596813
24.049733
23.380580
22.663237
22.013408
21.467956
21.035686
20.834846
20.730584
20.691840
20.763498
20.851643
20.917661
21.049389
21.154321
26.315574
26.183761
25.852814
25.545918
25.090708
24.654148
23.966492
23.381822
22.624712
21.999298
21.424286
21.100798
20.794894
20.790416
20.722524
20.800349
20.851659
21.007862
21.020333
26.346245
26.061782
25.826008
25.473841
25.035299
24.534999
23.946817
23.232717
22.571181
21.916070
21.369305
21.018419
20.815154
20.698600
20.722513
20.763493
20.820762
20.941183
26.330875
26.177317
25.789714
25.529738
25.038989
24.552166
23.906883
23.293978
22.512698
21.959130
21.382716
21.051518
20.815162
20.790413
20.691855
20.824108
20.841930
26.305341
26.074026
25.810865
25.409347
25.016389
24.481807
23.855686
23.197582
22.522306
21.856130
21.382707
21.018413
20.794889
20.730588
20.715182
20.728002
26.332759
26.131464
25.796486
25.507443
24.976419
24.541388
23.870346
23.235362
22.522322
21.959130
21.369319
21.100808
20.834844
20.767987
20.713352
26.325725
26.071854
25.767230
25.418941
24.997864
24.434062
23.870338
23.197576
22.512687
21.916069
21.424264
21.035691
20.855736
20.733419
26.299609
26.150922
25.791459
25.469997
24.997877
24.541388
23.855700
23.293988
22.571184
21.999322
21.467964
21.165078
20.847211
26.326437
26.041033
25.791452
25.418936
24.976412
24.481807
23.906860
23.232725
22.624695
22.013395
21.501326
21.145767
26.326443
26.150923
25.767241
25.507452
25.016388
24.552191
23.946824
23.381831
22.663258
22.160069
21.593267
26.299605
26.071852
25.796466
25.409357
25.038971
24.534986
23.966488
23.380575
22.769772
22.153532
26.325721
26.131491
25.810865
25.529748
25.035319
24.654169
24.049726
23.501969
22.872251
26.332741
26.074016
25.789713
25.473834
25.090675
24.596829
24.122812
23.550141
26.305357
26.177335
25.825996
25.545969
25.131483
24.751884
24.177590
26.330845
26.061803
25.852786
25.511388
25.146050
24.748780
26.346230
26.183781
25.829356
25.635832
25.215440
26.315581
26.113726
25.879986
25.553491
26.334472
26.182147
25.908776
26.367664
26.121888
26.335120
26.666177
26.862097
26.876620
27.065386
27.085965
27.197783
27.212592
27.319277
27.249858
27.344997
27.269655
27.271714
27.187264
27.184479
27.018529
27.020282
26.862667
26.799690
26.664030
26.631213
26.441855
26.438641
26.273633
26.647662
26.763522
26.911250
26.958198
27.086874
27.141881
27.185741
27.235772
27.273006
27.233888
27.258188
27.212625
27.146124
27.097500
27.032479
26.910859
26.855045
26.749177
26.635370
26.559267
26.466539
26.359284
26.693610
26.852655
26.921565
27.094121
27.079088
27.240583
27.228126
27.300522
27.281314
27.345904
27.235469
27.288263
27.171620
27.138617
27.025560
27.005423
26.824457
26.820477
26.658887
26.610797
26.466539
26.668930
26.797166
26.896359
27.002645
27.108490
27.129128
27.225786
27.245726
27.249668
27.261675
27.256644
27.178873
27.164416
27.085135
26.990262
26.926481
26.847447
26.720416
26.658917
26.559256
26.656426
26.885318
26.940980
27.075031
27.117127
27.252198
27.205946
27.331899
27.281828
27.314600
27.256724
27.282581
27.135681
27.158068
27.015027
26.971964
26.847456
26.820463
26.635348
26.692952
26.771220
26.934309
27.018751
27.088935
27.165001
27.232397
27.218573
27.276272
27.258142
27.223781
27.201937
27.160747
27.053904
27.015054
26.926475
26.824458
26.749196
26.682997
26.901363
26.914898
27.110025
27.125562
27.227770
27.236414
27.332689
27.249634
27.337641
27.250790
27.251526
27.160749
27.158053
26.990243
27.005425
26.855041
26.662665
26.803731
26.947746
26.995585
27.124603
27.171610
27.207496
27.248374
27.276468
27.227897
27.250808
27.201929
27.135685
27.085157
27.025577
26.910838
26.693606
26.873329
26.946855
27.118156
27.100156
27.260511
27.238359
27.304738
27.276476
27.337629
27.223769
27.282588
27.164413
27.138570
27.032504
26.689916
26.812990
26.922231
27.028100
27.129618
27.144745
27.238371
27.248371
27.249632
27.258158
27.256737
27.178850
27.171661
27.097507
26.665358
26.901866
26.951200
27.090889
27.129626
27.260502
27.207489
27.332689
27.276274
27.314562
27.256669
27.288242
27.146097
26.693350
26.785995
26.951202
27.028099
27.100152
27.171621
27.236423
27.218556
27.281863
27.261680
27.235458
27.212657
26.693357
26.901861
26.922231
27.118153
27.124611
27.227737
27.232421
27.331878
27.249646
27.345899
27.258204
26.665350
26.812996
26.946862
26.995571
27.125585
27.165007
27.205934
27.245750
27.281341
27.233852
26.689931
26.873299
26.947766
27.110008
27.088922
27.252187
27.225804
27.300452
27.273046
26.693616
26.803738
26.914886
27.018768
27.117150
27.129100
27.228172
27.235786
26.662661
26.901349
26.934332
27.074969
27.108525
27.240554
27.185713
26.683015
26.771195
26.941011
27.002659
27.079071
27.141912
26.692982
26.885293
26.896342
27.094099
27.086903
26.656407
26.797188
26.921598
26.958162
26.668966
26.852568
26.911293
26.693646
26.763545
26.647645
26.385967
26.264114
25.931285
25.721901
25.300929
24.886534
24.304464
23.741926
22.962438
22.353300
21.683990
21.238969
20.899735
20.806440
20.685256
20.813048
20.837512
20.970641
21.045875
21.224214
21.235899
21.427857
21.445375
21.546594
21.651116
21.563834
21.666643
21.601966
21.632788
21.569726
21.612129
21.477963
21.518417
21.396445
21.365292
21.246176
21.233491
21.049352
21.052797
20.901969
20.864729
20.749812
20.793832
20.690473
20.822978
20.845239
26.183645
26.100043
25.913775
25.727518
25.526000
25.292712
24.981404
24.708693
24.351590
23.958588
23.599705
23.186138
22.776782
22.431511
22.089134
21.762919
21.561833
21.325401
21.159085
21.041962
20.957928
20.830266
25.998527
25.877647
25.604681
25.452513
25.072663
24.876845
24.448892
24.119836
23.676980
23.313038
22.807491
22.502323
22.062958
21.782389
21.487507
21.322163
21.075714
21.049073
20.881293
20.860131
20.793766
25.708608
25.492819
25.187503
24.934822
24.580009
24.187522
23.804025
23.359726
22.896463
22.493132
22.089686
21.707978
21.461501
21.206426
21.018210
20.911655
20.825540
20.731959
20.752202
20.697108
25.352430
25.158692
24.741909
24.425585
23.974242
23.591822
23.044113
22.678682
22.175545
21.824300
21.480435
21.264778
20.998868
20.958753
20.798774
20.780812
20.726977
20.764942
20.687066
24.934111
24.565784
24.176143
23.737053
23.242874
22.793812
22.321784
21.868219
21.546567
21.232767
21.009418
20.883506
20.783256
20.704400
20.723464
20.699384
20.695971
20.732790
24.436269
24.052328
23.494286
23.090802
22.532694
22.101184
21.670412
21.376582
21.055178
20.964115
20.789986
20.772891
20.720480
20.774070
20.712716
20.832780
20.794913
23.787580
23.319771
22.795770
22.273583
21.851956
21.449780
21.137429
20.947557
20.808884
20.716045
20.717572
20.716317
20.722090
20.781897
20.819476
20.831383
23.137093
22.635126
22.107849
21.709675
21.275232
21.093724
20.854191
20.796063
20.722137
20.782064
20.724728
20.855601
20.842223
20.931333
20.950747
22.432250
21.926621
21.471077
21.173625
20.928533
20.774297
20.727898
20.718798
20.712683
20.789499
20.843188
20.877778
20.969240
21.020391
21.763972
21.441243
21.064216
20.905222
20.757277
20.778937
20.701138
20.835046
20.832932
20.934782
20.977486
21.103815
21.084955
21.268905
20.975913
20.813418
20.738042
20.684630
20.751603
20.799702
20.849195
20.956628
21.033629
21.084361
21.184077
20.940790
20.847588
20.692353
20.786062
20.764337
20.868107
20.923142
21.065302
21.068969
21.240674
21.257958
20.733073
20.720916
20.724354
20.759383
20.865567
20.954116
21.021601
21.145265
21.231474
21.291577
20.716027
20.767401
20.807650
20.945329
20.961166
21.149175
21.187754
21.318323
21.377241
20.746880
20.814165
20.878451
21.013084
21.112224
21.194704
21.321011
21.414932
20.798253
20.984005
21.025702
21.171069
21.248679
21.411511
21.427390
20.926247
21.011845
21.149377
21.260154
21.342872
21.478038
21.045640
21.215313
21.243659
21.448249
21.487800
21.128866
21.274593
21.378961
21.470485
21.261376
21.420930
21.493540
21.372076
21.479809
21.437917
26.571292
26.795862
26.724583
26.931460
26.901399
27.034122
27.021868
27.170413
27.096344
27.249957
27.197828
27.284012
27.238994
27.345858
27.236613
27.351553
27.266410
27.324809
27.245533
27.340196
27.199871
27.308432
27.194211
26.252824
26.246180
26.240315
26.210497
26.246161
26.257666
26.257750
26.320803
26.360645
26.388259
26.473100
26.539280
26.579036
26.683705
26.749808
26.803661
26.893831
26.969967
26.991578
27.091149
27.117299
27.166236
26.351935
26.392876
26.339189
26.412403
26.327710
26.443729
26.402754
26.481309
26.487763
26.606400
26.571101
26.731062
26.727086
26.840409
26.864162
27.003984
26.964914
27.134037
27.096505
27.213259
27.189495
26.460432
26.456555
26.433807
26.466152
26.482460
26.479960
26.537996
26.578391
26.594643
26.677689
26.728497
26.767584
26.848820
26.918585
26.940295
27.040351
27.074372
27.111243
27.166624
27.213761
26.527441
26.626045
26.560865
26.618104
26.592055
26.690076
26.626493
26.763964
26.740094
26.834601
26.844364
26.972974
26.927546
27.088826
27.058823
27.165464
27.151692
27.273603
27.192051
26.668064
26.645440
26.680485
26.699165
26.692803
26.749192
26.782682
26.798040
26.864486
26.917347
26.931471
27.017867
27.052841
27.085059
27.141560
27.189761
27.178521
27.252195
26.758635
26.842639
26.753550
26.870972
26.824858
26.898489
26.887239
27.000045
26.939144
27.086952
27.050082
27.147554
27.133294
27.251353
27.172719
27.315348
27.242104
26.841423
26.882665
26.897561
26.890746
26.939975
26.973705
26.972073
27.042455
27.066649
27.089246
27.137796
27.182997
27.171612
27.240614
27.240119
27.245345
26.954688
27.013812
26.984131
27.079305
27.000009
27.132194
27.081382
27.166762
27.142178
27.252588
27.170629
27.306910
27.237599
27.314579
27.264351
27.053089
27.069429
27.054385
27.106485
27.119217
27.126051
27.164842
27.198660
27.183036
27.242168
27.243248
27.244760
27.266181
27.279561
27.091290
27.207797
27.144186
27.214837
27.177790
27.277823
27.188414
27.313586
27.243964
27.313196
27.263753
27.349464
27.235039
27.191502
27.182002
27.211795
27.233610
27.209949
27.257469
27.256247
27.248785
27.269411
27.279744
27.238673
27.272996
27.225075
27.314964
27.214604
27.330927
27.255729
27.318228
27.264788
27.347442
27.232818
27.340454
27.235084
27.238225
27.276411
27.271422
27.255166
27.271219
27.278026
27.234424
27.266788
27.235346
27.209290
27.262655
27.318781
27.259286
27.340911
27.222467
27.329392
27.223729
27.274127
27.187394
27.264094
27.268116
27.222758
27.250154
27.219584
27.193447
27.182290
27.171096
27.195651
27.301634
27.197880
27.250191
27.163402
27.231289
27.081739
27.190646
27.161492
27.152413
27.141335
27.072410
27.084130
27.111883
27.190029
27.046478
27.140474
27.003555
27.029884
27.038682
26.989130
26.941737
26.944407
26.997856
26.877386
26.857130
26.828644
26.690949
26.400852
26.426278
26.153457
26.142414
25.869370
25.747631
25.469159
25.297191
24.914134
24.712085
24.289000
23.980117
23.568010
23.249386
22.794491
22.554431
22.159444
21.932611
21.661609
21.518010
21.266719
21.249164
21.064519
21.243481
21.733910
22.189820
22.934534
23.490124
24.207289
24.742544
25.311855
25.642284
26.098425
26.294819
26.581549
26.724354
26.942072
26.969441
27.172421
27.162949
27.273568
27.259784
27.347034
27.249591
27.348904
27.227066
26.521653
26.581973
26.716215
26.732074
26.865194
26.909020
26.971305
27.026553
27.106187
27.099012
27.181550
27.196939
27.213691
27.235940
27.272940
27.235950
27.277807
27.269004
27.249153
27.249307
27.261286
27.215878
26.397476
26.592772
26.595130
26.797662
26.744819
26.946446
26.921228
27.051256
27.036545
27.183090
27.105749
27.256293
27.199517
27.287118
27.234766
27.347746
27.231074
27.352293
27.261098
27.331463
27.243104
26.322141
26.398315
26.511166
26.596876
26.726925
26.747476
26.878175
26.924062
26.982366
27.037039
27.113006
27.104460
27.181673
27.197977
27.209364
27.230835
27.264504
27.229070
27.267392
27.263073
26.132368
26.385125
26.399852
26.582987
26.602758
26.802607
26.756153
26.953294
26.932101
27.058840
27.040076
27.187733
27.104005
27.254233
27.191015
27.280948
27.220404
27.340011
27.222691
26.040319
26.118580
26.302356
26.396715
26.509586
26.602125
26.731331
26.757805
26.881527
26.931520
26.984672
27.038031
27.109593
27.099493
27.170787
27.187243
27.197999
27.218339
25.838793
26.093711
26.112110
26.368108
26.399245
26.581136
26.607977
26.806201
26.762002
26.955897
26.933074
27.058134
27.032554
27.181077
27.091530
27.242444
27.180986
25.637604
25.815770
26.009421
26.103312
26.290859
26.397839
26.506996
26.605384
26.732045
26.761033
26.878155
26.929277
26.977282
27.027109
27.099290
27.087468
25.431396
25.683693
25.802645
26.072786
26.103792
26.359795
26.401117
26.581992
26.608968
26.806730
26.759971
26.949952
26.923981
27.047921
27.020912
25.183451
25.403982
25.596913
25.791701
25.993594
26.099405
26.284555
26.400481
26.506470
26.606037
26.728240
26.755345
26.869348
26.919258
24.873712
25.229436
25.393069
25.660060
25.791487
26.069000
26.105973
26.361365
26.404417
26.581749
26.604927
26.800803
26.751703
24.606547
24.850890
25.143838
25.386709
25.585999
25.790093
25.996463
26.106783
26.287275
26.404129
26.506107
26.602856
24.262933
24.666427
24.850690
25.220653
25.397474
25.671121
25.801904
26.081481
26.116293
26.367816
26.406886
23.896575
24.260584
24.599815
24.857845
25.155209
25.408288
25.609525
25.812966
26.016048
26.121756
23.579544
23.989732
24.285171
24.703702
24.890224
25.260849
25.436601
25.708348
25.828147
23.207885
23.615470
23.950878
24.318430
24.664363
24.925827
25.215268
25.458053
22.855531
23.346799
23.683614
24.096999
24.381125
24.796179
24.964667
22.558313
22.933280
23.344173
23.758529
24.087586
24.430586
22.262181
22.754337
23.050024
23.524824
23.833876
21.964937
22.375896
22.785698
23.140441
21.805545
22.199211
22.493284
21.553395
21.923581
21.423003
26.385907
26.264165
25.931295
25.721935
25.300902
24.886616
24.304435
23.741967
22.962449
22.353318
21.683962
21.238996
20.899688
20.806434
20.685230
20.813033
20.837480
20.970640
21.045844
21.224208
21.235881
21.427849
21.445359
21.546587
21.651111
21.563831
21.666639
21.601953
21.632804
21.569704
21.612135
21.477962
21.518422
21.396418
21.365335
21.246137
21.233509
21.049350
21.052814
20.901923
20.864802
20.749755
20.793866
20.690466
20.823023
20.845170
26.183675
26.100001
25.913740
25.727536
25.525985
25.292657
24.981453
24.708657
24.351564
23.958612
23.599694
23.186080
22.776823
22.431461
22.089091
21.762919
21.561794
21.325322
21.159098
21.041889
20.957866
20.830254
25.998497
25.877750
25.604671
25.452550
25.072713
24.876902
24.448876
24.119951
23.676982
23.313079
22.807542
22.502376
22.062929
21.782489
21.487481
21.322189
21.075737
21.049108
20.881243
20.860228
20.793717
25.708596
25.492772
25.187544
24.934790
24.579989
24.187545
23.804020
23.359680
22.896502
22.493093
22.089648
21.707980
21.461465
21.206352
21.018218
20.911588
20.825479
20.731947
20.752145
20.697039
25.352470
25.158742
24.741895
24.425686
23.974243
23.591860
23.044160
22.678730
22.175522
21.824387
21.480413
21.264794
20.998887
20.958777
20.798727
20.780889
20.726935
20.764966
20.687075
24.934097
24.565801
24.176143
23.737013
23.242915
22.793782
22.321757
21.868223
21.546537
21.232700
21.009424
20.883444
20.783198
20.704385
20.723412
20.699314
20.695966
20.732730
24.436274
24.052363
23.494328
23.090848
22.532678
22.101262
21.670397
21.376594
21.055195
20.964131
20.789942
20.772951
20.720443
20.774079
20.712724
20.832803
20.794871
23.787616
23.319750
22.795754
22.273590
21.851939
21.449724
21.137437
20.947501
20.808831
20.716027
20.717526
20.716250
20.722086
20.781842
20.819422
20.831373
23.137089
22.635195
22.107845
21.709688
21.275249
21.093738
20.854152
20.796109
20.722105
20.782064
20.724734
20.855614
20.842183
20.931390
20.950716
22.432246
21.926580
21.471088
21.173581
20.928490
20.774278
20.727859
20.718736
20.712676
20.789447
20.843139
20.877765
20.969201
21.020339
21.763994
21.441258
21.064188
20.905255
20.757251
20.778931
20.701140
20.835052
20.832896
20.934825
20.977460
21.103822
21.084964
21.268876
20.975895
20.813387
20.737985
20.684622
20.751554
20.799658
20.849179
20.956593
21.033579
21.084358
21.184037
20.940773
20.847579
20.692353
20.786061
20.764305
20.868136
20.923118
21.065301
21.068975
21.240684
21.257932
20.733063
20.720873
20.724315
20.759363
20.865537
20.954069
21.021597
21.145227
21.231440
21.291568
20.716002
20.767414
20.807630
20.945321
20.961168
21.149178
21.187730
21.318353
21.377225
20.746854
20.814120
20.878443
21.013048
21.112194
21.194690
21.320989
21.414897
20.798252
20.984001
21.025683
21.171085
21.248666
21.411511
21.427395
20.926220
21.011826
21.149358
21.260121
21.342868
21.478011
21.045632
21.215305
21.243662
21.448248
21.487786
21.128858
21.274569
21.378943
21.470474
21.261367
21.420934
21.493534
21.372065
21.479789
21.437917
26.571236
26.795914
26.724613
26.931486
26.901359
27.034254
27.021800
27.170463
27.096403
27.249976
27.197788
27.284184
27.238916
27.345921
27.236704
27.351583
27.266367
27.325033
27.245445
27.340284
27.199977
27.308497
27.194149
26.252847
26.246154
26.240293
26.210515
26.246142
26.257599
26.257818
26.320740
26.360595
26.388314
26.473060
26.539179
26.579145
26.683613
26.749741
26.803728
26.893779
26.969839
26.991693
27.091035
27.117212
27.166278
26.351918
26.392927
26.339181
26.412403
26.327765
26.443748
26.402700
26.481443
26.487713
26.606407
26.571176
26.731097
26.726988
26.840609
26.864075
27.004015
26.964985
27.134106
27.096377
27.213509
27.189399
26.460438
26.456502
26.433852
26.466106
26.482418
26.479996
26.537966
26.578305
26.594729
26.677614
26.728432
26.767645
26.848774
26.918468
26.940404
27.040253
27.074292
27.111299
27.166572
27.213609
26.527470
26.626066
26.560829
26.618200
26.592028
26.690079
26.626558
26.763993
26.740018
26.834767
26.844300
26.972991
26.927620
27.088878
27.058711
27.165683
27.151606
27.273642
27.192124
26.668041
26.645454
26.680471
26.699094
26.692865
26.749134
26.782626
26.798089
26.864447
26.917245
26.931564
27.017785
27.052766
27.085116
27.141513
27.189628
27.178626
27.252087
26.758627
26.842639
26.753598
26.870999
26.824804
26.898618
26.887197
27.000054
26.939215
27.086993
27.049991
27.147741
27.133225
27.251377
27.172791
27.315415
27.241991
26.841462
26.882626
26.897517
26.890776
26.939945
26.973620
26.972145
27.042387
27.066579
27.089297
27.137753
27.182881
27.171706
27.240523
27.240039
27.245387
26.954652
27.013900
26.984109
27.079311
27.000068
27.132228
27.081311
27.166916
27.142127
27.252601
27.170699
27.306962
27.237501
27.314775
27.264286
27.053074
27.069363
27.054434
27.106432
27.119157
27.126090
27.164804
27.198561
27.183113
27.242091
27.243172
27.244803
27.266139
27.279431
27.091331
27.207826
27.144136
27.214955
27.177757
27.277832
27.188478
27.313629
27.243884
27.313363
27.263700
27.349483
27.235109
27.191457
27.182026
27.211764
27.233529
27.210005
27.257407
27.256177
27.248823
27.269371
27.279632
27.238749
27.272912
27.225056
27.314971
27.214656
27.330963
27.255669
27.318365
27.264749
27.347456
27.232882
27.340505
27.235000
27.238261
27.276364
27.271362
27.255194
27.271181
27.277933
27.234482
27.266718
27.235272
27.209323
27.262612
27.318885
27.259259
27.340923
27.222523
27.329435
27.223662
27.274275
27.187353
27.264063
27.268044
27.222797
27.250096
27.219517
27.193474
27.182249
27.170996
27.195692
27.301669
27.197830
27.250314
27.163370
27.231307
27.081795
27.190591
27.161512
27.152372
27.141252
27.072453
27.084068
27.111859
27.190048
27.046527
27.140519
27.003499
27.029910
27.038628
26.989067
26.941757
26.944367
26.997971
26.877359
26.857086
26.828575
26.690988
26.400827
26.426314
26.153499
26.142465
25.869338
25.747749
25.469149
25.297231
24.914194
24.712148
24.288979
23.980247
23.568007
23.249432
22.794546
22.554490
22.159411
21.932728
21.661580
21.518050
21.266745
21.249217
21.064469
21.243396
21.733972
22.189814
22.934609
23.490038
24.207448
24.742471
25.311914
25.642291
26.098508
26.294698
26.581736
26.724255
26.942122
26.969450
27.172514
27.162789
27.273799
27.259659
27.347094
27.249603
27.349030
27.226873
26.521671
26.581926
26.716165
26.732120
26.865111
26.908986
26.971331
27.026484
27.106114
27.099074
27.181433
27.196889
27.213722
27.235844
27.272840
27.236023
27.277657
27.268935
27.249184
27.249190
27.261157
27.215961
26.397443
26.592892
26.595072
26.797713
26.744862
26.946470
26.921189
27.051407
27.036472
27.183149
27.105820
27.256320
27.199477
27.287315
27.234682
27.347825
27.231168
27.352339
27.261046
27.331718
27.242993
26.322078
26.398290
26.511190
26.596822
26.726866
26.747529
26.878077
26.924023
26.982390
27.036959
27.112919
27.104527
27.181537
27.197924
27.209388
27.230735
27.264386
27.229155
27.267217
27.263018
26.132407
26.385156
26.399819
26.583121
26.602696
26.802664
26.756208
26.953322
26.932062
27.059012
27.039999
27.187805
27.104084
27.254272
27.190969
27.281170
27.220307
27.340112
27.222775
26.040273
26.118631
26.302280
26.396688
26.509609
26.602064
26.731260
26.757865
26.881412
26.931477
26.984691
27.037946
27.109491
27.099568
27.170632
27.187195
27.198010
27.218243
25.838750
26.093767
26.112157
26.368141
26.399212
26.581286
26.607911
26.806267
26.762065
26.955933
26.933034
27.058327
27.032470
27.181164
27.091607
27.242495
27.180937
25.637627
25.815732
26.009367
26.103369
26.290769
26.397809
26.507014
26.605317
26.731960
26.761098
26.878023
26.929236
26.977293
27.027025
27.099178
27.087546
25.431378
25.683826
25.802598
26.072849
26.103847
26.359834
26.401084
26.582160
26.608898
26.806808
26.760038
26.949999
26.923938
27.048127
27.020826
25.183387
25.403971
25.596934
25.791658
25.993529
26.099466
26.284450
26.400449
26.506481
26.605968
26.728144
26.755414
26.869207
26.919216
24.873765
25.229481
25.393048
25.660208
25.791436
26.069073
26.106032
26.361413
26.404383
26.581931
26.604855
26.800889
26.751772
24.606503
24.850953
25.143762
25.386694
25.586015
25.790045
25.996386
26.106847
26.287157
26.404096
26.506115
26.602785
24.262900
24.666497
24.850747
25.220705
25.397451
25.671284
25.801851
26.081562
26.116356
26.367868
26.406852
23.896596
24.260557
24.599759
24.857909
25.155119
25.408267
25.609535
25.812913
26.015964
26.121820
23.579529
23.989876
24.285134
24.703780
24.890285
25.260908
25.436578
25.708519
25.828093
23.207815
23.615462
23.950892
24.318396
24.664295
24.925888
25.215169
25.458029
22.855577
23.346854
23.683611
24.097141
24.381089
24.796262
24.964728
22.558253
22.933362
23.344091
23.758484
24.087593
24.430547
22.262138
22.754419
23.050062
23.524888
23.833858
21.964935
22.375859
22.785627
23.140491
21.805508
22.199347
22.493248
21.553311
21.923544
21.423025
26.400828
26.426314
26.153499
26.142462
25.869334
25.747743
25.469143
25.297222
24.914187
24.712137
24.288973
23.980243
23.568002
23.249437
22.794554
22.554497
22.159424
21.932744
21.661595
21.518061
21.266753
21.249221
21.064472
21.437924
21.479797
21.493542
21.470482
21.487794
21.478021
21.427403
21.414906
21.377231
21.291577
21.257939
21.184047
21.084970
21.020351
20.950722
20.831379
20.794884
20.732730
20.687091
20.697050
20.793723
20.830258
21.372073
21.420943
21.378952
21.448257
21.342878
21.411519
21.320998
21.318361
21.231452
21.240692
21.084369
21.103831
20.969213
20.931399
20.819428
20.832820
20.695967
20.764986
20.752157
20.860236
20.957872
21.261378
21.274579
21.243672
21.260132
21.248676
21.194702
21.187741
21.145240
21.068985
21.033591
20.977472
20.877778
20.842198
20.781847
20.712745
20.699318
20.726955
20.731964
20.881254
21.041899
21.128869
21.215317
21.149369
21.171097
21.112206
21.149191
21.021610
21.065314
20.956606
20.934839
20.843153
20.855632
20.722094
20.774102
20.723418
20.780907
20.825498
21.049120
21.159109
21.045645
21.011839
21.025697
21.013062
20.961182
20.954085
20.923130
20.849198
20.832910
20.789465
20.724749
20.716268
20.720463
20.704399
20.798741
20.911609
21.075750
21.325335
20.926234
20.984017
20.878458
20.945336
20.865556
20.868149
20.799679
20.835068
20.712696
20.782080
20.717546
20.772971
20.783217
20.958789
21.018237
21.322205
21.561805
20.798268
20.814140
20.807646
20.759382
20.764322
20.751573
20.701160
20.718756
20.722126
20.716044
20.789966
20.883461
20.998905
21.206366
21.487500
21.762929
20.746874
20.767432
20.724336
20.786079
20.684646
20.778948
20.727880
20.796133
20.808845
20.964154
21.009438
21.264815
21.461473
21.782504
22.089102
20.716018
20.720897
20.692369
20.738008
20.757271
20.774295
20.854176
20.947518
21.055214
21.232714
21.480426
21.707994
22.062936
22.431470
20.733087
20.847597
20.813403
20.905278
20.928504
21.093757
21.137453
21.376606
21.546549
21.824394
22.089655
22.502382
22.776821
20.940793
20.975910
21.064205
21.173595
21.275264
21.449732
21.670408
21.868228
22.175529
22.493088
22.807546
23.186080
21.268887
21.441269
21.471095
21.709696
21.851943
22.101264
22.321756
22.678727
22.896500
23.313072
23.599689
21.763999
21.926583
22.107845
22.273590
22.532674
22.793776
23.044156
23.359669
23.676975
23.958600
22.432241
22.635189
22.795745
23.090841
23.242904
23.591850
23.804007
24.119940
24.351554
23.137080
23.319740
23.494317
23.737002
23.974231
24.187533
24.448865
24.708646
23.787602
24.052350
24.176129
24.425674
24.579975
24.876893
24.981440
24.436262
24.565789
24.741885
24.934780
25.072703
25.292650
24.934085
25.158731
25.187535
25.452542
25.525976
25.352462
25.492764
25.604666
25.727530
25.708590
25.877744
25.913737
25.998494
26.099998
26.183674
26.666132
26.862135
26.876640
27.065426
27.085910
27.197879
27.212554
27.319291
27.249880
27.345028
27.269599
27.271795
27.187234
27.184481
27.018541
27.020307
26.862614
26.799736
26.664008
26.631203
26.441846
26.438657
26.273598
26.163729
26.214737
26.105615
26.191520
26.118426
26.169680
26.151935
26.243940
26.196024
26.339002
26.331946
26.438580
26.474113
26.615901
26.603042
26.781087
26.786427
26.915006
26.938004
27.083437
27.035702
27.210146
27.153642
26.690991
26.828578
26.877365
26.941763
27.003504
27.084073
27.081802
27.171001
27.187357
27.209329
27.235008
27.272918
27.235114
27.279438
27.264297
27.245397
27.242001
27.252093
27.192129
27.213612
27.189402
27.166278
26.857089
26.997974
26.989071
27.140524
27.072456
27.231312
27.182254
27.274280
27.235275
27.340510
27.238755
27.349489
27.266142
27.314778
27.240044
27.315424
27.178634
27.273649
27.166575
27.213511
27.117213
26.944371
27.038632
27.046532
27.141258
27.163376
27.193479
27.223668
27.266724
27.232887
27.279637
27.263706
27.244810
27.237507
27.240525
27.172795
27.189634
27.151616
27.111307
27.096385
27.091039
27.029914
27.190053
27.152376
27.250319
27.219521
27.329439
27.234487
27.347460
27.269374
27.313366
27.243174
27.306966
27.171710
27.251378
27.141510
27.165680
27.074291
27.134107
26.991694
27.111864
27.161517
27.197834
27.250101
27.222528
27.277938
27.264754
27.248827
27.243889
27.242098
27.170703
27.182883
27.133231
27.085123
27.058715
27.040251
26.964983
26.969837
27.190595
27.301674
27.222801
27.340927
27.271184
27.318368
27.256180
27.313630
27.183112
27.252606
27.137757
27.147739
27.052765
27.088882
26.940411
27.004022
26.893782
27.195697
27.268048
27.259263
27.255198
27.255672
27.257411
27.188483
27.198563
27.142125
27.089298
27.049997
27.017786
26.927616
26.918465
26.864077
26.803733
27.264066
27.318888
27.271366
27.330965
27.210007
27.277835
27.164807
27.166919
27.066578
27.086990
26.931563
26.972991
26.848772
26.840602
26.749731
27.262615
27.276367
27.214658
27.233532
27.177757
27.126092
27.081314
27.042391
26.939220
26.917250
26.844303
26.767648
26.726995
26.683622
27.238263
27.314974
27.211769
27.214956
27.119157
27.132228
26.972144
27.000049
26.864443
26.834766
26.728431
26.731090
26.579136
27.225057
27.182027
27.144139
27.106437
27.000069
26.973624
26.887203
26.798091
26.740018
26.677615
26.571180
26.539182
27.191458
27.207823
27.054434
27.079310
26.939943
26.898617
26.782627
26.763994
26.594730
26.606407
26.473060
27.091334
27.069363
26.984111
26.890778
26.824800
26.749132
26.626558
26.578303
26.487712
26.388313
27.053075
27.013899
26.897519
26.871002
26.692866
26.690082
26.537969
26.481443
26.360596
26.954652
26.882621
26.753595
26.699093
26.592023
26.479994
26.402699
26.320736
26.841467
26.842640
26.680472
26.618202
26.482420
26.443748
26.257822
26.758628
26.645453
26.560826
26.466108
26.327763
26.257597
26.668041
26.626063
26.433851
26.412401
26.246142
26.527472
26.456503
26.339179
26.210516
26.460438
26.392925
26.240292
26.351916
26.246155
26.252847
26.571237
26.795917
26.724616
26.931490
26.901362
27.034258
27.021805
27.170466
27.096406
27.249983
27.197792
27.284188
27.238920
27.345929
27.236712
27.351590
27.266372
27.325038
27.245449
27.340288
27.199979
27.308499
27.194148
21.423026
21.923547
22.493247
23.140494
23.833857
24.430549
24.964726
25.458030
25.828091
26.121821
26.406850
26.602787
26.751771
26.919218
27.020825
27.087549
27.180936
27.218246
27.222776
27.263022
27.242994
27.215964
21.553314
22.199349
22.785629
23.524889
24.087593
24.796261
25.215168
25.708518
26.015963
26.367868
26.506115
26.800889
26.869208
27.048128
27.099180
27.242497
27.198014
27.340116
27.267222
27.331722
27.261161
21.805512
22.375864
23.050077
23.758514
24.381087
24.925889
25.436576
25.812913
26.116354
26.404098
26.604854
26.755417
26.923938
27.027029
27.091609
27.187201
27.220311
27.229163
27.261051
27.249198
21.964943
22.754412
23.344095
24.097156
24.664295
25.260908
25.609534
26.081562
26.287157
26.581931
26.728145
26.950001
26.977296
27.181169
27.170638
27.281177
27.264395
27.352347
27.249192
22.262148
22.933343
23.683600
24.318399
24.890283
25.408268
25.801848
26.106848
26.404382
26.605970
26.760039
26.929241
27.032474
27.099577
27.190976
27.230746
27.231176
27.268944
22.558265
23.346862
23.950895
24.703780
25.155116
25.671282
25.996384
26.361413
26.506483
26.806812
26.878028
27.058333
27.109500
27.254281
27.209398
27.347833
27.277664
22.855583
23.615465
24.285130
24.857906
25.397446
25.790043
26.106031
26.400453
26.608901
26.761105
26.933039
27.037955
27.104090
27.197933
27.234687
27.236031
23.207817
23.989874
24.599755
25.220702
25.586014
26.069074
26.284452
26.582163
26.731964
26.955937
26.984695
27.187809
27.181542
27.287320
27.272847
23.579528
24.260557
24.850743
25.386692
25.791432
26.099466
26.401082
26.605318
26.762065
26.931480
27.040000
27.104534
27.199482
27.235854
23.896593
24.666493
25.143754
25.660202
25.993523
26.359830
26.507013
26.806268
26.881415
27.059018
27.112927
27.256328
27.213732
24.262890
24.850946
25.393041
25.791655
26.103845
26.397814
26.607915
26.757873
26.932068
27.036968
27.105826
27.196897
24.606499
25.229479
25.596933
26.072850
26.290770
26.581288
26.731262
26.953324
26.982392
27.183151
27.181436
24.873755
25.403964
25.802589
26.103363
26.399206
26.602061
26.756204
26.924023
27.036473
27.099079
25.183376
25.683818
26.009362
26.368138
26.509609
26.802666
26.878081
27.051412
27.106121
25.431372
25.815730
26.112155
26.396690
26.602697
26.747534
26.921192
27.026489
25.637619
26.093762
26.302277
26.583120
26.726867
26.946471
26.971333
25.838744
26.118629
26.399818
26.596824
26.744864
26.908991
26.040271
26.385156
26.511192
26.797717
26.865116
26.132403
26.398291
26.595072
26.732123
26.322077
26.592893
26.716168
26.397444
26.581930
26.521672
21.546588
21.651109
21.563828
21.666637
21.601961
21.632782
21.569720
21.612123
21.477960
21.518411
21.396442
21.365287
21.246173
21.233487
21.049353
21.052793
20.901967
20.864732
20.749807
20.793839
20.690476
20.822980
20.845239
21.641246
21.671149
21.703354
21.676066
21.699582
21.693130
21.640653
21.634073
21.590000
21.509659
21.462842
21.397044
21.276407
21.218604
21.119428
21.002036
20.921566
20.854339
20.732281
20.728625
20.700385
20.749215
21.754677
21.827071
21.786834
21.872932
21.764676
21.843303
21.750436
21.751224
21.657659
21.667052
21.496807
21.508527
21.352085
21.294270
21.149558
21.122515
20.916707
20.931586
20.772485
20.775219
20.700387
21.845581
21.878580
21.863537
21.888169
21.885441
21.836798
21.826570
21.787962
21.696896
21.659445
21.575092
21.463160
21.383602
21.289739
21.142481
21.072204
20.954615
20.841771
20.772484
20.728628
21.911354
22.027555
21.971192
22.012821
21.951901
22.002094
21.864463
21.908377
21.775939
21.740353
21.609914
21.584473
21.380039
21.367835
21.182783
21.113418
20.954615
20.931587
20.732278
22.023029
22.017256
22.045162
22.047072
21.997479
21.995023
21.949317
21.868090
21.815942
21.739466
21.608500
21.539567
21.420090
21.282481
21.182783
21.072203
20.916706
20.854341
22.091372
22.182852
22.085868
22.170406
22.077854
22.082445
21.986111
21.993359
21.815939
21.820705
21.649058
21.580251
21.420090
21.367834
21.142481
21.122513
20.921564
22.136150
22.177154
22.172354
22.133246
22.121595
22.083325
21.989923
21.950734
21.858028
21.737839
21.649058
21.539566
21.380039
21.289738
21.149558
21.002032
22.217427
22.265636
22.211313
22.260605
22.124709
22.167335
22.030679
21.993414
21.858029
21.820703
21.608502
21.584471
21.383602
21.294267
21.119429
22.256617
22.264978
22.216083
22.219243
22.167380
22.086123
22.030679
21.950733
21.815940
21.739462
21.609915
21.463157
21.352084
21.218601
22.258415
22.346927
22.256228
22.263180
22.167380
22.167336
21.989920
21.993358
21.815944
21.740347
21.575094
21.508523
21.276405
22.298439
22.266172
22.256228
22.219241
22.124708
22.083327
21.986107
21.868088
21.775941
21.659438
21.496807
21.397041
22.298439
22.346924
22.216082
22.260603
22.121594
22.082446
21.949312
21.908374
21.696897
21.667046
21.462841
22.258414
22.264972
22.211311
22.133245
22.077853
21.995021
21.864459
21.787958
21.657658
21.509653
22.256614
22.265627
22.172354
22.170406
21.997475
22.002090
21.826569
21.751219
21.589998
22.217424
22.177148
22.085870
22.047071
21.951896
21.836794
21.750434
21.634068
22.136149
22.182850
22.045162
22.012816
21.885438
21.843299
21.640650
22.091373
22.017256
21.971188
21.888163
21.764672
21.693126
22.023027
22.027550
21.863533
21.872927
21.699578
21.911350
21.878576
21.786829
21.676061
21.845577
21.827066
21.703349
21.754672
21.671143
21.641241
21.611085
21.782866
21.787504
21.977433
21.986089
22.109169
22.143391
22.264884
22.225704
22.348937
22.306078
22.349057
22.306079
22.348940
22.225710
22.264889
22.143392
22.109169
21.986092
21.977438
21.787509
21.782873
21.611091
21.546595
21.651118
21.563838
21.666646
21.601959
21.632811
21.569711
21.612141
21.477970
21.518428
21.396425
21.365340
21.246145
21.233514
21.049359
21.052819
20.901927
20.864811
20.749755
20.793877
20.690472
20.823027
20.845170
21.641237
21.671142
21.703339
21.676069
21.699561
21.693121
21.640647
21.634057
21.589972
21.509667
21.462805
21.397025
21.276401
21.218576
21.119384
21.002047
20.921511
20.854304
20.732271
20.728583
20.700319
20.749225
21.754671
21.827074
21.786823
21.872933
21.764675
21.843306
21.750420
21.751253
21.657634
21.667065
21.496807
21.508540
21.352052
21.294326
21.149515
21.122540
20.916702
20.931615
20.772428
20.775309
20.700322
21.845572
21.878575
21.863531
21.888159
21.885423
21.836804
21.826547
21.787952
21.696892
21.659427
21.575062
21.463172
21.383564
21.289716
21.142476
21.072175
20.954564
20.841786
20.772427
20.728588
21.911351
22.027553
21.971182
22.012833
21.951884
22.002099
21.864462
21.908387
21.775918
21.740393
21.609884
21.584492
21.380039
21.367856
21.182741
21.113488
20.954565
20.931618
20.732272
22.023024
22.017259
22.045152
22.047068
21.997476
21.995011
21.949295
21.868100
21.815917
21.739452
21.608499
21.539549
21.420055
21.282496
21.182741
21.072176
20.916704
20.854310
22.091371
22.182856
22.085870
22.170413
22.077844
22.082469
21.986091
21.993372
21.815940
21.820721
21.649030
21.580302
21.420056
21.367858
21.142479
21.122541
20.921515
22.136146
22.177149
22.172344
22.133251
22.121582
22.083319
21.989922
21.950723
21.858006
21.737852
21.649030
21.539549
21.380040
21.289718
21.149520
21.002050
22.217420
22.265639
22.211302
22.260611
22.124711
22.167346
22.030662
21.993448
21.858006
21.820720
21.608503
21.584493
21.383567
21.294329
21.119390
22.256609
22.264972
22.216080
22.219237
22.167368
22.086132
22.030662
21.950724
21.815942
21.739451
21.609889
21.463173
21.352056
21.218580
22.258413
22.346929
22.256220
22.263198
22.167368
22.167347
21.989923
21.993373
21.815921
21.740392
21.575068
21.508544
21.276407
22.298436
22.266175
22.256221
22.219238
22.124709
22.083321
21.986093
21.868101
21.775923
21.659427
21.496814
21.397029
22.298437
22.346929
22.216085
22.260612
22.121580
22.082473
21.949298
21.908388
21.696899
21.667066
21.462813
22.258417
22.264974
22.211308
22.133252
22.077841
21.995018
21.864465
21.787952
21.657641
21.509670
22.256616
22.265642
22.172349
22.170412
21.997478
22.002105
21.826551
21.751256
21.589980
22.217427
22.177149
22.085871
22.047068
21.951890
21.836807
21.750424
21.634062
22.136151
22.182854
22.045154
22.012837
21.885429
21.843309
21.640653
22.091371
22.017259
21.971187
21.888164
21.764680
21.693126
22.023026
22.027558
21.863537
21.872938
21.699567
21.911355
21.878579
21.786828
21.676074
21.845577
21.827079
21.703345
21.754677
21.671148
21.641244
26.105446
26.058904
25.869441
25.831552
25.662887
25.576224
25.441722
25.398021
25.243855
25.255805
25.167311
25.174014
25.167311
25.255803
25.243851
25.398023
25.441724
25.576221
25.662884
25.831552
25.869440
26.058904
26.105444
26.163720
26.214742
26.105583
26.191513
26.118452
26.169593
26.151967
26.243936
26.195959
26.338980
26.332022
26.438411
26.474186
26.615890
26.602957
26.781053
26.786534
26.914773
26.938114
27.083379
27.035639
27.210047
27.153784
26.047637
26.040233
26.017372
25.988145
26.017675
26.029666
26.030378
26.095669
26.141899
26.175041
26.271384
26.341813
26.400064
26.507499
26.594955
26.652629
26.765197
26.842411
26.897524
26.983650
27.052763
27.078772
25.947100
25.959031
25.902129
25.957292
25.875264
25.985051
25.953626
26.035391
26.059521
26.186651
26.178995
26.350624
26.377512
26.508552
26.562771
26.724467
26.717028
26.907176
26.910306
27.040586
27.052762
25.837081
25.810402
25.764083
25.792667
25.800309
25.802225
25.870899
25.923457
25.966715
26.069323
26.158008
26.222143
26.348338
26.444595
26.519522
26.642252
26.735290
26.800599
26.910305
26.983650
25.696573
25.751265
25.676062
25.710672
25.698812
25.788969
25.757542
25.907441
25.928646
26.048501
26.116107
26.276524
26.297049
26.492822
26.534504
26.680610
26.735289
26.907177
26.897524
25.608984
25.560243
25.574133
25.583556
25.583665
25.655781
25.716349
25.766956
25.885308
25.981607
26.064309
26.199464
26.312778
26.398144
26.534502
26.642254
26.717022
26.842412
25.500666
25.530006
25.446878
25.544508
25.527224
25.611697
25.658879
25.801040
25.823629
26.014904
26.075258
26.225839
26.312779
26.492822
26.519520
26.724472
26.765189
25.374443
25.386433
25.388365
25.391413
25.465363
25.534287
25.594827
25.721258
25.833794
25.925704
26.075258
26.199463
26.297049
26.444596
26.562766
26.652638
25.312327
25.330855
25.320263
25.409251
25.392879
25.552183
25.599889
25.737786
25.833794
26.014903
26.064312
26.276522
26.348338
26.508554
26.594947
25.244496
25.248283
25.247643
25.325212
25.396427
25.464645
25.599888
25.721259
25.823626
25.981606
26.116110
26.222142
26.377510
26.507504
25.167279
25.258368
25.248447
25.335921
25.396430
25.552181
25.594826
25.801042
25.885306
26.048499
26.158012
26.350623
26.400063
25.165167
25.171057
25.248447
25.325209
25.392884
25.534283
25.658878
25.766954
25.928648
26.069319
26.178997
26.341811
25.165169
25.258363
25.247648
25.409246
25.465368
25.611692
25.716351
25.907434
25.966721
26.186646
26.271385
25.167280
25.248273
25.320271
25.391409
25.527224
25.655778
25.757544
25.923451
26.059522
26.175041
25.244496
25.330850
25.388373
25.544504
25.583661
25.788967
25.870901
26.035390
26.141896
25.312330
25.386434
25.446877
25.583552
25.698814
25.802217
25.953630
26.095667
25.374446
25.530011
25.574123
25.710674
25.800310
25.985047
26.030378
25.500661
25.560242
25.676059
25.792666
25.875261
26.029669
25.608978
25.751266
25.764083
25.957290
26.017673
25.696574
25.810398
25.902129
25.988147
25.837081
25.959027
26.017373
25.947102
26.040231
26.047637
26.163732
26.214738
26.105617
26.191524
26.118425
26.169683
26.151936
26.243939
26.196026
26.339000
26.331947
26.438581
26.474111
26.615908
26.603033
26.781096
26.786418
26.915005
26.938004
27.083436
27.035699
27.210146
27.153640
26.047630
26.040229
26.017333
25.988185
26.017631
26.029633
26.030417
26.095637
26.141814
26.175135
26.271304
26.341756
26.400128
26.507455
26.594838
26.652755
26.765085
26.842346
26.897586
26.983591
27.052623
27.078889
25.947102
25.959060
25.902119
25.957289
25.875310
25.985060
25.953576
26.035520
26.059464
26.186656
26.179068
26.350649
26.377411
26.508755
26.562669
26.724502
26.717097
26.907234
26.910174
27.040851
27.052622
25.837061
25.810389
25.764094
25.792649
25.800253
25.802287
25.870834
25.923416
25.966772
26.069286
26.157911
26.222262
26.348238
26.444542
26.519590
26.642202
26.735165
26.800735
26.910173
26.983591
25.696591
25.751267
25.676045
25.710741
25.698782
25.788973
25.757599
25.907449
25.928572
26.048664
26.116023
26.276543
26.297120
26.492855
26.534388
26.680840
26.735164
26.907234
26.897586
25.608961
25.560260
25.574092
25.583527
25.583691
25.655754
25.716280
25.767045
25.885228
25.981566
26.064374
26.199422
26.312672
26.398276
26.534387
26.642205
26.717092
26.842346
25.500665
25.530007
25.446909
25.544509
25.527176
25.611798
25.658821
25.801047
25.823691
26.014921
26.075164
26.226030
26.312673
26.492855
26.519589
26.724506
26.765078
25.374447
25.386423
25.388328
25.391463
25.465309
25.534253
25.594874
25.721226
25.833712
25.925818
26.075165
26.199421
26.297121
26.444543
26.562665
26.652763
25.312323
25.330890
25.320234
25.409249
25.392918
25.552187
25.599821
25.737927
25.833712
26.014920
26.064378
26.276540
26.348241
26.508756
26.594833
25.244474
25.248261
25.247656
25.325187
25.396371
25.464721
25.599821
25.721227
25.823691
25.981563
26.116028
26.222258
26.377413
26.507459
25.167283
25.258359
25.248404
25.335991
25.396372
25.552187
25.594874
25.801049
25.885230
26.048660
26.157916
26.350648
26.400129
25.165147
25.171074
25.248407
25.325183
25.392920
25.534254
25.658819
25.767049
25.928572
26.069283
26.179069
26.341758
25.165148
25.258358
25.247663
25.409241
25.465313
25.611801
25.716277
25.907451
25.966772
26.186656
26.271304
25.167287
25.248259
25.320240
25.391455
25.527182
25.655753
25.757603
25.923411
26.059466
26.175135
25.244481
25.330885
25.388330
25.544508
25.583696
25.788966
25.870844
26.035513
26.141816
25.312325
25.386418
25.446908
25.583534
25.698782
25.802284
25.953579
26.095637
25.374443
25.530009
25.574093
25.710742
25.800256
25.985059
26.030415
25.500663
25.560270
25.676042
25.792649
25.875312
26.029633
25.608963
25.751269
25.764096
25.957291
26.017628
25.696591
25.810388
25.902123
25.988185
25.837066
25.959058
26.017334
25.947104
26.040228
26.047632

