Tension at each vertex
23.844390
23.844400
23.844639
23.844664
18.633758
24.159199
18.633755
24.159210
18.752255
18.752544
25.197186
25.198206
23.616122
23.459373
23.120456
22.927751
22.530893
22.188554
21.687381
21.243442
20.579590
20.076955
19.449301
18.997585
18.582141
18.396821
18.174981
18.200684
18.140509
18.214133
18.233280
18.365898
18.354981
18.511123
18.517065
23.555537
23.327173
23.103153
22.764346
22.465141
22.059079
21.585555
21.069407
20.503884
19.877369
19.349760
18.880026
18.506070
18.298296
18.176229
18.113304
18.134726
18.183764
18.207844
18.310242
18.367017
18.440780
23.585606
23.388564
23.085160
22.860674
22.412942
22.093758
21.552177
21.053489
20.424147
19.897386
19.260147
18.891133
18.497502
18.317454
18.167702
18.192310
18.118444
18.239594
18.238154
18.341263
18.367010
23.558041
23.325122
23.039766
22.744080
22.403895
21.947018
21.492407
20.934456
20.322880
19.746765
19.216446
18.755109
18.466698
18.267763
18.137643
18.136819
18.143439
18.168155
18.238174
18.310242
23.541483
23.392355
23.063210
22.785610
22.373531
22.014043
21.423412
20.951406
20.289746
19.736643
19.166871
18.808743
18.426368
18.319218
18.158964
18.166986
18.143399
18.239612
18.207814
23.564777
23.276990
23.035725
22.711911
22.320840
21.897361
21.403202
20.804281
20.235853
19.646413
19.108018
18.720837
18.439018
18.235284
18.158996
18.136817
18.118466
18.183751
23.554020
23.386938
23.006772
22.771829
22.328776
21.924662
21.372739
20.870777
20.182913
19.689125
19.116172
18.754128
18.438973
18.319210
18.137614
18.192300
18.134721
23.528318
23.285495
23.021630
22.653248
22.306113
21.852043
21.324705
20.774743
20.190693
19.587104
19.116195
18.720849
18.426394
18.267749
18.167725
18.113286
23.553614
23.347252
23.011265
22.752599
22.272876
21.917905
21.340599
20.817611
20.190656
19.689122
19.107987
18.808715
18.466688
18.317407
18.176208
23.546168
23.281458
22.982792
22.662540
22.291027
21.810867
21.340618
20.774757
20.182948
19.646420
19.166933
18.755087
18.497505
18.298294
23.523280
23.365338
23.004843
22.720492
22.291010
21.917905
21.324674
20.870753
20.235849
19.736618
19.216450
18.891123
18.506008
23.546885
23.253907
23.004854
22.662550
22.272881
21.852039
21.372781
20.804264
20.289794
19.746829
19.260179
18.880007
23.546878
23.365334
22.982772
22.752576
22.306115
21.924604
21.403181
20.951365
20.322835
19.897409
19.349852
23.523298
23.281452
23.011313
22.653218
22.328812
21.897359
21.423415
20.934424
20.424170
19.877401
23.546189
23.347188
23.021637
22.771793
22.320809
22.013974
21.492402
21.053369
20.503832
23.553658
23.285516
23.006780
22.711912
22.373591
21.946970
21.552185
21.069412
23.528287
23.386898
23.035748
22.785499
22.403893
22.093714
21.585472
23.554083
23.276951
23.063277
22.744107
22.412933
22.059096
23.564818
23.392298
23.039729
22.860594
22.465159
23.541487
23.325142
23.085260
22.764314
23.558111
23.388399
23.103166
23.585700
23.327247
23.555494
23.742228
23.835078
23.732924
23.856512
23.751907
23.826088
23.762201
23.848268
23.735068
23.852372
23.758419
23.826544
23.758424
23.852398
23.735095
23.848293
23.762182
23.826198
23.751880
23.856576
23.732999
23.835156
23.742185
23.964101
24.203848
24.273987
24.532929
24.608726
24.804540
24.869513
25.053352
25.027280
25.182913
25.131676
25.180513
25.099105
25.124351
24.952927
24.967383
24.796432
24.743379
24.590189
24.559788
24.359161
24.355477
24.184450
23.940469
24.104133
24.311591
24.418924
24.620744
24.735706
24.857483
24.958928
25.059971
25.060256
25.127746
25.100249
25.062736
25.013922
24.961850
24.833920
24.781457
24.663031
24.555379
24.463316
24.376987
24.254112
23.976893
24.192497
24.317466
24.562157
24.613395
24.854616
24.899050
25.049775
25.071106
25.194269
25.109536
25.198888
25.086014
25.078087
24.954044
24.944116
24.750902
24.748873
24.574734
24.529665
24.376991
23.960470
24.139254
24.302239
24.472622
24.650889
24.742624
24.909449
24.985313
25.052220
25.097384
25.133007
25.073381
25.078922
24.998424
24.918811
24.840924
24.768037
24.628973
24.574596
24.463375
23.948981
24.227999
24.343402
24.555936
24.662162
24.878417
24.895436
25.090933
25.084396
25.174378
25.134526
25.195478
25.053550
25.092046
24.940649
24.910527
24.768039
24.748947
24.555432
23.981486
24.122090
24.342143
24.498277
24.644458
24.788913
24.927834
24.973081
25.084781
25.101675
25.107376
25.095158
25.076523
24.968325
24.940570
24.840958
24.750841
24.663018
23.975192
24.248717
24.328545
24.596829
24.681913
24.866416
24.934724
25.100203
25.062734
25.198605
25.132754
25.167020
25.076512
25.092084
24.918856
24.944138
24.781429
23.957394
24.154492
24.359464
24.484783
24.684634
24.803445
24.912021
25.006971
25.088762
25.076361
25.132697
25.095183
25.053527
24.998409
24.953933
24.834059
23.984645
24.229824
24.361558
24.609792
24.664923
24.901633
24.940471
25.078336
25.088742
25.198649
25.107391
25.195498
25.078892
25.078260
24.961735
23.982974
24.164038
24.340692
24.517096
24.691837
24.782872
24.940447
25.006990
25.062715
25.101664
25.134459
25.073474
25.085849
25.013956
23.961389
24.257448
24.367661
24.587725
24.691828
24.901645
24.912031
25.100215
25.084759
25.174497
25.132926
25.198980
25.062786
23.987136
24.140032
24.367656
24.517091
24.664935
24.803428
24.934685
24.973140
25.084296
25.097391
25.109531
25.100212
23.987117
24.257462
24.340693
24.609799
24.684606
24.866508
24.927766
25.090998
25.052256
25.194315
25.127678
23.961390
24.164033
24.361534
24.484826
24.681840
24.788921
24.895433
24.985278
25.071004
25.060377
23.982938
24.229887
24.359408
24.596883
24.644464
24.878463
24.909387
25.049974
25.059855
23.984615
24.154485
24.328546
24.498262
24.662081
24.742714
24.898910
24.958923
23.957394
24.248762
24.342076
24.556087
24.650791
24.854711
24.857522
23.975140
24.122146
24.343317
24.472608
24.613400
24.735657
23.981420
24.228052
24.302260
24.562215
24.620668
23.949000
24.139221
24.317374
24.419012
23.960378
24.192686
24.311482
23.976792
24.104103
23.940479
23.627927
23.637609
23.345017
23.343981
23.049434
22.962255
22.668950
22.554078
22.177538
22.049660
21.654868
21.436676
21.056036
20.835856
20.409065
20.242935
19.864336
19.693359
19.404062
19.296620
19.018241
18.998762
18.803718
18.495339
18.552483
18.547532
18.543311
18.547083
18.551267
18.499941
18.496592
18.461706
18.396306
18.370398
18.314726
18.244859
18.203102
18.174407
18.098616
18.125478
18.114379
18.161488
18.227175
18.419523
18.512587
18.462766
18.515275
18.468391
18.544964
18.437638
18.517213
18.424608
18.446332
18.357949
18.391938
18.254115
18.302139
18.194327
18.206217
18.139627
18.210374
18.147244
18.291207
18.341609
18.534484
18.682864
18.362339
18.396578
18.351791
18.386419
18.365437
18.334990
18.323749
18.300494
18.241949
18.224813
18.193036
18.130265
18.135112
18.116286
18.118525
18.160969
18.270343
18.335498
18.567816
18.762123
18.278752
18.369924
18.300018
18.338433
18.275405
18.331026
18.215704
18.281134
18.187032
18.208127
18.143647
18.202791
18.124832
18.241352
18.249416
18.394358
18.492983
18.780155
18.918411
18.220013
18.214140
18.212775
18.223794
18.174133
18.188773
18.167193
18.129102
18.137278
18.126776
18.117021
18.153957
18.220665
18.268529
18.435519
18.595886
18.812734
19.081071
18.165903
18.236232
18.134970
18.219861
18.146661
18.181970
18.132453
18.200916
18.123652
18.240456
18.224531
18.350753
18.417601
18.657610
18.761087
19.105514
19.324378
18.102051
18.139449
18.127544
18.112698
18.129822
18.145295
18.133577
18.187938
18.234964
18.287048
18.412453
18.562045
18.722900
18.968303
19.249874
19.512801
18.133581
18.185004
18.148481
18.233639
18.163745
18.292082
18.274162
18.400117
18.449909
18.666647
18.745027
19.050181
19.243096
19.573609
19.826068
18.201328
18.228623
18.226176
18.297140
18.344472
18.406859
18.517369
18.657874
18.794967
19.008352
19.261009
19.489271
19.808381
20.121602
18.338588
18.471952
18.458781
18.590182
18.631290
18.840362
18.898400
19.174844
19.341068
19.628157
19.856722
20.229899
20.424860
18.639242
18.698886
18.803953
18.940537
19.054475
19.248936
19.466045
19.658188
19.938903
20.211411
20.462370
20.771654
19.034492
19.229343
19.261339
19.519995
19.642056
19.893955
20.077719
20.406824
20.558838
20.927975
21.111325
19.535167
19.705663
19.875260
20.033405
20.266186
20.488633
20.691928
20.954541
21.191145
21.409400
20.140527
20.353603
20.481708
20.759415
20.856789
21.180799
21.309354
21.592914
21.730520
20.743054
20.913984
21.063263
21.276810
21.460299
21.633761
21.830785
22.037115
21.269799
21.540247
21.613529
21.858835
21.943835
22.225644
22.252300
21.807445
21.940030
22.087650
22.258987
22.353926
22.542407
22.215893
22.461418
22.446842
22.722181
22.731238
22.583563
22.740736
22.826475
22.942287
22.899673
23.101739
23.098510
23.195316
23.314014
23.379950
23.964216
24.203749
24.273982
24.532823
24.608872
24.804309
24.869633
25.053285
25.027275
25.182797
25.131869
25.180250
25.099261
25.124276
24.952963
24.967250
24.796670
24.743137
24.590372
24.559724
24.359278
24.355366
24.184683
24.061094
24.119507
24.000524
24.092640
24.011101
24.075729
24.043903
24.151738
24.097457
24.253871
24.237411
24.366381
24.390081
24.551553
24.533290
24.725373
24.721471
24.867979
24.874737
25.030768
24.968666
25.143461
25.073319
23.995084
24.192345
24.240955
24.378863
24.453527
24.601493
24.625035
24.779496
24.817587
24.902041
24.947682
25.034342
25.015426
25.098258
25.091987
25.106689
25.106016
25.138512
25.082407
25.121651
25.091566
25.085600
24.229273
24.421327
24.439576
24.651177
24.614450
24.837808
24.810933
24.970229
24.947555
25.109291
25.022495
25.178406
25.098545
25.188777
25.110117
25.214431
25.075936
25.191511
25.075057
25.142252
25.034084
24.360337
24.518889
24.544176
24.711801
24.752285
24.856241
24.906227
25.009283
24.998278
25.090449
25.088089
25.108681
25.107559
25.134484
25.073717
25.106080
25.066039
25.043362
25.022857
25.027052
24.530443
24.751174
24.740542
24.906672
24.901206
25.071136
25.000004
25.162906
25.096295
25.185512
25.117597
25.211068
25.076134
25.178238
25.058959
25.105943
25.002557
25.078050
24.923641
24.665311
24.782017
24.839778
24.958532
24.954801
25.066273
25.069827
25.101040
25.106637
25.133588
25.071099
25.102190
25.051847
25.019784
24.989515
24.979563
24.901775
24.911684
24.826622
25.001849
24.949864
25.125000
25.075134
25.172350
25.120478
25.212178
25.086675
25.180879
25.059197
25.090828
24.983441
25.035033
24.875828
24.953236
24.826629
24.888061
25.015219
25.030716
25.079934
25.095761
25.134971
25.078043
25.112216
25.057216
25.021946
24.978367
24.954688
24.862939
24.857866
24.798203
24.745541
25.025972
25.137485
25.106459
25.208787
25.100230
25.197173
25.083055
25.108174
24.998088
25.032214
24.867206
24.918722
24.778822
24.787930
24.677859
25.066072
25.122507
25.080650
25.130792
25.081273
25.052753
25.005992
24.976771
24.871583
24.852076
24.771430
24.701827
24.653564
24.612780
25.096789
25.211080
25.114693
25.147049
25.047481
25.075740
24.908503
24.944559
24.793290
24.776712
24.652147
24.665939
24.501172
25.103472
25.090690
25.057723
25.035959
24.930307
24.908743
24.814409
24.730076
24.661498
24.598476
24.489306
24.457157
25.102874
25.143540
24.988306
25.024932
24.872769
24.842349
24.707598
24.695101
24.511771
24.531795
24.382401
25.010532
25.000027
24.911861
24.826634
24.750135
24.673138
24.544043
24.491968
24.393799
24.298490
24.985032
24.961868
24.829918
24.808726
24.616622
24.616302
24.445691
24.400786
24.261492
24.881817
24.813437
24.678384
24.621307
24.502344
24.391372
24.303024
24.220171
24.776198
24.779808
24.600400
24.542761
24.388805
24.353632
24.158079
24.679800
24.569244
24.470116
24.373466
24.227801
24.155156
24.590403
24.548053
24.342469
24.320595
24.141753
24.440548
24.366470
24.237168
24.109919
24.370094
24.303747
24.137507
24.255076
24.145734
24.151146
23.848469
24.096073
24.056970
24.313946
24.302123
24.502628
24.509149
24.721753
24.671509
24.889939
24.851962
25.001170
24.966924
25.124482
25.023641
25.181017
25.093924
25.189941
25.104614
25.224062
25.081728
25.212445
25.083972
19.156472
19.609221
20.112674
20.646367
21.223340
21.732530
22.189550
22.635065
22.998220
23.305138
23.623849
23.879306
24.098360
24.336309
24.522196
24.663579
24.828250
24.928053
24.990626
25.066629
25.091653
25.082592
19.288315
19.866512
20.339979
20.983397
21.430403
22.057688
22.419555
22.895437
23.189753
23.587620
23.762760
24.130679
24.266357
24.537191
24.652461
24.885163
24.897685
25.103461
25.073436
25.180835
25.134133
19.514393
19.993937
20.553700
21.134157
21.670183
22.137842
22.604405
22.974915
23.296427
23.618596
23.885049
24.104742
24.351328
24.535398
24.683432
24.841794
24.946617
25.000373
25.079544
25.097242
19.660755
20.343590
20.806886
21.453555
21.915947
22.472508
22.781571
23.264156
23.492602
23.850414
24.047854
24.363083
24.461751
24.754016
24.811579
24.999029
25.027492
25.171744
25.099690
19.934503
20.464419
21.086015
21.612790
22.109852
22.574079
22.965762
23.283189
23.621011
23.883647
24.114811
24.357343
24.550427
24.692546
24.857857
24.955558
25.014615
25.086039
20.180610
20.857117
21.316117
21.978107
22.359582
22.856220
23.166654
23.576910
23.762992
24.138261
24.282665
24.556281
24.675910
24.908699
24.921328
25.124366
25.091813
20.440319
21.040008
21.602940
22.080409
22.571357
22.949309
23.286569
23.611953
23.891454
24.111329
24.367364
24.551265
24.705178
24.859647
24.968405
25.014978
20.735595
21.397651
21.871745
22.444963
22.759652
23.252492
23.487009
23.849858
24.052075
24.371373
24.472550
24.765487
24.824802
25.011935
25.037959
21.045963
21.589261
22.089646
22.559321
22.957724
23.275103
23.619074
23.880909
24.117933
24.357387
24.558382
24.695988
24.866696
24.960402
21.310742
21.975540
22.359266
22.854847
23.164259
23.576808
23.760543
24.138069
24.281824
24.556801
24.674900
24.909984
24.921777
21.621499
22.095948
22.580046
22.954600
23.287193
23.608892
23.888929
24.104089
24.362182
24.542916
24.699718
24.850678
21.913614
22.473202
22.781197
23.262705
23.494565
23.849111
24.048099
24.363569
24.461908
24.752294
24.814230
22.137076
22.592581
22.977669
23.283081
23.618140
23.873787
24.105912
24.339360
24.541823
24.675186
22.419103
22.892352
23.189467
23.588571
23.763218
24.130022
24.269115
24.537723
24.652410
22.632051
22.989204
23.302200
23.609962
23.879512
24.084594
24.336435
24.513315
22.837050
23.292626
23.513914
23.848070
24.039704
24.343081
24.436343
23.019724
23.305522
23.620770
23.863785
24.083971
24.307174
23.232532
23.607094
23.769380
24.114998
24.247353
23.323961
23.614379
23.866687
24.058920
23.541389
23.851774
24.028323
23.619937
23.848493
23.786163
23.742230
23.835083
23.732935
23.856518
23.751922
23.826095
23.762202
23.848272
23.735075
23.852380
23.758440
23.826566
23.758438
23.852411
23.735119
23.848304
23.762186
23.826209
23.751900
23.856590
23.733013
23.835166
23.742191
23.615971
23.459524
23.120432
22.927845
22.530797
22.188705
21.687252
21.243511
20.579496
20.077008
19.449287
18.997721
18.582049
18.396855
18.174933
18.200696
18.140451
18.214158
18.233223
18.365895
18.354936
18.511118
18.517026
23.555504
23.327242
23.103178
22.764318
22.465170
22.059097
21.585476
21.069415
20.503831
19.877394
19.349852
18.879982
18.505998
18.298267
18.176193
18.113275
18.134708
18.183730
18.207800
18.310226
18.366993
18.440758
23.585708
23.388405
23.085263
22.860594
22.412950
22.093708
21.552197
21.053369
20.424177
19.897399
19.260192
18.891090
18.497501
18.317382
18.167715
18.192271
18.118460
18.239592
18.238160
18.341243
18.367008
23.558109
23.325160
23.039732
22.744115
22.403893
21.946988
21.492389
20.934438
20.322834
19.746814
19.216446
18.755070
18.466675
18.267738
18.137599
18.136796
18.143389
18.168130
18.238146
18.310222
23.541488
23.392305
23.063289
22.785505
22.373593
22.013990
21.423409
20.951371
20.289794
19.736605
19.166923
18.808694
18.426360
18.319191
18.158987
18.166967
18.143423
18.239582
18.207828
23.564823
23.276952
23.035760
22.711922
22.320810
21.897376
21.403181
20.804258
20.235862
19.646414
19.107993
18.720837
18.438975
18.235252
18.158955
18.136791
18.118443
18.183731
23.554100
23.386902
23.006788
22.771811
22.328808
21.924619
21.372781
20.870752
20.182953
19.689127
19.116183
18.754112
18.438997
18.319200
18.137628
18.192282
18.134713
23.528304
23.285522
23.021643
22.653239
22.306117
21.852052
21.324680
20.774764
20.190668
19.587119
19.116166
18.720825
18.426344
18.267741
18.167680
18.113289
23.553667
23.347206
23.011311
22.752595
22.272891
21.917909
21.340621
20.817620
20.190699
19.689134
19.108024
18.808740
18.466675
18.317418
18.176202
23.546197
23.281473
22.982777
22.662565
22.291020
21.810885
21.340601
20.774759
20.182924
19.646419
19.166881
18.755099
18.497472
18.298264
23.523304
23.365350
23.004869
22.720497
22.291045
21.917907
21.324713
20.870781
20.235881
19.736682
19.216477
18.891133
18.506028
23.546881
23.253925
23.004855
22.662554
22.272884
21.852050
21.372733
20.804269
20.289749
19.746807
19.260215
18.880007
23.546893
23.365354
22.982803
22.752610
22.306120
21.924664
21.403199
20.951390
20.322872
19.897436
19.349878
23.523293
23.281473
23.011274
22.653258
22.328776
21.897348
21.423380
20.934410
20.424102
19.877416
23.546177
23.347270
23.021640
22.771836
22.320841
22.014034
21.492356
21.053428
20.503793
23.553619
23.285516
23.006772
22.711923
22.373514
21.947019
21.552119
21.069367
23.528329
23.386951
23.035732
22.785609
22.403881
22.093728
21.585484
23.554042
23.276989
23.063234
22.744073
22.412951
22.059072
23.564794
23.392352
23.039779
22.860660
22.465127
23.541493
23.325139
23.085164
22.764361
23.558045
23.388578
23.103157
23.585619
23.327178
23.555552
23.964221
24.203757
24.273986
24.532827
24.608881
24.804311
24.869638
25.053296
25.027280
25.182803
25.131873
25.180266
25.099271
25.124300
24.952969
24.967272
24.796682
24.743157
24.590387
24.559754
24.359307
24.355380
24.184694
23.940500
24.104102
24.311497
24.419023
24.620671
24.735667
24.857531
24.958931
25.059866
25.060388
25.127684
25.100225
25.062793
25.013969
24.961739
24.834077
24.781429
24.663050
24.555441
24.463405
24.377000
24.254149
23.976802
24.192701
24.317383
24.562217
24.613423
24.854703
24.898928
25.049969
25.071020
25.194315
25.109552
25.198974
25.085878
25.078263
24.953961
24.944151
24.750872
24.748948
24.574629
24.529676
24.377005
23.960387
24.139235
24.302266
24.472625
24.650791
24.742730
24.909394
24.985286
25.052266
25.097397
25.132942
25.073484
25.078908
24.998417
24.918871
24.840964
24.768058
24.628983
24.574755
24.463333
23.949007
24.228068
24.343322
24.556098
24.662089
24.878474
24.895435
25.091021
25.084293
25.174514
25.134461
25.195511
25.053530
25.092107
24.940576
24.910548
24.768055
24.748898
24.555385
23.981421
24.122170
24.342075
24.498282
24.644465
24.788934
24.927768
24.973148
25.084767
25.101676
25.107399
25.095203
25.076521
24.968344
24.940668
24.840936
24.750916
24.663053
23.975151
24.248772
24.328556
24.596889
24.681850
24.866525
24.934685
25.100232
25.062720
25.198659
25.132704
25.167032
25.076529
25.092051
24.918830
24.944129
24.781466
23.957417
24.154484
24.359433
24.484825
24.684620
24.803426
24.912052
25.006987
25.088756
25.076373
25.132760
25.095175
25.053570
24.998435
24.954060
24.833945
23.984630
24.229896
24.361547
24.609808
24.664948
24.901647
24.940457
25.078343
25.088771
25.198614
25.107389
25.195478
25.078943
25.078096
24.961854
23.982941
24.164050
24.340695
24.517107
24.691834
24.782885
24.940475
25.006988
25.062729
25.101696
25.134534
25.073391
25.086022
25.013945
23.961402
24.257476
24.367663
24.587728
24.691849
24.901635
24.912028
25.100217
25.084789
25.174380
25.133029
25.198895
25.062744
23.987122
24.140045
24.367676
24.517098
24.664937
24.803451
24.934727
24.973088
25.084412
25.097377
25.109556
25.100257
23.987138
24.257456
24.340701
24.609797
24.684638
24.866436
24.927832
25.090944
25.052237
25.194274
25.127754
23.961399
24.164046
24.361570
24.484794
24.681906
24.788931
24.895439
24.985310
25.071117
25.060267
23.982991
24.229824
24.359473
24.596844
24.644457
24.878424
24.909465
25.049780
25.059982
23.984657
24.154497
24.328545
24.498294
24.662164
24.742628
24.899058
24.958934
23.957408
24.248731
24.342137
24.555947
24.650895
24.854620
24.857485
23.975193
24.122106
24.343405
24.472626
24.613405
24.735716
23.981490
24.228002
24.302248
24.562155
24.620747
23.948983
24.139259
24.317477
24.418931
23.960478
24.192501
24.311591
23.976893
24.104142
23.940473
23.616120
23.459385
23.120457
22.927764
22.530890
22.188560
21.687382
21.243449
20.579577
20.076957
19.449287
18.997578
18.582132
18.396819
18.174968
18.200674
18.140486
18.214117
18.233264
18.365884
18.354961
18.511105
18.517044
18.608380
18.700570
18.614185
18.719445
18.647034
18.693318
18.619637
18.678346
18.544935
18.599539
18.478387
18.476766
18.364519
18.382071
18.227082
18.270816
18.160407
18.185504
18.135151
18.242056
18.220050
18.426759
18.518334
23.379958
23.314030
23.098513
22.942290
22.731230
22.542410
22.252315
22.037123
21.730511
21.409400
21.111320
20.771655
20.424874
20.121612
19.826071
19.512787
19.324384
19.081083
18.918396
18.762118
18.682879
18.512592
23.195321
23.101732
22.826478
22.722188
22.353944
22.225652
21.830778
21.592917
21.191153
20.927987
20.462381
20.229897
19.808382
19.573597
19.249875
19.105525
18.812727
18.780139
18.567824
18.534487
18.419507
22.899673
22.740756
22.446849
22.258991
21.943827
21.633764
21.309367
20.954549
20.558833
20.211411
19.856714
19.489267
19.243103
18.968311
18.761083
18.595863
18.492978
18.335496
18.341591
18.227153
22.583567
22.461416
22.087641
21.858846
21.460309
21.180806
20.691917
20.406823
19.938898
19.628169
19.261015
19.050181
18.722889
18.657606
18.435526
18.394363
18.270336
18.291186
18.161495
22.215901
21.940040
21.613550
21.276804
20.856791
20.488640
20.077725
19.658201
19.341065
19.008346
18.745020
18.562039
18.417595
18.268521
18.249412
18.160962
18.147253
18.114383
21.807451
21.540240
21.063250
20.759419
20.266188
19.893954
19.466028
19.174830
18.794961
18.666646
18.412446
18.350753
18.220656
18.241338
18.118510
18.210363
18.125470
21.269797
20.913997
20.481725
20.033402
19.642046
19.248940
18.898395
18.657881
18.449903
18.287045
18.224519
18.153952
18.124828
18.116296
18.139630
18.098608
20.743056
20.353589
19.875250
19.519989
19.054483
18.840345
18.517350
18.400088
18.234951
18.240456
18.117009
18.202787
18.135092
18.206198
18.174406
20.140526
19.705664
19.261342
18.940529
18.631278
18.406861
18.274161
18.187934
18.123641
18.126763
18.143641
18.130259
18.194326
18.203098
19.535158
19.229336
18.803935
18.590170
18.344473
18.292065
18.133559
18.200901
18.137264
18.208125
18.193017
18.302131
18.244851
19.034470
18.698878
18.458780
18.297120
18.163730
18.145282
18.132449
18.129083
18.187028
18.224798
18.254116
18.314709
18.639234
18.471931
18.226160
18.233629
18.129823
18.181960
18.167184
18.281122
18.241934
18.391926
18.370397
18.338556
18.228620
18.148466
18.112675
18.146635
18.188759
18.215692
18.300486
18.357944
18.396289
18.201315
18.184987
18.127528
18.219861
18.174127
18.331018
18.323731
18.446315
18.461703
18.133565
18.139435
18.134954
18.223773
18.275379
18.334984
18.424601
18.496577
18.102034
18.236222
18.212752
18.338428
18.365425
18.517191
18.499932
18.165890
18.214124
18.300008
18.386405
18.437618
18.551257
18.220002
18.369900
18.351771
18.544943
18.547085
18.278731
18.396579
18.468375
18.543297
18.362320
18.515245
18.547522
18.462756
18.552464
18.495330
23.848487
24.096068
24.056976
24.313957
24.302128
24.502616
24.509165
24.721766
24.671499
24.889934
24.851978
25.001179
24.966938
25.124478
25.023623
25.181006
25.093955
25.189950
25.104601
25.224062
25.081732
25.212433
25.083977
24.151174
24.145765
24.137519
24.109938
24.141768
24.155174
24.158096
24.220178
24.261495
24.298521
24.382411
24.457159
24.501196
24.612776
24.677864
24.745563
24.826641
24.911673
24.923638
25.027050
25.034092
25.085613
24.255079
24.303772
24.237182
24.320607
24.227820
24.353646
24.303027
24.400817
24.393810
24.531796
24.489303
24.665963
24.653552
24.787958
24.798212
24.953222
24.901767
25.078075
25.022863
25.142254
25.091563
24.370111
24.366491
24.342495
24.373483
24.388820
24.391391
24.445709
24.491970
24.511775
24.598503
24.652162
24.701831
24.778837
24.857875
24.875813
24.979591
25.002573
25.043340
25.075048
25.121652
24.440557
24.548063
24.470132
24.542770
24.502363
24.616311
24.544049
24.695126
24.661517
24.776704
24.771434
24.918742
24.862940
25.035045
24.989534
25.105939
25.066019
25.191529
25.082420
24.590429
24.569263
24.600420
24.621321
24.616639
24.673154
24.707617
24.730068
24.793302
24.852096
24.867218
24.954689
24.983458
25.019780
25.058950
25.106093
25.075956
25.138501
24.679813
24.779818
24.678405
24.808734
24.750150
24.842357
24.814418
24.944580
24.871605
25.032211
24.978370
25.090847
25.051843
25.178253
25.073742
25.214417
25.105990
24.776210
24.813455
24.829927
24.826650
24.872785
24.908753
24.908523
24.976764
24.998085
25.021970
25.059209
25.102187
25.076146
25.134484
25.110097
25.106701
24.881830
24.961888
24.911869
25.024946
24.930320
25.075743
25.006000
25.108198
25.057241
25.180870
25.071098
25.211083
25.107556
25.188783
25.092007
24.985040
25.000046
24.988314
25.035967
25.047498
25.052766
25.083066
25.112210
25.086677
25.133605
25.117615
25.108673
25.098561
25.098261
25.010533
25.143560
25.057735
25.147058
25.081280
25.197180
25.078041
25.212201
25.106650
25.185508
25.088082
25.178419
25.015418
25.102883
25.090703
25.114700
25.130802
25.100241
25.134986
25.120496
25.101037
25.096291
25.090466
25.022511
25.034343
25.103483
25.211084
25.080663
25.208798
25.095764
25.172347
25.069823
25.162921
24.998300
25.109285
24.947674
25.096802
25.122517
25.106460
25.079941
25.075149
25.066292
25.000018
25.009279
24.947545
24.902057
25.066080
25.137492
25.030729
25.125006
24.954802
25.071131
24.906226
24.970244
24.817609
25.025978
25.015226
24.949869
24.958534
24.901217
24.856253
24.810944
24.779495
24.888068
25.001852
24.839787
24.906687
24.752289
24.837808
24.625029
24.826631
24.782025
24.740542
24.711790
24.614456
24.601507
24.665315
24.751178
24.544192
24.651193
24.453534
24.530449
24.518893
24.439573
24.378857
24.360339
24.421331
24.240959
24.229281
24.192358
23.995074
23.627924
23.637600
23.345021
23.343990
23.049453
22.962256
22.668945
22.554081
22.177554
22.049673
21.654876
21.436672
21.056031
20.835841
20.409066
20.242948
19.864332
19.693350
19.404082
19.296629
19.018221
18.998760
18.803726
18.987280
19.484594
19.874959
20.521742
20.976723
21.584425
22.019968
22.543058
22.831837
23.291709
23.507619
23.849885
24.040400
24.344186
24.439400
24.726834
24.783529
24.973553
25.003870
25.154073
25.086764
25.221171
25.130944
23.786175
23.848495
24.028317
24.058931
24.247367
24.307171
24.436344
24.513335
24.652415
24.675184
24.814233
24.850674
24.921781
24.960426
25.037968
25.014949
25.091807
25.086052
25.099688
25.097239
25.134142
25.082580
23.619945
23.851787
23.866686
24.114989
24.083987
24.343087
24.336422
24.537731
24.541840
24.752305
24.699722
24.909981
24.866674
25.011936
24.968438
25.124367
25.014594
25.171742
25.079538
25.180827
25.091665
23.541385
23.614393
23.769393
23.863777
24.039712
24.084613
24.269116
24.339354
24.461906
24.542914
24.674904
24.696020
24.824801
24.859613
24.921322
24.955571
25.027486
25.000376
25.073434
25.066617
23.323956
23.607092
23.620788
23.848074
23.879502
24.130029
24.105933
24.363581
24.362187
24.556800
24.558359
24.765494
24.705210
24.908697
24.857840
24.999030
24.946607
25.103466
24.990632
23.232540
23.305511
23.513926
23.609971
23.763224
23.873783
24.048102
24.104080
24.281834
24.357418
24.472542
24.551230
24.675914
24.692556
24.811579
24.841799
24.897675
24.928047
23.019744
23.292628
23.302196
23.588580
23.618160
23.849107
23.888942
24.138067
24.117917
24.371384
24.367398
24.556270
24.550421
24.754011
24.683432
24.885174
24.828255
22.837060
22.989213
23.189467
23.283079
23.494573
23.608889
23.760558
23.880935
24.052056
24.111300
24.282677
24.357351
24.461761
24.535395
24.652450
24.663576
22.632043
22.892370
22.977682
23.262700
23.287202
23.576801
23.619057
23.849881
23.891482
24.138251
24.114803
24.363075
24.351334
24.537204
24.522199
22.419099
22.592581
22.781202
22.954599
23.164279
23.275128
23.486985
23.611934
23.763003
23.883661
24.047867
24.104734
24.266349
24.336308
22.137082
22.473200
22.580059
22.854836
22.957709
23.252515
23.286590
23.576908
23.620997
23.850405
23.885059
24.130690
24.098359
21.913618
22.095943
22.359290
22.559334
22.759632
22.949302
23.166662
23.283206
23.492612
23.618585
23.762753
23.879309
21.621516
21.975526
22.089642
22.444987
22.571372
22.856213
22.965746
23.264153
23.296440
23.587629
23.623845
21.310763
21.589261
21.871728
22.080398
22.359594
22.574098
22.781576
22.974898
23.189748
23.305142
21.045961
21.397673
21.602956
21.978096
22.109833
22.472506
22.604423
22.895447
22.998217
20.735583
21.039992
21.316127
21.612808
21.915948
22.137828
22.419549
22.635066
20.440332
20.857106
21.085998
21.453556
21.670204
22.057692
22.189551
20.180619
20.464434
20.806881
21.134142
21.430402
21.732535
19.934486
20.343599
20.553721
20.983402
21.223334
19.660751
19.993922
20.339980
20.646377
19.514414
19.866517
20.112669
19.288322
19.609227
19.156465
23.615975
23.459497
23.120437
22.927826
22.530817
22.188711
21.687309
21.243555
20.579598
20.076992
19.449134
18.997723
18.582109
18.396912
18.174973
18.200714
18.140477
18.214167
18.233232
18.365903
18.354963
18.511128
18.517041
18.608408
18.700605
18.614207
18.719465
18.647054
18.693394
18.619636
18.678383
18.544960
18.599577
18.478366
18.476876
18.364471
18.382145
18.227099
18.270873
18.160345
18.185684
18.135065
18.242154
18.220025
18.426889
18.518221
23.379994
23.313919
23.098433
22.942287
22.731165
22.542243
22.252360
22.037012
21.730437
21.409389
21.111265
20.771499
20.424917
20.121464
19.825975
19.512782
19.324307
19.080895
18.918435
18.761979
18.682759
18.512563
23.195247
23.101930
22.826427
22.722246
22.354014
22.225769
21.830722
21.593115
21.191113
20.928057
20.462444
20.229998
19.808315
19.573824
19.249827
19.105586
18.812786
18.780272
18.567740
18.534699
18.419452
22.899636
22.740623
22.446912
22.258904
21.943754
21.633733
21.309316
20.954415
20.558887
20.211309
19.856649
19.489258
19.243050
18.968161
18.761109
18.595765
18.492877
18.335457
18.341510
18.227046
22.583621
22.461512
22.087582
21.858998
21.460297
21.180884
20.691993
20.406916
19.938852
19.628330
19.260983
19.050231
18.722940
18.657713
18.435471
18.394535
18.270297
18.291297
18.161526
22.215848
21.940030
21.613541
21.276721
20.856833
20.488537
20.077659
19.658187
19.341031
19.008239
18.745061
18.561965
18.417519
18.268505
18.249345
18.160873
18.147255
18.114277
21.807450
21.540322
21.063297
20.759488
20.266153
19.894125
19.466030
19.174891
18.795021
18.666717
18.412396
18.350906
18.220637
18.241421
18.118558
18.210438
18.125426
21.269856
20.913931
20.481695
20.033410
19.642027
19.248833
18.898441
18.657804
18.449856
18.287049
18.224482
18.153860
18.124850
18.116210
18.139564
18.098613
20.743055
20.353732
19.875221
19.520027
19.054536
18.840433
18.517339
18.400240
18.234948
18.240515
18.117063
18.202866
18.135059
18.206356
18.174375
20.140495
19.705539
19.261380
18.940489
18.631257
18.406858
18.274137
18.187862
18.123663
18.126704
18.143580
18.130263
18.194278
18.203015
19.535133
19.229408
18.803925
18.590288
18.344479
18.292137
18.133621
18.200985
18.137255
18.208257
18.193005
18.302188
18.244890
19.034459
18.698889
18.458815
18.297087
18.163782
18.145229
18.132412
18.129077
18.186989
18.224734
18.254135
18.314659
18.639298
18.472032
18.226232
18.233686
18.129815
18.182077
18.167187
18.281183
18.241978
18.391990
18.370367
18.338646
18.228577
18.148471
18.112693
18.146634
18.188697
18.215718
18.300438
18.357909
18.396291
18.201343
18.185103
18.127551
18.219882
18.174173
18.331071
18.323720
18.446406
18.461701
18.133579
18.139380
18.134987
18.223757
18.275368
18.334980
18.424600
18.496529
18.102093
18.236276
18.212766
18.338483
18.365426
18.517228
18.499960
18.165873
18.214121
18.299996
18.386395
18.437649
18.551225
18.220029
18.369948
18.351800
18.544981
18.547068
18.278756
18.396544
18.468379
18.543297
18.362348
18.515301
18.547545
18.462763
18.552438
18.495362
23.848354
24.096194
24.057025
24.314039
24.302037
24.502909
24.509023
24.721901
24.671634
24.890039
24.851922
25.001585
24.966778
25.124705
25.023913
25.181155
25.093911
25.190588
25.104462
25.224426
25.082123
25.212721
25.083958
24.151226
24.145468
24.137301
24.109850
24.141452
24.154593
24.158319
24.219750
24.261169
24.298618
24.382357
24.456583
24.501705
24.612344
24.677744
24.745639
24.826678
24.911122
24.924171
25.026604
25.033976
25.085566
24.255088
24.304070
24.237239
24.320736
24.228259
24.353847
24.302877
24.401473
24.393684
24.531859
24.489565
24.666177
24.653130
24.788725
24.797854
24.953406
24.901867
25.078395
25.022351
25.143066
25.091247
24.370038
24.366145
24.342568
24.373093
24.388496
24.391415
24.445507
24.491487
24.512098
24.598137
24.651956
24.701967
24.778775
24.857370
24.876277
24.979199
25.002447
25.043402
25.075081
25.121098
24.440748
24.548198
24.470109
24.543272
24.502358
24.616380
24.544390
24.695295
24.661243
24.777349
24.771213
24.918798
24.863151
25.035299
24.989099
25.106663
25.065741
25.191686
25.082523
24.590264
24.569200
24.600233
24.620915
24.616791
24.672845
24.707343
24.730166
24.793191
24.851646
24.867568
24.954412
24.983254
25.019861
25.058953
25.105594
25.076318
25.138165
24.679841
24.779905
24.678669
24.808909
24.750017
24.842854
24.814336
24.944627
24.871836
25.032421
24.978045
25.091403
25.051661
25.178363
25.073866
25.214718
25.105654
24.776258
24.813205
24.829702
24.826643
24.872649
24.908395
24.908717
24.976517
24.997874
25.022033
25.059165
25.101824
25.076429
25.134195
25.109963
25.106703
24.881793
24.962230
24.911865
25.025020
24.930542
25.075899
25.005819
25.108662
25.057132
25.180948
25.071262
25.211251
25.107286
25.189337
25.091812
24.984922
24.999763
24.988409
25.035740
25.047287
25.052822
25.082956
25.111888
25.086886
25.133360
25.117445
25.108771
25.098502
25.097871
25.010718
25.143684
25.057640
25.147441
25.081235
25.197226
25.078246
25.212350
25.106450
25.185983
25.087957
25.178460
25.015577
25.102712
25.090713
25.114582
25.130519
25.100367
25.134793
25.120302
25.101098
25.096212
25.090123
25.022722
25.034155
25.103477
25.211145
25.080835
25.208946
25.095637
25.172717
25.069759
25.162979
24.998460
25.109490
24.947464
25.096857
25.122351
25.106290
25.079952
25.075055
25.066033
25.000158
25.009092
24.947380
24.902059
25.066011
25.137786
25.030697
25.125079
24.954954
25.071268
24.906078
24.970611
24.817535
25.025881
25.015017
24.949951
24.958366
24.901052
24.856292
24.810867
24.779245
24.888199
25.001965
24.839693
24.906995
24.752251
24.837860
24.625158
24.826489
24.782044
24.740449
24.711578
24.614531
24.601367
24.665287
24.751243
24.544308
24.651328
24.453431
24.530489
24.518759
24.439432
24.378864
24.360274
24.421593
24.240912
24.229174
24.192190
23.995163
23.627878
23.637681
23.345075
23.344098
23.049385
22.962490
22.668910
22.554139
22.177610
22.049779
21.654808
21.436904
21.056009
20.835960
20.409143
20.243051
19.864269
19.693605
19.404010
19.296730
19.018279
18.998882
18.803631
18.987085
19.484757
19.874883
20.521929
20.976475
21.584768
22.019748
22.543223
22.831763
23.291939
23.507297
23.850330
24.040126
24.344371
24.439324
24.727152
24.783063
24.974191
25.003477
25.154351
25.086620
25.221725
25.130199
23.786180
23.848391
24.028191
24.059034
24.247170
24.307101
24.436381
24.513189
24.652211
24.675324
24.813957
24.850565
24.921795
24.960138
25.037680
25.015124
25.091357
25.085846
25.099665
25.096855
25.133698
25.082779
23.619874
23.852041
23.866537
24.115121
24.084084
24.343147
24.336356
24.538099
24.541673
24.752460
24.699900
24.910091
24.866676
25.012451
24.968243
25.124642
25.014893
25.171929
25.079521
25.181602
25.091386
23.541225
23.614361
23.769397
23.863652
24.039578
24.084709
24.268860
24.339310
24.461947
24.542735
24.674681
24.696110
24.824438
24.859531
24.921316
24.955286
25.027151
25.000529
25.072863
25.066528
23.323989
23.607169
23.620728
23.848336
23.879389
24.130193
24.106020
24.363647
24.362122
24.557216
24.558252
24.765715
24.705374
24.908836
24.857809
24.999622
24.946430
25.103851
24.990840
23.232407
23.305589
23.513752
23.609901
23.763211
23.873675
24.047943
24.104210
24.281536
24.357302
24.472540
24.551075
24.675641
24.692701
24.811134
24.841691
24.897589
24.927826
23.019636
23.292731
23.302288
23.588662
23.618081
23.849425
23.888794
24.138265
24.118085
24.371486
24.367303
24.556750
24.550264
24.754316
24.683628
24.885378
24.828174
22.837067
22.989101
23.189329
23.283186
23.494350
23.608831
23.760531
23.880758
24.051874
24.111467
24.282327
24.357268
24.461681
24.535201
24.652139
24.663754
22.632003
22.892610
22.977558
23.262839
23.287299
23.576926
23.619030
23.850220
23.891310
24.138483
24.114960
24.363261
24.351277
24.537718
24.522011
22.418935
22.592549
22.781195
22.954492
23.164083
23.275195
23.486761
23.611899
23.762959
23.883499
24.047590
24.104872
24.265973
24.336248
22.137136
22.473277
22.579994
22.855159
22.957624
23.252660
23.286676
23.577041
23.620961
23.850840
23.884913
24.130944
24.098493
21.913483
22.096042
22.359055
22.559272
22.759631
22.949206
23.166456
23.283298
23.492293
23.618534
23.762695
23.879171
21.621403
21.975695
22.089718
22.445068
22.571300
22.856561
22.965652
23.264373
23.296546
23.587775
23.623776
21.310708
21.589188
21.871595
22.080515
22.359344
22.574023
22.781515
22.974796
23.189530
23.305271
21.045897
21.397912
21.602830
21.978276
22.109947
22.472653
22.604355
22.895802
22.998088
20.735423
21.039978
21.316075
21.612698
21.915750
22.137935
22.419300
22.635024
20.440369
20.857231
21.085956
21.453860
21.670095
22.057872
22.189635
20.180449
20.464487
20.806682
21.134098
21.430357
21.732439
19.934409
20.343739
20.553771
20.983528
21.223279
19.660705
19.993853
20.339810
20.646443
19.514322
19.866773
20.112585
19.288149
19.609144
19.156503
23.627895
23.637660
23.345093
23.344120
23.049403
22.962486
22.668912
22.554147
22.177641
22.049795
21.654811
21.436903
21.056001
20.835938
20.409147
20.243069
19.864259
19.693595
19.404032
19.296719
19.018268
18.998892
18.803636
18.495338
18.552436
18.547524
18.543285
18.547075
18.551228
18.499946
18.496523
18.461689
18.396286
18.370371
18.314655
18.244888
18.203007
18.174370
18.098599
18.125423
18.114276
18.161535
18.227047
18.419437
18.512558
18.462752
18.515270
18.468368
18.544968
18.437625
18.517212
18.424588
18.446397
18.357898
18.391977
18.254122
18.302177
18.194278
18.206347
18.139550
18.210450
18.147249
18.291289
18.341505
18.534697
18.682769
18.362337
18.396543
18.351792
18.386361
18.365430
18.334972
18.323709
18.300435
18.241970
18.224726
18.193006
18.130243
18.135057
18.116200
18.118558
18.160854
18.270295
18.335471
18.567755
18.761991
18.278735
18.369918
18.300001
18.338485
18.275350
18.331056
18.215709
18.281164
18.186989
18.208245
18.143581
18.202864
18.124836
18.241411
18.249344
18.394532
18.492890
18.780259
18.918413
18.220018
18.214112
18.212739
18.223730
18.174163
18.188704
18.167167
18.129077
18.137232
18.126691
18.117050
18.153858
18.220629
18.268506
18.435461
18.595756
18.812779
19.080908
18.165864
18.236257
18.134982
18.219889
18.146607
18.182054
18.132405
18.200975
18.123662
18.240519
18.224470
18.350906
18.417514
18.657697
18.761108
19.105605
19.324308
18.102069
18.139374
18.127515
18.112666
18.129810
18.145228
18.133595
18.187843
18.234935
18.287032
18.412407
18.561954
18.722944
18.968158
19.249834
19.512765
18.133557
18.185060
18.148448
18.233675
18.163741
18.292113
18.274140
18.400239
18.449837
18.666736
18.745044
19.050239
19.243046
19.573813
19.825978
18.201308
18.228553
18.226179
18.297043
18.344482
18.406845
18.517321
18.657809
18.795020
19.008232
19.260995
19.489261
19.808314
20.121476
18.338564
18.471951
18.458759
18.590285
18.631236
18.840433
18.898440
19.174890
19.341032
19.628351
19.856639
20.230006
20.424922
18.639230
18.698851
18.803926
18.940493
19.054567
19.248857
19.466034
19.658201
19.938861
20.211305
20.462455
20.771512
19.034476
19.229473
19.261438
19.520062
19.642023
19.894116
20.077670
20.406921
20.558894
20.928071
21.111268
19.535273
19.705592
19.875235
20.033407
20.266176
20.488568
20.691994
20.954424
21.191127
21.409386
20.140498
20.353695
20.481686
20.759502
20.856823
21.180872
21.309340
21.593125
21.730436
20.743002
20.913912
21.063272
21.276691
21.460311
21.633759
21.830713
22.037018
21.269799
21.540271
21.613546
21.859026
21.943745
22.225768
22.252384
21.807438
21.940033
22.087561
22.258891
22.354029
22.542265
22.215833
22.461503
22.446933
22.722273
22.731169
22.583632
22.740636
22.826427
22.942280
22.899632
23.101928
23.098448
23.195265
23.313947
23.379998
23.964106
24.203867
24.273985
24.532947
24.608727
24.804554
24.869515
25.053365
25.027282
25.182925
25.131677
25.180533
25.099110
25.124370
24.952936
24.967409
24.796441
24.743399
24.590202
24.559801
24.359185
24.355493
24.184471
24.061250
24.119564
24.000877
24.092796
24.011201
24.076481
24.043961
24.151852
24.097933
24.254114
24.236979
24.367232
24.389759
24.551685
24.533477
24.725679
24.720872
24.868922
24.874256
25.031078
24.968698
25.143913
25.072786
23.995158
24.192218
24.240928
24.378859
24.453429
24.601372
24.625161
24.779241
24.817557
24.902097
24.947471
25.034144
25.015571
25.097866
25.091831
25.106740
25.105643
25.138162
25.082537
25.121099
25.091250
25.085580
24.229200
24.421586
24.439423
24.651352
24.614547
24.837866
24.810879
24.970624
24.947365
25.109461
25.022725
25.178479
25.098518
25.189353
25.109964
25.214702
25.076340
25.191705
25.075074
25.143071
25.033985
24.360272
24.518776
24.544338
24.711566
24.752250
24.856298
24.906076
25.009088
24.998479
25.090156
25.087970
25.108766
25.107283
25.134190
25.073876
25.105625
25.065743
25.043397
25.022370
25.026602
24.530503
24.751245
24.740431
24.907016
24.901067
25.071269
25.000178
25.162999
25.096210
25.185964
25.117443
25.211266
25.076444
25.178376
25.058950
25.106651
25.002447
25.078421
24.924166
24.665289
24.782057
24.839721
24.958368
24.954950
25.066048
25.069748
25.101088
25.106461
25.133388
25.071282
25.101822
25.051665
25.019860
24.989103
24.979220
24.901867
24.911104
24.826504
25.001966
24.949940
25.125082
25.075072
25.172715
25.120328
25.212377
25.086890
25.180935
25.059162
25.091409
24.983269
25.035319
24.876284
24.953405
24.826681
24.888196
25.015031
25.030721
25.079971
25.095632
25.134810
25.078237
25.111869
25.057139
25.022059
24.978072
24.954412
24.863143
24.857371
24.797856
24.745663
25.025897
25.137789
25.106280
25.208946
25.100380
25.197232
25.082974
25.108701
24.997874
25.032406
24.867567
24.918810
24.778782
24.788734
24.677742
25.066011
25.122359
25.080862
25.130535
25.081240
25.052837
25.005825
24.976498
24.871858
24.851669
24.771232
24.701979
24.653133
24.612351
25.096879
25.211155
25.114578
25.147445
25.047292
25.075901
24.908729
24.944655
24.793199
24.777343
24.651954
24.666181
24.501711
25.103476
25.090717
25.057664
25.035763
24.930558
24.908421
24.814353
24.730152
24.661247
24.598171
24.489575
24.456601
25.102732
25.143700
24.988406
25.025023
24.872650
24.842848
24.707361
24.695330
24.512109
24.531859
24.382359
25.010720
24.999769
24.911887
24.826668
24.750038
24.672866
24.544397
24.491481
24.393682
24.298648
24.984945
24.962251
24.829712
24.808910
24.616808
24.616380
24.445524
24.401509
24.261184
24.881794
24.813207
24.678688
24.620930
24.502372
24.391442
24.302885
24.219744
24.776285
24.779928
24.600255
24.543286
24.388510
24.353851
24.158334
24.679851
24.569201
24.470120
24.373113
24.228275
24.154620
24.590289
24.548226
24.342587
24.320753
24.141461
24.440762
24.366157
24.237248
24.109875
24.370064
24.304094
24.137323
24.255099
24.145488
24.151245
23.848367
24.096178
24.057037
24.314061
24.302048
24.502913
24.509029
24.721911
24.671616
24.890018
24.851925
25.001603
24.966789
25.124728
25.023904
25.181138
25.093932
25.190598
25.104459
25.224433
25.082127
25.212707
25.083963
19.156501
19.609144
20.112584
20.646442
21.223278
21.732439
22.189635
22.635018
22.998091
23.305266
23.623772
23.879171
24.098493
24.336246
24.522012
24.663754
24.828176
24.927823
24.990848
25.066522
25.091400
25.082770
19.288141
19.866784
20.339799
20.983536
21.430343
22.057878
22.419292
22.895806
23.189522
23.587785
23.762692
24.130948
24.265969
24.537724
24.652132
24.885384
24.897587
25.103857
25.072867
25.181596
25.133716
19.514336
19.993843
20.553776
21.134095
21.670094
22.137931
22.604354
22.974792
23.296541
23.618531
23.884906
24.104875
24.351272
24.535207
24.683621
24.841705
24.946417
25.000547
25.079522
25.096862
19.660719
20.343731
20.806687
21.453846
21.915762
22.472635
22.781526
23.264363
23.492304
23.850832
24.047603
24.363250
24.461688
24.754315
24.811133
24.999636
25.027148
25.171943
25.099667
19.934394
20.464507
21.085941
21.612710
22.109934
22.574032
22.965639
23.283301
23.620955
23.883495
24.114962
24.357264
24.550270
24.692704
24.857808
24.955304
25.014890
25.085862
20.180451
20.857234
21.316074
21.978274
22.359337
22.856566
23.166444
23.577048
23.762951
24.138484
24.282332
24.556745
24.675647
24.908846
24.921316
25.124654
25.091360
20.440384
21.039947
21.602852
22.080491
22.571312
22.949187
23.286691
23.611882
23.891334
24.111443
24.367333
24.551055
24.705400
24.859517
24.968267
25.015109
20.735403
21.397934
21.871571
22.445086
22.759612
23.252676
23.486742
23.850230
24.051871
24.371483
24.472553
24.765707
24.824450
25.012442
25.037701
21.045899
21.589187
22.089709
22.559296
22.957590
23.275238
23.618993
23.880794
24.118053
24.357332
24.558214
24.696147
24.866646
24.960167
21.310731
21.975673
22.359078
22.855133
23.164098
23.576904
23.760540
24.138251
24.281539
24.557221
24.674676
24.910108
24.921788
21.621409
22.096035
22.579995
22.954498
23.287299
23.608829
23.888813
24.104197
24.362143
24.542727
24.699914
24.850563
21.913499
22.473282
22.781203
23.262845
23.494356
23.849433
24.047939
24.363660
24.461933
24.752476
24.813941
22.137146
22.592544
22.977569
23.283173
23.618099
23.873645
24.106047
24.339281
24.541692
24.675315
22.418921
22.892639
23.189318
23.588676
23.763219
24.130194
24.268872
24.538090
24.652236
22.631994
22.989124
23.302278
23.609927
23.879368
24.084736
24.336340
24.513213
22.837074
23.292747
23.513752
23.848348
24.039583
24.343153
24.436378
23.019647
23.305594
23.620736
23.863659
24.084089
24.307108
23.232434
23.607163
23.769422
24.115113
24.247187
23.323999
23.614369
23.866555
24.059038
23.541217
23.852065
24.028179
23.619888
23.848404
23.786219
18.608414
18.700587
18.614208
18.719455
18.647068
18.693336
18.619655
18.678352
18.544954
18.599546
18.478404
18.476774
18.364527
18.382076
18.227094
18.270815
18.160405
18.185521
18.135157
18.242048
18.220046
18.426767
18.518344
18.676956
18.698437
18.733297
18.703251
18.731122
18.719943
18.680298
18.667308
18.633911
18.564296
18.524012
18.471173
18.371971
18.337809
18.259762
18.196179
18.147860
18.150515
18.089301
18.175380
18.210425
18.356342
18.779880
18.853290
18.806219
18.899104
18.789384
18.875993
18.778553
18.798028
18.693001
18.720531
18.555942
18.583870
18.434647
18.412011
18.283939
18.297066
18.140517
18.206390
18.122657
18.197159
18.210413
18.857202
18.884953
18.874308
18.894072
18.896802
18.851208
18.843104
18.808184
18.728782
18.689714
18.616130
18.523144
18.453178
18.386786
18.268841
18.242174
18.165381
18.131646
18.122651
18.175398
18.923005
19.039759
18.978445
19.032446
18.962178
19.024267
18.883582
18.936560
18.801873
18.785494
18.648573
18.643825
18.451978
18.463901
18.301962
18.280012
18.165400
18.206378
18.089308
19.026877
19.023841
19.049637
19.053668
19.010200
19.004156
18.961366
18.884652
18.835081
18.764673
18.646766
18.586676
18.483192
18.378202
18.301961
18.242164
18.140526
18.150520
19.093832
19.194157
19.092300
19.185747
19.088196
19.110114
19.000966
19.018289
18.840240
18.856252
18.682754
18.639713
18.483186
18.463911
18.268843
18.297071
18.147848
19.138159
19.173801
19.173432
19.139394
19.127430
19.092349
19.009145
18.961719
18.876267
18.765623
18.682752
18.586687
18.451969
18.386789
18.283941
18.196195
19.214066
19.281617
19.210285
19.276311
19.137022
19.188288
19.047210
19.022168
18.876278
18.856251
18.646767
18.643828
18.453189
18.412010
18.259761
19.254460
19.263163
19.223861
19.218557
19.174817
19.097017
19.047204
18.961716
18.840244
18.764674
18.648582
18.523139
18.434655
18.337819
19.264123
19.368947
19.259513
19.285083
19.174815
19.188287
19.009159
19.018289
18.835086
18.785499
18.616135
18.583879
18.371970
19.292413
19.272640
19.259510
19.218565
19.137028
19.092358
19.000961
18.884664
18.801879
18.689713
18.555953
18.471182
19.292411
19.368959
19.223858
19.276313
19.127431
19.110120
18.961370
18.936566
18.728790
18.720543
18.524013
19.264134
19.263156
19.210299
19.139401
19.088207
19.004167
18.883593
18.808186
18.693015
18.564301
19.254456
19.281626
19.173438
19.185755
19.010204
19.024269
18.843119
18.798039
18.633918
19.214082
19.173804
19.092305
19.053686
18.962190
18.851223
18.778557
18.667319
19.138169
19.194168
19.049660
19.032444
18.896814
18.876008
18.680310
19.093839
19.023855
18.978445
18.894095
18.789391
18.719955
19.026891
19.039772
18.874328
18.899123
18.731128
18.923026
18.884961
18.806227
18.703258
18.857219
18.853314
18.733321
18.779890
18.698444
18.676967
18.649657
18.815512
18.809239
18.994357
18.993530
19.130127
19.141875
19.276944
19.225281
19.372397
19.295456
19.405405
19.295467
19.372376
19.225284
19.276936
19.141865
19.130111
18.993525
18.994351
18.809218
18.815481
18.649644
18.608382
18.700584
18.614198
18.719457
18.647021
18.693367
18.619614
18.678386
18.544943
18.599576
18.478345
18.476867
18.364455
18.382141
18.227089
18.270885
18.160328
18.185693
18.135042
18.242167
18.220039
18.426904
18.518211
18.676952
18.698452
18.733294
18.703277
18.731087
18.719935
18.680297
18.667309
18.633873
18.564327
18.523958
18.471158
18.371959
18.337780
18.259701
18.196218
18.147756
18.150473
18.089297
18.175338
18.210314
18.356354
18.779885
18.853331
18.806214
18.899141
18.789401
18.876036
18.778526
18.798103
18.692970
18.720588
18.555942
18.583937
18.434599
18.412129
18.283871
18.297158
18.140517
18.206475
18.122544
18.197359
18.210309
18.857210
18.884962
18.874322
18.894085
18.896786
18.851240
18.843080
18.808176
18.728784
18.689699
18.616081
18.523166
18.453129
18.386757
18.268830
18.242124
18.165308
18.131685
18.122563
18.175318
18.923027
19.039777
18.978438
19.032471
18.962164
19.024292
18.883600
18.936592
18.801836
18.785587
18.648530
18.643871
18.451977
18.463970
18.301894
18.280162
18.165300
18.206476
18.089292
19.026885
19.023856
19.049648
19.053687
19.010205
19.004147
18.961334
18.884688
18.835034
18.764659
18.646768
18.586660
18.483116
18.378238
18.301886
18.242136
18.140506
18.150473
19.093841
19.194175
19.092296
19.185763
19.088192
19.110174
19.000930
19.018331
18.840238
18.856291
18.682698
18.639823
18.483128
18.463967
18.268825
18.297152
18.147763
19.138160
19.173808
19.173426
19.139410
19.127403
19.092344
19.009144
18.961699
18.876240
18.765644
18.682703
18.586651
18.451973
18.386758
18.283875
18.196203
19.214079
19.281641
19.210290
19.276326
19.137033
19.188316
19.047184
19.022229
18.876232
18.856291
18.646767
18.643871
18.453120
18.412123
18.259695
19.254449
19.263142
19.223861
19.218556
19.174787
19.097022
19.047180
18.961696
18.840242
18.764649
18.648528
18.523169
18.434599
18.337773
19.264142
19.368976
19.259488
19.285124
19.174793
19.188316
19.009142
19.018333
18.835029
18.785585
18.616073
18.583919
18.371960
19.292396
19.272648
19.259495
19.218556
19.137020
19.092343
19.000923
18.884674
18.801837
18.689693
18.555944
18.471158
19.292406
19.368963
19.223855
19.276320
19.127403
19.110169
18.961333
18.936592
18.728774
18.720574
18.523955
19.264126
19.263149
19.210289
19.139408
19.088176
19.004144
18.883584
18.808168
18.692969
18.564319
19.254457
19.281626
19.173415
19.185753
19.010198
19.024289
18.843071
18.798092
18.633867
19.214070
19.173795
19.092304
19.053670
18.962158
18.851224
18.778530
18.667290
19.138154
19.194172
19.049616
19.032474
18.896774
18.876017
18.680288
19.093825
19.023841
18.978439
18.894068
18.789394
18.719933
19.026879
19.039769
18.874303
18.899114
18.731089
18.923000
18.884951
18.806209
18.703273
18.857196
18.853313
18.733272
18.779881
18.698428
18.676948
24.009046
23.951842
23.753937
23.716057
23.531485
23.452025
23.297217
23.258024
23.079405
23.116500
22.980621
23.089764
22.980619
23.116486
23.079413
23.258047
23.297232
23.452026
23.531494
23.716076
23.753957
23.951865
24.009074
24.061123
24.119519
24.000538
24.092657
24.011129
24.075731
24.043920
24.151756
24.097478
24.253864
24.237423
24.366392
24.390085
24.551567
24.533301
24.725363
24.721466
24.867988
24.874753
25.030759
24.968668
25.143442
25.073325
23.934287
23.936158
23.908923
23.883165
23.907241
23.922862
23.925797
23.988447
24.038930
24.078166
24.178042
24.251468
24.322847
24.427225
24.528386
24.585369
24.706746
24.775821
24.845310
24.910970
24.993795
24.989552
23.837007
23.856149
23.790595
23.853605
23.762432
23.879407
23.841695
23.939571
23.953303
24.098011
24.087944
24.274981
24.299050
24.450116
24.497929
24.677135
24.666127
24.866021
24.860436
24.996593
24.993799
23.715676
23.699303
23.647574
23.677983
23.683358
23.687834
23.753604
23.811198
23.861460
23.966288
24.064423
24.135341
24.272094
24.369603
24.461653
24.576889
24.685763
24.740295
24.860420
24.910985
23.572559
23.636574
23.551562
23.593595
23.570910
23.674606
23.637678
23.799367
23.817784
23.957127
24.021307
24.199347
24.223300
24.433507
24.475445
24.637410
24.685773
24.866027
24.845309
23.474540
23.432941
23.441599
23.454688
23.450569
23.523131
23.588919
23.646632
23.770767
23.872901
23.972409
24.107912
24.237749
24.325180
24.475449
24.576883
24.666120
24.775830
23.358780
23.402089
23.303627
23.410886
23.386760
23.484214
23.523856
23.684582
23.709964
23.913891
23.980394
24.149051
24.237736
24.433517
24.461649
24.677157
24.706724
23.226354
23.240061
23.240805
23.244631
23.314622
23.391713
23.458257
23.589265
23.718110
23.815259
23.980403
24.107917
24.223304
24.369604
24.497923
24.585393
23.150204
23.184191
23.153583
23.263570
23.240534
23.412393
23.462868
23.614851
23.718129
23.913878
23.972421
24.199337
24.272117
24.450109
24.528395
23.074116
23.080807
23.081084
23.157325
23.241829
23.313190
23.462861
23.589263
23.709968
23.872901
24.021321
24.135333
24.299058
24.427237
22.995097
23.109419
23.075252
23.181508
23.241822
23.412412
23.458253
23.684595
23.770763
23.957141
24.064426
24.275001
24.322840
22.978847
23.000831
23.075255
23.157328
23.240529
23.391719
23.523861
23.646643
23.817784
23.966290
24.087944
24.251485
22.978845
23.109412
23.081094
23.263579
23.314629
23.484215
23.588920
23.799377
23.861473
24.098027
24.178044
22.995114
23.080808
23.153583
23.244627
23.386780
23.523140
23.637697
23.811197
23.953308
24.078176
23.074127
23.184191
23.240831
23.410879
23.450584
23.674597
23.753629
23.939572
24.038955
23.150212
23.240064
23.303640
23.454698
23.570930
23.687843
23.841710
23.988455
23.226351
23.402107
23.441601
23.593618
23.683359
23.879427
23.925795
23.358796
23.432961
23.551563
23.678001
23.762439
23.922888
23.474549
23.636587
23.647599
23.853624
23.907256
23.572585
23.699311
23.790606
23.883170
23.715684
23.856170
23.908953
23.837030
23.936171
23.934299
24.061225
24.119540
24.000866
24.092786
24.011178
24.076481
24.043943
24.151824
24.097922
24.254120
24.236963
24.367231
24.389751
24.551689
24.533453
24.725705
24.720850
24.868910
24.874241
25.031081
24.968688
25.143936
25.072775
23.934146
23.936054
23.908544
23.883278
23.906649
23.922400
23.925841
23.988269
24.038247
24.078760
24.177561
24.251296
24.322964
24.427318
24.527699
24.586121
24.706159
24.775825
24.845330
24.911032
24.993195
24.990072
23.837214
23.856478
23.790738
23.853857
23.763207
23.879739
23.841429
23.940524
23.953047
24.098081
24.088247
24.275340
24.298342
24.451176
24.497324
24.677448
24.666161
24.866443
24.859759
24.997637
24.993189
23.715330
23.699139
23.647420
23.677475
23.682450
23.688277
23.753036
23.810872
23.861628
23.966360
24.063544
24.136258
24.271432
24.369639
24.461688
24.577023
24.685043
24.741072
24.859779
24.911017
23.572997
23.636704
23.551862
23.594763
23.571007
23.674632
23.638217
23.799753
23.816992
23.958399
24.020645
24.199592
24.223375
24.433959
24.474616
24.638602
24.685022
24.866436
24.845334
23.474077
23.432997
23.440566
23.453930
23.450671
23.523110
23.587811
23.647690
23.769967
23.872893
23.972485
24.108182
24.236761
24.326261
24.474617
24.577033
24.666165
24.775819
23.359164
23.402496
23.304930
23.411407
23.386046
23.485672
23.523260
23.684769
23.710105
23.914462
23.979222
24.150593
24.236765
24.433949
24.461686
24.677435
24.706168
23.225862
23.239265
23.239185
23.245591
23.313765
23.391467
23.458317
23.589779
23.716628
23.816904
23.979212
24.108187
24.223369
24.369649
24.497314
24.586119
23.150840
23.186029
23.153651
23.263482
23.240897
23.413375
23.460965
23.617154
23.716622
23.914470
23.972477
24.199592
24.271415
24.451182
24.527691
23.072699
23.079614
23.081113
23.158176
23.239274
23.315914
23.460975
23.589775
23.710100
23.872891
24.020646
24.136258
24.298340
24.427305
22.996478
23.110859
23.072460
23.185285
23.239277
23.413358
23.458322
23.684759
23.769970
23.958380
24.063547
24.275323
24.322972
22.976748
23.003821
23.072458
23.158173
23.240907
23.391458
23.523254
23.647687
23.816988
23.966355
24.088246
24.251278
22.976751
23.110862
23.081109
23.263467
23.313766
23.485668
23.587802
23.799743
23.861621
24.098068
24.177559
22.996465
23.079609
23.153661
23.245579
23.386033
23.523107
23.638205
23.810867
23.953038
24.078748
23.072691
23.186019
23.239176
23.411409
23.450655
23.674626
23.753024
23.940518
24.038232
23.150840
23.239249
23.304919
23.453918
23.570999
23.688258
23.841426
23.988249
23.225872
23.402480
23.440559
23.594741
23.682453
23.879709
23.925849
23.359136
23.432996
23.551845
23.677463
23.763194
23.922386
23.474058
23.636696
23.647394
23.853851
23.906625
23.572976
23.699126
23.790729
23.883260
23.715322
23.856452
23.908528
23.837200
23.936027
23.934143

