Tension at each vertex
-3.930612
-3.930613
-3.929331
-3.929333
-5.653229
-3.255249
-5.653228
-3.255248
-4.766482
-4.764675
-3.261792
-3.257110
-4.120147
-4.196812
-4.208226
-4.250904
-4.349259
-4.348906
-4.482729
-4.506527
-4.661158
-4.704445
-4.893705
-4.945928
-5.155842
-5.208287
-5.402002
-5.436220
-5.594162
-5.583500
-5.714328
-5.658690
-5.748638
-5.710616
-5.787956
-4.340831
-4.639916
-4.505982
-4.678816
-4.585551
-4.774946
-4.689060
-4.886126
-4.837186
-5.040691
-5.025378
-5.243652
-5.244097
-5.462824
-5.464139
-5.646475
-5.636327
-5.767955
-5.731965
-5.826511
-5.783770
-5.781660
-4.233695
-4.175584
-4.281403
-4.282485
-4.381399
-4.390327
-4.528602
-4.544436
-4.712142
-4.752646
-4.941713
-4.999430
-5.201819
-5.246899
-5.441865
-5.456575
-5.616511
-5.597293
-5.724159
-5.661777
-5.783860
-4.333837
-4.649497
-4.460637
-4.687983
-4.570537
-4.772980
-4.682819
-4.898030
-4.835468
-5.063710
-5.035043
-5.265363
-5.261135
-5.482043
-5.470805
-5.661163
-5.630218
-5.771348
-5.724057
-5.826487
-4.305882
-4.149563
-4.343889
-4.275802
-4.423520
-4.410734
-4.563174
-4.574021
-4.753867
-4.783442
-4.988110
-5.030587
-5.236434
-5.272588
-5.464228
-5.466228
-5.630341
-5.597312
-5.732063
-4.309947
-4.665723
-4.416170
-4.710775
-4.539556
-4.783737
-4.671394
-4.907057
-4.833154
-5.076034
-5.030967
-5.281199
-5.257901
-5.488693
-5.464130
-5.661122
-5.616392
-5.767942
-4.301215
-4.158959
-4.379829
-4.266884
-4.468455
-4.413956
-4.600707
-4.588839
-4.786839
-4.803825
-5.017701
-5.039804
-5.258038
-5.272596
-5.470912
-5.456677
-5.636364
-4.326494
-4.642673
-4.409590
-4.717741
-4.515103
-4.798547
-4.652455
-4.917543
-4.816357
-5.077958
-5.017617
-5.281144
-5.236315
-5.482040
-5.441667
-5.646475
-4.304244
-4.179914
-4.383955
-4.277771
-4.495276
-4.413456
-4.630788
-4.590860
-4.816490
-4.803828
-5.031078
-5.030708
-5.261157
-5.247075
-5.464205
-4.316052
-4.636655
-4.411114
-4.708781
-4.504813
-4.804005
-4.630730
-4.917479
-4.786736
-5.076039
-4.987899
-5.265374
-5.201658
-5.462722
-4.318593
-4.176635
-4.395447
-4.287413
-4.504906
-4.413450
-4.652543
-4.588970
-4.833153
-4.783648
-5.035113
-4.999557
-5.244199
-4.313804
-4.642999
-4.395393
-4.708730
-4.495202
-4.798549
-4.600488
-4.907081
-4.753713
-5.063598
-4.941594
-5.243602
-4.313842
-4.176651
-4.411182
-4.277875
-4.515050
-4.414166
-4.671430
-4.574147
-4.835587
-4.752905
-5.025321
-4.318552
-4.636645
-4.383765
-4.717809
-4.468288
-4.783600
-4.563052
-4.897981
-4.711839
-5.040738
-4.315985
-4.180157
-4.409552
-4.266991
-4.539654
-4.410970
-4.682709
-4.544854
-4.837188
-4.304052
-4.642588
-4.379778
-4.710724
-4.423175
-4.773030
-4.528312
-4.885942
-4.326574
-4.159163
-4.416002
-4.276272
-4.570488
-4.390545
-4.689170
-4.300914
-4.665892
-4.343595
-4.687784
-4.381279
-4.774821
-4.309742
-4.149796
-4.460775
-4.282878
-4.585348
-4.305874
-4.649369
-4.280912
-4.678943
-4.333519
-4.176362
-4.505836
-4.233264
-4.639599
-4.340978
-4.702698
-4.100092
-4.640052
-4.042487
-4.601995
-4.089511
-4.574740
-4.088783
-4.576510
-4.093176
-4.563240
-4.103665
-4.563252
-4.093107
-4.576395
-4.088640
-4.574822
-4.088978
-4.602123
-4.042173
-4.639783
-4.099678
-4.702943
-4.065720
-4.073461
-4.014772
-3.977396
-3.989702
-3.887271
-3.910629
-3.801084
-3.810825
-3.684556
-3.697387
-3.553008
-3.572164
-3.433015
-3.457911
-3.338035
-3.385313
-3.278495
-3.354334
-3.263789
-3.341283
-3.291358
-3.396305
-4.273619
-4.506415
-4.293473
-4.391115
-4.198040
-4.292059
-4.079476
-4.153354
-3.942454
-3.993070
-3.781763
-3.826482
-3.618714
-3.671651
-3.488432
-3.550549
-3.403160
-3.481501
-3.357282
-3.453567
-3.362582
-3.409012
-4.165418
-4.041100
-4.067840
-3.988728
-3.994388
-3.898641
-3.916604
-3.796416
-3.809284
-3.678554
-3.684019
-3.548536
-3.561146
-3.423739
-3.455372
-3.334261
-3.382206
-3.285604
-3.356079
-3.262304
-3.362577
-4.263682
-4.507231
-4.239988
-4.382813
-4.165535
-4.265597
-4.045017
-4.129594
-3.901649
-3.968947
-3.744486
-3.799263
-3.591367
-3.654146
-3.465675
-3.545779
-3.389859
-3.476792
-3.356658
-3.453385
-4.235507
-4.008173
-4.120710
-3.971206
-4.017991
-3.898853
-3.923489
-3.794181
-3.812667
-3.670342
-3.687138
-3.542127
-3.558119
-3.422415
-3.456361
-3.330818
-3.389898
-3.285330
-3.356913
-4.237793
-4.518913
-4.187430
-4.393885
-4.122172
-4.256611
-4.013235
-4.112137
-3.871947
-3.951153
-3.712959
-3.788794
-3.570316
-3.645959
-3.456781
-3.545639
-3.382352
-3.481785
-4.227602
-4.012944
-4.149990
-3.952190
-4.049047
-3.886917
-3.939755
-3.788686
-3.821733
-3.670023
-3.696182
-3.537328
-3.570410
-3.422181
-3.465420
-3.334314
-3.403107
-4.253057
-4.490779
-4.175070
-4.392585
-4.087835
-4.258769
-3.982737
-4.108108
-3.844590
-3.942307
-3.696465
-3.788681
-3.558177
-3.654416
-3.455686
-3.550128
-4.228773
-4.031119
-4.148272
-3.956634
-4.067293
-3.877533
-3.959720
-3.783714
-3.844717
-3.669830
-3.712811
-3.542178
-3.591341
-3.423062
-3.488859
-4.240819
-4.481611
-4.173525
-4.378461
-4.073896
-4.260074
-3.959876
-4.108024
-3.821731
-3.951383
-3.687309
-3.798968
-3.561823
-3.671685
-4.242471
-4.025780
-4.157128
-3.964188
-4.074010
-3.877401
-3.982679
-3.788718
-3.871959
-3.669820
-3.744871
-3.548162
-3.618346
-4.237674
-4.487015
-4.157173
-4.378423
-4.067258
-4.258918
-3.939846
-4.111929
-3.813151
-3.968967
-3.683931
-3.826902
-4.237752
-4.025716
-4.173528
-3.956620
-4.087911
-3.886530
-4.013557
-3.793872
-3.901419
-3.678477
-3.781960
-4.242419
-4.481675
-4.148340
-4.392431
-4.049347
-4.256627
-3.923415
-4.129915
-3.809640
-3.992616
-4.240962
-4.030824
-4.175320
-3.951971
-4.122067
-3.898752
-4.045199
-3.795548
-3.942997
-4.228922
-4.490820
-4.149921
-4.394073
-4.018254
-4.265274
-3.917239
-4.153466
-4.253047
-4.012793
-4.187664
-3.970544
-4.165962
-3.898230
-4.079187
-4.227820
-4.518669
-4.121114
-4.382912
-3.994310
-4.292444
-4.238134
-4.007868
-4.239865
-3.988488
-4.198318
-4.235427
-4.507445
-4.068241
-4.390757
-4.264062
-4.040215
-4.293955
-4.165865
-4.506612
-4.273542
-4.635205
-3.996600
-4.593065
-4.088732
-4.620790
-4.132150
-4.683713
-4.183844
-4.739888
-4.260106
-4.811330
-4.338506
-4.895659
-4.434364
-4.979078
-4.536297
-5.069291
-4.632999
-5.157583
-4.718956
-5.237709
-4.803143
-5.330705
-5.770860
-5.778773
-5.776430
-5.772137
-5.788704
-5.764295
-5.789518
-5.779888
-5.796206
-5.774613
-5.808501
-5.763321
-5.791219
-5.729078
-5.750242
-5.647489
-5.671155
-5.526016
-5.556077
-5.370690
-5.437367
-5.179372
-5.829073
-5.686033
-5.848208
-5.670340
-5.849197
-5.675113
-5.844688
-5.655750
-5.847553
-5.628846
-5.819914
-5.584726
-5.772049
-5.494572
-5.690099
-5.365099
-5.567986
-5.196050
-5.425212
-4.996950
-5.286281
-5.799875
-5.746739
-5.791769
-5.763149
-5.782471
-5.755209
-5.791729
-5.741384
-5.776674
-5.720556
-5.749477
-5.659952
-5.696639
-5.566787
-5.603482
-5.434540
-5.485641
-5.272136
-5.360663
-5.099679
-5.824962
-5.670366
-5.822488
-5.651168
-5.833905
-5.622296
-5.813988
-5.589897
-5.779291
-5.517985
-5.721968
-5.416283
-5.623423
-5.276052
-5.499807
-5.099931
-5.362702
-4.906297
-5.229026
-5.738046
-5.701261
-5.750589
-5.687327
-5.734580
-5.675658
-5.710587
-5.628389
-5.674315
-5.558218
-5.601935
-5.454068
-5.507787
-5.312119
-5.393894
-5.151210
-5.274882
-4.989653
-5.771380
-5.570881
-5.757409
-5.551709
-5.734992
-5.493703
-5.699037
-5.413888
-5.623426
-5.302135
-5.526502
-5.150351
-5.406577
-4.979792
-5.276550
-4.800400
-5.150099
-5.630322
-5.580433
-5.621009
-5.541464
-5.599110
-5.489838
-5.543057
-5.414270
-5.473304
-5.299737
-5.382344
-5.167339
-5.276347
-5.019465
-5.171567
-4.875475
-5.630813
-5.399174
-5.610516
-5.346154
-5.557275
-5.265564
-5.488931
-5.143019
-5.397607
-5.002823
-5.285658
-4.843462
-5.175022
-4.683321
-5.063838
-5.453075
-5.363691
-5.420445
-5.308884
-5.375720
-5.222704
-5.312713
-5.124063
-5.229600
-5.004724
-5.147968
-4.877592
-5.060046
-4.758765
-5.429199
-5.156768
-5.390027
-5.071646
-5.329111
-4.968439
-5.244787
-4.839737
-5.160226
-4.698681
-5.065625
-4.565932
-4.976419
-5.223420
-5.094103
-5.187407
-5.024395
-5.131809
-4.936515
-5.079018
-4.835744
-5.013813
-4.741073
-4.950522
-4.638856
-5.212674
-4.881307
-5.161318
-4.790690
-5.105700
-4.677575
-5.033996
-4.568212
-4.961998
-4.447997
-4.899774
-5.000280
-4.831254
-4.971247
-4.754935
-4.931508
-4.687495
-4.889267
-4.605061
-4.856756
-4.528392
-5.019978
-4.629378
-4.978519
-4.548176
-4.923007
-4.444887
-4.879907
-4.346681
-4.822100
-4.825676
-4.608111
-4.799579
-4.546658
-4.791774
-4.487239
-4.762456
-4.436425
-4.869231
-4.436970
-4.846772
-4.348087
-4.796408
-4.273572
-4.759887
-4.698678
-4.424980
-4.689384
-4.400113
-4.687634
-4.340444
-4.772111
-4.296903
-4.733206
-4.197733
-4.714446
-4.588226
-4.300574
-4.635171
-4.270426
-4.714409
-4.149410
-4.652061
-4.533446
-4.228485
-4.623997
-4.065162
-4.073937
-4.014791
-3.977943
-3.988950
-3.888374
-3.910132
-3.801264
-3.810964
-3.685036
-3.696537
-3.554123
-3.571658
-3.433087
-3.458004
-3.338441
-3.384418
-3.279341
-3.353836
-3.263741
-3.341036
-3.291683
-3.395549
-3.477115
-3.322953
-3.467856
-3.306411
-3.471577
-3.303262
-3.472421
-3.285174
-3.455616
-3.266959
-3.439829
-3.237256
-3.431056
-3.219065
-3.430300
-3.215668
-3.457208
-3.230522
-3.508961
-3.266768
-3.585602
-3.303607
-3.700200
-4.517495
-4.079778
-4.456305
-4.026812
-4.410504
-3.985058
-4.334653
-3.948698
-4.254734
-3.891073
-4.172004
-3.832928
-4.075951
-3.775655
-3.984361
-3.715209
-3.902198
-3.661192
-3.826960
-3.630980
-3.752177
-3.585895
-4.348564
-3.924846
-4.339980
-3.863786
-4.272274
-3.809436
-4.204578
-3.732817
-4.134167
-3.660395
-4.046144
-3.589576
-3.962173
-3.513570
-3.886441
-3.444357
-3.817411
-3.389844
-3.754322
-3.343434
-3.726967
-4.459242
-3.993672
-4.360046
-3.965255
-4.283613
-3.903311
-4.201482
-3.843622
-4.095508
-3.780063
-3.992360
-3.705608
-3.894249
-3.638854
-3.800690
-3.586562
-3.715667
-3.551054
-3.648231
-3.526359
-4.236625
-3.892607
-4.197318
-3.798284
-4.135266
-3.719440
-4.042232
-3.638998
-3.950842
-3.546651
-3.860439
-3.463742
-3.771951
-3.393176
-3.697195
-3.337178
-3.639207
-3.292267
-3.598097
-4.333611
-3.916905
-4.247941
-3.866286
-4.136295
-3.802471
-4.027171
-3.718562
-3.915067
-3.640855
-3.801819
-3.571162
-3.704688
-3.514635
-3.624249
-3.476800
-3.560401
-3.458750
-4.135379
-3.802714
-4.049367
-3.713198
-3.961128
-3.608667
-3.862338
-3.512683
-3.756851
-3.422645
-3.667507
-3.345299
-3.594700
-3.289984
-3.541411
-3.253116
-3.504443
-4.192754
-3.835105
-4.086818
-3.750999
-3.966892
-3.667799
-3.837680
-3.582737
-3.724711
-3.506266
-3.627366
-3.453382
-3.551521
-3.419592
-3.496982
-3.405534
-3.990258
-3.693152
-3.888990
-3.589921
-3.775129
-3.483669
-3.672325
-3.384331
-3.580324
-3.310913
-3.510951
-3.258282
-3.468331
-3.228700
-3.440031
-4.037661
-3.718353
-3.906185
-3.623358
-3.780063
-3.528755
-3.661936
-3.458047
-3.567513
-3.406708
-3.504274
-3.380820
-3.458879
-3.376717
-3.824755
-3.570856
-3.711491
-3.456158
-3.601778
-3.362749
-3.511113
-3.287432
-3.453453
-3.242480
-3.417386
-3.225861
-3.401912
-3.862323
-3.587223
-3.731031
-3.495894
-3.613058
-3.420139
-3.531016
-3.376582
-3.473436
-3.364059
-3.442834
-3.364354
-3.659982
-3.443685
-3.547577
-3.345587
-3.467515
-3.276930
-3.410698
-3.243873
-3.387930
-3.231169
-3.389000
-3.692567
-3.471601
-3.585747
-3.397133
-3.502331
-3.363811
-3.459656
-3.353488
-3.445509
-3.366908
-3.516156
-3.337023
-3.433062
-3.279441
-3.387486
-3.244766
-3.375869
-3.245627
-3.380550
-3.563480
-3.391265
-3.488497
-3.350703
-3.456681
-3.354543
-3.445472
-3.379933
-3.413329
-3.277043
-3.378111
-3.255332
-3.361911
-3.262606
-3.380994
-3.486048
-3.350328
-3.446603
-3.357915
-3.452877
-3.382970
-3.364834
-3.265714
-3.362112
-3.266180
-3.380968
-3.447124
-3.351807
-3.453486
-3.393318
-3.362718
-3.272427
-3.374291
-3.452674
-3.396013
-3.339232
-4.590486
-3.927263
-4.463319
-3.926250
-4.397675
-3.872808
-4.349559
-3.811973
-4.283145
-3.757326
-4.214212
-3.690429
-4.144319
-3.626922
-4.066066
-3.566458
-3.993425
-3.503799
-3.933279
-3.441030
-3.878816
-3.407643
-3.863277
-5.146457
-5.122716
-5.020669
-4.955807
-4.891192
-4.837967
-4.775814
-4.738358
-4.688976
-4.643942
-4.602086
-4.557108
-4.504891
-4.455518
-4.399940
-4.329178
-4.267458
-4.193358
-4.114938
-4.032903
-3.976375
-3.848085
-4.954064
-4.565205
-4.721979
-4.377929
-4.516810
-4.210564
-4.362104
-4.068433
-4.238242
-3.966414
-4.137584
-3.879756
-4.058855
-3.795130
-3.979258
-3.717049
-3.890530
-3.620087
-3.806539
-3.505766
-3.710670
-5.104627
-5.063513
-4.947918
-4.913809
-4.831781
-4.787564
-4.731975
-4.693219
-4.638041
-4.601192
-4.551706
-4.499992
-4.451178
-4.390328
-4.326096
-4.252120
-4.191813
-4.090328
-4.038147
-3.929549
-4.850277
-4.489793
-4.634487
-4.293766
-4.451261
-4.143120
-4.300944
-4.021394
-4.193769
-3.921437
-4.104314
-3.840241
-4.018223
-3.755878
-3.939557
-3.658637
-3.846544
-3.558220
-3.743959
-5.040957
-4.987082
-4.894322
-4.853206
-4.773693
-4.741840
-4.682030
-4.641014
-4.592180
-4.548744
-4.493708
-4.443313
-4.386505
-4.311765
-4.253020
-4.166141
-4.098437
-3.998116
-4.747766
-4.406045
-4.540485
-4.226047
-4.379654
-4.080345
-4.251781
-3.974705
-4.149162
-3.885211
-4.065898
-3.796812
-3.982153
-3.711858
-3.887668
-3.610828
-3.787279
-4.970323
-4.915270
-4.835470
-4.787667
-4.728174
-4.689059
-4.631474
-4.594330
-4.540977
-4.492309
-4.438499
-4.379446
-4.310595
-4.239476
-4.166710
-4.078389
-4.643923
-4.319568
-4.460464
-4.158173
-4.311398
-4.032312
-4.202035
-3.931890
-4.111318
-3.847224
-4.023384
-3.762007
-3.938163
-3.666499
-3.834472
-4.903776
-4.840967
-4.775957
-4.732757
-4.678431
-4.635761
-4.585379
-4.542715
-4.485511
-4.439082
-4.372434
-4.309952
-4.231706
-4.163531
-4.543459
-4.244401
-4.380756
-4.094805
-4.253879
-3.984912
-4.154098
-3.895633
-4.068017
-3.810220
-3.983229
-3.727072
-3.886428
-4.833534
-4.770398
-4.725151
-4.676060
-4.628910
-4.586805
-4.532548
-4.491509
-4.426931
-4.379982
-4.295445
-4.241041
-4.456397
-4.170951
-4.308620
-4.043309
-4.197026
-3.946247
-4.108618
-3.860927
-4.025592
-3.780723
-3.941423
-4.770301
-4.712359
-4.672059
-4.627725
-4.579410
-4.537735
-4.480046
-4.439627
-4.359888
-4.315818
-4.369368
-4.111527
-4.244378
-3.996651
-4.150214
-3.911059
-4.064405
-3.835419
-3.984839
-4.718031
-4.654820
-4.628348
-4.579559
-4.525729
-4.496207
-4.415066
-4.386501
-4.296876
-4.061325
-4.179597
-3.969060
-4.096642
-3.886401
-4.026901
-4.660556
-4.618080
-4.575163
-4.534726
-4.476308
-4.441096
-4.227740
-4.012004
-4.135754
-3.932717
-4.057733
-4.628913
-4.576755
-4.523701
-4.504599
-4.145710
-3.983979
-4.070758
-4.606754
-4.566672
-4.046212
-4.702699
-4.100093
-4.640053
-4.042488
-4.601996
-4.089512
-4.574741
-4.088784
-4.576510
-4.093176
-4.563241
-4.103666
-4.563253
-4.093108
-4.576397
-4.088641
-4.574824
-4.088980
-4.602126
-4.042176
-4.639786
-4.099681
-4.702946
-4.120840
-4.196194
-4.208362
-4.250535
-4.349668
-4.348244
-4.483157
-4.506125
-4.661289
-4.704214
-4.893950
-4.945561
-5.156124
-5.208060
-5.402132
-5.436097
-5.594319
-5.583346
-5.714495
-5.658609
-5.748741
-5.710583
-5.788047
-4.340979
-4.639599
-4.505836
-4.678944
-4.585349
-4.774822
-4.689170
-4.885943
-4.837188
-5.040737
-5.025320
-5.243601
-5.244198
-5.462721
-5.464204
-5.646474
-5.636363
-5.767941
-5.732061
-5.826486
-5.783859
-5.781659
-4.233264
-4.176363
-4.280912
-4.282879
-4.381279
-4.390546
-4.528312
-4.544854
-4.711837
-4.752903
-4.941593
-4.999556
-5.201657
-5.247074
-5.441666
-5.456676
-5.616391
-5.597310
-5.724056
-5.661775
-5.783768
-4.333520
-4.649370
-4.460775
-4.687785
-4.570489
-4.773030
-4.682709
-4.897981
-4.835585
-5.063596
-5.035112
-5.265373
-5.261156
-5.482040
-5.470912
-5.661121
-5.630340
-5.771347
-5.724158
-5.826510
-4.305875
-4.149796
-4.343596
-4.276273
-4.423176
-4.410970
-4.563052
-4.574146
-4.753711
-4.783646
-4.987897
-5.030707
-5.236315
-5.272596
-5.464130
-5.466227
-5.630218
-5.597292
-5.731964
-4.309742
-4.665893
-4.416003
-4.710725
-4.539654
-4.783599
-4.671429
-4.907080
-4.833151
-5.076038
-5.031077
-5.281144
-5.258038
-5.488693
-5.464228
-5.661162
-5.616511
-5.767953
-4.300915
-4.159164
-4.379778
-4.266992
-4.468288
-4.414165
-4.600487
-4.588970
-4.786734
-4.803827
-5.017617
-5.039804
-5.257901
-5.272588
-5.470805
-5.456575
-5.636326
-4.326575
-4.642589
-4.409552
-4.717809
-4.515050
-4.798548
-4.652542
-4.917478
-4.816488
-5.077958
-5.017702
-5.281200
-5.236435
-5.482044
-5.441865
-5.646475
-4.304053
-4.180157
-4.383765
-4.277875
-4.495201
-4.413448
-4.630728
-4.590859
-4.816357
-4.803826
-5.030969
-5.030589
-5.261136
-5.246900
-5.464140
-4.315985
-4.636645
-4.411182
-4.708730
-4.504905
-4.804002
-4.630785
-4.917543
-4.786839
-5.076036
-4.988114
-5.265366
-5.201821
-5.462826
-4.318553
-4.176651
-4.395393
-4.287411
-4.504810
-4.413450
-4.652450
-4.588837
-4.833155
-4.783447
-5.035048
-4.999435
-5.244100
-4.313843
-4.642999
-4.395447
-4.708780
-4.495271
-4.798539
-4.600698
-4.907054
-4.753871
-5.063718
-4.941720
-5.243657
-4.313805
-4.176636
-4.411114
-4.277770
-4.515098
-4.413943
-4.671379
-4.574016
-4.835475
-4.752656
-5.025388
-4.318595
-4.636656
-4.383955
-4.717740
-4.468450
-4.783719
-4.563151
-4.898023
-4.712150
-5.040703
-4.316054
-4.179915
-4.409592
-4.266886
-4.539552
-4.410711
-4.682785
-4.544422
-4.837193
-4.304246
-4.642676
-4.379832
-4.710779
-4.423519
-4.772954
-4.528556
-4.886103
-4.326497
-4.158962
-4.416174
-4.275808
-4.570540
-4.390304
-4.689010
-4.301217
-4.665727
-4.343894
-4.687991
-4.381405
-4.774928
-4.309950
-4.149567
-4.460643
-4.282492
-4.585556
-4.305886
-4.649502
-4.281409
-4.678823
-4.333841
-4.175588
-4.505987
-4.233699
-4.639919
-4.340834
-4.065162
-4.073937
-4.014792
-3.977944
-3.988951
-3.888375
-3.910133
-3.801265
-3.810965
-3.685037
-3.696538
-3.554123
-3.571658
-3.433088
-3.458004
-3.338442
-3.384417
-3.279341
-3.353836
-3.263741
-3.341036
-3.291683
-3.395549
-4.273544
-4.506613
-4.293956
-4.390758
-4.198319
-4.292445
-4.079188
-4.153466
-3.942997
-3.992616
-3.781960
-3.826902
-3.618346
-3.671685
-3.488859
-3.550127
-3.403107
-3.481785
-3.356913
-3.453385
-3.362577
-3.409011
-4.165867
-4.040217
-4.068242
-3.988489
-3.994311
-3.898231
-3.917239
-3.795548
-3.809640
-3.678478
-3.683931
-3.548162
-3.561823
-3.423062
-3.455686
-3.334314
-3.382351
-3.285330
-3.356658
-3.262303
-3.362582
-4.264064
-4.507447
-4.239866
-4.382914
-4.165963
-4.265275
-4.045200
-4.129916
-3.901420
-3.968968
-3.744871
-3.798968
-3.591341
-3.654416
-3.465419
-3.545639
-3.389898
-3.476791
-3.356079
-3.453567
-4.235429
-4.007869
-4.121115
-3.970545
-4.018255
-3.898752
-3.923416
-3.793872
-3.813151
-3.669820
-3.687309
-3.542178
-3.558176
-3.422181
-3.456781
-3.330818
-3.389859
-3.285604
-3.357282
-4.238136
-4.518671
-4.187665
-4.394074
-4.122068
-4.256628
-4.013558
-4.111929
-3.871959
-3.951383
-3.712811
-3.788681
-3.570410
-3.645959
-3.456361
-3.545778
-3.382206
-3.481501
-4.227821
-4.012794
-4.149922
-3.951972
-4.049348
-3.886531
-3.939846
-3.788718
-3.821731
-3.669831
-3.696465
-3.537328
-3.570316
-3.422414
-3.465675
-3.334261
-3.403160
-4.253049
-4.490822
-4.175321
-4.392432
-4.087911
-4.258919
-3.982679
-4.108025
-3.844717
-3.942307
-3.696182
-3.788794
-3.558119
-3.654146
-3.455372
-3.550548
-4.228924
-4.030825
-4.148342
-3.956621
-4.067259
-3.877402
-3.959877
-3.783714
-3.844590
-3.670023
-3.712959
-3.542127
-3.591367
-3.423739
-3.488432
-4.240963
-4.481676
-4.173529
-4.378424
-4.074011
-4.260075
-3.959721
-4.108109
-3.821734
-3.951154
-3.687138
-3.799263
-3.561146
-3.671652
-4.242420
-4.025717
-4.157174
-3.964189
-4.073897
-3.877534
-3.982737
-3.788687
-3.871947
-3.670343
-3.744486
-3.548536
-3.618714
-4.237753
-4.487016
-4.157129
-4.378462
-4.067294
-4.258769
-3.939756
-4.112137
-3.812668
-3.968948
-3.684019
-3.826483
-4.237675
-4.025781
-4.173525
-3.956635
-4.087836
-3.886918
-4.013236
-3.794181
-3.901649
-3.678554
-3.781763
-4.242472
-4.481612
-4.148273
-4.392586
-4.049048
-4.256611
-3.923489
-4.129594
-3.809285
-3.993070
-4.240820
-4.031119
-4.175071
-3.952191
-4.122172
-3.898853
-4.045018
-3.796416
-3.942454
-4.228774
-4.490780
-4.149991
-4.393886
-4.017992
-4.265598
-3.916605
-4.153355
-4.253058
-4.012945
-4.187431
-3.971206
-4.165536
-3.898642
-4.079476
-4.227603
-4.518914
-4.120711
-4.382814
-3.994389
-4.292060
-4.237793
-4.008174
-4.239989
-3.988728
-4.198041
-4.235507
-4.507232
-4.067841
-4.391116
-4.263682
-4.041101
-4.293474
-4.165419
-4.506415
-4.273620
-4.120148
-4.196813
-4.208227
-4.250904
-4.349260
-4.348906
-4.482729
-4.506527
-4.661158
-4.704445
-4.893704
-4.945927
-5.155841
-5.208286
-5.402001
-5.436219
-5.594161
-5.583499
-5.714327
-5.658688
-5.748637
-5.710615
-5.787955
-5.826201
-5.679067
-5.816135
-5.666462
-5.812437
-5.659262
-5.832826
-5.653283
-5.833503
-5.661815
-5.837531
-5.644872
-5.834988
-5.612991
-5.795378
-5.545217
-5.722671
-5.424002
-5.606915
-5.258927
-5.455963
-5.057934
-5.320323
-4.623997
-4.228485
-4.652061
-4.270426
-4.714448
-4.340446
-4.759887
-4.436422
-4.822097
-4.528392
-4.899775
-4.638857
-4.976418
-4.758763
-5.063837
-4.875474
-5.150099
-4.989652
-5.229026
-5.099679
-5.286281
-5.179372
-4.533446
-4.149410
-4.635171
-4.197733
-4.687635
-4.273574
-4.762456
-4.346679
-4.856754
-4.447997
-4.950522
-4.565933
-5.060045
-4.683320
-5.171566
-4.800399
-5.274881
-4.906296
-5.360663
-4.996949
-5.437366
-4.714409
-4.300574
-4.733205
-4.400113
-4.796409
-4.487240
-4.879907
-4.605059
-4.961996
-4.741072
-5.065626
-4.877592
-5.175021
-5.019463
-5.276549
-5.151209
-5.362701
-5.272135
-5.425212
-5.370689
-4.588227
-4.296903
-4.689383
-4.348087
-4.791775
-4.444888
-4.889267
-4.568211
-5.013812
-4.698680
-5.147968
-4.843461
-5.276346
-4.979791
-5.393893
-5.099930
-5.485640
-5.196050
-5.556077
-4.772112
-4.424980
-4.846772
-4.546657
-4.923007
-4.687496
-5.033996
-4.835743
-5.160225
-5.004723
-5.285658
-5.167339
-5.406576
-5.312118
-5.499806
-5.434539
-5.567985
-5.526015
-4.698678
-4.436970
-4.799578
-4.548175
-4.931508
-4.677575
-5.079017
-4.839736
-5.229598
-5.002822
-5.382343
-5.150350
-5.507786
-5.276051
-5.603481
-5.365098
-5.671155
-4.869231
-4.608110
-4.978518
-4.754934
-5.105699
-4.936514
-5.244787
-5.124062
-5.397606
-5.299735
-5.526502
-5.454067
-5.623422
-5.566786
-5.690099
-5.647488
-4.825675
-4.629377
-4.971246
-4.790689
-5.131808
-4.968438
-5.312713
-5.143018
-5.473302
-5.302133
-5.601934
-5.416282
-5.696638
-5.494571
-5.750241
-5.019978
-4.831254
-5.161317
-5.024394
-5.329110
-5.222703
-5.488930
-5.414269
-5.623425
-5.558217
-5.721968
-5.659951
-5.772048
-5.729077
-5.000279
-4.881307
-5.187406
-5.071644
-5.375719
-5.265563
-5.543056
-5.413887
-5.674314
-5.517984
-5.749476
-5.584725
-5.791218
-5.212674
-5.094102
-5.390026
-5.308883
-5.557274
-5.489838
-5.699036
-5.628388
-5.779290
-5.720555
-5.819913
-5.763320
-5.223420
-5.156768
-5.420443
-5.346153
-5.599109
-5.493702
-5.710586
-5.589896
-5.776673
-5.628845
-5.808500
-5.429199
-5.363690
-5.610515
-5.541463
-5.734991
-5.675657
-5.813987
-5.741383
-5.847553
-5.774612
-5.453074
-5.399174
-5.621008
-5.551708
-5.734579
-5.622295
-5.791728
-5.655748
-5.796205
-5.630812
-5.580432
-5.757408
-5.687326
-5.833904
-5.755208
-5.844687
-5.779887
-5.630320
-5.570880
-5.750588
-5.651167
-5.782470
-5.675112
-5.789517
-5.771379
-5.701260
-5.822488
-5.763147
-5.849196
-5.764294
-5.738045
-5.670365
-5.791767
-5.670339
-5.788703
-5.824960
-5.746738
-5.848207
-5.772136
-5.799874
-5.686032
-5.776429
-5.829072
-5.778772
-5.770859
-4.590486
-3.927263
-4.463319
-3.926251
-4.397677
-3.872811
-4.349559
-3.811970
-4.283143
-3.757326
-4.214215
-3.690431
-4.144318
-3.626920
-4.066065
-3.566458
-3.993425
-3.503799
-3.933278
-3.441030
-3.878815
-3.407643
-3.863277
-3.339232
-3.396013
-3.374291
-3.393317
-3.380968
-3.382970
-3.380994
-3.379933
-3.380550
-3.366908
-3.388999
-3.364354
-3.401912
-3.376717
-3.440031
-3.405533
-3.504442
-3.458750
-3.598096
-3.526358
-3.726967
-3.585895
-3.452674
-3.272427
-3.453487
-3.266181
-3.452877
-3.262606
-3.445472
-3.245627
-3.445509
-3.231169
-3.442834
-3.225861
-3.458879
-3.228700
-3.496982
-3.253116
-3.560401
-3.292267
-3.648231
-3.343434
-3.752177
-3.362718
-3.351807
-3.362112
-3.357915
-3.361911
-3.354543
-3.375869
-3.353488
-3.387930
-3.364059
-3.417385
-3.380820
-3.468331
-3.419591
-3.541411
-3.476800
-3.639207
-3.551054
-3.754322
-3.630980
-3.447124
-3.265714
-3.446604
-3.255332
-3.456681
-3.244766
-3.459656
-3.243873
-3.473436
-3.242479
-3.504274
-3.258282
-3.551521
-3.289983
-3.624249
-3.337177
-3.715667
-3.389844
-3.826959
-3.364834
-3.350327
-3.378111
-3.350703
-3.387486
-3.363811
-3.410698
-3.376582
-3.453453
-3.406707
-3.510951
-3.453382
-3.594700
-3.514634
-3.697194
-3.586561
-3.817410
-3.661192
-3.486049
-3.277043
-3.488497
-3.279441
-3.502331
-3.276930
-3.531017
-3.287432
-3.567513
-3.310913
-3.627366
-3.345299
-3.704687
-3.393175
-3.800690
-3.444357
-3.902198
-3.413329
-3.391265
-3.433062
-3.397133
-3.467514
-3.420139
-3.511113
-3.458046
-3.580324
-3.506266
-3.667506
-3.571162
-3.771951
-3.638854
-3.886440
-3.715209
-3.563481
-3.337023
-3.585747
-3.345587
-3.613058
-3.362749
-3.661936
-3.384331
-3.724710
-3.422645
-3.801819
-3.463742
-3.894248
-3.513569
-3.984360
-3.516156
-3.471601
-3.547577
-3.495894
-3.601778
-3.528755
-3.672325
-3.582736
-3.756850
-3.640855
-3.860439
-3.705609
-3.962173
-3.775654
-3.692567
-3.443685
-3.731031
-3.456158
-3.780063
-3.483669
-3.837681
-3.512683
-3.915066
-3.546651
-3.992361
-3.589577
-4.075950
-3.659982
-3.587224
-3.711491
-3.623358
-3.775129
-3.667799
-3.862339
-3.718561
-3.950841
-3.780063
-4.046145
-3.832929
-3.862323
-3.570857
-3.906186
-3.589921
-3.966892
-3.608668
-4.027172
-3.638997
-4.095507
-3.660395
-4.172006
-3.824756
-3.718353
-3.888989
-3.750999
-3.961129
-3.802472
-4.042232
-3.843621
-4.134166
-3.891074
-4.037661
-3.693152
-4.086818
-3.713198
-4.136295
-3.719441
-4.201482
-3.732816
-4.254732
-3.990258
-3.835105
-4.049367
-3.866286
-4.135267
-3.903312
-4.204578
-3.948697
-4.192755
-3.802714
-4.247941
-3.798284
-4.283614
-3.809437
-4.334653
-4.135380
-3.916905
-4.197318
-3.965255
-4.272276
-3.985060
-4.333611
-3.892607
-4.360046
-3.863786
-4.410505
-4.236625
-3.993672
-4.339980
-4.026812
-4.459243
-3.924846
-4.456305
-4.348565
-4.079778
-4.517496
-4.635205
-3.996600
-4.593065
-4.088733
-4.620792
-4.132152
-4.683713
-4.183841
-4.739886
-4.260107
-4.811333
-4.338507
-4.895658
-4.434362
-4.979077
-4.536296
-5.069290
-4.632998
-5.157582
-4.718956
-5.237709
-4.803143
-5.330704
-5.049486
-4.671094
-4.798575
-4.468507
-4.603415
-4.277824
-4.431310
-4.132146
-4.285596
-4.013695
-4.181845
-3.915976
-4.095549
-3.839027
-4.013763
-3.759834
-3.941095
-3.669864
-3.851490
-3.582001
-3.748355
-3.476251
-3.679731
-4.046212
-4.566672
-4.070759
-4.504601
-4.057735
-4.441096
-4.026897
-4.386497
-3.984840
-4.315822
-3.941425
-4.241039
-3.886425
-4.163530
-3.834472
-4.078390
-3.787279
-3.998115
-3.743959
-3.929549
-3.710670
-3.848085
-4.606754
-3.983980
-4.523704
-3.932720
-4.476307
-3.886396
-4.415062
-3.835421
-4.359895
-3.780727
-4.295443
-3.727067
-4.231704
-3.666500
-4.166711
-3.610828
-4.098436
-3.558219
-4.038147
-3.505766
-3.976375
-4.145710
-4.576758
-4.135757
-4.534724
-4.096636
-4.496202
-4.064409
-4.439636
-4.025597
-4.379978
-3.983221
-4.309950
-3.938166
-4.239479
-3.887668
-4.166139
-3.846543
-4.090328
-3.806539
-4.032903
-4.628916
-4.012006
-4.575162
-3.969053
-4.525724
-3.911063
-4.480058
-3.860934
-4.426925
-3.810208
-4.372430
-3.762012
-4.310602
-3.711858
-4.253017
-3.658635
-4.191813
-3.620087
-4.114938
-4.227742
-4.618079
-4.179591
-4.579554
-4.150219
-4.537748
-4.108626
-4.491501
-4.068002
-4.439076
-4.023392
-4.379456
-3.982155
-4.311759
-3.939553
-4.252120
-3.890532
-4.193359
-4.660555
-4.061320
-4.628343
-3.996655
-4.579423
-3.946255
-4.532539
-3.895614
-4.485504
-3.847236
-4.438513
-3.796814
-4.386497
-3.755870
-4.326096
-3.717053
-4.267461
-4.296872
-4.654815
-4.244382
-4.627737
-4.197033
-4.586796
-4.154079
-4.542707
-4.111331
-4.492328
-4.065901
-4.443301
-4.018212
-4.390327
-3.979264
-4.329182
-4.718027
-4.111529
-4.672069
-4.043316
-4.628902
-3.984893
-4.585371
-3.931904
-4.540999
-3.885215
-4.493693
-3.840226
-4.451177
-3.795139
-4.399948
-4.369370
-4.712366
-4.308625
-4.676054
-4.253863
-4.635754
-4.202049
-4.594352
-4.149167
-4.548727
-4.104296
-4.499990
-4.058868
-4.455529
-4.770306
-4.170955
-4.725146
-4.094792
-4.678425
-4.032324
-4.631494
-3.974710
-4.592163
-3.921417
-4.551704
-3.879770
-4.504905
-4.456400
-4.770395
-4.380748
-4.732752
-4.311407
-4.689074
-4.251785
-4.640999
-4.193750
-4.601190
-4.137600
-4.557124
-4.833532
-4.244395
-4.775954
-4.158179
-4.728185
-4.080347
-4.682017
-4.021378
-4.638039
-3.966429
-4.602102
-4.543455
-4.840965
-4.460468
-4.787674
-4.379655
-4.741831
-4.300932
-4.693218
-4.238255
-4.643957
-4.903774
-4.319569
-4.835474
-4.226048
-4.773688
-4.143112
-4.731974
-4.068442
-4.688988
-4.643923
-4.915271
-4.540485
-4.853203
-4.451257
-4.787564
-4.362110
-4.738366
-4.970324
-4.406045
-4.894319
-4.293763
-4.831781
-4.210568
-4.775819
-4.747766
-4.987081
-4.634485
-4.913809
-4.516813
-4.837969
-5.040956
-4.489792
-4.947918
-4.377930
-4.891194
-4.850276
-5.063513
-4.721980
-4.955808
-5.104626
-4.565205
-5.020669
-4.954064
-5.122716
-5.146457
-4.120838
-4.196191
-4.208358
-4.250530
-4.349664
-4.348256
-4.483200
-4.506157
-4.661286
-4.704202
-4.893939
-4.945554
-5.156120
-5.208058
-5.402131
-5.436097
-5.594320
-5.583347
-5.714496
-5.658610
-5.748742
-5.710584
-5.788048
-5.826188
-5.679037
-5.816128
-5.666380
-5.812496
-5.659044
-5.832940
-5.653049
-5.833549
-5.661527
-5.837705
-5.644351
-5.835232
-5.612491
-5.795488
-5.544622
-5.723005
-5.423042
-5.607335
-5.258011
-5.456220
-5.056766
-5.320981
-4.623823
-4.229016
-4.652450
-4.270572
-4.714641
-4.341209
-4.759686
-4.437029
-4.822449
-4.528673
-4.899959
-4.639682
-4.976278
-4.759471
-5.064187
-4.875872
-5.150381
-4.990466
-5.229030
-5.100435
-5.286717
-5.179785
-4.533808
-4.148433
-4.635353
-4.197291
-4.687445
-4.272943
-4.762781
-4.345681
-4.856911
-4.447451
-4.950358
-4.565202
-5.060327
-4.682233
-5.171748
-4.799653
-5.274779
-4.905420
-5.360945
-4.995670
-5.437702
-4.714573
-4.301212
-4.733036
-4.400617
-4.796723
-4.487446
-4.880069
-4.605743
-4.961867
-4.741636
-5.065938
-4.877884
-5.175249
-5.020149
-5.276533
-5.151819
-5.363074
-5.272443
-5.425637
-5.371249
-4.588073
-4.296379
-4.689664
-4.347255
-4.791901
-4.444458
-4.889113
-4.567617
-5.014062
-4.697783
-5.148112
-4.842886
-5.276242
-4.979081
-5.394138
-5.098895
-5.485881
-5.195216
-5.556097
-4.772377
-4.425153
-4.846908
-4.547230
-4.922894
-4.687948
-5.034270
-4.835960
-5.160405
-5.005296
-5.285625
-5.167828
-5.406892
-5.312364
-5.500116
-5.435044
-5.568116
-5.526491
-4.698782
-4.436636
-4.799442
-4.547688
-4.931714
-4.676840
-5.079119
-4.839296
-5.229492
-5.002255
-5.382550
-5.149519
-5.507951
-5.275429
-5.603459
-5.364389
-5.671377
-4.869145
-4.608472
-4.978743
-4.755105
-5.105835
-4.936996
-5.244746
-5.124454
-5.397871
-5.299930
-5.526730
-5.454511
-5.623492
-5.567180
-5.690427
-5.647697
-4.825825
-4.628787
-4.971302
-4.790350
-5.131699
-4.967983
-5.312878
-5.142355
-5.473410
-5.301674
-5.601882
-5.415730
-5.696818
-5.493810
-5.750393
-5.020065
-4.831648
-5.161270
-5.024711
-5.329327
-5.222865
-5.489094
-5.414654
-5.623456
-5.558542
-5.722232
-5.660119
-5.772293
-5.729439
-5.000164
-4.880947
-5.187523
-5.071124
-5.375774
-5.265226
-5.542985
-5.413461
-5.674450
-5.517387
-5.749577
-5.584282
-5.791182
-5.212838
-5.094242
-5.390134
-5.309218
-5.557281
-5.490108
-5.699243
-5.628530
-5.779467
-5.720867
-5.819979
-5.763597
-5.223417
-5.156533
-5.420356
-5.345828
-5.599199
-5.493246
-5.710638
-5.589576
-5.776620
-5.628463
-5.808605
-5.429192
-5.363911
-5.610672
-5.541597
-5.735110
-5.675929
-5.814022
-5.741612
-5.847741
-5.774733
-5.453112
-5.398850
-5.621004
-5.551487
-5.734508
-5.622014
-5.791795
-5.655356
-5.796251
-5.630874
-5.580674
-5.757425
-5.687521
-5.834041
-5.755318
-5.844805
-5.780101
-5.630230
-5.570684
-5.750605
-5.650893
-5.782475
-5.674918
-5.789463
-5.771469
-5.701379
-5.822557
-5.763334
-5.849215
-5.764447
-5.737990
-5.670251
-5.791693
-5.670191
-5.788720
-5.824970
-5.746876
-5.848273
-5.772212
-5.799831
-5.685914
-5.776408
-5.829096
-5.778878
-5.770797
-4.591065
-3.926542
-4.463074
-3.925819
-4.397989
-3.871282
-4.350238
-3.811112
-4.282449
-3.756891
-4.214412
-3.688235
-4.145079
-3.625766
-4.064788
-3.565852
-3.993550
-3.500706
-3.934158
-3.439425
-3.877159
-3.406521
-3.863679
-3.338792
-3.396661
-3.374777
-3.393093
-3.381483
-3.384447
-3.379698
-3.381268
-3.381503
-3.366054
-3.389510
-3.366373
-3.399824
-3.378410
-3.440868
-3.404741
-3.504835
-3.460995
-3.596076
-3.528215
-3.727879
-3.585756
-3.452944
-3.271446
-3.453586
-3.266157
-3.451713
-3.262251
-3.446423
-3.243193
-3.446367
-3.231084
-3.441629
-3.225194
-3.460682
-3.225423
-3.498491
-3.252521
-3.559653
-3.290952
-3.650354
-3.339743
-3.753557
-3.362654
-3.352890
-3.361355
-3.358896
-3.362734
-3.354014
-3.376403
-3.355169
-3.386392
-3.365417
-3.418343
-3.380020
-3.468756
-3.421631
-3.539524
-3.478405
-3.640072
-3.550632
-3.754553
-3.633465
-3.446559
-3.265327
-3.447146
-3.253635
-3.457067
-3.244713
-3.458500
-3.243337
-3.474741
-3.239788
-3.505310
-3.257995
-3.550593
-3.288994
-3.626105
-3.333942
-3.716947
-3.389126
-3.826255
-3.365277
-3.350218
-3.378414
-3.352033
-3.386490
-3.364868
-3.411641
-3.375941
-3.453929
-3.408462
-3.509416
-3.454710
-3.595616
-3.514096
-3.697445
-3.588732
-3.815728
-3.662823
-3.486115
-3.276981
-3.487656
-3.278944
-3.503179
-3.274856
-3.531613
-3.287287
-3.566515
-3.310154
-3.628829
-3.342558
-3.705681
-3.392738
-3.799930
-3.443116
-3.903900
-3.412772
-3.391991
-3.433794
-3.396785
-3.467931
-3.421582
-3.510015
-3.459109
-3.581267
-3.505732
-3.667842
-3.573017
-3.770498
-3.640207
-3.887272
-3.715049
-3.563979
-3.335623
-3.586016
-3.345462
-3.612178
-3.362118
-3.662984
-3.382103
-3.725369
-3.422388
-3.800984
-3.462777
-3.895695
-3.510893
-3.985194
-3.516391
-3.472682
-3.546886
-3.496705
-3.602630
-3.528357
-3.672706
-3.584273
-3.755738
-3.641947
-3.861303
-3.705328
-3.962362
-3.777592
-3.691950
-3.443162
-3.731721
-3.454459
-3.780437
-3.483479
-3.836864
-3.511910
-3.916180
-3.544404
-3.992983
-3.589172
-4.075273
-3.660632
-3.586999
-3.711828
-3.624571
-3.774369
-3.668665
-3.863183
-3.718276
-3.951126
-3.781675
-4.045102
-3.834065
-3.862488
-3.570702
-3.905502
-3.589286
-3.967681
-3.606848
-4.027573
-3.638705
-4.094804
-3.659471
-4.173091
-3.824298
-3.718983
-3.889728
-3.750789
-3.961460
-3.803774
-4.041474
-3.844535
-4.134942
-3.890982
-4.038186
-3.691783
-4.087041
-3.712952
-4.135636
-3.718691
-4.202299
-3.730966
-4.255132
-3.990552
-3.836090
-4.048877
-3.867008
-4.136006
-3.903199
-4.204867
-3.950030
-4.192231
-3.802116
-4.248505
-3.796780
-4.283867
-3.809077
-4.334095
-4.135999
-3.916816
-4.197657
-3.966318
-4.271805
-3.985818
-4.333770
-3.892281
-4.359524
-3.863071
-4.411103
-4.236346
-3.994293
-4.340636
-4.026789
-4.459642
-3.923547
-4.456506
-4.348955
-4.080616
-4.517146
-4.635460
-3.996101
-4.592832
-4.088062
-4.621197
-4.131031
-4.683905
-4.183321
-4.739671
-4.259345
-4.811704
-4.337322
-4.895842
-4.433665
-4.978899
-4.535403
-5.069598
-4.631698
-5.157814
-4.718003
-5.237624
-4.802042
-5.331018
-5.050554
-4.669836
-4.799268
-4.467302
-4.604672
-4.276123
-4.432482
-4.131108
-4.286242
-4.012331
-4.183527
-3.913762
-4.096962
-3.837989
-4.014306
-3.758191
-3.943431
-3.666803
-3.853365
-3.580803
-3.748867
-3.473922
-3.682967
-4.046234
-4.567160
-4.071341
-4.504221
-4.058762
-4.441390
-4.026899
-4.387298
-3.985767
-4.315274
-3.943037
-4.241586
-3.886437
-4.164828
-3.835868
-4.077720
-3.789555
-3.999004
-3.744020
-3.931264
-3.712623
-3.847126
-4.607059
-3.982718
-4.524287
-3.931940
-4.475897
-3.885923
-4.415296
-3.833638
-4.360570
-3.779689
-4.294563
-3.726487
-4.231841
-3.663953
-4.167503
-3.609392
-4.097116
-3.557347
-4.038419
-3.502221
-3.977727
-4.146486
-4.577003
-4.135803
-4.535319
-4.097363
-4.495805
-4.065667
-4.440019
-4.025692
-4.380940
-3.984359
-4.309399
-3.940071
-4.240092
-3.887857
-4.167490
-3.848213
-4.089483
-3.809215
-4.033415
-4.628686
-4.011516
-4.575421
-3.967610
-4.526304
-3.910145
-4.479504
-3.860354
-4.427099
-3.808147
-4.373114
-3.760751
-4.309629
-3.711074
-4.253195
-3.655747
-4.192816
-3.618279
-4.113937
-4.228345
-4.617800
-4.180553
-4.579840
-4.150357
-4.538453
-4.109532
-4.491096
-4.069513
-4.439520
-4.023639
-4.380504
-3.983533
-4.311138
-3.941764
-4.252590
-3.890998
-4.194496
-4.661000
-4.060542
-4.628016
-3.996084
-4.579628
-3.944598
-4.533115
-3.894518
-4.484848
-3.846495
-4.438674
-3.794465
-4.387259
-3.754338
-4.325236
-3.716015
-4.267827
-4.297066
-4.655297
-4.245122
-4.627448
-4.198206
-4.587125
-4.154350
-4.543493
-4.112448
-4.491894
-4.067678
-4.443719
-4.018673
-4.391295
-3.980864
-4.328418
-4.718219
-4.110228
-4.672526
-4.042387
-4.628489
-3.984190
-4.585545
-3.930009
-4.541599
-3.883900
-4.493034
-3.839270
-4.451432
-3.792569
-4.400837
-4.370286
-4.712594
-4.308921
-4.676608
-4.254776
-4.635450
-4.203450
-4.594695
-4.149619
-4.549517
-4.105635
-4.499470
-4.060831
-4.455864
-4.770063
-4.170315
-4.725325
-4.093281
-4.678895
-4.031212
-4.631041
-3.973828
-4.592359
-3.919285
-4.552376
-3.878292
-4.504315
-4.457147
-4.770170
-4.381847
-4.733012
-4.311846
-4.689665
-4.252898
-4.640660
-4.195365
-4.601505
-4.138184
-4.557864
-4.833912
-4.243473
-4.775670
-4.157379
-4.728370
-4.078616
-4.682515
-4.020077
-4.637593
-3.965409
-4.602360
-4.543849
-4.841380
-4.461387
-4.787438
-4.380947
-4.742105
-4.301528
-4.693815
-4.239511
-4.643567
-4.903980
-4.318173
-4.835868
-4.224951
-4.773382
-4.142140
-4.732171
-4.066548
-4.689532
-4.644915
-4.915494
-4.541017
-4.853647
-4.452353
-4.787328
-4.363548
-4.738628
-4.970168
-4.405169
-4.894537
-4.292164
-4.832169
-4.209326
-4.775519
-4.748648
-4.986911
-4.635643
-4.914086
-4.517476
-4.838426
-5.041319
-4.488725
-4.947720
-4.376877
-4.891414
-4.850806
-5.063875
-4.723048
-4.955671
-5.104938
-4.563667
-5.020987
-4.955042
-5.123065
-5.146447
-4.635463
-3.996103
-4.592835
-4.088063
-4.621195
-4.131028
-4.683905
-4.183323
-4.739671
-4.259342
-4.811700
-4.337318
-4.895843
-4.433666
-4.978900
-4.535403
-5.069598
-4.631698
-5.157814
-4.718003
-5.237624
-4.802042
-5.331018
-5.770795
-5.778877
-5.776407
-5.772211
-5.788719
-5.764446
-5.789462
-5.780100
-5.796250
-5.774732
-5.808604
-5.763597
-5.791182
-5.729439
-5.750393
-5.647697
-5.671377
-5.526491
-5.556097
-5.371249
-5.437702
-5.179786
-5.829095
-5.685912
-5.848272
-5.670189
-5.849213
-5.674917
-5.844804
-5.655355
-5.847740
-5.628462
-5.819978
-5.584281
-5.772293
-5.493810
-5.690427
-5.364389
-5.568116
-5.195217
-5.425637
-4.995670
-5.286717
-5.799830
-5.746874
-5.791692
-5.763333
-5.782473
-5.755317
-5.791794
-5.741611
-5.776619
-5.720867
-5.749576
-5.660118
-5.696818
-5.567180
-5.603459
-5.435044
-5.485881
-5.272444
-5.360945
-5.100436
-5.824968
-5.670250
-5.822556
-5.650892
-5.834040
-5.622013
-5.814021
-5.589575
-5.779467
-5.517387
-5.722232
-5.415730
-5.623492
-5.275430
-5.500117
-5.098895
-5.363074
-4.905420
-5.229030
-5.737989
-5.701377
-5.750604
-5.687520
-5.734507
-5.675928
-5.710637
-5.628529
-5.674450
-5.558542
-5.601882
-5.454511
-5.507951
-5.312365
-5.394138
-5.151819
-5.274779
-4.990466
-5.771469
-5.570683
-5.757424
-5.551487
-5.735109
-5.493246
-5.699243
-5.413461
-5.623456
-5.301675
-5.526730
-5.149519
-5.406893
-4.979082
-5.276534
-4.799653
-5.150381
-5.630229
-5.580673
-5.621004
-5.541597
-5.599199
-5.490108
-5.542985
-5.414654
-5.473411
-5.299930
-5.382550
-5.167828
-5.276242
-5.020149
-5.171748
-4.875872
-5.630875
-5.398850
-5.610672
-5.345829
-5.557282
-5.265227
-5.489095
-5.142356
-5.397872
-5.002255
-5.285625
-4.842886
-5.175249
-4.682234
-5.064187
-5.453113
-5.363912
-5.420357
-5.309219
-5.375776
-5.222866
-5.312879
-5.124456
-5.229493
-5.005296
-5.148111
-4.877884
-5.060328
-4.759472
-5.429194
-5.156536
-5.390137
-5.071127
-5.329329
-4.967985
-5.244747
-4.839298
-5.160407
-4.697783
-5.065937
-4.565201
-4.976278
-5.223421
-5.094246
-5.187528
-5.024715
-5.131702
-4.936997
-5.079120
-4.835961
-5.014062
-4.741635
-4.950356
-4.639680
-5.212845
-4.880954
-5.161277
-4.790355
-5.105838
-4.676840
-5.034269
-4.567616
-4.961866
-4.447449
-4.899955
-5.000174
-4.831657
-4.971309
-4.755109
-4.931713
-4.687945
-4.889110
-4.605741
-4.856910
-4.528671
-5.020075
-4.628793
-4.978743
-4.547684
-4.922888
-4.444452
-4.880064
-4.345679
-4.822449
-4.825820
-4.608460
-4.799427
-4.547218
-4.791892
-4.487439
-4.762777
-4.437029
-4.869111
-4.436609
-4.846891
-4.347244
-4.796716
-4.272937
-4.759684
-4.698753
-4.425136
-4.689655
-4.400612
-4.687441
-4.341205
-4.772371
-4.296376
-4.733035
-4.197290
-4.714639
-4.588076
-4.301214
-4.635354
-4.270572
-4.714577
-4.148436
-4.652452
-4.533811
-4.229019
-4.623825
-4.065721
-4.073463
-4.014773
-3.977398
-3.989703
-3.887272
-3.910629
-3.801084
-3.810825
-3.684556
-3.697386
-3.553007
-3.572163
-3.433015
-3.457911
-3.338035
-3.385313
-3.278495
-3.354334
-3.263788
-3.341283
-3.291358
-3.396305
-3.476814
-3.323048
-3.467044
-3.306245
-3.471970
-3.301370
-3.472933
-3.285179
-3.454231
-3.266557
-3.441383
-3.234152
-3.432482
-3.218786
-3.429232
-3.214783
-3.459401
-3.226715
-3.510908
-3.265666
-3.585127
-3.301749
-3.702531
-4.517147
-4.080618
-4.456508
-4.026789
-4.411103
-3.985817
-4.334096
-3.950033
-4.255134
-3.890983
-4.173089
-3.834064
-4.075274
-3.777593
-3.985195
-3.715049
-3.903900
-3.662823
-3.826256
-3.633466
-3.753557
-3.585756
-4.348956
-3.923549
-4.340638
-3.863072
-4.271805
-3.809076
-4.204868
-3.730968
-4.134944
-3.659471
-4.045101
-3.589172
-3.962362
-3.510894
-3.887272
-3.443117
-3.815728
-3.389126
-3.754553
-3.339743
-3.727879
-4.459644
-3.994294
-4.359525
-3.966319
-4.283867
-3.903198
-4.202299
-3.844536
-4.094806
-3.781675
-3.992983
-3.705328
-3.895696
-3.640208
-3.799931
-3.588732
-3.716947
-3.550632
-3.650354
-3.528215
-4.236347
-3.892283
-4.197658
-3.796781
-4.136006
-3.718691
-4.041474
-3.638706
-3.951127
-3.544404
-3.861303
-3.462777
-3.770498
-3.392739
-3.697446
-3.333942
-3.640072
-3.290952
-3.596076
-4.333770
-3.916817
-4.248506
-3.867009
-4.135636
-3.803774
-4.027573
-3.718277
-3.916181
-3.641947
-3.800985
-3.573017
-3.705681
-3.514097
-3.626105
-3.478405
-3.559653
-3.460995
-4.136000
-3.802117
-4.048878
-3.712953
-3.961460
-3.606848
-3.863183
-3.511910
-3.755739
-3.422389
-3.667842
-3.342558
-3.595616
-3.288994
-3.539525
-3.252522
-3.504835
-4.192231
-3.836090
-4.087041
-3.750789
-3.967681
-3.668664
-3.836863
-3.584273
-3.725370
-3.505732
-3.628829
-3.454710
-3.550593
-3.421631
-3.498491
-3.404741
-3.990552
-3.691784
-3.889728
-3.589286
-3.774369
-3.483479
-3.672705
-3.382103
-3.581268
-3.310154
-3.509416
-3.257995
-3.468756
-3.225423
-3.440869
-4.038186
-3.718983
-3.905503
-3.624571
-3.780437
-3.528356
-3.662984
-3.459109
-3.566516
-3.408463
-3.505310
-3.380020
-3.460682
-3.378410
-3.824298
-3.570702
-3.711828
-3.454459
-3.602630
-3.362117
-3.510015
-3.287286
-3.453929
-3.239788
-3.418343
-3.225194
-3.399824
-3.862488
-3.586999
-3.731721
-3.496705
-3.612178
-3.421582
-3.531612
-3.375941
-3.474741
-3.365417
-3.441629
-3.366373
-3.660632
-3.443161
-3.546886
-3.345462
-3.467931
-3.274855
-3.411641
-3.243337
-3.386392
-3.231084
-3.389510
-3.691949
-3.472682
-3.586016
-3.396785
-3.503179
-3.364868
-3.458500
-3.355169
-3.446367
-3.366054
-3.516391
-3.335622
-3.433794
-3.278944
-3.386490
-3.244713
-3.376402
-3.243193
-3.381503
-3.563978
-3.391991
-3.487655
-3.352032
-3.457067
-3.354014
-3.446423
-3.381268
-3.412771
-3.276981
-3.378414
-3.253635
-3.362734
-3.262251
-3.379698
-3.486115
-3.350217
-3.447146
-3.358896
-3.451713
-3.384447
-3.365277
-3.265327
-3.361354
-3.266158
-3.381482
-3.446558
-3.352890
-3.453586
-3.393093
-3.362654
-3.271446
-3.374777
-3.452944
-3.396661
-3.338792
-4.591067
-3.926544
-4.463076
-3.925820
-4.397988
-3.871280
-4.350240
-3.811116
-4.282452
-3.756891
-4.214410
-3.688233
-4.145080
-3.625769
-4.064789
-3.565852
-3.993550
-3.500706
-3.934159
-3.439426
-3.877159
-3.406522
-3.863679
-5.146447
-5.123065
-5.020986
-4.955671
-4.891412
-4.838423
-4.775514
-4.738619
-4.689520
-4.643552
-4.602344
-4.557848
-4.504301
-4.455853
-4.400829
-4.328414
-4.267825
-4.194495
-4.113936
-4.033415
-3.977727
-3.847126
-4.955042
-4.563667
-4.723048
-4.376876
-4.517474
-4.209321
-4.363541
-4.066538
-4.239498
-3.965393
-4.138168
-3.878277
-4.060819
-3.792560
-3.980858
-3.716011
-3.890996
-3.618278
-3.809215
-3.502221
-3.712623
-5.104938
-5.063875
-4.947720
-4.914086
-4.832169
-4.787328
-4.732172
-4.693816
-4.637595
-4.601507
-4.552378
-4.499472
-4.451434
-4.391296
-4.325237
-4.252590
-4.192816
-4.089483
-4.038419
-3.931264
-4.850806
-4.488725
-4.635644
-4.292166
-4.452358
-4.142148
-4.301540
-4.020093
-4.195384
-3.919305
-4.105654
-3.839286
-4.018685
-3.754346
-3.941769
-3.655749
-3.848214
-3.557347
-3.744021
-5.041319
-4.986912
-4.894539
-4.853651
-4.773388
-4.742114
-4.682528
-4.640676
-4.592377
-4.549534
-4.493049
-4.443731
-4.387267
-4.311144
-4.253198
-4.167492
-4.097117
-3.999004
-4.748648
-4.405168
-4.541016
-4.224950
-4.380945
-4.078613
-4.252894
-3.973823
-4.149614
-3.883895
-4.067675
-3.794463
-3.983532
-3.711074
-3.887857
-3.609392
-3.789555
-4.970167
-4.915492
-4.835864
-4.787431
-4.728359
-4.689649
-4.631022
-4.594673
-4.541577
-4.491875
-4.438659
-4.380494
-4.309623
-4.240088
-4.167502
-4.077719
-4.644913
-4.318170
-4.461383
-4.157373
-4.311836
-4.031200
-4.203435
-3.929994
-4.112434
-3.846483
-4.023631
-3.760746
-3.940068
-3.663951
-3.835867
-4.903980
-4.841381
-4.775673
-4.733016
-4.678901
-4.635458
-4.585554
-4.543501
-4.484856
-4.439526
-4.373119
-4.309402
-4.231843
-4.164829
-4.543851
-4.243478
-4.381855
-4.093293
-4.254793
-3.984209
-4.154371
-3.894537
-4.069529
-3.808159
-3.984368
-3.726492
-3.886440
-4.833913
-4.770173
-4.725330
-4.676615
-4.628497
-4.587135
-4.533125
-4.491104
-4.427106
-4.380945
-4.294566
-4.241588
-4.457143
-4.170310
-4.308915
-4.042380
-4.198198
-3.944590
-4.109525
-3.860348
-4.025687
-3.779686
-3.943035
-4.770056
-4.712586
-4.672516
-4.627435
-4.579614
-4.538440
-4.479493
-4.440010
-4.360564
-4.315270
-4.370283
-4.110224
-4.245119
-3.996079
-4.150353
-3.910142
-4.065664
-3.833637
-3.985766
-4.718222
-4.655301
-4.628021
-4.579847
-4.526310
-4.495811
-4.415301
-4.387302
-4.297070
-4.060548
-4.180560
-3.967618
-4.097370
-3.885929
-4.026904
-4.661001
-4.617801
-4.575423
-4.535321
-4.475899
-4.441392
-4.228343
-4.011514
-4.135801
-3.931938
-4.058761
-4.628684
-4.577001
-4.524285
-4.504220
-4.146487
-3.982718
-4.071342
-4.607062
-4.567162
-4.046236
-5.826202
-5.679068
-5.816136
-5.666463
-5.812437
-5.659263
-5.832827
-5.653284
-5.833504
-5.661816
-5.837532
-5.644872
-5.834989
-5.612992
-5.795378
-5.545218
-5.722671
-5.424003
-5.606915
-5.258928
-5.455963
-5.057934
-5.320323
-5.743587
-5.754796
-5.744044
-5.745907
-5.755982
-5.743389
-5.754529
-5.773149
-5.766061
-5.788160
-5.788613
-5.807815
-5.786480
-5.813052
-5.764387
-5.777064
-5.699609
-5.702788
-5.584368
-5.588757
-5.446128
-5.445664
-5.760168
-5.638321
-5.779021
-5.613877
-5.774369
-5.630287
-5.780209
-5.629950
-5.809269
-5.641952
-5.820903
-5.651472
-5.827687
-5.626791
-5.804742
-5.567121
-5.730867
-5.450602
-5.611511
-5.275624
-5.446129
-5.757142
-5.666035
-5.717082
-5.695075
-5.702906
-5.701300
-5.731973
-5.729806
-5.750890
-5.774573
-5.782247
-5.802254
-5.802134
-5.816844
-5.783498
-5.789809
-5.723707
-5.708054
-5.611511
-5.588757
-5.706605
-5.599407
-5.691251
-5.572140
-5.720887
-5.573652
-5.733161
-5.605170
-5.768368
-5.625361
-5.804989
-5.645763
-5.815715
-5.635578
-5.798015
-5.571797
-5.723707
-5.450602
-5.584368
-5.666184
-5.614046
-5.672586
-5.615695
-5.662371
-5.658660
-5.691615
-5.695142
-5.740213
-5.753270
-5.778428
-5.801314
-5.808807
-5.815920
-5.798015
-5.789809
-5.730868
-5.702788
-5.658638
-5.509469
-5.632436
-5.525154
-5.651118
-5.531702
-5.697803
-5.575817
-5.738784
-5.620420
-5.787660
-5.642079
-5.808807
-5.635578
-5.783499
-5.567121
-5.699609
-5.603662
-5.568549
-5.600807
-5.563295
-5.632860
-5.613230
-5.666009
-5.680900
-5.731677
-5.743760
-5.787660
-5.801315
-5.815715
-5.816844
-5.804742
-5.777064
-5.580376
-5.444157
-5.593832
-5.468439
-5.607801
-5.515324
-5.670402
-5.563023
-5.731677
-5.620420
-5.778428
-5.645763
-5.802135
-5.626791
-5.764387
-5.568295
-5.513061
-5.555579
-5.545481
-5.607414
-5.593607
-5.670402
-5.680901
-5.738784
-5.753270
-5.804990
-5.802254
-5.827687
-5.813053
-5.530158
-5.419978
-5.562838
-5.440902
-5.607414
-5.515324
-5.666009
-5.575818
-5.740214
-5.625361
-5.782247
-5.651473
-5.786480
-5.542824
-5.482480
-5.562838
-5.545481
-5.607801
-5.613230
-5.697803
-5.695143
-5.768368
-5.774574
-5.820904
-5.807815
-5.542824
-5.419978
-5.555580
-5.468439
-5.632861
-5.531702
-5.691615
-5.605171
-5.750891
-5.641953
-5.788614
-5.530158
-5.513062
-5.593832
-5.563295
-5.651119
-5.658660
-5.733162
-5.729806
-5.809269
-5.788160
-5.568295
-5.444158
-5.600807
-5.525155
-5.662371
-5.573652
-5.731974
-5.629950
-5.766061
-5.580377
-5.568549
-5.632436
-5.615695
-5.720887
-5.701301
-5.780210
-5.773150
-5.603662
-5.509470
-5.672586
-5.572141
-5.702907
-5.630288
-5.754530
-5.658639
-5.614047
-5.691252
-5.695075
-5.774370
-5.743390
-5.666184
-5.599407
-5.717082
-5.613878
-5.755983
-5.706606
-5.666036
-5.779022
-5.745907
-5.757143
-5.638322
-5.744045
-5.760169
-5.754797
-5.743588
-5.747768
-5.690870
-5.677309
-5.591860
-5.651559
-5.531623
-5.567103
-5.480044
-5.507801
-5.413346
-5.498024
-5.366163
-5.498024
-5.413346
-5.507800
-5.480043
-5.567103
-5.531622
-5.651559
-5.591859
-5.677308
-5.690869
-5.747767
-5.826187
-5.679036
-5.816127
-5.666379
-5.812495
-5.659043
-5.832939
-5.653049
-5.833548
-5.661526
-5.837704
-5.644350
-5.835232
-5.612491
-5.795488
-5.544622
-5.723005
-5.423042
-5.607336
-5.258011
-5.456220
-5.056766
-5.320981
-5.743623
-5.754787
-5.744126
-5.745864
-5.756107
-5.743402
-5.754609
-5.773199
-5.766246
-5.788117
-5.788862
-5.807897
-5.786625
-5.813185
-5.764727
-5.777037
-5.700031
-5.702983
-5.584634
-5.588992
-5.446726
-5.445691
-5.760170
-5.638256
-5.779060
-5.613774
-5.774390
-5.630129
-5.780315
-5.629630
-5.809431
-5.641630
-5.820984
-5.651076
-5.827932
-5.626123
-5.805060
-5.566482
-5.731054
-5.449815
-5.611999
-5.274403
-5.446726
-5.757177
-5.666036
-5.717123
-5.695090
-5.703012
-5.701264
-5.732128
-5.729844
-5.750985
-5.774645
-5.782476
-5.802212
-5.802427
-5.816957
-5.783675
-5.789958
-5.724125
-5.708015
-5.611999
-5.588992
-5.706604
-5.599356
-5.691294
-5.571989
-5.720972
-5.573474
-5.733210
-5.604931
-5.768528
-5.624930
-5.805208
-5.645344
-5.815841
-5.635056
-5.798353
-5.570960
-5.724125
-5.449815
-5.584634
-5.666211
-5.614034
-5.672653
-5.615709
-5.662424
-5.658692
-5.691755
-5.695104
-5.740402
-5.753330
-5.778541
-5.801402
-5.809090
-5.815874
-5.798353
-5.789958
-5.731054
-5.702983
-5.658652
-5.509411
-5.632456
-5.525041
-5.651205
-5.531461
-5.697934
-5.575565
-5.738863
-5.620092
-5.787885
-5.641528
-5.809090
-5.635056
-5.783675
-5.566482
-5.700031
-5.603676
-5.568558
-5.600867
-5.563273
-5.632963
-5.613259
-5.666077
-5.680946
-5.731858
-5.743715
-5.787884
-5.801402
-5.815841
-5.816957
-5.805060
-5.777037
-5.580392
-5.444079
-5.593887
-5.468318
-5.607844
-5.515141
-5.670537
-5.562688
-5.731857
-5.620092
-5.778541
-5.645344
-5.802427
-5.626123
-5.764727
-5.568318
-5.513070
-5.555610
-5.545500
-5.607511
-5.593576
-5.670537
-5.680946
-5.738863
-5.753330
-5.805207
-5.802211
-5.827932
-5.813185
-5.530165
-5.419918
-5.562896
-5.440741
-5.607511
-5.515141
-5.666077
-5.575565
-5.740402
-5.624930
-5.782476
-5.651075
-5.786624
-5.542844
-5.482469
-5.562895
-5.545500
-5.607844
-5.613258
-5.697934
-5.695103
-5.768528
-5.774644
-5.820984
-5.807897
-5.542844
-5.419918
-5.555609
-5.468318
-5.632962
-5.531460
-5.691755
-5.604930
-5.750984
-5.641630
-5.788862
-5.530165
-5.513069
-5.593887
-5.563273
-5.651204
-5.658692
-5.733209
-5.729843
-5.809431
-5.788116
-5.568317
-5.444078
-5.600867
-5.525040
-5.662424
-5.573474
-5.732127
-5.629629
-5.766245
-5.580391
-5.568558
-5.632456
-5.615708
-5.720972
-5.701263
-5.780315
-5.773198
-5.603676
-5.509411
-5.672652
-5.571989
-5.703011
-5.630129
-5.754608
-5.658651
-5.614033
-5.691293
-5.695089
-5.774389
-5.743401
-5.666210
-5.599355
-5.717122
-5.613773
-5.756106
-5.706603
-5.666035
-5.779059
-5.745863
-5.757176
-5.638255
-5.744125
-5.760169
-5.754786
-5.743621
-3.375563
-3.378478
-3.405689
-3.405870
-3.500215
-3.479240
-3.567044
-3.562840
-3.635198
-3.605514
-3.700549
-3.595820
-3.700549
-3.605513
-3.635198
-3.562841
-3.567044
-3.479240
-3.500216
-3.405870
-3.405689
-3.378479
-3.375563
-3.477116
-3.322953
-3.467857
-3.306412
-3.471578
-3.303262
-3.472421
-3.285174
-3.455616
-3.266959
-3.439829
-3.237256
-3.431056
-3.219065
-3.430300
-3.215668
-3.457208
-3.230522
-3.508961
-3.266768
-3.585602
-3.303607
-3.700200
-3.422957
-3.399817
-3.444747
-3.415315
-3.443644
-3.413873
-3.429459
-3.415742
-3.410632
-3.400989
-3.394482
-3.394724
-3.376770
-3.401719
-3.380697
-3.426894
-3.408005
-3.486097
-3.461507
-3.574511
-3.552539
-3.684999
-3.486367
-3.370627
-3.510940
-3.361979
-3.513974
-3.357903
-3.498396
-3.326466
-3.479658
-3.290830
-3.445534
-3.254660
-3.422847
-3.220743
-3.415585
-3.211038
-3.431691
-3.223084
-3.482212
-3.253226
-3.552539
-3.523064
-3.437442
-3.516932
-3.468762
-3.499460
-3.464051
-3.486781
-3.448226
-3.449886
-3.428758
-3.418450
-3.404453
-3.395278
-3.402186
-3.388458
-3.424276
-3.418290
-3.476739
-3.482212
-3.574511
-3.543412
-3.446346
-3.553633
-3.435527
-3.564923
-3.408429
-3.533942
-3.372890
-3.496290
-3.315247
-3.454192
-3.265854
-3.414340
-3.226752
-3.402171
-3.208144
-3.418290
-3.223084
-3.461507
-3.571464
-3.516779
-3.593183
-3.522103
-3.567372
-3.519256
-3.532913
-3.480243
-3.488237
-3.444944
-3.436754
-3.414974
-3.407360
-3.400936
-3.402171
-3.424276
-3.431691
-3.486097
-3.625754
-3.502831
-3.622992
-3.507042
-3.607475
-3.458156
-3.570309
-3.402836
-3.505990
-3.335925
-3.450958
-3.269000
-3.407360
-3.226752
-3.388458
-3.211037
-3.408005
-3.644576
-3.603714
-3.651034
-3.582815
-3.630007
-3.555196
-3.565522
-3.506356
-3.506503
-3.449865
-3.450958
-3.414974
-3.414339
-3.402186
-3.415585
-3.426894
-3.685330
-3.561817
-3.692315
-3.548755
-3.639426
-3.496669
-3.581261
-3.412828
-3.506503
-3.335926
-3.436754
-3.265854
-3.395278
-3.220742
-3.380697
-3.723690
-3.657620
-3.693485
-3.632958
-3.654130
-3.566746
-3.581261
-3.506356
-3.505989
-3.444944
-3.454192
-3.404453
-3.422847
-3.401718
-3.725571
-3.610994
-3.718968
-3.558732
-3.654130
-3.496669
-3.565522
-3.402837
-3.488237
-3.315247
-3.418450
-3.254659
-3.376770
-3.757478
-3.666488
-3.718968
-3.632959
-3.639426
-3.555196
-3.570309
-3.480243
-3.496290
-3.428758
-3.445534
-3.394724
-3.757478
-3.610993
-3.693485
-3.548755
-3.630008
-3.458156
-3.532913
-3.372890
-3.449886
-3.290830
-3.394482
-3.725571
-3.657620
-3.692316
-3.582815
-3.607476
-3.519255
-3.533942
-3.448226
-3.479658
-3.400989
-3.723689
-3.561818
-3.651033
-3.507043
-3.567372
-3.408430
-3.486781
-3.326466
-3.410632
-3.685331
-3.603714
-3.622992
-3.522103
-3.564923
-3.464050
-3.498396
-3.415741
-3.644576
-3.502832
-3.593184
-3.435526
-3.499461
-3.357904
-3.429459
-3.625755
-3.516778
-3.553633
-3.468762
-3.513974
-3.413874
-3.571464
-3.446347
-3.516932
-3.361979
-3.443644
-3.543413
-3.437441
-3.510940
-3.415315
-3.523064
-3.370627
-3.444747
-3.486368
-3.399817
-3.422957
-3.476814
-3.323048
-3.467044
-3.306245
-3.471970
-3.301370
-3.472933
-3.285179
-3.454231
-3.266557
-3.441383
-3.234152
-3.432482
-3.218786
-3.429232
-3.214783
-3.459401
-3.226715
-3.510908
-3.265666
-3.585127
-3.301749
-3.702531
-3.423214
-3.399965
-3.445705
-3.414557
-3.444833
-3.414712
-3.428794
-3.416332
-3.412500
-3.398986
-3.396144
-3.395575
-3.375782
-3.402119
-3.382997
-3.424392
-3.410076
-3.486727
-3.460894
-3.574937
-3.554932
-3.683020
-3.486136
-3.369937
-3.510956
-3.361924
-3.512632
-3.357681
-3.499439
-3.323801
-3.480794
-3.290808
-3.444213
-3.254120
-3.424961
-3.217034
-3.417590
-3.210355
-3.430882
-3.221937
-3.484598
-3.248972
-3.554932
-3.523660
-3.437752
-3.516844
-3.469350
-3.500975
-3.462541
-3.488269
-3.449084
-3.448866
-3.429206
-3.420672
-3.401802
-3.397348
-3.402780
-3.387540
-3.424648
-3.420683
-3.474126
-3.484598
-3.574937
-3.542766
-3.446282
-3.553764
-3.433713
-3.565487
-3.408511
-3.532523
-3.372607
-3.498110
-3.311845
-3.456040
-3.265547
-3.413231
-3.226054
-3.404539
-3.204078
-3.420683
-3.221937
-3.460894
-3.572141
-3.516267
-3.594396
-3.522833
-3.566680
-3.519733
-3.534862
-3.477829
-3.490130
-3.445574
-3.435637
-3.415347
-3.409728
-3.398013
-3.404539
-3.424648
-3.430882
-3.486727
-3.625523
-3.502708
-3.621727
-3.506889
-3.608634
-3.455443
-3.571743
-3.402803
-3.504729
-3.335513
-3.453261
-3.265093
-3.409728
-3.226054
-3.387540
-3.210355
-3.410076
-3.644807
-3.604212
-3.652417
-3.581227
-3.631488
-3.555824
-3.564453
-3.506673
-3.508776
-3.446842
-3.453261
-3.415347
-3.413231
-3.402780
-3.417590
-3.424392
-3.685134
-3.560407
-3.692893
-3.548853
-3.638283
-3.496372
-3.583369
-3.409225
-3.508776
-3.335513
-3.435637
-3.265546
-3.397348
-3.217034
-3.382997
-3.724500
-3.658148
-3.692889
-3.633127
-3.656095
-3.563972
-3.583369
-3.506672
-3.504729
-3.445573
-3.456040
-3.401802
-3.424961
-3.402119
-3.724922
-3.610688
-3.720416
-3.555929
-3.656095
-3.496372
-3.564453
-3.402802
-3.490130
-3.311845
-3.420672
-3.254120
-3.375782
-3.758230
-3.665060
-3.720417
-3.633127
-3.638283
-3.555823
-3.571743
-3.477829
-3.498110
-3.429206
-3.444212
-3.395575
-3.758230
-3.610688
-3.692888
-3.548854
-3.631487
-3.455443
-3.534861
-3.372607
-3.448866
-3.290807
-3.396144
-3.724922
-3.658149
-3.692892
-3.581227
-3.608633
-3.519733
-3.532522
-3.449083
-3.480794
-3.398986
-3.724500
-3.560406
-3.652418
-3.506888
-3.566680
-3.408510
-3.488269
-3.323801
-3.412499
-3.685133
-3.604212
-3.621726
-3.522833
-3.565487
-3.462541
-3.499438
-3.416332
-3.644807
-3.502707
-3.594395
-3.433714
-3.500975
-3.357681
-3.428794
-3.625522
-3.516267
-3.553764
-3.469350
-3.512632
-3.414712
-3.572141
-3.446281
-3.516845
-3.361924
-3.444833
-3.542766
-3.437752
-3.510955
-3.414557
-3.523660
-3.369937
-3.445705
-3.486136
-3.399965
-3.423214

