Tension at each vertex
-3.871854
-3.871853
-3.870624
-3.870625
-5.639480
-3.298544
-5.639485
-3.298542
-4.853646
-4.851887
-3.296377
-3.292311
-4.179427
-4.162936
-4.253354
-4.243586
-4.394171
-4.358454
-4.535069
-4.533292
-4.724044
-4.752186
-4.969885
-5.013158
-5.244640
-5.284317
-5.491253
-5.504692
-5.670104
-5.630734
-5.769968
-5.683977
-5.780887
-5.720341
-5.806606
-4.359757
-4.663924
-4.524157
-4.701053
-4.616195
-4.802786
-4.733123
-4.929234
-4.898396
-5.102914
-5.106491
-5.321453
-5.336517
-5.545054
-5.551932
-5.717624
-5.706358
-5.820790
-5.779081
-5.861049
-5.817333
-5.791812
-4.257189
-4.142189
-4.322898
-4.262827
-4.425691
-4.392252
-4.578223
-4.567052
-4.774342
-4.795595
-5.018102
-5.060323
-5.287313
-5.314875
-5.525338
-5.516280
-5.685457
-5.637935
-5.776967
-5.678292
-5.817421
-4.361994
-4.670054
-4.481974
-4.721520
-4.598778
-4.814031
-4.727634
-4.950069
-4.898725
-5.130152
-5.113420
-5.342086
-5.347267
-5.558574
-5.552307
-5.726593
-5.698753
-5.819314
-5.776867
-5.861023
-4.329660
-4.122299
-4.377188
-4.257340
-4.467040
-4.407864
-4.614862
-4.591968
-4.815209
-4.821828
-5.061957
-5.085674
-5.319037
-5.334360
-5.544799
-5.520678
-5.698872
-5.637947
-5.779170
-4.329042
-4.692807
-4.439534
-4.746897
-4.570185
-4.831373
-4.715268
-4.965381
-4.893826
-5.144183
-5.106809
-5.356351
-5.340754
-5.562599
-5.544703
-5.726549
-5.685337
-5.820768
-4.324919
-4.128909
-4.411054
-4.249199
-4.508183
-4.410583
-4.650203
-4.602426
-4.847758
-4.838354
-5.091615
-5.093129
-5.340889
-5.334365
-5.552412
-5.516372
-5.706384
-4.344961
-4.673265
-4.431350
-4.757597
-4.546925
-4.847995
-4.697472
-4.977205
-4.876260
-5.147502
-5.091530
-5.356296
-5.318919
-5.558569
-5.525142
-5.717619
-4.323103
-4.152924
-4.412529
-4.260008
-4.532682
-4.408792
-4.677254
-4.603841
-4.876392
-4.838353
-5.106917
-5.085787
-5.347286
-5.315041
-5.551994
-4.334364
-4.666682
-4.435121
-4.749064
-4.538517
-4.854644
-4.677195
-4.977139
-4.847653
-5.144184
-5.061745
-5.342094
-5.287156
-5.544948
-4.336920
-4.150945
-4.420945
-4.270742
-4.538612
-4.408786
-4.697564
-4.602552
-4.893822
-4.822021
-5.113485
-5.060437
-5.336616
-4.331293
-4.673792
-4.420892
-4.749013
-4.532612
-4.847999
-4.649991
-4.965402
-4.815052
-5.130031
-5.017985
-5.321398
-4.331331
-4.150958
-4.435192
-4.260109
-4.546884
-4.410796
-4.715315
-4.592083
-4.898834
-4.795831
-5.106425
-4.336883
-4.666668
-4.412348
-4.757662
-4.508027
-4.831246
-4.614758
-4.950015
-4.774036
-5.102950
-4.334306
-4.153157
-4.431320
-4.249301
-4.570296
-4.408106
-4.727542
-4.567452
-4.898387
-4.322923
-4.673176
-4.411011
-4.746842
-4.466713
-4.814099
-4.577965
-4.929052
-4.345052
-4.129097
-4.439382
-4.257793
-4.598738
-4.392473
-4.733256
-4.324637
-4.692965
-4.376908
-4.721319
-4.425589
-4.802680
-4.328855
-4.122514
-4.482122
-4.263197
-4.616001
-4.329668
-4.669916
-4.322431
-4.701183
-4.361700
-4.142938
-4.524015
-4.256778
-4.663612
-4.359915
-4.697004
-4.073797
-4.651145
-4.002357
-4.625258
-4.051406
-4.596689
-4.054768
-4.600466
-4.059641
-4.587581
-4.071421
-4.587594
-4.059582
-4.600360
-4.054638
-4.596782
-4.050898
-4.625396
-4.002071
-4.650893
-4.073409
-4.697261
-4.121972
-4.032835
-4.049095
-3.955863
-4.014885
-3.873418
-3.933212
-3.795249
-3.834100
-3.691375
-3.727434
-3.575909
-3.614964
-3.472028
-3.514409
-3.388498
-3.452229
-3.332624
-3.424853
-3.320113
-3.409731
-3.347466
-3.469668
-4.286319
-4.522387
-4.299474
-4.397262
-4.209996
-4.296528
-4.097443
-4.165201
-3.970550
-4.016178
-3.823912
-3.862303
-3.674209
-3.718309
-3.553259
-3.603685
-3.471597
-3.539511
-3.423923
-3.512391
-3.434927
-3.459321
-4.187454
-3.997991
-4.097410
-3.951238
-4.016107
-3.874313
-3.934682
-3.784802
-3.832328
-3.682725
-3.718479
-3.571929
-3.610546
-3.464829
-3.517638
-3.387167
-3.450817
-3.340811
-3.430087
-3.310577
-3.434938
-4.284021
-4.518867
-4.245092
-4.398822
-4.171419
-4.281283
-4.061377
-4.149613
-3.931353
-3.999180
-3.789026
-3.840994
-3.649273
-3.705076
-3.532285
-3.601525
-3.462528
-3.531921
-3.430550
-3.512264
-4.257178
-3.970035
-4.141426
-3.932191
-4.038468
-3.867576
-3.943281
-3.778150
-3.838139
-3.673909
-3.726091
-3.567429
-3.612964
-3.465717
-3.523633
-3.382633
-3.462573
-3.340593
-3.423584
-4.248943
-4.537114
-4.194223
-4.413131
-4.129077
-4.279736
-4.028391
-4.140550
-3.901578
-3.987676
-3.758183
-3.834182
-3.628744
-3.697553
-3.524005
-3.601409
-3.450893
-3.539820
-4.249132
-3.971806
-4.168076
-3.912978
-4.065722
-3.854267
-3.959446
-3.770133
-3.850256
-3.672771
-3.739404
-3.563063
-3.628835
-3.465511
-3.532036
-3.387273
-3.471483
-4.263969
-4.512867
-4.180493
-4.415736
-4.095970
-4.285086
-3.999476
-4.140315
-3.874026
-3.981356
-3.739670
-3.834079
-3.612992
-3.705362
-3.517845
-3.603379
-4.244679
-3.992352
-4.162780
-3.916745
-4.081525
-3.844038
-3.977975
-3.764893
-3.874147
-3.672592
-3.758030
-3.567511
-3.649203
-3.464275
-3.553594
-4.252392
-4.503279
-4.181637
-4.402451
-4.084418
-4.288048
-3.978127
-4.140237
-3.850243
-3.987916
-3.726209
-3.840762
-3.611114
-3.718382
-4.256570
-3.987981
-4.167656
-3.925172
-4.084530
-3.843912
-3.999410
-3.770181
-3.901562
-3.673451
-3.789354
-3.571624
-3.673828
-4.249616
-4.509477
-4.167700
-4.402415
-4.081483
-4.285247
-3.959511
-4.140376
-3.838567
-3.999226
-3.718348
-3.862743
-4.249693
-3.987919
-4.181635
-3.916742
-4.096026
-3.853910
-4.028680
-3.777878
-3.931107
-3.682700
-3.824046
-4.256513
-4.503351
-4.162833
-4.415600
-4.065998
-4.279772
-3.943182
-4.149953
-3.832614
-4.015797
-4.252522
-3.992074
-4.180725
-3.912778
-4.128954
-3.867505
-4.061522
-3.784015
-3.971029
-4.244815
-4.512918
-4.167991
-4.413338
-4.038694
-4.281000
-3.935250
-4.165341
-4.263945
-3.971676
-4.194429
-3.931569
-4.171808
-3.873950
-4.097138
-4.249326
-4.536893
-4.141799
-4.398943
-4.015996
-4.296925
-4.249261
-3.969756
-4.244946
-3.951034
-4.210244
-4.257078
-4.519100
-4.097774
-4.396932
-4.284371
-3.997146
-4.299925
-4.187874
-4.522599
-4.286222
-4.648254
-3.982903
-4.593911
-4.108340
-4.619206
-4.173375
-4.684963
-4.236756
-4.746166
-4.321611
-4.822976
-4.407482
-4.915880
-4.507262
-5.010578
-4.612734
-5.111807
-4.713117
-5.209824
-4.800873
-5.296655
-4.888394
-5.385441
-5.775069
-5.795219
-5.784094
-5.782306
-5.794944
-5.777315
-5.797929
-5.793665
-5.810467
-5.795107
-5.831307
-5.793970
-5.828599
-5.776297
-5.803853
-5.715633
-5.742403
-5.611517
-5.637235
-5.466460
-5.516781
-5.274998
-5.848283
-5.688996
-5.864853
-5.681690
-5.861648
-5.691615
-5.861058
-5.680800
-5.870621
-5.664923
-5.856784
-5.635981
-5.825873
-5.565136
-5.764053
-5.451825
-5.657614
-5.291642
-5.518397
-5.087503
-5.365957
-5.824980
-5.782647
-5.811448
-5.796384
-5.807211
-5.787790
-5.821459
-5.778113
-5.816022
-5.765783
-5.800376
-5.719626
-5.762518
-5.641434
-5.683171
-5.522828
-5.570809
-5.364570
-5.439760
-5.190248
-5.855883
-5.697364
-5.857051
-5.680904
-5.869261
-5.660963
-5.855012
-5.639008
-5.830122
-5.581994
-5.787370
-5.495152
-5.705043
-5.368690
-5.590582
-5.198183
-5.452186
-4.999873
-5.300611
-5.784081
-5.754533
-5.795974
-5.742499
-5.784351
-5.732605
-5.768640
-5.691800
-5.742595
-5.629756
-5.681564
-5.535846
-5.593385
-5.401008
-5.478352
-5.239974
-5.345700
-5.073840
-5.826272
-5.621818
-5.813681
-5.606861
-5.796062
-5.557841
-5.766488
-5.488688
-5.700819
-5.388976
-5.611104
-5.246940
-5.494378
-5.077571
-5.356122
-4.893460
-5.211578
-5.701536
-5.655521
-5.694727
-5.618713
-5.677652
-5.570113
-5.628679
-5.498360
-5.562519
-5.388120
-5.471092
-5.255024
-5.356203
-5.103756
-5.232343
-4.950806
-5.707121
-5.470962
-5.688034
-5.423184
-5.638562
-5.349431
-5.572183
-5.234838
-5.481151
-5.098481
-5.365024
-4.939352
-5.240726
-4.772560
-5.112562
-5.544854
-5.453156
-5.514785
-5.399594
-5.471229
-5.314411
-5.406681
-5.213372
-5.316599
-5.089987
-5.219195
-4.955419
-5.111654
-4.824413
-5.514431
-5.236533
-5.473427
-5.156539
-5.409913
-5.056178
-5.319867
-4.930297
-5.224283
-4.788503
-5.116175
-4.648105
-5.010700
-5.318063
-5.183635
-5.281789
-5.112688
-5.222031
-5.022153
-5.157215
-4.915352
-5.076051
-4.809540
-4.992653
-4.696645
-5.287322
-4.952807
-5.230151
-4.866741
-5.164011
-4.756636
-5.081027
-4.646240
-4.995860
-4.522950
-4.916908
-5.080920
-4.909248
-5.047651
-4.832060
-4.999082
-4.757909
-4.941884
-4.666484
-4.888054
-4.579955
-5.071134
-4.685333
-5.020243
-4.608298
-4.952880
-4.509344
-4.895743
-4.413431
-4.824280
-4.883872
-4.672983
-4.854221
-4.610562
-4.833378
-4.544393
-4.785812
-4.482388
-4.897187
-4.475530
-4.861086
-4.394745
-4.798651
-4.327125
-4.751365
-4.735426
-4.483876
-4.722953
-4.455025
-4.705831
-4.384612
-4.780803
-4.318372
-4.727675
-4.232564
-4.698554
-4.612056
-4.358062
-4.650752
-4.317375
-4.707997
-4.154918
-4.636938
-4.554455
-4.281622
-4.612704
-4.121456
-4.033263
-4.049158
-3.956352
-4.014202
-3.874442
-3.932783
-3.795375
-3.834289
-3.691776
-3.726707
-3.576874
-3.614585
-3.472018
-3.514569
-3.388796
-3.451533
-3.333261
-3.424548
-3.319990
-3.409619
-3.347682
-3.469165
-3.536235
-3.385555
-3.528058
-3.362263
-3.536130
-3.362855
-3.531499
-3.350845
-3.515870
-3.332654
-3.501083
-3.305947
-3.491846
-3.287530
-3.492878
-3.281058
-3.518369
-3.292211
-3.565726
-3.321618
-3.637897
-3.347256
-3.752807
-4.500493
-4.122550
-4.429495
-4.056842
-4.379592
-4.007416
-4.307134
-3.968654
-4.233660
-3.912338
-4.161562
-3.856468
-4.077669
-3.804569
-3.995972
-3.750294
-3.924759
-3.700813
-3.855871
-3.679586
-3.787501
-3.630596
-4.360292
-3.913841
-4.339714
-3.874046
-4.268354
-3.831896
-4.200278
-3.762360
-4.133034
-3.693296
-4.051504
-3.626797
-3.973891
-3.554915
-3.906773
-3.487080
-3.844964
-3.435171
-3.786831
-3.384802
-3.771132
-4.438240
-4.028559
-4.330703
-3.988751
-4.256134
-3.922688
-4.182570
-3.862484
-4.089529
-3.802927
-3.999020
-3.735440
-3.914574
-3.674069
-3.832884
-3.628656
-3.755746
-3.596532
-3.698669
-3.574357
-4.243305
-3.886910
-4.203280
-3.806620
-4.141197
-3.737832
-4.052461
-3.665674
-3.966322
-3.581883
-3.884097
-3.504802
-3.804729
-3.439807
-3.735612
-3.386631
-3.684182
-3.341233
-3.644617
-4.319418
-3.941911
-4.227721
-3.885877
-4.123472
-3.822277
-4.026473
-3.744137
-3.929540
-3.672470
-3.831984
-3.610153
-3.745786
-3.560144
-3.674220
-3.525798
-3.615595
-3.514564
-4.146906
-3.803605
-4.065567
-3.724153
-3.981816
-3.631732
-3.889902
-3.545703
-3.793782
-3.465579
-3.711337
-3.396674
-3.644375
-3.345198
-3.593313
-3.312240
-3.555520
-4.188410
-3.856258
-4.083669
-3.774143
-3.974315
-3.696655
-3.861295
-3.620089
-3.762231
-3.552181
-3.676435
-3.504062
-3.607380
-3.475403
-3.554464
-3.464887
-4.013764
-3.702400
-3.918847
-3.610758
-3.813975
-3.517235
-3.718735
-3.430508
-3.634028
-3.365449
-3.568825
-3.319851
-3.524920
-3.293836
-3.497059
-4.047610
-3.744758
-3.924124
-3.656922
-3.810636
-3.573083
-3.706505
-3.509749
-3.622151
-3.464103
-3.562116
-3.441190
-3.519234
-3.437112
-3.862913
-3.592355
-3.757596
-3.491988
-3.656099
-3.409910
-3.571473
-3.344913
-3.514991
-3.306761
-3.478933
-3.291714
-3.462679
-3.889865
-3.626047
-3.768802
-3.544371
-3.663095
-3.478091
-3.587915
-3.438705
-3.533893
-3.425385
-3.503848
-3.426663
-3.712029
-3.480425
-3.607284
-3.394825
-3.530426
-3.334487
-3.475576
-3.306275
-3.451599
-3.297788
-3.449978
-3.736188
-3.524486
-3.637892
-3.458685
-3.562556
-3.428257
-3.520812
-3.417889
-3.504609
-3.429508
-3.578081
-3.386579
-3.499195
-3.335265
-3.452260
-3.306398
-3.438807
-3.309745
-3.443898
-3.617894
-3.454343
-3.548085
-3.419600
-3.517943
-3.420026
-3.506450
-3.441602
-3.479236
-3.333528
-3.442909
-3.312066
-3.426903
-3.322520
-3.443539
-3.544633
-3.418208
-3.510727
-3.426032
-3.512421
-3.448856
-3.432735
-3.320447
-3.423694
-3.325142
-3.443453
-3.505918
-3.424877
-3.516232
-3.456497
-3.427983
-3.321781
-3.441599
-3.519102
-3.463669
-3.396814
-4.603414
-3.907232
-4.460323
-3.935950
-4.387346
-3.898322
-4.337876
-3.843800
-4.272251
-3.793233
-4.204973
-3.729584
-4.140815
-3.666328
-4.070284
-3.607635
-4.004559
-3.545037
-3.953717
-3.480960
-3.901646
-3.456723
-3.885671
-5.197382
-5.171914
-5.050434
-4.977970
-4.902142
-4.840964
-4.771931
-4.728836
-4.674764
-4.629267
-4.584620
-4.538681
-4.487299
-4.436779
-4.384154
-4.317699
-4.260477
-4.193528
-4.122356
-4.043906
-4.001442
-3.869766
-5.033160
-4.624535
-4.784163
-4.425310
-4.564772
-4.252444
-4.400856
-4.106311
-4.269730
-3.997214
-4.164921
-3.908055
-4.085462
-3.825832
-4.008890
-3.748667
-3.926255
-3.653001
-3.850502
-3.542590
-3.754503
-5.151837
-5.096215
-4.964116
-4.925365
-4.829866
-4.784162
-4.719437
-4.679504
-4.622227
-4.584220
-4.533807
-4.482628
-4.434420
-4.374425
-4.317988
-4.244647
-4.195918
-4.096348
-4.051731
-3.952837
-4.920316
-4.551379
-4.687926
-4.340233
-4.493313
-4.181634
-4.335663
-4.054004
-4.220014
-3.950510
-4.128700
-3.868718
-4.047426
-3.786770
-3.973127
-3.694257
-3.885000
-3.599858
-3.785220
-5.078246
-5.008575
-4.902908
-4.855799
-4.766329
-4.732871
-4.666441
-4.628204
-4.576235
-4.532600
-4.479181
-4.425902
-4.374388
-4.300697
-4.249349
-4.165759
-4.105178
-4.009263
-4.811003
-4.467529
-4.587504
-4.272450
-4.416116
-4.119176
-4.280644
-4.005154
-4.173867
-3.913623
-4.091167
-3.829520
-4.011536
-3.747756
-3.922293
-3.651050
-3.824894
-4.996698
-4.926909
-4.836216
-4.783332
-4.715523
-4.675976
-4.616875
-4.579816
-4.525479
-4.476746
-4.422904
-4.363789
-4.301398
-4.231531
-4.165698
-4.082264
-4.699170
-4.379485
-4.500190
-4.203917
-4.342763
-4.068088
-4.223471
-3.961856
-4.130921
-3.878047
-4.048914
-3.797375
-3.966731
-3.707103
-3.865530
-4.917849
-4.844587
-4.770200
-4.722134
-4.662633
-4.622596
-4.570063
-4.527257
-4.470180
-4.420701
-4.356887
-4.296703
-4.223004
-4.158544
-4.592202
-4.301405
-4.415395
-4.141010
-4.278330
-4.018404
-4.171921
-3.926255
-4.087746
-3.847090
-4.007015
-3.765961
-3.913446
-4.837146
-4.769204
-4.712875
-4.663577
-4.615305
-4.574662
-4.518773
-4.476293
-4.409548
-4.361331
-4.283037
-4.228109
-4.497774
-4.225100
-4.340254
-4.085464
-4.215235
-3.978785
-4.124012
-3.895581
-4.047695
-3.818248
-3.963684
-4.765568
-4.705681
-4.655845
-4.617029
-4.566553
-4.524721
-4.465307
-4.418421
-4.343178
-4.297738
-4.405313
-4.161419
-4.269601
-4.030550
-4.164554
-3.940581
-4.082144
-3.871531
-4.004376
-4.705323
-4.645687
-4.614547
-4.570158
-4.514160
-4.479268
-4.397778
-4.363444
-4.331533
-4.100667
-4.199513
-3.994931
-4.112012
-3.915675
-4.048469
-4.645032
-4.612192
-4.566574
-4.525187
-4.465534
-4.417747
-4.260397
-4.033365
-4.155056
-3.948322
-4.081196
-4.618801
-4.574333
-4.520665
-4.489780
-4.177371
-3.982322
-4.096633
-4.608612
-4.567314
-4.081620
-4.697003
-4.073796
-4.651144
-4.002357
-4.625257
-4.051405
-4.596689
-4.054767
-4.600465
-4.059640
-4.587581
-4.071420
-4.587594
-4.059582
-4.600360
-4.054638
-4.596783
-4.050898
-4.625397
-4.002072
-4.650893
-4.073409
-4.697262
-4.180071
-4.162361
-4.253453
-4.243241
-4.394551
-4.357816
-4.535503
-4.532938
-4.724168
-4.751970
-4.970120
-5.012805
-5.244917
-5.284108
-5.491383
-5.504589
-5.670263
-5.630592
-5.770131
-5.683906
-5.780989
-5.720317
-5.806697
-4.359913
-4.663611
-4.524014
-4.701181
-4.615999
-4.802678
-4.733254
-4.929050
-4.898386
-5.102949
-5.106424
-5.321398
-5.336616
-5.544949
-5.551995
-5.717621
-5.706387
-5.820770
-5.779173
-5.861027
-5.817425
-5.791816
-4.256777
-4.142937
-4.322429
-4.263195
-4.425587
-4.392471
-4.577963
-4.567450
-4.774035
-4.795830
-5.017984
-5.060436
-5.287156
-5.315042
-5.525143
-5.516374
-5.685339
-5.637948
-5.776869
-5.678294
-5.817337
-4.361699
-4.669915
-4.482121
-4.721317
-4.598736
-4.814098
-4.727541
-4.950014
-4.898833
-5.130029
-5.113484
-5.342094
-5.347286
-5.558570
-5.552412
-5.726550
-5.698872
-5.819314
-5.776967
-5.861049
-4.329667
-4.122513
-4.376907
-4.257791
-4.466711
-4.408104
-4.614756
-4.592081
-4.815051
-4.822019
-5.061744
-5.085787
-5.318919
-5.334365
-5.544704
-5.520678
-5.698752
-5.637932
-5.779077
-4.328854
-4.692964
-4.439380
-4.746840
-4.570294
-4.831245
-4.715313
-4.965400
-4.893820
-5.144183
-5.106916
-5.356296
-5.340890
-5.562600
-5.544800
-5.726593
-5.685455
-5.820783
-4.324636
-4.129096
-4.411010
-4.249300
-4.508025
-4.410794
-4.649989
-4.602551
-4.847652
-4.838353
-5.091530
-5.093130
-5.340755
-5.334361
-5.552308
-5.516280
-5.706354
-4.345051
-4.673175
-4.431319
-4.757661
-4.546882
-4.847998
-4.697563
-4.977138
-4.876391
-5.147502
-5.091615
-5.356352
-5.319038
-5.558576
-5.525341
-5.717626
-4.322922
-4.153156
-4.412346
-4.260108
-4.532611
-4.408785
-4.677194
-4.603840
-4.876259
-4.838354
-5.106809
-5.085675
-5.347269
-5.314878
-5.551937
-4.334305
-4.666668
-4.435191
-4.749013
-4.538611
-4.854643
-4.677252
-4.977204
-4.847757
-5.144184
-5.061958
-5.342088
-5.287316
-5.545059
-4.336882
-4.150957
-4.420891
-4.270741
-4.538516
-4.408790
-4.697471
-4.602426
-4.893826
-4.821828
-5.113422
-5.060325
-5.336520
-4.331331
-4.673791
-4.420944
-4.749063
-4.532681
-4.847994
-4.650202
-4.965381
-4.815209
-5.130153
-5.018104
-5.321456
-4.331293
-4.150944
-4.435120
-4.260007
-4.546925
-4.410583
-4.715268
-4.591968
-4.898725
-4.795596
-5.106492
-4.336919
-4.666682
-4.412529
-4.757597
-4.508182
-4.831373
-4.614861
-4.950070
-4.774342
-5.102915
-4.334364
-4.152924
-4.431349
-4.249199
-4.570184
-4.407864
-4.727634
-4.567052
-4.898397
-4.323103
-4.673265
-4.411053
-4.746897
-4.467040
-4.814030
-4.578222
-4.929234
-4.344961
-4.128909
-4.439534
-4.257339
-4.598777
-4.392252
-4.733123
-4.324919
-4.692807
-4.377187
-4.721520
-4.425691
-4.802787
-4.329042
-4.122299
-4.481974
-4.262827
-4.616195
-4.329660
-4.670054
-4.322897
-4.701053
-4.361994
-4.142189
-4.524157
-4.257189
-4.663924
-4.359757
-4.121455
-4.033262
-4.049157
-3.956351
-4.014201
-3.874441
-3.932782
-3.795375
-3.834288
-3.691776
-3.726706
-3.576872
-3.614584
-3.472017
-3.514567
-3.388794
-3.451531
-3.333259
-3.424545
-3.319988
-3.409616
-3.347680
-3.469163
-4.286222
-4.522600
-4.299925
-4.396933
-4.210245
-4.296927
-4.097139
-4.165342
-3.971030
-4.015797
-3.824047
-3.862743
-3.673827
-3.718381
-3.553592
-3.603378
-3.471481
-3.539819
-3.423582
-3.512261
-3.434936
-3.459319
-4.187875
-3.997146
-4.097774
-3.951034
-4.015996
-3.873950
-3.935251
-3.784015
-3.832615
-3.682700
-3.718348
-3.571624
-3.611114
-3.464274
-3.517844
-3.387271
-3.450892
-3.340591
-3.430548
-3.310574
-3.434924
-4.284371
-4.519100
-4.244946
-4.398944
-4.171808
-4.281001
-4.061523
-4.149953
-3.931108
-3.999227
-3.789354
-3.840762
-3.649202
-3.705361
-3.532034
-3.601407
-3.462572
-3.531919
-3.430085
-3.512389
-4.257078
-3.969756
-4.141800
-3.931569
-4.038695
-3.867506
-3.943182
-3.777879
-3.838568
-3.673451
-3.726209
-3.567511
-3.612991
-3.465510
-3.524004
-3.382631
-3.462527
-3.340809
-3.423921
-4.249261
-4.536893
-4.194430
-4.413338
-4.128955
-4.279773
-4.028681
-4.140377
-3.901563
-3.987916
-3.758030
-3.834079
-3.628834
-3.697552
-3.523632
-3.601523
-3.450815
-3.539509
-4.249326
-3.971677
-4.167992
-3.912779
-4.065999
-3.853910
-3.959511
-3.770181
-3.850243
-3.672592
-3.739669
-3.563062
-3.628743
-3.465715
-3.532283
-3.387165
-3.471595
-4.263945
-4.512918
-4.180726
-4.415601
-4.096026
-4.285247
-3.999410
-4.140238
-3.874147
-3.981356
-3.739404
-3.834181
-3.612962
-3.705075
-3.517636
-3.603683
-4.244815
-3.992075
-4.162833
-3.916742
-4.081483
-3.843912
-3.978127
-3.764893
-3.874026
-3.672771
-3.758182
-3.567428
-3.649272
-3.464828
-3.553257
-4.252522
-4.503351
-4.181635
-4.402415
-4.084530
-4.288049
-3.977975
-4.140315
-3.850256
-3.987676
-3.726090
-3.840994
-3.610545
-3.718308
-4.256513
-3.987919
-4.167700
-3.925172
-4.084418
-3.844039
-3.999476
-3.770133
-3.901578
-3.673909
-3.789025
-3.571929
-3.674208
-4.249693
-4.509477
-4.167656
-4.402451
-4.081525
-4.285086
-3.959446
-4.140550
-3.838138
-3.999179
-3.718478
-3.862302
-4.249616
-3.987981
-4.181637
-3.916744
-4.095970
-3.854267
-4.028390
-3.778149
-3.931353
-3.682725
-3.823911
-4.256569
-4.503279
-4.162779
-4.415736
-4.065722
-4.279736
-3.943280
-4.149613
-3.832328
-4.016177
-4.252392
-3.992351
-4.180492
-3.912978
-4.129077
-3.867576
-4.061377
-3.784802
-3.970549
-4.244678
-4.512867
-4.168075
-4.413131
-4.038467
-4.281283
-3.934682
-4.165200
-4.263968
-3.971805
-4.194223
-3.932190
-4.171418
-3.874313
-4.097443
-4.249131
-4.537114
-4.141425
-4.398822
-4.016106
-4.296528
-4.248942
-3.970034
-4.245091
-3.951237
-4.209995
-4.257177
-4.518867
-4.097409
-4.397261
-4.284020
-3.997990
-4.299473
-4.187453
-4.522386
-4.286318
-4.179425
-4.162935
-4.253352
-4.243584
-4.394169
-4.358451
-4.535066
-4.533290
-4.724041
-4.752185
-4.969884
-5.013158
-5.244640
-5.284318
-5.491254
-5.504694
-5.670107
-5.630737
-5.769971
-5.683981
-5.780891
-5.720345
-5.806610
-5.832035
-5.676337
-5.816172
-5.662077
-5.813044
-5.658209
-5.831476
-5.660015
-5.836638
-5.675302
-5.848581
-5.670335
-5.859617
-5.652955
-5.840917
-5.604701
-5.789871
-5.503312
-5.692420
-5.349887
-5.546892
-5.151913
-5.406701
-4.612703
-4.281622
-4.636939
-4.317374
-4.698550
-4.384607
-4.751364
-4.482392
-4.824284
-4.579953
-4.916903
-4.696642
-5.010702
-4.824415
-5.112562
-4.950805
-5.211578
-5.073840
-5.300612
-5.190248
-5.365957
-5.274998
-4.554453
-4.154918
-4.650752
-4.232563
-4.705827
-4.327121
-4.785811
-4.413434
-4.888056
-4.522949
-4.992650
-4.648103
-5.111655
-4.772561
-5.232343
-4.893460
-5.345700
-4.999874
-5.439761
-5.087503
-5.516781
-4.707995
-4.358061
-4.727675
-4.455024
-4.798648
-4.544389
-4.895742
-4.666486
-4.995862
-4.809539
-5.116173
-4.955418
-5.240727
-5.103758
-5.356122
-5.239975
-5.452187
-5.364570
-5.518398
-5.466460
-4.612055
-4.318371
-4.722953
-4.394744
-4.833375
-4.509341
-4.941883
-4.646240
-5.076052
-4.788502
-5.219194
-4.939352
-5.356203
-5.077573
-5.478353
-5.198184
-5.570810
-5.291643
-5.637236
-4.780801
-4.483875
-4.861086
-4.610560
-4.952878
-4.757906
-5.081025
-4.915353
-5.224284
-5.089987
-5.365024
-5.255025
-5.494379
-5.401010
-5.590583
-5.522829
-5.657616
-5.611518
-4.735424
-4.475529
-4.854220
-4.608297
-4.999080
-4.756634
-5.157214
-4.930297
-5.316600
-5.098482
-5.471093
-5.246942
-5.593386
-5.368692
-5.683173
-5.451827
-5.742404
-4.897185
-4.672981
-5.020242
-4.832059
-5.164010
-5.022151
-5.319867
-5.213373
-5.481152
-5.388121
-5.611106
-5.535848
-5.705045
-5.641437
-5.764055
-5.715635
-4.883870
-4.685331
-5.047651
-4.866741
-5.222031
-5.056177
-5.406681
-5.234839
-5.562521
-5.388978
-5.681566
-5.495155
-5.762520
-5.565138
-5.803855
-5.071132
-4.909247
-5.230151
-5.112688
-5.409913
-5.314412
-5.572185
-5.498362
-5.700822
-5.629759
-5.787373
-5.719629
-5.825876
-5.776300
-5.080918
-4.952807
-5.281788
-5.156540
-5.471230
-5.349432
-5.628681
-5.488691
-5.742598
-5.581997
-5.800379
-5.635983
-5.828601
-5.287321
-5.183635
-5.473428
-5.399595
-5.638564
-5.570116
-5.766491
-5.691803
-5.830126
-5.765787
-5.856787
-5.793973
-5.318063
-5.236533
-5.514786
-5.423186
-5.677655
-5.557844
-5.768643
-5.639011
-5.816025
-5.664927
-5.831310
-5.514431
-5.453158
-5.688036
-5.618715
-5.796065
-5.732609
-5.855015
-5.778116
-5.870624
-5.795110
-5.544855
-5.470963
-5.694730
-5.606864
-5.784355
-5.660967
-5.821463
-5.680804
-5.810471
-5.707124
-5.655523
-5.813685
-5.742502
-5.869265
-5.787794
-5.861062
-5.793668
-5.701538
-5.621822
-5.795978
-5.680908
-5.807215
-5.691619
-5.797933
-5.826275
-5.754537
-5.857056
-5.796388
-5.861652
-5.777319
-5.784085
-5.697368
-5.811452
-5.681695
-5.794948
-5.855887
-5.782651
-5.864858
-5.782310
-5.824985
-5.689000
-5.784098
-5.848288
-5.795224
-5.775073
-4.603413
-3.907233
-4.460324
-3.935949
-4.387342
-3.898318
-4.337877
-3.843805
-4.272255
-3.793232
-4.204968
-3.729582
-4.140817
-3.666331
-4.070285
-3.607635
-4.004559
-3.545038
-3.953718
-3.480960
-3.901646
-3.456723
-3.885671
-3.396811
-3.463667
-3.441596
-3.456495
-3.443451
-3.448854
-3.443537
-3.441600
-3.443896
-3.429506
-3.449977
-3.426662
-3.462678
-3.437111
-3.497059
-3.464887
-3.555520
-3.514564
-3.644618
-3.574357
-3.771132
-3.630596
-3.519099
-3.321779
-3.516230
-3.325140
-3.512418
-3.322518
-3.506449
-3.309743
-3.504607
-3.297787
-3.503847
-3.291713
-3.519233
-3.293836
-3.554464
-3.312240
-3.615595
-3.341233
-3.698670
-3.384803
-3.787501
-3.427980
-3.424875
-3.423691
-3.426030
-3.426901
-3.420024
-3.438805
-3.417887
-3.451597
-3.425384
-3.478932
-3.441190
-3.524920
-3.475402
-3.593313
-3.525798
-3.684182
-3.596532
-3.786831
-3.679586
-3.505915
-3.320445
-3.510725
-3.312063
-3.517941
-3.306396
-3.520810
-3.306273
-3.533891
-3.306760
-3.562115
-3.319850
-3.607380
-3.345198
-3.674221
-3.386631
-3.755746
-3.435171
-3.855871
-3.432733
-3.418205
-3.442907
-3.419598
-3.452258
-3.428256
-3.475574
-3.438704
-3.514990
-3.464102
-3.568824
-3.504061
-3.644375
-3.560144
-3.735612
-3.628656
-3.844964
-3.700814
-3.544631
-3.333526
-3.548083
-3.335263
-3.562555
-3.334485
-3.587914
-3.344912
-3.622150
-3.365449
-3.676434
-3.396674
-3.745787
-3.439807
-3.832885
-3.487080
-3.924759
-3.479234
-3.454342
-3.499193
-3.458684
-3.530424
-3.478090
-3.571472
-3.509748
-3.634028
-3.552181
-3.711336
-3.610153
-3.804729
-3.674070
-3.906773
-3.750294
-3.617893
-3.386577
-3.637890
-3.394824
-3.663094
-3.409909
-3.706504
-3.430508
-3.762231
-3.465579
-3.831984
-3.504802
-3.914575
-3.554917
-3.995973
-3.578079
-3.524485
-3.607282
-3.544370
-3.656098
-3.573082
-3.718734
-3.620089
-3.793783
-3.672470
-3.884097
-3.735439
-3.973893
-3.804571
-3.736187
-3.480424
-3.768802
-3.491987
-3.810635
-3.517235
-3.861294
-3.545704
-3.929541
-3.581883
-3.999019
-3.626796
-4.077671
-3.712028
-3.626046
-3.757595
-3.656922
-3.813975
-3.696654
-3.889901
-3.744138
-3.966323
-3.802928
-4.051502
-3.856467
-3.889864
-3.592354
-3.924124
-3.610758
-3.974314
-3.631731
-4.026473
-3.665676
-4.089531
-3.693296
-4.161559
-3.862912
-3.744757
-3.918847
-3.774143
-3.981816
-3.822276
-4.052461
-3.862486
-4.133037
-3.912337
-4.047610
-3.702400
-4.083669
-3.724153
-4.123471
-3.737831
-4.182571
-3.762363
-4.233664
-4.013763
-3.856258
-4.065568
-3.885877
-4.141196
-3.922686
-4.200278
-3.968658
-4.188410
-3.803605
-4.227722
-3.806620
-4.256133
-3.831894
-4.307135
-4.146906
-3.941911
-4.203281
-3.988751
-4.268352
-4.007413
-4.319417
-3.886910
-4.330703
-3.874046
-4.379590
-4.243304
-4.028560
-4.339715
-4.056841
-4.438240
-3.913842
-4.429496
-4.360291
-4.122551
-4.500493
-4.648253
-3.982903
-4.593912
-4.108339
-4.619201
-4.173370
-4.684963
-4.236762
-4.746171
-4.321609
-4.822969
-4.407478
-4.915882
-4.507266
-5.010579
-4.612733
-5.111806
-4.713117
-5.209824
-4.800873
-5.296655
-4.888394
-5.385441
-5.151109
-4.736217
-4.867592
-4.524588
-4.657114
-4.325155
-4.476410
-4.173453
-4.324472
-4.049602
-4.212479
-3.947964
-4.123089
-3.868591
-4.043461
-3.789214
-3.972120
-3.701279
-3.884981
-3.617736
-3.789173
-3.512664
-3.741328
-4.081621
-4.567315
-4.096632
-4.489776
-4.081191
-4.417748
-4.048476
-4.363450
-4.004374
-4.297731
-3.963680
-4.228112
-3.913451
-4.158546
-3.865529
-4.082263
-3.824894
-4.009264
-3.785221
-3.952838
-3.754503
-3.869766
-4.608613
-3.982321
-4.520660
-3.948316
-4.465536
-3.915684
-4.397786
-3.871528
-4.343168
-3.818243
-4.283042
-3.765970
-4.223007
-3.707100
-4.165695
-3.651050
-4.105179
-3.599860
-4.051731
-3.542589
-4.001442
-4.177370
-4.574328
-4.155051
-4.525188
-4.112022
-4.479276
-4.082140
-4.418408
-4.047687
-4.361338
-4.007026
-4.296707
-3.966727
-4.231526
-3.922293
-4.165762
-3.885002
-4.096348
-3.850501
-4.043905
-4.618796
-4.033359
-4.566576
-3.994942
-4.514169
-3.940576
-4.465290
-3.895572
-4.409557
-3.847106
-4.356893
-3.797368
-4.301390
-3.747755
-4.249353
-3.694260
-4.195918
-3.653000
-4.122355
-4.260392
-4.612193
-4.199524
-4.570168
-4.164548
-4.524702
-4.124001
-4.476303
-4.087766
-4.420709
-4.048905
-4.363777
-4.011534
-4.300704
-3.973133
-4.244647
-3.926252
-4.193526
-4.645033
-4.100677
-4.614555
-4.030544
-4.566533
-3.978773
-4.518785
-3.926279
-4.470190
-3.878035
-4.422886
-3.829517
-4.374398
-3.786779
-4.317989
-3.748663
-4.260474
-4.331541
-4.645694
-4.269596
-4.617011
-4.215223
-4.574674
-4.171947
-4.527268
-4.130906
-4.476723
-4.091162
-4.425915
-4.047440
-4.374426
-4.008883
-4.317694
-4.705330
-4.161414
-4.655828
-4.085453
-4.615317
-4.018429
-4.570074
-3.961839
-4.525453
-3.913617
-4.479197
-3.868736
-4.434422
-3.825822
-4.384145
-4.405309
-4.705668
-4.340245
-4.663586
-4.278353
-4.622606
-4.223455
-4.579789
-4.173860
-4.532619
-4.128722
-4.482630
-4.085448
-4.436766
-4.765558
-4.225093
-4.712882
-4.141029
-4.662641
-4.068073
-4.616850
-4.005148
-4.576254
-3.950533
-4.533810
-3.908038
-4.487283
-4.497768
-4.769209
-4.415408
-4.722140
-4.342751
-4.675956
-4.280638
-4.628221
-4.220036
-4.584223
-4.164903
-4.538663
-4.837149
-4.301414
-4.770204
-4.203908
-4.715507
-4.119171
-4.666456
-4.054023
-4.622230
-3.997196
-4.584602
-4.592208
-4.844590
-4.500184
-4.783321
-4.416113
-4.732882
-4.335678
-4.679506
-4.269714
-4.629249
-4.917851
-4.379481
-4.836209
-4.272448
-4.766337
-4.181645
-4.719438
-4.106299
-4.674750
-4.699167
-4.926905
-4.587503
-4.855804
-4.493320
-4.784162
-4.400847
-4.728826
-4.996696
-4.467528
-4.902911
-4.340236
-4.829866
-4.252439
-4.771924
-4.811003
-5.008576
-4.687928
-4.925364
-4.564769
-4.840960
-5.078247
-4.551380
-4.964116
-4.425308
-4.902140
-4.920316
-5.096215
-4.784162
-4.977969
-5.151837
-4.624535
-5.050433
-5.033159
-5.171914
-5.197382
-4.180071
-4.162361
-4.253453
-4.243240
-4.394550
-4.357816
-4.535502
-4.532937
-4.724168
-4.751968
-4.970118
-5.012802
-5.244913
-5.284103
-5.491378
-5.504582
-5.670265
-5.630603
-5.770140
-5.683908
-5.780986
-5.720313
-5.806692
-5.832018
-5.676304
-5.816159
-5.661996
-5.813097
-5.657995
-5.831584
-5.659790
-5.836679
-5.675026
-5.848751
-5.669829
-5.859858
-5.652476
-5.841022
-5.604130
-5.790198
-5.502379
-5.692827
-5.349005
-5.547123
-5.150788
-5.407329
-4.612523
-4.282124
-4.637315
-4.317490
-4.698737
-4.385332
-4.751159
-4.482966
-4.824628
-4.580200
-4.917082
-4.697428
-5.010556
-4.825085
-5.112903
-4.951163
-5.211849
-5.074613
-5.300605
-5.190962
-5.366387
-5.275373
-4.554808
-4.153982
-4.650932
-4.232152
-4.705631
-4.326524
-4.786123
-4.412470
-4.888203
-4.522433
-4.992475
-4.647403
-5.111925
-4.771504
-5.232515
-4.892743
-5.345591
-4.999023
-5.440040
-5.086250
-5.517110
-4.708156
-4.358667
-4.727497
-4.455501
-4.798949
-4.544571
-4.895897
-4.667142
-4.995728
-4.810077
-5.116477
-4.955682
-5.240947
-5.104412
-5.356098
-5.240551
-5.452552
-5.364846
-5.518811
-5.466997
-4.611899
-4.317875
-4.723225
-4.393936
-4.833499
-4.508931
-4.941726
-4.645668
-5.076295
-4.787625
-5.219332
-4.938794
-5.356094
-5.076880
-5.478596
-5.197168
-5.571047
-5.290836
-5.637248
-4.781053
-4.484017
-4.861211
-4.611109
-4.952758
-4.758343
-5.081291
-4.915552
-5.224458
-5.090539
-5.364985
-5.255492
-5.494690
-5.401232
-5.590886
-5.523313
-5.657736
-5.611976
-4.735514
-4.475211
-4.854083
-4.607831
-4.999287
-4.755915
-5.157316
-4.929870
-5.316492
-5.097926
-5.471299
-5.246121
-5.593552
-5.368087
-5.683149
-5.451140
-5.742624
-4.897090
-4.673328
-5.020466
-4.832219
-5.164142
-5.022619
-5.319820
-5.213751
-5.481413
-5.388300
-5.611330
-5.536278
-5.705107
-5.641818
-5.764376
-5.715831
-4.884026
-4.684768
-5.047713
-4.866419
-5.221924
-5.055734
-5.406848
-5.234185
-5.562630
-5.388529
-5.681515
-5.494617
-5.762702
-5.564395
-5.804008
-5.071228
-4.909634
-5.230105
-5.112995
-5.410127
-5.314563
-5.572346
-5.498738
-5.700848
-5.630076
-5.787632
-5.719788
-5.826116
-5.776655
-5.080811
-4.952468
-5.281910
-5.156032
-5.471287
-5.349105
-5.628612
-5.488276
-5.742738
-5.581412
-5.800483
-5.635557
-5.828567
-5.287490
-5.183766
-5.473535
-5.399922
-5.638569
-5.570382
-5.766697
-5.691941
-5.830301
-5.766095
-5.856848
-5.794246
-5.318064
-5.236313
-5.514701
-5.422873
-5.677749
-5.557401
-5.768701
-5.638703
-5.815975
-5.664558
-5.831418
-5.514424
-5.453373
-5.688192
-5.618846
-5.796190
-5.732883
-5.855049
-5.778343
-5.870809
-5.795228
-5.544897
-5.470649
-5.694732
-5.606664
-5.784295
-5.660699
-5.821534
-5.680421
-5.810520
-5.707186
-5.655764
-5.813716
-5.742707
-5.869404
-5.787900
-5.861175
-5.793879
-5.701456
-5.621654
-5.796015
-5.680647
-5.807220
-5.691432
-5.797878
-5.826381
-5.754666
-5.857128
-5.796569
-5.861664
-5.777466
-5.784042
-5.697264
-5.811376
-5.681548
-5.794962
-5.855896
-5.782781
-5.864917
-5.782379
-5.824940
-5.688880
-5.784073
-5.848305
-5.795320
-5.775007
-4.603964
-3.906569
-4.460058
-3.935570
-4.387632
-3.896875
-4.338521
-3.843042
-4.271577
-3.792874
-4.205191
-3.727549
-4.141575
-3.665352
-4.069138
-3.607157
-4.004808
-3.542265
-3.954637
-3.479657
-3.900247
-3.455799
-3.886226
-3.396455
-3.464034
-3.441887
-3.456214
-3.443685
-3.449794
-3.442511
-3.442494
-3.444564
-3.428737
-3.450465
-3.428093
-3.461102
-3.438398
-3.497877
-3.464048
-3.556080
-3.516314
-3.643028
-3.575862
-3.772113
-3.630269
-3.519396
-3.321110
-3.516399
-3.325239
-3.511683
-3.322340
-3.507255
-3.307938
-3.505351
-3.297747
-3.502857
-3.291282
-3.520616
-3.291164
-3.555670
-3.311809
-3.614780
-3.340234
-3.700390
-3.381589
-3.788676
-3.427856
-3.425637
-3.423007
-3.426652
-3.427444
-3.419497
-3.439181
-3.419098
-3.450348
-3.426424
-3.479742
-3.440397
-3.525421
-3.476996
-3.591800
-3.527099
-3.685095
-3.595968
-3.787256
-3.681654
-3.505541
-3.320205
-3.511285
-3.310807
-3.518357
-3.306422
-3.519944
-3.305919
-3.534978
-3.304555
-3.563010
-3.319642
-3.606497
-3.344450
-3.675744
-3.383818
-3.756825
-3.434610
-3.855089
-3.433048
-3.418009
-3.443052
-3.420581
-3.451362
-3.429040
-3.476305
-3.438065
-3.515425
-3.465490
-3.567531
-3.505154
-3.645255
-3.559523
-3.736000
-3.630465
-3.843545
-3.702207
-3.544752
-3.333577
-3.547476
-3.334926
-3.563351
-3.332790
-3.588498
-3.344825
-3.621295
-3.364866
-3.677691
-3.394275
-3.746665
-3.439469
-3.832095
-3.486075
-3.926215
-3.478690
-3.454850
-3.499752
-3.458286
-3.530733
-3.479242
-3.570480
-3.510618
-3.634858
-3.551602
-3.711716
-3.611717
-3.803463
-3.675238
-3.907619
-3.750008
-3.618413
-3.385442
-3.638199
-3.394786
-3.662383
-3.409423
-3.707469
-3.428555
-3.762864
-3.465384
-3.831190
-3.504011
-3.915851
-3.552500
-3.996712
-3.578213
-3.525358
-3.606610
-3.545009
-3.656815
-3.572635
-3.719081
-3.621396
-3.792765
-3.673420
-3.884920
-3.735077
-3.974152
-3.806280
-3.735700
-3.480021
-3.769488
-3.490510
-3.811038
-3.517109
-3.860566
-3.545064
-3.930569
-3.579837
-3.999608
-3.626480
-4.076977
-3.712570
-3.625761
-3.757861
-3.657954
-3.813239
-3.697396
-3.890669
-3.743790
-3.966617
-3.804362
-4.050529
-3.857484
-3.890069
-3.592275
-3.923540
-3.610234
-3.975084
-3.630073
-4.026886
-3.665451
-4.088858
-3.692503
-4.162569
-3.862442
-3.745276
-3.919501
-3.773872
-3.982116
-3.823440
-4.051722
-3.863307
-4.133774
-3.912172
-4.048149
-3.701164
-4.083927
-3.723973
-4.122865
-3.737181
-4.183364
-3.760642
-4.234064
-4.014009
-3.857131
-4.065067
-3.886517
-4.141883
-3.922512
-4.200553
-3.969881
-4.187945
-3.803091
-4.228294
-3.805217
-4.256408
-3.831601
-4.306603
-4.147472
-3.941767
-4.203590
-3.989729
-4.267868
-4.008105
-4.319604
-3.886644
-4.330216
-3.873407
-4.380191
-4.243006
-4.029121
-4.340331
-4.056769
-4.438653
-3.912616
-4.429719
-4.360656
-4.123332
-4.500165
-4.648515
-3.982442
-4.593680
-4.107715
-4.619596
-4.172296
-4.685148
-4.236281
-4.745945
-4.320891
-4.823323
-4.406336
-4.916053
-4.506610
-5.010388
-4.611882
-5.112100
-4.711859
-5.210043
-4.799962
-5.296558
-4.887329
-5.385753
-5.152110
-4.735024
-4.868203
-4.523463
-4.658278
-4.323546
-4.477485
-4.172515
-4.325010
-4.048363
-4.214027
-3.945899
-4.124358
-3.867711
-4.043835
-3.787794
-3.974197
-3.698511
-3.886593
-3.616794
-3.789385
-3.510791
-3.743985
-4.081610
-4.567807
-4.097175
-4.489410
-4.082155
-4.418050
-4.048426
-4.364223
-4.005226
-4.297179
-3.965154
-4.228623
-3.913363
-4.159717
-3.866767
-4.081542
-3.826886
-4.010036
-3.785111
-3.954309
-3.756176
-3.868822
-4.608909
-3.981108
-4.521221
-3.947597
-4.465122
-3.915268
-4.398021
-3.869842
-4.343830
-3.817319
-4.282212
-3.765486
-4.223205
-3.704754
-4.166507
-3.649831
-4.104010
-3.599154
-4.052115
-3.539428
-4.002715
-4.178105
-4.574582
-4.155055
-4.525777
-4.112701
-4.478881
-4.083321
-4.418780
-4.047716
-4.362244
-4.008070
-4.296129
-3.968462
-4.232077
-3.922353
-4.166964
-3.886477
-4.095473
-3.852820
-4.044416
-4.618556
-4.032908
-4.566831
-3.993557
-4.514739
-3.939727
-4.464752
-3.895057
-4.409757
-3.845162
-4.357587
-3.796243
-4.300496
-3.747091
-4.249614
-3.691613
-4.196920
-3.651479
-4.121413
-4.260962
-4.611914
-4.200435
-4.570453
-4.164637
-4.525385
-4.124848
-4.475885
-4.089181
-4.421123
-4.049064
-4.364744
-4.012791
-4.300042
-3.975127
-4.245081
-3.926518
-4.194593
-4.645464
-4.099950
-4.614230
-4.030017
-4.566748
-3.977183
-4.519366
-3.925266
-4.469570
-3.877375
-4.423094
-3.827313
-4.375180
-3.785432
-4.317186
-3.747809
-4.260861
-4.331702
-4.646160
-4.270296
-4.616711
-4.216335
-4.574992
-4.172158
-4.528016
-4.131945
-4.476262
-4.092811
-4.426300
-4.047766
-4.375335
-4.010302
-4.316937
-4.705519
-4.160163
-4.656281
-4.084582
-4.614916
-4.017782
-4.570271
-3.960028
-4.526066
-3.912413
-4.478577
-3.867908
-4.434708
-3.823450
-4.385013
-4.406182
-4.705882
-4.340497
-4.664117
-4.279216
-4.622286
-4.224777
-4.580114
-4.174225
-4.533371
-4.129942
-4.482096
-4.087234
-4.437099
-4.765313
-4.224498
-4.713066
-4.139575
-4.663113
-4.067032
-4.616411
-4.004343
-4.576471
-3.948526
-4.534483
-3.906720
-4.486703
-4.498473
-4.768967
-4.416455
-4.722384
-4.343132
-4.676524
-4.281680
-4.627870
-4.221538
-4.584527
-4.165356
-4.539382
-4.837523
-4.300545
-4.769923
-4.203162
-4.715696
-4.117511
-4.666951
-4.052826
-4.621792
-3.996295
-4.584865
-4.592556
-4.844982
-4.501052
-4.783069
-4.417339
-4.733148
-4.336188
-4.680085
-4.270861
-4.628852
-4.918054
-4.378139
-4.836599
-4.271413
-4.766025
-4.180749
-4.719637
-4.104512
-4.675287
-4.700107
-4.927110
-4.587978
-4.856236
-4.494349
-4.783915
-4.402186
-4.729077
-4.996536
-4.466706
-4.903121
-4.338699
-4.830244
-4.251285
-4.771621
-4.811832
-5.008392
-4.689025
-4.925633
-4.565353
-4.841399
-5.078603
-4.550365
-4.963907
-4.424322
-4.902356
-4.920793
-5.096565
-4.785164
-4.977822
-5.152139
-4.623049
-5.050742
-5.034085
-5.172252
-5.197363
-4.648515
-3.982441
-4.593678
-4.107715
-4.619599
-4.172299
-4.685146
-4.236274
-4.745939
-4.320892
-4.823329
-4.406339
-4.916050
-4.506605
-5.010386
-4.611883
-5.112101
-4.711858
-5.210042
-4.799961
-5.296558
-4.887329
-5.385753
-5.775012
-5.795327
-5.784079
-5.782386
-5.794969
-5.777472
-5.797883
-5.793883
-5.810522
-5.795230
-5.831420
-5.794248
-5.828568
-5.776656
-5.804009
-5.715831
-5.742625
-5.611976
-5.637248
-5.466997
-5.517110
-5.275373
-5.848309
-5.688886
-5.864923
-5.681554
-5.861669
-5.691436
-5.861178
-5.680422
-5.870810
-5.664559
-5.856849
-5.635558
-5.826116
-5.564396
-5.764376
-5.451141
-5.657736
-5.290836
-5.518811
-5.086250
-5.366387
-5.824943
-5.782782
-5.811377
-5.796569
-5.807219
-5.787898
-5.821532
-5.778342
-5.815974
-5.766095
-5.800483
-5.719788
-5.762702
-5.641818
-5.683149
-5.523313
-5.571047
-5.364845
-5.440039
-5.190962
-5.855891
-5.697255
-5.857116
-5.680633
-5.869392
-5.660690
-5.855044
-5.638701
-5.830300
-5.581412
-5.787632
-5.494618
-5.705108
-5.368087
-5.590885
-5.197168
-5.452552
-4.999023
-5.300605
-5.784026
-5.754641
-5.795988
-5.742684
-5.784280
-5.732876
-5.768698
-5.691940
-5.742737
-5.630076
-5.681515
-5.536278
-5.593552
-5.401231
-5.478595
-5.240551
-5.345591
-5.074613
-5.826366
-5.621637
-5.813702
-5.606657
-5.796187
-5.557400
-5.766697
-5.488276
-5.700849
-5.388529
-5.611330
-5.246121
-5.494690
-5.076879
-5.356098
-4.892743
-5.211849
-5.701458
-5.655771
-5.694741
-5.618853
-5.677754
-5.570384
-5.628614
-5.498739
-5.562631
-5.388300
-5.471299
-5.255492
-5.356093
-5.104411
-5.232514
-4.951164
-5.707196
-5.470660
-5.688201
-5.422879
-5.638573
-5.349108
-5.572348
-5.234185
-5.481413
-5.097926
-5.364986
-4.938794
-5.240946
-4.771501
-5.112901
-5.544903
-5.453379
-5.514706
-5.399927
-5.471290
-5.314566
-5.406850
-5.213752
-5.316491
-5.090538
-5.219333
-4.955683
-5.111924
-4.825081
-5.514430
-5.236318
-5.473540
-5.156035
-5.410129
-5.055736
-5.319821
-4.929870
-5.224457
-4.787625
-5.116478
-4.647404
-5.010554
-5.318068
-5.183770
-5.281912
-5.112997
-5.221926
-5.022621
-5.157317
-4.915551
-5.076293
-4.810076
-4.992477
-4.697430
-5.287493
-4.952470
-5.230107
-4.866420
-5.164144
-4.755916
-5.081292
-4.645666
-4.995725
-4.522433
-4.917086
-5.080813
-4.909636
-5.047714
-4.832219
-4.999288
-4.758344
-4.941726
-4.667139
-4.888199
-4.580200
-5.071229
-4.684769
-5.020465
-4.607831
-4.952759
-4.508933
-4.895897
-4.412466
-4.824623
-4.884027
-4.673328
-4.854082
-4.611109
-4.833501
-4.544573
-4.786123
-4.482960
-4.897091
-4.475211
-4.861210
-4.393936
-4.798951
-4.326527
-4.751158
-4.735514
-4.484016
-4.723223
-4.455501
-4.705634
-4.385335
-4.781053
-4.317874
-4.727495
-4.232151
-4.698740
-4.611898
-4.358666
-4.650930
-4.317490
-4.708156
-4.153980
-4.637313
-4.554807
-4.282122
-4.612523
-4.121972
-4.032836
-4.049095
-3.955864
-4.014886
-3.873419
-3.933212
-3.795250
-3.834101
-3.691376
-3.727434
-3.575909
-3.614964
-3.472027
-3.514408
-3.388497
-3.452227
-3.332623
-3.424851
-3.320111
-3.409729
-3.347464
-3.469666
-3.536081
-3.385674
-3.527596
-3.362199
-3.536565
-3.361645
-3.531981
-3.350900
-3.514928
-3.332457
-3.502198
-3.303634
-3.492933
-3.287351
-3.491878
-3.280486
-3.519996
-3.289113
-3.567231
-3.320803
-3.637259
-3.345806
-3.754718
-4.500165
-4.123331
-4.429717
-4.056770
-4.380194
-4.008108
-4.306603
-3.969877
-4.234061
-3.912172
-4.162572
-3.857485
-4.076975
-3.806277
-3.996710
-3.750008
-3.926215
-3.702206
-3.855088
-3.681653
-3.788675
-3.630268
-4.360656
-3.912616
-4.340330
-3.873407
-4.267870
-3.831603
-4.200552
-3.760639
-4.133771
-3.692503
-4.050530
-3.626480
-3.974151
-3.552498
-3.907618
-3.486075
-3.843545
-3.434609
-3.787255
-3.381588
-3.772112
-4.438653
-4.029121
-4.330215
-3.989729
-4.256410
-3.922514
-4.183365
-3.863305
-4.088856
-3.804362
-3.999609
-3.735077
-3.915850
-3.675236
-3.832093
-3.630465
-3.756825
-3.595968
-3.700389
-3.575862
-4.243007
-3.886644
-4.203590
-3.805218
-4.141885
-3.737183
-4.051722
-3.665449
-3.966616
-3.579837
-3.884920
-3.504010
-3.803462
-3.439467
-3.735999
-3.383817
-3.685094
-3.340234
-3.643027
-4.319605
-3.941767
-4.228294
-3.886517
-4.122866
-3.823441
-4.026887
-3.743789
-3.930568
-3.673419
-3.831190
-3.611716
-3.746664
-3.559522
-3.675743
-3.527098
-3.614779
-3.516314
-4.147473
-3.803092
-4.065067
-3.723973
-3.982117
-3.630074
-3.890669
-3.545063
-3.792764
-3.465383
-3.711716
-3.394274
-3.645254
-3.344449
-3.591799
-3.311808
-3.556079
-4.187946
-3.857131
-4.083926
-3.773871
-3.975084
-3.697396
-3.860566
-3.621396
-3.762863
-3.551601
-3.677690
-3.505153
-3.606496
-3.476995
-3.555669
-3.464047
-4.014010
-3.701165
-3.919501
-3.610234
-3.813239
-3.517109
-3.719081
-3.428554
-3.634857
-3.364865
-3.567530
-3.319641
-3.525420
-3.291162
-3.497875
-4.048150
-3.745277
-3.923540
-3.657953
-3.811037
-3.572635
-3.707469
-3.510617
-3.621294
-3.465489
-3.563008
-3.440396
-3.520614
-3.438396
-3.862443
-3.592275
-3.757861
-3.490510
-3.656814
-3.409422
-3.570479
-3.344824
-3.515424
-3.304553
-3.479740
-3.291281
-3.461101
-3.890070
-3.625761
-3.769488
-3.545007
-3.662382
-3.479241
-3.588496
-3.438064
-3.534976
-3.426422
-3.502855
-3.428092
-3.712570
-3.480020
-3.606609
-3.394785
-3.530731
-3.332788
-3.476303
-3.305917
-3.450346
-3.297746
-3.450464
-3.735700
-3.525357
-3.638198
-3.458285
-3.563350
-3.429038
-3.519942
-3.419096
-3.505349
-3.428735
-3.578212
-3.385440
-3.499750
-3.334924
-3.451361
-3.306420
-3.439179
-3.307936
-3.444562
-3.618413
-3.454848
-3.547474
-3.420579
-3.518355
-3.419495
-3.507253
-3.442492
-3.478688
-3.333576
-3.443050
-3.310805
-3.427443
-3.322338
-3.442509
-3.544750
-3.418007
-3.511283
-3.426650
-3.511681
-3.449792
-3.433046
-3.320203
-3.423005
-3.325237
-3.443683
-3.505539
-3.425634
-3.516398
-3.456212
-3.427854
-3.321107
-3.441884
-3.519394
-3.464031
-3.396452
-4.603964
-3.906568
-4.460056
-3.935571
-4.387635
-3.896879
-4.338520
-3.843037
-4.271572
-3.792875
-4.205196
-3.727551
-4.141572
-3.665348
-4.069137
-3.607157
-4.004809
-3.542264
-3.954636
-3.479656
-3.900247
-3.455799
-3.886226
-5.197363
-5.172252
-5.050742
-4.977823
-4.902358
-4.841403
-4.771628
-4.729088
-4.675301
-4.628870
-4.584885
-4.539401
-4.486720
-4.437112
-4.385022
-4.316943
-4.260864
-4.194594
-4.121413
-4.044416
-4.002715
-3.868822
-5.034085
-4.623049
-4.785165
-4.424323
-4.565356
-4.251290
-4.402194
-4.104524
-4.270877
-3.996313
-4.165375
-3.906737
-4.087248
-3.823461
-4.010309
-3.747814
-3.926520
-3.651480
-3.852820
-3.539428
-3.756176
-5.152139
-5.096565
-4.963907
-4.925633
-4.830243
-4.783914
-4.719635
-4.680082
-4.621789
-4.584524
-4.534479
-4.482094
-4.434706
-4.375333
-4.317186
-4.245081
-4.196920
-4.095473
-4.052115
-3.954309
-4.920792
-4.550364
-4.689023
-4.338694
-4.494342
-4.180737
-4.336172
-4.052805
-4.221515
-3.948502
-4.129920
-3.867889
-4.047752
-3.785422
-3.975121
-3.691610
-3.886475
-3.599152
-3.785110
-5.078601
-5.008389
-4.903118
-4.856230
-4.766017
-4.733136
-4.666935
-4.627851
-4.576451
-4.533352
-4.478560
-4.426286
-4.375170
-4.300035
-4.249609
-4.166961
-4.104008
-4.010035
-4.811831
-4.466705
-4.587978
-4.271414
-4.417341
-4.117515
-4.281686
-4.004349
-4.174231
-3.912419
-4.092815
-3.827316
-4.012792
-3.747092
-3.922353
-3.649831
-3.826886
-4.996538
-4.927113
-4.836605
-4.783080
-4.715712
-4.676544
-4.616436
-4.580141
-4.526092
-4.476285
-4.423112
-4.364757
-4.300505
-4.232081
-4.166510
-4.081543
-4.700109
-4.378142
-4.501057
-4.203171
-4.343144
-4.067046
-4.224793
-3.960044
-4.131961
-3.877388
-4.049074
-3.796250
-3.968466
-3.704756
-3.866768
-4.918051
-4.844978
-4.769918
-4.722376
-4.663104
-4.622275
-4.570259
-4.528005
-4.469560
-4.421114
-4.357581
-4.296125
-4.223202
-4.159715
-4.592549
-4.300534
-4.416439
-4.139556
-4.279192
-4.017755
-4.172131
-3.925241
-4.089160
-3.845145
-4.008058
-3.765478
-3.913357
-4.837518
-4.768961
-4.713058
-4.664107
-4.614904
-4.574979
-4.519353
-4.475874
-4.409748
-4.362238
-4.282207
-4.228619
-4.498478
-4.224505
-4.340506
-4.084592
-4.216346
-3.977194
-4.124859
-3.895066
-4.047723
-3.817324
-3.965158
-4.765323
-4.705894
-4.656297
-4.616729
-4.566768
-4.525403
-4.464768
-4.418793
-4.343841
-4.297187
-4.406184
-4.160167
-4.270300
-4.030022
-4.164643
-3.939732
-4.083325
-3.869846
-4.005228
-4.705511
-4.646150
-4.614220
-4.570443
-4.514729
-4.478873
-4.398014
-4.364217
-4.331692
-4.099939
-4.200423
-3.993545
-4.112690
-3.915258
-4.048418
-4.645462
-4.611912
-4.566828
-4.525775
-4.465120
-4.418048
-4.260967
-4.032913
-4.155060
-3.947601
-4.082159
-4.618560
-4.574587
-4.521226
-4.489414
-4.178105
-3.981108
-4.097176
-4.608907
-4.567805
-4.081609
-5.832030
-5.676333
-5.816168
-5.662073
-5.813040
-5.658205
-5.831472
-5.660012
-5.836635
-5.675299
-5.848578
-5.670333
-5.859614
-5.652953
-5.840915
-5.604700
-5.789869
-5.503311
-5.692420
-5.349886
-5.546892
-5.151913
-5.406701
-5.732821
-5.756930
-5.740904
-5.739421
-5.750858
-5.739621
-5.750546
-5.769424
-5.765751
-5.790624
-5.795077
-5.818646
-5.807362
-5.838552
-5.804060
-5.823980
-5.763783
-5.770074
-5.670812
-5.668784
-5.544395
-5.514874
-5.757393
-5.616492
-5.771292
-5.601500
-5.762194
-5.621522
-5.770326
-5.628439
-5.802209
-5.646330
-5.823641
-5.665308
-5.843935
-5.657793
-5.842651
-5.619379
-5.796406
-5.526196
-5.700758
-5.366000
-5.544395
-5.742058
-5.661596
-5.697878
-5.684965
-5.687519
-5.691005
-5.716643
-5.719801
-5.742104
-5.767585
-5.780994
-5.805642
-5.815610
-5.835426
-5.821194
-5.832008
-5.789548
-5.775593
-5.700758
-5.668784
-5.688836
-5.579210
-5.677142
-5.556125
-5.703583
-5.563117
-5.720047
-5.597121
-5.757692
-5.624228
-5.801915
-5.652753
-5.829387
-5.659450
-5.834840
-5.621549
-5.789547
-5.526196
-5.670811
-5.647084
-5.601357
-5.648528
-5.604458
-5.642629
-5.644028
-5.673320
-5.683349
-5.726298
-5.742787
-5.775473
-5.799174
-5.820954
-5.832475
-5.834840
-5.832008
-5.796405
-5.770073
-5.635905
-5.495914
-5.614300
-5.510254
-5.634180
-5.523288
-5.681254
-5.566009
-5.727965
-5.613754
-5.783570
-5.646990
-5.820954
-5.659449
-5.821193
-5.619378
-5.763782
-5.583378
-5.551290
-5.579256
-5.552729
-5.609932
-5.598887
-5.650401
-5.665514
-5.718569
-5.732795
-5.783569
-5.799174
-5.829386
-5.835425
-5.842649
-5.823979
-5.560311
-5.441756
-5.572124
-5.461356
-5.593973
-5.504437
-5.654168
-5.553967
-5.718569
-5.613754
-5.775472
-5.652751
-5.815609
-5.657791
-5.804058
-5.542761
-5.496691
-5.540504
-5.530411
-5.588518
-5.581530
-5.654167
-5.665514
-5.727964
-5.742786
-5.801914
-5.805640
-5.843934
-5.838550
-5.515085
-5.418293
-5.541157
-5.441680
-5.588518
-5.504437
-5.650400
-5.566008
-5.726297
-5.624226
-5.780993
-5.665306
-5.807360
-5.513105
-5.473822
-5.541157
-5.530411
-5.593973
-5.598886
-5.681252
-5.683347
-5.757690
-5.767583
-5.823638
-5.818644
-5.513105
-5.418292
-5.540503
-5.461355
-5.609931
-5.523286
-5.673318
-5.597119
-5.742102
-5.646327
-5.795075
-5.515084
-5.496690
-5.572123
-5.552728
-5.634178
-5.644026
-5.720045
-5.719799
-5.802207
-5.790621
-5.542760
-5.441755
-5.579255
-5.510253
-5.642626
-5.563115
-5.716640
-5.628436
-5.765748
-5.560309
-5.551288
-5.614298
-5.604456
-5.703580
-5.691002
-5.770323
-5.769420
-5.583377
-5.495912
-5.648526
-5.556122
-5.687516
-5.621519
-5.750543
-5.635902
-5.601354
-5.677139
-5.684962
-5.762190
-5.739617
-5.647080
-5.579207
-5.697875
-5.601496
-5.750854
-5.688833
-5.661592
-5.771288
-5.739417
-5.742054
-5.616488
-5.740900
-5.757389
-5.756926
-5.732817
-5.758040
-5.678681
-5.671984
-5.575855
-5.640679
-5.516844
-5.554519
-5.469085
-5.497147
-5.414058
-5.472591
-5.391162
-5.472591
-5.414059
-5.497148
-5.469087
-5.554521
-5.516847
-5.640682
-5.575858
-5.671988
-5.678685
-5.758045
-5.832023
-5.676309
-5.816165
-5.662002
-5.813103
-5.658001
-5.831589
-5.659794
-5.836683
-5.675029
-5.848754
-5.669831
-5.859859
-5.652477
-5.841023
-5.604131
-5.790199
-5.502379
-5.692827
-5.349006
-5.547123
-5.150788
-5.407329
-5.732849
-5.756918
-5.740979
-5.739376
-5.750979
-5.739632
-5.750624
-5.769475
-5.765936
-5.790582
-5.795326
-5.818732
-5.807505
-5.838688
-5.804396
-5.823955
-5.764196
-5.770269
-5.671060
-5.669017
-5.544968
-5.514895
-5.757391
-5.616424
-5.771328
-5.601397
-5.762211
-5.621368
-5.770430
-5.628126
-5.802370
-5.646019
-5.823720
-5.664927
-5.844179
-5.657144
-5.842965
-5.618765
-5.796584
-5.525439
-5.701231
-5.364814
-5.544968
-5.742087
-5.661593
-5.697915
-5.684979
-5.687624
-5.690968
-5.716799
-5.719842
-5.742200
-5.767660
-5.781227
-5.805603
-5.815905
-5.835542
-5.821370
-5.832158
-5.789961
-5.775551
-5.701231
-5.669017
-5.688833
-5.579157
-5.677183
-5.555974
-5.703668
-5.562943
-5.720096
-5.596888
-5.757855
-5.623806
-5.802137
-5.652347
-5.829516
-5.658945
-5.835180
-5.620732
-5.789962
-5.525439
-5.671060
-5.647107
-5.601341
-5.648595
-5.604472
-5.642682
-5.644062
-5.673464
-5.683312
-5.726493
-5.742851
-5.775591
-5.799265
-5.821243
-5.832431
-5.835180
-5.832158
-5.796585
-5.770269
-5.635917
-5.495856
-5.614320
-5.510142
-5.634268
-5.523049
-5.681389
-5.565762
-5.728050
-5.613435
-5.783801
-5.646449
-5.821243
-5.658945
-5.821370
-5.618765
-5.764196
-5.583391
-5.551298
-5.579317
-5.552707
-5.610037
-5.598917
-5.650474
-5.665563
-5.718757
-5.732754
-5.783802
-5.799266
-5.829517
-5.835543
-5.842966
-5.823955
-5.560326
-5.441677
-5.572181
-5.461237
-5.594020
-5.504258
-5.654309
-5.553637
-5.718758
-5.613435
-5.775592
-5.652348
-5.815906
-5.657145
-5.804397
-5.542783
-5.496699
-5.540535
-5.530432
-5.588620
-5.581501
-5.654309
-5.665563
-5.728051
-5.742852
-5.802138
-5.805604
-5.844180
-5.838689
-5.515093
-5.418234
-5.541217
-5.441521
-5.588620
-5.504259
-5.650475
-5.565763
-5.726494
-5.623808
-5.781229
-5.664928
-5.807506
-5.513126
-5.473812
-5.541217
-5.530432
-5.594021
-5.598919
-5.681391
-5.683314
-5.757856
-5.767662
-5.823722
-5.818734
-5.513126
-5.418234
-5.540536
-5.461238
-5.610038
-5.523051
-5.673466
-5.596890
-5.742203
-5.646021
-5.795329
-5.515094
-5.496700
-5.572182
-5.552709
-5.634270
-5.644064
-5.720099
-5.719844
-5.802373
-5.790585
-5.542784
-5.441679
-5.579319
-5.510143
-5.642685
-5.562946
-5.716802
-5.628129
-5.765939
-5.560327
-5.551300
-5.614322
-5.604474
-5.703671
-5.690971
-5.770433
-5.769478
-5.583393
-5.495858
-5.648597
-5.555978
-5.687627
-5.621372
-5.750628
-5.635919
-5.601344
-5.677187
-5.684982
-5.762215
-5.739637
-5.647110
-5.579161
-5.697919
-5.601401
-5.750984
-5.688836
-5.661597
-5.771333
-5.739381
-5.742091
-5.616428
-5.740985
-5.757396
-5.756923
-5.732854
-3.454623
-3.432275
-3.474252
-3.467805
-3.565064
-3.543489
-3.633012
-3.626779
-3.698824
-3.679782
-3.746826
-3.696878
-3.746826
-3.679781
-3.698823
-3.626777
-3.633011
-3.543487
-3.565062
-3.467803
-3.474249
-3.432273
-3.454620
-3.536233
-3.385552
-3.528056
-3.362261
-3.536128
-3.362852
-3.531497
-3.350843
-3.515869
-3.332653
-3.501082
-3.305946
-3.491845
-3.287530
-3.492878
-3.281057
-3.518369
-3.292211
-3.565726
-3.321618
-3.637897
-3.347256
-3.752807
-3.476362
-3.466846
-3.511044
-3.478771
-3.503947
-3.480651
-3.490228
-3.477547
-3.472533
-3.463704
-3.455286
-3.456212
-3.439846
-3.459751
-3.443256
-3.481867
-3.467630
-3.535839
-3.517560
-3.615968
-3.607583
-3.717099
-3.555621
-3.422906
-3.573589
-3.424497
-3.574105
-3.418937
-3.559860
-3.392537
-3.538704
-3.358912
-3.507586
-3.322337
-3.486005
-3.289233
-3.478211
-3.276633
-3.493323
-3.282459
-3.541753
-3.303505
-3.607583
-3.579268
-3.511753
-3.574581
-3.534971
-3.560328
-3.529542
-3.543296
-3.512055
-3.510342
-3.489492
-3.480939
-3.465370
-3.458652
-3.460216
-3.452838
-3.476830
-3.481217
-3.522812
-3.541753
-3.615968
-3.602545
-3.503856
-3.618421
-3.497671
-3.622828
-3.474217
-3.595064
-3.437469
-3.558005
-3.383328
-3.516712
-3.334075
-3.479674
-3.293599
-3.467431
-3.271653
-3.481217
-3.282459
-3.517560
-3.631263
-3.584452
-3.646941
-3.590624
-3.624128
-3.580541
-3.589964
-3.543372
-3.546996
-3.506375
-3.500850
-3.474325
-3.473222
-3.457994
-3.467431
-3.476830
-3.493323
-3.535839
-3.679182
-3.569182
-3.681814
-3.568220
-3.665842
-3.524459
-3.627403
-3.467952
-3.568304
-3.401287
-3.515329
-3.336332
-3.473222
-3.293598
-3.452838
-3.276633
-3.467629
-3.701329
-3.662886
-3.705371
-3.647462
-3.680247
-3.615503
-3.623313
-3.565599
-3.567421
-3.510665
-3.515329
-3.474325
-3.479674
-3.460215
-3.478211
-3.481867
-3.739233
-3.633858
-3.741395
-3.614041
-3.696872
-3.558388
-3.638570
-3.477547
-3.567421
-3.401287
-3.500850
-3.334074
-3.458652
-3.289232
-3.443256
-3.769173
-3.713491
-3.748397
-3.687958
-3.706027
-3.626920
-3.638570
-3.565599
-3.568304
-3.506374
-3.516712
-3.465369
-3.486004
-3.459750
-3.781838
-3.680234
-3.765631
-3.628876
-3.706026
-3.558389
-3.623312
-3.467952
-3.546995
-3.383327
-3.480938
-3.322336
-3.439845
-3.798082
-3.729131
-3.765631
-3.687957
-3.696871
-3.615502
-3.627403
-3.543371
-3.558005
-3.489491
-3.507585
-3.456211
-3.798082
-3.680233
-3.748397
-3.614040
-3.680247
-3.524458
-3.589963
-3.437468
-3.510341
-3.358911
-3.455284
-3.781837
-3.713491
-3.741394
-3.647461
-3.665841
-3.580540
-3.595062
-3.512054
-3.538703
-3.463703
-3.769172
-3.633857
-3.705369
-3.568220
-3.624126
-3.474216
-3.543295
-3.392535
-3.472532
-3.739232
-3.662884
-3.681813
-3.590621
-3.622827
-3.529539
-3.559859
-3.477545
-3.701327
-3.569181
-3.646940
-3.497669
-3.560325
-3.418936
-3.490226
-3.679181
-3.584450
-3.618419
-3.534970
-3.574103
-3.480649
-3.631261
-3.503855
-3.574579
-3.424495
-3.503945
-3.602543
-3.511750
-3.573587
-3.478769
-3.579266
-3.422904
-3.511041
-3.555619
-3.466844
-3.476359
-3.536083
-3.385676
-3.527598
-3.362201
-3.536567
-3.361648
-3.531983
-3.350902
-3.514930
-3.332459
-3.502200
-3.303636
-3.492935
-3.287352
-3.491879
-3.280487
-3.519997
-3.289114
-3.567232
-3.320804
-3.637259
-3.345806
-3.754718
-3.476448
-3.466871
-3.511596
-3.478154
-3.504569
-3.481098
-3.489652
-3.477943
-3.473694
-3.462295
-3.456432
-3.456915
-3.438928
-3.460292
-3.444870
-3.480051
-3.469169
-3.536600
-3.516813
-3.616595
-3.609478
-3.715528
-3.555588
-3.422499
-3.573716
-3.424576
-3.573413
-3.418880
-3.560602
-3.390796
-3.539541
-3.358900
-3.506556
-3.322075
-3.487414
-3.286476
-3.479640
-3.276201
-3.492431
-3.281675
-3.543562
-3.299986
-3.609478
-3.579512
-3.511897
-3.574382
-3.535184
-3.561098
-3.528546
-3.544170
-3.512594
-3.509531
-3.489974
-3.482302
-3.463631
-3.460048
-3.460881
-3.451898
-3.477416
-3.482947
-3.520886
-3.543562
-3.616596
-3.602292
-3.503852
-3.618686
-3.496728
-3.623292
-3.474273
-3.594209
-3.437394
-3.559074
-3.381105
-3.517907
-3.333923
-3.478658
-3.293228
-3.469042
-3.268550
-3.482947
-3.281675
-3.516813
-3.631516
-3.584090
-3.647412
-3.590917
-3.623629
-3.580884
-3.590955
-3.541990
-3.548112
-3.506940
-3.499889
-3.474874
-3.474716
-3.456066
-3.469042
-3.477416
-3.492432
-3.536600
-3.679197
-3.569207
-3.681347
-3.568219
-3.666452
-3.522987
-3.628231
-3.467953
-3.567362
-3.401174
-3.516652
-3.333729
-3.474716
-3.293229
-3.451898
-3.276201
-3.469170
-3.701290
-3.663015
-3.705865
-3.646689
-3.680957
-3.615897
-3.622554
-3.566046
-3.568577
-3.508995
-3.516652
-3.474874
-3.478659
-3.460882
-3.479641
-3.480052
-3.739301
-3.633334
-3.741750
-3.614073
-3.696231
-3.558389
-3.639494
-3.475620
-3.568577
-3.401174
-3.499890
-3.333923
-3.460049
-3.286477
-3.444870
-3.769365
-3.713636
-3.748044
-3.688218
-3.706732
-3.625771
-3.639495
-3.566046
-3.567363
-3.506941
-3.517908
-3.463632
-3.487415
-3.460293
-3.781673
-3.680246
-3.766052
-3.627830
-3.706733
-3.558389
-3.622555
-3.467954
-3.548113
-3.381106
-3.482303
-3.322076
-3.438930
-3.798240
-3.728717
-3.766052
-3.688218
-3.696231
-3.615897
-3.628231
-3.541992
-3.559075
-3.489976
-3.506558
-3.456916
-3.798240
-3.680247
-3.748044
-3.614075
-3.680957
-3.522989
-3.590956
-3.437395
-3.509532
-3.358901
-3.456434
-3.781673
-3.713636
-3.741751
-3.646690
-3.666453
-3.580885
-3.594210
-3.512596
-3.539543
-3.462297
-3.769366
-3.633334
-3.705867
-3.568219
-3.623631
-3.474274
-3.544172
-3.390797
-3.473696
-3.739302
-3.663017
-3.681348
-3.590919
-3.623293
-3.528549
-3.560603
-3.477945
-3.701292
-3.569208
-3.647413
-3.496730
-3.561100
-3.418882
-3.489654
-3.679198
-3.584092
-3.618688
-3.535186
-3.573415
-3.481100
-3.631518
-3.503853
-3.574384
-3.424578
-3.504571
-3.602294
-3.511899
-3.573717
-3.478157
-3.579514
-3.422501
-3.511598
-3.555590
-3.466873
-3.476451

