Tension at each vertex
-3.885790
-3.885789
-3.884538
-3.884538
-5.643619
-3.281496
-5.643620
-3.281494
-4.822447
-4.820667
-3.284134
-3.279865
-4.169968
-4.171902
-4.245100
-4.246507
-4.384065
-4.357047
-4.520985
-4.526196
-4.705346
-4.737801
-4.946040
-4.992252
-5.216879
-5.260901
-5.464512
-5.484383
-5.648886
-5.617608
-5.756181
-5.677578
-5.774876
-5.719181
-5.805496
-4.358504
-4.663151
-4.522166
-4.699020
-4.609767
-4.797140
-4.721819
-4.917345
-4.880748
-5.083993
-5.081750
-5.297044
-5.307893
-5.519343
-5.524827
-5.696230
-5.685434
-5.806204
-5.766179
-5.853086
-5.810207
-5.791068
-4.254906
-4.149768
-4.314215
-4.267796
-4.414895
-4.391662
-4.564512
-4.560410
-4.755709
-4.782457
-4.994567
-5.041488
-5.261020
-5.294084
-5.500331
-5.498252
-5.665975
-5.625761
-5.763490
-5.673214
-5.810296
-4.357683
-4.671208
-4.478530
-4.716928
-4.592426
-4.805124
-4.715356
-4.935968
-4.880112
-5.110375
-5.089546
-5.318446
-5.320709
-5.534884
-5.527612
-5.706930
-5.679037
-5.806059
-5.763391
-5.853062
-4.326751
-4.128725
-4.371030
-4.262090
-4.456642
-4.408576
-4.600880
-4.586643
-4.797378
-4.810296
-5.039696
-5.068986
-5.294172
-5.315704
-5.520842
-5.504221
-5.679159
-5.625779
-5.766276
-4.327252
-4.691929
-4.434947
-4.741803
-4.562626
-4.820742
-4.703062
-4.949904
-4.876048
-5.124358
-5.083963
-5.333510
-5.315665
-5.540038
-5.520746
-5.706890
-5.665861
-5.806194
-4.321178
-4.137501
-4.405112
-4.254194
-4.498957
-4.411700
-4.637070
-4.598613
-4.830197
-4.828079
-5.069497
-5.077182
-5.315800
-5.315710
-5.527721
-5.498354
-5.685475
-4.343127
-4.670539
-4.427520
-4.751027
-4.539129
-4.836933
-4.685160
-4.961550
-4.858900
-5.127407
-5.069411
-5.333451
-5.294051
-5.534878
-5.500139
-5.696236
-4.320975
-4.161541
-4.406952
-4.265826
-4.523898
-4.410662
-4.664879
-4.600213
-4.859031
-4.828078
-5.084068
-5.069096
-5.320722
-5.294250
-5.524897
-4.332113
-4.663953
-4.430764
-4.742064
-4.530543
-4.843164
-4.664821
-4.961484
-4.830092
-5.124358
-5.039480
-5.318447
-5.260848
-5.519230
-4.334953
-4.159454
-4.416202
-4.276481
-4.530638
-4.410657
-4.685251
-4.598740
-4.876044
-4.810490
-5.089608
-5.041596
-5.307971
-4.329362
-4.670781
-4.416149
-4.742014
-4.523828
-4.836938
-4.636857
-4.949925
-4.797219
-5.110253
-4.994448
-5.296983
-4.329400
-4.159468
-4.430835
-4.265930
-4.539086
-4.411915
-4.703107
-4.586761
-4.880221
-4.782696
-5.081688
-4.334914
-4.663941
-4.406768
-4.751093
-4.498799
-4.820616
-4.600774
-4.935914
-4.755401
-5.084027
-4.332052
-4.161778
-4.427489
-4.254298
-4.562735
-4.408823
-4.715263
-4.560814
-4.880740
-4.320792
-4.670452
-4.405067
-4.741749
-4.456310
-4.805193
-4.564250
-4.917161
-4.343215
-4.137695
-4.434790
-4.262549
-4.592385
-4.391888
-4.721952
-4.320891
-4.692092
-4.370745
-4.716727
-4.414787
-4.797033
-4.327059
-4.128946
-4.478675
-4.268174
-4.609571
-4.326754
-4.671073
-4.313740
-4.699149
-4.357381
-4.150528
-4.522024
-4.254488
-4.662837
-4.358658
-4.703308
-4.079212
-4.655455
-4.012642
-4.625856
-4.062139
-4.597659
-4.065001
-4.600368
-4.070761
-4.586760
-4.082569
-4.586773
-4.070699
-4.600260
-4.064866
-4.597748
-4.061622
-4.625991
-4.012346
-4.655197
-4.078813
-4.703561
-4.113826
-4.044937
-4.045286
-3.964838
-4.012526
-3.881377
-3.930395
-3.800763
-3.829938
-3.692244
-3.719854
-3.570709
-3.602353
-3.460707
-3.497029
-3.372858
-3.431554
-3.315355
-3.403419
-3.301522
-3.389130
-3.328899
-3.448223
-4.287138
-4.524329
-4.302037
-4.401070
-4.210768
-4.299648
-4.096190
-4.164956
-3.965412
-4.011379
-3.813297
-3.852228
-3.658151
-3.703663
-3.533133
-3.586384
-3.449828
-3.520554
-3.402766
-3.493310
-3.412962
-3.442044
-4.186256
-4.009477
-4.093512
-3.963272
-4.013837
-3.883828
-3.932638
-3.791044
-3.827793
-3.683747
-3.709441
-3.566260
-3.596021
-3.452897
-3.498614
-3.370715
-3.429801
-3.322859
-3.407741
-3.293814
-3.412968
-4.281872
-4.523140
-4.247239
-4.400550
-4.173351
-4.281751
-4.059837
-4.147269
-3.925126
-3.992181
-3.777132
-3.828918
-3.632070
-3.688832
-3.511703
-3.583110
-3.439995
-3.513655
-3.408239
-3.493169
-4.255772
-3.980553
-4.140430
-3.944736
-4.036830
-3.879048
-3.941034
-3.785379
-3.833010
-3.674812
-3.715660
-3.560920
-3.596746
-3.452820
-3.502951
-3.366376
-3.440038
-3.322626
-3.402414
-4.249332
-4.539485
-4.195252
-4.414336
-4.130177
-4.278241
-4.026806
-4.135873
-3.894958
-3.978721
-3.745752
-3.820724
-3.611248
-3.680969
-3.503337
-3.582987
-3.429895
-3.520862
-4.246862
-3.984430
-4.167391
-3.925833
-4.065149
-3.866072
-3.957081
-3.777849
-3.844023
-3.673609
-3.727519
-3.556272
-3.611340
-3.452606
-3.511450
-3.370809
-3.449727
-4.264256
-4.513257
-4.182209
-4.415392
-4.096665
-4.282584
-3.997349
-4.134472
-3.867370
-3.971553
-3.727790
-3.820619
-3.596783
-3.689115
-3.498851
-3.586046
-4.244077
-4.005097
-4.162512
-3.930406
-4.081202
-3.856171
-3.975702
-3.772553
-3.867492
-3.673426
-3.745600
-3.560994
-3.632012
-3.452308
-3.533493
-4.252165
-4.503614
-4.182783
-4.401492
-4.084766
-4.284919
-3.975855
-4.134393
-3.844012
-3.978959
-3.715794
-3.828667
-3.596620
-3.703727
-4.256300
-4.000659
-4.168290
-3.938754
-4.084879
-3.856043
-3.997285
-3.777892
-3.894950
-3.674334
-3.777477
-3.565936
-3.657770
-4.249556
-4.509523
-4.168334
-4.401455
-4.081162
-4.282741
-3.957154
-4.135689
-3.833455
-3.992220
-3.709322
-3.852665
-4.249634
-4.000596
-4.182782
-3.930400
-4.096726
-3.865705
-4.027105
-3.785095
-3.924884
-3.683707
-3.813449
-4.256245
-4.503683
-4.162571
-4.415250
-4.065433
-4.278271
-3.940942
-4.147604
-3.828100
-4.010975
-4.252299
-4.004814
-4.182447
-3.925626
-4.130059
-3.878968
-4.059993
-3.790231
-3.965911
-4.244218
-4.513304
-4.167311
-4.414537
-4.037069
-4.281455
-3.933227
-4.165088
-4.264236
-3.984293
-4.195467
-3.944101
-4.173751
-3.883450
-4.095889
-4.247064
-4.539256
-4.140813
-4.400664
-4.013736
-4.300042
-4.249658
-3.980265
-4.247099
-3.963055
-4.211025
-4.255678
-4.523367
-4.093889
-4.400731
-4.282232
-4.008618
-4.302497
-4.186686
-4.524536
-4.287047
-4.648592
-3.988209
-4.596527
-4.107514
-4.621207
-4.167139
-4.686069
-4.226420
-4.745567
-4.307856
-4.820421
-4.390519
-4.910529
-4.487904
-5.001811
-4.591066
-5.099487
-4.689491
-5.194337
-4.775589
-5.278853
-4.861520
-5.367934
-5.775089
-5.794983
-5.783851
-5.783250
-5.795372
-5.777187
-5.797823
-5.792653
-5.808490
-5.791721
-5.826333
-5.786786
-5.818718
-5.763214
-5.787926
-5.695207
-5.719979
-5.584519
-5.611365
-5.435364
-5.492228
-5.244539
-5.846693
-5.689555
-5.863529
-5.680789
-5.860796
-5.689575
-5.858653
-5.676416
-5.865887
-5.656866
-5.847706
-5.622663
-5.811016
-5.545019
-5.742308
-5.425162
-5.630590
-5.260758
-5.490202
-5.057380
-5.341932
-5.818392
-5.776318
-5.806350
-5.790153
-5.801070
-5.781030
-5.813875
-5.769204
-5.805452
-5.753459
-5.785608
-5.702094
-5.742297
-5.618063
-5.657993
-5.494348
-5.543559
-5.334622
-5.414806
-5.161903
-5.848998
-5.690695
-5.849075
-5.673779
-5.860561
-5.651326
-5.844296
-5.626069
-5.815892
-5.564144
-5.768164
-5.471682
-5.680398
-5.339966
-5.562536
-5.166925
-5.424694
-4.969849
-5.278950
-5.770663
-5.741558
-5.782499
-5.728434
-5.769868
-5.717074
-5.751512
-5.673448
-5.721958
-5.607797
-5.656862
-5.509843
-5.566034
-5.372263
-5.451277
-5.211214
-5.323236
-5.047698
-5.810814
-5.607525
-5.797840
-5.591188
-5.778358
-5.539441
-5.746290
-5.466620
-5.677087
-5.362704
-5.584587
-5.217102
-5.466841
-5.046923
-5.331521
-4.864770
-5.192863
-5.679932
-5.634136
-5.672178
-5.596357
-5.653557
-5.545901
-5.602213
-5.472154
-5.534384
-5.359914
-5.442831
-5.226650
-5.330831
-5.077054
-5.213003
-4.927882
-5.683961
-5.449490
-5.664231
-5.399894
-5.613255
-5.323884
-5.545534
-5.206754
-5.454160
-5.069000
-5.339550
-4.910205
-5.219924
-4.746235
-5.097938
-5.516377
-5.425753
-5.485464
-5.371473
-5.441153
-5.285540
-5.376867
-5.184716
-5.288974
-5.062752
-5.196598
-4.931380
-5.095672
-4.804854
-5.487659
-5.211783
-5.446597
-5.130359
-5.383260
-5.029127
-5.294790
-4.902848
-5.202805
-4.762174
-5.099721
-4.624936
-5.000390
-5.288631
-5.155483
-5.252161
-5.084751
-5.193551
-4.994979
-5.132457
-4.890490
-5.056665
-4.788852
-4.980096
-4.680315
-5.263387
-4.930841
-5.207203
-4.843744
-5.143674
-4.733490
-5.064319
-4.624454
-4.984104
-4.503267
-4.911195
-5.056303
-4.885153
-5.024085
-4.808483
-4.978172
-4.736768
-4.926053
-4.648841
-4.879183
-4.566358
-5.054563
-4.669403
-5.005405
-4.591857
-4.941289
-4.492737
-4.888942
-4.397606
-4.822539
-4.866824
-4.654625
-4.838187
-4.592785
-4.821489
-4.529285
-4.779862
-4.471248
-4.888056
-4.466413
-4.854702
-4.384355
-4.795627
-4.316137
-4.752614
-4.725726
-4.469484
-4.714168
-4.442017
-4.702247
-4.374814
-4.777782
-4.315563
-4.727604
-4.226966
-4.701849
-4.607059
-4.345978
-4.648741
-4.308317
-4.710163
-4.156980
-4.640226
-4.551434
-4.272784
-4.617457
-4.113296
-4.045383
-4.045334
-3.965346
-4.011821
-3.882426
-3.929945
-3.800906
-3.830114
-3.692668
-3.719091
-3.571719
-3.601938
-3.460718
-3.497175
-3.373183
-3.430802
-3.316049
-3.403064
-3.301413
-3.388986
-3.329143
-3.447653
-3.518223
-3.365249
-3.509753
-3.343857
-3.516453
-3.343854
-3.513061
-3.330546
-3.497067
-3.312464
-3.481834
-3.284978
-3.472680
-3.266495
-3.473397
-3.261008
-3.499596
-3.273455
-3.548869
-3.304822
-3.623265
-3.333637
-3.739225
-4.507051
-4.117535
-4.437155
-4.053957
-4.388923
-4.005692
-4.316116
-3.967068
-4.241108
-3.909792
-4.166184
-3.852478
-4.078949
-3.798109
-3.994147
-3.741627
-3.919192
-3.690419
-3.848544
-3.665981
-3.778310
-3.618412
-4.361093
-3.921938
-4.343993
-3.877303
-4.273384
-3.831897
-4.204779
-3.759559
-4.136044
-3.688197
-4.052127
-3.619038
-3.972009
-3.544964
-3.901677
-3.475603
-3.837803
-3.421561
-3.778167
-3.371517
-3.758611
-4.445890
-4.024551
-4.339585
-3.987048
-4.264626
-3.921316
-4.189060
-3.860268
-4.092546
-3.798574
-3.998264
-3.728369
-3.909457
-3.664633
-3.824435
-3.616395
-3.744942
-3.583164
-3.684456
-3.560400
-4.245300
-3.894074
-4.205300
-3.810153
-4.143004
-3.737843
-4.052399
-3.662106
-3.963815
-3.574560
-3.878235
-3.494454
-3.795763
-3.426499
-3.724662
-3.371868
-3.670704
-3.326012
-3.630341
-4.325253
-3.939706
-4.234468
-3.884282
-4.128118
-3.819667
-4.027526
-3.738812
-3.925887
-3.664280
-3.823604
-3.598783
-3.734057
-3.546518
-3.659586
-3.510974
-3.599236
-3.497764
-4.147275
-3.808372
-4.064203
-3.725751
-3.978464
-3.628857
-3.883536
-3.538565
-3.783747
-3.454145
-3.698453
-3.381933
-3.629120
-3.328680
-3.577150
-3.294101
-3.539126
-4.191547
-3.853665
-4.085493
-3.770156
-3.972685
-3.689894
-3.854601
-3.609651
-3.751043
-3.538465
-3.661533
-3.488411
-3.590550
-3.457985
-3.536801
-3.446687
-4.010007
-3.703585
-3.912416
-3.607707
-3.803964
-3.509209
-3.705375
-3.417748
-3.617545
-3.349375
-3.550715
-3.301162
-3.506792
-3.274030
-3.478433
-4.046132
-3.738967
-3.919336
-3.648113
-3.801488
-3.560222
-3.692679
-3.493872
-3.605254
-3.445996
-3.544210
-3.422228
-3.500311
-3.418109
-3.853834
-3.588206
-3.744962
-3.482659
-3.639848
-3.396198
-3.552694
-3.327467
-3.495379
-3.287206
-3.459008
-3.271540
-3.442944
-3.882358
-3.615053
-3.757249
-3.529811
-3.647494
-3.460068
-3.570040
-3.419173
-3.514923
-3.405883
-3.484730
-3.406804
-3.697359
-3.470152
-3.589194
-3.379937
-3.510460
-3.316706
-3.454661
-3.286963
-3.431083
-3.277259
-3.430101
-3.722931
-3.508173
-3.621450
-3.439654
-3.543619
-3.408066
-3.501742
-3.397476
-3.485984
-3.409596
-3.559137
-3.371371
-3.478082
-3.317554
-3.431251
-3.286938
-3.418373
-3.289873
-3.423412
-3.600633
-3.434682
-3.529427
-3.398382
-3.498929
-3.399647
-3.487375
-3.421948
-3.458318
-3.315430
-3.421708
-3.293633
-3.405756
-3.303488
-3.423407
-3.525992
-3.397473
-3.491080
-3.405354
-3.494017
-3.428254
-3.410791
-3.302244
-3.403276
-3.305827
-3.423370
-3.487524
-3.403196
-3.497515
-3.436849
-3.406689
-3.304363
-3.419922
-3.499363
-3.443454
-3.377475
-4.604177
-3.915217
-4.464904
-3.938963
-4.393186
-3.897836
-4.344156
-3.841006
-4.278274
-3.788436
-4.210247
-3.722965
-4.144133
-3.658452
-4.071271
-3.597898
-4.003290
-3.534451
-3.949182
-3.469754
-3.896279
-3.442043
-3.878975
-5.181362
-5.158775
-5.042674
-4.973869
-4.901340
-4.843205
-4.776154
-4.734985
-4.682351
-4.637169
-4.593309
-4.547629
-4.496033
-4.445643
-4.392052
-4.323953
-4.265538
-4.195628
-4.122662
-4.042025
-3.996258
-3.863542
-5.010075
-4.606498
-4.767756
-4.412814
-4.553539
-4.242896
-4.392797
-4.098719
-4.263965
-3.992025
-4.160571
-3.903706
-4.081302
-3.820511
-4.003768
-3.742249
-3.918910
-3.645147
-3.840326
-3.532221
-3.743896
-5.137853
-5.088242
-4.960740
-4.924878
-4.832874
-4.788477
-4.725918
-4.686828
-4.629938
-4.592342
-4.542189
-4.490686
-4.442569
-4.381666
-4.323537
-4.249090
-4.197703
-4.096132
-4.050555
-3.946762
-4.899988
-4.533948
-4.674303
-4.328887
-4.484058
-4.173732
-4.329149
-4.048297
-4.216188
-3.946071
-4.125483
-3.864264
-4.042625
-3.781149
-3.966519
-3.686234
-3.876584
-3.589067
-3.775028
-5.067594
-5.004137
-4.902070
-4.858172
-4.771149
-4.738874
-4.674093
-4.635392
-4.584172
-4.540527
-4.486772
-4.433886
-4.381149
-4.306344
-4.253717
-4.167686
-4.105996
-4.007372
-4.792791
-4.451216
-4.575914
-4.261861
-4.408791
-4.111886
-4.276089
-4.000744
-4.170804
-3.909851
-4.087763
-3.824079
-4.006560
-3.740480
-3.915085
-3.641983
-3.815775
-4.989457
-4.925245
-4.837858
-4.787615
-4.721791
-4.683073
-4.624184
-4.587244
-4.533159
-4.484276
-4.430718
-4.370923
-4.307349
-4.236220
-4.168739
-4.082782
-4.683957
-4.364562
-4.490925
-4.194201
-4.336936
-4.061844
-4.220816
-3.957591
-4.128953
-3.873439
-4.045162
-3.791167
-3.961543
-3.698841
-3.859105
-4.914188
-4.845386
-4.773649
-4.727879
-4.669616
-4.629425
-4.577301
-4.534611
-4.477666
-4.428725
-4.364448
-4.303075
-4.228529
-4.161771
-4.579605
-4.288100
-4.408116
-4.131887
-4.274675
-4.013223
-4.170498
-3.922129
-4.085871
-3.841220
-4.003907
-3.759010
-3.908847
-4.836678
-4.771541
-4.718089
-4.669926
-4.622008
-4.581426
-4.525951
-4.483801
-4.417747
-4.369286
-4.289650
-4.234054
-4.487915
-4.213608
-4.334485
-4.078009
-4.213468
-3.974272
-4.123460
-3.890805
-4.045624
-3.812668
-3.960961
-4.767510
-4.709368
-4.662016
-4.623036
-4.573153
-4.531639
-4.472680
-4.427036
-4.350703
-4.305220
-4.397585
-4.152016
-4.265746
-4.025293
-4.163771
-3.937042
-4.081227
-3.867017
-4.002944
-4.709394
-4.650007
-4.620610
-4.576092
-4.520627
-4.486910
-4.405250
-4.372058
-4.325078
-4.094610
-4.196964
-3.992073
-4.111375
-3.913174
-4.047052
-4.650033
-4.616486
-4.572208
-4.531301
-4.471582
-4.426291
-4.254940
-4.031440
-4.152791
-3.948610
-4.079280
-4.623680
-4.578693
-4.525270
-4.496536
-4.171799
-3.985515
-4.093467
-4.612156
-4.570977
-4.076599
-4.703307
-4.079211
-4.655455
-4.012642
-4.625856
-4.062138
-4.597659
-4.065000
-4.600368
-4.070760
-4.586760
-4.082569
-4.586773
-4.070699
-4.600260
-4.064867
-4.597749
-4.061622
-4.625992
-4.012347
-4.655198
-4.078814
-4.703562
-4.170630
-4.171310
-4.245211
-4.246152
-4.384454
-4.356402
-4.521428
-4.525839
-4.705480
-4.737586
-4.946284
-4.991906
-5.217150
-5.260666
-5.464631
-5.484268
-5.649041
-5.617463
-5.756347
-5.677505
-5.774979
-5.719154
-5.805586
-4.358657
-4.662836
-4.522023
-4.699148
-4.609570
-4.797032
-4.721950
-4.917160
-4.880738
-5.084026
-5.081687
-5.296983
-5.307970
-5.519231
-5.524898
-5.696237
-5.685476
-5.806196
-5.766278
-5.853065
-5.810299
-5.791070
-4.254487
-4.150527
-4.313739
-4.268173
-4.414785
-4.391887
-4.564248
-4.560813
-4.755400
-4.782695
-4.994447
-5.041596
-5.260847
-5.294250
-5.500140
-5.498355
-5.665863
-5.625781
-5.763394
-5.673216
-5.810210
-4.357380
-4.671072
-4.478674
-4.716726
-4.592383
-4.805192
-4.715261
-4.935913
-4.880219
-5.110252
-5.089608
-5.318447
-5.320721
-5.534879
-5.527722
-5.706892
-5.679161
-5.806061
-5.763494
-5.853088
-4.326753
-4.128945
-4.370744
-4.262548
-4.456309
-4.408821
-4.600772
-4.586759
-4.797218
-4.810489
-5.039480
-5.069096
-5.294050
-5.315710
-5.520748
-5.504223
-5.679040
-5.625765
-5.766183
-4.327058
-4.692091
-4.434789
-4.741748
-4.562733
-4.820615
-4.703105
-4.949924
-4.876042
-5.124357
-5.084068
-5.333450
-5.315799
-5.540039
-5.520844
-5.706933
-5.665980
-5.806209
-4.320890
-4.137695
-4.405066
-4.254297
-4.498798
-4.411914
-4.636856
-4.598739
-4.830091
-4.828078
-5.069410
-5.077179
-5.315663
-5.315703
-5.527615
-5.498257
-5.685441
-4.343214
-4.670451
-4.427488
-4.751092
-4.539085
-4.836938
-4.685250
-4.961484
-4.859031
-5.127407
-5.069495
-5.333506
-5.294167
-5.534880
-5.500334
-5.696238
-4.320791
-4.161777
-4.406767
-4.265929
-4.523827
-4.410657
-4.664821
-4.600213
-4.858899
-4.828079
-5.083961
-5.068981
-5.320699
-5.294076
-5.524830
-4.332051
-4.663941
-4.430834
-4.742014
-4.530637
-4.843164
-4.664879
-4.961550
-4.830198
-5.124359
-5.039696
-5.318440
-5.261003
-5.519326
-4.334914
-4.159468
-4.416148
-4.276480
-4.530542
-4.410662
-4.685160
-4.598614
-4.876050
-4.810298
-5.089549
-5.041483
-5.307867
-4.329400
-4.670780
-4.416202
-4.742064
-4.523897
-4.836934
-4.637071
-4.949906
-4.797381
-5.110379
-4.994574
-5.297046
-4.329362
-4.159454
-4.430764
-4.265826
-4.539129
-4.411701
-4.703063
-4.586646
-4.880116
-4.782462
-5.081761
-4.334953
-4.663953
-4.406952
-4.751027
-4.498958
-4.820744
-4.600881
-4.935971
-4.755714
-5.083998
-4.332113
-4.161541
-4.427521
-4.254194
-4.562626
-4.408578
-4.715357
-4.560413
-4.880754
-4.320976
-4.670540
-4.405112
-4.741804
-4.456642
-4.805126
-4.564514
-4.917348
-4.343127
-4.137502
-4.434947
-4.262091
-4.592427
-4.391664
-4.721822
-4.321178
-4.691930
-4.371030
-4.716929
-4.414896
-4.797142
-4.327252
-4.128725
-4.478530
-4.267797
-4.609769
-4.326751
-4.671208
-4.314216
-4.699021
-4.357683
-4.149768
-4.522167
-4.254907
-4.663152
-4.358504
-4.113295
-4.045382
-4.045334
-3.965345
-4.011820
-3.882426
-3.929945
-3.800905
-3.830113
-3.692668
-3.719090
-3.571718
-3.601937
-3.460717
-3.497173
-3.373182
-3.430801
-3.316048
-3.403062
-3.301412
-3.388984
-3.329141
-3.447651
-4.287048
-4.524536
-4.302498
-4.400732
-4.211026
-4.300043
-4.095889
-4.165089
-3.965911
-4.010975
-3.813449
-3.852665
-3.657770
-3.703727
-3.533492
-3.586046
-3.449726
-3.520861
-3.402413
-3.493168
-3.412967
-3.442042
-4.186686
-4.008618
-4.093889
-3.963056
-4.013736
-3.883450
-3.933227
-3.790231
-3.828101
-3.683708
-3.709322
-3.565936
-3.596620
-3.452308
-3.498851
-3.370808
-3.429894
-3.322625
-3.408238
-3.293813
-3.412960
-4.282232
-4.523367
-4.247099
-4.400665
-4.173752
-4.281456
-4.059994
-4.147604
-3.924884
-3.992220
-3.777478
-3.828667
-3.632012
-3.689115
-3.511449
-3.582986
-3.440037
-3.513653
-3.407740
-3.493309
-4.255679
-3.980266
-4.140814
-3.944102
-4.037069
-3.878968
-3.940943
-3.785096
-3.833455
-3.674334
-3.715794
-3.560994
-3.596782
-3.452605
-3.503337
-3.366375
-3.439994
-3.322858
-3.402765
-4.249658
-4.539256
-4.195467
-4.414538
-4.130059
-4.278272
-4.027106
-4.135689
-3.894951
-3.978959
-3.745600
-3.820619
-3.611340
-3.680968
-3.502950
-3.583108
-3.429799
-3.520553
-4.247064
-3.984293
-4.167311
-3.925627
-4.065433
-3.865705
-3.957155
-3.777892
-3.844012
-3.673426
-3.727790
-3.556271
-3.611248
-3.452819
-3.511702
-3.370714
-3.449826
-4.264236
-4.513305
-4.182447
-4.415251
-4.096727
-4.282742
-3.997286
-4.134393
-3.867493
-3.971553
-3.727519
-3.820724
-3.596746
-3.688831
-3.498613
-3.586383
-4.244218
-4.004814
-4.162571
-3.930400
-4.081163
-3.856043
-3.975855
-3.772553
-3.867370
-3.673609
-3.745752
-3.560919
-3.632070
-3.452897
-3.533132
-4.252299
-4.503684
-4.182783
-4.401456
-4.084879
-4.284919
-3.975702
-4.134472
-3.844022
-3.978721
-3.715659
-3.828917
-3.596020
-3.703662
-4.256245
-4.000596
-4.168334
-3.938754
-4.084766
-3.856171
-3.997349
-3.777849
-3.894958
-3.674812
-3.777131
-3.566259
-3.658150
-4.249634
-4.509523
-4.168290
-4.401492
-4.081202
-4.282584
-3.957081
-4.135873
-3.833009
-3.992180
-3.709441
-3.852228
-4.249556
-4.000659
-4.182783
-3.930406
-4.096665
-3.866071
-4.026805
-3.785378
-3.925126
-3.683746
-3.813296
-4.256300
-4.503614
-4.162512
-4.415391
-4.065149
-4.278241
-3.941034
-4.147269
-3.827793
-4.011378
-4.252165
-4.005096
-4.182209
-3.925832
-4.130177
-3.879048
-4.059837
-3.791043
-3.965412
-4.244077
-4.513257
-4.167391
-4.414336
-4.036830
-4.281751
-3.932638
-4.164956
-4.264255
-3.984429
-4.195252
-3.944736
-4.173351
-3.883828
-4.096189
-4.246862
-4.539484
-4.140430
-4.400550
-4.013836
-4.299648
-4.249331
-3.980553
-4.247238
-3.963271
-4.210767
-4.255772
-4.523140
-4.093512
-4.401070
-4.281871
-4.009476
-4.302037
-4.186256
-4.524328
-4.287137
-4.169967
-4.171901
-4.245099
-4.246505
-4.384063
-4.357045
-4.520983
-4.526194
-4.705344
-4.737800
-4.946038
-4.992251
-5.216879
-5.260901
-5.464512
-5.484384
-5.648887
-5.617610
-5.756183
-5.677580
-5.774879
-5.719183
-5.805498
-5.834828
-5.680218
-5.820264
-5.666413
-5.816727
-5.662186
-5.835131
-5.662030
-5.838943
-5.675088
-5.848312
-5.666325
-5.854902
-5.643676
-5.829388
-5.588169
-5.770637
-5.479139
-5.666422
-5.320297
-5.518991
-5.120133
-5.381452
-4.617456
-4.272784
-4.640227
-4.308316
-4.701845
-4.374810
-4.752613
-4.471252
-4.822542
-4.566357
-4.911190
-4.680312
-5.000390
-4.804855
-5.097938
-4.927881
-5.192862
-5.047697
-5.278950
-5.161903
-5.341931
-5.244539
-4.551433
-4.156980
-4.648741
-4.226965
-4.702244
-4.316134
-4.779861
-4.397608
-4.879185
-4.503265
-4.980093
-4.624934
-5.095672
-4.746236
-5.213003
-4.864769
-5.323235
-4.969848
-5.414806
-5.057380
-5.492228
-4.710162
-4.345977
-4.727604
-4.442016
-4.795624
-4.529281
-4.888941
-4.648842
-4.984105
-4.788851
-5.099719
-4.931379
-5.219924
-5.077055
-5.331521
-5.211214
-5.424694
-5.334621
-5.490202
-5.435364
-4.607058
-4.315563
-4.714168
-4.384354
-4.821487
-4.492734
-4.926052
-4.624455
-5.056665
-4.762173
-5.196597
-4.910204
-5.330830
-5.046923
-5.451277
-5.166925
-5.543559
-5.260758
-5.611365
-4.777781
-4.469483
-4.854702
-4.592784
-4.941287
-4.736766
-5.064318
-4.890489
-5.202805
-5.062752
-5.339549
-5.226649
-5.466841
-5.372263
-5.562536
-5.494348
-5.630590
-5.584519
-4.725724
-4.466412
-4.838186
-4.591856
-4.978170
-4.733487
-5.132455
-4.902847
-5.288973
-5.069000
-5.442830
-5.217101
-5.566034
-5.339966
-5.657994
-5.425163
-5.719980
-4.888054
-4.654624
-5.005404
-4.808482
-5.143672
-4.994977
-5.294789
-5.184716
-5.454160
-5.359913
-5.584587
-5.509843
-5.680398
-5.618063
-5.742308
-5.695207
-4.866822
-4.669402
-5.024084
-4.843743
-5.193550
-5.029126
-5.376866
-5.206753
-5.534385
-5.362704
-5.656862
-5.471683
-5.742297
-5.545020
-5.787926
-5.054561
-4.885152
-5.207202
-5.084750
-5.383259
-5.285539
-5.545533
-5.472154
-5.677087
-5.607798
-5.768165
-5.702094
-5.811018
-5.763215
-5.056301
-4.930840
-5.252159
-5.130358
-5.441153
-5.323884
-5.602212
-5.466620
-5.721958
-5.564145
-5.785609
-5.622664
-5.818719
-5.263386
-5.155482
-5.446597
-5.371473
-5.613255
-5.545902
-5.746291
-5.673448
-5.815893
-5.753460
-5.847707
-5.786787
-5.288630
-5.211782
-5.485463
-5.399894
-5.653557
-5.539442
-5.751513
-5.626070
-5.805453
-5.656867
-5.826334
-5.487659
-5.425753
-5.664232
-5.596358
-5.778359
-5.717076
-5.844298
-5.769206
-5.865889
-5.791723
-5.516377
-5.449490
-5.672179
-5.591189
-5.769869
-5.651327
-5.813877
-5.676417
-5.808491
-5.683962
-5.634136
-5.797841
-5.728436
-5.860563
-5.781031
-5.858655
-5.792654
-5.679932
-5.607526
-5.782501
-5.673780
-5.801072
-5.689577
-5.797824
-5.810816
-5.741560
-5.849077
-5.790154
-5.860798
-5.777188
-5.770664
-5.690697
-5.806351
-5.680790
-5.795373
-5.849000
-5.776319
-5.863531
-5.783252
-5.818394
-5.689557
-5.783852
-5.846695
-5.794985
-5.775090
-4.604176
-3.915217
-4.464905
-3.938962
-4.393183
-3.897833
-4.344157
-3.841011
-4.278279
-3.788435
-4.210243
-3.722963
-4.144135
-3.658455
-4.071273
-3.597897
-4.003290
-3.534452
-3.949182
-3.469755
-3.896280
-3.442043
-3.878975
-3.377474
-3.443453
-3.419920
-3.436847
-3.423369
-3.428253
-3.423406
-3.421947
-3.423411
-3.409595
-3.430100
-3.406803
-3.442944
-3.418108
-3.478433
-3.446687
-3.539126
-3.497764
-3.630341
-3.560400
-3.758611
-3.618412
-3.499362
-3.304362
-3.497514
-3.305826
-3.494016
-3.303486
-3.487374
-3.289872
-3.485983
-3.277258
-3.484730
-3.271539
-3.500311
-3.274030
-3.536801
-3.294102
-3.599236
-3.326012
-3.684456
-3.371517
-3.778310
-3.406688
-3.403194
-3.403274
-3.405353
-3.405754
-3.399646
-3.418372
-3.397475
-3.431082
-3.405882
-3.459008
-3.422228
-3.506792
-3.457985
-3.577150
-3.510974
-3.670704
-3.583164
-3.778168
-3.665981
-3.487522
-3.302243
-3.491079
-3.293632
-3.498927
-3.286937
-3.501741
-3.286962
-3.514922
-3.287205
-3.544209
-3.301161
-3.590550
-3.328680
-3.659586
-3.371868
-3.744942
-3.421562
-3.848545
-3.410789
-3.397471
-3.421707
-3.398381
-3.431250
-3.408064
-3.454659
-3.419172
-3.495378
-3.445995
-3.550715
-3.488411
-3.629120
-3.546518
-3.724662
-3.616396
-3.837803
-3.690420
-3.525991
-3.315429
-3.529425
-3.317552
-3.543618
-3.316705
-3.570039
-3.327466
-3.605254
-3.349375
-3.661533
-3.381933
-3.734058
-3.426500
-3.824436
-3.475604
-3.919192
-3.458316
-3.434681
-3.478081
-3.439653
-3.510459
-3.460067
-3.552693
-3.493871
-3.617545
-3.538465
-3.698452
-3.598783
-3.795764
-3.664635
-3.901678
-3.741627
-3.600632
-3.371370
-3.621449
-3.379937
-3.647494
-3.396197
-3.692678
-3.417748
-3.751043
-3.454145
-3.823604
-3.494453
-3.909458
-3.544965
-3.994148
-3.559136
-3.508172
-3.589193
-3.529810
-3.639848
-3.560222
-3.705374
-3.609651
-3.783748
-3.664280
-3.878235
-3.728369
-3.972010
-3.798111
-3.722930
-3.470151
-3.757248
-3.482659
-3.801488
-3.509208
-3.854600
-3.538565
-3.925888
-3.574560
-3.998264
-3.619037
-4.078951
-3.697358
-3.615052
-3.744961
-3.648113
-3.803964
-3.689893
-3.883535
-3.738813
-3.963817
-3.798574
-4.052126
-3.852477
-3.882357
-3.588205
-3.919336
-3.607707
-3.972685
-3.628857
-4.027525
-3.662107
-4.092548
-3.688198
-4.166182
-3.853833
-3.738966
-3.912416
-3.770156
-3.978463
-3.819666
-4.052399
-3.860270
-4.136046
-3.909792
-4.046132
-3.703584
-4.085494
-3.725751
-4.128117
-3.737842
-4.189060
-3.759562
-4.241112
-4.010007
-3.853665
-4.064204
-3.884282
-4.143003
-3.921315
-4.204780
-3.967071
-4.191547
-3.808372
-4.234469
-3.810153
-4.264625
-3.831895
-4.316117
-4.147275
-3.939706
-4.205301
-3.987048
-4.273382
-4.005689
-4.325253
-3.894074
-4.339586
-3.877303
-4.388921
-4.245300
-4.024551
-4.343994
-4.053956
-4.445890
-3.921939
-4.437156
-4.361093
-4.117536
-4.507051
-4.648592
-3.988210
-4.596528
-4.107513
-4.621203
-4.167135
-4.686070
-4.226425
-4.745572
-4.307854
-4.820414
-4.390515
-4.910530
-4.487907
-5.001811
-4.591065
-5.099485
-4.689490
-5.194337
-4.775589
-5.278853
-4.861520
-5.367934
-5.123120
-4.715742
-4.848844
-4.509060
-4.643880
-4.313788
-4.466263
-4.164760
-4.316568
-4.042983
-4.207220
-3.942805
-4.118831
-3.863941
-4.038391
-3.784132
-3.966157
-3.694495
-3.877889
-3.608193
-3.779527
-3.501544
-3.727218
-4.076600
-4.570978
-4.093466
-4.496532
-4.079277
-4.426293
-4.047059
-4.372064
-4.002942
-4.305213
-3.960958
-4.234057
-3.908852
-4.161773
-3.859104
-4.082781
-3.815775
-4.007373
-3.775029
-3.946762
-3.743896
-3.863542
-4.612157
-3.985514
-4.525266
-3.948606
-4.471584
-3.913182
-4.405256
-3.867014
-4.350694
-3.812663
-4.289654
-3.759017
-4.228532
-3.698839
-4.168737
-3.641983
-4.105998
-3.589068
-4.050556
-3.532220
-3.996258
-4.171798
-4.578689
-4.152786
-4.531303
-4.111385
-4.486918
-4.081223
-4.427024
-4.045618
-4.369293
-4.003918
-4.303079
-3.961539
-4.236216
-3.915085
-4.167688
-3.876586
-4.096133
-3.840325
-4.042025
-4.623675
-4.031435
-4.572210
-3.992083
-4.520635
-3.937037
-4.472664
-3.890796
-4.417756
-3.841236
-4.364454
-3.791161
-4.307341
-3.740480
-4.253721
-3.686238
-4.197703
-3.645146
-4.122661
-4.254935
-4.616488
-4.196974
-4.576100
-4.163766
-4.531621
-4.123449
-4.483812
-4.085892
-4.428733
-4.045152
-4.370910
-4.006558
-4.306351
-3.966524
-4.249090
-3.918907
-4.195627
-4.650034
-4.094618
-4.620618
-4.025287
-4.573135
-3.974261
-4.525963
-3.922154
-4.477676
-3.873426
-4.430699
-3.824076
-4.381159
-3.781159
-4.323538
-3.742244
-4.265535
-4.325085
-4.650013
-4.265741
-4.623018
-4.213457
-4.581439
-4.170525
-4.534622
-4.128937
-4.484253
-4.087759
-4.433901
-4.042639
-4.381667
-4.003760
-4.323948
-4.709400
-4.152012
-4.662001
-4.077999
-4.622019
-4.013248
-4.577312
-3.957573
-4.533132
-3.909845
-4.486790
-3.864283
-4.442571
-3.820500
-4.392043
-4.397582
-4.709356
-4.334477
-4.669935
-4.274697
-4.629435
-4.220799
-4.587217
-4.170798
-4.540547
-4.125506
-4.490689
-4.081287
-4.445630
-4.767502
-4.213601
-4.718096
-4.131904
-4.669625
-4.061828
-4.624159
-4.000738
-4.584193
-3.946096
-4.542192
-3.903687
-4.496016
-4.487910
-4.771545
-4.408129
-4.727886
-4.336924
-4.683052
-4.276083
-4.635411
-4.216212
-4.592345
-4.160552
-4.547609
-4.836680
-4.288109
-4.773653
-4.194192
-4.721776
-4.111882
-4.674108
-4.048317
-4.629940
-3.992006
-4.593289
-4.579610
-4.845389
-4.490919
-4.787604
-4.408788
-4.738886
-4.329165
-4.686830
-4.263949
-4.637150
-4.914189
-4.364558
-4.837852
-4.261859
-4.771156
-4.173743
-4.725919
-4.098706
-4.682336
-4.683954
-4.925241
-4.575913
-4.858176
-4.484065
-4.788478
-4.392788
-4.734974
-4.989455
-4.451215
-4.902072
-4.328890
-4.832874
-4.242891
-4.776147
-4.792790
-5.004138
-4.674305
-4.924878
-4.553536
-4.843201
-5.067595
-4.533949
-4.960739
-4.412813
-4.901338
-4.899987
-5.088242
-4.767755
-4.973868
-5.137853
-4.606497
-5.042673
-5.010074
-5.158774
-5.181362
-4.170629
-4.171309
-4.245211
-4.246151
-4.384452
-4.356400
-4.521425
-4.525836
-4.705474
-4.737580
-4.946273
-4.991893
-5.217182
-5.260696
-5.464629
-5.484257
-5.649033
-5.617457
-5.756343
-5.677502
-5.774976
-5.719152
-5.805584
-5.834814
-5.680187
-5.820255
-5.666333
-5.816783
-5.661972
-5.835242
-5.661803
-5.838986
-5.674808
-5.848483
-5.665814
-5.855143
-5.643189
-5.829494
-5.587590
-5.770967
-5.478197
-5.666834
-5.319404
-5.519234
-5.118993
-5.382094
-4.617278
-4.273297
-4.640607
-4.308443
-4.702033
-4.375548
-4.752409
-4.471837
-4.822889
-4.566616
-4.911372
-4.681114
-5.000248
-4.805540
-5.098283
-4.928255
-5.193139
-5.048487
-5.278950
-5.162634
-5.342367
-5.244930
-4.551790
-4.156028
-4.648922
-4.226542
-4.702050
-4.315525
-4.780178
-4.396634
-4.879336
-4.502741
-4.979924
-4.624225
-5.095948
-4.745171
-5.213180
-4.864044
-5.323132
-4.968991
-5.415090
-5.056119
-5.492563
-4.710323
-4.346595
-4.727428
-4.442503
-4.795929
-4.529472
-4.889099
-4.649509
-4.983974
-4.789399
-5.100027
-4.931655
-5.220149
-5.077722
-5.331502
-5.211803
-5.425065
-5.334910
-5.490622
-5.435910
-4.606902
-4.315055
-4.714442
-4.383537
-4.821612
-4.492318
-4.925898
-4.623877
-5.056912
-4.761291
-5.196739
-4.909642
-5.330725
-5.046225
-5.451523
-5.165904
-5.543800
-5.259943
-5.611382
-4.778034
-4.469634
-4.854829
-4.593341
-4.941170
-4.737209
-5.064588
-4.890697
-5.202983
-5.063312
-5.339514
-5.227125
-5.467156
-5.372496
-5.562843
-5.494841
-5.630715
-5.584985
-4.725814
-4.466087
-4.838050
-4.591384
-4.978379
-4.732765
-5.132559
-4.902418
-5.288868
-5.068442
-5.443038
-5.216278
-5.566201
-5.339356
-5.657971
-5.424469
-5.720201
-4.887960
-4.654977
-5.005630
-4.808649
-5.143808
-4.995452
-5.294746
-5.185101
-5.454423
-5.360098
-5.584813
-5.510277
-5.680464
-5.618449
-5.742631
-5.695408
-4.866978
-4.668833
-5.024147
-4.843418
-5.193447
-5.028682
-5.377034
-5.206097
-5.534493
-5.362251
-5.656809
-5.471140
-5.742478
-5.544271
-5.788079
-5.054658
-4.885544
-5.207159
-5.085066
-5.383479
-5.285697
-5.545696
-5.472532
-5.677114
-5.608116
-5.768425
-5.702255
-5.811258
-5.763572
-5.056193
-4.930496
-5.252289
-5.129856
-5.441212
-5.323553
-5.602140
-5.466199
-5.722094
-5.563554
-5.785710
-5.622231
-5.818683
-5.263554
-5.155633
-5.446719
-5.371806
-5.613259
-5.546165
-5.746493
-5.673584
-5.816066
-5.753768
-5.847769
-5.787061
-5.288655
-5.211578
-5.485377
-5.399570
-5.653643
-5.538987
-5.751563
-5.625754
-5.805400
-5.656493
-5.826441
-5.487673
-5.425965
-5.664378
-5.596479
-5.778472
-5.717342
-5.844327
-5.769431
-5.866073
-5.791841
-5.516409
-5.449160
-5.672166
-5.590967
-5.769794
-5.651049
-5.813944
-5.676030
-5.808538
-5.684011
-5.634363
-5.797848
-5.728623
-5.860695
-5.781137
-5.858769
-5.792866
-5.679832
-5.607329
-5.782514
-5.673508
-5.801075
-5.689387
-5.797770
-5.810899
-5.741669
-5.849142
-5.790337
-5.860813
-5.777339
-5.770605
-5.690583
-5.806275
-5.680644
-5.795390
-5.849004
-5.776451
-5.863594
-5.783325
-5.818349
-5.689439
-5.783830
-5.846715
-5.795086
-5.775027
-4.604737
-3.914532
-4.464646
-3.938565
-4.393479
-3.896362
-4.344813
-3.840218
-4.277594
-3.788053
-4.210457
-3.720877
-4.144895
-3.657421
-4.070084
-3.597382
-4.003503
-3.531577
-3.950095
-3.468359
-3.894804
-3.441055
-3.879493
-3.377088
-3.443887
-3.420254
-3.436567
-3.423658
-3.429321
-3.422290
-3.422958
-3.424148
-3.408789
-3.430604
-3.408393
-3.441220
-3.419513
-3.479266
-3.445848
-3.539651
-3.499657
-3.628627
-3.562007
-3.759582
-3.618135
-3.499660
-3.303613
-3.497676
-3.305907
-3.493179
-3.303276
-3.488231
-3.287896
-3.486771
-3.277211
-3.483671
-3.271054
-3.501812
-3.271181
-3.538095
-3.293630
-3.598430
-3.324926
-3.686296
-3.368154
-3.779548
-3.406572
-3.404041
-3.402555
-3.406064
-3.406362
-3.399107
-3.418788
-3.398813
-3.429740
-3.407016
-3.459861
-3.421424
-3.507279
-3.459709
-3.575525
-3.512365
-3.671613
-3.582633
-3.778543
-3.668175
-3.487099
-3.301969
-3.491648
-3.292259
-3.499349
-3.286949
-3.500795
-3.286565
-3.516076
-3.284855
-3.545151
-3.300935
-3.589646
-3.327865
-3.661210
-3.368923
-3.746082
-3.420956
-3.847779
-3.411136
-3.397291
-3.421887
-3.399457
-3.430313
-3.408926
-3.455446
-3.418525
-3.495827
-3.447492
-3.549344
-3.489575
-3.630016
-3.545915
-3.725015
-3.618315
-3.836304
-3.691885
-3.526102
-3.315456
-3.528757
-3.317177
-3.544438
-3.314899
-3.570634
-3.327366
-3.604354
-3.348745
-3.662854
-3.379426
-3.734973
-3.426134
-3.823650
-3.474528
-3.920723
-3.457760
-3.435248
-3.478685
-3.439263
-3.510795
-3.461304
-3.551662
-3.494800
-3.618410
-3.537894
-3.698821
-3.600437
-3.794438
-3.665859
-3.902523
-3.741376
-3.601153
-3.370159
-3.621752
-3.379878
-3.646734
-3.395672
-3.693673
-3.415709
-3.751688
-3.453934
-3.822795
-3.493610
-3.910788
-3.542466
-3.994915
-3.559296
-3.509106
-3.588508
-3.530500
-3.640603
-3.559785
-3.705731
-3.611029
-3.782698
-3.665274
-3.879073
-3.728029
-3.972248
-3.799893
-3.722406
-3.469716
-3.757940
-3.481115
-3.801885
-3.509065
-3.853844
-3.537885
-3.926945
-3.572449
-3.998863
-3.618695
-4.078259
-3.697932
-3.614781
-3.745247
-3.649200
-3.803216
-3.690673
-3.884327
-3.738482
-3.964108
-3.800065
-4.051128
-3.853531
-3.882553
-3.588106
-3.918722
-3.607150
-3.973463
-3.627147
-4.027936
-3.661862
-4.091864
-3.687363
-4.167216
-3.853364
-3.739519
-3.913096
-3.769902
-3.978772
-3.820873
-4.051651
-3.861120
-4.136796
-3.909649
-4.046668
-3.702307
-4.085741
-3.725551
-4.127493
-3.737160
-4.189861
-3.757798
-4.241511
-4.010267
-3.854573
-4.063705
-3.884948
-4.143707
-3.921160
-4.205058
-3.968330
-4.191063
-3.807833
-4.235039
-3.808716
-4.264893
-3.831580
-4.315576
-4.147857
-3.939579
-4.205620
-3.988054
-4.272901
-4.006402
-4.325431
-3.893789
-4.339086
-3.876638
-4.389521
-4.245007
-4.025133
-4.344623
-4.053900
-4.446298
-3.920688
-4.437371
-4.361466
-4.118337
-4.506715
-4.648852
-3.987734
-4.596296
-4.106872
-4.621601
-4.166045
-4.686257
-4.225932
-4.745349
-4.307122
-4.820774
-4.389361
-4.910707
-4.487240
-5.001627
-4.590202
-5.099786
-4.688220
-5.194563
-4.774666
-5.278764
-4.860442
-5.368251
-5.124148
-4.714526
-4.849485
-4.507911
-4.645076
-4.312152
-4.467371
-4.163792
-4.317141
-4.041705
-4.208811
-3.940694
-4.120145
-3.863013
-4.038818
-3.782642
-3.968316
-3.691633
-3.879582
-3.607173
-3.779829
-3.499528
-3.730054
-4.076601
-4.571469
-4.094023
-4.496161
-4.080262
-4.426591
-4.047026
-4.372846
-4.003818
-4.304661
-3.962477
-4.234579
-3.908794
-4.162984
-3.860392
-4.082072
-3.817857
-4.008179
-3.774968
-3.948307
-3.745657
-3.862589
-4.612457
-3.984283
-4.525835
-3.947865
-4.471170
-3.912747
-4.405491
-3.865296
-4.351360
-3.811701
-4.288807
-3.758503
-4.228711
-3.696427
-4.169545
-3.640695
-4.104781
-3.588310
-4.050909
-3.528934
-3.997562
-4.172546
-4.578940
-4.152804
-4.531894
-4.112080
-4.486522
-4.082430
-4.427398
-4.045667
-4.370217
-4.004993
-4.302507
-3.963330
-4.236784
-3.915185
-4.168936
-3.878124
-4.095260
-3.842759
-4.042534
-4.623438
-4.030970
-4.572466
-3.990677
-4.521209
-3.936164
-4.472120
-3.890260
-4.417948
-3.839253
-4.365146
-3.789991
-4.306423
-3.739777
-4.253957
-3.683510
-4.198709
-3.643533
-4.121700
-4.255517
-4.616208
-4.197902
-4.576386
-4.163871
-4.532311
-4.124316
-4.483396
-4.087338
-4.429155
-4.045339
-4.371902
-4.007854
-4.305699
-3.968590
-4.249533
-3.919235
-4.196715
-4.650468
-4.093874
-4.620292
-4.024745
-4.573346
-3.972647
-4.526543
-3.921113
-4.477044
-3.872740
-4.430892
-3.821823
-4.381936
-3.779751
-4.322716
-3.741333
-4.265915
-4.325257
-4.650484
-4.266455
-4.622722
-4.214590
-4.581760
-4.170756
-4.535382
-4.130001
-4.483799
-4.089450
-4.434295
-4.043009
-4.382594
-4.005236
-4.323187
-4.709590
-4.150744
-4.662456
-4.077108
-4.621614
-4.012582
-4.577501
-3.955733
-4.533741
-3.908605
-4.486157
-3.863413
-4.442847
-3.818064
-4.392918
-4.398470
-4.709574
-4.334744
-4.670474
-4.275578
-4.629120
-4.222147
-4.587547
-4.171191
-4.541312
-4.126766
-4.490158
-4.083130
-4.445962
-4.767257
-4.212992
-4.718278
-4.130432
-4.670096
-4.060763
-4.623715
-3.999908
-4.584403
-3.944047
-4.542865
-3.902318
-4.495432
-4.488630
-4.771309
-4.409194
-4.728136
-4.337325
-4.683628
-4.277150
-4.635064
-4.217753
-4.592652
-4.161046
-4.548335
-4.837057
-4.287223
-4.773371
-4.193429
-4.721963
-4.110198
-4.674605
-4.047086
-4.629500
-3.991067
-4.593550
-4.579975
-4.845790
-4.491806
-4.787359
-4.410038
-4.739155
-4.329705
-4.687416
-4.265131
-4.636755
-4.914394
-4.363199
-4.838244
-4.260804
-4.770847
-4.172822
-4.726117
-4.096885
-4.682875
-4.684914
-4.925453
-4.576410
-4.858615
-4.485119
-4.788235
-4.394160
-4.735229
-4.989298
-4.450377
-4.902286
-4.327332
-4.833255
-4.241709
-4.775846
-4.793639
-5.003961
-4.675426
-4.925152
-4.554149
-4.843648
-5.067955
-4.532918
-4.960535
-4.411805
-4.901556
-4.900485
-5.088600
-4.768784
-4.973727
-5.138160
-4.604995
-5.042985
-5.011022
-5.159121
-5.181349
-4.648853
-3.987733
-4.596294
-4.106873
-4.621604
-4.166049
-4.686256
-4.225925
-4.745344
-4.307123
-4.820780
-4.389363
-4.910705
-4.487235
-5.001624
-4.590202
-5.099787
-4.688219
-5.194562
-4.774665
-5.278764
-4.860442
-5.368251
-5.775028
-5.795088
-5.783832
-5.783327
-5.795392
-5.777341
-5.797772
-5.792868
-5.808540
-5.791843
-5.826442
-5.787062
-5.818684
-5.763572
-5.788079
-5.695408
-5.720201
-5.584985
-5.611382
-5.435910
-5.492563
-5.244930
-5.846717
-5.689441
-5.863596
-5.680647
-5.860815
-5.689390
-5.858771
-5.676032
-5.866075
-5.656495
-5.847770
-5.622232
-5.811259
-5.544272
-5.742631
-5.424469
-5.630715
-5.259943
-5.490621
-5.056119
-5.342366
-5.818352
-5.776454
-5.806278
-5.790340
-5.801078
-5.781140
-5.813947
-5.769434
-5.805402
-5.753770
-5.785712
-5.702256
-5.742478
-5.618449
-5.657971
-5.494840
-5.543799
-5.334909
-5.415089
-5.162633
-5.849008
-5.690587
-5.849146
-5.673512
-5.860700
-5.651054
-5.844331
-5.625757
-5.816069
-5.563556
-5.768426
-5.471141
-5.680464
-5.339356
-5.562843
-5.165904
-5.425065
-4.968990
-5.278949
-5.770610
-5.741675
-5.782520
-5.728629
-5.769800
-5.717347
-5.751567
-5.673587
-5.722096
-5.608117
-5.656810
-5.510277
-5.566201
-5.372494
-5.451522
-5.211803
-5.323131
-5.048486
-5.810907
-5.607338
-5.797858
-5.590977
-5.778479
-5.538993
-5.746496
-5.466201
-5.677114
-5.362251
-5.584813
-5.216278
-5.467155
-5.046224
-5.331501
-4.864044
-5.193139
-5.679844
-5.634377
-5.672179
-5.596490
-5.653650
-5.546167
-5.602140
-5.472532
-5.534492
-5.360097
-5.443037
-5.227124
-5.330724
-5.077720
-5.213179
-4.928255
-5.684025
-5.449176
-5.664389
-5.399574
-5.613256
-5.323549
-5.545693
-5.206095
-5.454421
-5.068440
-5.339513
-4.909642
-5.220147
-4.745168
-5.098282
-5.516407
-5.425956
-5.485360
-5.371788
-5.441201
-5.285691
-5.377031
-5.185098
-5.288865
-5.063311
-5.196738
-4.931655
-5.095946
-4.805537
-5.487629
-5.211534
-5.446690
-5.129840
-5.383472
-5.028679
-5.294745
-4.902416
-5.202981
-4.761290
-5.100028
-4.624226
-5.000246
-5.288630
-5.155622
-5.252287
-5.085065
-5.193446
-4.995453
-5.132559
-4.890696
-5.056910
-4.789398
-4.979925
-4.681115
-5.263571
-4.930509
-5.207165
-4.843422
-5.143810
-4.732767
-5.064589
-4.623875
-4.983971
-4.502740
-4.911375
-5.056202
-4.885551
-5.024152
-4.808651
-4.978381
-4.737212
-4.925898
-4.649507
-4.879332
-4.566616
-5.054665
-4.668838
-5.005633
-4.591386
-4.941172
-4.492320
-4.889099
-4.396631
-4.822885
-4.866983
-4.654980
-4.838051
-4.593342
-4.821614
-4.529475
-4.780178
-4.471833
-4.887963
-4.466088
-4.854830
-4.383537
-4.795931
-4.315527
-4.752409
-4.725816
-4.469635
-4.714441
-4.442504
-4.702052
-4.375551
-4.778036
-4.315055
-4.727427
-4.226542
-4.702036
-4.606903
-4.346595
-4.648921
-4.308443
-4.710324
-4.156028
-4.640606
-4.551791
-4.273297
-4.617279
-4.113827
-4.044937
-4.045287
-3.964839
-4.012527
-3.881378
-3.930395
-3.800764
-3.829939
-3.692245
-3.719854
-3.570709
-3.602353
-3.460707
-3.497029
-3.372858
-3.431553
-3.315354
-3.403418
-3.301521
-3.389129
-3.328898
-3.448222
-3.518035
-3.365370
-3.509209
-3.343778
-3.516901
-3.342488
-3.513573
-3.330598
-3.496011
-3.312232
-3.483065
-3.282450
-3.473865
-3.266298
-3.472360
-3.260366
-3.501377
-3.270155
-3.550498
-3.303933
-3.622664
-3.332067
-3.741264
-4.506716
-4.118336
-4.437370
-4.053901
-4.389524
-4.006405
-4.315576
-3.968326
-4.241508
-3.909649
-4.167219
-3.853533
-4.078258
-3.799891
-3.994913
-3.741376
-3.920723
-3.691885
-3.847779
-3.668174
-3.779547
-3.618134
-4.361467
-3.920687
-4.344622
-3.876638
-4.272903
-3.831582
-4.205058
-3.757796
-4.136794
-3.687363
-4.051130
-3.618695
-3.972247
-3.542464
-3.902522
-3.474528
-3.836303
-3.420955
-3.778543
-3.368154
-3.759582
-4.446298
-4.025133
-4.339085
-3.988055
-4.264894
-3.921161
-4.189862
-3.861118
-4.091862
-3.800065
-3.998864
-3.728030
-3.910787
-3.665858
-3.823649
-3.618315
-3.746082
-3.582633
-3.686296
-3.562006
-4.245008
-3.893789
-4.205619
-3.808717
-4.143709
-3.737162
-4.051651
-3.661861
-3.964107
-3.572449
-3.879073
-3.493610
-3.794437
-3.426133
-3.725014
-3.368923
-3.671612
-3.324925
-3.628626
-4.325431
-3.939579
-4.235039
-3.884948
-4.127494
-3.820875
-4.027936
-3.738481
-3.926944
-3.665273
-3.822795
-3.600436
-3.734972
-3.545914
-3.661209
-3.512364
-3.598429
-3.499656
-4.147858
-3.807833
-4.063704
-3.725551
-3.978773
-3.627148
-3.884327
-3.537885
-3.782697
-3.453934
-3.698821
-3.379426
-3.630015
-3.327864
-3.575524
-3.293630
-3.539651
-4.191064
-3.854573
-4.085741
-3.769902
-3.973463
-3.690674
-3.853844
-3.611029
-3.751687
-3.537893
-3.662854
-3.489574
-3.589645
-3.459708
-3.538094
-3.445847
-4.010268
-3.702308
-3.913096
-3.607150
-3.803217
-3.509065
-3.705731
-3.415709
-3.618409
-3.348743
-3.549343
-3.300935
-3.507278
-3.271180
-3.479265
-4.046669
-3.739519
-3.918722
-3.649199
-3.801885
-3.559785
-3.693672
-3.494799
-3.604354
-3.447491
-3.545150
-3.421423
-3.501811
-3.419512
-3.853365
-3.588106
-3.745247
-3.481114
-3.640603
-3.395672
-3.551662
-3.327366
-3.495825
-3.284854
-3.459860
-3.271053
-3.441219
-3.882554
-3.614782
-3.757940
-3.530499
-3.646734
-3.461303
-3.570634
-3.418525
-3.516076
-3.407015
-3.483671
-3.408392
-3.697932
-3.469716
-3.588508
-3.379878
-3.510795
-3.314899
-3.455445
-3.286564
-3.429739
-3.277210
-3.430603
-3.722406
-3.509106
-3.621752
-3.439262
-3.544437
-3.408925
-3.500794
-3.398812
-3.486770
-3.408788
-3.559296
-3.370159
-3.478684
-3.317176
-3.430312
-3.286948
-3.418787
-3.287895
-3.424147
-3.601152
-3.435248
-3.528756
-3.399456
-3.499348
-3.399106
-3.488230
-3.422957
-3.457759
-3.315456
-3.421886
-3.292258
-3.406361
-3.303275
-3.422289
-3.526102
-3.397289
-3.491647
-3.406062
-3.493177
-3.429320
-3.411134
-3.301968
-3.402553
-3.305907
-3.423657
-3.487098
-3.404040
-3.497675
-3.436565
-3.406570
-3.303612
-3.420252
-3.499659
-3.443886
-3.377086
-4.604737
-3.914531
-4.464645
-3.938566
-4.393482
-3.896365
-4.344812
-3.840212
-4.277590
-3.788054
-4.210461
-3.720879
-4.144893
-3.657418
-4.070082
-3.597382
-4.003504
-3.531576
-3.950094
-3.468359
-3.894804
-3.441055
-3.879493
-5.181348
-5.159121
-5.042985
-4.973728
-4.901558
-4.843652
-4.775853
-4.735240
-4.682891
-4.636774
-4.593571
-4.548355
-4.495450
-4.445976
-4.392928
-4.323193
-4.265919
-4.196717
-4.121700
-4.042534
-3.997562
-3.862589
-5.011021
-4.604995
-4.768784
-4.411806
-4.554152
-4.241714
-4.394169
-4.096898
-4.265148
-3.991086
-4.161066
-3.902336
-4.083146
-3.818075
-4.005244
-3.741338
-3.919238
-3.643534
-3.842759
-3.528934
-3.745656
-5.138160
-5.088600
-4.960535
-4.925152
-4.833255
-4.788235
-4.726116
-4.687413
-4.629497
-4.592649
-4.542862
-4.490155
-4.442845
-4.382593
-4.322716
-4.249532
-4.198709
-4.095260
-4.050909
-3.948307
-4.900484
-4.532916
-4.675423
-4.327328
-4.485112
-4.172810
-4.329688
-4.047064
-4.217728
-3.944021
-4.126742
-3.863393
-4.042994
-3.779741
-3.968584
-3.683507
-3.878122
-3.588309
-3.774968
-5.067953
-5.003959
-4.902282
-4.858609
-4.770838
-4.739143
-4.674588
-4.635044
-4.584382
-4.541291
-4.486138
-4.434280
-4.381926
-4.305691
-4.253952
-4.168933
-4.104780
-4.008178
-4.793638
-4.450376
-4.576410
-4.260805
-4.410040
-4.110201
-4.277155
-3.999914
-4.171198
-3.908611
-4.089455
-3.821827
-4.007856
-3.739778
-3.915185
-3.640695
-3.817856
-4.989299
-4.925456
-4.838249
-4.787369
-4.721978
-4.683649
-4.623740
-4.587575
-4.533768
-4.483823
-4.430911
-4.371915
-4.306431
-4.236788
-4.169548
-4.082073
-4.684915
-4.363201
-4.491811
-4.193437
-4.337337
-4.060778
-4.222164
-3.955751
-4.130018
-3.872753
-4.045349
-3.789998
-3.963334
-3.696429
-3.860393
-4.914391
-4.845786
-4.773366
-4.728128
-4.670087
-4.629109
-4.577489
-4.535370
-4.477034
-4.429146
-4.365140
-4.302503
-4.228708
-4.162982
-4.579968
-4.287213
-4.409180
-4.130413
-4.275554
-4.012556
-4.170728
-3.921088
-4.087317
-3.839236
-4.004981
-3.758496
-3.908789
-4.837053
-4.771304
-4.718270
-4.670464
-4.621602
-4.581747
-4.526530
-4.483385
-4.417939
-4.370210
-4.288803
-4.234575
-4.488634
-4.212997
-4.334752
-4.077117
-4.214600
-3.972658
-4.124327
-3.890269
-4.045674
-3.811706
-3.962480
-4.767265
-4.709586
-4.662470
-4.622739
-4.573364
-4.532329
-4.472137
-4.427411
-4.351370
-4.304668
-4.398472
-4.150747
-4.266459
-4.024750
-4.163876
-3.936169
-4.082434
-3.865299
-4.003820
-4.709583
-4.650476
-4.620283
-4.576377
-4.521200
-4.486514
-4.405484
-4.372840
-4.325249
-4.093864
-4.197892
-3.990666
-4.112070
-3.912739
-4.047019
-4.650467
-4.616206
-4.572464
-4.531892
-4.471168
-4.426590
-4.255521
-4.030975
-4.152808
-3.947869
-4.080266
-4.623442
-4.578944
-4.525839
-4.496165
-4.172547
-3.984284
-4.094023
-4.612455
-4.571468
-4.076600
-5.834826
-5.680216
-5.820262
-5.666411
-5.816726
-5.662184
-5.835130
-5.662029
-5.838942
-5.675087
-5.848311
-5.666324
-5.854901
-5.643675
-5.829387
-5.588168
-5.770637
-5.479138
-5.666421
-5.320297
-5.518991
-5.120133
-5.381452
-5.738564
-5.760449
-5.745677
-5.744663
-5.756166
-5.744145
-5.755323
-5.773465
-5.769168
-5.792772
-5.796130
-5.817959
-5.803889
-5.832808
-5.794207
-5.810841
-5.745370
-5.749251
-5.644491
-5.642548
-5.514363
-5.491276
-5.763234
-5.625532
-5.778235
-5.608983
-5.769642
-5.628238
-5.777028
-5.633324
-5.807801
-5.649293
-5.826372
-5.664849
-5.842326
-5.651369
-5.833817
-5.605066
-5.778256
-5.502859
-5.674403
-5.336485
-5.514363
-5.749945
-5.668149
-5.706955
-5.692465
-5.695917
-5.697950
-5.724478
-5.726229
-5.748135
-5.772747
-5.784798
-5.807565
-5.814785
-5.832230
-5.812629
-5.820490
-5.771457
-5.754758
-5.674402
-5.642548
-5.698102
-5.589008
-5.685767
-5.564871
-5.712498
-5.570913
-5.727952
-5.603993
-5.764848
-5.628903
-5.806702
-5.654506
-5.828957
-5.655099
-5.826770
-5.607867
-5.771456
-5.502859
-5.644491
-5.656521
-5.609830
-5.659076
-5.612638
-5.651916
-5.652136
-5.682173
-5.690496
-5.733956
-5.749319
-5.780132
-5.802847
-5.820989
-5.829918
-5.826770
-5.820490
-5.778255
-5.749251
-5.646419
-5.505074
-5.623688
-5.519327
-5.643224
-5.530589
-5.689866
-5.573572
-5.735158
-5.619953
-5.788829
-5.649212
-5.820989
-5.655099
-5.812629
-5.605065
-5.745370
-5.593172
-5.560641
-5.589371
-5.560519
-5.619990
-5.607038
-5.658572
-5.673506
-5.726467
-5.739337
-5.788828
-5.802847
-5.828957
-5.832229
-5.833816
-5.810841
-5.569691
-5.448260
-5.581479
-5.468812
-5.602106
-5.512397
-5.662870
-5.560960
-5.726467
-5.619952
-5.780132
-5.654505
-5.814785
-5.651369
-5.794206
-5.552633
-5.504829
-5.548291
-5.538338
-5.597717
-5.588859
-5.662869
-5.673506
-5.735158
-5.749319
-5.806702
-5.807564
-5.842325
-5.832807
-5.523787
-5.425577
-5.550049
-5.447159
-5.597717
-5.512398
-5.658571
-5.573571
-5.733956
-5.628903
-5.784797
-5.664848
-5.803888
-5.524019
-5.481182
-5.550048
-5.538338
-5.602106
-5.607038
-5.689865
-5.690495
-5.764848
-5.772746
-5.826371
-5.817958
-5.524018
-5.425577
-5.548291
-5.468811
-5.619990
-5.530589
-5.682172
-5.603992
-5.748134
-5.649292
-5.796129
-5.523787
-5.504829
-5.581478
-5.560518
-5.643224
-5.652135
-5.727951
-5.726228
-5.807799
-5.792771
-5.552633
-5.448260
-5.589370
-5.519327
-5.651915
-5.570912
-5.724477
-5.633323
-5.769166
-5.569691
-5.560640
-5.623687
-5.612637
-5.712497
-5.697949
-5.777027
-5.773463
-5.593172
-5.505073
-5.659076
-5.564869
-5.695916
-5.628237
-5.755322
-5.646419
-5.609829
-5.685766
-5.692464
-5.769641
-5.744144
-5.656520
-5.589007
-5.706954
-5.608982
-5.756165
-5.698101
-5.668148
-5.778234
-5.744662
-5.749944
-5.625531
-5.745676
-5.763232
-5.760448
-5.738563
-5.759855
-5.685359
-5.678298
-5.584689
-5.648857
-5.526079
-5.563230
-5.477681
-5.504261
-5.421328
-5.482512
-5.397382
-5.482512
-5.421328
-5.504261
-5.477681
-5.563231
-5.526080
-5.648858
-5.584690
-5.678299
-5.685361
-5.759857
-5.834815
-5.680189
-5.820256
-5.666334
-5.816785
-5.661974
-5.835244
-5.661805
-5.838987
-5.674809
-5.848484
-5.665815
-5.855144
-5.643190
-5.829494
-5.587591
-5.770967
-5.478197
-5.666834
-5.319404
-5.519233
-5.118993
-5.382094
-5.738596
-5.760439
-5.745757
-5.744620
-5.756291
-5.744158
-5.755403
-5.773516
-5.769353
-5.792730
-5.796379
-5.818043
-5.804033
-5.832942
-5.794545
-5.810815
-5.745786
-5.749446
-5.644747
-5.642782
-5.514948
-5.491302
-5.763234
-5.625466
-5.778274
-5.608881
-5.769662
-5.628084
-5.777133
-5.633009
-5.807963
-5.648979
-5.826451
-5.664463
-5.842569
-5.650715
-5.834132
-5.604443
-5.778437
-5.502091
-5.674882
-5.335287
-5.514948
-5.749977
-5.668148
-5.706994
-5.692480
-5.696023
-5.697914
-5.724634
-5.726269
-5.748231
-5.772821
-5.785030
-5.807524
-5.815080
-5.832344
-5.812805
-5.820639
-5.771873
-5.754717
-5.674882
-5.642781
-5.698100
-5.588957
-5.685809
-5.564721
-5.712585
-5.570738
-5.728002
-5.603758
-5.765011
-5.628479
-5.806923
-5.654095
-5.829086
-5.654588
-5.827109
-5.607042
-5.771873
-5.502091
-5.644747
-5.656546
-5.609816
-5.659144
-5.612652
-5.651970
-5.652169
-5.682316
-5.690459
-5.734149
-5.749382
-5.780249
-5.802936
-5.821276
-5.829872
-5.827109
-5.820639
-5.778437
-5.749446
-5.646433
-5.505017
-5.623709
-5.519215
-5.643312
-5.530350
-5.690000
-5.573323
-5.735241
-5.619631
-5.789058
-5.648668
-5.821276
-5.654588
-5.812805
-5.604443
-5.745787
-5.593186
-5.560650
-5.589432
-5.560497
-5.620095
-5.607069
-5.658643
-5.673554
-5.726652
-5.739294
-5.789058
-5.802937
-5.829086
-5.832344
-5.834133
-5.810815
-5.569707
-5.448182
-5.581535
-5.468692
-5.602152
-5.512217
-5.663008
-5.560628
-5.726652
-5.619631
-5.780249
-5.654095
-5.815080
-5.650715
-5.794545
-5.552656
-5.504838
-5.548322
-5.538358
-5.597818
-5.588830
-5.663009
-5.673554
-5.735241
-5.749383
-5.806923
-5.807525
-5.842570
-5.832943
-5.523795
-5.425518
-5.550108
-5.446999
-5.597818
-5.512217
-5.658643
-5.573324
-5.734150
-5.628480
-5.785030
-5.664464
-5.804033
-5.524039
-5.481171
-5.550108
-5.538359
-5.602152
-5.607069
-5.690001
-5.690459
-5.765011
-5.772822
-5.826452
-5.818044
-5.524039
-5.425518
-5.548322
-5.468693
-5.620095
-5.530351
-5.682316
-5.603759
-5.748231
-5.648979
-5.796380
-5.523796
-5.504838
-5.581536
-5.560498
-5.643313
-5.652170
-5.728002
-5.726269
-5.807963
-5.792730
-5.552655
-5.448182
-5.589433
-5.519215
-5.651971
-5.570739
-5.724634
-5.633010
-5.769354
-5.569707
-5.560651
-5.623709
-5.612653
-5.712585
-5.697915
-5.777134
-5.773517
-5.593187
-5.505017
-5.659144
-5.564722
-5.696024
-5.628085
-5.755404
-5.646433
-5.609816
-5.685810
-5.692481
-5.769663
-5.744159
-5.656547
-5.588958
-5.706995
-5.608882
-5.756292
-5.698101
-5.668149
-5.778275
-5.744621
-5.749978
-5.625467
-5.745758
-5.763235
-5.760441
-5.738598
-3.431895
-3.414335
-3.453383
-3.447872
-3.545140
-3.523548
-3.612552
-3.607679
-3.678667
-3.660270
-3.728938
-3.674450
-3.728938
-3.660269
-3.678667
-3.607679
-3.612551
-3.523546
-3.545139
-3.447871
-3.453382
-3.414334
-3.431894
-3.518222
-3.365248
-3.509751
-3.343856
-3.516452
-3.343852
-3.513060
-3.330545
-3.497067
-3.312463
-3.481833
-3.284977
-3.472679
-3.266495
-3.473397
-3.261008
-3.499596
-3.273455
-3.548869
-3.304823
-3.623265
-3.333637
-3.739225
-3.458150
-3.446665
-3.489952
-3.458680
-3.484724
-3.459723
-3.470839
-3.457763
-3.452751
-3.443568
-3.435783
-3.436202
-3.419894
-3.440557
-3.423631
-3.463589
-3.449291
-3.519086
-3.500903
-3.601747
-3.592340
-3.705720
-3.534925
-3.404806
-3.554818
-3.404334
-3.555287
-3.399693
-3.540718
-3.372259
-3.520093
-3.338077
-3.488162
-3.301418
-3.466233
-3.268050
-3.458752
-3.256285
-3.474703
-3.263960
-3.524455
-3.287849
-3.592340
-3.560791
-3.489656
-3.555497
-3.514884
-3.540877
-3.509201
-3.524845
-3.491891
-3.490938
-3.469799
-3.461073
-3.445411
-3.438632
-3.440854
-3.432902
-3.458933
-3.462214
-3.506801
-3.524455
-3.601747
-3.583564
-3.485215
-3.598316
-3.477687
-3.604352
-3.454047
-3.576011
-3.417673
-3.538814
-3.362412
-3.497136
-3.312920
-3.459347
-3.272619
-3.447367
-3.251723
-3.462214
-3.263960
-3.500903
-3.611874
-3.563647
-3.629133
-3.569999
-3.605593
-3.561275
-3.571512
-3.523339
-3.528112
-3.486507
-3.480607
-3.454607
-3.452713
-3.438738
-3.447367
-3.458933
-3.474703
-3.519086
-3.661481
-3.548948
-3.662704
-3.549188
-3.647372
-3.504444
-3.609324
-3.448148
-3.548731
-3.380992
-3.495265
-3.315164
-3.452713
-3.272619
-3.432902
-3.256285
-3.449291
-3.682655
-3.644119
-3.687666
-3.627592
-3.663410
-3.596575
-3.604844
-3.546428
-3.548362
-3.490697
-3.495265
-3.454607
-3.459347
-3.440854
-3.458752
-3.463589
-3.721320
-3.613022
-3.724576
-3.594919
-3.678670
-3.539666
-3.620714
-3.457384
-3.548362
-3.380992
-3.480607
-3.312919
-3.438632
-3.268050
-3.423631
-3.752978
-3.695282
-3.730575
-3.670183
-3.689300
-3.607670
-3.620714
-3.546428
-3.548730
-3.486507
-3.497136
-3.445411
-3.466233
-3.440557
-3.763969
-3.661547
-3.749535
-3.608793
-3.689299
-3.539666
-3.604843
-3.448147
-3.528111
-3.362412
-3.461073
-3.301418
-3.419893
-3.781740
-3.710053
-3.749535
-3.670183
-3.678670
-3.596575
-3.609324
-3.523338
-3.538814
-3.469799
-3.488161
-3.436201
-3.781740
-3.661546
-3.730575
-3.594918
-3.663411
-3.504444
-3.571511
-3.417672
-3.490937
-3.338076
-3.435783
-3.763968
-3.695282
-3.724575
-3.627592
-3.647372
-3.561274
-3.576010
-3.491890
-3.520092
-3.443568
-3.752977
-3.613022
-3.687664
-3.549188
-3.605591
-3.454047
-3.524844
-3.372258
-3.452750
-3.721320
-3.644118
-3.662704
-3.569997
-3.604351
-3.509199
-3.540718
-3.457762
-3.682654
-3.548947
-3.629133
-3.477686
-3.540876
-3.399692
-3.470837
-3.661481
-3.563646
-3.598315
-3.514883
-3.555285
-3.459722
-3.611872
-3.485214
-3.555496
-3.404333
-3.484723
-3.583562
-3.489654
-3.554817
-3.458678
-3.560790
-3.404805
-3.489950
-3.534924
-3.446664
-3.458149
-3.518036
-3.365371
-3.509211
-3.343779
-3.516902
-3.342489
-3.513574
-3.330599
-3.496012
-3.312233
-3.483066
-3.282451
-3.473866
-3.266298
-3.472361
-3.260367
-3.501378
-3.270155
-3.550499
-3.303933
-3.622664
-3.332067
-3.741264
-3.458273
-3.446712
-3.490599
-3.458008
-3.485467
-3.460245
-3.470225
-3.458210
-3.454081
-3.441998
-3.437071
-3.436950
-3.418938
-3.441083
-3.425424
-3.461587
-3.450976
-3.519826
-3.500179
-3.602329
-3.594379
-3.704031
-3.534856
-3.404337
-3.554934
-3.404404
-3.554466
-3.399619
-3.541540
-3.370295
-3.521021
-3.338068
-3.487040
-3.301110
-3.467816
-3.265042
-3.460332
-3.255801
-3.473812
-3.263089
-3.526425
-3.284115
-3.594380
-3.561106
-3.489831
-3.555304
-3.515154
-3.541793
-3.508072
-3.525865
-3.492499
-3.490056
-3.470300
-3.462636
-3.443446
-3.440199
-3.441523
-3.431941
-3.459487
-3.464119
-3.504687
-3.526425
-3.602329
-3.583237
-3.485207
-3.598583
-3.476585
-3.604864
-3.454112
-3.575024
-3.417579
-3.540044
-3.359910
-3.498489
-3.312748
-3.458275
-3.272193
-3.449164
-3.248366
-3.464119
-3.263089
-3.500179
-3.612203
-3.563236
-3.629724
-3.570352
-3.605039
-3.561662
-3.572689
-3.521733
-3.529405
-3.487109
-3.479574
-3.455154
-3.454404
-3.436569
-3.449164
-3.459487
-3.473812
-3.519826
-3.661466
-3.548970
-3.662121
-3.549185
-3.648082
-3.502729
-3.610285
-3.448154
-3.547682
-3.380854
-3.496788
-3.312264
-3.454404
-3.272193
-3.431941
-3.255802
-3.450977
-3.682643
-3.644284
-3.688284
-3.626670
-3.664268
-3.597021
-3.603989
-3.546900
-3.549719
-3.488756
-3.496788
-3.455154
-3.458275
-3.441523
-3.460332
-3.461587
-3.721373
-3.612386
-3.724989
-3.594962
-3.677916
-3.539661
-3.621819
-3.455153
-3.549720
-3.380854
-3.479574
-3.312748
-3.440200
-3.265043
-3.425425
-3.753237
-3.695459
-3.730167
-3.670474
-3.690165
-3.606281
-3.621819
-3.546900
-3.547683
-3.487109
-3.498489
-3.443447
-3.467816
-3.441084
-3.763755
-3.661555
-3.750058
-3.607528
-3.690165
-3.539661
-3.603989
-3.448155
-3.529405
-3.359911
-3.462636
-3.301111
-3.418939
-3.781945
-3.709537
-3.750058
-3.670474
-3.677917
-3.597022
-3.610285
-3.521734
-3.540044
-3.470301
-3.487040
-3.436951
-3.781945
-3.661556
-3.730166
-3.594964
-3.664268
-3.502729
-3.572690
-3.417580
-3.490057
-3.338069
-3.437072
-3.763756
-3.695459
-3.724989
-3.626670
-3.648082
-3.561663
-3.575025
-3.492500
-3.521022
-3.441999
-3.753238
-3.612386
-3.688286
-3.549184
-3.605041
-3.454112
-3.525867
-3.370296
-3.454082
-3.721373
-3.644285
-3.662121
-3.570353
-3.604864
-3.508073
-3.541540
-3.458211
-3.682644
-3.548970
-3.629725
-3.476586
-3.541794
-3.399620
-3.470226
-3.661466
-3.563237
-3.598584
-3.515154
-3.554468
-3.460246
-3.612205
-3.485208
-3.555305
-3.404406
-3.485468
-3.583238
-3.489833
-3.554935
-3.458010
-3.561107
-3.404338
-3.490600
-3.534857
-3.446713
-3.458275

