Tension at each vertex
2.914120
2.914144
2.914116
2.914146
1.020198
4.334083
1.020273
4.334085
2.014526
2.014579
4.329947
4.329949
2.813019
2.730933
2.680831
2.603999
2.569267
2.507520
2.471788
2.418675
2.367783
2.296111
2.212897
2.075785
1.910271
1.678695
1.418178
1.166223
0.997650
0.896114
0.879160
0.897949
0.936758
0.944781
1.003629
2.805388
2.684574
2.653365
2.572362
2.536425
2.480699
2.442598
2.388665
2.344823
2.264675
2.180560
2.047022
1.869095
1.642835
1.390840
1.148667
0.979337
0.906722
0.871554
0.898226
0.918426
1.000141
2.813312
2.714604
2.658269
2.597648
2.548564
2.496571
2.458743
2.399786
2.350717
2.275387
2.177180
2.040881
1.864573
1.625019
1.377623
1.147417
0.978443
0.900422
0.880853
0.891020
0.918409
2.781136
2.692425
2.637098
2.563236
2.531570
2.465741
2.436113
2.378507
2.327363
2.249861
2.159979
2.012466
1.838505
1.610331
1.358068
1.137306
0.980829
0.898216
0.880718
0.898280
2.790055
2.712965
2.653798
2.586286
2.539736
2.491975
2.442671
2.394413
2.338486
2.255760
2.158821
2.019396
1.828594
1.605877
1.361197
1.132880
0.980778
0.900590
0.871593
2.795502
2.676791
2.636414
2.559619
2.522324
2.462168
2.433594
2.366275
2.324607
2.239291
2.142206
2.001622
1.827667
1.591467
1.360925
1.137700
0.978454
0.906549
2.784751
2.720190
2.638137
2.587112
2.533812
2.484030
2.438861
2.390720
2.323111
2.251965
2.146887
2.005147
1.827312
1.606161
1.358139
1.147187
0.979510
2.785224
2.675254
2.639221
2.549198
2.525111
2.458809
2.426934
2.365919
2.322920
2.229972
2.147067
2.001786
1.828364
1.610336
1.377902
1.148742
2.789969
2.712527
2.636575
2.588054
2.523013
2.486795
2.433414
2.383823
2.323185
2.252291
2.142409
2.019529
1.839032
1.624972
1.390662
2.784901
2.678550
2.632368
2.550752
2.525418
2.451692
2.433738
2.366368
2.323521
2.239471
2.158792
2.012313
1.864817
1.642836
2.784107
2.713811
2.636052
2.582301
2.525693
2.487206
2.427390
2.390980
2.324524
2.255586
2.159804
2.040812
1.868581
2.786482
2.674103
2.636207
2.551039
2.523362
2.459073
2.438790
2.366035
2.338164
2.249652
2.177151
2.047271
2.786588
2.713975
2.632606
2.588232
2.525069
2.483786
2.433231
2.394076
2.327278
2.275590
2.180535
2.784221
2.678652
2.636523
2.549035
2.533513
2.461870
2.442530
2.378666
2.350865
2.265085
2.784879
2.712428
2.639049
2.586890
2.522216
2.492043
2.436290
2.400139
2.345006
2.789862
2.675121
2.638060
2.559671
2.539855
2.466028
2.458932
2.388782
2.785197
2.720227
2.636496
2.586456
2.531715
2.496654
2.442603
2.784786
2.676887
2.653878
2.563289
2.548560
2.480632
2.795554
2.712985
2.637088
2.597598
2.536338
2.790037
2.692392
2.658210
2.572333
2.781102
2.714587
2.653347
2.813302
2.684577
2.805398
2.842424
2.852812
2.844937
2.895366
2.841286
2.886222
2.854312
2.886736
2.849814
2.892227
2.852406
2.888733
2.852325
2.892169
2.849872
2.886804
2.854291
2.886165
2.841286
2.895380
2.844950
2.852805
2.842417
2.970779
3.061503
3.193811
3.298533
3.447696
3.566758
3.713293
3.834829
3.963934
4.073411
4.183091
4.259690
4.344155
4.390448
4.432271
4.451459
4.464570
4.451468
4.449857
4.421625
4.408007
4.367027
4.349143
2.978008
3.041389
3.190438
3.295382
3.446113
3.569492
3.715174
3.834574
3.970901
4.067188
4.185026
4.258724
4.338154
4.385269
4.433014
4.440236
4.463475
4.446652
4.446246
4.418057
4.405706
4.387124
3.001140
3.081889
3.218701
3.339661
3.480729
3.608903
3.752308
3.868939
4.000465
4.102345
4.202674
4.282451
4.354891
4.394794
4.439645
4.450451
4.461462
4.452522
4.446826
4.422460
4.405706
2.967633
3.072924
3.205463
3.324647
3.479427
3.597519
3.750287
3.864838
3.995726
4.095354
4.205619
4.270912
4.354739
4.391038
4.435010
4.444574
4.463076
4.444724
4.446825
4.418057
2.984391
3.098049
3.235943
3.356201
3.503632
3.635453
3.771251
3.896297
4.019389
4.116336
4.219232
4.291698
4.357153
4.401984
4.439842
4.448390
4.463075
4.452522
4.446246
2.990009
3.069169
3.224657
3.342297
3.495375
3.619619
3.771857
3.878927
4.017665
4.108830
4.214540
4.282357
4.360409
4.390101
4.439840
4.444574
4.461461
4.446651
2.984033
3.116220
3.234415
3.375672
3.516107
3.647911
3.787249
3.909802
4.024091
4.128559
4.222720
4.291367
4.360408
4.401985
4.435010
4.450450
4.463476
2.985209
3.076391
3.239951
3.345394
3.513468
3.630045
3.780775
3.891453
4.027120
4.109647
4.222716
4.282358
4.357151
4.391036
4.439646
4.440236
2.992893
3.115562
3.242124
3.387214
3.516585
3.661284
3.790381
3.910228
4.027116
4.128559
4.214539
4.291696
4.354742
4.394794
4.433014
2.988850
3.084716
3.240604
3.354089
3.520896
3.628676
3.790371
3.891451
4.024087
4.108827
4.219234
4.270912
4.354889
4.385269
2.989439
3.120756
3.245838
3.385624
3.520882
3.661277
3.780769
3.909797
4.017671
4.116337
4.205619
4.282453
4.338154
2.992212
3.082160
3.245806
3.354073
3.516569
3.630036
3.787253
3.878930
4.019388
4.095357
4.202672
4.258721
2.992164
3.120717
3.240577
3.387197
3.513479
3.647916
3.771862
3.896303
3.995727
4.102341
4.185029
2.989370
3.084687
3.242134
3.345408
3.516113
3.619630
3.771250
3.864833
4.000464
4.067186
2.988876
3.115587
3.239976
3.375689
3.495379
3.635445
3.750289
3.868934
3.970901
2.992936
3.076431
3.234417
3.342288
3.503625
3.597512
3.752300
3.834576
2.985230
3.116200
3.224651
3.356184
3.479422
3.608903
3.715178
2.984007
3.069145
3.235924
3.324650
3.480727
3.569492
2.989989
3.098044
3.205471
3.339658
3.446124
2.984394
3.072933
3.218707
3.295383
2.967660
3.081887
3.190440
3.001136
3.041389
2.978007
2.787544
2.802755
2.707114
2.705231
2.631363
2.619725
2.561807
2.554167
2.498055
2.494272
2.446090
2.436391
2.390096
2.383644
2.329477
2.317584
2.266544
2.242596
2.182844
2.166321
2.097253
2.061678
2.000741
0.993518
1.023906
1.011170
1.025633
1.006497
1.024787
0.992144
0.995045
0.969232
0.956606
0.921710
0.919146
0.875769
0.891245
0.882642
0.944649
1.024269
1.194969
1.347416
1.583848
1.719880
1.936837
0.986154
0.961163
0.979482
0.972781
0.970650
0.955270
0.958319
0.930686
0.921707
0.905167
0.885771
0.880201
0.888072
0.911958
0.989424
1.104692
1.260608
1.455637
1.639244
1.810837
1.962628
0.910460
0.948641
0.916040
0.935820
0.919599
0.920897
0.896178
0.907789
0.872907
0.890191
0.879223
0.917122
0.957903
1.073675
1.182558
1.383013
1.536212
1.735328
1.873202
2.023900
0.901959
0.883706
0.906514
0.880761
0.888406
0.883039
0.876875
0.878122
0.893914
0.912391
0.966822
1.050174
1.162811
1.321118
1.485847
1.654686
1.821743
1.955452
2.063280
0.877017
0.884638
0.866343
0.896805
0.869941
0.902494
0.902668
0.945579
0.978161
1.077258
1.155097
1.316795
1.444305
1.624293
1.761671
1.921255
2.009888
2.144126
0.901985
0.908450
0.913031
0.922480
0.955583
0.978100
1.034893
1.110928
1.198755
1.324758
1.457196
1.600486
1.746800
1.880597
1.990210
2.100949
2.169912
0.990692
1.022257
1.035340
1.083367
1.115192
1.208346
1.263453
1.393778
1.488059
1.631772
1.740645
1.884674
1.964645
2.093207
2.142001
2.237808
1.192144
1.217287
1.261764
1.321848
1.384325
1.474569
1.569376
1.672016
1.779506
1.888940
1.975861
2.076405
2.142185
2.214115
2.264843
1.439707
1.500098
1.528014
1.615443
1.667565
1.766908
1.829880
1.939238
1.991307
2.097772
2.136931
2.222930
2.250144
2.323205
1.699976
1.752503
1.796423
1.855667
1.912629
1.985349
2.037794
2.110587
2.158682
2.218417
2.258906
2.310448
2.333968
1.927023
1.975957
1.999704
2.066530
2.085890
2.159020
2.179326
2.245726
2.261210
2.326745
2.328042
2.394111
2.091131
2.131015
2.147262
2.192825
2.217364
2.258190
2.282199
2.325759
2.340023
2.385636
2.398118
2.210141
2.252709
2.255894
2.299225
2.301217
2.353318
2.346088
2.403495
2.396553
2.449952
2.295083
2.322365
2.327100
2.363098
2.363892
2.403377
2.408534
2.444019
2.454676
2.361797
2.398200
2.384654
2.429168
2.418536
2.463810
2.456337
2.509026
2.403437
2.437596
2.432660
2.465865
2.466905
2.505336
2.507215
2.461744
2.493645
2.482254
2.526399
2.514407
2.569914
2.493342
2.532571
2.524723
2.568215
2.569878
2.555035
2.591076
2.583406
2.637407
2.594419
2.642795
2.636436
2.664152
2.720176
2.719123
2.970781
3.061515
3.193819
3.298539
3.447704
3.566762
3.713291
3.834832
3.963935
4.073409
4.183095
4.259691
4.344155
4.390450
4.432273
4.451458
4.464573
4.451468
4.449857
4.421626
4.408007
4.367027
4.349144
4.320743
4.293302
4.305759
4.310293
4.301345
4.302738
4.316523
4.319735
4.329300
4.349165
4.363534
4.376031
4.403401
4.416145
4.431683
4.449736
4.456033
4.455990
4.456115
4.440783
4.415177
4.399335
4.336657
3.007003
3.123179
3.155542
3.276267
3.324365
3.444922
3.494701
3.614839
3.668661
3.776742
3.825195
3.930936
3.965379
4.054433
4.091850
4.160554
4.179042
4.253778
4.254343
4.300131
4.321823
4.369086
3.132764
3.237442
3.304705
3.409205
3.477396
3.584115
3.654850
3.752274
3.817961
3.913812
3.964582
4.046695
4.096927
4.159304
4.190854
4.257359
4.266826
4.311689
4.333224
4.360236
4.341344
3.246048
3.377819
3.433873
3.561858
3.619473
3.736544
3.792858
3.906195
3.950082
4.049981
4.093395
4.171880
4.200136
4.276932
4.285361
4.340257
4.358521
4.388048
4.387136
4.434549
3.394027
3.504799
3.587136
3.690938
3.768854
3.869375
3.933456
4.024149
4.084610
4.155558
4.200228
4.268228
4.290424
4.338937
4.364160
4.389489
4.395232
4.433818
4.412150
3.514219
3.650362
3.715825
3.839682
3.893905
4.006105
4.057498
4.148346
4.187269
4.271034
4.288753
4.351719
4.371051
4.407067
4.410858
4.452488
4.433072
4.462711
3.667530
3.775683
3.857918
3.957812
4.031374
4.112459
4.172291
4.246300
4.282638
4.337976
4.370284
4.398964
4.413932
4.445351
4.433724
4.457169
4.450855
3.783850
3.915184
3.976393
4.083736
4.134410
4.230233
4.259517
4.334985
4.359326
4.405000
4.413653
4.455367
4.439462
4.469229
4.457480
4.466603
3.926906
4.022802
4.100637
4.185394
4.238206
4.305568
4.348476
4.387015
4.411672
4.443438
4.440407
4.459359
4.455453
4.455216
4.446620
4.032480
4.145890
4.189788
4.283556
4.317103
4.379642
4.395890
4.445893
4.435036
4.467724
4.455309
4.464167
4.446701
4.456041
4.147689
4.231624
4.291571
4.345377
4.385079
4.425360
4.434214
4.456484
4.458177
4.454997
4.447200
4.444416
4.424144
4.234332
4.317221
4.349731
4.414236
4.416859
4.458931
4.452264
4.464005
4.446872
4.454798
4.423350
4.422931
4.321502
4.377145
4.406678
4.439612
4.454304
4.455838
4.455629
4.450404
4.430211
4.415827
4.403245
4.368253
4.427694
4.436008
4.460706
4.451706
4.463890
4.432061
4.431685
4.405937
4.388292
4.426605
4.443549
4.458888
4.459660
4.447804
4.434331
4.422097
4.389133
4.372976
4.440877
4.466529
4.447216
4.453648
4.428933
4.411042
4.381248
4.369378
4.458729
4.454831
4.450567
4.420768
4.407002
4.380111
4.350066
4.450591
4.445495
4.419538
4.408880
4.364310
4.347370
4.446678
4.423796
4.397910
4.367160
4.349149
4.414158
4.402893
4.368584
4.337899
4.406249
4.365952
4.341627
4.363918
4.348905
4.368936
2.887164
3.001441
3.028661
3.136283
3.181998
3.285243
3.348183
3.453363
3.514115
3.618248
3.681817
3.773038
3.828559
3.918912
3.958703
4.032432
4.074742
4.130879
4.149861
4.218522
4.219573
4.248249
4.259965
2.157780
2.234966
2.313064
2.368210
2.415416
2.465331
2.510515
2.566476
2.632650
2.706729
2.805587
2.917069
3.043656
3.188697
3.334500
3.482091
3.633576
3.762383
3.894901
4.011717
4.104540
4.210360
2.215620
2.280982
2.368601
2.405470
2.474620
2.502399
2.579207
2.616151
2.713190
2.780914
2.902770
3.006581
3.160863
3.281223
3.456837
3.575195
3.741901
3.852140
3.993012
4.077971
4.209706
2.220047
2.297968
2.363093
2.409676
2.463283
2.506475
2.565447
2.629446
2.706363
2.803864
2.918760
3.044645
3.193734
3.339329
3.491443
3.641989
3.777057
3.907947
4.031000
4.129951
2.277810
2.338483
2.417666
2.448825
2.518339
2.555505
2.632865
2.690939
2.799367
2.882401
3.028213
3.143751
3.308211
3.443168
3.609084
3.732331
3.892862
3.991033
4.122837
2.291852
2.345284
2.409396
2.453898
2.506295
2.559287
2.629440
2.701747
2.805075
2.917446
3.049246
3.197367
3.349250
3.501707
3.656507
3.796173
3.925468
4.060313
2.340856
2.394069
2.458629
2.497355
2.568887
2.612295
2.706521
2.780267
2.900387
3.011535
3.166049
3.296027
3.470442
3.603433
3.764762
3.894397
4.028346
2.344974
2.395720
2.456643
2.497036
2.561998
2.623068
2.703778
2.801260
2.920774
3.049583
3.203311
3.356220
3.511344
3.670975
3.809560
3.948068
2.400887
2.439788
2.508087
2.551247
2.624886
2.689946
2.795334
2.885298
3.028558
3.154045
3.316114
3.462680
3.627819
3.763006
3.922285
2.399650
2.446233
2.501104
2.554239
2.626426
2.697633
2.803947
2.917972
3.053041
3.204619
3.362059
3.518479
3.679028
3.823159
2.449073
2.492760
2.562264
2.610136
2.702461
2.782017
2.898766
3.016145
3.168983
3.305872
3.479220
3.621451
3.782570
2.451649
2.493586
2.559377
2.620347
2.701110
2.798886
2.921107
3.050068
3.207470
3.362578
3.522370
3.682367
2.503962
2.549603
2.621589
2.690746
2.794423
2.887324
3.027906
3.157920
3.317199
3.468069
3.633488
2.500524
2.554561
2.625706
2.695625
2.802017
2.916417
3.051953
3.202886
3.363850
3.518383
2.561917
2.611521
2.703099
2.785123
2.898306
3.016815
3.166859
3.303729
3.473455
2.561670
2.622156
2.699679
2.796387
2.918795
3.044934
3.201990
3.354808
2.624674
2.695374
2.797674
2.888994
3.025004
3.153633
3.306023
2.628562
2.696056
2.798669
2.912107
3.043608
3.189574
2.708997
2.792157
2.899096
3.013583
3.156049
2.700010
2.793091
2.911077
3.031746
2.806112
2.894923
3.018360
2.787275
2.897501
2.920039
2.842451
2.852836
2.844974
2.895388
2.841296
2.886183
2.854369
2.886811
2.849847
2.892130
2.852407
2.888775
2.852440
2.892157
2.849827
2.886772
2.854396
2.886199
2.841305
2.895385
2.844980
2.852828
2.842473
2.812978
2.730981
2.680780
2.604050
2.569275
2.507582
2.471780
2.418652
2.367688
2.295955
2.212746
2.075812
1.910328
1.678561
1.418138
1.166407
0.997590
0.896102
0.879289
0.898008
0.936809
0.944911
1.003612
2.805375
2.684620
2.653373
2.572405
2.536402
2.480672
2.442514
2.388673
2.344755
2.264914
2.180611
2.047048
1.868989
1.642923
1.390732
1.148575
0.979330
0.906693
0.871635
0.898278
0.918474
1.000214
2.813315
2.714620
2.658238
2.597610
2.548470
2.496510
2.458686
2.399910
2.350849
2.275535
2.177338
2.040981
1.864533
1.625148
1.377747
1.147553
0.978459
0.900547
0.880863
0.891179
0.918390
2.781121
2.692436
2.637046
2.563243
2.531572
2.465920
2.436317
2.378810
2.327577
2.249976
2.159883
2.012417
1.838515
1.610351
1.358113
1.137339
0.980877
0.898314
0.880744
0.898393
2.790007
2.712946
2.653774
2.586350
2.539852
2.492151
2.442825
2.394406
2.338371
2.255595
2.158796
2.019381
1.828703
1.606191
1.361339
1.133056
0.980764
0.900746
0.871622
2.795497
2.676853
2.636508
2.559798
2.522472
2.462233
2.433480
2.366086
2.324371
2.239190
2.142198
2.001840
1.827753
1.591609
1.360982
1.137774
0.978442
0.906591
2.784782
2.720271
2.638190
2.587106
2.533671
2.483767
2.438559
2.390528
2.323169
2.252141
2.147136
2.005228
1.827501
1.606665
1.358160
1.147314
0.979574
2.785263
2.675299
2.639169
2.549073
2.524919
2.458700
2.427005
2.366154
2.323235
2.230193
2.147269
2.001783
1.828683
1.610373
1.378101
1.148627
2.789921
2.712409
2.636415
2.587926
2.523019
2.486975
2.433761
2.384130
2.323383
2.252208
2.142445
2.019352
1.839253
1.625138
1.390632
2.784826
2.678531
2.632394
2.550945
2.525728
2.452023
2.433938
2.366303
2.323390
2.239216
2.158824
2.012402
1.864893
1.642984
2.784087
2.713875
2.636214
2.582474
2.525828
2.487135
2.427191
2.390637
2.324345
2.255524
2.159874
2.040903
1.868726
2.786589
2.674261
2.636313
2.551060
2.523195
2.458810
2.438544
2.365955
2.338276
2.249851
2.177408
2.047278
2.786618
2.713938
2.632467
2.588006
2.524868
2.483658
2.433326
2.394261
2.327532
2.275667
2.180509
2.784153
2.678585
2.636407
2.548999
2.533571
2.462091
2.442768
2.378895
2.350899
2.265114
2.784787
2.712360
2.639073
2.587005
2.522391
2.492208
2.436353
2.400068
2.344838
2.789893
2.675245
2.638161
2.559838
2.539897
2.466036
2.458787
2.388702
2.785219
2.720292
2.636505
2.586421
2.531618
2.496543
2.442476
2.784798
2.676902
2.653818
2.563265
2.548452
2.480670
2.795497
2.712946
2.637004
2.597608
2.536317
2.789995
2.692444
2.658194
2.572398
2.781070
2.714609
2.653344
2.813312
2.684626
2.805349
2.970758
3.061544
3.193793
3.298566
3.447691
3.566778
3.713286
3.834848
3.963924
4.073425
4.183088
4.259699
4.344154
4.390460
4.432268
4.451468
4.464572
4.451473
4.449858
4.421631
4.408005
4.367032
4.349143
2.978001
3.041414
3.190466
3.295403
3.446132
3.569518
3.715182
3.834588
3.970909
4.067196
4.185029
4.258733
4.338152
4.385274
4.433014
4.440238
4.463474
4.446656
4.446243
4.418060
4.405706
4.387125
3.001122
3.081903
3.218668
3.339687
3.480695
3.608920
3.752289
3.868952
4.000451
4.102363
4.202661
4.282466
4.354885
4.394803
4.439640
4.450462
4.461455
4.452530
4.446823
4.422464
4.405704
2.967634
3.072971
3.205460
3.324672
3.479440
3.597535
3.750297
3.864858
3.995729
4.095366
4.205622
4.270917
4.354739
4.391043
4.435006
4.444578
4.463076
4.444726
4.446825
4.418061
2.984337
3.098044
3.235914
3.356204
3.503613
3.635478
3.771235
3.896319
4.019380
4.116348
4.219224
4.291713
4.357143
4.401997
4.439838
4.448397
4.463072
4.452530
4.446241
2.990000
3.069194
3.224666
3.342344
3.495385
3.619651
3.771868
3.878939
4.017667
4.108842
4.214535
4.282365
4.360409
4.390104
4.439840
4.444579
4.461458
4.446656
2.984007
3.116247
3.234401
3.375695
3.516101
3.647920
3.787237
3.909818
4.024077
4.128575
4.222715
4.291379
4.360403
4.401998
4.435003
4.450460
4.463473
2.985235
3.076453
3.239969
3.345416
3.513468
3.630067
3.780768
3.891471
4.027122
4.109655
4.222716
4.282367
4.357147
4.391042
4.439645
4.440238
2.992885
3.115545
3.242093
3.387215
3.516562
3.661300
3.790380
3.910244
4.027114
4.128577
4.214531
4.291711
4.354738
4.394802
4.433011
2.988821
3.084726
3.240584
3.354121
3.520908
3.628703
3.790379
3.891472
4.024080
4.108838
4.219231
4.270916
4.354888
4.385276
2.989375
3.120754
3.245842
3.385645
3.520892
3.661301
3.780761
3.909813
4.017667
4.116347
4.205617
4.282467
4.338148
2.992241
3.082218
3.245835
3.354115
3.516564
3.630058
3.787248
3.878938
4.019384
4.095369
4.202666
4.258731
2.992202
3.120743
3.240564
3.387205
3.513469
3.647923
3.771862
3.896323
3.995724
4.102359
4.185027
2.989364
3.084705
3.242115
3.345418
3.516111
3.619654
3.771244
3.864852
4.000460
4.067193
2.988825
3.115561
3.239968
3.375709
3.495381
3.635472
3.750294
3.868949
3.970901
2.992919
3.076465
3.234420
3.342328
3.503627
3.597527
3.752295
3.834589
2.985239
3.116238
3.224662
3.356201
3.479427
3.608924
3.715175
2.984025
3.069173
3.235920
3.324668
3.480711
3.569509
2.989981
3.098053
3.205459
3.339684
3.446130
2.984366
3.072956
3.218698
3.295397
2.967650
3.081909
3.190453
3.001139
3.041411
2.978002
2.813000
2.730964
2.680799
2.604049
2.569299
2.507592
2.471872
2.418665
2.367678
2.296015
2.212599
2.075703
1.910346
1.678777
1.418055
1.166452
0.997476
0.896155
0.879090
0.898093
0.936789
0.944857
1.003631
1.052167
1.042518
1.061928
1.054916
1.071717
1.051693
1.051853
1.040887
1.024286
1.001275
0.988524
0.950559
0.930904
0.903300
0.881483
0.882812
0.912943
0.983419
1.128404
1.302854
1.507787
1.702243
1.854700
2.719141
2.720168
2.636473
2.637361
2.569927
2.569940
2.507303
2.509091
2.454645
2.449773
2.398087
2.394236
2.334101
2.323365
2.264751
2.237788
2.169850
2.144328
2.063203
2.024013
1.962803
1.936951
2.664133
2.642803
2.583381
2.568220
2.514342
2.505396
2.456441
2.444074
2.396518
2.385522
2.327945
2.310607
2.250297
2.214095
2.141907
2.100980
2.009718
1.955564
1.873100
1.810522
1.719949
2.594466
2.591047
2.524731
2.526330
2.466962
2.463822
2.408720
2.403615
2.339947
2.326582
2.258873
2.222967
2.142282
2.093420
1.989859
1.921523
1.821511
1.735333
1.639058
1.583854
2.555011
2.532594
2.482201
2.465784
2.418424
2.403469
2.346200
2.325877
2.261272
2.218310
2.136830
2.076622
1.964335
1.880781
1.761407
1.654547
1.536303
1.455566
1.347620
2.493459
2.493596
2.432678
2.429057
2.363886
2.353282
2.282460
2.245805
2.158584
2.097786
1.975648
1.884787
1.746547
1.624228
1.485939
1.383076
1.260522
1.195100
2.461819
2.437716
2.384562
2.362960
2.301083
2.258210
2.179363
2.110821
1.991454
1.888756
1.740512
1.600481
1.444399
1.321041
1.182466
1.104610
1.024332
2.403607
2.398222
2.327286
2.299067
2.217344
2.158996
2.038024
1.938958
1.779733
1.631805
1.457357
1.316799
1.162880
1.073692
0.989364
0.944608
2.361990
2.322513
2.255797
2.192880
2.085697
1.985242
1.830375
1.672117
1.488165
1.324622
1.155316
1.050211
0.958063
0.911825
0.882747
2.295119
2.252884
2.147523
2.066300
1.912995
1.766664
1.569441
1.393701
1.198876
1.077239
0.966999
0.917218
0.888025
0.891316
2.210191
2.130922
1.999746
1.855674
1.667613
1.474711
1.263466
1.111006
0.978151
0.912327
0.879209
0.880193
0.875809
2.091168
1.976192
1.796121
1.615666
1.384202
1.208193
1.034858
0.945753
0.893904
0.890313
0.885770
0.919159
1.926883
1.752544
1.528138
1.321810
1.115398
0.978019
0.902667
0.878056
0.872922
0.905083
0.921761
1.699823
1.500036
1.261726
1.083431
0.955362
0.902654
0.876823
0.907872
0.921718
0.956668
1.439682
1.217380
1.035286
0.922561
0.869994
0.882921
0.896264
0.930614
0.969239
1.191945
1.022115
0.913003
0.896718
0.888448
0.920970
0.958269
0.995147
0.990894
0.908344
0.866476
0.880775
0.919588
0.955271
0.992182
0.901936
0.884650
0.906462
0.935873
0.970684
1.024792
0.877112
0.883737
0.916131
0.972746
1.006537
0.902015
0.948641
0.979504
1.025696
0.910474
0.961249
1.011157
0.986194
1.023922
0.993547
2.887188
3.001472
3.028679
3.136296
3.182014
3.285249
3.348185
3.453367
3.514113
3.618240
3.681811
3.773034
3.828549
3.918908
3.958695
4.032429
4.074736
4.130878
4.149856
4.218521
4.219568
4.248250
4.259960
4.368933
4.348905
4.341624
4.337898
4.349147
4.347371
4.350061
4.369380
4.372973
4.388292
4.403242
4.422933
4.424139
4.456042
4.446617
4.466603
4.450851
4.462712
4.412147
4.434547
4.341343
4.369085
4.363920
4.365954
4.368588
4.367163
4.364313
4.380114
4.381252
4.389133
4.405943
4.415828
4.423354
4.444416
4.446707
4.455215
4.457486
4.457168
4.433078
4.433816
4.387144
4.360236
4.321828
4.406247
4.402893
4.397905
4.408881
4.406998
4.411042
4.422094
4.431687
4.430206
4.454800
4.447196
4.464168
4.455449
4.469231
4.433719
4.452490
4.395229
4.388050
4.333219
4.300133
4.414160
4.423801
4.419543
4.420770
4.428939
4.434334
4.432065
4.450406
4.446878
4.454996
4.455316
4.459359
4.439468
4.445350
4.410866
4.389487
4.358528
4.311689
4.254349
4.446675
4.445492
4.450564
4.453649
4.447798
4.463892
4.455625
4.464005
4.458173
4.467727
4.440400
4.455371
4.413927
4.407070
4.364154
4.340261
4.266820
4.253781
4.450597
4.454837
4.447219
4.459665
4.451712
4.455840
4.452272
4.456486
4.435042
4.443439
4.413661
4.398963
4.371060
4.338936
4.285369
4.257357
4.179051
4.458723
4.466530
4.458884
4.460705
4.454301
4.458932
4.434208
4.445896
4.411667
4.405002
4.370278
4.351724
4.290417
4.276938
4.190847
4.160559
4.440883
4.443554
4.436015
4.439618
4.416864
4.425365
4.395898
4.387015
4.359335
4.337977
4.288761
4.268227
4.200147
4.159302
4.091861
4.426603
4.427692
4.406672
4.414237
4.385075
4.379641
4.348472
4.334989
4.282632
4.271039
4.200222
4.171886
4.096920
4.054440
4.368256
4.377155
4.349738
4.345382
4.317112
4.305573
4.259524
4.246303
4.187279
4.155556
4.093406
4.046691
3.965391
4.321499
4.317215
4.291570
4.283555
4.238200
4.230235
4.172287
4.148348
4.084605
4.049986
3.964575
3.930945
4.234342
4.231634
4.189794
4.185404
4.134418
4.112463
4.057509
4.024149
3.950093
3.913810
3.825205
4.147686
4.145888
4.100636
4.083731
4.031374
4.006105
3.933452
3.906200
3.817954
3.776749
4.032490
4.022811
3.976404
3.957820
3.893913
3.869381
3.792866
3.752274
3.668674
3.926912
3.915177
3.857917
3.839679
3.768855
3.736543
3.654852
3.614841
3.783859
3.775700
3.715834
3.690947
3.619484
3.584118
3.494710
3.667536
3.650348
3.587144
3.561850
3.477402
3.444925
3.514235
3.504815
3.433880
3.409221
3.324368
3.394031
3.377808
3.304716
3.276258
3.246059
3.237460
3.155551
3.132779
3.123166
3.007004
2.787541
2.802787
2.707087
2.705258
2.631338
2.619733
2.561861
2.554203
2.497993
2.494191
2.446053
2.436465
2.390322
2.383678
2.329366
2.317500
2.266567
2.242617
2.182833
2.166326
2.097051
2.061660
2.000602
2.133184
2.197891
2.318608
2.347082
2.432877
2.454133
2.526110
2.559379
2.638516
2.693311
2.802376
2.881864
3.027274
3.137648
3.301248
3.430067
3.595167
3.709723
3.873720
3.951065
4.102747
4.148368
4.269716
2.920020
2.897497
3.018358
3.031743
3.156045
3.189589
3.306031
3.354814
3.473465
3.518397
3.633494
3.682382
3.782580
3.823168
3.922291
3.948079
4.028350
4.060321
4.122839
4.129957
4.209706
4.210365
2.787311
2.894932
2.911089
3.013600
3.043621
3.153631
3.201995
3.303722
3.363837
3.468065
3.522364
3.621441
3.679020
3.763002
3.809551
3.894395
3.925463
3.991031
4.030995
4.077972
4.104536
2.806096
2.793089
2.899092
2.912110
3.025024
3.044942
3.166858
3.202904
3.317215
3.362590
3.479234
3.518492
3.627823
3.670985
3.764769
3.796179
3.892865
3.907953
3.993013
4.011721
2.700020
2.792166
2.798708
2.888999
2.918787
3.016810
3.051944
3.157906
3.207470
3.305864
3.362043
3.462673
3.511338
3.603426
3.656502
3.732330
3.777052
3.852139
3.894897
2.709019
2.696058
2.797683
2.796399
2.898301
2.916418
3.027935
3.050094
3.168993
3.204635
3.316125
3.356225
3.470452
3.501715
3.609085
3.641994
3.741903
3.762387
2.628611
2.695409
2.699666
2.785085
2.802015
2.887320
2.921099
3.016143
3.053027
3.154022
3.203308
3.296023
3.349243
3.443165
3.491441
3.575193
3.633573
2.624684
2.622131
2.703090
2.695618
2.794444
2.798938
2.898789
2.917970
3.028573
3.049593
3.166057
3.197377
3.308217
3.339328
3.456840
3.482093
2.561674
2.611449
2.625671
2.690777
2.701125
2.781995
2.803936
2.885269
2.920758
3.011536
3.049249
3.143741
3.193735
3.281221
3.334499
2.561830
2.554572
2.621634
2.620408
2.702518
2.697625
2.795323
2.801277
2.900410
2.917447
3.028226
3.044641
3.160862
3.188695
2.500467
2.549641
2.559471
2.610123
2.626371
2.689909
2.703767
2.780254
2.805097
2.882393
2.918758
3.006579
3.043661
2.504086
2.493705
2.562314
2.554242
2.624861
2.623058
2.706578
2.701757
2.799370
2.803857
2.902770
2.917058
2.451782
2.492808
2.501021
2.551140
2.562014
2.612294
2.629462
2.690942
2.706366
2.780900
2.805600
2.449143
2.446176
2.508082
2.497021
2.568947
2.559335
2.632876
2.629413
2.713194
2.706709
2.399599
2.439628
2.456631
2.497412
2.506342
2.555490
2.565469
2.616132
2.632669
2.400855
2.395762
2.458711
2.453940
2.518387
2.506423
2.579197
2.566446
2.344926
2.394125
2.409507
2.448801
2.463299
2.502388
2.510550
2.341025
2.345294
2.417710
2.409630
2.474609
2.465276
2.291928
2.338500
2.363108
2.405448
2.415485
2.277850
2.297874
2.368636
2.368124
2.220124
2.280944
2.313161
2.215696
2.234855
2.157902
2.813020
2.730923
2.680821
2.603995
2.569307
2.507575
2.471924
2.418807
2.367796
2.296112
2.212824
2.075557
1.910472
1.678747
1.418226
1.166236
0.997604
0.896047
0.879086
0.897968
0.936761
0.944774
1.003599
1.052106
1.042491
1.061903
1.054895
1.071740
1.051741
1.051874
1.040943
1.024345
1.001290
0.988565
0.950589
0.930894
0.903357
0.881490
0.882839
0.912885
0.983181
1.128667
1.302765
1.507736
1.702382
1.854274
2.719126
2.720182
2.636430
2.637401
2.569902
2.569955
2.507268
2.509010
2.454539
2.449834
2.398172
2.394280
2.334079
2.323152
2.264711
2.237842
2.169927
2.144364
2.063249
2.023798
1.962716
1.936780
2.664144
2.642784
2.583394
2.568188
2.514409
2.505415
2.456388
2.443970
2.396385
2.385476
2.328061
2.310615
2.250210
2.214091
2.141903
2.100946
2.009923
1.955277
1.873437
1.810734
1.719891
2.594408
2.591051
2.524679
2.526379
2.466914
2.463890
2.408650
2.403464
2.339844
2.326612
2.258911
2.223083
2.142256
2.093186
1.990169
1.921355
1.821772
1.735271
1.639137
1.583889
2.555011
2.532539
2.482175
2.465773
2.418545
2.403477
2.346170
2.325754
2.261023
2.218281
2.136909
2.076497
1.964672
1.880693
1.761533
1.654938
1.536307
1.455702
1.347471
2.493330
2.493577
2.432562
2.429052
2.363821
2.353429
2.282311
2.245721
2.158551
2.097674
1.975827
1.884780
1.746728
1.624402
1.485818
1.382900
1.260559
1.194824
2.461805
2.437563
2.384483
2.362960
2.301139
2.258223
2.179390
2.110605
1.991161
1.888866
1.740484
1.600623
1.444257
1.321124
1.182596
1.104778
1.024207
2.403482
2.398239
2.326982
2.299012
2.217237
2.159063
2.037784
1.939259
1.779391
1.631768
1.457142
1.316728
1.162861
1.073716
0.989287
0.944674
2.361963
2.322379
2.255820
2.192742
2.085699
1.985323
1.829844
1.672003
1.487889
1.324667
1.155048
1.050123
0.957875
0.912019
0.882626
2.295191
2.252876
2.147148
2.066458
1.912538
1.766853
1.569262
1.393795
1.198715
1.077184
0.966750
0.917163
0.887986
0.891275
2.210129
2.131140
1.999775
1.855649
1.667406
1.474605
1.263310
1.110843
0.978087
0.912430
0.879104
0.880229
0.875743
2.091210
1.976087
1.796436
1.615588
1.384205
1.208255
1.034794
0.945616
0.893830
0.890212
0.885770
0.919127
1.927105
1.752868
1.528131
1.321880
1.115168
0.978282
0.902597
0.878142
0.872905
0.905122
0.921695
1.700172
1.500410
1.261675
1.083620
0.955467
0.902471
0.876895
0.907700
0.921726
0.956606
1.439730
1.217350
1.035455
0.922866
0.870000
0.883029
0.896189
0.930709
0.969185
1.192434
1.022243
0.913315
0.896468
0.888519
0.920814
0.958307
0.995009
0.990958
0.908461
0.866418
0.880913
0.919503
0.955328
0.992139
0.902131
0.884539
0.906492
0.935691
0.970738
1.024667
0.877045
0.883720
0.916100
0.972778
1.006469
0.901991
0.948545
0.979467
1.025613
0.910441
0.961222
1.011149
0.986129
1.023854
0.993553
2.887170
3.001438
3.028669
3.136272
3.182004
3.285236
3.348188
3.453356
3.514119
3.618239
3.681820
3.773034
3.828559
3.918907
3.958702
4.032429
4.074741
4.130878
4.149858
4.218521
4.219571
4.248248
4.259961
4.368936
4.348904
4.341626
4.337898
4.349148
4.347368
4.350064
4.369376
4.372974
4.388290
4.403243
4.422929
4.424142
4.456039
4.446618
4.466601
4.450854
4.462708
4.412150
4.434545
4.341343
4.369083
4.363917
4.365951
4.368584
4.367159
4.364310
4.380110
4.381246
4.389131
4.405936
4.415825
4.423349
4.444414
4.446700
4.455215
4.457479
4.457167
4.433072
4.433817
4.387136
4.360236
4.321823
4.406249
4.402891
4.397909
4.408879
4.407000
4.411040
4.422096
4.431683
4.430210
4.454797
4.447199
4.464166
4.455452
4.469226
4.433723
4.452486
4.395231
4.388046
4.333222
4.300127
4.414158
4.423796
4.419537
4.420767
4.428933
4.434329
4.432060
4.450402
4.446870
4.454995
4.455308
4.459357
4.439461
4.445350
4.410857
4.389488
4.358521
4.311688
4.254344
4.446677
4.445493
4.450567
4.453646
4.447803
4.463889
4.455628
4.464004
4.458177
4.467722
4.440406
4.455367
4.413931
4.407066
4.364159
4.340255
4.266824
4.253776
4.450591
4.454830
4.447215
4.459659
4.451704
4.455837
4.452264
4.456482
4.435035
4.443437
4.413651
4.398962
4.371051
4.338934
4.285361
4.257357
4.179042
4.458729
4.466528
4.458887
4.460705
4.454305
4.458929
4.434214
4.445893
4.411671
4.404999
4.370284
4.351718
4.290424
4.276932
4.190852
4.160553
4.440876
4.443548
4.436008
4.439610
4.416858
4.425360
4.395888
4.387013
4.359325
4.337973
4.288752
4.268225
4.200135
4.159302
4.091851
4.426606
4.427692
4.406678
4.414236
4.385078
4.379641
4.348477
4.334984
4.282639
4.271034
4.200228
4.171881
4.096927
4.054433
4.368252
4.377146
4.349729
4.345376
4.317102
4.305566
4.259515
4.246298
4.187267
4.155554
4.093394
4.046690
3.965379
4.321501
4.317219
4.291573
4.283554
4.238207
4.230234
4.172292
4.148346
4.084612
4.049981
3.964584
3.930938
4.234333
4.231622
4.189786
4.185394
4.134407
4.112457
4.057497
4.024144
3.950081
3.913807
3.825193
4.147691
4.145891
4.100638
4.083735
4.031379
4.006105
3.933460
3.906197
3.817963
3.776744
4.032478
4.022800
3.976392
3.957807
3.893903
3.869373
3.792854
3.752269
3.668658
3.926912
3.915181
3.857920
3.839682
3.768858
3.736544
3.654856
3.614838
3.783848
3.775682
3.715821
3.690933
3.619471
3.584108
3.494697
3.667532
3.650358
3.587142
3.561854
3.477402
3.444922
3.514219
3.504791
3.433869
3.409199
3.324357
3.394029
3.377816
3.304709
3.276264
3.246042
3.237435
3.155538
3.132771
3.123175
3.007002
2.787544
2.802754
2.707110
2.705225
2.631355
2.619751
2.561839
2.554129
2.497943
2.494179
2.446112
2.436541
2.390194
2.383553
2.329347
2.317499
2.266658
2.242585
2.182849
2.166344
2.097315
2.061595
2.000880
2.133026
2.197967
2.318585
2.347090
2.432875
2.454143
2.526101
2.559391
2.638505
2.693324
2.802373
2.881871
3.027276
3.137654
3.301247
3.430071
3.595163
3.709724
3.873715
3.951064
4.102743
4.148368
4.269711
2.920044
2.897494
3.018356
3.031741
3.156048
3.189571
3.306025
3.354799
3.473455
3.518383
3.633489
3.682368
3.782572
3.823159
3.922284
3.948071
4.028343
4.060314
4.122834
4.129952
4.209701
4.210362
2.787280
2.894917
2.911081
3.013579
3.043621
3.153621
3.201992
3.303718
3.363851
3.468063
3.522373
3.621443
3.679027
3.763003
3.809558
3.894395
3.925467
3.991031
4.030996
4.077972
4.104536
2.806106
2.793084
2.899108
2.912103
3.025006
3.044925
3.166853
3.202885
3.317207
3.362578
3.479221
3.518481
3.627817
3.670978
3.764761
3.796175
3.892859
3.907951
3.993007
4.011719
2.700022
2.792159
2.798690
2.888988
2.918788
3.016798
3.051959
3.157913
3.207473
3.305863
3.362053
3.462675
3.511344
3.603430
3.656505
3.732331
3.777053
3.852140
3.894898
2.709023
2.696067
2.797671
2.796364
2.898302
2.916414
3.027922
3.050077
3.168982
3.204619
3.316117
3.356225
3.470444
3.501713
3.609079
3.641994
3.741898
3.762387
2.628587
2.695365
2.699663
2.785090
2.802028
2.887333
2.921110
3.016130
3.053032
3.154033
3.203312
3.296028
3.349247
3.443167
3.491441
3.575196
3.633573
2.624668
2.622097
2.703080
2.695633
2.794453
2.798904
2.898768
2.917960
3.028560
3.049596
3.166053
3.197376
3.308209
3.339334
3.456835
3.482099
2.561617
2.611470
2.625720
2.690782
2.701130
2.781984
2.803921
2.885283
2.920773
3.011539
3.049245
3.143746
3.193732
3.281226
3.334499
2.561848
2.554585
2.621664
2.620375
2.702456
2.697608
2.795326
2.801282
2.900405
2.917453
3.028211
3.044651
3.160861
3.188710
2.500563
2.549679
2.559426
2.610087
2.626356
2.689914
2.703786
2.780272
2.805076
2.882392
2.918751
3.006587
3.043658
2.504103
2.493652
2.562227
2.554179
2.624871
2.623095
2.706561
2.701759
2.799353
2.803865
2.902768
2.917082
2.451726
2.492688
2.500984
2.551176
2.562019
2.612315
2.629433
2.690921
2.706344
2.780912
2.805594
2.449019
2.446113
2.508066
2.497089
2.568948
2.559311
2.632841
2.629428
2.713190
2.706742
2.399492
2.439692
2.456670
2.497401
2.506291
2.555459
2.565420
2.616143
2.632653
2.400868
2.395808
2.458729
2.453925
2.518317
2.506441
2.579195
2.566497
2.345008
2.394118
2.409405
2.448757
2.463242
2.502399
2.510515
2.340995
2.345305
2.417656
2.409649
2.474597
2.465355
2.291883
2.338412
2.363038
2.405489
2.415425
2.277801
2.298000
2.368573
2.368229
2.219968
2.281001
2.313110
2.215659
2.234955
2.157825
2.787524
2.802792
2.707062
2.705267
2.631310
2.619722
2.561830
2.554208
2.498002
2.494219
2.445984
2.436391
2.390274
2.383714
2.329389
2.317496
2.266563
2.242583
2.182837
2.166352
2.097180
2.061570
2.000714
0.993544
1.023985
1.011168
1.025708
1.006584
1.024824
0.992175
0.995176
0.969270
0.956706
0.921765
0.919188
0.875778
0.891338
0.882732
0.944603
1.024325
1.195009
1.347535
1.583962
1.719942
1.936940
0.986148
0.961222
0.979530
0.972741
0.970656
0.955310
0.958297
0.930605
0.921705
0.905071
0.885778
0.880181
0.888049
0.911782
0.989406
1.104477
1.260441
1.455536
1.639087
1.810446
1.962740
0.910561
0.948659
0.916136
0.935953
0.919610
0.920958
0.896285
0.907932
0.872972
0.890334
0.879208
0.917222
0.957998
1.073661
1.182536
1.383023
1.536328
1.735257
1.873204
2.023898
0.901987
0.883813
0.906441
0.880797
0.888517
0.883020
0.876837
0.878028
0.893945
0.912332
0.966971
1.050222
1.162856
1.321016
1.485915
1.654507
1.821539
1.955481
2.063200
0.877065
0.884715
0.866552
0.896745
0.869969
0.902671
0.902815
0.945833
0.978188
1.077273
1.155237
1.316714
1.444421
1.624202
1.761465
1.921455
2.009729
2.144332
0.902038
0.908340
0.913001
0.922753
0.955517
0.978088
1.034922
1.111009
1.198919
1.324543
1.457444
1.600452
1.746549
1.880774
1.989876
2.101003
2.169789
0.990608
1.022305
1.035336
1.083401
1.115438
1.208296
1.263535
1.393709
1.488229
1.631822
1.740457
1.884759
1.964307
2.093428
2.141921
2.237769
1.191806
1.216974
1.261328
1.321897
1.384289
1.474713
1.569582
1.672122
1.779759
1.888818
1.975691
2.076574
2.142279
2.214125
2.264804
1.439834
1.499995
1.528380
1.615538
1.667799
1.766723
1.830346
1.939035
1.991494
2.097794
2.136817
2.222917
2.250248
2.323384
1.699556
1.752113
1.796024
1.855664
1.912950
1.985356
2.038056
2.110797
2.158699
2.218371
2.258853
2.310553
2.334077
1.927010
1.975998
1.999515
2.066418
2.085791
2.158927
2.179397
2.245823
2.261287
2.326639
2.327890
2.394146
2.090965
2.131053
2.147619
2.192860
2.217493
2.258238
2.282386
2.325940
2.340030
2.385549
2.398071
2.210204
2.252665
2.255894
2.299167
2.301035
2.353271
2.346155
2.403591
2.396572
2.449785
2.295158
2.322593
2.327278
2.363088
2.363927
2.403402
2.408709
2.444106
2.454683
2.361828
2.398221
2.384631
2.429036
2.418410
2.463772
2.456373
2.509095
2.403624
2.437726
2.432743
2.465845
2.466931
2.505381
2.507290
2.461770
2.493612
2.482184
2.526317
2.514312
2.569884
2.493465
2.532631
2.524758
2.568226
2.569922
2.554984
2.591025
2.583362
2.637334
2.594491
2.642812
2.636479
2.664103
2.720149
2.719146
2.970724
3.061556
3.193770
3.298564
3.447679
3.566780
3.713270
3.834852
3.963916
4.073424
4.183084
4.259701
4.344147
4.390462
4.432265
4.451467
4.464569
4.451474
4.449854
4.421632
4.408003
4.367032
4.349142
4.320745
4.293304
4.305759
4.310295
4.301346
4.302737
4.316524
4.319735
4.329300
4.349164
4.363534
4.376030
4.403401
4.416143
4.431683
4.449734
4.456033
4.455989
4.456114
4.440782
4.415177
4.399334
4.336657
3.007002
3.123150
3.155547
3.276243
3.324371
3.444911
3.494710
3.614834
3.668671
3.776744
3.825202
3.930938
3.965387
4.054435
4.091854
4.160555
4.179044
4.253777
4.254345
4.300129
4.321822
4.369084
3.132783
3.237462
3.304732
3.409220
3.477415
3.584123
3.654862
3.752277
3.817966
3.913810
3.964585
4.046691
4.096926
4.159302
4.190852
4.257355
4.266825
4.311687
4.333222
4.360236
4.341343
3.246070
3.377788
3.433883
3.561841
3.619482
3.736535
3.792867
3.906191
3.950092
4.049980
4.093400
4.171882
4.200141
4.276932
4.285365
4.340257
4.358522
4.388048
4.387137
4.434546
3.394041
3.504822
3.587152
3.690950
3.768867
3.869381
3.933463
4.024151
4.084611
4.155557
4.200228
4.268225
4.290423
4.338934
4.364157
4.389487
4.395231
4.433815
4.412149
3.514237
3.650336
3.715840
3.839666
3.893915
4.006099
4.057505
4.148343
4.187276
4.271032
4.288758
4.351719
4.371054
4.407067
4.410861
4.452487
4.433073
4.462710
3.667548
3.775700
3.857926
3.957824
4.031379
4.112465
4.172294
4.246301
4.282638
4.337977
4.370281
4.398963
4.413930
4.445349
4.433722
4.457167
4.450852
3.783863
3.915170
3.976403
4.083725
4.134418
4.230227
4.259523
4.334984
4.359330
4.404999
4.413657
4.455367
4.439464
4.469228
4.457481
4.466602
3.926915
4.022814
4.100643
4.185403
4.238207
4.305574
4.348474
4.387016
4.411670
4.443438
4.440404
4.459358
4.455450
4.455215
4.446618
4.032493
4.145879
4.189795
4.283550
4.317108
4.379637
4.395895
4.445891
4.435039
4.467723
4.455311
4.464166
4.446703
4.456040
4.147691
4.231637
4.291572
4.345384
4.385079
4.425364
4.434211
4.456486
4.458174
4.454996
4.447197
4.444414
4.424141
4.234339
4.317211
4.349738
4.414231
4.416862
4.458928
4.452268
4.464003
4.446875
4.454797
4.423351
4.422930
4.321503
4.377155
4.406675
4.439619
4.454302
4.455841
4.455627
4.450405
4.430207
4.415827
4.403241
4.368256
4.427689
4.436012
4.460701
4.451710
4.463888
4.432063
4.431684
4.405939
4.388290
4.426604
4.443555
4.458887
4.459664
4.447801
4.434334
4.422094
4.389133
4.372973
4.440882
4.466525
4.447217
4.453646
4.428936
4.411039
4.381250
4.369376
4.458726
4.454838
4.450565
4.420770
4.406999
4.380113
4.350062
4.450595
4.445490
4.419541
4.408878
4.364311
4.347369
4.446677
4.423801
4.397907
4.367163
4.349147
4.414159
4.402890
4.368587
4.337896
4.406248
4.365954
4.341625
4.363920
4.348903
4.368934
2.887203
3.001470
3.028690
3.136302
3.182026
3.285251
3.348201
3.453369
3.514127
3.618243
3.681822
3.773035
3.828560
3.918907
3.958705
4.032427
4.074741
4.130877
4.149860
4.218519
4.219572
4.248248
4.259962
2.157927
2.234828
2.313178
2.368118
2.415469
2.465269
2.510535
2.566435
2.632670
2.706697
2.805612
2.917054
3.043672
3.188696
3.334509
3.482091
3.633580
3.762382
3.894902
4.011717
4.104538
4.210361
2.215682
2.280966
2.368577
2.405464
2.474569
2.502382
2.579175
2.616120
2.713183
2.780900
2.902761
3.006585
3.160858
3.281225
3.456837
3.575194
3.741899
3.852139
3.993007
4.077972
4.209702
2.220039
2.297934
2.363095
2.409629
2.463307
2.506409
2.565479
2.629407
2.706372
2.803857
2.918772
3.044640
3.193750
3.339326
3.491452
3.641990
3.777059
3.907949
4.030999
4.129951
2.277868
2.338486
2.417736
2.448798
2.518393
2.555499
2.632870
2.690955
2.799371
2.882401
3.028228
3.143749
3.308216
3.443170
3.609082
3.732331
3.892861
3.991030
4.122836
2.291930
2.345301
2.409492
2.453944
2.506330
2.559333
2.629468
2.701750
2.805114
2.917447
3.049265
3.197378
3.349258
3.501713
3.656513
3.796174
3.925471
4.060314
2.340987
2.394092
2.458669
2.497380
2.568922
2.612269
2.706567
2.780250
2.900402
3.011541
3.166055
3.296026
3.470450
3.603428
3.764765
3.894394
4.028345
2.344866
2.395728
2.456592
2.496979
2.561997
2.623035
2.703760
2.801270
2.920769
3.049588
3.203323
3.356223
3.511351
3.670981
3.809560
3.948074
2.400855
2.439611
2.508080
2.551130
2.624847
2.689909
2.795319
2.885267
3.028573
3.154026
3.316122
3.462675
3.627820
3.763003
3.922286
2.399649
2.446198
2.501043
2.554254
2.626390
2.697621
2.803957
2.917971
3.053045
3.204636
3.362060
3.518490
3.679031
3.823164
2.449149
2.492836
2.562318
2.610126
2.702523
2.782001
2.898786
3.016150
3.168993
3.305868
3.479232
3.621443
3.782576
2.451760
2.493653
2.559469
2.620379
2.701125
2.798929
2.921114
3.050088
3.207486
3.362589
3.522378
3.682378
2.504021
2.549592
2.621583
2.690761
2.794422
2.887311
3.027926
3.157909
3.317208
3.468067
3.633490
2.500438
2.554533
2.625661
2.695588
2.802024
2.916409
3.051956
3.202901
3.363853
3.518395
2.561817
2.611452
2.703082
2.785090
2.898288
3.016815
3.166853
3.303725
3.473457
2.561705
2.622123
2.699678
2.796395
2.918806
3.044939
3.202011
3.354815
2.624667
2.695417
2.797669
2.888999
3.025011
3.153637
3.306021
2.628603
2.696032
2.798714
2.912103
3.043631
3.189585
2.708989
2.792166
2.899066
3.013600
3.156032
2.700017
2.793076
2.911103
3.031737
2.806076
2.894932
3.018337
2.787321
2.897493
2.919992
1.052102
1.042500
1.061869
1.054891
1.071741
1.051685
1.051828
1.040958
1.024308
1.001288
0.988576
0.950585
0.930908
0.903349
0.881559
0.882830
0.912952
0.983166
1.128697
1.302922
1.507759
1.702357
1.854362
1.109057
1.075565
1.116661
1.090752
1.105140
1.094923
1.091173
1.066120
1.068098
1.026039
1.016702
0.977159
0.954633
0.910744
0.902273
0.865774
0.907434
0.946507
1.093086
1.247555
1.481655
1.659153
1.135227
1.126022
1.133657
1.143448
1.135781
1.123887
1.127082
1.097870
1.087512
1.062166
1.034602
0.998572
0.973817
0.925771
0.906913
0.878485
0.891837
0.942541
1.072985
1.247413
1.481533
1.150909
1.172262
1.175109
1.161659
1.181345
1.150960
1.152708
1.128623
1.112820
1.076881
1.063721
1.009685
0.988887
0.936677
0.912266
0.872645
0.896352
0.922460
1.072945
1.247538
1.198295
1.186927
1.216505
1.195939
1.197984
1.187917
1.172416
1.148259
1.135888
1.093945
1.072579
1.031159
0.992757
0.947966
0.919135
0.875741
0.896426
0.942494
1.092916
1.234740
1.226275
1.232808
1.231268
1.225404
1.202818
1.201884
1.161446
1.150014
1.109804
1.080653
1.033953
1.003690
0.940916
0.919117
0.872644
0.891777
0.946544
1.251951
1.258137
1.262522
1.245681
1.251964
1.221026
1.211638
1.181599
1.155002
1.118290
1.089400
1.035755
1.003685
0.947967
0.912294
0.878454
0.907529
1.282629
1.274856
1.289243
1.267301
1.263693
1.239690
1.220936
1.186627
1.165564
1.114486
1.089446
1.033922
0.992793
0.936630
0.906954
0.865700
1.308468
1.295500
1.300425
1.284623
1.274193
1.245594
1.229902
1.186732
1.165571
1.118268
1.080639
1.031175
0.988873
0.925782
0.902281
1.320751
1.315077
1.312971
1.291488
1.283160
1.246257
1.229945
1.186595
1.155027
1.109809
1.072598
1.009643
0.973883
0.910654
1.333171
1.320109
1.321420
1.292315
1.283178
1.245568
1.220923
1.181624
1.149981
1.093940
1.063739
0.998556
0.954624
1.341471
1.323411
1.321447
1.291457
1.274207
1.239705
1.211639
1.161421
1.135949
1.076828
1.034634
0.977148
1.341516
1.320082
1.312975
1.284650
1.263661
1.221026
1.201900
1.148241
1.112797
1.062208
1.016651
1.333155
1.315100
1.300400
1.267288
1.252011
1.202772
1.172438
1.128626
1.087517
1.026004
1.320745
1.295496
1.289276
1.245654
1.225389
1.187958
1.152655
1.097888
1.068085
1.308482
1.274822
1.262520
1.231289
1.197969
1.150933
1.127136
1.066061
1.282644
1.258164
1.232779
1.195931
1.181362
1.123873
1.091124
1.251909
1.226266
1.216534
1.161626
1.135767
1.094946
1.234776
1.186894
1.175086
1.143484
1.105089
1.198267
1.172297
1.133618
1.090726
1.150876
1.125990
1.116675
1.135222
1.075553
1.109030
1.060826
1.077446
1.147312
1.180177
1.198793
1.235416
1.269299
1.283230
1.307300
1.323696
1.331584
1.332295
1.331615
1.323670
1.307309
1.283258
1.269280
1.235419
1.198822
1.180163
1.147304
1.077510
1.060785
1.052180
1.042502
1.061893
1.054928
1.071701
1.051665
1.051860
1.040891
1.024276
1.001252
0.988525
0.950537
0.930910
0.903283
0.881474
0.882752
0.912943
0.983293
1.128423
1.302702
1.507703
1.702248
1.854559
1.109016
1.075552
1.116627
1.090740
1.105041
1.094897
1.091099
1.066049
1.068050
1.026000
1.016647
0.977132
0.954620
0.910637
0.902311
0.865613
0.907555
0.946380
1.092998
1.247664
1.481362
1.659293
1.135233
1.126003
1.133637
1.143477
1.135818
1.123886
1.127153
1.097894
1.087538
1.062198
1.034635
0.998553
0.973880
0.925750
0.906927
0.878464
0.891709
0.942557
1.073060
1.247584
1.481546
1.150855
1.172288
1.175068
1.161614
1.181317
1.150927
1.152634
1.128614
1.112785
1.076826
1.063742
1.009619
0.988887
0.936616
0.912268
0.872571
0.896429
0.922276
1.072980
1.247666
1.198290
1.186895
1.216553
1.195944
1.198002
1.187952
1.172466
1.148234
1.135970
1.093918
1.072615
1.031166
0.992776
0.947944
0.919146
0.875643
0.896435
0.942464
1.093123
1.234753
1.226266
1.232754
1.231275
1.225369
1.202769
1.201886
1.161416
1.149978
1.109812
1.080630
1.033913
1.003717
0.940829
0.919176
0.872538
0.891777
0.946448
1.251931
1.258163
1.262551
1.245655
1.252037
1.221017
1.211666
1.181613
1.155044
1.118246
1.089486
1.035693
1.003742
0.947921
0.912268
0.878483
0.907433
1.282623
1.274818
1.289253
1.267284
1.263646
1.239705
1.220911
1.186595
1.165582
1.114463
1.089424
1.033939
0.992744
0.936665
0.906881
0.865708
1.308506
1.295496
1.300429
1.284645
1.274232
1.245556
1.229979
1.186700
1.165601
1.118266
1.080669
1.031143
0.988911
0.925733
0.902315
1.320722
1.315097
1.312955
1.291457
1.283168
1.246252
1.229903
1.186630
1.154996
1.109811
1.072584
1.009668
0.973825
0.910714
1.333181
1.320079
1.321476
1.292301
1.283192
1.245577
1.220960
1.181582
1.150043
1.093916
1.063753
0.998552
0.954654
1.341493
1.323409
1.321404
1.291491
1.274178
1.239700
1.211632
1.161449
1.135890
1.076887
1.034599
0.977155
1.341499
1.320103
1.312997
1.284614
1.263721
1.221004
1.201918
1.148238
1.112847
1.062147
1.016734
1.333146
1.315082
1.300406
1.267304
1.251955
1.202829
1.172402
1.128642
1.087507
1.026047
1.320778
1.295491
1.289274
1.245668
1.225426
1.187905
1.152738
1.097843
1.068139
1.308445
1.274862
1.262498
1.231284
1.197973
1.150963
1.127084
1.066134
1.282655
1.258131
1.232838
1.195915
1.181380
1.123876
1.091186
1.251929
1.226278
1.216491
1.161679
1.135754
1.094945
1.234767
1.186920
1.175126
1.143437
1.105182
1.198271
1.172276
1.133649
1.090756
1.150933
1.126001
1.116686
1.135213
1.075594
1.109061
4.308317
4.258320
4.252105
4.198179
4.186143
4.130131
4.117019
4.076070
4.056274
4.028916
4.028121
4.007127
4.028120
4.028917
4.056273
4.076072
4.117018
4.130133
4.186142
4.198181
4.252102
4.258324
4.308313
4.320745
4.293305
4.305760
4.310296
4.301348
4.302738
4.316527
4.319737
4.329302
4.349166
4.363538
4.376031
4.403406
4.416145
4.431687
4.449735
4.456038
4.455989
4.456119
4.440783
4.415182
4.399333
4.336664
4.299542
4.299917
4.272346
4.277155
4.282438
4.282076
4.286545
4.302952
4.315665
4.323977
4.354892
4.365197
4.390595
4.408027
4.434677
4.434576
4.466121
4.446848
4.465124
4.427425
4.431316
4.364309
4.254086
4.236470
4.249766
4.234710
4.239261
4.249008
4.258407
4.263324
4.291379
4.302836
4.324909
4.349955
4.376527
4.392102
4.424962
4.436044
4.453242
4.457529
4.461110
4.446688
4.431315
4.227567
4.226176
4.205379
4.222049
4.215979
4.221519
4.241174
4.251424
4.268739
4.293102
4.319872
4.334297
4.374271
4.388185
4.420035
4.431029
4.457474
4.445783
4.461114
4.427423
4.190522
4.179052
4.183158
4.167927
4.192035
4.190253
4.208246
4.226578
4.253137
4.265838
4.306831
4.325848
4.359370
4.383918
4.419111
4.429194
4.457472
4.457528
4.465123
4.161396
4.154778
4.153322
4.158615
4.157786
4.180780
4.195559
4.210848
4.244782
4.266225
4.295404
4.325010
4.361857
4.378676
4.419114
4.431028
4.453245
4.446847
4.133766
4.114799
4.119262
4.121250
4.142090
4.142841
4.181304
4.194965
4.227447
4.254370
4.295100
4.314216
4.361856
4.383918
4.420034
4.436044
4.466120
4.096012
4.100967
4.098259
4.104200
4.124571
4.144717
4.163925
4.197484
4.229140
4.253110
4.295101
4.325009
4.359373
4.388183
4.424965
4.434573
4.074610
4.057139
4.079011
4.080555
4.105345
4.125309
4.164082
4.179412
4.229139
4.254370
4.295403
4.325847
4.374271
4.392102
4.434677
4.053009
4.055052
4.057503
4.081644
4.104134
4.126656
4.164083
4.197484
4.227448
4.266224
4.306834
4.334295
4.376531
4.408025
4.029631
4.031096
4.055347
4.060690
4.104134
4.125310
4.163924
4.194965
4.244783
4.265838
4.319872
4.349956
4.390595
4.026951
4.031890
4.055348
4.081645
4.105346
4.144717
4.181306
4.210847
4.253139
4.293101
4.324912
4.365195
4.026950
4.031097
4.057503
4.080556
4.124571
4.142841
4.195560
4.226579
4.268739
4.302837
4.354893
4.029633
4.055051
4.079014
4.104199
4.142093
4.180780
4.208248
4.251423
4.291382
4.323974
4.053009
4.057140
4.098260
4.121251
4.157787
4.190254
4.241176
4.263325
4.315666
4.074612
4.100967
4.119263
4.158614
4.192038
4.221517
4.258410
4.302950
4.096013
4.114799
4.153324
4.167927
4.215980
4.249010
4.286545
4.133769
4.154776
4.183160
4.222048
4.239263
4.282073
4.161397
4.179054
4.205379
4.234712
4.282440
4.190523
4.226173
4.249769
4.277151
4.227568
4.236471
4.272346
4.254088
4.299916
4.299541
4.320743
4.293301
4.305758
4.310292
4.301344
4.302736
4.316522
4.319733
4.329298
4.349163
4.363532
4.376029
4.403399
4.416143
4.431682
4.449734
4.456032
4.455990
4.456114
4.440782
4.415178
4.399334
4.336657
4.299541
4.299916
4.272344
4.277151
4.282437
4.282073
4.286542
4.302949
4.315663
4.323973
4.354890
4.365194
4.390593
4.408024
4.434675
4.434574
4.466118
4.446847
4.465122
4.427423
4.431313
4.364309
4.254087
4.236471
4.249767
4.234710
4.239261
4.249008
4.258407
4.263323
4.291378
4.302834
4.324908
4.349953
4.376526
4.392100
4.424960
4.436043
4.453241
4.457527
4.461109
4.446688
4.431312
4.227568
4.226173
4.205378
4.222048
4.215977
4.221515
4.241172
4.251421
4.268736
4.293099
4.319869
4.334294
4.374268
4.388182
4.420033
4.431028
4.457471
4.445784
4.461109
4.427423
4.190522
4.179054
4.183158
4.167926
4.192035
4.190251
4.208245
4.226576
4.253135
4.265835
4.306829
4.325845
4.359368
4.383916
4.419109
4.429193
4.457470
4.457527
4.465121
4.161396
4.154775
4.153322
4.158612
4.157784
4.180777
4.195556
4.210844
4.244779
4.266221
4.295401
4.325007
4.361853
4.378675
4.419109
4.431028
4.453241
4.446847
4.133768
4.114798
4.119261
4.121249
4.142089
4.142838
4.181301
4.194961
4.227443
4.254366
4.295096
4.314214
4.361853
4.383916
4.420032
4.436042
4.466117
4.096012
4.100966
4.098258
4.104196
4.124568
4.144714
4.163921
4.197480
4.229135
4.253108
4.295097
4.325007
4.359369
4.388183
4.424960
4.434575
4.074611
4.057139
4.079010
4.080552
4.105342
4.125306
4.164078
4.179408
4.229135
4.254366
4.295400
4.325844
4.374267
4.392101
4.434673
4.053009
4.055049
4.057500
4.081641
4.104130
4.126653
4.164078
4.197480
4.227444
4.266221
4.306828
4.334295
4.376525
4.408025
4.029631
4.031095
4.055343
4.060686
4.104129
4.125305
4.163920
4.194961
4.244778
4.265835
4.319868
4.349953
4.390592
4.026950
4.031888
4.055344
4.081640
4.105342
4.144713
4.181300
4.210845
4.253134
4.293099
4.324908
4.365195
4.026949
4.031094
4.057499
4.080552
4.124566
4.142837
4.195555
4.226575
4.268735
4.302833
4.354889
4.029630
4.055050
4.079009
4.104197
4.142088
4.180777
4.208244
4.251421
4.291377
4.323975
4.053008
4.057137
4.098256
4.121247
4.157783
4.190250
4.241171
4.263322
4.315662
4.074610
4.100966
4.119260
4.158612
4.192033
4.221517
4.258405
4.302950
4.096011
4.114797
4.153320
4.167925
4.215976
4.249006
4.286542
4.133766
4.154776
4.183157
4.222048
4.239260
4.282074
4.161395
4.179051
4.205377
4.234709
4.282436
4.190522
4.226175
4.249765
4.277153
4.227566
4.236469
4.272344
4.254087
4.299917
4.299542

