Tension at each vertex
2.220826
2.220878
2.220837
2.220869
0.311659
3.688437
0.311645
3.688426
1.308880
1.308896
3.642608
3.642605
2.122053
2.036248
1.988337
1.905101
1.868696
1.801822
1.762667
1.704627
1.654111
1.579340
1.501023
1.367430
1.208989
0.983162
0.727230
0.474936
0.303777
0.199151
0.180950
0.196239
0.235440
0.239441
0.299079
2.113385
1.989948
1.957874
1.874022
1.833833
1.773306
1.733019
1.674199
1.629848
1.550618
1.467881
1.340594
1.168281
0.947055
0.698400
0.456378
0.284708
0.210259
0.173315
0.198380
0.216014
0.297678
2.121524
2.020630
1.963602
1.897632
1.847221
1.788184
1.748402
1.685913
1.635718
1.560155
1.466020
1.333317
1.162959
0.929374
0.685567
0.453251
0.284023
0.202846
0.182289
0.190149
0.216020
2.087622
1.998040
1.941745
1.863206
1.828296
1.758687
1.725050
1.664252
1.613002
1.534277
1.447943
1.305163
1.137392
0.913655
0.664723
0.444447
0.285368
0.202381
0.182277
0.198401
2.097828
2.018106
1.958606
1.886621
1.836869
1.783320
1.732331
1.678619
1.622657
1.540169
1.446614
1.310401
1.128085
0.909118
0.666797
0.438251
0.285364
0.202857
0.173291
2.102678
1.982603
1.940487
1.859465
1.819400
1.753190
1.721326
1.651223
1.608153
1.523162
1.431476
1.293573
1.124806
0.895938
0.666902
0.444488
0.284002
0.210320
2.091644
2.025670
1.942935
1.886024
1.829682
1.774605
1.726276
1.674298
1.608427
1.535262
1.435831
1.297663
1.124794
0.909005
0.664732
0.453309
0.284646
2.092659
1.979979
1.942896
1.848438
1.820504
1.749099
1.715709
1.650292
1.607841
1.514568
1.435657
1.293338
1.128190
0.913934
0.685535
0.456575
2.096966
2.017558
1.939958
1.886445
1.819560
1.777145
1.721928
1.668584
1.607594
1.535173
1.431135
1.310361
1.137501
0.929675
0.698229
2.091546
1.983116
1.936662
1.849688
1.821656
1.743075
1.721698
1.650046
1.608137
1.523080
1.446855
1.305445
1.163202
0.947680
2.091741
2.018365
1.939983
1.881587
1.821499
1.776879
1.715394
1.674123
1.608232
1.540164
1.448268
1.333655
1.168144
2.093615
1.979484
1.939843
1.849495
1.819288
1.748934
1.726336
1.651322
1.622998
1.534325
1.466052
1.340183
2.093565
2.018245
1.936525
1.886316
1.820572
1.774702
1.721630
1.678762
1.613076
1.560105
1.467823
2.091632
1.983038
1.939973
1.848532
1.829888
1.753379
1.732420
1.664195
1.635599
1.550291
2.091587
2.017622
1.943063
1.886153
1.819504
1.783249
1.724966
1.685619
1.629853
2.097044
1.980058
1.942980
1.859432
1.836790
1.758492
1.748311
1.674075
2.092707
2.025652
1.940459
1.886480
1.828239
1.788073
1.733058
2.091611
1.982516
1.958562
1.863155
1.847238
1.773342
2.102673
2.018084
1.941772
1.897649
1.833910
2.097840
1.998057
1.963656
1.874033
2.087667
2.020635
1.957906
2.121546
1.989943
2.113386
2.145293
2.156228
2.149512
2.200023
2.144657
2.190804
2.158256
2.190481
2.154252
2.196071
2.156284
2.193386
2.156356
2.196107
2.154222
2.190427
2.158278
2.190844
2.144677
2.200000
2.149519
2.156226
2.145302
2.275621
2.357711
2.488916
2.583859
2.731119
2.846277
2.993167
3.116072
3.252147
3.366078
3.484749
3.568510
3.661259
3.713180
3.763093
3.785553
3.804226
3.794346
3.796364
3.769087
3.759508
3.718855
3.703090
2.281042
2.337734
2.482077
2.581955
2.727390
2.848675
2.995750
3.116825
3.259000
3.362268
3.487758
3.568849
3.657135
3.709742
3.763916
3.776137
3.803704
3.789415
3.793747
3.766093
3.756881
3.738739
2.304610
2.377799
2.510909
2.624145
2.763775
2.887239
3.033452
3.152229
3.290053
3.397403
3.507455
3.592855
3.674058
3.719754
3.770974
3.785029
3.802332
3.794587
3.793350
3.770575
3.756877
2.269002
2.369109
2.496540
2.609387
2.760509
2.877483
3.030836
3.148547
3.286429
3.392031
3.510630
3.583781
3.674751
3.716717
3.767529
3.780241
3.803346
3.788248
3.793355
3.766093
2.286735
2.393123
2.527262
2.640573
2.785548
2.914269
3.053709
3.179879
3.310750
3.413648
3.525096
3.603595
3.678303
3.727081
3.771764
3.783987
3.803340
3.794587
3.793742
2.291917
2.364878
2.514954
2.626536
2.777302
2.899195
3.053328
3.164512
3.309308
3.406985
3.521541
3.595651
3.681137
3.716965
3.771769
3.780241
3.802337
3.789415
2.285391
2.411629
2.525568
2.659462
2.798164
2.927772
3.069565
3.194520
3.317074
3.426198
3.529307
3.604505
3.681131
3.727082
3.767524
3.785029
3.803700
2.287399
2.371419
2.530463
2.629986
2.795274
2.909832
3.063657
3.177256
3.319575
3.409077
3.529312
3.595654
3.678309
3.716716
3.770980
3.776136
2.294380
2.411382
2.532421
2.671256
2.799340
2.940787
3.073002
3.196085
3.319572
3.426201
3.521537
3.603594
3.674746
3.719753
3.763910
2.289977
2.379988
2.531503
2.638180
2.803129
2.909100
3.073008
3.177263
3.317081
3.406987
3.525102
3.583782
3.674062
3.709743
2.291182
2.416027
2.536232
2.670348
2.803137
2.940797
3.063661
3.194520
3.309304
3.413646
3.510622
3.592855
3.657129
2.293499
2.378143
2.536246
2.638203
2.799354
2.909838
3.069567
3.164511
3.310749
3.392033
3.507459
3.568851
2.293544
2.416064
2.531533
2.671263
2.795271
2.927765
3.053317
3.179876
3.286424
3.397402
3.487755
2.291222
2.380012
2.532409
2.629981
2.798149
2.899195
3.053709
3.148552
3.290058
3.362272
2.289971
2.411359
2.530437
2.659447
2.777298
2.914269
3.030837
3.152231
3.258995
2.294318
2.371403
2.525555
2.626548
2.785551
2.877496
3.033452
3.116832
2.287389
2.411630
2.514965
2.640583
2.760510
2.887238
2.995745
2.285395
2.364915
2.527258
2.609400
2.763768
2.848680
2.291929
2.393121
2.496538
2.624136
2.727385
2.286716
2.369111
2.510890
2.581966
2.268982
2.377795
2.482073
2.304590
2.337745
2.281045
2.090813
2.110941
2.013383
2.010714
1.935283
1.922541
1.861221
1.851485
1.792980
1.785955
1.735171
1.724677
1.675437
1.668369
1.613512
1.601048
1.550121
1.528740
1.467935
1.454548
1.386773
1.351600
1.293897
0.287556
0.318542
0.305210
0.320667
0.300235
0.319365
0.287410
0.289718
0.264785
0.253288
0.218245
0.217054
0.175528
0.192196
0.186274
0.252253
0.335125
0.508058
0.661679
0.894723
1.024736
1.236406
0.282856
0.256398
0.275171
0.267778
0.267402
0.250238
0.254969
0.227464
0.219137
0.202729
0.186045
0.179858
0.191280
0.216960
0.298013
0.416464
0.574430
0.768374
0.947535
1.113262
1.259271
0.207300
0.246646
0.214009
0.233149
0.217353
0.219685
0.194415
0.206974
0.173467
0.190854
0.181688
0.222036
0.265683
0.384645
0.495708
0.696310
0.847689
1.041930
1.173906
1.318061
0.202589
0.181707
0.206280
0.180607
0.188087
0.182786
0.178786
0.178796
0.197436
0.216347
0.274394
0.359412
0.474818
0.633708
0.798485
0.963481
1.124928
1.252992
1.356207
0.177912
0.187593
0.167528
0.198741
0.173957
0.204839
0.206998
0.251455
0.285846
0.386420
0.467480
0.629317
0.757283
0.934123
1.065897
1.222123
1.303817
1.434545
0.206180
0.210976
0.219270
0.226117
0.261521
0.285519
0.343420
0.419405
0.510603
0.635908
0.768979
0.909873
1.051649
1.181890
1.285814
1.393608
1.456980
0.297503
0.328782
0.343280
0.392550
0.424201
0.518393
0.575309
0.705492
0.799012
0.941833
1.045829
1.186298
1.261554
1.387309
1.429394
1.524759
0.500186
0.527376
0.570859
0.631980
0.695546
0.784654
0.878221
0.979747
1.083632
1.188306
1.273498
1.369139
1.430718
1.501576
1.549483
0.748918
0.808852
0.837584
0.923341
0.973924
1.072435
1.132746
1.239191
1.288905
1.391025
1.425971
1.511463
1.535237
1.607803
1.004710
1.056421
1.098674
1.157741
1.212099
1.280944
1.333176
1.401720
1.447946
1.505524
1.544141
1.594432
1.618900
1.225147
1.274515
1.295203
1.361310
1.379601
1.450058
1.467881
1.534359
1.546623
1.611899
1.612808
1.679933
1.381772
1.421041
1.437280
1.480116
1.503753
1.544745
1.567235
1.610265
1.625278
1.670454
1.683584
1.498339
1.539413
1.542712
1.586322
1.586404
1.639257
1.632404
1.690370
1.682734
1.739466
1.579643
1.607566
1.611461
1.647631
1.649933
1.689308
1.695467
1.733289
1.744335
1.647396
1.684998
1.672357
1.717175
1.706719
1.755270
1.747275
1.802733
1.691476
1.725214
1.721282
1.756903
1.758223
1.798618
1.802818
1.753077
1.787750
1.775650
1.822053
1.811451
1.869230
1.787549
1.828123
1.822403
1.867094
1.869571
1.855399
1.892556
1.884644
1.942243
1.895991
1.947257
1.940381
1.969556
2.027206
2.024901
2.275639
2.357711
2.488924
2.583860
2.731127
2.846279
2.993170
3.116076
3.252147
3.366079
3.484746
3.568511
3.661253
3.713182
3.763088
3.785554
3.804221
3.794347
3.796359
3.769087
3.759503
3.718855
3.703086
3.675634
3.647314
3.662023
3.665419
3.656684
3.658308
3.672031
3.674024
3.684684
3.702712
3.716759
3.728498
3.754574
3.765015
3.780042
3.794333
3.798541
3.795289
3.791694
3.771701
3.743275
3.721073
3.655222
2.305734
2.420079
2.446862
2.565934
2.609081
2.728269
2.775375
2.895278
2.948604
3.058968
3.108144
3.217486
3.254675
3.347775
3.387613
3.461517
3.481899
3.560644
3.564184
3.612765
3.636070
3.686161
2.426403
2.527478
2.590416
2.691396
2.758381
2.863062
2.934012
3.032594
3.100300
3.198600
3.253546
3.338977
3.393055
3.460036
3.495016
3.564771
3.578672
3.625586
3.650208
3.679768
3.663245
2.533190
2.662658
2.715222
2.841662
2.897479
3.017067
3.073328
3.190564
3.237453
3.342171
3.388519
3.473396
3.504173
3.585994
3.598106
3.656446
3.677048
3.710628
3.711058
3.760388
2.678211
2.784250
2.865671
2.969635
3.048283
3.151233
3.219633
3.313800
3.378877
3.455427
3.504246
3.576677
3.604110
3.655320
3.684572
3.713052
3.721511
3.761400
3.743478
2.792872
2.930823
2.994129
3.121220
3.177757
3.294636
3.349485
3.447491
3.489613
3.579636
3.601755
3.669187
3.691736
3.732440
3.738259
3.782700
3.766153
3.796928
2.946552
3.054641
3.140974
3.242977
3.321663
3.408186
3.473119
3.552359
3.594999
3.654041
3.691343
3.723908
3.742513
3.775850
3.768689
3.792531
3.789081
3.065033
3.199642
3.263610
3.377951
3.432149
3.534844
3.569446
3.650453
3.679022
3.730322
3.741766
3.787054
3.774754
3.806395
3.796688
3.808502
3.212124
3.312811
3.395880
3.485778
3.545949
3.617683
3.666896
3.710129
3.739467
3.773985
3.776173
3.796103
3.795844
3.797379
3.790854
3.323946
3.443956
3.493592
3.593604
3.632225
3.701507
3.721462
3.776200
3.769553
3.804948
3.795243
3.807424
3.791086
3.802379
3.447920
3.536569
3.603730
3.663097
3.708718
3.752745
3.767782
3.791785
3.797981
3.797096
3.792047
3.790266
3.773515
3.541642
3.632103
3.669324
3.739691
3.747448
3.793301
3.790140
3.805960
3.790528
3.801111
3.772159
3.772759
3.637358
3.697667
3.734690
3.770390
3.790728
3.795233
3.798604
3.794975
3.778961
3.764514
3.754879
3.691558
3.755990
3.768800
3.798557
3.792080
3.807809
3.779015
3.780324
3.756440
3.741269
3.756307
3.777147
3.797359
3.800490
3.793684
3.780638
3.772200
3.740476
3.726279
3.775217
3.805363
3.789846
3.798829
3.776731
3.762027
3.732930
3.723156
3.799117
3.796514
3.797106
3.769091
3.758016
3.731965
3.705350
3.793360
3.792280
3.767631
3.760052
3.717550
3.701516
3.793289
3.772031
3.750345
3.718952
3.704367
3.763094
3.753629
3.721363
3.693170
3.758326
3.718702
3.696478
3.715553
3.703414
3.724922
2.188207
2.303272
2.326447
2.431184
2.473113
2.573469
2.632719
2.735939
2.795804
2.898300
2.962820
3.055364
3.112470
3.205184
3.248635
3.324817
3.370321
3.430236
3.451831
3.522965
3.527749
3.557512
3.572645
1.445774
1.518319
1.595524
1.652198
1.701021
1.754742
1.804870
1.864406
1.934584
2.011626
2.110271
2.219948
2.343069
2.482110
2.623060
2.767703
2.917142
3.047143
3.183452
3.304652
3.403376
3.516020
1.502306
1.564709
1.652140
1.689997
1.763739
1.794023
1.876250
1.917425
2.017695
2.086473
2.208639
2.307877
2.457791
2.572721
2.743456
2.858842
3.026703
3.138348
3.284151
3.374756
3.513138
1.503960
1.580498
1.646850
1.694914
1.752379
1.800469
1.863166
1.931157
2.011174
2.108356
2.221507
2.343831
2.486925
2.627538
2.776855
2.925434
3.062098
3.196935
3.324990
3.429962
1.563288
1.621363
1.702836
1.736934
1.810403
1.851717
1.934678
1.994845
2.105506
2.187864
2.330164
2.440317
2.600458
2.729527
2.893698
3.016956
3.180268
3.282401
3.421758
1.575287
1.629000
1.694608
1.742677
1.800170
1.856784
1.931175
2.006462
2.109555
2.219917
2.348264
2.489977
2.637040
2.786355
2.939769
3.080801
3.215169
3.354826
1.624399
1.678685
1.747087
1.788665
1.865557
1.913537
2.011081
2.085950
2.206507
2.312899
2.463032
2.587356
2.757123
2.887036
3.050089
3.181316
3.321148
1.629247
1.680426
1.745456
1.790478
1.859557
1.924592
2.008684
2.105543
2.223375
2.348133
2.495726
2.643101
2.795622
2.953325
3.094224
3.237626
1.685686
1.727634
1.799709
1.847304
1.926637
1.993965
2.101582
2.190690
2.330215
2.449881
2.607338
2.747764
2.911221
3.046912
3.209680
1.684878
1.734722
1.794976
1.851695
1.928412
2.002507
2.108673
2.220283
2.351647
2.496288
2.648604
2.801740
2.961138
3.107138
1.737848
1.784174
1.859223
1.911633
2.007368
2.087820
2.204681
2.316870
2.464930
2.595624
2.764098
2.903108
3.066522
1.740844
1.787592
1.857497
1.922492
2.006521
2.103574
2.223737
2.348204
2.499019
2.648193
2.805355
2.963545
1.796413
1.846117
1.924088
1.995176
2.101219
2.192505
2.329222
2.452664
2.607099
2.751329
2.915117
1.794809
1.852702
1.928184
2.001019
2.106841
2.218691
2.349960
2.493658
2.649244
2.800452
1.859591
1.913403
2.008622
2.091334
2.204536
2.317264
2.462379
2.592426
2.757163
1.860231
1.924925
2.005200
2.101164
2.220971
2.342487
2.492652
2.639459
1.928163
2.000289
2.105194
2.194302
2.326504
2.448151
2.595615
1.931633
2.001914
2.103359
2.214356
2.341266
2.480161
2.015358
2.098880
2.205785
2.314064
2.451550
2.005685
2.097918
2.213285
2.329406
2.114627
2.200792
2.320496
2.091323
2.199498
2.228575
2.145266
2.156266
2.149473
2.200048
2.144649
2.190866
2.158202
2.190450
2.154207
2.196163
2.156276
2.193348
2.156243
2.196133
2.154205
2.190484
2.158160
2.190836
2.144614
2.200053
2.149440
2.156267
2.145234
2.122030
2.036269
1.988306
1.905098
1.868631
1.801800
1.762557
1.704638
1.654083
1.579196
1.501149
1.367508
1.209296
0.982864
0.727484
0.474990
0.303810
0.199061
0.181054
0.196159
0.235397
0.239475
0.299047
2.113414
1.989907
1.957891
1.874008
1.833869
1.773341
1.733192
1.674221
1.629967
1.550721
1.467470
1.340168
1.168434
0.947323
0.698160
0.456505
0.284712
0.210322
0.173249
0.198478
0.215989
0.297699
2.121485
2.020674
1.963572
1.897699
1.847249
1.788233
1.748341
1.685963
1.635422
1.560205
1.466134
1.333411
1.162992
0.929313
0.685800
0.453107
0.284053
0.202800
0.182291
0.190078
0.215992
2.087673
1.998009
1.941829
1.863187
1.828339
1.758662
1.724927
1.664140
1.612979
1.534009
1.447852
1.305011
1.137431
0.913695
0.664599
0.444604
0.285318
0.202436
0.182247
0.198507
2.097820
2.018171
1.958565
1.886649
1.836697
1.783239
1.732225
1.678583
1.622785
1.540543
1.446860
1.310514
1.128088
0.909159
0.666804
0.438155
0.285344
0.202830
0.173229
2.102728
1.982532
1.940469
1.859319
1.819401
1.753089
1.721461
1.651360
1.608198
1.523028
1.431524
1.293462
1.124663
0.895927
0.666837
0.444609
0.283979
0.210353
2.091587
2.025657
1.942846
1.886044
1.829696
1.774853
1.726395
1.674528
1.608629
1.535276
1.435777
1.297749
1.124734
0.909093
0.664640
0.453195
0.284699
2.092662
1.979907
1.942985
1.848488
1.820682
1.749092
1.715783
1.649926
1.607588
1.514353
1.435567
1.293241
1.128239
0.913891
0.685729
0.456605
2.096982
2.017653
1.940022
1.886559
1.819550
1.777078
1.721715
1.668628
1.607488
1.535275
1.431311
1.310398
1.137557
0.929590
0.698117
2.091630
1.983110
1.936684
1.849504
1.821482
1.742774
1.721523
1.649823
1.608373
1.523016
1.447009
1.305528
1.163102
0.947762
2.091736
2.018323
1.939870
1.881481
1.821407
1.776958
1.715633
1.674413
1.608312
1.540438
1.448023
1.333819
1.168230
2.093566
1.979331
1.939760
1.849413
1.819364
1.748971
1.726414
1.651347
1.622946
1.534110
1.466096
1.339852
2.093536
2.018273
1.936624
1.886468
1.820770
1.774858
1.721656
1.678634
1.612995
1.560037
1.467771
2.091667
1.983042
1.940032
1.848496
1.829777
1.753168
1.732222
1.664052
1.635494
1.550267
2.091674
2.017675
1.943085
1.886112
1.819466
1.783148
1.724960
1.685590
1.630096
2.097008
1.979936
1.942849
1.859253
1.836674
1.758451
1.748356
1.674094
2.092693
2.025629
1.940490
1.886520
1.828347
1.788104
1.733184
2.091575
1.982439
1.958540
1.863119
1.847247
1.773333
2.102730
2.018152
1.941846
1.897676
1.833913
2.097819
1.997980
1.963609
1.873970
2.087703
2.020657
1.957902
2.121492
1.989882
2.113404
2.275666
2.357734
2.488952
2.583882
2.731151
2.846283
2.993203
3.116075
3.252176
3.366078
3.484777
3.568503
3.661282
3.713174
3.763108
3.785545
3.804240
3.794335
3.796375
3.769078
3.759515
3.718845
3.703098
2.281011
2.337689
2.482048
2.581911
2.727379
2.848642
2.995744
3.116801
3.259005
3.362247
3.487764
3.568840
3.657142
3.709735
3.763928
3.776131
3.803715
3.789414
3.793755
3.766092
3.756890
3.738736
2.304627
2.377823
2.510944
2.624163
2.763804
2.887255
3.033480
3.152232
3.290073
3.397404
3.507467
3.592850
3.674071
3.719744
3.770982
3.785021
3.802336
3.794578
3.793356
3.770564
3.756882
2.268981
2.369052
2.496528
2.609355
2.760507
2.877449
3.030837
3.148524
3.286429
3.392015
3.510641
3.583769
3.674764
3.716714
3.767540
3.780239
3.803359
3.788244
3.793366
3.766092
2.286775
2.393165
2.527297
2.640589
2.785577
2.914276
3.053723
3.179880
3.310769
3.413642
3.525111
3.603591
3.678310
3.727073
3.771772
3.783975
3.803347
3.794578
3.793745
2.291908
2.364825
2.514953
2.626489
2.777292
2.899163
3.053334
3.164486
3.309321
3.406976
3.521552
3.595645
3.681154
3.716958
3.771784
3.780240
3.802348
3.789413
2.285425
2.411635
2.525575
2.659474
2.798184
2.927776
3.069588
3.194526
3.317085
3.426195
3.529318
3.604493
3.681139
3.727074
3.767527
3.785019
3.803705
2.287360
2.371362
2.530462
2.629946
2.795295
2.909810
3.063667
3.177237
3.319592
3.409060
3.529330
3.595648
3.678324
3.716713
3.770997
3.776131
2.294397
2.411404
2.532463
2.671283
2.799356
2.940796
3.073012
3.196077
3.319578
3.426197
3.521539
3.603588
3.674753
3.719741
3.763915
2.290018
2.379968
2.531522
2.638150
2.803141
2.909058
3.073024
3.177243
3.317099
3.406976
3.525126
3.583771
3.674083
3.709738
2.291219
2.416054
2.536238
2.670340
2.803140
2.940801
3.063660
3.194522
3.309309
3.413638
3.510626
3.592849
3.657129
2.293492
2.378068
2.536253
2.638161
2.799369
2.909816
3.069598
3.164489
3.310777
3.392021
3.507480
3.568842
2.293526
2.416068
2.531534
2.671288
2.795285
2.927769
3.053317
3.179875
3.286416
3.397398
3.487755
2.291239
2.379993
2.532456
2.629950
2.798182
2.899169
3.053731
3.148530
3.290088
3.362254
2.290008
2.411392
2.530448
2.659462
2.777282
2.914269
3.030829
3.152227
3.258990
2.294368
2.371362
2.525571
2.626506
2.785585
2.877464
3.033486
3.116813
2.287358
2.411639
2.514953
2.640589
2.760499
2.887249
2.995732
2.285420
2.364865
2.527300
2.609377
2.763806
2.848652
2.291918
2.393161
2.496523
2.624151
2.727372
2.286766
2.369076
2.510940
2.581932
2.268970
2.377816
2.482043
2.304623
2.337719
2.281012
2.122014
2.036296
1.988299
1.905142
1.868583
1.801893
1.762486
1.704698
1.654107
1.579455
1.500880
1.368042
1.209454
0.982262
0.727788
0.474686
0.303978
0.198992
0.181112
0.196130
0.235454
0.239448
0.299083
0.346274
0.334736
0.355533
0.346616
0.364785
0.344592
0.344789
0.333751
0.318958
0.294588
0.283686
0.246212
0.227567
0.200525
0.182040
0.184168
0.218741
0.292554
0.441451
0.616072
0.820211
1.007961
1.154530
2.024894
2.027146
1.940346
1.942157
1.869561
1.869058
1.802755
1.802653
1.744281
1.739386
1.683760
1.679783
1.618636
1.607925
1.549483
1.524429
1.457201
1.434720
1.355531
1.318814
1.259332
1.236125
1.969563
1.947354
1.884671
1.867213
1.811490
1.798781
1.747217
1.733288
1.682913
1.670471
1.612741
1.594594
1.535331
1.501072
1.430121
1.393421
1.303792
1.253292
1.173140
1.113618
1.024716
1.895975
1.892457
1.822419
1.821926
1.758199
1.755019
1.695492
1.690102
1.625153
1.612070
1.544220
1.510881
1.431136
1.387058
1.285347
1.222319
1.124276
1.042606
0.947743
0.894732
1.855432
1.828241
1.775682
1.757136
1.706820
1.689453
1.632264
1.610426
1.546698
1.505116
1.426530
1.369073
1.261067
1.182235
1.065297
0.964244
0.847395
0.768308
0.661627
1.787498
1.787640
1.721313
1.716941
1.650010
1.638989
1.567292
1.533794
1.448293
1.391141
1.272643
1.186933
1.050840
0.935182
0.797995
0.696469
0.574673
0.508288
1.753047
1.725279
1.672485
1.647953
1.586492
1.544921
1.467984
1.401931
1.288163
1.189270
1.044874
0.910773
0.756641
0.633756
0.495952
0.416418
0.334939
1.691474
1.684736
1.611388
1.585988
1.504094
1.449454
1.333521
1.239603
1.082990
0.942382
0.768535
0.629372
0.475056
0.384625
0.297841
0.252610
1.647335
1.607676
1.542945
1.480176
1.380074
1.281068
1.132987
0.980345
0.798713
0.636041
0.467521
0.359331
0.265457
0.217252
0.186074
1.579665
1.538897
1.437250
1.360725
1.212594
1.073253
0.877828
0.705615
0.510522
0.386343
0.274251
0.222323
0.191083
0.192225
1.498589
1.421134
1.295537
1.157342
0.973688
0.784604
0.575563
0.419254
0.285841
0.216511
0.181470
0.179863
0.175616
1.381586
1.274132
1.098422
0.923727
0.695684
0.518404
0.343283
0.251667
0.197140
0.190966
0.186094
0.216989
1.224259
1.056144
0.837619
0.631492
0.424285
0.285568
0.206898
0.178830
0.173577
0.202571
0.218276
1.004820
0.808835
0.571004
0.392910
0.261284
0.205027
0.178744
0.206921
0.219111
0.253425
0.749085
0.527263
0.343098
0.226089
0.174064
0.182615
0.194530
0.227487
0.264695
0.499907
0.329185
0.219319
0.198773
0.188083
0.219806
0.254778
0.289849
0.297663
0.210678
0.167643
0.180563
0.217297
0.250275
0.287467
0.206177
0.187828
0.206128
0.233315
0.267346
0.319338
0.177895
0.181635
0.214065
0.267650
0.300340
0.202567
0.246693
0.275175
0.320725
0.207350
0.256329
0.305185
0.282833
0.318635
0.287510
2.188159
2.303325
2.326419
2.431216
2.473087
2.573504
2.632688
2.735956
2.795786
2.898311
2.962804
3.055371
3.112466
3.205184
3.248637
3.324819
3.370328
3.430235
3.451843
3.522963
3.527763
3.557507
3.572660
3.724922
3.703423
3.696481
3.693177
3.704369
3.701526
3.705351
3.723165
3.726282
3.741277
3.754882
3.772770
3.773517
3.802389
3.790858
3.808512
3.789086
3.796940
3.743481
3.760403
3.663250
3.686171
3.715552
3.718693
3.721359
3.718947
3.717543
3.731959
3.732924
3.740470
3.756432
3.764513
3.772147
3.790266
3.791075
3.797378
3.796675
3.792533
3.766136
3.761403
3.711039
3.679767
3.636054
3.758327
3.753642
3.750344
3.760064
3.758018
3.762038
3.772202
3.780337
3.778961
3.801123
3.792050
3.807434
3.795847
3.806408
3.768691
3.782712
3.721517
3.710638
3.650219
3.612772
3.763090
3.772023
3.767629
3.769082
3.776726
3.780633
3.779005
3.794972
3.790519
3.797092
3.795233
3.796104
3.774740
3.775852
3.738244
3.713051
3.677033
3.625584
3.564167
3.793289
3.792294
3.797106
3.798846
3.793683
3.807824
3.798606
3.805972
3.797982
3.804963
3.776172
3.787068
3.742516
3.732450
3.684577
3.656457
3.578680
3.560654
3.793358
3.796505
3.789840
3.800484
3.792074
3.795225
3.790132
3.791783
3.769542
3.773985
3.741757
3.723906
3.691724
3.655321
3.598091
3.564771
3.481884
3.799114
3.805383
3.797359
3.798573
3.790727
3.793320
3.767779
3.776218
3.739467
3.730336
3.691343
3.669202
3.604110
3.586006
3.495021
3.461528
3.775213
3.777136
3.768796
3.770385
3.747438
3.752742
3.721455
3.710126
3.679013
3.654044
3.601743
3.576678
3.504162
3.460037
3.387597
3.756306
3.756014
3.734684
3.739714
3.708716
3.701526
3.666892
3.650473
3.594993
3.579653
3.504244
3.473409
3.393052
3.347790
3.691550
3.697662
3.669317
3.663091
3.632218
3.617683
3.569435
3.552361
3.489605
3.455429
3.388509
3.338982
3.254663
3.637354
3.632127
3.603725
3.593630
3.545939
3.534867
3.473111
3.447508
3.378868
3.342188
3.253538
3.217499
3.541636
3.536565
3.493580
3.485778
3.432140
3.408187
3.349476
3.313807
3.237445
3.198605
3.108137
3.447908
3.443986
3.395870
3.377975
3.321652
3.294658
3.219617
3.190581
3.100285
3.058983
3.323933
3.312808
3.263599
3.242981
3.177745
3.151241
3.073320
3.032605
2.948597
3.212111
3.199670
3.140957
3.121245
3.048263
3.017084
2.933991
2.895287
3.065014
3.054648
2.994114
2.969645
2.897472
2.863077
2.775373
2.946532
2.930849
2.865652
2.841676
2.758358
2.728276
2.792859
2.784260
2.715211
2.691421
2.609072
2.678190
2.662683
2.590383
2.565942
2.533168
2.527509
2.446859
2.426383
2.420076
2.305724
2.090826
2.110980
2.013410
2.010803
1.935289
1.922646
1.861255
1.851505
1.793019
1.786112
1.735185
1.724569
1.675595
1.668253
1.613551
1.601206
1.550382
1.528401
1.468200
1.454753
1.386496
1.351627
1.293910
1.422857
1.482442
1.603226
1.629646
1.718464
1.742636
1.818667
1.855893
1.940549
1.997269
2.108561
2.187128
2.329029
2.433864
2.593028
2.715893
2.879003
2.993756
3.159996
3.241393
3.399212
3.450542
3.577387
2.228559
2.199483
2.320486
2.329416
2.451534
2.480162
2.595621
2.639456
2.757170
2.800452
2.915130
2.963533
3.066537
3.107127
3.209692
3.237609
3.321160
3.354806
3.421766
3.429943
3.513145
3.516003
2.091300
2.200862
2.213239
2.314115
2.341241
2.448173
2.492623
2.592451
2.649224
2.751332
2.805348
2.903110
2.961134
3.046914
3.094232
3.181314
3.215181
3.282399
3.325006
3.374753
3.403392
2.114553
2.097940
2.205761
2.214351
2.326486
2.342507
2.462376
2.493659
2.607116
2.648186
2.764108
2.801735
2.911236
2.953307
3.050102
3.080783
3.180276
3.196915
3.284156
3.304633
2.005674
2.098925
2.103324
2.194358
2.220928
2.317290
2.349950
2.452665
2.498995
2.595632
2.648596
2.747760
2.795629
2.887034
2.939778
3.016955
3.062115
3.138346
3.183470
2.015285
2.001948
2.105122
2.101187
2.204547
2.218692
2.329222
2.348216
2.464935
2.496282
2.607361
2.643089
2.757132
2.786340
2.893707
2.925413
3.026709
3.047124
1.931558
2.000350
2.005193
2.091350
2.106820
2.192527
2.223693
2.316863
2.351645
2.449875
2.495718
2.587356
2.637045
2.729521
2.776872
2.858841
2.917160
1.928091
1.924926
2.008620
2.001070
2.101186
2.103581
2.204702
2.220282
2.330231
2.348140
2.463040
2.489960
2.600471
2.627521
2.743460
2.767684
1.860245
1.913477
1.928131
1.995188
2.006492
2.087786
2.108656
2.190702
2.223353
2.312884
2.348268
2.440308
2.486935
2.572721
2.623077
1.859530
1.852788
1.924073
1.922465
2.007378
2.002554
2.101588
2.105557
2.206526
2.219902
2.330171
2.343823
2.457796
2.482093
1.794795
1.846055
1.857462
1.911618
1.928358
1.993979
2.008676
2.085914
2.109539
2.187859
2.221509
2.307873
2.343085
1.796440
1.787581
1.859164
1.851794
1.926680
1.924605
2.011097
2.006473
2.105506
2.108354
2.208652
2.219936
1.740693
1.784207
1.794932
1.847280
1.859557
1.913509
1.931123
1.994830
2.011179
2.086464
2.110279
1.737735
1.734793
1.799824
1.790537
1.865536
1.856823
1.934696
1.931159
2.017712
2.011627
1.684976
1.727584
1.745390
1.788671
1.800107
1.851666
1.863170
1.917422
1.934581
1.685707
1.680663
1.747041
1.742697
1.810464
1.800501
1.876263
1.864424
1.629085
1.678604
1.694635
1.736850
1.752347
1.794034
1.804858
1.624549
1.628987
1.702866
1.695044
1.763750
1.754770
1.575293
1.621409
1.646755
1.689975
1.701015
1.563183
1.580653
1.652239
1.652234
1.503978
1.564591
1.595485
1.502489
1.518435
1.445506
2.122035
2.036259
1.988330
1.905118
1.868650
1.801817
1.762580
1.704590
1.654097
1.579495
1.500981
1.367722
1.209049
0.983109
0.727450
0.474785
0.303915
0.199083
0.181006
0.196207
0.235470
0.239436
0.299085
0.346206
0.334746
0.355553
0.346561
0.364837
0.344611
0.344753
0.333824
0.318961
0.294599
0.283738
0.246184
0.227555
0.200616
0.181851
0.184291
0.218810
0.292489
0.441451
0.615970
0.820415
1.007768
1.155459
2.024905
2.027179
1.940371
1.942232
1.869543
1.869193
1.802782
1.802719
1.744366
1.739526
1.683558
1.679850
1.618834
1.607810
1.549511
1.524802
1.456973
1.434524
1.356168
1.318029
1.259315
1.236383
1.969550
1.947280
1.884640
1.867114
1.811456
1.798594
1.747246
1.733309
1.682784
1.670515
1.612811
1.594371
1.535141
1.501562
1.429376
1.393552
1.303767
1.252970
1.173903
1.113302
1.024721
1.895998
1.892547
1.822426
1.822042
1.758206
1.755224
1.695385
1.690358
1.625331
1.611954
1.544099
1.511391
1.430653
1.387285
1.285865
1.222220
1.124964
1.041922
0.947613
0.894741
1.855404
1.828161
1.775677
1.756973
1.706706
1.689285
1.632348
1.610236
1.546647
1.505595
1.425955
1.369080
1.261466
1.181891
1.065790
0.963541
0.847715
0.768431
0.661665
1.787561
1.787772
1.721328
1.717227
1.649962
1.639184
1.567145
1.534358
1.447927
1.391033
1.273450
1.186244
1.051615
0.934164
0.798600
0.696291
0.574440
0.508126
1.753009
1.725268
1.672414
1.647728
1.586438
1.544779
1.467754
1.401669
1.288920
1.188266
1.045802
0.909892
0.757183
0.633669
0.495565
0.416608
0.335092
1.691452
1.684953
1.611530
1.586440
1.503763
1.450048
1.333164
1.239118
1.083615
0.941934
0.768899
0.629340
0.474950
0.384575
0.297911
0.252263
1.647264
1.607597
1.542656
1.480248
1.379691
1.280916
1.132683
0.979793
0.798953
0.635864
0.467645
0.359257
0.265831
0.217005
0.186277
1.579568
1.539394
1.437323
1.361289
1.212125
1.072540
0.878184
0.705425
0.510718
0.386300
0.274467
0.222060
0.191132
0.192234
1.498259
1.420995
1.295157
1.157844
0.973900
0.784596
0.575449
0.419291
0.285909
0.216383
0.181613
0.179930
0.175570
1.381985
1.274457
1.098629
0.923258
0.695738
0.518339
0.343435
0.251523
0.197310
0.190903
0.186016
0.216973
1.224973
1.056227
0.837740
0.631901
0.424128
0.285648
0.206866
0.178850
0.173485
0.202665
0.218284
1.004673
0.808841
0.570797
0.392712
0.261403
0.204878
0.178807
0.206897
0.219131
0.253302
0.748794
0.527575
0.343340
0.226132
0.174005
0.182725
0.194417
0.227502
0.264714
0.500115
0.328831
0.219203
0.198748
0.188036
0.219739
0.254871
0.289741
0.297636
0.210936
0.167581
0.180613
0.217318
0.250238
0.287429
0.206028
0.187679
0.206170
0.233194
0.267370
0.319347
0.177984
0.181663
0.214062
0.267721
0.300256
0.202515
0.246677
0.275113
0.320715
0.207336
0.256378
0.305213
0.282803
0.318576
0.287571
2.188199
2.303268
2.326442
2.431186
2.473101
2.573471
2.632710
2.735938
2.795796
2.898303
2.962811
3.055364
3.112466
3.205181
3.248630
3.324816
3.370316
3.430233
3.451829
3.522960
3.527748
3.557509
3.572643
3.724920
3.703417
3.696476
3.693173
3.704365
3.701519
3.705348
3.723159
3.726276
3.741271
3.754877
3.772761
3.773513
3.802380
3.790852
3.808503
3.789079
3.796928
3.743477
3.760389
3.663244
3.686162
3.715552
3.718702
3.721361
3.718952
3.717549
3.731964
3.732929
3.740476
3.756439
3.764514
3.772159
3.790266
3.791085
3.797379
3.796688
3.792530
3.766153
3.761398
3.711056
3.679766
3.636067
3.758323
3.753633
3.750341
3.760056
3.758013
3.762031
3.772197
3.780327
3.778958
3.801113
3.792044
3.807426
3.795840
3.806396
3.768685
3.782700
3.721509
3.710629
3.650205
3.612766
3.763093
3.772031
3.767631
3.769091
3.776731
3.780637
3.779014
3.794974
3.790527
3.797095
3.795243
3.796102
3.774754
3.775849
3.738259
3.713050
3.677047
3.625583
3.564183
3.793284
3.792285
3.797102
3.798833
3.793680
3.807812
3.798600
3.805962
3.797976
3.804950
3.776168
3.787055
3.742509
3.732440
3.684567
3.656447
3.578669
3.560644
3.793360
3.796513
3.789846
3.800490
3.792080
3.795231
3.790141
3.791784
3.769554
3.773984
3.741768
3.723907
3.691737
3.655319
3.598107
3.564768
3.481901
3.799112
3.805369
3.797354
3.798561
3.790723
3.793304
3.767776
3.776203
3.739461
3.730323
3.691337
3.669187
3.604104
3.585993
3.495012
3.461518
3.775217
3.777145
3.768801
3.770389
3.747449
3.752744
3.721464
3.710128
3.679025
3.654041
3.601757
3.576675
3.504176
3.460034
3.387614
3.756302
3.755994
3.734683
3.739695
3.708712
3.701510
3.666889
3.650454
3.594992
3.579636
3.504239
3.473395
3.393047
3.347776
3.691559
3.697666
3.669325
3.663095
3.632228
3.617681
3.569449
3.552358
3.489618
3.455426
3.388524
3.338978
3.254680
3.637351
3.632106
3.603724
3.593606
3.545941
3.534845
3.473111
3.447491
3.378870
3.342171
3.253539
3.217484
3.541646
3.536566
3.493596
3.485777
3.432154
3.408184
3.349492
3.313801
3.237462
3.198599
3.108154
3.447913
3.443959
3.395873
3.377952
3.321657
3.294636
3.219624
3.190563
3.100293
3.058967
3.323950
3.312809
3.263618
3.242976
3.177765
3.151232
3.073340
3.032594
2.948615
3.212119
3.199642
3.140969
3.121219
3.048276
3.017064
2.934003
2.895276
3.065040
3.054641
2.994139
2.969634
2.897491
2.863063
2.775390
2.946548
2.930821
2.865666
2.841658
2.758375
2.728261
2.792885
2.784248
2.715235
2.691395
2.609097
2.678211
2.662650
2.590411
2.565927
2.533203
2.527479
2.446872
2.426399
2.420066
2.305745
2.090805
2.110943
2.013391
2.010716
1.935288
1.922544
1.861208
1.851496
1.793033
1.785992
1.735165
1.724627
1.675376
1.668361
1.613541
1.601045
1.550059
1.528676
1.467905
1.454581
1.386724
1.351617
1.293895
1.422871
1.482446
1.603190
1.629637
1.718468
1.742610
1.818679
1.855882
1.940559
1.997256
2.108571
2.187123
2.329032
2.433860
2.593038
2.715883
2.879009
2.993753
3.159995
3.241390
3.399214
3.450536
3.577388
2.228562
2.199505
2.320481
2.329424
2.451541
2.480172
2.595610
2.639476
2.757158
2.800464
2.915117
2.963550
3.066523
3.107145
3.209680
3.237628
3.321151
3.354824
3.421760
3.429962
3.513137
3.516020
2.091305
2.200802
2.213272
2.314061
2.341252
2.448154
2.492638
2.592430
2.649238
2.751325
2.805350
2.903109
2.961132
3.046910
3.094223
3.181310
3.215167
3.282398
3.324986
3.374752
3.403375
2.114611
2.097922
2.205773
2.214368
2.326489
2.342507
2.462378
2.493667
2.607096
2.648204
2.764096
2.801748
2.911226
2.953325
3.050093
3.080804
3.180268
3.196936
3.284154
3.304649
2.005674
2.098881
2.103328
2.194308
2.220961
2.317263
2.349950
2.452662
2.499005
2.595624
2.648604
2.747758
2.795621
2.887034
2.939765
3.016953
3.062098
3.138340
3.183451
2.015326
2.001924
2.105181
2.101176
2.204538
2.218703
2.329208
2.348211
2.464933
2.496292
2.607344
2.643106
2.757123
2.786358
2.893705
2.925432
3.026708
3.047146
1.931601
2.000286
2.005197
2.091346
2.106818
2.192498
2.223723
2.316862
2.351648
2.449880
2.495717
2.587351
2.637041
2.729518
2.776857
2.858839
2.917136
1.928158
1.924954
2.008619
2.001031
2.101204
2.103565
2.204687
2.220295
2.330215
2.348135
2.463037
2.489973
2.600467
2.627543
2.743457
2.767706
1.860230
1.913432
1.928166
1.995148
2.006503
2.087820
2.108670
2.190691
2.223371
2.312881
2.348264
2.440313
2.486921
2.572718
2.623061
1.859614
1.852697
1.924063
1.922480
2.007368
2.002527
2.101595
2.105531
2.206509
2.219916
2.330168
2.343836
2.457800
2.482107
1.794797
1.846079
1.857455
1.911640
1.928430
1.993963
2.008682
2.085933
2.109545
2.187861
2.221510
2.307864
2.343069
1.796355
1.787567
1.859236
1.851719
1.926664
1.924582
2.011072
2.006458
2.105520
2.108354
2.208652
2.219950
1.740787
1.784175
1.795017
1.847317
1.859549
1.913514
1.931172
1.994837
2.011182
2.086467
2.110259
1.737868
1.734760
1.799744
1.790461
1.865548
1.856769
1.934699
1.931165
2.017704
2.011627
1.684926
1.727650
1.745453
1.788628
1.800166
1.851716
1.863175
1.917420
1.934578
1.685729
1.680394
1.747067
1.742654
1.810425
1.800478
1.876266
1.864404
1.629237
1.678635
1.694607
1.736927
1.752393
1.794022
1.804860
1.624380
1.628954
1.702848
1.694931
1.763741
1.754742
1.575278
1.621375
1.646841
1.689992
1.701021
1.563254
1.580503
1.652151
1.652171
1.503971
1.564673
1.595520
1.502313
1.518315
1.445730
2.090799
2.110970
2.013374
2.010780
1.935254
1.922620
1.861234
1.851492
1.792954
1.786083
1.735148
1.724553
1.675578
1.668212
1.613441
1.601168
1.550323
1.528364
1.468196
1.454733
1.386434
1.351653
1.293904
0.287495
0.318606
0.305142
0.320638
0.300319
0.319284
0.287385
0.289847
0.264665
0.253363
0.218289
0.216951
0.175573
0.192248
0.186062
0.252581
0.334882
0.508423
0.661570
0.894775
1.024697
1.236134
0.282859
0.256351
0.275264
0.267705
0.267353
0.250367
0.254790
0.227471
0.219123
0.202589
0.185992
0.179952
0.190966
0.217265
0.297742
0.416607
0.574614
0.768374
0.947812
1.113647
1.259345
0.207340
0.246608
0.213952
0.233283
0.217220
0.219697
0.194526
0.206892
0.173479
0.191003
0.181411
0.222253
0.265560
0.384566
0.495693
0.696496
0.847403
1.042593
1.173084
1.318833
0.202603
0.181757
0.206203
0.180578
0.188192
0.182657
0.178656
0.178907
0.197070
0.216461
0.274304
0.359238
0.475110
0.633805
0.798113
0.964228
1.124301
1.253369
1.355518
0.177801
0.187659
0.167590
0.198687
0.173879
0.205073
0.206830
0.251574
0.285890
0.386256
0.467530
0.629426
0.756521
0.935111
1.065206
1.222346
1.303722
1.434668
0.206342
0.210799
0.219336
0.226250
0.261313
0.285459
0.343325
0.419214
0.510454
0.636094
0.768433
0.910799
1.050957
1.182231
1.285384
1.393349
1.457268
0.297463
0.329103
0.342933
0.392732
0.424315
0.518415
0.575471
0.705672
0.798626
0.942329
1.044920
1.186900
1.260955
1.387011
1.430057
1.524367
0.500082
0.527352
0.571154
0.631471
0.695541
0.784668
0.877765
0.980356
1.083023
1.189183
1.272600
1.369037
1.431229
1.500979
1.549492
0.749010
0.808756
0.837504
0.924051
0.973714
1.073392
1.133053
1.239555
1.288129
1.391085
1.426505
1.510805
1.535280
1.607910
1.005159
1.056637
1.098586
1.157623
1.212524
1.281059
1.333526
1.401893
1.448258
1.504973
1.544216
1.594600
1.618653
1.224649
1.274703
1.295448
1.360653
1.380110
1.449358
1.468005
1.533714
1.546650
1.612009
1.612657
1.679778
1.381549
1.420963
1.437315
1.480043
1.504025
1.544858
1.567293
1.610388
1.625066
1.670401
1.683779
1.498539
1.538991
1.542899
1.585883
1.586458
1.638953
1.632238
1.690071
1.682862
1.739309
1.579726
1.607453
1.611385
1.647813
1.649939
1.689438
1.695500
1.733227
1.744254
1.647393
1.684812
1.672348
1.716928
1.706787
1.754988
1.747213
1.802639
1.691412
1.725159
1.721302
1.757005
1.758210
1.798768
1.802743
1.753079
1.787618
1.775626
1.821948
1.811431
1.869075
1.787470
1.828173
1.822390
1.867168
1.869579
1.855394
1.892475
1.884638
1.942165
1.895957
1.947308
1.940353
1.969546
2.027162
2.024881
2.275665
2.357736
2.488952
2.583886
2.731153
2.846293
2.993195
3.116087
3.252166
3.366082
3.484766
3.568507
3.661266
3.713178
3.763095
3.785546
3.804229
3.794336
3.796364
3.769079
3.759506
3.718846
3.703090
3.675634
3.647308
3.662020
3.665413
3.656682
3.658303
3.672026
3.674022
3.684676
3.702709
3.716752
3.728496
3.754563
3.765015
3.780029
3.794332
3.798526
3.795288
3.791677
3.771700
3.743256
3.721074
3.655198
2.305699
2.420082
2.446828
2.565944
2.609052
2.728272
2.775356
2.895289
2.948576
3.058982
3.108126
3.217491
3.254655
3.347788
3.387586
3.461527
3.481879
3.560649
3.564164
3.612771
3.636050
3.686171
2.426384
2.527514
2.590398
2.691423
2.758375
2.863086
2.934003
3.032612
3.100302
3.198604
3.253552
3.338984
3.393058
3.460037
3.495029
3.564766
3.578686
3.625582
3.650220
3.679766
3.663251
2.533148
2.662678
2.715192
2.841677
2.897450
3.017082
3.073308
3.190572
3.237433
3.342185
3.388495
3.473406
3.504155
3.585999
3.598086
3.656455
3.677027
3.710637
3.711037
3.760400
2.678198
2.784272
2.865661
2.969655
3.048281
3.151243
3.219632
3.313812
3.378877
3.455432
3.504255
3.576675
3.604119
3.655321
3.684580
3.713051
3.721521
3.761399
3.743485
2.792838
2.930845
2.994103
3.121235
3.177733
3.294653
3.349461
3.447502
3.489596
3.579643
3.601737
3.669197
3.691716
3.732448
3.738241
3.782708
3.766134
3.796937
2.946546
3.054653
3.140971
3.242991
3.321662
3.408193
3.473125
3.552361
3.595004
3.654046
3.691349
3.723908
3.742523
3.775849
3.768697
3.792531
3.789088
3.065003
3.199664
3.263585
3.377966
3.432132
3.534855
3.569428
3.650466
3.679004
3.730330
3.741753
3.787061
3.774738
3.806404
3.796672
3.808510
3.212121
3.312815
3.395884
3.485780
3.545952
3.617688
3.666900
3.710129
3.739477
3.773984
3.776180
3.796104
3.795851
3.797378
3.790862
3.323928
3.443972
3.493573
3.593620
3.632209
3.701517
3.721451
3.776208
3.769539
3.804957
3.795229
3.807430
3.791074
3.802384
3.447921
3.536572
3.603734
3.663095
3.708727
3.752743
3.767788
3.791785
3.797988
3.797094
3.792056
3.790264
3.773522
3.541628
3.632115
3.669314
3.739701
3.747435
3.793311
3.790128
3.805965
3.790518
3.801116
3.772148
3.772765
3.637367
3.697664
3.734695
3.770389
3.790735
3.795228
3.798614
3.794972
3.778968
3.764513
3.754885
3.691547
3.756003
3.768791
3.798563
3.792073
3.807814
3.779005
3.780329
3.756431
3.741272
3.756316
3.777139
3.797370
3.800485
3.793691
3.780634
3.772207
3.740472
3.726286
3.775213
3.805370
3.789839
3.798836
3.776725
3.762030
3.732925
3.723158
3.799125
3.796508
3.797114
3.769084
3.758024
3.731959
3.705356
3.793357
3.792283
3.767629
3.760055
3.717545
3.701519
3.793299
3.772024
3.750350
3.718947
3.704373
3.763090
3.753633
3.721360
3.693171
3.758334
3.718693
3.696485
3.715553
3.703416
3.724927
2.188164
2.303316
2.326429
2.431219
2.473095
2.573509
2.632708
2.735956
2.795804
2.898318
2.962814
3.055375
3.112479
3.205179
3.248647
3.324818
3.370330
3.430234
3.451847
3.522957
3.527765
3.557504
3.572659
1.445465
1.518436
1.595492
1.652204
1.701029
1.754765
1.804860
1.864418
1.934587
2.011623
2.110279
2.219933
2.343093
2.482085
2.623084
2.767683
2.917159
3.047122
3.183473
3.304627
3.403393
3.516002
1.502491
1.564539
1.652250
1.689959
1.763745
1.794027
1.876276
1.917414
2.017722
2.086459
2.208666
2.307863
2.457807
2.572720
2.743462
2.858838
3.026714
3.138338
3.284158
3.374750
3.513142
1.504003
1.580630
1.646737
1.695034
1.752353
1.800479
1.863177
1.931147
2.011187
2.108339
2.221517
2.343819
2.486936
2.627518
2.776880
2.925404
3.062120
3.196912
3.325005
3.429940
1.563130
1.621399
1.702856
1.736818
1.810471
1.851654
1.934702
1.994818
2.105515
2.187855
2.330174
2.440305
2.600481
2.729513
2.893713
3.016953
3.180273
3.282396
3.421767
1.575306
1.628940
1.694664
1.742677
1.800119
1.856805
1.931138
2.006458
2.109546
2.219892
2.348281
2.489946
2.637056
2.786336
2.939779
3.080778
3.215187
3.354798
1.624557
1.678592
1.747037
1.788671
1.865553
1.913505
2.011109
2.085914
2.206539
2.312877
2.463050
2.587358
2.757132
2.887034
3.050105
3.181307
3.321160
1.629099
1.680634
1.745421
1.790501
1.859581
1.924584
2.008695
2.105535
2.223371
2.348130
2.495726
2.643082
2.795641
2.953294
3.094240
3.237603
1.685679
1.727533
1.799817
1.847263
1.926675
1.993968
2.101593
2.190700
2.330230
2.449876
2.607368
2.747754
2.911239
3.046914
3.209686
1.684990
1.734726
1.794928
1.851746
1.928369
2.002520
2.108663
2.220261
2.351661
2.496261
2.648612
2.801725
2.961140
3.107118
1.737697
1.784192
1.859156
1.911605
2.007373
2.087785
2.204704
2.316858
2.464939
2.595636
2.764104
2.903113
3.066538
1.740732
1.787544
1.857492
1.922441
2.006513
2.103553
2.223713
2.348199
2.499006
2.648173
2.805365
2.963515
1.796454
1.846066
1.924075
1.995193
2.101193
2.192533
2.329219
2.452673
2.607120
2.751331
2.915132
1.794797
1.852757
1.928149
2.001040
2.106831
2.218670
2.349968
2.493633
2.649243
2.800438
1.859508
1.913457
2.008609
2.091349
2.204544
2.317285
2.462377
2.592458
2.757164
1.860239
1.924891
2.005196
2.101150
2.220943
2.342482
2.492633
2.639438
1.928077
2.000342
2.105126
2.194356
2.326482
2.448178
2.595624
1.931574
2.001915
2.103335
2.214324
2.341259
2.480131
2.015297
2.098919
2.205768
2.314106
2.451540
2.005684
2.097900
2.213256
2.329387
2.114568
2.200851
2.320484
2.091302
2.199457
2.228567
0.346223
0.334770
0.355587
0.346575
0.364909
0.344608
0.344783
0.333866
0.318984
0.294556
0.283849
0.246147
0.227588
0.200634
0.181925
0.184211
0.218833
0.292425
0.441463
0.615878
0.820345
1.007677
1.155433
0.402388
0.366868
0.409012
0.383072
0.396828
0.387055
0.384138
0.358300
0.361139
0.320061
0.310426
0.271861
0.250988
0.207427
0.201157
0.167009
0.212064
0.254663
0.406045
0.561425
0.794213
0.966818
0.426802
0.417234
0.424183
0.433996
0.427510
0.414226
0.418874
0.389695
0.379562
0.354268
0.328653
0.291657
0.268938
0.221747
0.204990
0.177998
0.196106
0.249759
0.385508
0.560850
0.794155
0.440915
0.462731
0.466398
0.451651
0.472255
0.442156
0.443386
0.420038
0.405160
0.368736
0.356479
0.303617
0.283131
0.232269
0.210027
0.172638
0.199672
0.231121
0.385594
0.561438
0.489092
0.475531
0.506270
0.485718
0.487632
0.477862
0.463719
0.438233
0.427388
0.385658
0.364796
0.323576
0.287229
0.242575
0.216123
0.175183
0.199733
0.249660
0.405988
0.524304
0.516299
0.522042
0.520817
0.515926
0.492314
0.492350
0.452661
0.440789
0.401262
0.373174
0.326685
0.297406
0.236506
0.216239
0.172572
0.196097
0.254752
0.540825
0.546492
0.552267
0.534124
0.541439
0.510929
0.501390
0.471658
0.446303
0.408985
0.381246
0.328345
0.297448
0.242510
0.209958
0.178089
0.211966
0.571790
0.563120
0.577862
0.556792
0.552964
0.529154
0.511582
0.476773
0.456174
0.406261
0.381347
0.326626
0.287237
0.232368
0.204978
0.166964
0.597111
0.584154
0.589138
0.572655
0.563977
0.534431
0.519737
0.477104
0.456199
0.408925
0.373126
0.323656
0.283043
0.221700
0.201180
0.608624
0.602868
0.602234
0.580217
0.572089
0.536332
0.519838
0.476712
0.446334
0.401334
0.364771
0.303599
0.269042
0.207461
0.621976
0.607394
0.609566
0.581284
0.572105
0.534373
0.511537
0.471727
0.440687
0.385650
0.356509
0.291634
0.250857
0.629327
0.612055
0.609652
0.580164
0.564018
0.529213
0.501372
0.452651
0.427497
0.368688
0.328644
0.271974
0.629349
0.607340
0.602202
0.572705
0.552866
0.510929
0.492368
0.438187
0.405086
0.354371
0.310328
0.622005
0.602921
0.589119
0.556797
0.541537
0.492254
0.463753
0.420105
0.379555
0.320009
0.608547
0.584149
0.577877
0.534061
0.515882
0.477930
0.443279
0.389688
0.361175
0.597186
0.563070
0.552313
0.520873
0.487619
0.442139
0.419002
0.358220
0.571772
0.546525
0.521946
0.485714
0.472276
0.414172
0.384072
0.540803
0.516315
0.506369
0.451583
0.427561
0.387107
0.524321
0.475451
0.466368
0.434055
0.396717
0.489148
0.462783
0.424170
0.383060
0.440824
0.417234
0.409023
0.426877
0.366814
0.402389
0.353553
0.367469
0.439133
0.469733
0.487964
0.524510
0.558068
0.570937
0.595941
0.611040
0.619055
0.620499
0.619101
0.611005
0.595925
0.571010
0.558014
0.524522
0.488010
0.469728
0.439084
0.367571
0.353483
0.346306
0.334748
0.355559
0.346674
0.364825
0.344609
0.344837
0.333792
0.318917
0.294649
0.283641
0.246224
0.227526
0.200570
0.181927
0.184261
0.218727
0.292597
0.441394
0.616196
0.820239
1.008043
1.154544
0.402410
0.366829
0.409035
0.383082
0.396747
0.387082
0.384093
0.358237
0.361122
0.320023
0.310344
0.271932
0.250854
0.207497
0.201171
0.166923
0.212009
0.254717
0.405903
0.561336
0.794130
0.966799
0.426845
0.417227
0.424140
0.434027
0.427533
0.414186
0.418930
0.389712
0.379532
0.354347
0.328601
0.291676
0.268962
0.221705
0.204980
0.178130
0.196066
0.249647
0.385461
0.560968
0.794235
0.440850
0.462782
0.466394
0.451599
0.472263
0.442153
0.443293
0.420074
0.405087
0.368706
0.356474
0.303586
0.283074
0.232329
0.209948
0.172531
0.199809
0.230791
0.385371
0.561299
0.489121
0.475450
0.506325
0.485720
0.487596
0.477913
0.463727
0.438213
0.427435
0.385659
0.364759
0.323640
0.287200
0.242541
0.216262
0.175134
0.199788
0.249729
0.405969
0.524340
0.516322
0.521967
0.520863
0.515894
0.492267
0.492347
0.452650
0.440702
0.401302
0.373121
0.326622
0.297448
0.236425
0.216172
0.172568
0.196042
0.254644
0.540778
0.546518
0.552289
0.534072
0.541495
0.510937
0.501358
0.471713
0.446308
0.408942
0.381316
0.328330
0.297425
0.242587
0.210006
0.178080
0.212103
0.571794
0.563075
0.577882
0.556801
0.552882
0.529196
0.511541
0.476716
0.456187
0.406238
0.381259
0.326653
0.287191
0.232251
0.204970
0.166922
0.597159
0.584152
0.589100
0.572698
0.563996
0.534387
0.519804
0.477105
0.456165
0.408982
0.373146
0.323601
0.283130
0.221749
0.201176
0.608567
0.602916
0.602217
0.580167
0.572105
0.536326
0.519749
0.476756
0.446292
0.401258
0.364778
0.303579
0.268902
0.207425
0.621984
0.607345
0.609624
0.581289
0.572073
0.534432
0.511555
0.471677
0.440765
0.385661
0.356465
0.291697
0.250944
0.629366
0.612053
0.609585
0.580209
0.563984
0.529155
0.501388
0.452645
0.427382
0.368733
0.328598
0.271850
0.629306
0.607396
0.602209
0.572668
0.552936
0.510938
0.492328
0.438257
0.405116
0.354302
0.310416
0.621996
0.602868
0.589153
0.556783
0.541453
0.492309
0.463707
0.420034
0.379556
0.320026
0.608599
0.584159
0.577837
0.534141
0.515886
0.477890
0.443360
0.389707
0.361108
0.597135
0.563117
0.552281
0.520812
0.487652
0.442128
0.418882
0.358301
0.571760
0.546505
0.522012
0.485732
0.472218
0.414275
0.384072
0.540853
0.516287
0.506296
0.451644
0.427518
0.387027
0.524273
0.475551
0.466348
0.434026
0.396798
0.489118
0.462718
0.424228
0.383026
0.440886
0.417243
0.408966
0.426831
0.366864
0.402352
3.665169
3.614429
3.611107
3.555134
3.545606
3.488631
3.476413
3.434505
3.415807
3.387423
3.386900
3.364070
3.386901
3.387422
3.415809
3.434503
3.476416
3.488627
3.545609
3.555129
3.611111
3.614421
3.665176
3.675630
3.647309
3.662017
3.665413
3.656680
3.658302
3.672025
3.674021
3.684675
3.702710
3.716751
3.728495
3.754564
3.765016
3.780028
3.794335
3.798526
3.795289
3.791679
3.771702
3.743256
3.721078
3.655198
3.656154
3.657795
3.628635
3.635457
3.639486
3.639101
3.643793
3.659757
3.671332
3.680338
3.709481
3.719066
3.743668
3.759204
3.783501
3.782119
3.809795
3.787523
3.802436
3.760338
3.759536
3.688782
3.610968
3.593499
3.607691
3.591072
3.597513
3.605678
3.615317
3.620157
3.647828
3.657958
3.680787
3.703642
3.729556
3.743745
3.774558
3.782576
3.798335
3.797707
3.798287
3.779367
3.759549
3.585783
3.584690
3.564208
3.581100
3.573809
3.580772
3.598894
3.609206
3.626450
3.650118
3.675648
3.690399
3.728069
3.740765
3.770938
3.779124
3.802217
3.787960
3.798271
3.760342
3.549565
3.536848
3.541493
3.526299
3.550524
3.547479
3.566974
3.583559
3.610384
3.622774
3.663099
3.680526
3.714327
3.735832
3.769572
3.777087
3.802229
3.797709
3.802448
3.520024
3.514772
3.512212
3.517741
3.517053
3.539880
3.553586
3.570090
3.602409
3.623843
3.652740
3.681122
3.716340
3.732561
3.769560
3.779126
3.798320
3.787525
3.492839
3.472792
3.478639
3.479459
3.500408
3.501295
3.539674
3.552247
3.585995
3.610942
3.651810
3.669991
3.716350
3.735832
3.770948
3.782577
3.809807
3.455460
3.460695
3.456997
3.464029
3.483263
3.503548
3.523045
3.556075
3.586965
3.611659
3.651802
3.681123
3.714317
3.740767
3.774546
3.782121
3.432974
3.415334
3.437564
3.438602
3.464429
3.483158
3.522466
3.537546
3.586972
3.610942
3.652748
3.680526
3.728078
3.743745
3.783511
3.411947
3.414238
3.416097
3.440631
3.462692
3.486250
3.522460
3.556075
3.585988
3.623844
3.663091
3.690400
3.729545
3.759207
3.389169
3.389673
3.413840
3.418803
3.462697
3.483158
3.523050
3.552247
3.602415
3.622772
3.675656
3.703641
3.743676
3.385103
3.391986
3.413837
3.440631
3.464424
3.503549
3.539669
3.570091
3.610376
3.650120
3.680777
3.719069
3.385106
3.389671
3.416101
3.438601
3.483267
3.501293
3.553592
3.583558
3.626456
3.657957
3.709489
3.389166
3.414239
3.437560
3.464029
3.500403
3.539882
3.566967
3.609209
3.647820
3.680339
3.411948
3.415333
3.457000
3.479457
3.517056
3.547478
3.598899
3.620154
3.671340
3.432972
3.460696
3.478635
3.517743
3.550519
3.580773
3.615311
3.659759
3.455461
3.472790
3.512215
3.526296
3.573814
3.605675
3.643798
3.492835
3.514774
3.541489
3.581102
3.597507
3.639104
3.520027
3.536843
3.564210
3.591068
3.639492
3.549561
3.584693
3.607687
3.635458
3.585785
3.593492
3.628642
3.610966
3.657798
3.656158
3.675632
3.647315
3.662021
3.665419
3.656682
3.658308
3.672030
3.674024
3.684682
3.702712
3.716758
3.728498
3.754573
3.765015
3.780041
3.794333
3.798539
3.795288
3.791692
3.771699
3.743274
3.721069
3.655220
3.656154
3.657800
3.628637
3.635461
3.639487
3.639107
3.643794
3.659762
3.671335
3.680343
3.709484
3.719072
3.743673
3.759209
3.783508
3.782125
3.809803
3.787527
3.802447
3.760343
3.759547
3.688783
3.610969
3.593492
3.607689
3.591068
3.597509
3.605675
3.615312
3.620154
3.647821
3.657957
3.680778
3.703640
3.729546
3.743744
3.774546
3.782576
3.798321
3.797706
3.798271
3.779365
3.759536
3.585782
3.584695
3.564207
3.581103
3.573810
3.580775
3.598895
3.609211
3.626453
3.650122
3.675653
3.690403
3.728075
3.740769
3.770946
3.779127
3.802227
3.787961
3.798285
3.760337
3.549563
3.536843
3.541491
3.526296
3.550520
3.547477
3.566969
3.583557
3.610378
3.622772
3.663091
3.680525
3.714318
3.735831
3.769561
3.777086
3.802217
3.797705
3.802437
3.520024
3.514774
3.512211
3.517743
3.517052
3.539883
3.553588
3.570092
3.602412
3.623845
3.652745
3.681124
3.716347
3.732563
3.769569
3.779124
3.798333
3.787522
3.492837
3.472790
3.478637
3.479457
3.500404
3.501293
3.539670
3.552246
3.585989
3.610942
3.651803
3.669991
3.716341
3.735831
3.770939
3.782575
3.809795
3.455458
3.460696
3.456996
3.464030
3.483263
3.503549
3.523047
3.556075
3.586969
3.611660
3.651808
3.681122
3.714326
3.740765
3.774556
3.782119
3.432973
3.415333
3.437561
3.438600
3.464425
3.483157
3.522461
3.537546
3.586967
3.610942
3.652742
3.680525
3.728071
3.743745
3.783502
3.411945
3.414239
3.416097
3.440630
3.462693
3.486250
3.522463
3.556075
3.585993
3.623842
3.663098
3.690399
3.729554
3.759203
3.389167
3.389670
3.413838
3.418801
3.462693
3.483157
3.523047
3.552247
3.602410
3.622774
3.675650
3.703641
3.743670
3.385103
3.391985
3.413837
3.440629
3.464426
3.503547
3.539672
3.570090
3.610382
3.650117
3.680786
3.719064
3.385104
3.389672
3.416098
3.438601
3.483264
3.501294
3.553588
3.583559
3.626453
3.657958
3.709483
3.389166
3.414237
3.437561
3.464028
3.500405
3.539879
3.566973
3.609205
3.647826
3.680337
3.411948
3.415333
3.456999
3.479458
3.517055
3.547479
3.598896
3.620157
3.671335
3.432972
3.460694
3.478637
3.517740
3.550522
3.580771
3.615315
3.659755
3.455462
3.472792
3.512214
3.526299
3.573811
3.605678
3.643795
3.492837
3.514772
3.541491
3.581099
3.597511
3.639100
3.520026
3.536848
3.564210
3.591072
3.639489
3.549563
3.584689
3.607690
3.635456
3.585785
3.593499
3.628638
3.610966
3.657793
3.656157

