Tension at each vertex
2.462040
2.462052
2.462041
2.462035
0.559682
3.912151
0.559709
3.912158
1.555453
1.555511
3.881874
3.881881
2.362441
2.278296
2.229442
2.148865
2.112805
2.047956
2.010007
1.953882
1.903189
1.830299
1.749480
1.615984
1.455267
1.226490
0.969327
0.715933
0.545854
0.442546
0.424965
0.441711
0.480864
0.486410
0.545927
2.354162
2.231802
2.200135
2.117278
2.078785
2.020007
1.980387
1.923645
1.879454
1.799685
1.717720
1.586997
1.413487
1.191728
0.940867
0.698700
0.527233
0.453081
0.417381
0.442733
0.461877
0.543173
2.362225
2.262384
2.205637
2.141816
2.091691
2.035425
1.996188
1.934784
1.885504
1.809615
1.715061
1.581174
1.408709
1.173298
0.927449
0.695893
0.526495
0.446534
0.426381
0.435271
0.461875
2.329067
2.239759
2.183988
2.107157
2.073416
2.004927
1.972966
1.913186
1.862269
1.784283
1.697268
1.552897
1.383643
1.158162
0.907539
0.686236
0.528128
0.444921
0.426438
0.442702
2.338717
2.260274
2.200767
2.130538
2.081785
2.030431
1.979922
1.928603
1.872900
1.790102
1.696542
1.558757
1.373662
1.153195
0.909634
0.681543
0.528099
0.446504
0.417412
2.343789
2.224148
2.182872
2.103256
2.064294
2.000365
1.969968
1.900793
1.858729
1.773376
1.679959
1.541463
1.370857
1.139662
0.909525
0.686260
0.526612
0.453018
2.332732
2.267631
2.185039
2.130619
2.075287
2.022332
1.975100
1.924655
1.857707
1.786061
1.684203
1.544861
1.371275
1.153317
0.907667
0.695683
0.527267
2.333663
2.221927
2.185632
2.092639
2.066365
1.996557
1.963617
1.899906
1.857089
1.764594
1.684502
1.541364
1.373977
1.157938
0.927682
0.698682
2.338196
2.259826
2.182794
2.131267
2.064634
2.024637
1.969663
1.918258
1.857145
1.786229
1.680158
1.559048
1.383646
1.173211
0.940656
2.333006
2.225132
2.179024
2.093705
2.066738
1.989801
1.969930
1.900200
1.858118
1.773434
1.696386
1.552881
1.408897
1.191636
2.332672
2.260632
2.182311
2.125830
2.066830
2.024918
1.963850
1.924799
1.858518
1.790255
1.696872
1.580960
1.413395
2.334688
2.221069
2.182426
2.093934
2.064923
1.996730
1.975100
1.900771
1.872577
1.784115
1.715104
1.587212
2.334717
2.260765
2.179146
2.131353
2.066285
2.022226
1.969572
1.928446
1.862209
1.809795
1.717344
2.332774
2.225200
2.182807
2.092590
2.075068
2.000253
1.979872
1.913261
1.885450
1.800189
2.332977
2.259760
2.185426
2.130497
2.064169
2.030443
1.973001
1.935202
1.879392
2.338113
2.221894
2.185010
2.103301
2.081881
2.005213
1.996178
1.923748
2.333604
2.267621
2.182892
2.130677
2.073397
2.035550
1.980427
2.332788
2.224262
2.200793
2.107264
2.091698
2.019920
2.343765
2.260305
2.183948
2.141757
2.078732
2.338716
2.239749
2.205616
2.117291
2.329030
2.262371
2.200074
2.362207
2.231843
2.354151
2.387649
2.398552
2.391178
2.441829
2.386869
2.432832
2.400163
2.432724
2.395969
2.438337
2.398203
2.435297
2.398119
2.438314
2.395989
2.432761
2.400137
2.432801
2.386815
2.441864
2.391158
2.398545
2.387629
2.517101
2.601989
2.733345
2.831746
2.979491
3.096185
3.243310
3.365700
3.499725
3.612256
3.727855
3.809223
3.898986
3.948924
3.995904
4.017096
4.033641
4.022554
4.023211
3.995483
3.984409
3.943548
3.926990
2.523032
2.581857
2.727640
2.829113
2.976689
3.098568
3.245551
3.366036
3.506497
3.607558
3.730463
3.809010
3.894198
3.944843
3.996658
4.006986
4.032927
4.017615
4.020245
3.992261
3.981881
3.963492
2.546567
2.622139
2.756533
2.872171
3.012455
3.137644
3.283088
3.401333
3.537207
3.642769
3.749505
3.832982
3.911057
3.954734
4.003566
4.016349
4.031343
4.023076
4.020182
3.996758
3.981884
2.511743
2.613135
2.742408
2.857332
3.009803
3.127159
3.280599
3.397362
3.533109
3.636811
3.752531
3.823003
3.911468
3.951368
3.999698
4.011138
4.032548
4.016198
4.020179
3.992261
2.529133
2.637818
2.773072
2.888732
3.034677
3.164518
3.302910
3.428936
3.557183
3.658335
3.766726
3.843186
3.914660
3.961972
4.004127
4.014957
4.032552
4.023076
4.020248
2.534363
2.609145
2.761122
2.874526
3.026237
3.149117
3.302763
3.412765
3.555629
3.651263
3.762786
3.834702
3.917617
3.951206
4.004124
4.011137
4.031340
4.017615
2.528123
2.656143
2.771443
2.907865
3.047067
3.177826
3.318817
3.443129
3.563025
3.670676
3.770708
3.843671
3.917622
3.961971
3.999701
4.016350
4.032929
2.529680
2.615950
2.776458
2.877917
3.044198
3.159798
3.312660
3.425388
3.565706
3.652849
3.770706
3.834699
3.914656
3.951368
4.003561
4.006985
2.536882
2.655901
2.778638
2.919603
3.047965
3.191085
3.322054
3.444326
3.565709
3.670673
3.762789
3.843188
3.911470
3.954735
3.996662
2.532675
2.624470
2.777461
2.886310
3.051846
3.158941
3.322052
3.425380
3.563021
3.651262
3.766721
3.823002
3.911055
3.944840
2.533667
2.660834
2.782339
2.918467
3.051840
3.191073
3.312656
3.443131
3.555631
3.658339
3.752537
3.832981
3.894202
2.536065
2.622351
2.782334
2.886284
3.047957
3.159793
3.318816
3.412765
3.557186
3.636807
3.749504
3.809007
2.536032
2.660792
2.777433
2.919600
3.044196
3.177835
3.302772
3.428938
3.533113
3.642772
3.730463
2.533633
2.624451
2.778645
2.877920
3.047086
3.149110
3.302915
3.397357
3.537203
3.607553
2.532667
2.655925
2.776482
2.907873
3.026241
3.164521
3.280593
3.401337
3.506501
2.536951
2.615948
2.771461
2.874512
3.034672
3.127146
3.283092
3.366025
2.529688
2.656146
2.761100
2.888729
3.009800
3.137643
3.245556
2.528113
2.609105
2.773081
2.857306
3.012469
3.098559
2.534348
2.637811
2.742409
2.872183
2.976682
2.529163
2.613122
2.756545
2.829100
2.511737
2.622155
2.727633
2.546593
2.581822
2.523024
2.333090
2.351854
2.254843
2.252693
2.177714
2.165566
2.105308
2.096432
2.038819
2.032954
1.983131
1.972849
1.924823
1.917718
1.863536
1.851316
1.800533
1.777752
1.718362
1.703322
1.635155
1.600776
1.541307
0.534661
0.565706
0.552466
0.567693
0.547770
0.566496
0.534275
0.536884
0.511358
0.499638
0.464450
0.462477
0.420617
0.436455
0.429363
0.494017
0.575525
0.748731
0.901965
1.136369
1.268476
1.481774
0.528777
0.503006
0.521514
0.514402
0.513213
0.497109
0.500709
0.473486
0.464730
0.448210
0.430557
0.424467
0.434141
0.459736
0.539337
0.656444
0.814910
1.008618
1.190266
1.358102
1.505494
0.453483
0.492437
0.459670
0.479440
0.463077
0.465081
0.440150
0.452051
0.418025
0.435320
0.425006
0.464923
0.507221
0.624920
0.736275
0.936976
1.088866
1.286054
1.418212
1.566082
0.446678
0.427297
0.450828
0.425142
0.432908
0.427266
0.422176
0.423213
0.440016
0.459622
0.515786
0.600394
0.716085
0.874411
1.038930
1.206475
1.368357
1.499146
1.603138
0.422489
0.431089
0.412087
0.442845
0.416799
0.448974
0.449589
0.493968
0.527369
0.627886
0.707885
0.870283
0.997045
1.177165
1.309576
1.467259
1.551394
1.683045
0.448884
0.454641
0.460793
0.469364
0.503437
0.526739
0.584621
0.661337
0.751248
0.877289
1.009729
1.152727
1.295811
1.426751
1.533000
1.640294
1.706679
0.539563
0.571383
0.584308
0.633842
0.666024
0.759663
0.815981
0.946544
1.040344
1.184127
1.289434
1.431532
1.508173
1.633763
1.679483
1.774078
0.742471
0.767724
0.813324
0.872686
0.936563
1.026469
1.120522
1.222864
1.327400
1.434484
1.519624
1.616382
1.680239
1.750398
1.799290
0.990905
1.051353
1.079028
1.166829
1.216977
1.316409
1.377231
1.484757
1.534639
1.638483
1.674975
1.760288
1.784899
1.857827
1.248488
1.300131
1.343526
1.401678
1.458105
1.528261
1.580135
1.650123
1.696513
1.754945
1.793842
1.844595
1.868458
1.470767
1.519911
1.542299
1.607954
1.626807
1.697931
1.716811
1.782792
1.796250
1.861658
1.862557
1.929054
1.630289
1.669303
1.686075
1.729496
1.753799
1.794104
1.817155
1.860189
1.874761
1.920018
1.932971
1.747237
1.788723
1.791565
1.835327
1.836050
1.888483
1.881354
1.939034
1.931796
1.987280
1.829532
1.857295
1.861525
1.897502
1.899265
1.938591
1.944198
1.981195
1.992022
1.896674
1.933636
1.920745
1.965602
1.954869
2.002318
1.994414
2.048907
1.939763
1.973942
1.969416
2.004299
2.005458
2.045064
2.048397
1.999995
2.033775
2.021968
2.067557
2.056411
2.113426
2.033669
2.073854
2.067240
2.111646
2.113646
2.099100
2.135998
2.128054
2.184426
2.139368
2.189730
2.182916
2.211458
2.268471
2.266595
2.517093
2.601988
2.733327
2.831748
2.979481
3.096175
3.243308
3.365692
3.499721
3.612255
3.727855
3.809220
3.898991
3.948923
3.995908
4.017096
4.033645
4.022554
4.023215
3.995483
3.984412
3.943548
3.926992
3.899148
3.871067
3.885032
3.888800
3.879910
3.881540
3.895291
3.897784
3.908026
3.926768
3.940940
3.953033
3.979584
3.990939
4.006193
4.021908
4.026924
4.024896
4.022694
4.004413
3.977057
3.957149
3.892437
2.549013
2.663864
2.692665
2.812337
2.856962
2.976533
3.024934
3.144955
3.198343
3.308428
3.357188
3.465441
3.501896
3.593583
3.632651
3.704834
3.724584
3.801934
3.804513
3.852042
3.874852
3.923935
2.671364
2.773688
2.837957
2.940312
3.007673
3.113123
3.184060
3.282578
3.349472
3.447190
3.500877
3.585128
3.637975
3.703426
3.737238
3.805877
3.818273
3.864409
3.888009
3.916625
3.899247
2.780166
2.910645
2.964338
3.091449
3.147951
3.266722
3.323257
3.439270
3.485302
3.588367
3.633833
3.716514
3.746432
3.826546
3.837383
3.894495
3.914294
3.946412
3.946343
3.995010
2.926197
3.034038
3.115930
3.219947
3.298592
3.400691
3.467734
3.560872
3.624452
3.699116
3.746500
3.817442
3.843058
3.893283
3.921142
3.948465
3.955945
3.995354
3.976063
3.043080
3.180325
3.244664
3.370728
3.426646
3.542115
3.595737
3.691433
3.732454
3.820346
3.840947
3.906771
3.928199
3.967220
3.972277
4.015713
3.998095
4.028446
3.196701
3.305134
3.389920
3.491610
3.568366
3.653355
3.716437
3.793964
3.834400
3.892124
3.927683
3.958832
3.976106
4.008732
3.999935
4.023600
4.019096
3.314613
3.448474
3.511461
3.623549
3.676513
3.776926
3.809687
3.888762
3.915832
3.965121
3.975513
4.019512
4.005869
4.036809
4.026324
4.037145
3.460650
3.559786
3.641104
3.729349
3.786938
3.857184
3.904150
3.945724
3.973338
4.006858
4.007123
4.026658
4.025038
4.025896
4.018583
3.570276
3.688315
3.735881
3.833829
3.870636
3.937559
3.956131
4.009181
4.000946
4.035334
4.024590
4.035541
4.018738
4.029301
3.691505
3.778562
3.843210
3.900635
3.944097
3.986791
3.999543
4.022867
4.027403
4.025625
4.019539
4.017348
3.999279
3.782772
3.870666
3.906127
3.974455
3.980289
4.024750
4.020263
4.034569
4.018431
4.028035
3.998102
3.998325
3.875508
3.934199
3.968504
4.003154
4.021422
4.024786
4.026790
4.022539
4.004962
3.990479
3.979738
3.927063
3.989691
4.000826
4.028732
4.021229
4.035664
4.005667
4.006335
3.981693
3.965629
3.989513
4.008911
4.027275
4.029492
4.020781
4.007489
3.997648
3.965415
3.950465
4.006647
4.035141
4.018121
4.026125
4.002996
3.987129
3.957667
3.947159
4.028300
4.025117
4.023921
3.995192
3.983104
3.956706
3.928822
4.021563
4.019025
3.993793
3.985147
3.941757
3.925396
4.020078
3.998201
3.974940
3.943644
3.927827
3.988964
3.978797
3.945705
3.916623
3.983025
3.943076
3.920005
3.940266
3.927131
3.948135
2.431103
2.545873
2.570403
2.675895
2.718768
2.820337
2.880922
2.984504
3.044828
3.148298
3.212194
3.304734
3.361270
3.453138
3.495594
3.570913
3.615429
3.674058
3.694816
3.765065
3.768660
3.797924
3.811970
1.694298
1.768968
1.845999
1.902074
1.950249
2.002547
2.050772
2.109111
2.177663
2.253539
2.352019
2.462069
2.586096
2.727006
2.869580
3.015284
3.165622
3.295597
3.430825
3.550646
3.647500
3.757810
1.751974
1.814700
1.902460
1.939488
2.011701
2.040979
2.121331
2.160811
2.260018
2.328121
2.450072
2.550567
2.701901
2.818552
2.991062
3.107587
3.275234
3.386461
3.530761
3.619423
3.755609
1.754621
1.831172
1.896735
1.944425
2.000208
2.046618
2.107899
2.174420
2.253132
2.350310
2.463762
2.587137
2.732085
2.874430
3.024718
3.174134
3.310479
3.444135
3.570631
3.673617
1.812777
1.871726
1.952281
1.985038
2.057384
2.096880
2.178022
2.237163
2.346995
2.429203
2.572560
2.684259
2.845868
2.976881
3.141930
3.265279
3.427891
3.528820
3.665758
1.825518
1.878970
1.944009
1.990678
2.046269
2.101682
2.174377
2.248578
2.351555
2.462420
2.591731
2.735530
2.884256
3.034714
3.188710
3.329505
3.462234
3.600314
1.874985
1.928038
1.995372
2.035673
2.110772
2.156900
2.253314
2.327397
2.447686
2.555297
2.706860
2.832895
3.004344
3.135426
3.298141
3.428977
3.567075
1.878875
1.930196
1.993321
2.036913
2.104338
2.168008
2.250661
2.347688
2.465760
2.591813
2.741279
2.890668
3.044069
3.202618
3.342916
3.484750
1.935382
1.975917
2.046899
2.092557
2.170085
2.236264
2.343060
2.432052
2.572710
2.694094
2.853113
2.995546
3.159886
3.295457
3.457280
1.934230
1.982899
2.041104
2.096640
2.171517
2.244549
2.350418
2.462733
2.595089
2.742009
2.896116
3.050435
3.210351
3.356002
1.985976
2.031107
2.104328
2.154974
2.249556
2.329370
2.446110
2.559679
2.709345
2.841894
3.012173
3.152434
3.315280
1.988591
2.033772
2.102026
2.165606
2.248204
2.345290
2.465912
2.591745
2.744601
2.895937
3.053984
3.212949
2.043112
2.091260
2.167243
2.237394
2.342584
2.434112
2.571965
2.697454
2.853446
2.999956
3.164594
2.040881
2.097344
2.171150
2.242857
2.348517
2.461070
2.593600
2.739525
2.897056
3.049316
2.104422
2.156746
2.250491
2.332820
2.445719
2.560156
2.706791
2.839064
3.005526
2.104672
2.167859
2.246996
2.342970
2.463459
2.586424
2.738656
2.887647
2.170860
2.242349
2.346186
2.435821
2.568996
2.692860
2.841789
2.174447
2.243550
2.345130
2.456779
2.585046
2.726139
2.256910
2.340278
2.446892
2.557092
2.696071
2.247440
2.339614
2.455759
2.573136
2.355257
2.442256
2.562722
2.333419
2.441987
2.469028
2.387662
2.398586
2.391178
2.441862
2.386862
2.432786
2.400227
2.432739
2.396011
2.438248
2.398210
2.435289
2.398263
2.438239
2.396002
2.432713
2.400223
2.432786
2.386889
2.441799
2.391194
2.398563
2.387647
2.362448
2.278275
2.229422
2.148859
2.112778
2.047946
2.009986
1.953765
1.903217
1.830000
1.749680
1.615681
1.455493
1.226783
0.969196
0.716020
0.545709
0.442670
0.424924
0.441703
0.480916
0.486386
0.545868
2.354138
2.231851
2.200146
2.117285
2.078800
2.019960
1.980346
1.923648
1.879357
1.799942
1.717649
1.587263
1.413773
1.191732
0.940903
0.698550
0.527286
0.453025
0.417436
0.442670
0.461861
0.543241
2.362226
2.262384
2.205616
2.141787
2.091584
2.035407
1.996052
1.934898
1.885447
1.809685
1.715076
1.580942
1.408832
1.173295
0.927449
0.695881
0.526450
0.446574
0.426426
0.435365
0.461857
2.329067
2.239778
2.183944
2.107183
2.073402
2.005045
1.973093
1.913351
1.862474
1.784333
1.697361
1.553133
1.383558
1.158144
0.907546
0.686231
0.528154
0.444905
0.426388
0.442681
2.338681
2.260264
2.200735
2.130565
2.081827
2.030515
1.979963
1.928571
1.872693
1.790005
1.696178
1.558841
1.373517
1.153313
0.909584
0.681536
0.528102
0.446609
0.417493
2.343769
2.224216
2.182931
2.103392
2.064389
2.000433
1.969904
1.900731
1.858599
1.773383
1.680046
1.541416
1.370861
1.139665
0.909590
0.686259
0.526524
0.452950
2.332779
2.267654
2.185079
2.130587
2.075176
2.022140
1.974841
1.924479
1.857626
1.786059
1.684220
1.544936
1.371113
1.153299
0.907544
0.695785
0.527359
2.333670
2.222009
2.185580
2.092615
2.066229
1.996538
1.963672
1.900094
1.857327
1.764761
1.684533
1.541230
1.373693
1.158118
0.927573
0.698594
2.338188
2.259709
2.182704
2.131124
2.064633
2.024663
1.969841
1.918365
1.857205
1.786140
1.680105
1.558943
1.383349
1.173084
0.940807
2.332939
2.225170
2.179026
2.093883
2.066922
1.990087
1.970057
1.900240
1.858013
1.773268
1.696258
1.552838
1.408806
1.191760
2.332682
2.260617
2.182433
2.125875
2.066919
2.024794
1.963727
1.924505
1.858416
1.790169
1.696948
1.581096
1.413736
2.334754
2.221229
2.182487
2.094015
2.064823
1.996623
1.974929
1.900738
1.872582
1.784225
1.715109
1.587259
2.334755
2.260689
2.179079
2.131122
2.066164
2.022052
1.969637
1.928493
1.862407
1.809864
1.717481
2.332736
2.225190
2.182732
2.092611
2.075079
2.000408
1.979987
1.913392
1.885459
1.800052
2.332929
2.259659
2.185438
2.130490
2.064304
2.030462
1.973099
1.935081
1.879492
2.338131
2.222004
2.185087
2.103409
2.081902
2.005204
1.996094
1.923576
2.333635
2.267598
2.182921
2.130597
2.073368
2.035386
1.980461
2.332820
2.224285
2.200747
2.107224
2.091644
2.019859
2.343725
2.260239
2.183927
2.141677
2.078761
2.338706
2.239743
2.205618
2.117301
2.329035
2.262355
2.200071
2.362207
2.231861
2.354133
2.517098
2.602023
2.733303
2.831772
2.979467
3.096184
3.243294
3.365705
3.499704
3.612269
3.727844
3.809233
3.898985
3.948937
3.995903
4.017109
4.033643
4.022565
4.023214
3.995493
3.984411
3.943556
3.926992
2.523035
2.581881
2.727664
2.829123
2.976718
3.098581
3.245561
3.366049
3.506506
3.607560
3.730472
3.809011
3.894202
3.944844
3.996661
4.006985
4.032929
4.017615
4.020247
3.992262
3.981883
3.963493
2.546550
2.622134
2.756520
2.872171
3.012426
3.137653
3.283068
3.401338
3.537198
3.642781
3.749495
3.832997
3.911051
3.954746
4.003563
4.016362
4.031339
4.023088
4.020179
3.996767
3.981881
2.511773
2.613154
2.742421
2.857354
3.009819
3.127166
3.280618
3.397371
3.533117
3.636819
3.752537
3.823003
3.911472
3.951368
3.999699
4.011138
4.032550
4.016197
4.020182
3.992262
2.529102
2.637803
2.773043
2.888719
3.034666
3.164523
3.302896
3.428951
3.557174
3.658345
3.766721
3.843200
3.914654
3.961987
4.004124
4.014969
4.032549
4.023088
4.020244
2.534366
2.609167
2.761151
2.874554
3.026255
3.149140
3.302775
3.412769
3.555637
3.651266
3.762788
3.834704
3.917621
3.951206
4.004126
4.011138
4.031341
4.017616
2.528119
2.656129
2.771436
2.907868
3.047058
3.177822
3.318810
3.443135
3.563016
3.670690
3.770706
3.843684
3.917620
3.961986
3.999697
4.016363
4.032926
2.529717
2.616006
2.776474
2.877936
3.044206
3.159809
3.312660
3.425399
3.565711
3.652852
3.770708
3.834703
3.914655
3.951369
4.003563
4.006987
2.536875
2.655862
2.778623
2.919579
3.047952
3.191086
3.322055
3.444333
3.565711
3.670687
3.762786
3.843201
3.911469
3.954747
3.996659
2.532666
2.624486
2.777451
2.886341
3.051853
3.158962
3.322058
3.425394
3.563016
3.651268
3.766720
3.823004
3.911053
3.944845
2.533640
2.660806
2.782349
2.918461
3.051855
3.191077
3.312656
3.443137
3.555633
3.658347
3.752537
3.832997
3.894199
2.536083
2.622415
2.782352
2.886324
3.047946
3.159812
3.318807
3.412772
3.557177
3.636818
3.749496
3.809014
2.536079
2.660778
2.777438
2.919584
3.044199
3.177825
3.302779
3.428949
3.533116
3.642783
3.730467
2.533620
2.624487
2.778619
2.877939
3.047071
3.149138
3.302897
3.397374
3.537195
3.607562
2.532655
2.655876
2.776494
2.907869
3.026253
3.164528
3.280610
3.401340
3.506504
2.536924
2.616003
2.771443
2.874557
3.034659
3.127164
3.283070
3.366047
2.529716
2.656149
2.761132
2.888718
3.009816
3.137652
3.245558
2.528114
2.609147
2.773057
2.857344
3.012430
3.098583
2.534365
2.637808
2.742410
2.872187
2.976707
2.529117
2.613163
2.756528
2.829119
2.511756
2.622151
2.727656
2.546587
2.581868
2.523008
2.362432
2.278339
2.229396
2.148878
2.112865
2.047907
2.010079
1.953841
1.903087
1.830124
1.749516
1.615378
1.455359
1.227018
0.969048
0.716017
0.545774
0.442584
0.424899
0.441744
0.480900
0.486386
0.545888
0.593231
0.582575
0.602730
0.594478
0.612060
0.592067
0.592104
0.581324
0.565772
0.541972
0.530255
0.492812
0.473433
0.446182
0.426384
0.428253
0.460937
0.533652
0.681503
0.856434
1.061463
1.251264
1.401032
2.266568
2.268512
2.182951
2.184410
2.113704
2.113544
2.048392
2.049020
1.992102
1.987212
1.932946
1.929194
1.868548
1.857921
1.799341
1.774177
1.706452
1.683267
1.603311
1.565746
1.505827
1.482140
2.211459
2.189663
2.128061
2.111601
2.056325
2.045026
1.994543
1.981126
1.931768
1.920059
1.862520
1.844705
1.784938
1.750560
1.679044
1.640628
1.551097
1.499267
1.418662
1.357707
1.268634
2.139418
2.136027
2.067208
2.067629
2.005536
2.002396
1.944282
1.939323
1.874769
1.861590
1.793847
1.760454
1.680103
1.634145
1.532709
1.467550
1.368546
1.285598
1.190350
1.136366
2.099046
2.073830
2.021945
2.004090
1.954836
1.938579
1.881449
1.860103
1.796372
1.755087
1.674737
1.616685
1.507779
1.426890
1.309433
1.205943
1.089229
1.008601
0.901980
2.033752
2.033750
1.969487
1.965713
1.899210
1.888649
1.817326
1.783184
1.696300
1.638469
1.519661
1.431543
1.295557
1.176576
1.039401
0.936844
0.814737
0.748716
2.000065
1.973936
1.920593
1.897310
1.836073
1.793926
1.716818
1.649933
1.535268
1.433973
1.289573
1.152167
0.997590
0.874190
0.736064
0.656626
0.575595
1.939829
1.933785
1.861755
1.835357
1.753714
1.698289
1.580262
1.484188
1.328020
1.183879
1.010162
0.870226
0.715947
0.625230
0.539332
0.493832
1.896774
1.857187
1.791451
1.729555
1.626550
1.527728
1.377150
1.222646
1.040372
0.877186
0.707866
0.600585
0.507250
0.459524
0.429601
1.829681
1.789059
1.686251
1.608057
1.458087
1.315824
1.120619
0.946551
0.751516
0.628022
0.515900
0.464846
0.434363
0.436470
1.747091
1.669190
1.542328
1.401665
1.217120
1.026559
0.815919
0.661376
0.527337
0.459600
0.425131
0.424430
0.420539
1.630633
1.520265
1.343452
1.166795
0.936451
0.759646
0.584750
0.494018
0.440218
0.435294
0.430579
0.462583
1.471355
1.300345
1.079100
0.872829
0.666097
0.526694
0.449614
0.423135
0.417994
0.448267
0.464394
1.248173
1.051394
0.813223
0.633748
0.503459
0.448983
0.422238
0.452135
0.464723
0.499645
0.991033
0.767671
0.584423
0.469325
0.416812
0.427228
0.440087
0.473449
0.511377
0.742447
0.571272
0.460699
0.442853
0.432879
0.465147
0.500744
0.536883
0.539542
0.454665
0.412092
0.425116
0.463069
0.497015
0.534281
0.448829
0.431048
0.450806
0.479439
0.513250
0.566542
0.422508
0.427281
0.459694
0.514350
0.547720
0.446689
0.492422
0.521492
0.567772
0.453455
0.503042
0.552424
0.528755
0.565693
0.534717
2.431104
2.545916
2.570386
2.675906
2.718788
2.820331
2.880921
2.984526
3.044821
3.148300
3.212203
3.304738
3.361263
3.453153
3.495590
3.570917
3.615431
3.674065
3.694813
3.765071
3.768660
3.797926
3.811969
3.948134
3.927130
3.920005
3.916623
3.927825
3.925396
3.928820
3.947158
3.950462
3.965626
3.979735
3.998322
3.999275
4.029297
4.018579
4.037142
4.019093
4.028441
3.976061
3.995007
3.899245
3.923932
3.940268
3.943083
3.945708
3.943652
3.941760
3.956713
3.957672
3.965422
3.981699
3.990485
3.998108
4.017354
4.018745
4.025902
4.026332
4.023604
3.998101
3.995359
3.946347
3.916629
3.874855
3.983024
3.978796
3.974938
3.985146
3.983102
3.987128
3.997645
4.006333
4.004958
4.028033
4.019534
4.035538
4.025034
4.036805
3.999931
4.015710
3.955941
3.946408
3.888007
3.852038
3.988965
3.998210
3.993796
3.995201
4.003001
4.007498
4.005672
4.022547
4.018438
4.025633
4.024597
4.026664
4.005877
4.008740
3.972283
3.948472
3.914301
3.864413
3.804517
4.020077
4.019023
4.023919
4.026123
4.020777
4.035662
4.026786
4.034566
4.027399
4.035330
4.007118
4.019510
3.976100
3.967216
3.921139
3.894489
3.818270
3.801931
4.021565
4.025128
4.018124
4.029503
4.021234
4.024796
4.020271
4.022875
4.000953
4.006867
3.975519
3.958840
3.928208
3.893288
3.837389
3.805886
3.724586
4.028299
4.035138
4.027273
4.028728
4.021419
4.024745
3.999539
4.009178
3.973332
3.965117
3.927680
3.906765
3.843054
3.826544
3.737232
3.704829
4.006650
4.008924
4.000831
4.003165
3.980295
3.986802
3.956138
3.945734
3.915842
3.892131
3.840955
3.817453
3.746436
3.703433
3.632661
3.989513
3.989685
3.968502
3.974450
3.944094
3.937552
3.904148
3.888755
3.834396
3.820344
3.746493
3.716509
3.637976
3.593574
3.927066
3.934213
3.906133
3.900647
3.870646
3.857194
3.809696
3.793976
3.732460
3.699123
3.633845
3.585132
3.501902
3.875509
3.870658
3.843211
3.833818
3.786936
3.776921
3.716433
3.691426
3.624454
3.588358
3.500872
3.465443
3.782779
3.778575
3.735888
3.729363
3.676520
3.653364
3.595751
3.560877
3.485309
3.447204
3.357190
3.691508
3.688306
3.641105
3.623536
3.568370
3.542103
3.467732
3.439271
3.349466
3.308421
3.570284
3.559797
3.511475
3.491619
3.426653
3.400707
3.323261
3.282582
3.198359
3.460660
3.448458
3.389920
3.370720
3.298591
3.266711
3.184071
3.144948
3.314622
3.305151
3.244673
3.219954
3.147967
3.113128
3.024930
3.196709
3.180303
3.115940
3.091437
3.007669
2.976546
3.043096
3.034053
2.964338
2.940336
2.856961
2.926194
2.910640
2.837959
2.812324
2.780175
2.773698
2.692680
2.671371
2.663864
2.548996
2.333113
2.351869
2.254793
2.252697
2.177714
2.165468
2.105356
2.096455
2.038733
2.032910
1.983169
1.972891
1.924893
1.917866
1.863381
1.851301
1.800474
1.777914
1.718150
1.703405
1.635117
1.600830
1.541123
1.672100
1.732677
1.853130
1.880121
1.967757
1.990647
2.065435
2.101021
2.183793
2.239684
2.350121
2.428721
2.571737
2.678225
2.838961
2.963847
3.127877
3.242552
3.408227
3.488207
3.644047
3.693337
3.818440
2.469007
2.441982
2.562757
2.573106
2.696080
2.726156
2.841783
2.887643
3.005541
3.049312
3.164587
3.212965
3.315272
3.356001
3.457281
3.484751
3.567067
3.600318
3.665755
3.673616
3.755608
3.757810
2.333457
2.442224
2.455765
2.557116
2.585029
2.692863
2.738677
2.839056
2.897049
2.999981
3.053978
3.152439
3.210361
3.295463
3.342914
3.428991
3.462235
3.528824
3.570634
3.619426
3.647501
2.355287
2.339628
2.446882
2.456773
2.569038
2.586394
2.706790
2.739544
2.853435
2.895935
3.012184
3.050429
3.159875
3.202625
3.298133
3.329500
3.427890
3.444132
3.530758
3.550644
2.247409
2.340267
2.345175
2.435784
2.463459
2.560181
2.593574
2.697460
2.744623
2.841895
2.896112
2.995569
3.044069
3.135432
3.188722
3.265285
3.310483
3.386466
3.430829
2.256987
2.243498
2.346221
2.342987
2.445684
2.461059
2.571994
2.591724
2.709340
2.742020
2.853096
2.890657
3.004348
3.034703
3.141923
3.174130
3.275231
3.295590
2.174500
2.242369
2.246949
2.332811
2.348543
2.434087
2.465918
2.559714
2.595072
2.694100
2.741303
2.832901
2.884265
2.976897
3.024727
3.107590
3.165632
2.170847
2.167862
2.250517
2.242791
2.342598
2.345321
2.446078
2.462715
2.572719
2.591781
2.706850
2.735527
2.845857
2.874412
2.991062
3.015271
2.104708
2.156648
2.171170
2.237440
2.248183
2.329387
2.350444
2.432028
2.465771
2.555329
2.591741
2.684267
2.732111
2.818554
2.869596
2.104449
2.097351
2.167207
2.165643
2.249589
2.244483
2.343041
2.347681
2.447659
2.462393
2.572564
2.587103
2.701894
2.726987
2.040822
2.091337
2.102110
2.154947
2.171535
2.236282
2.250651
2.327417
2.351610
2.429202
2.463788
2.550579
2.586120
2.043172
2.033767
2.104380
2.096631
2.170013
2.167977
2.253335
2.248521
2.346982
2.350280
2.450053
2.462034
1.988742
2.031179
2.041063
2.092559
2.104401
2.156892
2.174443
2.237201
2.253156
2.328126
2.352062
1.985985
1.982883
2.046899
2.036812
2.110801
2.101669
2.177979
2.174364
2.260011
2.253481
1.934256
1.975837
1.993403
2.035744
2.046315
2.096928
2.107973
2.160804
2.177722
1.935442
1.930134
1.995353
1.990670
2.057384
2.046507
2.121317
2.109040
1.878855
1.928173
1.944104
1.985055
2.000312
2.041000
2.050846
1.875015
1.878872
1.952315
1.944302
2.011657
2.002447
1.825620
1.871776
1.896817
1.939540
1.950365
1.812819
1.831027
1.902422
1.901915
1.754684
1.814778
1.846175
1.751961
1.768737
1.694627
2.362436
2.278298
2.229451
2.148813
2.112916
2.047900
2.010132
1.953970
1.903149
1.830248
1.749701
1.615341
1.455555
1.226945
0.969217
0.716037
0.545833
0.442599
0.424871
0.441739
0.480788
0.486448
0.545866
0.593266
0.582639
0.602674
0.594579
0.612075
0.592082
0.592164
0.581341
0.565748
0.542035
0.530169
0.492824
0.473418
0.446080
0.426422
0.428242
0.460738
0.533735
0.681424
0.856420
1.061135
1.251608
1.399950
2.266596
2.268518
2.182913
2.184444
2.113707
2.113460
2.048408
2.048930
1.991980
1.987186
1.932995
1.929136
1.868489
1.857805
1.799237
1.774010
1.706679
1.683062
1.603073
1.566069
1.505450
1.481755
2.211429
2.189688
2.128061
2.111589
2.056359
2.045117
1.994442
1.981141
1.931732
1.919964
1.862511
1.844681
1.784952
1.750379
1.679431
1.640334
1.551366
1.499194
1.418220
1.358095
1.268476
2.139397
2.136002
2.067211
2.067634
2.005486
2.002328
1.944295
1.939059
1.874644
1.861594
1.793856
1.760315
1.680271
1.633762
1.532918
1.467223
1.368330
1.286067
1.190168
1.136411
2.099059
2.073839
2.021893
2.004150
1.954896
1.938647
1.881338
1.860218
1.796194
1.754833
1.674947
1.616440
1.508147
1.426767
1.309560
1.206496
1.088846
1.008662
0.901973
2.033650
2.033742
1.969453
1.965607
1.899161
1.888581
1.817262
1.782749
1.696477
1.638450
1.519556
1.431562
1.295804
1.177149
1.038879
0.936988
0.814878
0.748689
2.000100
1.973857
1.920540
1.897421
1.836039
1.794015
1.716865
1.650174
1.534521
1.434460
1.289400
1.152733
0.997055
0.874446
0.736313
0.656445
0.575532
1.939717
1.933824
1.861544
1.835149
1.753750
1.698004
1.580063
1.484787
1.327399
1.184080
1.009740
0.870275
0.716046
0.625004
0.539354
0.494023
1.896805
1.857079
1.791569
1.729473
1.626586
1.528212
1.377231
1.222828
1.040305
0.877297
0.707811
0.600467
0.507175
0.459709
0.429345
1.829714
1.789023
1.685901
1.607939
1.458059
1.316316
1.120490
0.946590
0.751214
0.627933
0.515755
0.464906
0.434137
0.436476
1.747049
1.669346
1.542409
1.401498
1.216839
1.026467
0.815881
0.661360
0.527380
0.459623
0.424980
0.424477
0.420553
1.630575
1.519863
1.343472
1.166877
0.936526
0.759631
0.584604
0.493939
0.439993
0.435336
0.430513
0.462486
1.471030
1.300188
1.079026
0.872617
0.666002
0.526770
0.449540
0.423246
0.417980
0.448203
0.464441
1.248572
1.051288
0.813455
0.633841
0.503424
0.448965
0.422144
0.452021
0.464736
0.499615
0.990850
0.767815
0.584335
0.469468
0.416726
0.427280
0.440137
0.473474
0.511331
0.742672
0.571296
0.460791
0.442749
0.432937
0.465019
0.500702
0.536878
0.539517
0.454786
0.412040
0.425174
0.463022
0.497143
0.534243
0.448953
0.430934
0.450848
0.479378
0.513226
0.566441
0.422451
0.427369
0.459621
0.514415
0.547763
0.446685
0.492338
0.521558
0.567634
0.453490
0.503026
0.552435
0.528776
0.565673
0.534663
2.431093
2.545868
2.570412
2.675888
2.718769
2.820343
2.880927
2.984504
3.044839
3.148304
3.212198
3.304744
3.361277
3.453142
3.495600
3.570919
3.615430
3.674065
3.694817
3.765068
3.768662
3.797929
3.811968
3.948136
3.927128
3.920006
3.916621
3.927828
3.925394
3.928824
3.947156
3.950467
3.965626
3.979740
3.998322
3.999281
4.029297
4.018586
4.037142
4.019097
4.028442
3.976065
3.995004
3.899248
3.923929
3.940266
3.943076
3.945705
3.943644
3.941756
3.956705
3.957666
3.965415
3.981690
3.990479
3.998099
4.017347
4.018735
4.025896
4.026320
4.023600
3.998091
3.995355
3.946339
3.916629
3.874848
3.983027
3.978794
3.974942
3.985144
3.983106
3.987126
3.997650
4.006332
4.004965
4.028031
4.019542
4.035538
4.025040
4.036806
3.999938
4.015708
3.955947
3.946407
3.888009
3.852035
3.988964
3.998200
3.993792
3.995193
4.002994
4.007489
4.005665
4.022538
4.018428
4.025625
4.024585
4.026659
4.005865
4.008732
3.972272
3.948468
3.914288
3.864412
3.804510
4.020081
4.019022
4.023923
4.026122
4.020783
4.035660
4.026793
4.034566
4.027406
4.035331
4.007127
4.019508
3.976110
3.967217
3.921144
3.894490
3.818277
3.801926
4.021562
4.025117
4.018119
4.029492
4.021227
4.024787
4.020259
4.022867
4.000941
4.006857
3.975507
3.958834
3.928191
3.893285
3.837378
3.805878
3.724578
4.028303
4.035136
4.027278
4.028729
4.021424
4.024747
3.999547
4.009177
3.973342
3.965119
3.927686
3.906768
3.843064
3.826540
3.737242
3.704830
4.006646
4.008912
4.000822
4.003155
3.980285
3.986790
3.956126
3.945726
3.915823
3.892126
3.840940
3.817443
3.746424
3.703431
3.632641
3.989515
3.989688
3.968507
3.974450
3.944101
3.937557
3.904153
3.888761
3.834406
3.820342
3.746506
3.716513
3.637978
3.593579
3.927060
3.934199
3.906123
3.900638
3.870628
3.857187
3.809681
3.793963
3.732445
3.699120
3.633821
3.585133
3.501889
3.875512
3.870665
3.843212
3.833827
3.786943
3.776923
3.716443
3.691435
3.624456
3.588366
3.500886
3.465437
3.782765
3.778566
3.735876
3.729349
3.676506
3.653359
3.595725
3.560876
3.485293
3.447192
3.357177
3.691510
3.688312
3.641109
3.623551
3.568369
3.542117
3.467744
3.439270
3.349479
3.308433
3.570271
3.559792
3.511449
3.491615
3.426637
3.400692
3.323243
3.282586
3.198324
3.460651
3.448477
3.389926
3.370729
3.298598
3.266731
3.184064
3.144959
3.314606
3.305135
3.244651
3.219956
3.147930
3.113127
3.024919
3.196702
3.180334
3.115927
3.091456
3.007683
2.976538
3.043058
3.034043
2.964323
2.940310
2.856937
2.926197
2.910649
2.837955
2.812353
2.780143
2.773699
2.692636
2.671349
2.663874
2.549001
2.333091
2.351826
2.254822
2.252688
2.177675
2.165550
2.105330
2.096419
2.038736
2.032927
1.983135
1.972901
1.924873
1.917723
1.863444
1.851316
1.800554
1.777792
1.718372
1.703357
1.635127
1.600806
1.541326
1.672048
1.732730
1.853088
1.880157
1.967719
1.990682
2.065402
2.101050
2.183773
2.239711
2.350101
2.428752
2.571717
2.678247
2.838950
2.963860
3.127865
3.242565
3.408214
3.488216
3.644038
3.693343
3.818431
2.469049
2.441956
2.562733
2.573114
2.696077
2.726112
2.841800
2.887624
3.005524
3.049305
3.164593
3.212936
3.315278
3.355993
3.457272
3.484745
3.567069
3.600308
3.665752
3.673614
3.755599
3.757810
2.333438
2.442246
2.455762
2.557087
2.585061
2.692857
2.738658
2.839072
2.897061
2.999964
3.053994
3.152443
3.210353
3.295468
3.342920
3.428984
3.462237
3.528828
3.570628
3.619432
3.647498
2.355262
2.339594
2.446909
2.456750
2.569001
2.586402
2.706785
2.739505
2.853449
2.895923
3.012165
3.050426
3.159879
3.202608
3.298135
3.329500
3.427879
3.444134
3.530752
3.550644
2.247459
2.340260
2.345155
2.435820
2.463456
2.560156
2.593609
2.697463
2.744606
2.841908
2.896118
2.995555
3.044076
3.135439
3.188709
3.265292
3.310479
3.386469
3.430823
2.256953
2.243531
2.346182
2.342946
2.445710
2.461048
2.571964
2.591735
2.709335
2.741991
2.853106
2.890660
3.004332
3.034711
3.141919
3.174128
3.275224
3.295598
2.174465
2.242357
2.246989
2.332807
2.348528
2.434129
2.465919
2.559687
2.595091
2.694106
2.741281
2.832915
2.884258
2.976892
3.024719
3.107601
3.165616
2.170848
2.167815
2.250482
2.242839
2.342586
2.345283
2.446096
2.462710
2.572693
2.591808
2.706849
2.735522
2.845856
2.874427
2.991045
3.015287
2.104669
2.156715
2.171159
2.237428
2.248219
2.329374
2.350410
2.432064
2.465765
2.555317
2.591736
2.684276
2.732080
2.818573
2.869579
2.104387
2.097347
2.167255
2.165607
2.249537
2.244516
2.343034
2.347680
2.447678
2.462414
2.572539
2.587136
2.701886
2.727005
2.040879
2.091311
2.102063
2.154969
2.171495
2.236270
2.250670
2.327426
2.351557
2.429225
2.463758
2.550586
2.586100
2.043170
2.033780
2.104299
2.096595
2.170045
2.168004
2.253305
2.248577
2.346967
2.350301
2.450056
2.462073
1.988646
2.031109
2.041052
2.092552
2.104349
2.156940
2.174380
2.237180
2.253127
2.328144
2.352016
1.985925
1.982835
2.046851
2.036910
2.110768
2.101681
2.177987
2.174406
2.259990
2.253548
1.934171
1.975892
1.993333
2.035727
2.046272
2.096894
2.107883
2.160839
2.177661
1.935330
1.930210
1.995370
1.990682
2.057342
2.046599
2.121295
2.109112
1.878867
1.928102
1.944013
1.985048
2.000183
2.041003
2.050772
1.874999
1.878966
1.952237
1.944404
2.011660
2.002544
1.825511
1.871747
1.896697
1.939515
1.950243
1.812725
1.831158
1.902424
1.902067
1.754585
1.814724
1.845991
1.751961
1.768960
1.694263
2.333077
2.351869
2.254814
2.252653
2.177719
2.165493
2.105285
2.096426
2.038767
2.032882
1.983105
1.972883
1.924818
1.917843
1.863412
1.851303
1.800429
1.777932
1.718135
1.703429
1.635109
1.600862
1.541108
0.534742
0.565674
0.552413
0.567781
0.547701
0.566471
0.534281
0.536834
0.511341
0.499626
0.464354
0.462524
0.420508
0.436409
0.429547
0.493820
0.575576
0.748640
0.902036
1.136355
1.268628
1.482107
0.528736
0.503068
0.521490
0.514317
0.513327
0.497025
0.500752
0.473453
0.464731
0.448196
0.430611
0.424349
0.434361
0.459467
0.539387
0.656542
0.814715
1.008572
1.190268
1.357736
1.505788
0.453471
0.492374
0.459755
0.479394
0.462983
0.465121
0.440063
0.452048
0.418012
0.435212
0.425079
0.464807
0.507164
0.625173
0.736168
0.936760
1.089234
1.285609
1.418652
1.565711
0.446740
0.427280
0.450766
0.425227
0.432969
0.427176
0.422337
0.423068
0.440217
0.459577
0.515870
0.600559
0.715987
0.874148
1.039377
1.205986
1.368503
1.499266
1.603295
0.422472
0.431140
0.412104
0.442654
0.416870
0.448913
0.449575
0.494012
0.527319
0.627940
0.707876
0.870085
0.997550
1.176560
1.309414
1.467497
1.551107
1.683200
0.448861
0.454579
0.460981
0.469461
0.503486
0.526764
0.584846
0.661306
0.751594
0.877087
1.010161
1.152189
1.295513
1.426843
1.532735
1.640616
1.706419
0.539760
0.571285
0.584271
0.633705
0.666186
0.759457
0.816022
0.946455
1.040320
1.183912
1.289492
1.431443
1.507795
1.634073
1.679029
1.774165
0.742306
0.767855
0.813515
0.872691
0.936762
1.026574
1.120619
1.222764
1.327975
1.433940
1.519745
1.616590
1.680049
1.750590
1.799326
0.991287
1.050971
1.079368
1.166761
1.217051
1.315975
1.377054
1.484134
1.535352
1.638377
1.674682
1.760440
1.784855
1.857871
1.249077
1.300487
1.343429
1.401804
1.458073
1.527726
1.580366
1.649828
1.696319
1.755168
1.793800
1.844629
1.868553
1.471228
1.520031
1.542162
1.608198
1.626655
1.698200
1.716793
1.783224
1.796323
1.861558
1.862536
1.929090
1.629820
1.669355
1.686251
1.729393
1.753821
1.793961
1.817233
1.860063
1.874862
1.920032
1.932901
1.747458
1.788684
1.791658
1.835502
1.835999
1.888621
1.881476
1.939245
1.931741
1.987248
1.829517
1.857409
1.861554
1.897364
1.899304
1.938459
1.944221
1.981169
1.992087
1.896744
1.933673
1.920854
1.965614
1.954810
2.002427
1.994463
2.048959
1.939850
1.973919
1.969375
2.004219
2.005447
2.044945
2.048417
2.000033
2.033806
2.021979
2.067520
2.056390
2.113484
2.033689
2.073778
2.067219
2.111601
2.113605
2.099115
2.136000
2.128020
2.184409
2.139335
2.189690
2.182923
2.211467
2.268449
2.266570
2.517085
2.601998
2.733296
2.831764
2.979461
3.096176
3.243296
3.365700
3.499702
3.612270
3.727843
3.809231
3.898985
3.948936
3.995901
4.017109
4.033641
4.022564
4.023212
3.995492
3.984409
3.943556
3.926990
3.899149
3.871073
3.885034
3.888805
3.879912
3.881545
3.895293
3.897789
3.908028
3.926772
3.940942
3.953037
3.979586
3.990943
4.006195
4.021912
4.026924
4.024901
4.022694
4.004417
3.977055
3.957155
3.892432
2.549003
2.663859
2.692685
2.812315
2.856971
2.976536
3.024929
3.144944
3.198352
3.308412
3.357185
3.465434
3.501892
3.593568
3.632650
3.704821
3.724578
3.801923
3.804510
3.852031
3.874848
3.923928
2.671388
2.773684
2.837972
2.940332
3.007675
3.113132
3.184078
3.282583
3.349476
3.447207
3.500879
3.585138
3.637983
3.703437
3.737240
3.805889
3.818276
3.864417
3.888011
3.916633
3.899247
2.780181
2.910638
2.964339
3.091435
3.147967
3.266703
3.323259
3.439265
3.485301
3.588353
3.633837
3.716502
3.746429
3.826537
3.837381
3.894483
3.914293
3.946403
3.946340
3.995002
2.926204
3.034046
3.115950
3.219950
3.298599
3.400708
3.467737
3.560881
3.624460
3.699125
3.746501
3.817455
3.843060
3.893291
3.921144
3.948474
3.955945
3.995361
3.976064
3.043102
3.180300
3.244673
3.370720
3.426648
3.542100
3.595746
3.691420
3.732454
3.820339
3.840947
3.906761
3.928200
3.967212
3.972276
4.015705
3.998094
4.028438
3.196715
3.305151
3.389924
3.491619
3.568377
3.653363
3.716439
3.793977
3.834401
3.892133
3.927686
3.958841
3.976106
4.008741
3.999935
4.023605
4.019097
3.314619
3.448457
3.511473
3.623533
3.676516
3.776919
3.809689
3.888752
3.915835
3.965113
3.975513
4.019506
4.005870
4.036802
4.026325
4.037138
3.460666
3.559794
3.641110
3.729364
3.786940
3.857194
3.904154
3.945734
3.973338
4.006868
4.007123
4.026665
4.025038
4.025902
4.018583
3.570281
3.688307
3.735884
3.833817
3.870641
3.937550
3.956132
4.009175
4.000947
4.035327
4.024591
4.035534
4.018739
4.029294
3.691510
3.778574
3.843216
3.900646
3.944099
3.986803
3.999544
4.022876
4.027404
4.025633
4.019539
4.017354
3.999279
3.782777
3.870656
3.906129
3.974449
3.980290
4.024743
4.020266
4.034563
4.018433
4.028030
3.998104
3.998320
3.875512
3.934213
3.968505
4.003165
4.021424
4.024795
4.026790
4.022546
4.004962
3.990485
3.979738
3.927063
3.989684
4.000828
4.028726
4.021231
4.035659
4.005668
4.006331
3.981695
3.965624
3.989517
4.008923
4.027277
4.029503
4.020781
4.007497
3.997648
3.965421
3.950465
4.006647
4.035137
4.018121
4.026121
4.002998
3.987125
3.957669
3.947155
4.028302
4.025127
4.023923
3.995200
3.983105
3.956712
3.928823
4.021564
4.019021
3.993794
3.985144
3.941758
3.925394
4.020080
3.998210
3.974941
3.943651
3.927828
3.988964
3.978794
3.945707
3.916621
3.983027
3.943083
3.920006
3.940267
3.927129
3.948136
2.431115
2.545889
2.570395
2.675908
2.718790
2.820332
2.880935
2.984526
3.044830
3.148309
3.212210
3.304743
3.361275
3.453157
3.495598
3.570924
3.615436
3.674070
3.694818
3.765074
3.768664
3.797930
3.811970
1.694611
1.768711
1.846165
1.901897
1.950358
2.002428
2.050848
2.109027
2.177721
2.253481
2.352062
2.462029
2.586129
2.726979
2.869600
3.015268
3.165632
3.295586
3.430832
3.550638
3.647502
3.757806
1.751917
1.814814
1.902373
1.939563
2.011619
2.041023
2.121277
2.160838
2.259979
2.328151
2.450039
2.550597
2.701878
2.818575
2.991044
3.107604
3.275220
3.386473
3.530748
3.619433
3.755599
1.754670
1.831008
1.896822
1.944286
2.000308
2.046505
2.107975
2.174354
2.253174
2.350269
2.463798
2.587103
2.732114
2.874407
3.024735
3.174120
3.310488
3.444126
3.570636
3.673610
1.812787
1.871805
1.952265
1.985098
2.057344
2.096954
2.177963
2.237226
2.346963
2.429237
2.572543
2.684289
2.845845
2.976908
3.141911
3.265296
3.427877
3.528832
3.665746
1.825591
1.878865
1.944089
1.990639
2.046327
2.101645
2.174448
2.248521
2.351616
2.462386
2.591759
2.735514
2.884277
3.034696
3.188727
3.329493
3.462241
3.600309
1.874947
1.928160
1.995312
2.035742
2.110749
2.156921
2.253297
2.327438
2.447648
2.555343
2.706837
2.832919
3.004330
3.135445
3.298123
3.428996
3.567060
1.878853
1.930091
1.993377
2.036800
2.104388
2.167952
2.250671
2.347659
2.465786
2.591777
2.741310
2.890649
3.044081
3.202611
3.342924
3.484741
1.935390
1.975877
2.046856
2.092569
2.170006
2.236292
2.343025
2.432059
2.572697
2.694119
2.853086
2.995576
3.159866
3.295472
3.457269
1.934258
1.982863
2.041102
2.096606
2.171549
2.244489
2.350452
2.462710
2.595096
2.742006
2.896130
3.050421
3.210368
3.355993
1.985987
2.031168
2.104346
2.154980
2.249556
2.329406
2.446078
2.559721
2.709333
2.841910
3.012169
3.152451
3.315262
1.988696
2.033752
2.102078
2.165611
2.248204
2.345291
2.465935
2.591722
2.744631
2.895930
3.053990
3.212952
2.043086
2.091299
2.167191
2.237414
2.342579
2.434106
2.571970
2.697474
2.853427
2.999983
3.164581
2.040840
2.097291
2.171161
2.242792
2.348532
2.461055
2.593595
2.739531
2.897067
3.049305
2.104417
2.156679
2.250476
2.332821
2.445688
2.560176
2.706788
2.839064
3.005529
2.104677
2.167847
2.246976
2.342959
2.463477
2.586400
2.738682
2.887646
2.170860
2.242332
2.346213
2.435801
2.569013
2.692874
2.841774
2.174480
2.243508
2.345143
2.456781
2.585040
2.726153
2.256916
2.340276
2.446876
2.557104
2.696075
2.247405
2.339604
2.455770
2.573119
2.355277
2.442234
2.562730
2.333413
2.441996
2.469007
0.593231
0.582645
0.602655
0.594551
0.612064
0.592081
0.592133
0.581353
0.565757
0.542032
0.530181
0.492860
0.473430
0.446088
0.426490
0.428269
0.460797
0.533749
0.681445
0.856514
1.061221
1.251574
1.400036
0.649963
0.614965
0.656996
0.631094
0.645067
0.635140
0.631943
0.606168
0.608824
0.567361
0.557720
0.518747
0.497419
0.453499
0.446145
0.411451
0.454626
0.496447
0.646155
0.801505
1.035050
1.209697
0.675028
0.665386
0.672309
0.682167
0.675258
0.662522
0.666773
0.637805
0.627220
0.602189
0.575825
0.539075
0.515385
0.468338
0.450106
0.422786
0.439139
0.491308
0.625395
0.801576
1.034983
0.689446
0.711512
0.714894
0.700656
0.720856
0.690719
0.691657
0.668238
0.653222
0.616625
0.604137
0.551118
0.530040
0.478717
0.455838
0.416932
0.442935
0.472400
0.625348
0.801578
0.737317
0.724453
0.754700
0.734209
0.736102
0.726312
0.712134
0.686667
0.675407
0.633915
0.612370
0.571285
0.534346
0.489218
0.461944
0.420224
0.442858
0.491379
0.646179
0.773016
0.765010
0.771083
0.769708
0.764473
0.741195
0.740613
0.701307
0.688877
0.649486
0.621187
0.574174
0.544671
0.483139
0.461874
0.416993
0.439143
0.496378
0.789991
0.795587
0.800779
0.783408
0.790211
0.759663
0.750010
0.720160
0.694717
0.657119
0.629279
0.576141
0.544609
0.489273
0.455848
0.422707
0.454657
0.820372
0.812441
0.826779
0.805229
0.801771
0.778042
0.760130
0.725102
0.704746
0.654462
0.629261
0.574206
0.534369
0.478643
0.450137
0.411496
0.846261
0.833336
0.838593
0.822306
0.812284
0.783484
0.768609
0.725388
0.704725
0.657140
0.621180
0.571251
0.530051
0.468396
0.446031
0.857824
0.851852
0.850443
0.829667
0.820940
0.784839
0.768609
0.725115
0.694721
0.649471
0.612395
0.551141
0.515329
0.453487
0.870648
0.857572
0.858472
0.830442
0.820930
0.783496
0.760117
0.720159
0.688883
0.633925
0.604095
0.539096
0.497464
0.878409
0.860854
0.858485
0.829668
0.812286
0.778042
0.750025
0.701308
0.675395
0.616652
0.575842
0.518697
0.878400
0.857579
0.850421
0.822324
0.801763
0.759671
0.740595
0.686698
0.653210
0.602170
0.557734
0.870648
0.851858
0.838604
0.805215
0.790219
0.741207
0.712127
0.668234
0.627241
0.567387
0.857813
0.833341
0.826769
0.783445
0.764435
0.726343
0.691652
0.637826
0.608774
0.846273
0.812450
0.800759
0.769716
0.736119
0.690704
0.666768
0.606209
0.820327
0.795632
0.771075
0.734221
0.720834
0.662587
0.631886
0.790000
0.764981
0.754705
0.700681
0.675222
0.635153
0.773010
0.724518
0.714830
0.682228
0.645059
0.737256
0.711537
0.672317
0.631064
0.689453
0.665385
0.656992
0.675024
0.615005
0.649887
0.601430
0.615950
0.687132
0.718607
0.737058
0.773505
0.806666
0.821172
0.844235
0.861082
0.868395
0.870264
0.868395
0.861061
0.844252
0.821135
0.806651
0.773502
0.737028
0.718540
0.687178
0.615865
0.601395
0.593236
0.582562
0.602756
0.594463
0.612062
0.592091
0.592131
0.581300
0.565816
0.541931
0.530259
0.492783
0.473424
0.446117
0.426383
0.428164
0.460901
0.533668
0.681469
0.856319
1.061440
1.251269
1.400991
0.649853
0.615013
0.656949
0.631047
0.645045
0.635130
0.631857
0.606214
0.608759
0.567365
0.557743
0.518684
0.497447
0.453463
0.446057
0.411424
0.454688
0.496306
0.646278
0.801689
1.034928
1.209743
0.675042
0.665383
0.672348
0.682222
0.675230
0.662597
0.666768
0.637805
0.627250
0.602150
0.575816
0.539080
0.515308
0.468347
0.450077
0.422698
0.439009
0.491456
0.625323
0.801603
1.034978
0.689437
0.711531
0.714806
0.700686
0.720814
0.690693
0.691656
0.668229
0.653198
0.616659
0.604097
0.551120
0.530052
0.478638
0.455814
0.416960
0.442840
0.472287
0.625440
0.801599
0.737268
0.724523
0.754713
0.734212
0.736134
0.726330
0.712119
0.686692
0.675386
0.633894
0.612383
0.571231
0.534316
0.489246
0.461818
0.420168
0.442892
0.491350
0.646285
0.772999
0.764976
0.771073
0.769713
0.764426
0.741217
0.740593
0.701304
0.688891
0.649477
0.621166
0.574213
0.544604
0.483107
0.461935
0.416871
0.439070
0.496362
0.790008
0.795629
0.800757
0.783445
0.790215
0.759655
0.750024
0.720143
0.694699
0.657126
0.629239
0.576097
0.544649
0.489166
0.455782
0.422760
0.454582
0.820325
0.812453
0.826769
0.805214
0.801772
0.778046
0.760117
0.725127
0.704729
0.654458
0.629290
0.574164
0.534333
0.478710
0.450055
0.411403
0.846270
0.833337
0.838601
0.822317
0.812274
0.783490
0.768595
0.725368
0.704736
0.657090
0.621159
0.571259
0.529989
0.468293
0.446113
0.857819
0.851859
0.850427
0.829674
0.820938
0.784841
0.768625
0.725101
0.694726
0.649493
0.612365
0.551113
0.515386
0.453444
0.870639
0.857579
0.858473
0.830435
0.820931
0.783471
0.760115
0.720149
0.688847
0.633896
0.604111
0.539020
0.497395
0.878411
0.860854
0.858487
0.829666
0.812299
0.778048
0.750018
0.701313
0.675423
0.616606
0.575850
0.518720
0.878397
0.857569
0.850428
0.822303
0.801750
0.759658
0.740595
0.686640
0.653211
0.602155
0.557677
0.870663
0.851852
0.838607
0.805232
0.790230
0.741185
0.712163
0.668229
0.627229
0.567364
0.857807
0.833337
0.826762
0.783400
0.764460
0.726302
0.691626
0.637802
0.608786
0.846277
0.812438
0.800802
0.769702
0.736120
0.690722
0.666792
0.606145
0.820358
0.795584
0.771062
0.734214
0.720827
0.662511
0.631928
0.790006
0.765013
0.754716
0.700644
0.675297
0.635112
0.773001
0.724446
0.714887
0.682155
0.645035
0.737334
0.711508
0.672318
0.631110
0.689432
0.665390
0.656973
0.675037
0.614964
0.649956
3.887973
3.837403
3.833161
3.777656
3.767352
3.710817
3.698174
3.656947
3.636745
3.609684
3.609759
3.586558
3.609759
3.609685
3.636745
3.656949
3.698175
3.710820
3.767352
3.777661
3.833161
3.837408
3.887973
3.899149
3.871074
3.885035
3.888806
3.879914
3.881546
3.895295
3.897790
3.908031
3.926773
3.940946
3.953037
3.979591
3.990943
4.006199
4.021912
4.026930
4.024900
4.022700
4.004415
3.977061
3.957150
3.892440
3.879067
3.880224
3.851567
3.857734
3.862235
3.861792
3.866506
3.882558
3.894591
3.903375
3.933167
3.943049
3.968003
3.984241
4.009478
4.008602
4.037759
4.016607
4.032818
3.992321
3.993273
3.923860
3.833668
3.816166
3.830035
3.813870
3.819689
3.828462
3.837975
3.843002
3.870653
3.881418
3.903975
3.927672
3.953874
3.968640
4.000238
4.009441
4.025778
4.026982
4.028698
4.011451
3.993269
3.808044
3.806776
3.786311
3.803121
3.796200
3.802699
3.821323
3.831595
3.848999
3.872790
3.898891
3.913516
3.952064
3.965238
3.996130
4.005388
4.029796
4.016502
4.028702
3.992321
3.771620
3.759126
3.763495
3.748395
3.772522
3.770077
3.789036
3.806233
3.832923
3.845562
3.886063
3.904181
3.937887
3.960526
3.994883
4.003434
4.029791
4.026983
4.032814
3.742004
3.736594
3.734188
3.739756
3.738957
3.761677
3.775882
3.792003
3.824879
3.846333
3.875450
3.904237
3.940118
3.956503
3.994888
4.005387
4.025783
4.016605
3.714614
3.694956
3.700409
3.701507
3.722543
3.723500
3.761687
3.774817
3.808130
3.833816
3.874735
3.893317
3.940113
3.960526
3.996126
4.009443
4.037755
3.677133
3.682425
3.678918
3.685631
3.705146
3.725542
3.745004
3.778102
3.809394
3.833763
3.874739
3.904237
3.937892
3.965237
4.000244
4.008600
3.655233
3.637457
3.659952
3.660967
3.686281
3.705287
3.744672
3.759708
3.809391
3.833816
3.875446
3.904183
3.952060
3.968643
4.009474
3.633340
3.635392
3.637476
3.662864
3.684713
3.707954
3.744675
3.778101
3.808134
3.846332
3.886068
3.913514
3.953879
3.984238
3.611304
3.611814
3.635264
3.641042
3.684712
3.705287
3.745002
3.774818
3.824877
3.845565
3.898888
3.927675
3.968000
3.608258
3.613832
3.635266
3.662863
3.686284
3.725542
3.761691
3.792002
3.832928
3.872788
3.903980
3.943046
3.608257
3.611815
3.637475
3.660968
3.705144
3.723502
3.775881
3.806236
3.848998
3.881422
3.933164
3.611305
3.635393
3.659954
3.685631
3.722547
3.761676
3.789040
3.831593
3.870658
3.903372
3.633341
3.637458
3.678918
3.701509
3.738956
3.770081
3.821322
3.843006
3.894589
3.655236
3.682426
3.700413
3.739757
3.772526
3.802698
3.837980
3.882555
3.677133
3.694959
3.734188
3.748399
3.796200
3.828466
3.866505
3.714617
3.736593
3.763499
3.803120
3.819693
3.861790
3.742006
3.759129
3.786311
3.813875
3.862235
3.771622
3.806777
3.830038
3.857732
3.808045
3.816170
3.851568
3.833670
3.880223
3.879067
3.899148
3.871067
3.885033
3.888799
3.879910
3.881540
3.895290
3.897784
3.908025
3.926767
3.940938
3.953032
3.979582
3.990938
4.006190
4.021908
4.026921
4.024897
4.022690
4.004415
3.977054
3.957152
3.892434
3.879066
3.880225
3.851567
3.857734
3.862234
3.861792
3.866503
3.882558
3.894587
3.903375
3.933162
3.943049
3.967997
3.984241
4.009471
4.008603
4.037752
4.016608
4.032811
3.992323
3.993265
3.923861
3.833670
3.816170
3.830037
3.813874
3.819691
3.828465
3.837977
3.843004
3.870655
3.881420
3.903977
3.927673
3.953875
3.968642
4.000239
4.009443
4.025779
4.026984
4.028697
4.011454
3.993267
3.808045
3.806777
3.786310
3.803121
3.796199
3.802699
3.821320
3.831595
3.848996
3.872790
3.898886
3.913517
3.952058
3.965239
3.996124
4.005389
4.029788
4.016505
4.028694
3.992322
3.771622
3.759129
3.763498
3.748398
3.772524
3.770079
3.789037
3.806234
3.832925
3.845563
3.886064
3.904182
3.937888
3.960525
3.994884
4.003435
4.029792
4.026982
4.032814
3.742006
3.736594
3.734187
3.739757
3.738955
3.761677
3.775879
3.792003
3.824875
3.846334
3.875444
3.904238
3.940111
3.956506
3.994880
4.005390
4.025775
4.016609
3.714616
3.694959
3.700411
3.701507
3.722544
3.723500
3.761688
3.774816
3.808131
3.833814
3.874736
3.893316
3.940114
3.960524
3.996127
4.009441
4.037755
3.677133
3.682425
3.678917
3.685631
3.705143
3.725542
3.745000
3.778101
3.809389
3.833764
3.874733
3.904239
3.937885
3.965240
4.000235
4.008605
3.655235
3.637457
3.659952
3.660966
3.686281
3.705285
3.744672
3.759706
3.809390
3.833814
3.875447
3.904180
3.952061
3.968640
4.009475
3.633341
3.635392
3.637473
3.662862
3.684710
3.707954
3.744670
3.778102
3.808128
3.846334
3.886061
3.913518
3.953871
3.984243
3.611303
3.611813
3.635263
3.641039
3.684710
3.705285
3.745001
3.774814
3.824876
3.845561
3.898888
3.927670
3.968000
3.608257
3.613831
3.635263
3.662862
3.686279
3.725542
3.761685
3.792003
3.832922
3.872791
3.903973
3.943051
3.608256
3.611813
3.637473
3.660965
3.705143
3.723498
3.775879
3.806231
3.848997
3.881417
3.933163
3.611304
3.635391
3.659951
3.685630
3.722542
3.761677
3.789035
3.831595
3.870652
3.903376
3.633339
3.637456
3.678915
3.701505
3.738954
3.770076
3.821320
3.843001
3.894588
3.655233
3.682425
3.700409
3.739756
3.772522
3.802699
3.837974
3.882558
3.677132
3.694955
3.734186
3.748395
3.796197
3.828461
3.866503
3.714614
3.736593
3.763495
3.803121
3.819689
3.861792
3.742003
3.759125
3.786309
3.813869
3.862233
3.771620
3.806777
3.830035
3.857735
3.808043
3.816166
3.851565
3.833669
3.880224
3.879065

