Tension at each vertex
0.417023
0.416997
0.417104
0.417067
-1.575819
2.048285
-1.575819
2.048285
-0.573428
-0.573416
1.860017
1.860169
0.327733
0.222920
0.184224
0.078214
0.039757
-0.046183
-0.092454
-0.170495
-0.221848
-0.312640
-0.387366
-0.521591
-0.665966
-0.883761
-1.114344
-1.362204
-1.521936
-1.635181
-1.659466
-1.661268
-1.623787
-1.637103
-1.576434
0.313624
0.179712
0.144218
0.050365
-0.000333
-0.076883
-0.124173
-0.200391
-0.251163
-0.338587
-0.420513
-0.547939
-0.704379
-0.915933
-1.146127
-1.375254
-1.541858
-1.624152
-1.665009
-1.655721
-1.645000
-1.572663
0.323614
0.209085
0.153863
0.067508
0.016610
-0.066319
-0.111130
-0.191278
-0.245691
-0.335484
-0.420272
-0.557696
-0.712170
-0.935555
-1.159889
-1.386022
-1.541083
-1.634773
-1.658487
-1.664548
-1.644984
0.284884
0.187707
0.128846
0.035495
-0.008862
-0.092423
-0.137746
-0.213501
-0.268283
-0.358712
-0.441824
-0.580789
-0.737905
-0.951378
-1.179232
-1.392691
-1.542946
-1.630141
-1.658528
-1.655711
0.297988
0.205333
0.146315
0.056692
0.001214
-0.074207
-0.128096
-0.203052
-0.260683
-0.354060
-0.443640
-0.581716
-0.745538
-0.960504
-1.180527
-1.400109
-1.542874
-1.634770
-1.664972
0.301353
0.171893
0.125814
0.029475
-0.017363
-0.101932
-0.143379
-0.226068
-0.276814
-0.370164
-0.457788
-0.595948
-0.751456
-0.968250
-1.180555
-1.392722
-1.541140
-1.624153
0.289354
0.213011
0.129956
0.053735
-0.008321
-0.082227
-0.138108
-0.209064
-0.274786
-0.361797
-0.455457
-0.593862
-0.751454
-0.960559
-1.179176
-1.385989
-1.541781
0.291542
0.167314
0.127780
0.018676
-0.018685
-0.108006
-0.148523
-0.230884
-0.278382
-0.377023
-0.455398
-0.595933
-0.745584
-0.951446
-1.159956
-1.375325
0.294592
0.205394
0.124395
0.053129
-0.018589
-0.082812
-0.144391
-0.213758
-0.278359
-0.361953
-0.457436
-0.581857
-0.737933
-0.935631
-1.146002
0.288365
0.170273
0.121992
0.017262
-0.018631
-0.113388
-0.144389
-0.230882
-0.274800
-0.370291
-0.443723
-0.580719
-0.712413
-0.916056
0.289994
0.203994
0.123586
0.049048
-0.018631
-0.082815
-0.148522
-0.209026
-0.276731
-0.353841
-0.442086
-0.557906
-0.704338
0.290256
0.167668
0.123586
0.017261
-0.018598
-0.108012
-0.138111
-0.226072
-0.260607
-0.358414
-0.420173
-0.548021
0.290251
0.203995
0.121985
0.053120
-0.018679
-0.082253
-0.143371
-0.203017
-0.268276
-0.335270
-0.420625
0.289995
0.170268
0.124404
0.018653
-0.008322
-0.101932
-0.128141
-0.213478
-0.245602
-0.338289
0.288373
0.205373
0.127784
0.053728
-0.017387
-0.074222
-0.137713
-0.191419
-0.251068
0.294603
0.167314
0.129945
0.029466
0.001232
-0.092497
-0.111062
-0.200392
0.291536
0.212996
0.125831
0.056632
-0.008831
-0.066363
-0.124238
0.289374
0.171862
0.146340
0.035483
0.016587
-0.076848
0.301375
0.205311
0.128831
0.067492
-0.000343
0.297983
0.187712
0.153880
0.050340
0.284904
0.209029
0.144237
0.323642
0.179719
0.313616
0.334356
0.345614
0.342624
0.393112
0.335896
0.383858
0.350630
0.381371
0.347458
0.387083
0.347859
0.385544
0.347857
0.387090
0.347469
0.381379
0.350630
0.383898
0.335894
0.393131
0.342648
0.345643
0.334345
0.477603
0.537011
0.674786
0.745340
0.892075
0.993368
1.143199
1.261234
1.413705
1.532101
1.673955
1.771682
1.888137
1.953594
2.028916
2.061472
2.100971
2.101710
2.120006
2.098278
2.104645
2.066608
2.062047
0.477563
0.520282
0.658064
0.747814
0.883607
0.995944
1.144963
1.265469
1.419419
1.535627
1.679440
1.777155
1.889117
1.956334
2.031141
2.058337
2.102404
2.098339
2.119800
2.097410
2.101238
2.087304
0.502384
0.558262
0.690476
0.782722
0.924494
1.031190
1.184234
1.300897
1.454176
1.568746
1.704322
1.800163
1.906960
1.966304
2.039513
2.063196
2.102651
2.100495
2.117476
2.100493
2.101237
0.462064
0.550775
0.672914
0.771008
0.914987
1.025943
1.179350
1.299922
1.452480
1.568924
1.708015
1.798910
1.909942
1.967222
2.039340
2.062806
2.102861
2.098790
2.117460
2.097414
0.482346
0.572024
0.704189
0.800020
0.942772
1.057827
1.206740
1.329010
1.478267
1.590185
1.724690
1.814702
1.916479
1.974566
2.042469
2.064680
2.102858
2.100504
2.119811
0.486391
0.546149
0.689710
0.786500
0.933416
1.046102
1.203509
1.319761
1.476978
1.587369
1.723844
1.811995
1.918520
1.970489
2.042453
2.062811
2.102648
2.098326
0.478548
0.591024
0.702233
0.817608
0.954462
1.073703
1.221927
1.345627
1.488126
1.603275
1.730844
1.818534
1.918515
1.974575
2.039349
2.063191
2.102409
0.482061
0.550954
0.705358
0.790838
0.950875
1.057140
1.217044
1.332296
1.489215
1.592250
1.730831
1.812000
1.916477
1.967209
2.039507
2.058346
0.487726
0.591580
0.707472
0.829562
0.956829
1.086126
1.225711
1.349426
1.489209
1.603285
1.723851
1.814699
1.909946
1.966326
2.031127
0.482834
0.559794
0.707705
0.797820
0.959145
1.058009
1.225704
1.332299
1.488126
1.587357
1.724685
1.798919
1.906935
1.956331
0.485576
0.594763
0.711196
0.829902
0.959140
1.086132
1.217047
1.345627
1.476979
1.590208
1.708000
1.800178
1.889132
0.486384
0.559203
0.711196
0.797820
0.956831
1.057133
1.221923
1.319768
1.478247
1.568921
1.704328
1.777134
0.486381
0.594764
0.707703
0.829566
0.950869
1.073724
1.203495
1.329026
1.452491
1.568750
1.679433
0.485580
0.559793
0.707466
0.790846
0.954448
1.046098
1.206745
1.299905
1.454162
1.535643
0.482821
0.591599
0.705344
0.817620
0.933421
1.057835
1.179340
1.300940
1.419395
0.487717
0.550951
0.702237
0.786491
0.942757
1.025958
1.184206
1.265461
0.482062
0.591036
0.689694
0.800059
0.914966
1.031213
1.144977
0.478530
0.546167
0.704166
0.771000
0.924498
0.995925
0.486370
0.572044
0.672921
0.782740
0.883590
0.482349
0.550766
0.690449
0.747834
0.462042
0.558317
0.658039
0.502354
0.520272
0.477569
0.280860
0.307779
0.207444
0.198692
0.120208
0.101982
0.032620
0.015256
-0.048762
-0.066612
-0.123956
-0.140735
-0.198347
-0.211218
-0.268610
-0.287332
-0.339762
-0.361247
-0.425186
-0.436435
-0.501894
-0.537558
-0.591546
-1.587437
-1.560712
-1.573079
-1.556733
-1.577854
-1.560123
-1.585479
-1.586700
-1.606350
-1.613861
-1.644343
-1.642132
-1.670252
-1.649951
-1.644368
-1.568998
-1.483634
-1.315763
-1.169526
-0.954819
-0.839011
-0.641560
-1.590675
-1.617841
-1.600162
-1.608957
-1.604217
-1.624017
-1.616311
-1.638557
-1.645264
-1.657018
-1.664060
-1.665222
-1.646301
-1.608409
-1.525707
-1.405482
-1.253661
-1.071544
-0.909339
-0.753332
-0.623327
-1.655435
-1.616557
-1.645529
-1.630006
-1.642939
-1.637535
-1.660515
-1.646581
-1.669594
-1.651333
-1.652107
-1.603444
-1.555733
-1.437810
-1.325742
-1.137949
-0.998418
-0.817012
-0.699877
-0.567530
-1.649891
-1.676087
-1.648283
-1.671926
-1.663184
-1.667611
-1.663378
-1.662571
-1.638854
-1.611072
-1.552563
-1.465629
-1.349894
-1.199188
-1.046853
-0.889467
-0.746492
-0.625573
-0.531711
-1.662179
-1.650049
-1.670880
-1.639923
-1.657854
-1.628282
-1.621732
-1.572639
-1.537538
-1.438213
-1.355661
-1.203036
-1.083335
-0.915461
-0.797421
-0.652496
-0.577888
-0.455182
-1.626745
-1.624451
-1.609102
-1.605887
-1.567869
-1.541001
-1.484089
-1.410136
-1.318222
-1.201202
-1.075829
-0.940586
-0.812863
-0.690331
-0.596204
-0.493873
-0.436589
-1.524609
-1.496589
-1.482286
-1.431042
-1.402561
-1.311973
-1.254366
-1.133040
-1.045833
-0.908741
-0.815736
-0.684304
-0.614809
-0.498448
-0.459544
-0.365224
-1.333111
-1.307908
-1.265913
-1.210130
-1.144201
-1.064223
-0.975075
-0.877889
-0.783394
-0.685347
-0.605229
-0.516829
-0.459894
-0.387758
-0.342863
-1.096333
-1.038201
-1.008984
-0.930105
-0.883462
-0.787190
-0.735176
-0.635334
-0.587918
-0.493762
-0.460729
-0.376254
-0.353767
-0.280204
-0.857233
-0.814425
-0.770906
-0.715071
-0.664230
-0.600804
-0.548340
-0.486537
-0.441492
-0.383185
-0.346646
-0.293773
-0.265461
-0.651543
-0.600986
-0.583684
-0.520807
-0.500872
-0.435752
-0.418126
-0.351392
-0.339907
-0.273614
-0.267609
-0.198247
-0.506872
-0.470727
-0.450279
-0.411311
-0.385889
-0.343678
-0.320568
-0.276467
-0.256001
-0.208024
-0.191470
-0.386979
-0.347133
-0.343640
-0.295929
-0.295948
-0.241669
-0.243345
-0.183442
-0.187904
-0.122812
-0.308630
-0.278911
-0.272557
-0.235217
-0.226015
-0.185189
-0.175274
-0.129402
-0.115381
-0.229572
-0.188365
-0.196424
-0.148868
-0.157226
-0.100476
-0.107166
-0.045258
-0.176642
-0.143201
-0.142050
-0.100002
-0.095531
-0.050253
-0.038942
-0.101159
-0.058304
-0.070658
-0.018249
-0.024431
0.039095
-0.057841
-0.014777
-0.012737
0.034891
0.040958
0.028929
0.070117
0.061593
0.128823
0.072605
0.130346
0.124705
0.159537
0.222147
0.217300
0.477640
0.536978
0.674788
0.745309
0.892113
0.993309
1.143223
1.261222
1.413695
1.532079
1.673987
1.771638
1.888152
1.953594
2.028911
2.061460
2.100996
2.101689
2.120014
2.098282
2.104648
2.066601
2.062061
2.039105
2.010030
2.029795
2.030886
2.023203
2.024881
2.037279
2.036552
2.046980
2.059963
2.070152
2.078077
2.096647
2.099887
2.107343
2.110772
2.103670
2.090402
2.071872
2.040109
1.998789
1.961676
1.883820
0.492744
0.606623
0.621546
0.740793
0.770870
0.888071
0.928277
1.046370
1.095308
1.210272
1.258394
1.373865
1.416467
1.516890
1.562251
1.646580
1.672749
1.759071
1.770914
1.825664
1.853628
1.909251
0.605779
0.698901
0.754613
0.846996
0.912309
1.009517
1.080625
1.179518
1.249895
1.351824
1.415464
1.506959
1.569600
1.646896
1.690107
1.767496
1.791950
1.845358
1.876822
1.913840
1.904124
0.699111
0.827389
0.869637
0.993040
1.041810
1.165721
1.218937
1.343290
1.394858
1.509123
1.561603
1.660134
1.697574
1.790329
1.812096
1.879016
1.906168
1.949623
1.955731
2.008760
0.839807
0.931792
1.012868
1.112840
1.193328
1.297430
1.375429
1.475065
1.550980
1.638908
1.698712
1.781032
1.821822
1.881031
1.920448
1.957824
1.974745
2.018677
2.011306
0.941048
1.081829
1.136614
1.269910
1.328196
1.455007
1.515210
1.629290
1.678677
1.783253
1.816357
1.895899
1.926936
1.979914
1.993304
2.044745
2.037614
2.072213
1.093361
1.196675
1.291309
1.394621
1.484770
1.581566
1.659754
1.749909
1.809292
1.878019
1.929010
1.972261
2.002636
2.041674
2.048184
2.074956
2.080177
1.211985
1.353931
1.419851
1.549889
1.610439
1.729571
1.776284
1.872311
1.911501
1.978431
1.999063
2.054578
2.053917
2.092150
2.089866
2.109891
1.367147
1.473671
1.570260
1.669088
1.748673
1.830233
1.897204
1.952422
1.997231
2.039448
2.058466
2.082917
2.095035
2.102893
2.104598
1.489011
1.624696
1.685710
1.802063
1.852588
1.940336
1.971288
2.039986
2.046408
2.091794
2.091507
2.114660
2.104328
2.122880
1.633835
1.730526
1.817789
1.889533
1.953908
2.007628
2.042622
2.073257
2.095087
2.102222
2.108794
2.111753
2.106963
1.742464
1.852851
1.901987
1.989437
2.011795
2.071116
2.079295
2.109205
2.101643
2.122446
2.102330
2.109358
1.861332
1.931841
1.992061
2.035930
2.075638
2.089777
2.108213
2.110954
2.110312
2.098845
2.100636
1.934157
2.014685
2.040706
2.087632
2.091108
2.120108
2.102300
2.112708
2.096371
2.090798
2.019227
2.050848
2.089894
2.101077
2.113306
2.104678
2.111192
2.084970
2.081244
2.052871
2.098903
2.096518
2.117480
2.105314
2.103112
2.079841
2.078840
2.097474
2.100719
2.120115
2.099283
2.102035
2.080239
2.067490
2.101659
2.115828
2.099111
2.103675
2.069891
2.061245
2.117565
2.102641
2.098208
2.068949
2.067977
2.096666
2.097696
2.073440
2.056021
2.104858
2.069940
2.059785
2.065312
2.064165
2.088390
0.375578
0.495288
0.512855
0.611168
0.647377
0.742682
0.795148
0.892220
0.950102
1.048397
1.112141
1.207114
1.266002
1.362588
1.413035
1.494440
1.546221
1.614855
1.642135
1.719324
1.732008
1.766201
1.788558
-0.446092
-0.377612
-0.294586
-0.228583
-0.172005
-0.104050
-0.039365
0.031503
0.114255
0.201490
0.302837
0.412752
0.531553
0.660301
0.791829
0.928963
1.072525
1.203242
1.345230
1.475169
1.585935
1.713303
-0.392219
-0.324292
-0.237059
-0.185232
-0.101167
-0.056739
0.037501
0.096202
0.202077
0.282053
0.404047
0.502065
0.641499
0.751018
0.906830
1.019485
1.181630
1.299052
1.448321
1.555054
1.702836
-0.392372
-0.309923
-0.235756
-0.178772
-0.108109
-0.044371
0.029166
0.110609
0.200640
0.301032
0.414330
0.532577
0.665366
0.796581
0.938642
1.081302
1.219091
1.359658
1.497808
1.614643
-0.328495
-0.266085
-0.176325
-0.126624
-0.044282
0.014785
0.109849
0.181882
0.297814
0.386452
0.521091
0.627207
0.775091
0.896121
1.050654
1.175800
1.338317
1.451459
1.602034
-0.317186
-0.253161
-0.181363
-0.118051
-0.046494
0.022794
0.109646
0.196329
0.302010
0.413044
0.536890
0.668130
0.805816
0.947291
1.095863
1.236764
1.380001
1.527466
-0.264777
-0.199705
-0.119240
-0.064742
0.025753
0.090691
0.195545
0.280805
0.402521
0.506384
0.646727
0.763852
0.919836
1.045237
1.205505
1.341183
1.488997
-0.255441
-0.194142
-0.117474
-0.055175
0.024220
0.103846
0.197892
0.298541
0.416112
0.536395
0.673261
0.810127
0.955892
1.106777
1.250650
1.400644
-0.193953
-0.137827
-0.054853
0.008931
0.102495
0.180265
0.294798
0.388470
0.521581
0.634715
0.780973
0.910696
1.066075
1.202400
1.367168
-0.191750
-0.126104
-0.052055
0.018269
0.106857
0.192905
0.301075
0.412986
0.539146
0.672258
0.814552
0.959074
1.113856
1.260625
-0.127638
-0.069692
0.020848
0.088637
0.193600
0.282119
0.401770
0.508754
0.648141
0.768884
0.924654
1.057093
1.219823
-0.121684
-0.056926
0.023097
0.102816
0.196271
0.296821
0.415776
0.535122
0.674140
0.812009
0.961814
1.113236
-0.055983
0.008102
0.102332
0.181788
0.296235
0.389414
0.520914
0.635042
0.779496
0.910454
1.067806
-0.050611
0.021054
0.107855
0.192438
0.299606
0.411013
0.536279
0.667733
0.812540
0.954670
0.024306
0.091219
0.197370
0.285535
0.402852
0.507534
0.645481
0.762888
0.916445
0.027965
0.107079
0.195903
0.295064
0.412736
0.528688
0.666594
0.801633
0.109652
0.187339
0.302386
0.390514
0.519327
0.628829
0.768170
0.113190
0.194355
0.296446
0.406703
0.527104
0.653949
0.207009
0.293217
0.406023
0.503837
0.636093
0.197160
0.291975
0.404786
0.515499
0.314880
0.397474
0.515913
0.282777
0.390330
0.434393
0.334359
0.345599
0.342621
0.393105
0.335896
0.383848
0.350633
0.381373
0.347447
0.387093
0.347853
0.385543
0.347853
0.387099
0.347449
0.381384
0.350632
0.383876
0.335891
0.393133
0.342635
0.345618
0.334354
0.327680
0.222954
0.184188
0.078229
0.039763
-0.046173
-0.092465
-0.170326
-0.222150
-0.312544
-0.386985
-0.521526
-0.665866
-0.883781
-1.114273
-1.362236
-1.521902
-1.635177
-1.659422
-1.661250
-1.623772
-1.637087
-1.576420
0.313618
0.179714
0.144255
0.050309
-0.000324
-0.076881
-0.124262
-0.200443
-0.251064
-0.338290
-0.420631
-0.547990
-0.704360
-0.916015
-1.146043
-1.375309
-1.541807
-1.624144
-1.665010
-1.655692
-1.644989
-1.572656
0.323655
0.209005
0.153903
0.067489
0.016610
-0.066350
-0.110998
-0.191451
-0.245516
-0.335241
-0.420361
-0.557653
-0.712330
-0.935595
-1.159945
-1.385968
-1.541116
-1.634719
-1.658492
-1.664535
-1.644981
0.284908
0.187713
0.128822
0.035473
-0.008831
-0.092553
-0.137713
-0.213524
-0.268276
-0.358514
-0.441961
-0.580636
-0.737927
-0.951420
-1.179204
-1.392697
-1.542919
-1.630146
-1.658497
-1.655697
0.297984
0.205304
0.146365
0.056616
0.001275
-0.074216
-0.128134
-0.203024
-0.260642
-0.354029
-0.443685
-0.581808
-0.745598
-0.960515
-1.180575
-1.400057
-1.542892
-1.634733
-1.664987
0.301380
0.171848
0.125829
0.029458
-0.017425
-0.101944
-0.143399
-0.226110
-0.276802
-0.370178
-0.457751
-0.595888
-0.751530
-0.968200
-1.180571
-1.392729
-1.541113
-1.624158
0.289380
0.213002
0.129945
0.053740
-0.008301
-0.082282
-0.138104
-0.209066
-0.274804
-0.361866
-0.455509
-0.593806
-0.751490
-0.960558
-1.179166
-1.385984
-1.541786
0.291525
0.167310
0.127779
0.018617
-0.018695
-0.108025
-0.148586
-0.230889
-0.278384
-0.377121
-0.455352
-0.595936
-0.745571
-0.951471
-1.159953
-1.375345
0.294610
0.205366
0.124413
0.053133
-0.018633
-0.082810
-0.144414
-0.213799
-0.278418
-0.362056
-0.457451
-0.581844
-0.737922
-0.935612
-1.145998
0.288369
0.170263
0.121952
0.017251
-0.018645
-0.113440
-0.144398
-0.230873
-0.274803
-0.370310
-0.443669
-0.580725
-0.712276
-0.916146
0.289982
0.204006
0.123587
0.049023
-0.018648
-0.082806
-0.148608
-0.209020
-0.276747
-0.353821
-0.442028
-0.557826
-0.704226
0.290252
0.167638
0.123578
0.017256
-0.018649
-0.108011
-0.138099
-0.226114
-0.260551
-0.358313
-0.420096
-0.548052
0.290251
0.204009
0.121946
0.053132
-0.018702
-0.082292
-0.143406
-0.202963
-0.268350
-0.335108
-0.420585
0.289974
0.170262
0.124394
0.018618
-0.008331
-0.101905
-0.128212
-0.213454
-0.245546
-0.338208
0.288357
0.205375
0.127756
0.053755
-0.017470
-0.074188
-0.137719
-0.191465
-0.251173
0.294591
0.167309
0.129911
0.029471
0.001234
-0.092542
-0.111089
-0.200250
0.291506
0.213021
0.125791
0.056636
-0.008881
-0.066257
-0.124438
0.289348
0.171852
0.146326
0.035493
0.016504
-0.076798
0.301350
0.205328
0.128766
0.067559
-0.000398
0.297953
0.187728
0.153836
0.050312
0.284861
0.209047
0.144226
0.323620
0.179694
0.313602
0.477645
0.536967
0.674787
0.745303
0.892114
0.993307
1.143220
1.261223
1.413692
1.532080
1.673985
1.771639
1.888148
1.953595
2.028908
2.061460
2.100993
2.101689
2.120011
2.098282
2.104647
2.066601
2.062059
0.477554
0.520273
0.658035
0.747836
0.883585
0.995928
1.144974
1.265464
1.419394
1.535647
1.679434
1.777138
1.889132
1.956334
2.031126
2.058348
2.102408
2.098328
2.119809
2.097415
2.101236
2.087305
0.502358
0.558298
0.690451
0.782732
0.924500
1.031204
1.184209
1.300932
1.454166
1.568745
1.704331
1.800175
1.906939
1.966324
2.039510
2.063190
2.102650
2.100503
2.117462
2.100493
2.101239
0.462029
0.550773
0.672909
0.771003
0.914962
1.025960
1.179338
1.299909
1.452490
1.568926
1.707999
1.798922
1.909946
1.967212
2.039348
2.062813
2.102856
2.098792
2.117474
2.097411
0.482333
0.572035
0.704170
0.800049
0.942759
1.057828
1.206746
1.329020
1.478249
1.590204
1.724689
1.814696
1.916480
1.974574
2.042455
2.064679
2.102863
2.100495
2.119801
0.486369
0.546159
0.689689
0.786494
0.933414
1.046102
1.203492
1.319772
1.476978
1.587361
1.723850
1.812005
1.918514
1.970492
2.042467
2.062808
2.102648
2.098341
0.478526
0.591036
0.702231
0.817617
0.954448
1.073717
1.221924
1.345622
1.488127
1.603282
1.730833
1.818532
1.918522
1.974565
2.039342
2.063196
2.102405
0.482045
0.550951
0.705340
0.790843
0.950867
1.057135
1.217044
1.332304
1.489207
1.592254
1.730843
1.811999
1.916477
1.967226
2.039511
2.058340
0.487715
0.591592
0.707466
0.829563
0.956827
1.086129
1.225702
1.349422
1.489216
1.603273
1.723846
1.814703
1.909943
1.966304
2.031142
0.482820
0.559791
0.707696
0.797822
0.959137
1.058010
1.225710
1.332299
1.488123
1.587374
1.724687
1.798914
1.906958
1.956337
0.485567
0.594770
0.711193
0.829897
0.959143
1.086122
1.217041
1.345626
1.476977
1.590184
1.708016
1.800163
1.889118
0.486380
0.559194
0.711198
0.797819
0.956826
1.057144
1.221924
1.319763
1.478266
1.568927
1.704320
1.777159
0.486383
0.594765
0.707696
0.829563
0.950869
1.073700
1.203508
1.329008
1.452478
1.568747
1.679439
0.485570
0.559795
0.707472
0.790836
0.954463
1.046102
1.206738
1.299926
1.454173
1.535630
0.482829
0.591577
0.705355
0.817606
0.933409
1.057827
1.179345
1.300896
1.419418
0.487731
0.550953
0.702232
0.786504
0.942771
1.025944
1.184234
1.265470
0.482054
0.591026
0.689704
0.800017
0.914984
1.031188
1.144958
0.478549
0.546147
0.704193
0.771008
0.924493
0.995947
0.486394
0.572018
0.672909
0.782721
0.883601
0.482344
0.550781
0.690475
0.747817
0.462065
0.558251
0.658064
0.502388
0.520286
0.477561
0.327744
0.222902
0.184236
0.078199
0.039806
-0.046210
-0.092367
-0.170488
-0.221793
-0.312685
-0.387163
-0.521647
-0.665928
-0.883725
-1.114337
-1.362186
-1.521917
-1.635165
-1.659424
-1.661239
-1.623775
-1.637085
-1.576416
-1.538729
-1.553987
-1.529215
-1.543116
-1.523197
-1.541283
-1.542309
-1.552331
-1.561984
-1.586890
-1.594035
-1.624124
-1.639532
-1.658529
-1.664748
-1.653985
-1.609832
-1.525357
-1.381484
-1.213537
-1.024873
-0.851612
-0.720026
0.217278
0.222165
0.124691
0.128820
0.040945
0.039110
-0.038979
-0.045237
-0.115405
-0.122788
-0.191535
-0.198195
-0.265494
-0.280250
-0.343005
-0.364869
-0.436940
-0.454952
-0.531669
-0.567714
-0.623162
-0.641586
0.159567
0.130308
0.061629
0.034894
-0.024431
-0.050222
-0.107154
-0.129376
-0.187929
-0.207944
-0.267694
-0.293798
-0.353880
-0.387572
-0.459782
-0.493607
-0.577955
-0.625693
-0.699722
-0.753391
-0.839113
0.072581
0.070169
-0.012800
-0.018203
-0.095554
-0.100477
-0.175317
-0.183349
-0.256208
-0.273451
-0.346802
-0.376119
-0.460054
-0.498336
-0.596177
-0.652684
-0.746300
-0.817109
-0.909404
-0.954744
0.028950
-0.014807
-0.070590
-0.100033
-0.157219
-0.185072
-0.243526
-0.276172
-0.340099
-0.383077
-0.460818
-0.516805
-0.614737
-0.690520
-0.797235
-0.889520
-0.998506
-1.071447
-1.169555
-0.057882
-0.058230
-0.142163
-0.148721
-0.226172
-0.241567
-0.320750
-0.351224
-0.441534
-0.493824
-0.605103
-0.684482
-0.812697
-0.915512
-1.046927
-1.137874
-1.253668
-1.315843
-0.101123
-0.143216
-0.196372
-0.235296
-0.295820
-0.343628
-0.418211
-0.486602
-0.587756
-0.685527
-0.815593
-0.940632
-1.083394
-1.199118
-1.325750
-1.405550
-1.483567
-0.176753
-0.188223
-0.272731
-0.295948
-0.386188
-0.435394
-0.548451
-0.635387
-0.783325
-0.908757
-1.075882
-1.202978
-1.349904
-1.437871
-1.525645
-1.569011
-0.229550
-0.278941
-0.343595
-0.411171
-0.501112
-0.600817
-0.735121
-0.877942
-1.045845
-1.201178
-1.355664
-1.465684
-1.555678
-1.608423
-1.644404
-0.308763
-0.347097
-0.450312
-0.520790
-0.664131
-0.787277
-0.975080
-1.132996
-1.318249
-1.438234
-1.552528
-1.603451
-1.646334
-1.649908
-0.387115
-0.470841
-0.583808
-0.715030
-0.883545
-1.064134
-1.254425
-1.410146
-1.537507
-1.611091
-1.652126
-1.665190
-1.670259
-0.506720
-0.601002
-0.770828
-0.930088
-1.144194
-1.312010
-1.484037
-1.572664
-1.638864
-1.651295
-1.664074
-1.642138
-0.651593
-0.814398
-1.009081
-1.210092
-1.402580
-1.540990
-1.621770
-1.662524
-1.669621
-1.657020
-1.644324
-0.857213
-1.038178
-1.265869
-1.431069
-1.567857
-1.628261
-1.663379
-1.646586
-1.645236
-1.613864
-1.096379
-1.307915
-1.482327
-1.605843
-1.657895
-1.667592
-1.660514
-1.638549
-1.606368
-1.333090
-1.496563
-1.609103
-1.639915
-1.663157
-1.637538
-1.616308
-1.586676
-1.524658
-1.624433
-1.670889
-1.671916
-1.642959
-1.623984
-1.585502
-1.626720
-1.650038
-1.648278
-1.629975
-1.604223
-1.560111
-1.662206
-1.676051
-1.645557
-1.608939
-1.577856
-1.649895
-1.616533
-1.600149
-1.556726
-1.655443
-1.617834
-1.573088
-1.590662
-1.560691
-1.587451
0.375573
0.495278
0.512846
0.611165
0.647372
0.742679
0.795144
0.892221
0.950096
1.048399
1.112137
1.207114
1.265999
1.362589
1.413033
1.494441
1.546219
1.614856
1.642134
1.719324
1.732007
1.766202
1.788557
2.088390
2.064164
2.059785
2.056019
2.067977
2.061243
2.067489
2.078838
2.081244
2.090796
2.100636
2.109356
2.106962
2.122878
2.104597
2.109890
2.080177
2.072212
2.011306
2.008759
1.904123
1.909250
2.065313
2.069939
2.073442
2.068949
2.069893
2.080239
2.079843
2.084971
2.096373
2.098846
2.102332
2.111754
2.104330
2.102894
2.089868
2.074957
2.037616
2.018678
1.955733
1.913840
1.853630
2.104859
2.097694
2.098208
2.103672
2.102034
2.103110
2.111191
2.112706
2.110311
2.122444
2.108793
2.114658
2.095035
2.092148
2.048183
2.044743
1.974745
1.949621
1.876821
1.825664
2.096668
2.102641
2.099113
2.099283
2.105316
2.104678
2.102303
2.110954
2.101646
2.102223
2.091509
2.082919
2.053920
2.041675
1.993306
1.957825
1.906170
1.845359
1.770915
2.117566
2.115825
2.120115
2.117477
2.113306
2.120105
2.108213
2.109203
2.095086
2.091791
2.058465
2.054575
2.002636
1.979912
1.920447
1.879014
1.791949
1.759070
2.101661
2.100720
2.096520
2.101077
2.091111
2.089778
2.079298
2.073258
2.046411
2.039449
1.999066
1.972262
1.926939
1.881032
1.812098
1.767497
1.672751
2.097475
2.098900
2.089895
2.087629
2.075638
2.071114
2.042622
2.039984
1.997230
1.978428
1.929008
1.895897
1.821820
1.790327
1.690106
1.646578
2.052874
2.050848
2.040709
2.035931
2.011798
2.007629
1.971291
1.952423
1.911505
1.878021
1.816360
1.781033
1.697577
1.646897
1.562254
2.019227
2.014682
1.992061
1.989434
1.953907
1.940333
1.897202
1.872309
1.809290
1.783250
1.698710
1.660132
1.569598
1.516888
1.934161
1.931842
1.901991
1.889534
1.852591
1.830235
1.776288
1.749910
1.678681
1.638909
1.561606
1.506961
1.416470
1.861333
1.852848
1.817788
1.802061
1.748672
1.729567
1.659752
1.629286
1.550977
1.509120
1.415460
1.373862
1.742467
1.730528
1.685713
1.669089
1.610443
1.581568
1.515214
1.475067
1.394861
1.351825
1.258398
1.633834
1.624692
1.570259
1.549886
1.484767
1.455004
1.375425
1.343286
1.249891
1.210267
1.489015
1.473672
1.419854
1.394623
1.328199
1.297431
1.218941
1.179519
1.095313
1.367143
1.353929
1.291305
1.269906
1.193325
1.165716
1.080620
1.046367
1.211987
1.196675
1.136618
1.112839
1.041814
1.009518
0.928282
1.093358
1.081826
1.012863
0.993037
0.912303
0.888066
0.941051
0.931791
0.869642
0.846993
0.770878
0.839802
0.827386
0.754610
0.740787
0.699118
0.698894
0.621555
0.605776
0.606624
0.492750
0.280879
0.307762
0.207453
0.198685
0.120232
0.101971
0.032641
0.015278
-0.048763
-0.066591
-0.123947
-0.140708
-0.198396
-0.211178
-0.268611
-0.287356
-0.339943
-0.360906
-0.425283
-0.436376
-0.501941
-0.537610
-0.591426
-0.472772
-0.409018
-0.288367
-0.255876
-0.158986
-0.118506
-0.034530
0.020881
0.116489
0.185260
0.300893
0.386052
0.519620
0.621164
0.767447
0.882920
1.035258
1.152249
1.315462
1.409384
1.572659
1.643819
1.775620
0.434390
0.390344
0.515911
0.515506
0.636089
0.653958
0.768161
0.801641
0.916440
0.954674
1.067803
1.113240
1.219819
1.260628
1.367166
1.400645
1.488996
1.527468
1.602033
1.614644
1.702835
1.713304
0.282770
0.397459
0.404780
0.503834
0.527094
0.628830
0.666589
0.762886
0.812537
0.910455
0.961809
1.057094
1.113854
1.202399
1.250649
1.341183
1.379999
1.451459
1.497807
1.555054
1.585934
0.314882
0.291991
0.406010
0.406717
0.519319
0.528693
0.645478
0.667741
0.779489
0.812015
0.924652
0.959076
1.066074
1.106779
1.205502
1.236765
1.338316
1.359659
1.448320
1.475169
0.197139
0.293216
0.296438
0.390506
0.412732
0.507533
0.536270
0.635043
0.674137
0.768881
0.814551
0.910696
0.955890
1.045237
1.095863
1.175800
1.219090
1.299052
1.345230
0.207007
0.194361
0.302382
0.295075
0.402837
0.411025
0.520909
0.535124
0.648141
0.672263
0.780969
0.810131
0.919835
0.947291
1.050653
1.081303
1.181629
1.203243
0.113184
0.187340
0.195887
0.285539
0.299598
0.389404
0.415775
0.508750
0.539140
0.634716
0.673261
0.763849
0.805817
0.896121
0.938642
1.019485
1.072524
0.109638
0.107101
0.197362
0.192440
0.296237
0.296828
0.401761
0.412994
0.521579
0.536393
0.646727
0.668131
0.775089
0.796582
0.906830
0.928963
0.027953
0.091215
0.107858
0.181783
0.196257
0.282120
0.301071
0.388459
0.416115
0.506381
0.536889
0.627207
0.665367
0.751017
0.791829
0.024322
0.021061
0.102325
0.102839
0.193599
0.192902
0.294805
0.298542
0.402516
0.413046
0.521090
0.532575
0.641500
0.660301
-0.050630
0.008126
0.023084
0.088623
0.106866
0.180256
0.197885
0.280805
0.302012
0.386446
0.414334
0.502064
0.531554
-0.055976
-0.056923
0.020883
0.018272
0.102494
0.103860
0.195545
0.196322
0.297817
0.301029
0.404045
0.412750
-0.121681
-0.069703
-0.052073
0.008948
0.024214
0.090678
0.109659
0.181878
0.200642
0.282053
0.302840
-0.127600
-0.126071
-0.054844
-0.055182
0.025783
0.022786
0.109847
0.110608
0.202076
0.201485
-0.191832
-0.137822
-0.117457
-0.064758
-0.046498
0.014795
0.029171
0.096200
0.114262
-0.193851
-0.194207
-0.119209
-0.118043
-0.044279
-0.044387
0.037506
0.031495
-0.255514
-0.199642
-0.181410
-0.126626
-0.108090
-0.056739
-0.039357
-0.264691
-0.253225
-0.176264
-0.178811
-0.101171
-0.104061
-0.317221
-0.266128
-0.235760
-0.185208
-0.171995
-0.328533
-0.309838
-0.237105
-0.228612
-0.392411
-0.324282
-0.294534
-0.391915
-0.377782
-0.446109
0.327696
0.222958
0.184222
0.078260
0.039715
-0.046107
-0.092450
-0.170535
-0.221770
-0.312831
-0.387145
-0.521723
-0.665971
-0.883827
-1.114241
-1.362240
-1.521926
-1.635164
-1.659454
-1.661254
-1.623766
-1.637105
-1.576417
-1.538754
-1.553986
-1.529223
-1.543123
-1.523210
-1.541267
-1.542339
-1.552325
-1.561974
-1.586906
-1.594025
-1.624072
-1.639556
-1.658478
-1.664704
-1.654003
-1.609811
-1.525299
-1.381620
-1.213434
-1.024880
-0.851560
-0.719927
0.217311
0.222108
0.124685
0.128823
0.040924
0.039064
-0.038929
-0.045304
-0.115424
-0.122826
-0.191524
-0.198305
-0.265493
-0.280252
-0.342941
-0.365289
-0.436594
-0.455164
-0.531773
-0.567460
-0.623376
-0.641488
0.159531
0.130417
0.061580
0.034936
-0.024394
-0.050230
-0.107170
-0.129316
-0.187902
-0.207967
-0.267558
-0.293714
-0.353729
-0.387680
-0.459432
-0.493825
-0.577930
-0.625512
-0.699920
-0.753238
-0.838978
0.072581
0.070098
-0.012723
-0.018291
-0.095548
-0.100459
-0.175312
-0.183489
-0.256010
-0.273677
-0.346688
-0.376283
-0.459927
-0.498542
-0.596331
-0.652521
-0.746601
-0.816938
-0.909362
-0.954859
0.028959
-0.014760
-0.070643
-0.099930
-0.157250
-0.185161
-0.243310
-0.276417
-0.339881
-0.383080
-0.460686
-0.516757
-0.614692
-0.690443
-0.797464
-0.889391
-0.998390
-1.071568
-1.169454
-0.057838
-0.058281
-0.142102
-0.148870
-0.225994
-0.241702
-0.320596
-0.351427
-0.441521
-0.493812
-0.605213
-0.684457
-0.812688
-0.915444
-1.046864
-1.137994
-1.253644
-1.315781
-0.101189
-0.143156
-0.196371
-0.235247
-0.295949
-0.343627
-0.418108
-0.486438
-0.587902
-0.685243
-0.815759
-0.940544
-1.083446
-1.199164
-1.325707
-1.405470
-1.483636
-0.176597
-0.188433
-0.272580
-0.295880
-0.385935
-0.435722
-0.548398
-0.635387
-0.783398
-0.908808
-1.075758
-1.203076
-1.349773
-1.437881
-1.525703
-1.569001
-0.229553
-0.278879
-0.343724
-0.411277
-0.500868
-0.600781
-0.735241
-0.877849
-1.045781
-1.201198
-1.355663
-1.465638
-1.555786
-1.608337
-1.644396
-0.308843
-0.347080
-0.450236
-0.520788
-0.664240
-0.787232
-0.974991
-1.133170
-1.318166
-1.438262
-1.552529
-1.603440
-1.646285
-1.650003
-0.386895
-0.470731
-0.583764
-0.715091
-0.883307
-1.064332
-1.254299
-1.410100
-1.537566
-1.611033
-1.652146
-1.665215
-1.670246
-0.506914
-0.600921
-0.770874
-0.930210
-1.144169
-1.311974
-1.484135
-1.572658
-1.638839
-1.651370
-1.664014
-1.642160
-0.651437
-0.814608
-1.008857
-1.210142
-1.402576
-1.540989
-1.621705
-1.662578
-1.669588
-1.657004
-1.644375
-0.857057
-1.038200
-1.265980
-1.431027
-1.567876
-1.628322
-1.663380
-1.646588
-1.645275
-1.613852
-1.096419
-1.307886
-1.482280
-1.605923
-1.657835
-1.667592
-1.660528
-1.638530
-1.606360
-1.333099
-1.496628
-1.609099
-1.639918
-1.663222
-1.637529
-1.616321
-1.586707
-1.524630
-1.624441
-1.670916
-1.671902
-1.642938
-1.624009
-1.585477
-1.626765
-1.650034
-1.648291
-1.630014
-1.604228
-1.560116
-1.662210
-1.676082
-1.645539
-1.608934
-1.577867
-1.649895
-1.616542
-1.600183
-1.556725
-1.655463
-1.617825
-1.573084
-1.590679
-1.560708
-1.587445
0.375547
0.495330
0.512864
0.611197
0.647350
0.742764
0.795107
0.892258
0.950130
1.048418
1.112117
1.207215
1.265957
1.362626
1.413079
1.494457
1.546192
1.614971
1.642085
1.719364
1.732056
1.766231
1.788519
2.088399
2.064157
2.059777
2.056028
2.067972
2.061220
2.067514
2.078817
2.081222
2.090819
2.100616
2.109317
2.107000
2.122841
2.104561
2.109921
2.080144
2.072157
2.011351
2.008707
1.904074
1.909276
2.065302
2.069958
2.073435
2.068947
2.069908
2.080247
2.079816
2.085024
2.096350
2.098851
2.102359
2.111770
2.104286
2.102982
2.089827
2.074972
2.037648
2.018709
1.955673
1.913961
1.853582
2.104863
2.097674
2.098226
2.103658
2.102017
2.103127
2.111178
2.112672
2.110343
2.122415
2.108761
2.114687
2.095007
2.092099
2.048225
2.044699
1.974699
1.949653
1.876786
1.825592
2.096676
2.102650
2.099091
2.099321
2.105301
2.104679
2.102324
2.110969
2.101608
2.102297
2.091477
2.082928
2.053951
2.041699
1.993253
1.957930
1.906127
1.845378
1.770954
2.117554
2.115833
2.120111
2.117448
2.113331
2.120084
2.108185
2.109226
2.095065
2.091747
2.058502
2.054539
2.002593
1.979942
1.920417
1.878951
1.791996
1.759017
2.101655
2.100718
2.096535
2.101091
2.091079
2.089836
2.079274
2.073263
2.046438
2.039471
1.999019
1.972353
1.926903
1.881045
1.812135
1.767529
1.672695
2.097491
2.098887
2.089873
2.087645
2.075625
2.071075
2.042652
2.039954
1.997192
1.978455
1.928982
1.895841
1.821863
1.790283
1.690060
1.646603
2.052849
2.050889
2.040693
2.035933
2.011819
2.007648
1.971251
1.952500
1.911476
1.878029
1.816394
1.781061
1.697526
1.647000
1.562222
2.019222
2.014652
1.992083
1.989413
1.953875
1.940354
1.897182
1.872260
1.809326
1.783213
1.698668
1.660157
1.569573
1.516823
1.934174
1.931860
1.901958
1.889594
1.852571
1.830241
1.776316
1.749936
1.678637
1.639000
1.561579
1.506974
1.416510
1.861308
1.852863
1.817775
1.802021
1.748700
1.729538
1.659714
1.629308
1.550956
1.509063
1.415501
1.373820
1.742454
1.730533
1.685735
1.669113
1.610407
1.581645
1.515193
1.475079
1.394897
1.351859
1.258356
1.633854
1.624673
1.570228
1.549903
1.484750
1.454956
1.375459
1.343252
1.249853
1.210288
1.488987
1.473733
1.419839
1.394635
1.328230
1.297464
1.218906
1.179608
1.095294
1.367132
1.353890
1.291331
1.269878
1.193290
1.165733
1.080602
1.046313
1.212009
1.196704
1.136589
1.112916
1.041799
1.009537
0.928315
1.093331
1.081836
1.012846
0.992990
0.912329
0.888032
0.941039
0.931813
0.869668
0.847032
0.770847
0.839820
0.827354
0.754577
0.740795
0.699094
0.698974
0.621538
0.605754
0.606577
0.492767
0.280845
0.307821
0.207469
0.198730
0.120206
0.102060
0.032610
0.015296
-0.048719
-0.066563
-0.123951
-0.140646
-0.198328
-0.211171
-0.268558
-0.287258
-0.339745
-0.361246
-0.425161
-0.436383
-0.501918
-0.537478
-0.591559
-0.472704
-0.408967
-0.288382
-0.255838
-0.159007
-0.118458
-0.034547
0.020912
0.116489
0.185315
0.300836
0.386146
0.519583
0.621187
0.767461
0.882969
1.035180
1.152368
1.315405
1.409410
1.572675
1.643875
1.775531
0.434390
0.390313
0.515876
0.515529
0.636041
0.653940
0.768175
0.801605
0.916402
0.954712
1.067742
1.113218
1.219841
1.260581
1.367117
1.400689
1.488921
1.527434
1.602056
1.614586
1.702774
1.713346
0.282749
0.397551
0.404749
0.503878
0.527118
0.628855
0.666567
0.762980
0.812497
0.910497
0.961849
1.057115
1.113831
1.202510
1.250602
1.341225
1.380048
1.451481
1.497776
1.555182
1.585876
0.314841
0.291967
0.406023
0.406685
0.519286
0.528723
0.645423
0.667723
0.779504
0.811976
0.924608
0.959120
1.066004
1.106756
1.205522
1.236716
1.338261
1.359707
1.448237
1.475138
0.197167
0.293254
0.296415
0.390597
0.412694
0.507577
0.536298
0.635069
0.674113
0.768984
0.814506
0.910741
0.955932
1.045260
1.095838
1.175918
1.219038
1.299100
1.345276
0.206968
0.194388
0.302339
0.295057
0.402852
0.410992
0.520869
0.535163
0.648076
0.672247
0.780983
0.810090
0.919787
0.947338
1.050576
1.081280
1.181646
1.203192
0.113159
0.187378
0.195911
0.285570
0.299572
0.389505
0.415729
0.508801
0.539169
0.634742
0.673237
0.763959
0.805769
0.896170
0.938685
1.019509
1.072501
0.109652
0.107072
0.197325
0.192479
0.296178
0.296818
0.401770
0.412961
0.521536
0.536437
0.646658
0.668117
0.775103
0.796539
0.906780
0.929007
0.027926
0.091307
0.107809
0.181837
0.196277
0.282153
0.301044
0.388565
0.416065
0.506434
0.536921
0.627233
0.665347
0.751127
0.791784
0.024254
0.021058
0.102325
0.102808
0.193555
0.192946
0.294737
0.298538
0.402525
0.413012
0.521049
0.532617
0.641430
0.660285
-0.050617
0.008146
0.023054
0.088726
0.106806
0.180316
0.197902
0.280835
0.301989
0.386548
0.414289
0.502117
0.531590
-0.056033
-0.056879
0.020790
0.018277
0.102490
0.103831
0.195508
0.196364
0.297754
0.301025
0.404054
0.412713
-0.121744
-0.069638
-0.052068
0.008968
0.024185
0.090774
0.109602
0.181934
0.200661
0.282079
0.302828
-0.127655
-0.126102
-0.054893
-0.055138
0.025702
0.022796
0.109848
0.110580
0.202050
0.201515
-0.191804
-0.137748
-0.117535
-0.064692
-0.046501
0.014813
0.029153
0.096279
0.114223
-0.194013
-0.194120
-0.119252
-0.118065
-0.044300
-0.044361
0.037457
0.031497
-0.255485
-0.199678
-0.181393
-0.126579
-0.108145
-0.056690
-0.039361
-0.264780
-0.253159
-0.176345
-0.178774
-0.101181
-0.104077
-0.317221
-0.266056
-0.235792
-0.185200
-0.172020
-0.328512
-0.309917
-0.237069
-0.228605
-0.392407
-0.324275
-0.294604
-0.392183
-0.377629
-0.446134
0.280860
0.307777
0.207451
0.198728
0.120192
0.102012
0.032634
0.015291
-0.048750
-0.066547
-0.123957
-0.140640
-0.198377
-0.211146
-0.268568
-0.287290
-0.339919
-0.360903
-0.425261
-0.436310
-0.501958
-0.537519
-0.591397
-1.587442
-1.560689
-1.573078
-1.556721
-1.577843
-1.560114
-1.585493
-1.586677
-1.606379
-1.613865
-1.644344
-1.642166
-1.670264
-1.649940
-1.644432
-1.569018
-1.483557
-1.315857
-1.169496
-0.954791
-0.839055
-0.641563
-1.590668
-1.617835
-1.600156
-1.608944
-1.604225
-1.623976
-1.616311
-1.638531
-1.645219
-1.657005
-1.664026
-1.665159
-1.646309
-1.608355
-1.525612
-1.405525
-1.253653
-1.071453
-0.909410
-0.753348
-0.623170
-1.655429
-1.616530
-1.645533
-1.629971
-1.642948
-1.637534
-1.660506
-1.646598
-1.669625
-1.651306
-1.652177
-1.603443
-1.555713
-1.437920
-1.325734
-1.137887
-0.998474
-0.817078
-0.699739
-0.567707
-1.649898
-1.676065
-1.648294
-1.671912
-1.663167
-1.667588
-1.663376
-1.662498
-1.638851
-1.611042
-1.552465
-1.465678
-1.349793
-1.199058
-1.046919
-0.889475
-0.746373
-0.625659
-0.531753
-1.662186
-1.650014
-1.670871
-1.639913
-1.657871
-1.628262
-1.621772
-1.572670
-1.537527
-1.438272
-1.355689
-1.202961
-1.083506
-0.915500
-0.797254
-0.652731
-0.578024
-0.454920
-1.626749
-1.624465
-1.609110
-1.605854
-1.567888
-1.540963
-1.484050
-1.410104
-1.318202
-1.201108
-1.075834
-0.940585
-0.812499
-0.690642
-0.596281
-0.493575
-0.436976
-1.524615
-1.496542
-1.482332
-1.431026
-1.402576
-1.312013
-1.254409
-1.133044
-1.045883
-0.908785
-0.815606
-0.684645
-0.614620
-0.498428
-0.459688
-0.364905
-1.333155
-1.307922
-1.265904
-1.210128
-1.144200
-1.064116
-0.975109
-0.877836
-0.783303
-0.685487
-0.605064
-0.516755
-0.460080
-0.387493
-0.343090
-1.096358
-1.038153
-1.009044
-0.930007
-0.883585
-0.787229
-0.735218
-0.635525
-0.587666
-0.493918
-0.460777
-0.376137
-0.353862
-0.280279
-0.857247
-0.814399
-0.770903
-0.714928
-0.664190
-0.600869
-0.548412
-0.486595
-0.441539
-0.382981
-0.346849
-0.293725
-0.265532
-0.651559
-0.600783
-0.583837
-0.520873
-0.500993
-0.435436
-0.418157
-0.351248
-0.340102
-0.273495
-0.267643
-0.198256
-0.506926
-0.470790
-0.450079
-0.411154
-0.386150
-0.343586
-0.320780
-0.276122
-0.256225
-0.207913
-0.191589
-0.386808
-0.347110
-0.343524
-0.295957
-0.295811
-0.241587
-0.243514
-0.183401
-0.187925
-0.122810
-0.308521
-0.278869
-0.272668
-0.235264
-0.226176
-0.185051
-0.175338
-0.129326
-0.115462
-0.229587
-0.188316
-0.196437
-0.148751
-0.157239
-0.100503
-0.107183
-0.045265
-0.176783
-0.143125
-0.142150
-0.100011
-0.095575
-0.050186
-0.038994
-0.101147
-0.058334
-0.070625
-0.018229
-0.024456
0.039064
-0.057880
-0.014727
-0.012822
0.034912
0.040939
0.028893
0.070095
0.061619
0.128790
0.072597
0.130355
0.124653
0.159511
0.222133
0.217285
0.477603
0.536993
0.674789
0.745326
0.892081
0.993358
1.143203
1.261225
1.413709
1.532095
1.673959
1.771677
1.888141
1.953590
2.028920
2.061470
2.100973
2.101708
2.120008
2.098276
2.104647
2.066607
2.062049
2.039109
2.010026
2.029804
2.030889
2.023189
2.024911
2.037266
2.036552
2.047002
2.059972
2.070122
2.078143
2.096617
2.099895
2.107376
2.110791
2.103623
2.090506
2.071825
2.040135
1.998823
1.961720
1.883755
0.492768
0.606579
0.621540
0.740804
0.770846
0.888041
0.928317
1.046319
1.095297
1.210294
1.258357
1.373825
1.416513
1.516825
1.562225
1.646606
1.672697
1.759019
1.770956
1.825593
1.853584
1.909276
0.605750
0.698959
0.754575
0.847018
0.912331
1.009523
1.080602
1.179597
1.249851
1.351851
1.415501
1.506967
1.569573
1.646996
1.690059
1.767527
1.791995
1.845376
1.876786
1.913960
1.904073
0.699096
0.827360
0.869671
0.992996
1.041800
1.165741
1.218906
1.343258
1.394899
1.509068
1.561581
1.660161
1.697528
1.790286
1.812138
1.878953
1.906129
1.949654
1.955675
2.008707
0.839819
0.931800
1.012845
1.112906
1.193290
1.297453
1.375460
1.475070
1.550956
1.638994
1.698668
1.781057
1.821863
1.881041
1.920416
1.957928
1.974698
2.018708
2.011350
0.941040
1.081843
1.136590
1.269884
1.328231
1.454961
1.515194
1.629315
1.678638
1.783219
1.816396
1.895845
1.926905
1.979945
1.993254
2.044700
2.037650
2.072157
1.093329
1.196694
1.291331
1.394625
1.484750
1.581637
1.659715
1.749930
1.809328
1.878024
1.928983
1.972350
2.002594
2.041697
2.048225
2.074970
2.080143
1.212012
1.353895
1.419841
1.549909
1.610409
1.729544
1.776318
1.872265
1.911478
1.978459
1.999020
2.054541
2.053952
2.092101
2.089828
2.109922
1.367131
1.473726
1.570228
1.669107
1.748702
1.830235
1.897184
1.952495
1.997193
2.039467
2.058503
2.082925
2.095008
2.102980
2.104561
1.488989
1.624678
1.685738
1.802026
1.852573
1.940359
1.971253
2.039959
2.046439
2.091750
2.091478
2.114689
2.104287
2.122843
1.633854
1.730527
1.817776
1.889590
1.953876
2.007644
2.042653
2.073259
2.095065
2.102294
2.108761
2.111768
2.107000
1.742458
1.852868
1.901960
1.989418
2.011821
2.071079
2.079275
2.109229
2.101609
2.122417
2.102359
2.109319
1.861308
1.931856
1.992084
2.035929
2.075625
2.089833
2.108185
2.110966
2.110343
2.098848
2.100616
1.934177
2.014655
2.040696
2.087649
2.091080
2.120087
2.102325
2.112674
2.096350
2.090820
2.019222
2.050887
2.089872
2.101088
2.113331
2.104677
2.111178
2.085022
2.081222
2.052851
2.098891
2.096536
2.117451
2.105301
2.103129
2.079816
2.078819
2.097491
2.100715
2.120110
2.099319
2.102016
2.080246
2.067514
2.101656
2.115836
2.099092
2.103661
2.069908
2.061222
2.117553
2.102649
2.098225
2.068946
2.067971
2.096676
2.097675
2.073435
2.056029
2.104862
2.069957
2.059776
2.065302
2.064158
2.088399
0.375538
0.495310
0.512862
0.611174
0.647353
0.742750
0.795105
0.892248
0.950130
1.048406
1.112116
1.207207
1.265954
1.362621
1.413077
1.494453
1.546191
1.614969
1.642083
1.719363
1.732055
1.766231
1.788518
-0.446163
-0.377791
-0.294559
-0.228628
-0.172016
-0.104081
-0.039360
0.031495
0.114226
0.201514
0.302828
0.412715
0.531588
0.660287
0.791782
0.929010
1.072499
1.203194
1.345274
1.475140
1.585875
1.713348
-0.391884
-0.324259
-0.237113
-0.185174
-0.101184
-0.056688
0.037466
0.096275
0.202054
0.282079
0.404054
0.502116
0.641431
0.751125
0.906782
1.019507
1.181646
1.299100
1.448237
1.555182
1.702774
-0.392451
-0.309827
-0.235802
-0.178808
-0.108129
-0.044374
0.029158
0.110584
0.200660
0.301028
0.414290
0.532617
0.665347
0.796541
0.938682
1.081283
1.219036
1.359709
1.497774
1.614588
-0.328553
-0.266093
-0.176280
-0.126583
-0.044290
0.014821
0.109849
0.181933
0.297761
0.386539
0.521054
0.627229
0.775103
0.896168
1.050577
1.175916
1.338262
1.451479
1.602056
-0.317256
-0.253224
-0.181441
-0.118053
-0.046511
0.022798
0.109613
0.196360
0.301994
0.413016
0.536918
0.668122
0.805767
0.947340
1.095837
1.236718
1.380046
1.527436
-0.264689
-0.199615
-0.119220
-0.064706
0.025738
0.090754
0.195522
0.280830
0.402525
0.506431
0.646661
0.763952
0.919790
1.045255
1.205523
1.341223
1.488922
-0.255570
-0.194179
-0.117523
-0.055149
0.024185
0.103847
0.197893
0.298549
0.416065
0.536439
0.673238
0.810093
0.955929
1.106760
1.250599
1.400691
-0.193897
-0.137760
-0.054867
0.008975
0.102493
0.180309
0.294750
0.388547
0.521546
0.634734
0.780985
0.910737
1.066006
1.202504
1.367120
-0.191887
-0.126072
-0.052097
0.018289
0.106811
0.192944
0.301047
0.412969
0.539163
0.672256
0.814502
0.959122
1.113830
1.260583
-0.127615
-0.069654
0.020832
0.088696
0.193573
0.282141
0.401769
0.508795
0.648081
0.768974
0.924614
1.057106
1.219844
-0.121753
-0.056889
0.023048
0.102827
0.196259
0.296834
0.415725
0.535167
0.674115
0.811980
0.961846
1.113222
-0.056010
0.008150
0.102318
0.181829
0.296185
0.389482
0.520880
0.635056
0.779509
0.910490
1.067745
-0.050654
0.021069
0.107805
0.192472
0.299575
0.410998
0.536291
0.667733
0.812492
0.954716
0.024268
0.091276
0.197337
0.285553
0.402846
0.507569
0.645426
0.762968
0.916411
0.027926
0.107075
0.195889
0.295072
0.412687
0.528726
0.666570
0.801606
0.109628
0.187376
0.302333
0.390571
0.519297
0.628838
0.768183
0.113141
0.194373
0.296422
0.406683
0.527115
0.653946
0.206987
0.293221
0.406017
0.503864
0.636044
0.197142
0.291981
0.404740
0.515530
0.314827
0.397519
0.515885
0.282758
0.390308
0.434382
-1.538743
-1.553997
-1.529214
-1.543133
-1.523200
-1.541288
-1.542321
-1.552343
-1.561978
-1.586917
-1.594026
-1.624120
-1.639553
-1.658507
-1.664741
-1.654026
-1.609792
-1.525346
-1.381570
-1.213463
-1.024880
-0.851696
-0.719969
-1.484014
-1.520457
-1.481030
-1.501774
-1.493777
-1.499809
-1.502198
-1.526806
-1.525040
-1.558123
-1.570257
-1.601600
-1.616992
-1.653072
-1.652763
-1.669633
-1.618980
-1.564276
-1.411852
-1.264115
-1.048872
-0.891520
-1.466096
-1.476430
-1.471279
-1.462342
-1.464802
-1.481257
-1.474629
-1.500356
-1.511371
-1.534433
-1.554231
-1.589651
-1.606773
-1.643196
-1.653504
-1.667429
-1.634222
-1.571473
-1.434473
-1.263283
-1.048781
-1.455482
-1.429116
-1.427061
-1.441012
-1.423337
-1.446627
-1.451247
-1.469785
-1.483791
-1.517720
-1.530404
-1.573512
-1.594601
-1.635047
-1.647580
-1.672509
-1.634593
-1.585963
-1.434427
-1.264182
-1.406073
-1.425298
-1.392444
-1.411514
-1.410967
-1.420693
-1.430310
-1.458286
-1.467007
-1.504141
-1.524804
-1.561957
-1.590061
-1.629525
-1.645972
-1.669819
-1.634548
-1.571525
-1.411837
-1.375013
-1.375963
-1.377676
-1.373978
-1.379905
-1.401681
-1.404926
-1.436630
-1.454118
-1.487823
-1.514138
-1.556025
-1.583393
-1.630036
-1.645942
-1.672545
-1.634225
-1.564221
-1.359709
-1.355594
-1.345590
-1.367330
-1.358269
-1.386370
-1.397084
-1.426322
-1.446745
-1.485348
-1.509719
-1.555635
-1.583380
-1.629549
-1.647582
-1.667393
-1.619027
-1.326746
-1.333455
-1.323127
-1.336538
-1.346954
-1.365647
-1.384056
-1.416603
-1.439721
-1.480858
-1.509702
-1.556040
-1.590056
-1.635023
-1.653537
-1.669627
-1.304542
-1.316011
-1.312188
-1.329090
-1.333810
-1.366101
-1.378950
-1.418650
-1.439721
-1.485358
-1.514144
-1.561943
-1.594630
-1.643192
-1.652739
-1.293303
-1.294146
-1.296934
-1.315852
-1.328333
-1.356035
-1.378943
-1.416608
-1.446740
-1.487813
-1.524813
-1.573507
-1.606753
-1.653100
-1.277439
-1.295043
-1.292082
-1.318004
-1.328335
-1.366105
-1.384060
-1.426319
-1.454135
-1.504139
-1.530404
-1.589671
-1.616996
-1.273049
-1.282241
-1.292079
-1.315853
-1.333806
-1.365643
-1.397087
-1.436623
-1.466999
-1.517728
-1.554223
-1.601586
-1.273053
-1.295043
-1.296937
-1.329090
-1.346963
-1.386370
-1.404930
-1.458298
-1.483795
-1.534432
-1.570284
-1.277436
-1.294144
-1.312189
-1.336533
-1.358268
-1.401682
-1.430305
-1.469775
-1.511383
-1.558109
-1.293309
-1.316009
-1.323133
-1.367334
-1.379909
-1.420696
-1.451262
-1.500358
-1.525044
-1.304542
-1.333456
-1.345587
-1.373974
-1.410972
-1.446615
-1.474628
-1.526807
-1.326750
-1.355595
-1.377687
-1.411513
-1.423346
-1.481272
-1.502201
-1.359713
-1.375956
-1.392446
-1.441012
-1.464798
-1.499799
-1.375022
-1.425304
-1.427066
-1.462349
-1.493795
-1.406071
-1.429112
-1.471287
-1.501761
-1.455497
-1.476430
-1.481042
-1.466101
-1.520457
-1.484020
-1.529426
-1.528277
-1.448438
-1.429626
-1.406592
-1.374478
-1.338349
-1.331693
-1.298795
-1.291718
-1.278363
-1.279859
-1.278363
-1.291718
-1.298799
-1.331692
-1.338349
-1.374482
-1.406590
-1.429625
-1.448446
-1.528266
-1.529429
-1.538729
-1.553990
-1.529217
-1.543116
-1.523202
-1.541278
-1.542306
-1.552326
-1.561970
-1.586872
-1.594022
-1.624083
-1.639513
-1.658498
-1.664710
-1.653945
-1.609839
-1.525312
-1.381516
-1.213504
-1.024872
-0.851516
-0.719985
-1.484013
-1.520463
-1.481034
-1.501764
-1.493793
-1.499805
-1.502190
-1.526822
-1.525045
-1.558109
-1.570305
-1.601604
-1.616999
-1.653124
-1.652777
-1.669602
-1.619060
-1.564205
-1.411832
-1.264153
-1.048843
-0.891397
-1.466108
-1.476422
-1.471298
-1.462336
-1.464805
-1.481260
-1.474638
-1.500330
-1.511396
-1.534404
-1.554211
-1.589644
-1.606758
-1.643133
-1.653551
-1.667368
-1.634227
-1.571504
-1.434477
-1.263193
-1.048922
-1.455491
-1.429114
-1.427058
-1.441018
-1.423340
-1.446617
-1.451264
-1.469784
-1.483791
-1.517746
-1.530419
-1.573503
-1.594656
-1.635033
-1.647585
-1.672537
-1.634578
-1.585907
-1.434519
-1.264083
-1.406077
-1.425299
-1.392454
-1.411500
-1.410984
-1.420679
-1.430310
-1.458277
-1.467009
-1.504096
-1.524828
-1.561907
-1.590052
-1.629515
-1.645968
-1.669766
-1.634630
-1.571448
-1.411855
-1.375016
-1.375957
-1.377683
-1.373977
-1.379903
-1.401690
-1.404932
-1.436626
-1.454144
-1.487825
-1.514143
-1.556053
-1.583396
-1.630020
-1.645990
-1.672498
-1.634219
-1.564258
-1.359720
-1.355589
-1.345594
-1.367323
-1.358278
-1.386347
-1.397100
-1.426292
-1.446745
-1.485326
-1.509719
-1.555583
-1.583419
-1.629488
-1.647592
-1.667402
-1.619007
-1.326745
-1.333458
-1.323130
-1.336534
-1.346963
-1.365649
-1.384059
-1.416618
-1.439727
-1.480859
-1.509727
-1.556036
-1.590050
-1.635055
-1.653503
-1.669614
-1.304549
-1.316002
-1.312197
-1.329077
-1.333814
-1.366086
-1.378955
-1.418617
-1.439738
-1.485315
-1.514148
-1.561921
-1.594629
-1.643142
-1.652801
-1.293305
-1.294146
-1.296934
-1.315856
-1.328336
-1.356037
-1.378953
-1.416612
-1.446742
-1.487834
-1.524803
-1.573511
-1.606768
-1.653086
-1.277441
-1.295037
-1.292086
-1.317990
-1.328343
-1.366082
-1.384065
-1.426297
-1.454135
-1.504102
-1.530428
-1.589618
-1.617006
-1.273050
-1.282241
-1.292081
-1.315855
-1.333809
-1.365653
-1.397084
-1.436633
-1.467005
-1.517731
-1.554213
-1.601618
-1.273053
-1.295037
-1.296939
-1.329078
-1.346962
-1.386351
-1.404937
-1.458264
-1.483800
-1.534409
-1.570277
-1.277437
-1.294147
-1.312188
-1.336539
-1.358270
-1.401684
-1.430306
-1.469792
-1.511365
-1.558126
-1.293305
-1.316006
-1.323131
-1.367320
-1.379910
-1.420681
-1.451253
-1.500336
-1.525052
-1.304542
-1.333456
-1.345590
-1.373979
-1.410966
-1.446626
-1.474628
-1.526808
-1.326747
-1.355591
-1.377677
-1.411507
-1.423341
-1.481248
-1.502198
-1.359710
-1.375962
-1.392446
-1.441009
-1.464801
-1.499808
-1.375013
-1.425295
-1.427060
-1.462341
-1.493775
-1.406074
-1.429114
-1.471279
-1.501766
-1.455480
-1.476430
-1.481030
-1.466098
-1.520451
-1.484013
2.037458
1.985261
1.994143
1.934405
1.934230
1.875415
1.868063
1.822866
1.809869
1.776396
1.781032
1.754591
1.781033
1.776396
1.809869
1.822865
1.868063
1.875416
1.934229
1.934404
1.994142
1.985261
2.037458
2.039107
2.010029
2.029796
2.030886
2.023204
2.024881
2.037280
2.036553
2.046982
2.059964
2.070154
2.078078
2.096649
2.099888
2.107345
2.110773
2.103672
2.090403
2.071874
2.040109
1.998791
1.961676
1.883822
2.027626
2.033568
2.001291
2.013366
2.013093
2.014528
2.016638
2.032242
2.038122
2.048280
2.068752
2.076078
2.092446
2.102121
2.114210
2.107241
2.118594
2.087465
2.086918
2.033935
2.015418
1.936589
1.986233
1.969294
1.985356
1.966734
1.975855
1.981108
1.989864
1.993960
2.017963
2.024683
2.044835
2.061325
2.080522
2.088788
2.108466
2.106891
2.111198
2.097340
2.083434
2.052471
2.015417
1.965848
1.968855
1.946938
1.966296
1.954614
1.965496
1.977493
1.988934
2.001905
2.023989
2.041861
2.055913
2.082164
2.090175
2.108574
2.107997
2.115063
2.092105
2.083436
2.033935
1.933999
1.919336
1.925157
1.910261
1.933617
1.928753
1.948776
1.961869
1.986166
1.996850
2.031268
2.043540
2.071443
2.083873
2.106923
2.105351
2.115062
2.097340
2.086916
1.905219
1.906103
1.898506
1.907265
1.903487
1.927450
1.936204
1.955634
1.980382
2.001743
2.024035
2.048667
2.073150
2.085371
2.106925
2.107997
2.111199
2.087465
1.880161
1.858941
1.867337
1.865624
1.886589
1.887423
1.923188
1.933647
1.966131
1.986276
2.022390
2.036132
2.073149
2.083873
2.108572
2.106891
2.118592
1.845056
1.853030
1.845244
1.857082
1.870312
1.893321
1.908817
1.941935
1.966359
1.992125
2.022391
2.048667
2.071445
2.090174
2.108468
2.107241
1.822346
1.805169
1.826986
1.826318
1.853079
1.868731
1.906995
1.920975
1.966358
1.986276
2.024033
2.043540
2.082162
2.088789
2.114208
1.801159
1.806805
1.806054
1.832901
1.849830
1.877482
1.906997
1.941936
1.966133
2.001742
2.031270
2.055913
2.080524
2.102121
1.780059
1.778094
1.802028
1.807716
1.849830
1.868733
1.908817
1.933648
1.980381
1.996850
2.041860
2.061325
2.092444
1.775228
1.785921
1.802030
1.832902
1.853082
1.893322
1.923190
1.955634
1.986167
2.023989
2.044836
2.076078
1.775229
1.778096
1.806054
1.826319
1.870311
1.887423
1.936202
1.961869
2.001903
2.024684
2.068750
1.780061
1.806806
1.826987
1.857081
1.886589
1.927449
1.948777
1.988934
2.017964
2.048280
1.801158
1.805168
1.845242
1.865623
1.903485
1.928753
1.977491
1.993961
2.038121
1.822345
1.853029
1.867338
1.907264
1.933618
1.965496
1.989866
2.032242
1.845054
1.858941
1.898505
1.910262
1.954613
1.981108
2.016636
1.880163
1.906103
1.925158
1.966296
1.975857
2.014527
1.905218
1.919336
1.946937
1.966734
2.013092
1.934000
1.968854
1.985357
2.013366
1.965847
1.969294
2.001289
1.986233
2.033568
2.027625
2.039109
2.010027
2.029804
2.030890
2.023190
2.024912
2.037266
2.036554
2.047003
2.059973
2.070122
2.078145
2.096616
2.099897
2.107375
2.110793
2.103622
2.090507
2.071824
2.040135
1.998821
1.961721
1.883753
2.027625
2.033568
2.001278
2.013379
2.013081
2.014515
2.016653
2.032230
2.038095
2.048311
2.068724
2.076052
2.092473
2.102096
2.114165
2.107284
2.118547
2.087427
2.086948
2.033897
2.015354
1.936637
1.986231
1.969303
1.985352
1.966733
1.975869
1.981112
1.989845
1.994004
2.017942
2.024687
2.044860
2.061335
2.080485
2.088869
2.108427
2.106907
2.111230
2.097365
2.083379
2.052593
2.015355
1.965845
1.968851
1.946943
1.966291
1.954598
1.965516
1.977475
1.988918
2.001925
2.023972
2.041828
2.055950
2.082128
2.090146
2.108602
2.107967
2.115012
2.092153
2.083378
2.033897
1.934002
1.919337
1.925149
1.910283
1.933606
1.928753
1.948793
1.961875
1.986140
1.996907
2.031239
2.043549
2.071471
2.083887
2.106880
2.105447
2.115012
2.097366
2.086948
1.905215
1.906110
1.898498
1.907256
1.903497
1.927440
1.936182
1.955660
1.980358
2.001724
2.024058
2.048645
2.073112
2.085413
2.106880
2.107967
2.111229
2.087427
1.880160
1.858941
1.867345
1.865625
1.886574
1.887457
1.923171
1.933652
1.966152
1.986284
2.022359
2.036202
2.073112
2.083888
2.108602
2.106908
2.118547
1.845057
1.853025
1.845233
1.857095
1.870299
1.893311
1.908834
1.941922
1.966334
1.992158
2.022359
2.048645
2.071471
2.090146
2.108426
2.107284
1.822342
1.805179
1.826978
1.826320
1.853093
1.868736
1.906976
1.921021
1.966333
1.986284
2.024058
2.043549
2.082127
2.088870
2.114164
1.801155
1.806802
1.806062
1.832895
1.849816
1.877502
1.906976
1.941922
1.966153
2.001724
2.031240
2.055950
2.080485
2.102096
1.780062
1.778096
1.802019
1.807738
1.849814
1.868735
1.908832
1.933652
1.980357
1.996908
2.041827
2.061337
2.092472
1.775226
1.785927
1.802019
1.832894
1.853092
1.893311
1.923171
1.955661
1.986141
2.023972
2.044861
2.076052
1.775224
1.778094
1.806059
1.826320
1.870298
1.887457
1.936182
1.961875
2.001924
2.024688
2.068722
1.780061
1.806801
1.826979
1.857096
1.886576
1.927441
1.948794
1.988918
2.017942
2.048311
1.801155
1.805180
1.845234
1.865626
1.903496
1.928754
1.977473
1.994005
2.038093
1.822344
1.853027
1.867345
1.907257
1.933606
1.965516
1.989845
2.032230
1.845057
1.858941
1.898497
1.910283
1.954597
1.981113
2.016651
1.880160
1.906110
1.925150
1.966291
1.975869
2.014515
1.905214
1.919337
1.946943
1.966734
2.013080
1.934003
1.968851
1.985352
2.013380
1.965844
1.969304
2.001277
1.986232
2.033568
2.027624

