Tension at each vertex
-9.327170
-9.327175
-9.325202
-9.325195
-11.568122
-9.208905
-11.568124
-9.208903
-10.534799
-10.531959
-8.939469
-8.933759
-10.596737
-9.919822
-10.634668
-10.069326
-10.800762
-10.215294
-10.952697
-10.440609
-11.145907
-10.701643
-11.407143
-10.990595
-11.693700
-11.289598
-11.943214
-11.527815
-12.137152
-11.657632
-12.252402
-11.721929
-12.261217
-11.762281
-12.347764
-10.865025
-11.410816
-11.088478
-11.386792
-11.193741
-11.479978
-11.301891
-11.595095
-11.466870
-11.745620
-11.663978
-11.941541
-11.867195
-12.135127
-12.064781
-12.274022
-12.206652
-12.366072
-12.269099
-12.397598
-12.338193
-12.276608
-10.681292
-9.919416
-10.751972
-10.092635
-10.841222
-10.269869
-11.005442
-10.481252
-11.216168
-10.751954
-11.469580
-11.050320
-11.754249
-11.320452
-12.001002
-11.539340
-12.162725
-11.667002
-12.278368
-11.692151
-12.338335
-10.875128
-11.396576
-11.005667
-11.430645
-11.137956
-11.497937
-11.275254
-11.619501
-11.442263
-11.779911
-11.650713
-11.957528
-11.868337
-12.145828
-12.051290
-12.285766
-12.197181
-12.349024
-12.278216
-12.397555
-10.806913
-9.907286
-10.824841
-10.086058
-10.910837
-10.284584
-11.061100
-10.514618
-11.277215
-10.781243
-11.540143
-11.080101
-11.801746
-11.347333
-12.038307
-11.535427
-12.197374
-11.667022
-12.269256
-10.793596
-11.437456
-10.933635
-11.463950
-11.080326
-11.527754
-11.238038
-11.638897
-11.420296
-11.794391
-11.620732
-11.975142
-11.846008
-12.142823
-12.038165
-12.285693
-12.162553
-12.366053
-10.801026
-9.914691
-10.878600
-10.079034
-10.970705
-10.286498
-11.119656
-10.525635
-11.328375
-10.804471
-11.590001
-11.084425
-11.846223
-11.347335
-12.051464
-11.539499
-12.206697
-10.820924
-11.409446
-10.909181
-11.480841
-11.038988
-11.550895
-11.199618
-11.657331
-11.381045
-11.794281
-11.589874
-11.975042
-11.801573
-12.145824
-12.000694
-12.274040
-10.784221
-9.961352
-10.881734
-10.094980
-11.008635
-10.285040
-11.163774
-10.524830
-11.381254
-10.804458
-11.620902
-11.080275
-11.868352
-11.320739
-12.064885
-10.807365
-11.392492
-10.913063
-11.468734
-11.020433
-11.559942
-11.163682
-11.657220
-11.328220
-11.794383
-11.539793
-11.957547
-11.754004
-12.134952
-10.804569
-9.964825
-10.891693
-10.112128
-11.020584
-10.285030
-11.199775
-10.525826
-11.420273
-10.781556
-11.650795
-11.050468
-11.867370
-10.798375
-11.402362
-10.891602
-11.468652
-11.008538
-11.550886
-11.119313
-11.638939
-11.276965
-11.779695
-11.469414
-11.941418
-10.798430
-9.964851
-10.913193
-10.095129
-11.038920
-10.286849
-11.238099
-10.514777
-11.442460
-10.752315
-11.663833
-10.804525
-11.392445
-10.881448
-11.480947
-10.970447
-11.527527
-11.060976
-11.619394
-11.215678
-11.745704
-10.807282
-9.961736
-10.909125
-10.079182
-11.080535
-10.284945
-11.275089
-10.481913
-11.466829
-10.783925
-11.409275
-10.878570
-11.463819
-10.910319
-11.498071
-11.005033
-11.594766
-10.821109
-9.914964
-10.933394
-10.086812
-11.137871
-10.270182
-11.302136
-10.800589
-11.437713
-10.824389
-11.430284
-10.841132
-11.479762
-10.793289
-9.907610
-11.005956
-10.093172
-11.193396
-10.806992
-11.396286
-10.751240
-11.387031
-10.874669
-9.920645
-11.088210
-10.680634
-11.410271
-10.865351
-11.518887
-9.847118
-11.424778
-9.720548
-11.387962
-9.827709
-11.323913
-9.850150
-11.331835
-9.856628
-11.316196
-9.875323
-11.316216
-9.856551
-11.331672
-9.849951
-11.324115
-9.826876
-11.388233
-9.720135
-11.424371
-9.846528
-11.519382
-10.539474
-9.782594
-10.424206
-9.768823
-10.408518
-9.709878
-10.330557
-9.676250
-10.229567
-9.609583
-10.137174
-9.522370
-10.039062
-9.452661
-9.947666
-9.392285
-9.906395
-9.343822
-9.893617
-9.343441
-9.874862
-9.372141
-9.994094
-10.785727
-11.265749
-10.851815
-11.073810
-10.770108
-10.958471
-10.643203
-10.810293
-10.511664
-10.635158
-10.352399
-10.460212
-10.179374
-10.291160
-10.047067
-10.149010
-9.956230
-10.077716
-9.898527
-10.040836
-9.939029
-9.935660
-10.611267
-9.768780
-10.520300
-9.767733
-10.417957
-9.731401
-10.340601
-9.671122
-10.246020
-9.606138
-10.138907
-9.528354
-10.049768
-9.442080
-9.971259
-9.389051
-9.911130
-9.353228
-9.917125
-9.308378
-9.939056
-10.791965
-11.241354
-10.757759
-11.099170
-10.693695
-10.950196
-10.585703
-10.797732
-10.445591
-10.622843
-10.294837
-10.430640
-10.141497
-10.272394
-10.008020
-10.146459
-9.943559
-10.051951
-9.917753
-10.040661
-10.733804
-9.748959
-10.582277
-9.747411
-10.468140
-9.722659
-10.366621
-9.670602
-10.269976
-9.597204
-10.170934
-9.526274
-10.065174
-9.448467
-9.993525
-9.373590
-9.943639
-9.352921
-9.898075
-10.708609
-11.277384
-10.677751
-11.120735
-10.621775
-10.960147
-10.526538
-10.790859
-10.397073
-10.610487
-10.238418
-10.426014
-10.103918
-10.255953
-9.994061
-10.146287
-9.911226
-10.078164
-10.723952
-9.750940
-10.627538
-9.728344
-10.512453
-9.706579
-10.404548
-9.661612
-10.299157
-9.601852
-10.203884
-9.517414
-10.104066
-9.448163
-10.007665
-9.389228
-9.956048
-10.735377
-11.244260
-10.647588
-11.128527
-10.570396
-10.971279
-10.476132
-10.797045
-10.347370
-10.599821
-10.204295
-10.425854
-10.065206
-10.272833
-9.971514
-10.148607
-10.703730
-9.793440
-10.622895
-9.736460
-10.540380
-9.696369
-10.439528
-9.653295
-10.347561
-9.601576
-10.238181
-9.526430
-10.141364
-9.441313
-10.047541
-10.721234
-11.224069
-10.648972
-11.111737
-10.549047
-10.976164
-10.439780
-10.796919
-10.299129
-10.610879
-10.171078
-10.430318
-10.050582
-10.291269
-10.721399
-9.794346
-10.628587
-9.750822
-10.549227
-9.696164
-10.476011
-9.661717
-10.397019
-9.596536
-10.295319
-9.527921
-10.178805
-10.713209
-11.232872
-10.628671
-11.111676
-10.540304
-10.971562
-10.404628
-10.790608
-10.270619
-10.622926
-10.138678
-10.460900
-10.713339
-9.794240
-10.648948
-9.736480
-10.570458
-9.706029
-10.526982
-9.670204
-10.445184
-9.606148
-10.352570
-10.721295
-11.224213
-10.622964
-11.128325
-10.512889
-10.960228
-10.366423
-10.798298
-10.246409
-10.634611
-10.721425
-9.792993
-10.647958
-9.728042
-10.621540
-9.722591
-10.585901
-9.669934
-10.512387
-10.703954
-11.244369
-10.627361
-11.121116
-10.468463
-10.949766
-10.341449
-10.810554
-10.735297
-9.750769
-10.678054
-9.746422
-10.694300
-9.730878
-10.642687
-10.724243
-11.277040
-10.582858
-11.099411
-10.417700
-10.959155
-10.709117
-9.748540
-10.757465
-9.767470
-10.770497
-10.733576
-11.241800
-10.520846
-11.073293
-10.792507
-9.767416
-10.852542
-10.611931
-11.266150
-10.785489
-11.446334
-9.622436
-11.279622
-9.877023
-11.273779
-9.991537
-11.335271
-10.088336
-11.386172
-10.203377
-11.459930
-10.304390
-11.554546
-10.416386
-11.647064
-10.527086
-11.750423
-10.618112
-11.856559
-10.682671
-11.946671
-10.751914
-12.063408
-12.247837
-12.305819
-12.279127
-12.271645
-12.290980
-12.256939
-12.293413
-12.269508
-12.311958
-12.262748
-12.340932
-12.259857
-12.343012
-12.240906
-12.330635
-12.178838
-12.285832
-12.080348
-12.211461
-11.938011
-12.149155
-11.746522
-12.402295
-11.731083
-12.413237
-11.745731
-12.398757
-11.767601
-12.393907
-11.752009
-12.402902
-11.728486
-12.384293
-11.683963
-12.356386
-11.586361
-12.301052
-11.442955
-12.208022
-11.241720
-12.095444
-10.988746
-11.964776
-12.323917
-12.270614
-12.297474
-12.278733
-12.299230
-12.255421
-12.324646
-12.239101
-12.324338
-12.222459
-12.321389
-12.168170
-12.298676
-12.087989
-12.238612
-11.967138
-12.156880
-11.812711
-12.058456
-11.654688
-12.393406
-11.748495
-12.401391
-11.730510
-12.415415
-11.712955
-12.394042
-11.687840
-12.371159
-11.613969
-12.333463
-11.509282
-12.257476
-11.356925
-12.160308
-11.154292
-12.041309
-10.922979
-11.910217
-12.277894
-12.221170
-12.293964
-12.205394
-12.283911
-12.190212
-12.282081
-12.136818
-12.272356
-12.070559
-12.225273
-11.972340
-12.161212
-11.833024
-12.072065
-11.674709
-11.967022
-11.515531
-12.378504
-11.658332
-12.362141
-11.644549
-12.349173
-11.584736
-12.324157
-11.508536
-12.259268
-11.395077
-12.182244
-11.229641
-12.080176
-11.037849
-11.958181
-10.825982
-11.827703
-12.198672
-12.115145
-12.204800
-12.065014
-12.202379
-12.012631
-12.164322
-11.936395
-12.120228
-11.816681
-12.050902
-11.682645
-11.957029
-11.530534
-11.855332
-11.382496
-12.273215
-11.486500
-12.260092
-11.437127
-12.208452
-11.356814
-12.150661
-11.225519
-12.069648
-11.076338
-11.962481
-10.897227
-11.853311
-10.708828
-11.732575
-12.068742
-11.900147
-12.046756
-11.841788
-12.023188
-11.745786
-11.978762
-11.642643
-11.904354
-11.514178
-11.828928
-11.375782
-11.734893
-11.247800
-12.102691
-11.236715
-12.068867
-11.142530
-12.009369
-11.034641
-11.919582
-10.895231
-11.835798
-10.734922
-11.734340
-10.580383
-11.635674
-11.868120
-11.618490
-11.848860
-11.545657
-11.801150
-11.450376
-11.758215
-11.333380
-11.690423
-11.227019
-11.617726
-11.106965
-11.909334
-10.923555
-11.845685
-10.826006
-11.782287
-10.696728
-11.700327
-10.578418
-11.617776
-10.437148
-11.549519
-11.651897
-11.339496
-11.638135
-11.251961
-11.606705
-11.178016
-11.558385
-11.074984
-11.520954
-10.979242
-11.712936
-10.615573
-11.655582
-10.527031
-11.575289
-10.411874
-11.528126
-10.302099
-11.457742
-11.475486
-11.091519
-11.456779
-11.027205
-11.462177
-10.945711
-11.419062
-10.877872
-11.548014
-10.367917
-11.503716
-10.256518
-11.431860
-10.190841
-11.389609
-11.334298
-10.886683
-11.351041
-10.868968
-11.343046
-10.769455
-11.453042
-10.158108
-11.361953
-10.045874
-11.353528
-11.208089
-10.773580
-11.311471
-10.706025
-11.395349
-9.901885
-11.296208
-11.199603
-10.709647
-11.304226
-10.538683
-9.783192
-10.424425
-9.769526
-10.407488
-9.711465
-10.329940
-9.676381
-10.229925
-9.610139
-10.136126
-9.523747
-10.038561
-9.452602
-9.947912
-9.392696
-9.905444
-9.344666
-9.893238
-9.343264
-9.874718
-9.372431
-9.993445
-10.081545
-9.436104
-10.046569
-9.416945
-10.054690
-9.433994
-10.045062
-9.428814
-10.023437
-9.407698
-10.008631
-9.366835
-9.999861
-9.331038
-10.002205
-9.296248
-10.036593
-9.270374
-10.089808
-9.253363
-10.176969
-9.190452
-10.341116
-11.191593
-10.544737
-11.085195
-10.435818
-11.026986
-10.378093
-10.933273
-10.345429
-10.850473
-10.287783
-10.774233
-10.238512
-10.678845
-10.198620
-10.589645
-10.150898
-10.517073
-10.110461
-10.441382
-10.117963
-10.362427
-10.072043
-10.995032
-9.651435
-10.986466
-9.674477
-10.887968
-9.678118
-10.811879
-9.628270
-10.741089
-9.580078
-10.648396
-9.530005
-10.566965
-9.460499
-10.502981
-9.388918
-10.441376
-9.333248
-10.382676
-9.261084
-10.390864
-11.118359
-10.433708
-10.956249
-10.388722
-10.877612
-10.305541
-10.799956
-10.248146
-10.692693
-10.195323
-10.595671
-10.128629
-10.507129
-10.073270
-10.416060
-10.041327
-10.327410
-10.024078
-10.264877
-10.024563
-10.823618
-9.710977
-10.813463
-9.649873
-10.749513
-9.617866
-10.645132
-9.572676
-10.554395
-9.500784
-10.468952
-9.434642
-10.382243
-9.376901
-10.309362
-9.322615
-10.258130
-9.271486
-10.208595
-10.978762
-10.328243
-10.856841
-10.283452
-10.730401
-10.221073
-10.627935
-10.138502
-10.523624
-10.072055
-10.412593
-10.016988
-10.316658
-9.973870
-10.235958
-9.953893
-10.159645
-9.971525
-10.724702
-9.673609
-10.645993
-9.619478
-10.565653
-9.546447
-10.467342
-9.484329
-10.358700
-9.420332
-10.270484
-9.358928
-10.198522
-9.315125
-10.138838
-9.291029
-10.089611
-10.821020
-10.252769
-10.701061
-10.171431
-10.575648
-10.101742
-10.444756
-10.028685
-10.335940
-9.962096
-10.238173
-9.923575
-10.153482
-9.909933
-10.084658
-9.917442
-10.579623
-9.605202
-10.485063
-9.543160
-10.369975
-9.471306
-10.269492
-9.399044
-10.175470
-9.351521
-10.099593
-9.319157
-10.049349
-9.302418
-10.013878
-10.668310
-10.149337
-10.521110
-10.067545
-10.394534
-9.984460
-10.274138
-9.929654
-10.172281
-9.890944
-10.100430
-9.877102
-10.043181
-9.888474
-10.406905
-9.534867
-10.301153
-9.453132
-10.189533
-9.395355
-10.091570
-9.347532
-10.030375
-9.323588
-9.987802
-9.325008
-9.963473
-10.491294
-10.037002
-10.349885
-9.967019
-10.222588
-9.905600
-10.136512
-9.869932
-10.067761
-9.867588
-10.022192
-9.878113
-10.238975
-9.455248
-10.120755
-9.389148
-10.038996
-9.344425
-9.975540
-9.338760
-9.945389
-9.346848
-9.942276
-10.309506
-9.953494
-10.199371
-9.890444
-10.108404
-9.871273
-10.051571
-9.865078
-10.025313
-9.880390
-10.083852
-9.382639
-9.994713
-9.355298
-9.937164
-9.343432
-9.925048
-9.365146
-9.927484
-10.175403
-9.899075
-10.089189
-9.869783
-10.054500
-9.872742
-10.028583
-9.898662
-9.962114
-9.354170
-9.924908
-9.345738
-9.902813
-9.381238
-9.918915
-10.089016
-9.871824
-10.047632
-9.892376
-10.037541
-9.911477
-9.911795
-9.354721
-9.891582
-9.374197
-9.916808
-10.035032
-9.899948
-10.051514
-9.927949
-9.906828
-9.347038
-9.916129
-10.064512
-9.956023
-9.844037
-11.395446
-9.542894
-11.137031
-9.697023
-11.028838
-9.704223
-10.970896
-9.677978
-10.890196
-9.652800
-10.815379
-9.599021
-10.750447
-9.543482
-10.674881
-9.489561
-10.609542
-9.415468
-10.570628
-9.327099
-10.522472
-9.290687
-10.540671
-11.791233
-11.848749
-11.678791
-11.634297
-11.550504
-11.500093
-11.420169
-11.391378
-11.330104
-11.290123
-11.243410
-11.195587
-11.139809
-11.079324
-11.028513
-10.943372
-10.890842
-10.812290
-10.743757
-10.637454
-10.644886
-10.433243
-11.522337
-10.474062
-11.252208
-10.283473
-10.984989
-10.103144
-10.786714
-9.933601
-10.626000
-9.807801
-10.503384
-9.712691
-10.430037
-9.635824
-10.370539
-9.571986
-10.312194
-9.474158
-10.279873
-9.354214
-10.205491
-11.770150
-11.767293
-11.583204
-11.601459
-11.465355
-11.449178
-11.366385
-11.342480
-11.274356
-11.242873
-11.188418
-11.127717
-11.081530
-11.003556
-10.956286
-10.851119
-10.837603
-10.681121
-10.684413
-10.541405
-11.380341
-10.429470
-11.130840
-10.197307
-10.905404
-10.022763
-10.710008
-9.875686
-10.570138
-9.757791
-10.472365
-9.678480
-10.402873
-9.603228
-10.355154
-9.516850
-10.288494
-9.440637
-10.207971
-11.698766
-11.668219
-11.534931
-11.522566
-11.401540
-11.397754
-11.311380
-11.287095
-11.227390
-11.183385
-11.127153
-11.058441
-11.017203
-10.912502
-10.882984
-10.767263
-10.728203
-10.596762
-11.252489
-10.352284
-11.004185
-10.134982
-10.805393
-9.954720
-10.641321
-9.821711
-10.517033
-9.723927
-10.439735
-9.646801
-10.375995
-9.581434
-10.305153
-9.498806
-10.231743
-11.622618
-11.583097
-11.471624
-11.441018
-11.357962
-11.335013
-11.264898
-11.235565
-11.175641
-11.119173
-11.064653
-10.989790
-10.931632
-10.840367
-10.789143
-10.678955
-11.120306
-10.263171
-10.899587
-10.061417
-10.711709
-9.900120
-10.569143
-9.778044
-10.470378
-9.698233
-10.400026
-9.631145
-10.338848
-9.559110
-10.253111
-11.551818
-11.494456
-11.408876
-11.378486
-11.309518
-11.280970
-11.222436
-11.180423
-11.116803
-11.056981
-10.991372
-10.915285
-10.842601
-10.767734
-10.996398
-10.180840
-10.794756
-9.988721
-10.629600
-9.841461
-10.506263
-9.743266
-10.427761
-9.677650
-10.364392
-9.619515
-10.289017
-11.472578
-11.415727
-11.357119
-11.318718
-11.268609
-11.233956
-11.171906
-11.125559
-11.047981
-10.992057
-10.904327
-10.842097
-10.889734
-10.089112
-10.702239
-9.917646
-10.548930
-9.793084
-10.452209
-9.717099
-10.394312
-9.661568
-10.332656
-11.404331
-11.354689
-11.305218
-11.279727
-11.226050
-11.186014
-11.116907
-11.059850
-10.972468
-10.920507
-10.781603
-10.006727
-10.615184
-9.840496
-10.491232
-9.745267
-10.418320
-9.702162
-10.362499
-11.351992
-11.298447
-11.279275
-11.240182
-11.178159
-11.141606
-11.035608
-10.999530
-10.698347
-9.916078
-10.527403
-9.786562
-10.435290
-9.721981
-10.402531
-11.297440
-11.285425
-11.241828
-11.202839
-11.128757
-11.064171
-10.616851
-9.801753
-10.483557
-9.712024
-10.429717
-11.301149
-11.267380
-11.208102
-11.170678
-10.511525
-9.700360
-10.426639
-11.341541
-11.303068
-10.382897
-11.518890
-9.847114
-11.424776
-9.720548
-11.387965
-9.827710
-11.323914
-9.850150
-11.331836
-9.856628
-11.316196
-9.875323
-11.316217
-9.856551
-11.331672
-9.849950
-11.324116
-9.826875
-11.388231
-9.720135
-11.424375
-9.846531
-11.519382
-10.597724
-9.918985
-10.634709
-10.068829
-10.801360
-10.214245
-10.953389
-10.440087
-11.146049
-10.701343
-11.407524
-10.989988
-11.694125
-11.289261
-11.943380
-11.527649
-12.137391
-11.657386
-12.252669
-11.721809
-12.261369
-11.762241
-12.347901
-10.865351
-11.410272
-11.088211
-11.387033
-11.193398
-11.479765
-11.302137
-11.594768
-11.466829
-11.745704
-11.663832
-11.941418
-11.867371
-12.134953
-12.064885
-12.274041
-12.206698
-12.366055
-12.269257
-12.397556
-12.338337
-12.276609
-10.680631
-9.920644
-10.751240
-10.093173
-10.841132
-10.270182
-11.005030
-10.481911
-11.215676
-10.752313
-11.469414
-11.050469
-11.754005
-11.320741
-12.000694
-11.539500
-12.162555
-11.667023
-12.278219
-11.692153
-12.338195
-10.874667
-11.396288
-11.005956
-11.430284
-11.137868
-11.498070
-11.275086
-11.619394
-11.442459
-11.779697
-11.650796
-11.957548
-11.868353
-12.145826
-12.051465
-12.285695
-12.197376
-12.349026
-12.278369
-12.397600
-10.806993
-9.907611
-10.824388
-10.086811
-10.910318
-10.284944
-11.060977
-10.514779
-11.276968
-10.781558
-11.539794
-11.080276
-11.801574
-11.347336
-12.038167
-11.535429
-12.197183
-11.667004
-12.269102
-10.793290
-11.437714
-10.933393
-11.463820
-11.080536
-11.527530
-11.238102
-11.638942
-11.420275
-11.794384
-11.620901
-11.975042
-11.846223
-12.142824
-12.038309
-12.285768
-12.162727
-12.366074
-10.800589
-9.914965
-10.878571
-10.079184
-10.970450
-10.286851
-11.119314
-10.525825
-11.328218
-10.804457
-11.589872
-11.084424
-11.846008
-11.347335
-12.051292
-11.539344
-12.206656
-10.821109
-11.409276
-10.909126
-11.480949
-11.038920
-11.550886
-11.199772
-11.657218
-11.381252
-11.794280
-11.589998
-11.975139
-11.801745
-12.145831
-12.001007
-12.274028
-10.783926
-9.961737
-10.881448
-10.095129
-11.008536
-10.285027
-11.163680
-10.524830
-11.381045
-10.804470
-11.620726
-11.080094
-11.868333
-11.320456
-12.064789
-10.807282
-11.392445
-10.913192
-11.468651
-11.020582
-11.559942
-11.163776
-11.657334
-11.328375
-11.794388
-11.540132
-11.957515
-11.754242
-12.135134
-10.804525
-9.964850
-10.891601
-10.112128
-11.020435
-10.285043
-11.199620
-10.525636
-11.420294
-10.781239
-11.650699
-11.050297
-11.867184
-10.798429
-11.402362
-10.891694
-11.468737
-11.008638
-11.550897
-11.119655
-11.638896
-11.277214
-11.779912
-11.469567
-11.941506
-10.798376
-9.964826
-10.913064
-10.094981
-11.038987
-10.286497
-11.238036
-10.514619
-11.442268
-10.751964
-11.663970
-10.804569
-11.392492
-10.881734
-11.480840
-10.970703
-11.527754
-11.061101
-11.619507
-11.216177
-11.745634
-10.807364
-9.961351
-10.909179
-10.079032
-11.080325
-10.284586
-11.275259
-10.481260
-11.466876
-10.784219
-11.409445
-10.878599
-11.463951
-10.910839
-11.497942
-11.005446
-11.595100
-10.820924
-9.914691
-10.933635
-10.086060
-11.137958
-10.269872
-11.301891
-10.801025
-11.437456
-10.824841
-11.430646
-10.841222
-11.479978
-10.793594
-9.907285
-11.005666
-10.092635
-11.193739
-10.806912
-11.396576
-10.751972
-11.386791
-10.875129
-9.919417
-11.088477
-10.681295
-11.410816
-10.865025
-10.538689
-9.783197
-10.424429
-9.769529
-10.407492
-9.711470
-10.329945
-9.676386
-10.229929
-9.610142
-10.136129
-9.523748
-10.038561
-9.452603
-9.947911
-9.392696
-9.905443
-9.344665
-9.893237
-9.343262
-9.874717
-9.372429
-9.993444
-10.785489
-11.266150
-10.852540
-11.073291
-10.770493
-10.959152
-10.642684
-10.810553
-10.512386
-10.634611
-10.352570
-10.460900
-10.178804
-10.291269
-10.047540
-10.148606
-9.956047
-10.078162
-9.898074
-10.040659
-9.939055
-9.935657
-10.611934
-9.767416
-10.520844
-9.767469
-10.417698
-9.730879
-10.341450
-9.669936
-10.246410
-9.606149
-10.138677
-9.527921
-10.050580
-9.441312
-9.971513
-9.389227
-9.911225
-9.352919
-9.917752
-9.308376
-9.939028
-10.792508
-11.241801
-10.757464
-11.099411
-10.694301
-10.949768
-10.585902
-10.798299
-10.445184
-10.622926
-10.295318
-10.430317
-10.141363
-10.272832
-10.007664
-10.146285
-9.943639
-10.051949
-9.917125
-10.040834
-10.733574
-9.748538
-10.582858
-9.746422
-10.468463
-9.722591
-10.366422
-9.670202
-10.270616
-9.596535
-10.171076
-9.526428
-10.065205
-9.448162
-9.994060
-9.373588
-9.943559
-9.353226
-9.898526
-10.709115
-11.277040
-10.678054
-11.121116
-10.621538
-10.960226
-10.526978
-10.790606
-10.397017
-10.610878
-10.238180
-10.425854
-10.104065
-10.255951
-9.993525
-10.146458
-9.911129
-10.077715
-10.724242
-9.750768
-10.627360
-9.728040
-10.512887
-9.706027
-10.404626
-9.661717
-10.299129
-9.601576
-10.204294
-9.517413
-10.103918
-9.448466
-10.008019
-9.389050
-9.956229
-10.735296
-11.244368
-10.647956
-11.128324
-10.570456
-10.971563
-10.476011
-10.796921
-10.347561
-10.599821
-10.203884
-10.426014
-10.065174
-10.272394
-9.971258
-10.149009
-10.703952
-9.792992
-10.622963
-9.736481
-10.540305
-9.696166
-10.439781
-9.653295
-10.347369
-9.601851
-10.238418
-9.526275
-10.141498
-9.442079
-10.047066
-10.721424
-11.224213
-10.648949
-11.111679
-10.549228
-10.976165
-10.439527
-10.797044
-10.299157
-10.610488
-10.170935
-10.430641
-10.049768
-10.291160
-10.721295
-9.794240
-10.628672
-9.750822
-10.549045
-9.696367
-10.476130
-9.661612
-10.397074
-9.597206
-10.294837
-9.528354
-10.179373
-10.713339
-11.232872
-10.628586
-11.111736
-10.540378
-10.971280
-10.404549
-10.790862
-10.269977
-10.622844
-10.138906
-10.460212
-10.713208
-9.794345
-10.648970
-9.736460
-10.570396
-9.706581
-10.526540
-9.670604
-10.445590
-9.606137
-10.352398
-10.721399
-11.224069
-10.622895
-11.128529
-10.512456
-10.960150
-10.366622
-10.797732
-10.246019
-10.635158
-10.721234
-9.793441
-10.647590
-9.728346
-10.621776
-9.722659
-10.585701
-9.671121
-10.511665
-10.703731
-11.244261
-10.627539
-11.120736
-10.468139
-10.950195
-10.340601
-10.810295
-10.735377
-9.750940
-10.677750
-9.747410
-10.693694
-9.731401
-10.643205
-10.723952
-11.277385
-10.582277
-11.099170
-10.417958
-10.958474
-10.708610
-9.748959
-10.757760
-9.767735
-10.770110
-10.733805
-11.241356
-10.520301
-11.073813
-10.791964
-9.768779
-10.851817
-10.611264
-11.265750
-10.785727
-10.596743
-9.919826
-10.634671
-10.069329
-10.800766
-10.215298
-10.952701
-10.440614
-11.145910
-10.701647
-11.407145
-10.990596
-11.693701
-11.289599
-11.943214
-11.527816
-12.137153
-11.657634
-12.252404
-11.721931
-12.261219
-11.762283
-12.347766
-12.392213
-11.740909
-12.351532
-11.735596
-12.347023
-11.746475
-12.362786
-11.754195
-12.359880
-11.767968
-12.369861
-11.747224
-12.380372
-11.710220
-12.359025
-11.632906
-12.313287
-11.492960
-12.224250
-11.296462
-12.097008
-11.022139
-12.012493
-11.304232
-10.709638
-11.296193
-10.706025
-11.353555
-10.769485
-11.389605
-10.877829
-11.457703
-10.979247
-11.549555
-11.106987
-11.635663
-11.247778
-11.732566
-11.382501
-11.827706
-11.515529
-11.910213
-11.654685
-11.964775
-11.746521
-11.199606
-9.901877
-11.311459
-10.045873
-11.343066
-10.190866
-11.419062
-10.302069
-11.520925
-10.437148
-11.617748
-10.580397
-11.734886
-10.708814
-11.855325
-10.825983
-11.967023
-10.922977
-12.058454
-10.988745
-12.149154
-11.395351
-10.773572
-11.361942
-10.868966
-11.431875
-10.945731
-11.528128
-11.074964
-11.617755
-11.227016
-11.734353
-11.375790
-11.853306
-11.530525
-11.958176
-11.674709
-12.041310
-11.812710
-12.095442
-11.938010
-11.208089
-10.158101
-11.351031
-10.256515
-11.462188
-10.411891
-11.558388
-10.578404
-11.690406
-10.734918
-11.828935
-10.897232
-11.957025
-11.037842
-12.072061
-11.154291
-12.156880
-11.241719
-12.211460
-11.453044
-10.886678
-11.503707
-11.027200
-11.575297
-11.178029
-11.700332
-11.333371
-11.835786
-11.514174
-11.962484
-11.682648
-12.080174
-11.833020
-12.160306
-11.967138
-12.208022
-12.080347
-11.334300
-10.367913
-11.456771
-10.527026
-11.606709
-10.696738
-11.758219
-10.895226
-11.904345
-11.076334
-12.050903
-11.229643
-12.161210
-11.356922
-12.238610
-11.442955
-12.285832
-11.548018
-11.091516
-11.655576
-11.251955
-11.782290
-11.450383
-11.919586
-11.642640
-12.069642
-11.816678
-12.182245
-11.972341
-12.257475
-12.087987
-12.301051
-12.178838
-11.475490
-10.615573
-11.638130
-10.826000
-11.801150
-11.034646
-11.978766
-11.225518
-12.120224
-11.395075
-12.225273
-11.509283
-12.298675
-11.586360
-12.330634
-11.712941
-11.339497
-11.845682
-11.545652
-12.009368
-11.745789
-12.150665
-11.936395
-12.259267
-12.070558
-12.333463
-12.168170
-12.356387
-12.240907
-11.651901
-10.923557
-11.848857
-11.142527
-12.023187
-11.356815
-12.164324
-11.508537
-12.272355
-11.613969
-12.321390
-11.683964
-12.343012
-11.909338
-11.618492
-12.068867
-11.841786
-12.208451
-12.012633
-12.324159
-12.136819
-12.371160
-12.222460
-12.384293
-12.259858
-11.868122
-11.236718
-12.046756
-11.437127
-12.202378
-11.584737
-12.282082
-11.687841
-12.324339
-11.728487
-12.340932
-12.102693
-11.900149
-12.260094
-12.065015
-12.349174
-12.190213
-12.394043
-12.239103
-12.402903
-12.262749
-12.068743
-11.486502
-12.204801
-11.644550
-12.283911
-11.712956
-12.324647
-11.752011
-12.311959
-12.273216
-12.115147
-12.362143
-12.205396
-12.415417
-12.255423
-12.393909
-12.269509
-12.198673
-11.658334
-12.293965
-11.730512
-12.299231
-11.767603
-12.293414
-12.378506
-12.221171
-12.401393
-12.278735
-12.398758
-12.256940
-12.277895
-11.748498
-12.297475
-11.745732
-12.290982
-12.393408
-12.270616
-12.413238
-12.271647
-12.323919
-11.731085
-12.279128
-12.402297
-12.305820
-12.247839
-11.395453
-9.542884
-11.137012
-9.697024
-11.028871
-9.704259
-10.970888
-9.677922
-10.890150
-9.652814
-10.815433
-9.599053
-10.750431
-9.543449
-10.674870
-9.489570
-10.609552
-9.415468
-10.570623
-9.327096
-10.522472
-9.290688
-10.540672
-9.844035
-9.956022
-9.916127
-9.927946
-9.916806
-9.911476
-9.918913
-9.898661
-9.927483
-9.880389
-9.942274
-9.878113
-9.963472
-9.888473
-10.013877
-9.917441
-10.089611
-9.971524
-10.208594
-10.024562
-10.390864
-10.072044
-10.064511
-9.347037
-10.051514
-9.374197
-10.037540
-9.381237
-10.028583
-9.365145
-10.025312
-9.346847
-10.022191
-9.325007
-10.043181
-9.302417
-10.084656
-9.291029
-10.159645
-9.271485
-10.264875
-9.261083
-10.362426
-9.906826
-9.899946
-9.891579
-9.892375
-9.902812
-9.872741
-9.925047
-9.865078
-9.945388
-9.867587
-9.987801
-9.877102
-10.049348
-9.909931
-10.138836
-9.953893
-10.258131
-10.024078
-10.382674
-10.117962
-10.035031
-9.354721
-10.047632
-9.345737
-10.054499
-9.343431
-10.051571
-9.338760
-10.067760
-9.323587
-10.100429
-9.319158
-10.153481
-9.315122
-10.235956
-9.322615
-10.327411
-9.333247
-10.441379
-9.911793
-9.871822
-9.924907
-9.869783
-9.937162
-9.871272
-9.975540
-9.869932
-10.030373
-9.890943
-10.099594
-9.923576
-10.198521
-9.973867
-10.309360
-10.041328
-10.441379
-10.110461
-10.089016
-9.354171
-10.089189
-9.355297
-10.108403
-9.344425
-10.136513
-9.347532
-10.172279
-9.351519
-10.238174
-9.358931
-10.316657
-9.376896
-10.416056
-9.388921
-10.517077
-9.962112
-9.899074
-9.994713
-9.890443
-10.038994
-9.905601
-10.091572
-9.929654
-10.175466
-9.962094
-10.270486
-10.016992
-10.382241
-10.073262
-10.502976
-10.150903
-10.175403
-9.382640
-10.199371
-9.389146
-10.222587
-9.395356
-10.274141
-9.399043
-10.335934
-9.420330
-10.412599
-9.434649
-10.507126
-9.460487
-10.589638
-10.083852
-9.953496
-10.120755
-9.967017
-10.189532
-9.984464
-10.269496
-10.028682
-10.358693
-10.072052
-10.468960
-10.128639
-10.566959
-10.198600
-10.309507
-9.455250
-10.349884
-9.453129
-10.394534
-9.471312
-10.444761
-9.484324
-10.523614
-9.500782
-10.595685
-9.530019
-10.678835
-10.238978
-10.037003
-10.301150
-10.067541
-10.369977
-10.101750
-10.467346
-10.138494
-10.554380
-10.195323
-10.648418
-10.238534
-10.491297
-9.534869
-10.521106
-9.543156
-10.575651
-9.546458
-10.627939
-9.572664
-10.692674
-9.580080
-10.774268
-10.406909
-10.149337
-10.485058
-10.171427
-10.565659
-10.221086
-10.645136
-10.248127
-10.741063
-10.287790
-10.668315
-9.605201
-10.701055
-9.619475
-10.730409
-9.617882
-10.799958
-9.628243
-10.850438
-10.579627
-10.252768
-10.645986
-10.283449
-10.749524
-10.305561
-10.811878
-10.345389
-10.821023
-9.673606
-10.856834
-9.649871
-10.877628
-9.678141
-10.933270
-10.724704
-10.328238
-10.813454
-10.388721
-10.887989
-10.378122
-10.978763
-9.710972
-10.956239
-9.674478
-11.027013
-10.823619
-10.433702
-10.986455
-10.435819
-11.118361
-9.651428
-11.085180
-10.995035
-10.544728
-11.191599
-11.446342
-9.622426
-11.279602
-9.877023
-11.273813
-9.991575
-11.335263
-10.088277
-11.386120
-10.203389
-11.459986
-10.304423
-11.554528
-10.416351
-11.647051
-10.527095
-11.750431
-10.618110
-11.856553
-10.682668
-11.946670
-10.751914
-12.063408
-11.688221
-10.573616
-11.330169
-10.392595
-11.090773
-10.176442
-10.879078
-10.010054
-10.688653
-9.868250
-10.552568
-9.752925
-10.457323
-9.676653
-10.390711
-9.603948
-10.348051
-9.521763
-10.281962
-9.451086
-10.211868
-9.315493
-10.243157
-10.382887
-11.303044
-10.426637
-11.170719
-10.429760
-11.064159
-10.402456
-10.999470
-10.362523
-10.920588
-10.332703
-10.842069
-10.288965
-10.767717
-10.253129
-10.678973
-10.231744
-10.596754
-10.207967
-10.541406
-10.205492
-10.433244
-11.341518
-9.700358
-11.208147
-9.712074
-11.128740
-9.721887
-11.035532
-9.702197
-10.972583
-9.661634
-10.904283
-9.619431
-10.842572
-9.559142
-10.789176
-9.498808
-10.728189
-9.440628
-10.684414
-9.354217
-10.644887
-10.511524
-11.267424
-10.483610
-11.202820
-10.435183
-11.141517
-10.418369
-11.060001
-10.394400
-10.991990
-10.364264
-10.915239
-10.338901
-10.840427
-10.305159
-10.767237
-10.288476
-10.681122
-10.279880
-10.637458
-11.301189
-9.801803
-11.241809
-9.786449
-11.178063
-9.745325
-11.117091
-9.717207
-11.047888
-9.677469
-10.991305
-9.631228
-10.931733
-9.581448
-10.882937
-9.516814
-10.837605
-9.474174
-10.743766
-10.616895
-11.285408
-10.527294
-11.240085
-10.491294
-11.186218
-10.452333
-11.125442
-10.427526
-11.056891
-10.400147
-10.989946
-10.376022
-10.912424
-10.355089
-10.851119
-10.312225
-10.812310
-11.297427
-9.915981
-11.279183
-9.840554
-11.226255
-9.793214
-11.171774
-9.742988
-11.116692
-9.698393
-11.064873
-9.646845
-11.017084
-9.603119
-10.956282
-9.572042
-10.890882
-10.698269
-11.298367
-10.615232
-11.279915
-10.549056
-11.233823
-10.505969
-11.180298
-10.470569
-11.119450
-10.439797
-11.058276
-10.402709
-11.003546
-10.370631
-10.943443
-11.351927
-10.006762
-11.305375
-9.917758
-11.268489
-9.841180
-11.222311
-9.778247
-11.175954
-9.724003
-11.126948
-9.678259
-11.081510
-9.635959
-11.028626
-10.781626
-11.354809
-10.702330
-11.318622
-10.629357
-11.280855
-10.569336
-11.235880
-10.517116
-11.183156
-10.472100
-11.127688
-10.430215
-11.079485
-11.404416
-10.089181
-11.357049
-9.988531
-11.309423
-9.900284
-11.265181
-9.821788
-11.227159
-9.757508
-11.188383
-9.712902
-11.140013
-10.889783
-11.415680
-10.794621
-11.378414
-10.711835
-11.335240
-10.641384
-11.286886
-10.569869
-11.242838
-10.503608
-11.195817
-11.472548
-10.180750
-11.408827
-10.061504
-11.358124
-9.954765
-11.311211
-9.875460
-11.274326
-9.808015
-11.243641
-10.996342
-11.494424
-10.899642
-11.441123
-10.805421
-11.397630
-10.709838
-11.342459
-10.626183
-11.290330
-11.551798
-10.263203
-11.471686
-10.134996
-11.401458
-10.022649
-11.366374
-9.933741
-11.330269
-11.120324
-11.583130
-11.004191
-11.522515
-10.905336
-11.449174
-10.786810
-11.391496
-11.622635
-10.352285
-11.534903
-10.197270
-11.465354
-10.103203
-11.420244
-11.252489
-11.668203
-11.130821
-11.601460
-10.985021
-11.500135
-11.698757
-10.429460
-11.583205
-10.283489
-11.550525
-11.380336
-11.767293
-11.252215
-11.634306
-11.770150
-10.474065
-11.678794
-11.522338
-11.848750
-11.791233
-10.597732
-9.918990
-10.634714
-10.068832
-10.801364
-10.214247
-10.953391
-10.440087
-11.146047
-10.701333
-11.407525
-10.990034
-11.694149
-11.289252
-11.943369
-11.527640
-12.137387
-11.657383
-12.252667
-11.721808
-12.261367
-11.762239
-12.347900
-12.392197
-11.740859
-12.351510
-11.735475
-12.347118
-11.746112
-12.362977
-11.753837
-12.359918
-11.767537
-12.370144
-11.746369
-12.380777
-11.709467
-12.359138
-11.632025
-12.313830
-11.491419
-12.224933
-11.295112
-12.097298
-11.020432
-12.013522
-11.303880
-10.710419
-11.296843
-10.706087
-11.353918
-10.770606
-11.389174
-10.878712
-11.458347
-10.979527
-11.549919
-11.108216
-11.635351
-11.248822
-11.733202
-11.382927
-11.828199
-11.516752
-11.910139
-11.655800
-11.965527
-11.746991
-11.200203
-9.900339
-11.311812
-10.045301
-11.342704
-10.189971
-11.419598
-10.300465
-11.521229
-10.436429
-11.617411
-10.579338
-11.735376
-10.707077
-11.855661
-10.824930
-11.966788
-10.921686
-12.058970
-10.986703
-12.149725
-11.395655
-10.774516
-11.361603
-10.869729
-11.432421
-10.945890
-11.528411
-11.075999
-11.617492
-11.227879
-11.734918
-11.376082
-11.853706
-11.531572
-11.958085
-11.675617
-12.041959
-11.813031
-12.096139
-11.938881
-11.207780
-10.157365
-11.351516
-10.255190
-11.462444
-10.411299
-11.558068
-10.577537
-11.690860
-10.733480
-11.829208
-10.896409
-11.956790
-11.036789
-12.072511
-11.152623
-12.157297
-11.240500
-12.211412
-11.453485
-10.886799
-11.503953
-11.028084
-11.575063
-11.178716
-11.700806
-11.333578
-11.836114
-11.515071
-11.962376
-11.683385
-12.080726
-11.833273
-12.160828
-11.967924
-12.208148
-12.081084
-11.334478
-10.367451
-11.456506
-10.526335
-11.607099
-10.695548
-11.758417
-10.894595
-11.904123
-11.075493
-12.051286
-11.228283
-12.161506
-11.356009
-12.238513
-11.441898
-12.286220
-11.547822
-11.092060
-11.655976
-11.252133
-11.782548
-11.451142
-11.919465
-11.643237
-12.070107
-11.816880
-12.182636
-11.973038
-12.257520
-12.088597
-12.301599
-12.179073
-11.475773
-10.614632
-11.638262
-10.825540
-11.800948
-11.033973
-11.979074
-11.224424
-12.120424
-11.394400
-12.225139
-11.508450
-12.298998
-11.585122
-12.330899
-11.713117
-11.340121
-11.845579
-11.546148
-12.009755
-11.745963
-12.150945
-11.937004
-12.259260
-12.071064
-12.333911
-12.168356
-12.356788
-12.241487
-11.651702
-10.923053
-11.849094
-11.141680
-12.023300
-11.356325
-12.164168
-11.507889
-12.272605
-11.612985
-12.321571
-11.683305
-12.342908
-11.909662
-11.618658
-12.069052
-11.842313
-12.208419
-12.013052
-12.324513
-12.136977
-12.371452
-12.222963
-12.384347
-12.260298
-11.868151
-11.236381
-12.046577
-11.436629
-12.202548
-11.583981
-12.282181
-11.687364
-12.324217
-11.727905
-12.341126
-12.102645
-11.900477
-12.260357
-12.065168
-12.349370
-12.190651
-12.394057
-12.239464
-12.403219
-12.262893
-12.068817
-11.485964
-12.204802
-11.644223
-12.283768
-11.712524
-12.324777
-11.751360
-12.312047
-12.273313
-12.115526
-12.362137
-12.205696
-12.415649
-12.255557
-12.394100
-12.269858
-12.198507
-11.658032
-12.294009
-11.730055
-12.299246
-11.767315
-12.293303
-12.378658
-12.221325
-12.401505
-12.279036
-12.398763
-12.257183
-12.277809
-11.748330
-12.297340
-11.745502
-12.291022
-12.393406
-12.270825
-12.413351
-12.271745
-12.323861
-11.730885
-12.279096
-12.402331
-12.305987
-12.247735
-11.396355
-9.541913
-11.136526
-9.696532
-11.029394
-9.701951
-10.971902
-9.676845
-10.889094
-9.652406
-10.815914
-9.595935
-10.751643
-9.542141
-10.673208
-9.488971
-10.610120
-9.411427
-10.572089
-9.325394
-10.520521
-9.289457
-10.541656
-9.843579
-9.956476
-9.916504
-9.927600
-9.917099
-9.912684
-9.917629
-9.899785
-9.928377
-9.879389
-9.942950
-9.879956
-9.961474
-9.890146
-10.015059
-9.916250
-10.090509
-9.973850
-10.206485
-10.026612
-10.392369
-10.071379
-10.064912
-9.346178
-10.051732
-9.374320
-10.036625
-9.380978
-10.029654
-9.362805
-10.026287
-9.346789
-10.020903
-9.324438
-10.045008
-9.298835
-10.086272
-9.290467
-10.158432
-9.270195
-10.267202
-9.256568
-10.364098
-9.906647
-9.900939
-9.890702
-9.893158
-9.903533
-9.872053
-9.925541
-9.866649
-9.943783
-9.868929
-9.988933
-9.875992
-10.050117
-9.912038
-10.136837
-9.955652
-10.259523
-10.023126
-10.383479
-10.120761
-10.034559
-9.354389
-10.048397
-9.344095
-10.055054
-9.343473
-10.050456
-9.338286
-10.069225
-9.320636
-10.101645
-9.318895
-10.152227
-9.314157
-10.238025
-9.318679
-10.328930
-9.332512
-10.440116
-9.912220
-9.871555
-9.925080
-9.871080
-9.935982
-9.872282
-9.976543
-9.869035
-10.031002
-9.892784
-10.097867
-9.925043
-10.199824
-9.972872
-10.310072
-10.043782
-10.439415
-10.112395
-10.089178
-9.354263
-10.088402
-9.354840
-10.109511
-9.342147
-10.137324
-9.347437
-10.171099
-9.350765
-10.239909
-9.355581
-10.317901
-9.376464
-10.414821
-9.387616
-10.519120
-9.961366
-9.899726
-9.995481
-9.889869
-10.039415
-9.907150
-10.090215
-9.930815
-10.176664
-9.961188
-10.271126
-10.019116
-10.380471
-10.074883
-10.504323
-10.150273
-10.176163
-9.381093
-10.199814
-9.389129
-10.221619
-9.394716
-10.275511
-9.396307
-10.336860
-9.420101
-10.411408
-9.433610
-10.508930
-9.456964
-10.590747
-10.084012
-9.954698
-10.119798
-9.967866
-10.190557
-9.983756
-10.270027
-10.030471
-10.357242
-10.073377
-10.470231
-10.127928
-10.567486
-10.200991
-10.308843
-9.454698
-10.350901
-9.451045
-10.395150
-9.471180
-10.443693
-9.483471
-10.525116
-9.497803
-10.596592
-9.529613
-10.677669
-10.239757
-10.036533
-10.301526
-10.068984
-10.368895
-10.102777
-10.468491
-10.137837
-10.554912
-10.197360
-10.646975
-10.239971
-10.491625
-9.534800
-10.520263
-9.542448
-10.576826
-9.544022
-10.628595
-9.572384
-10.691613
-9.579035
-10.775793
-10.406181
-10.150049
-10.486030
-10.170920
-10.566146
-10.222741
-10.643984
-10.249293
-10.742251
-10.287369
-10.669170
-9.603362
-10.701495
-9.619271
-10.729485
-9.616991
-10.801174
-9.625602
-10.851127
-10.579990
-10.254029
-10.645179
-10.284372
-10.750601
-10.305124
-10.812349
-10.347163
-10.820315
-9.672882
-10.857767
-9.647727
-10.878129
-9.677756
-10.932351
-10.725575
-10.327887
-10.813958
-10.390176
-10.887186
-10.379126
-10.979114
-9.710623
-10.955463
-9.673589
-11.028016
-10.823080
-10.434528
-10.987448
-10.435560
-11.119075
-9.649476
-11.085613
-10.995622
-10.545914
-11.191041
-11.446823
-9.621759
-11.279188
-9.876137
-11.274514
-9.989788
-11.335578
-10.087580
-11.385718
-10.202380
-11.460630
-10.302520
-11.554827
-10.415408
-11.646690
-10.525838
-11.750979
-10.616056
-11.856965
-10.681321
-11.946462
-10.750291
-12.063992
-11.689782
-10.571831
-11.330953
-10.390914
-11.092566
-10.173834
-10.880650
-10.008663
-10.689074
-9.866329
-10.554665
-9.749492
-10.458960
-9.675343
-10.390783
-9.601955
-10.350946
-9.517612
-10.284210
-9.449870
-10.211837
-9.313041
-10.246742
-10.382715
-11.303898
-10.427485
-11.170090
-10.431182
-11.064646
-10.402154
-11.000750
-10.363842
-10.919641
-10.334789
-10.842835
-10.288582
-10.769469
-10.254910
-10.677740
-10.234507
-10.597907
-10.207539
-10.543489
-10.207818
-10.431779
-11.342051
-9.698418
-11.209092
-9.711009
-11.127950
-9.721315
-11.036064
-9.699638
-10.973714
-9.660291
-10.902915
-9.618814
-10.843102
-9.555634
-10.790518
-9.497171
-10.726462
-9.439721
-10.685182
-9.349633
-10.646801
-10.512678
-11.267911
-10.483395
-11.203738
-10.436184
-11.140876
-10.420244
-11.060651
-10.394089
-10.993291
-10.365788
-10.914278
-10.341443
-10.841283
-10.304905
-10.768997
-10.290572
-10.679695
-10.283093
-10.638319
-11.300739
-9.801140
-11.242217
-9.784193
-11.179126
-9.744252
-11.116202
-9.716398
-11.048202
-9.674447
-10.992615
-9.629786
-10.930322
-9.580537
-10.883487
-9.512870
-10.839225
-9.472173
-10.742285
-10.617746
-11.284819
-10.528671
-11.240691
-10.491347
-11.187350
-10.453439
-11.124480
-10.429625
-11.057744
-10.400210
-10.991410
-10.377727
-10.911209
-10.357952
-10.851904
-10.312268
-10.813943
-11.298119
-9.914907
-11.278670
-9.839962
-11.226714
-9.790506
-11.172603
-9.741586
-11.115870
-9.697696
-11.065312
-9.643300
-11.018319
-9.601342
-10.955053
-9.570981
-10.891584
-10.698332
-11.299235
-10.616418
-11.279347
-10.550588
-11.234192
-10.506046
-11.181735
-10.472290
-11.118530
-10.442008
-11.058824
-10.402906
-11.005100
-10.372699
-10.942139
-11.352353
-10.004815
-11.306199
-9.916369
-11.267610
-9.840317
-11.222975
-9.775590
-11.176976
-9.722100
-11.125754
-9.677249
-11.082246
-9.632403
-11.029993
-10.783061
-11.355226
-10.702415
-11.319379
-10.630668
-11.280426
-10.571519
-11.236397
-10.517115
-11.184214
-10.473954
-11.126922
-10.432910
-11.080035
-11.403970
-10.088272
-11.357326
-9.986193
-11.310444
-9.898969
-11.264360
-9.820466
-11.227453
-9.754449
-11.189764
-9.711202
-11.138919
-10.890825
-11.415124
-10.796242
-11.378985
-10.712313
-11.336159
-10.642729
-11.286047
-10.572188
-11.243625
-10.504100
-11.196925
-11.473184
-10.179478
-11.408389
-10.060554
-11.358494
-9.951965
-11.311982
-9.873834
-11.273745
-9.806925
-11.244065
-10.996715
-11.495175
-10.901021
-11.440596
-10.807186
-11.398034
-10.710412
-11.343615
-10.627981
-11.289503
-11.552229
-10.261059
-11.472389
-10.133429
-11.400832
-10.021445
-11.366904
-9.930984
-11.331142
-11.121816
-11.583515
-11.004691
-11.523253
-10.906918
-11.448751
-10.788894
-11.391927
-11.622306
-10.351083
-11.535305
-10.194820
-11.466099
-10.101560
-11.419634
-11.253757
-11.667826
-11.132534
-11.601981
-10.985722
-11.500905
-11.699406
-10.427959
-11.582809
-10.282075
-11.550937
-11.380924
-11.767948
-11.253758
-11.633985
-11.770693
-10.471662
-11.679376
-11.523801
-11.849356
-11.791131
-11.446815
-9.621768
-11.279209
-9.876136
-11.274479
-9.989749
-11.335586
-10.087639
-11.385769
-10.202367
-11.460571
-10.302485
-11.554845
-10.415443
-11.646702
-10.525827
-11.750969
-10.616056
-11.856970
-10.681323
-11.946463
-10.750291
-12.063992
-12.247736
-12.305988
-12.279097
-12.271746
-12.291023
-12.257183
-12.293304
-12.269859
-12.312048
-12.262893
-12.341127
-12.260299
-12.342909
-12.241488
-12.330901
-12.179074
-12.286221
-12.081084
-12.211413
-11.938882
-12.149726
-11.746991
-12.402332
-11.730887
-12.413353
-11.745504
-12.398764
-11.767316
-12.394102
-11.751361
-12.403220
-11.727906
-12.384348
-11.683307
-12.356789
-11.585124
-12.301600
-11.441899
-12.208148
-11.240501
-12.096140
-10.986704
-11.965527
-12.323862
-12.270827
-12.297341
-12.279037
-12.299247
-12.255558
-12.324779
-12.239466
-12.324218
-12.222965
-12.321573
-12.168357
-12.298999
-12.088599
-12.238515
-11.967924
-12.157298
-11.813032
-12.058973
-11.655802
-12.393408
-11.748333
-12.401507
-11.730057
-12.415651
-11.712527
-12.394059
-11.687366
-12.371454
-11.612987
-12.333912
-11.508451
-12.257521
-11.356012
-12.160830
-11.152623
-12.041958
-10.921687
-11.910142
-12.277812
-12.221327
-12.294011
-12.205699
-12.283771
-12.190653
-12.282183
-12.136979
-12.272608
-12.071066
-12.225140
-11.973037
-12.161507
-11.833276
-12.072513
-11.675616
-11.966785
-11.516753
-12.378662
-11.658037
-12.362141
-11.644228
-12.349375
-11.583985
-12.324514
-11.507891
-12.259264
-11.394403
-12.182635
-11.228281
-12.080727
-11.036794
-11.958089
-10.824927
-11.828194
-12.198513
-12.115532
-12.204808
-12.065175
-12.202554
-12.013055
-12.164168
-11.937005
-12.120428
-11.816882
-12.051283
-11.683380
-11.956791
-11.531579
-11.855666
-11.382921
-12.273323
-11.485974
-12.260367
-11.436640
-12.208425
-11.356325
-12.150942
-11.224423
-12.070111
-11.075494
-11.962369
-10.896402
-11.853709
-10.707090
-11.733209
-12.068830
-11.900489
-12.046588
-11.842318
-12.023300
-11.745955
-11.979066
-11.643236
-11.904129
-11.515072
-11.829198
-11.376071
-11.735381
-11.248842
-12.102651
-11.236381
-12.069044
-11.141670
-12.009746
-11.033962
-11.919455
-10.894597
-11.836123
-10.733481
-11.734902
-10.579323
-11.635361
-11.868112
-11.618616
-11.849066
-11.546135
-11.800938
-11.451129
-11.758409
-11.333585
-11.690875
-11.227879
-11.617387
-11.108192
-11.909620
-10.923029
-11.845573
-10.825541
-11.782543
-10.695536
-11.700800
-10.577550
-11.617513
-10.436427
-11.549881
-11.651705
-11.340126
-11.638271
-11.252140
-11.607095
-11.178702
-11.558064
-11.076019
-11.521258
-10.979521
-11.713122
-10.614640
-11.655988
-10.526342
-11.575057
-10.411282
-11.528408
-10.300495
-11.458386
-11.475775
-11.092066
-11.456516
-11.028089
-11.462433
-10.945869
-11.419598
-10.878755
-11.547822
-10.367458
-11.503964
-10.255195
-11.432405
-10.189946
-11.389177
-11.334477
-10.886805
-11.351527
-10.869731
-11.342683
-10.770574
-11.453485
-10.157372
-11.361615
-10.045302
-11.353890
-11.207780
-10.774523
-11.311825
-10.706086
-11.395655
-9.900347
-11.296859
-11.200200
-10.710427
-11.303874
-10.539466
-9.782588
-10.424202
-9.768819
-10.408514
-9.709874
-10.330551
-9.676245
-10.229563
-9.609579
-10.137171
-9.522368
-10.039060
-9.452661
-9.947664
-9.392284
-9.906393
-9.343820
-9.893615
-9.343440
-9.874860
-9.372139
-9.994093
-10.081350
-9.436257
-10.046005
-9.416841
-10.055263
-9.432454
-10.045678
-9.428874
-10.022269
-9.407415
-10.010080
-9.363844
-10.001273
-9.330789
-10.000875
-9.295497
-10.038733
-9.266188
-10.091823
-9.252296
-10.175954
-9.188560
-10.343732
-11.191035
-10.545921
-11.085628
-10.435558
-11.027989
-10.379096
-10.932355
-10.347203
-10.851163
-10.287363
-10.775757
-10.239950
-10.677679
-10.201012
-10.590755
-10.150268
-10.519115
-10.112395
-10.440119
-10.120763
-10.364098
-10.071378
-10.995618
-9.649484
-10.987460
-9.673588
-10.887166
-9.677732
-10.812349
-9.625631
-10.742278
-9.579033
-10.646952
-9.529598
-10.567492
-9.456977
-10.504328
-9.387613
-10.439412
-9.332513
-10.383481
-9.256569
-10.392369
-11.119074
-10.434533
-10.955473
-10.390177
-10.878114
-10.305105
-10.801172
-10.249312
-10.691633
-10.197360
-10.596577
-10.127918
-10.508933
-10.074891
-10.414824
-10.043781
-10.328929
-10.023126
-10.267203
-10.026613
-10.823079
-9.710629
-10.813967
-9.647729
-10.750589
-9.616975
-10.643980
-9.572397
-10.554926
-9.497805
-10.470222
-9.433604
-10.380473
-9.376470
-10.310074
-9.318679
-10.259522
-9.270195
-10.206486
-10.979113
-10.327891
-10.857775
-10.284375
-10.729477
-10.222727
-10.628590
-10.137845
-10.525127
-10.073379
-10.411402
-10.019111
-10.317902
-9.972875
-10.238026
-9.955652
-10.158431
-9.973851
-10.725573
-9.672886
-10.645186
-9.619275
-10.566140
-9.544011
-10.468486
-9.483476
-10.357250
-9.420104
-10.271123
-9.355578
-10.199824
-9.314159
-10.136838
-9.290467
-10.090509
-10.820313
-10.254031
-10.701501
-10.170924
-10.576822
-10.102768
-10.443688
-10.030473
-10.336865
-9.961190
-10.239907
-9.925040
-10.152227
-9.912038
-10.086272
-9.916250
-10.579986
-9.603363
-10.486035
-9.542452
-10.368893
-9.471174
-10.270022
-9.396308
-10.176667
-9.350766
-10.097866
-9.318894
-10.050117
-9.298835
-10.015059
-10.669166
-10.150047
-10.520267
-10.068987
-10.395149
-9.983752
-10.275508
-9.930814
-10.171100
-9.892785
-10.101644
-9.875991
-10.045008
-9.890146
-10.406176
-9.534798
-10.301528
-9.451048
-10.190557
-9.394713
-10.090212
-9.347436
-10.031001
-9.320636
-9.988933
-9.324437
-9.961474
-10.491622
-10.036530
-10.350901
-9.967867
-10.221620
-9.907147
-10.137322
-9.869034
-10.069224
-9.868928
-10.020902
-9.879955
-10.239754
-9.454695
-10.119797
-9.389130
-10.039414
-9.342145
-9.976541
-9.338285
-9.943782
-9.346788
-9.942949
-10.308840
-9.954695
-10.199812
-9.889868
-10.109511
-9.872280
-10.050455
-9.866647
-10.026286
-9.879388
-10.084010
-9.381091
-9.995479
-9.354839
-9.935981
-9.343472
-9.925539
-9.362804
-9.928376
-10.176161
-9.899724
-10.088400
-9.871078
-10.055052
-9.872051
-10.029653
-9.899783
-9.961363
-9.354262
-9.925078
-9.344093
-9.903531
-9.380977
-9.917627
-10.089177
-9.871552
-10.048396
-9.893156
-10.036623
-9.912682
-9.912219
-9.354389
-9.890699
-9.374320
-9.917097
-10.034558
-9.900937
-10.051732
-9.927597
-9.906645
-9.346176
-9.916501
-10.064910
-9.956474
-9.843578
-11.396347
-9.541922
-11.136546
-9.696531
-11.029360
-9.701914
-10.971911
-9.676902
-10.889142
-9.652393
-10.815859
-9.595903
-10.751660
-9.542174
-10.673220
-9.488962
-10.610111
-9.411428
-10.572094
-9.325396
-10.520521
-9.289457
-10.541656
-11.791130
-11.849355
-11.679372
-11.633975
-11.550916
-11.500862
-11.419558
-11.391807
-11.330973
-11.289290
-11.243829
-11.196690
-11.138711
-11.079871
-11.029877
-10.942066
-10.891544
-10.813922
-10.742276
-10.638315
-10.646799
-10.431778
-11.523800
-10.471659
-11.253750
-10.282058
-10.985689
-10.101499
-10.788795
-9.930841
-10.627794
-9.806706
-10.503870
-9.710986
-10.432728
-9.632265
-10.372604
-9.570924
-10.312236
-9.472157
-10.283086
-9.349630
-10.207817
-11.770693
-11.767947
-11.582808
-11.601980
-11.466099
-11.448755
-11.366915
-11.343636
-11.273775
-11.243661
-11.189799
-11.126952
-11.082266
-11.005110
-10.955057
-10.851904
-10.839223
-10.679693
-10.685181
-10.543489
-11.380929
-10.427968
-11.132553
-10.194857
-10.906988
-10.021561
-10.710586
-9.874066
-10.572463
-9.754738
-10.474224
-9.677475
-10.403073
-9.601453
-10.358018
-9.512906
-10.290590
-9.439730
-10.207544
-11.699415
-11.667842
-11.535333
-11.523304
-11.400915
-11.398161
-11.312155
-11.286261
-11.227689
-11.184449
-11.125963
-11.058992
-11.018441
-10.911289
-10.883536
-10.769025
-10.726477
-10.597915
-11.253757
-10.351081
-11.004684
-10.133414
-10.807157
-9.951918
-10.642663
-9.820386
-10.517031
-9.722021
-10.441945
-9.643255
-10.377700
-9.580523
-10.304898
-9.497169
-10.234506
-11.622287
-11.583480
-11.472325
-11.440488
-11.358327
-11.335927
-11.264071
-11.236075
-11.176656
-11.118246
-11.065087
-10.991250
-10.930219
-10.841221
-10.790484
-10.677722
-11.121797
-10.261025
-10.900964
-10.060465
-10.712184
-9.898800
-10.571322
-9.775382
-10.472094
-9.697531
-10.400085
-9.629700
-10.341389
-9.555602
-10.254892
-11.552248
-11.495206
-11.408438
-11.379057
-11.310541
-11.280543
-11.223104
-11.181864
-11.115985
-11.057836
-10.992684
-10.914325
-10.843131
-10.769487
-10.996771
-10.179569
-10.796379
-9.986385
-10.630915
-9.840603
-10.506344
-9.741872
-10.429864
-9.674632
-10.365918
-9.618900
-10.288636
-11.473213
-11.415171
-11.357397
-11.319477
-11.267732
-11.234321
-11.172734
-11.124603
-11.048298
-10.993360
-10.902960
-10.842863
-10.890773
-10.088199
-10.702320
-9.916253
-10.550458
-9.790367
-10.453312
-9.716286
-10.393999
-9.660223
-10.334742
-11.403883
-11.355103
-11.306038
-11.279155
-11.226505
-11.187143
-11.116015
-11.060497
-10.973597
-10.919558
-10.783037
-10.004778
-10.616367
-9.839902
-10.491282
-9.744192
-10.420194
-9.699601
-10.363818
-11.352419
-11.299316
-11.278763
-11.240791
-11.179225
-11.140967
-11.036142
-11.000812
-10.698411
-9.915005
-10.528781
-9.784307
-10.436292
-9.721410
-10.402229
-11.298132
-11.284836
-11.242237
-11.203757
-11.127967
-11.064660
-10.617699
-9.801088
-10.483340
-9.710957
-10.431136
-11.300698
-11.267866
-11.209047
-11.170049
-10.512678
-9.698419
-10.427485
-11.342076
-11.303922
-10.382724
-12.392211
-11.740907
-12.351530
-11.735595
-12.347021
-11.746473
-12.362785
-11.754193
-12.359878
-11.767967
-12.369860
-11.747224
-12.380371
-11.710220
-12.359025
-11.632907
-12.313287
-11.492961
-12.224250
-11.296463
-12.097008
-11.022139
-12.012494
-12.212386
-12.265085
-12.235554
-12.237780
-12.238995
-12.236252
-12.230289
-12.270479
-12.243738
-12.291192
-12.274413
-12.324441
-12.284473
-12.349893
-12.284472
-12.340488
-12.248373
-12.302403
-12.166974
-12.222298
-12.079604
-12.101120
-12.294971
-11.700503
-12.307933
-11.702372
-12.289169
-11.735894
-12.291651
-11.739760
-12.322889
-11.750747
-12.339112
-11.754752
-12.359107
-11.719488
-12.356583
-11.648809
-12.309109
-11.510687
-12.226850
-11.293220
-12.079604
-12.258328
-12.151495
-12.189698
-12.183981
-12.170455
-12.186038
-12.202249
-12.216067
-12.225740
-12.268349
-12.268455
-12.307296
-12.306837
-12.342233
-12.314647
-12.342758
-12.295404
-12.292705
-12.226850
-12.222299
-12.202124
-11.705998
-12.192129
-11.682174
-12.223548
-11.689732
-12.233806
-11.723185
-12.270514
-11.736865
-12.314167
-11.747670
-12.337477
-11.725074
-12.343020
-11.645504
-12.295404
-11.510688
-12.166974
-12.146493
-12.085125
-12.145073
-12.089658
-12.129079
-12.135727
-12.160290
-12.174819
-12.218495
-12.239725
-12.270358
-12.300221
-12.323184
-12.334263
-12.343020
-12.342758
-12.309109
-12.302403
-12.147046
-11.632563
-12.119683
-11.653731
-12.139339
-11.660409
-12.188560
-11.697772
-12.232267
-11.732870
-12.288584
-11.741783
-12.323184
-11.725074
-12.314647
-11.648810
-12.248373
-12.077635
-12.033710
-12.068976
-12.031475
-12.101251
-12.082706
-12.141337
-12.155854
-12.217061
-12.226939
-12.288584
-12.300220
-12.337476
-12.342233
-12.356583
-12.340488
-12.057672
-11.586247
-12.072825
-11.607532
-12.089944
-11.648371
-12.152703
-11.686865
-12.217061
-11.732870
-12.270357
-11.747670
-12.306837
-11.719488
-12.284472
-12.036832
-11.968952
-12.028109
-12.008068
-12.081373
-12.061814
-12.152702
-12.155854
-12.232267
-12.239725
-12.314167
-12.307296
-12.359107
-12.349893
-12.005123
-11.568335
-12.033703
-11.587172
-12.081373
-11.648371
-12.141336
-11.697772
-12.218494
-11.736865
-12.268454
-11.754751
-12.284473
-12.005339
-11.941722
-12.033703
-12.008068
-12.089944
-12.082705
-12.188560
-12.174819
-12.270513
-12.268349
-12.339112
-12.324440
-12.005339
-11.568335
-12.028109
-11.607531
-12.101251
-11.660408
-12.160290
-11.723184
-12.225740
-11.750746
-12.274413
-12.005123
-11.968951
-12.072824
-12.031475
-12.139338
-12.135726
-12.233805
-12.216066
-12.322888
-12.291192
-12.036832
-11.586247
-12.068975
-11.653731
-12.129078
-11.689731
-12.202247
-11.739760
-12.243737
-12.057672
-12.033709
-12.119683
-12.089657
-12.223548
-12.186037
-12.291650
-12.270478
-12.077633
-11.632563
-12.145072
-11.682173
-12.170455
-11.735892
-12.230288
-12.147046
-12.085123
-12.192128
-12.183980
-12.289168
-12.236251
-12.146491
-11.705998
-12.189697
-11.702371
-12.238994
-12.202124
-12.151494
-12.307932
-12.237778
-12.258327
-11.700502
-12.235553
-12.294970
-12.265084
-12.212385
-12.284749
-11.760768
-12.148434
-11.679396
-12.131434
-11.645601
-12.031838
-11.616720
-11.967224
-11.562032
-11.943626
-11.538572
-11.943626
-11.562032
-11.967224
-11.616720
-12.031838
-11.645602
-12.131435
-11.679397
-12.148435
-11.760769
-12.284750
-12.392198
-11.740861
-12.351511
-11.735476
-12.347119
-11.746113
-12.362978
-11.753838
-12.359919
-11.767538
-12.370145
-11.746371
-12.380778
-11.709468
-12.359139
-11.632026
-12.313830
-11.491420
-12.224934
-11.295113
-12.097299
-11.020432
-12.013522
-12.212432
-12.265075
-12.235680
-12.237699
-12.239199
-12.236279
-12.230389
-12.270577
-12.244038
-12.291093
-12.274822
-12.324590
-12.284647
-12.350131
-12.285015
-12.340389
-12.249046
-12.302739
-12.167287
-12.222708
-12.080537
-12.101080
-12.294974
-11.700391
-12.308002
-11.702210
-12.289184
-11.735655
-12.291826
-11.739229
-12.323161
-11.750254
-12.339200
-11.754156
-12.359507
-11.718400
-12.357103
-11.647852
-12.309327
-11.509520
-12.227625
-11.291284
-12.080537
-12.258380
-12.151497
-12.189749
-12.184013
-12.170627
-12.185961
-12.202505
-12.216140
-12.225858
-12.268483
-12.268830
-12.307192
-12.307317
-12.342434
-12.314863
-12.343020
-12.296076
-12.292576
-12.227625
-12.222708
-12.202119
-11.705920
-12.192200
-11.681920
-12.223694
-11.689457
-12.233861
-11.722819
-12.270780
-11.736152
-12.314531
-11.747031
-12.337630
-11.724285
-12.343573
-11.644148
-12.296076
-11.509521
-12.167288
-12.146533
-12.085096
-12.145184
-12.089685
-12.129146
-12.135790
-12.160523
-12.174734
-12.218811
-12.239838
-12.270501
-12.300380
-12.323651
-12.334141
-12.343573
-12.343020
-12.309327
-12.302740
-12.147070
-11.632473
-12.119707
-11.653556
-12.139484
-11.660004
-12.188783
-11.697383
-12.232367
-11.732368
-12.288958
-11.740874
-12.323651
-11.724285
-12.314863
-11.647852
-12.249046
-12.077652
-12.033728
-12.069075
-12.031428
-12.101423
-12.082761
-12.141424
-12.155942
-12.217364
-12.226838
-12.288958
-12.300380
-12.337631
-12.342434
-12.357104
-12.340390
-12.057698
-11.586115
-12.072919
-11.607343
-12.089999
-11.648089
-12.152930
-11.686306
-12.217364
-11.732368
-12.270501
-11.747031
-12.307317
-11.718401
-12.285016
-12.036869
-11.968968
-12.028148
-12.008106
-12.081537
-12.061748
-12.152931
-12.155942
-12.232367
-12.239838
-12.314532
-12.307192
-12.359508
-12.350132
-12.005134
-11.568242
-12.033800
-11.586902
-12.081537
-11.648088
-12.141425
-11.697383
-12.218811
-11.736153
-12.268831
-11.754156
-12.284647
-12.005373
-11.941698
-12.033800
-12.008106
-12.089999
-12.082762
-12.188784
-12.174735
-12.270781
-12.268484
-12.339201
-12.324591
-12.005373
-11.568242
-12.028148
-11.607344
-12.101422
-11.660005
-12.160523
-11.722820
-12.225859
-11.750255
-12.274823
-12.005134
-11.968968
-12.072919
-12.031429
-12.139485
-12.135791
-12.233862
-12.216140
-12.323162
-12.291094
-12.036868
-11.586115
-12.069077
-11.653555
-12.129147
-11.689457
-12.202506
-11.739229
-12.244038
-12.057698
-12.033729
-12.119707
-12.089686
-12.223695
-12.185962
-12.291826
-12.270577
-12.077653
-11.632473
-12.145184
-11.681921
-12.170627
-11.735656
-12.230390
-12.147070
-12.085098
-12.192201
-12.184014
-12.289186
-12.236280
-12.146534
-11.705920
-12.189750
-11.702211
-12.239200
-12.202120
-12.151498
-12.308003
-12.237701
-12.258381
-11.700392
-12.235681
-12.294975
-12.265076
-12.212433
-9.954876
-9.497417
-9.922062
-9.556654
-10.024593
-9.658286
-10.082358
-9.762279
-10.143857
-9.820110
-10.192381
-9.837200
-10.192381
-9.820109
-10.143857
-9.762279
-10.082356
-9.658284
-10.024592
-9.556652
-9.922060
-9.497416
-9.954875
-10.081544
-9.436103
-10.046568
-9.416945
-10.054689
-9.433993
-10.045061
-9.428814
-10.023436
-9.407697
-10.008631
-9.366834
-9.999860
-9.331037
-10.002204
-9.296247
-10.036592
-9.270373
-10.089807
-9.253363
-10.176969
-9.190452
-10.341116
-9.937347
-9.945518
-9.986988
-9.951068
-9.968963
-9.953486
-9.948558
-9.954059
-9.930307
-9.942565
-9.914327
-9.943351
-9.899933
-9.955373
-9.911049
-9.988123
-9.942666
-10.062145
-10.004277
-10.161513
-10.130107
-10.291723
-10.073361
-9.490847
-10.086135
-9.509386
-10.080031
-9.514572
-10.061767
-9.486380
-10.039215
-9.446154
-10.005160
-9.393967
-9.986196
-9.335863
-9.980463
-9.295053
-9.999578
-9.256934
-10.062076
-9.215962
-10.130107
-10.071344
-9.972956
-10.043364
-10.003372
-10.020527
-9.997595
-10.004462
-9.983191
-9.971036
-9.965523
-9.946997
-9.945601
-9.930741
-9.950772
-9.932667
-9.977358
-9.980255
-10.033631
-10.062076
-10.161513
-10.092642
-9.612834
-10.109982
-9.608028
-10.118350
-9.585397
-10.086708
-9.545738
-10.049260
-9.477882
-10.007640
-9.411069
-9.969688
-9.343346
-9.962995
-9.284170
-9.980255
-9.256934
-10.004277
-10.107571
-10.038781
-10.117877
-10.047660
-10.087077
-10.044219
-10.053673
-10.008724
-10.014936
-9.978173
-9.972967
-9.952502
-9.956415
-9.942376
-9.962994
-9.977357
-9.999577
-10.062145
-10.165157
-9.692706
-10.163868
-9.697666
-10.148689
-9.648097
-10.111487
-9.584039
-10.049619
-9.501995
-9.997948
-9.412499
-9.956415
-9.343346
-9.932667
-9.295052
-9.942666
-10.172463
-10.116378
-10.172503
-10.100026
-10.148848
-10.073767
-10.091518
-10.029676
-10.042257
-9.979176
-9.997947
-9.952502
-9.969687
-9.950772
-9.980462
-9.988122
-10.214698
-9.769061
-10.220069
-9.750518
-10.171806
-9.690338
-10.114542
-9.595419
-10.042256
-9.501995
-9.972966
-9.411069
-9.930741
-9.335862
-9.911049
-10.241953
-10.161591
-10.216515
-10.141168
-10.177722
-10.082554
-10.114541
-10.029676
-10.049618
-9.978173
-10.007640
-9.945601
-9.986195
-9.955372
-10.251188
-9.822963
-10.238894
-9.766904
-10.177722
-9.690338
-10.091517
-9.584039
-10.014935
-9.477881
-9.946997
-9.393966
-9.899933
-10.269150
-10.173081
-10.238893
-10.141168
-10.171806
-10.073767
-10.111486
-10.008723
-10.049260
-9.965522
-10.005159
-9.943351
-10.269150
-9.822962
-10.216516
-9.750516
-10.148848
-9.648096
-10.053672
-9.545737
-9.971035
-9.446154
-9.914326
-10.251188
-10.161590
-10.220069
-10.100025
-10.148689
-10.044218
-10.086707
-9.983190
-10.039214
-9.942564
-10.241951
-9.769062
-10.172500
-9.697668
-10.087075
-9.585397
-10.004460
-9.486379
-9.930306
-10.214698
-10.116377
-10.163868
-10.047659
-10.118349
-9.997593
-10.061766
-9.954058
-10.172461
-9.692705
-10.117876
-9.608027
-10.020526
-9.514572
-9.948556
-10.165157
-10.038779
-10.109981
-10.003371
-10.080029
-9.953485
-10.107569
-9.612834
-10.043362
-9.509385
-9.968961
-10.092641
-9.972954
-10.086135
-9.951066
-10.071343
-9.490845
-9.986986
-10.073359
-9.945516
-9.937345
-10.081351
-9.436258
-10.046007
-9.416841
-10.055264
-9.432455
-10.045679
-9.428875
-10.022270
-9.407416
-10.010081
-9.363845
-10.001274
-9.330789
-10.000875
-9.295497
-10.038733
-9.266188
-10.091823
-9.252295
-10.175955
-9.188560
-10.343732
-9.937463
-9.945543
-9.987692
-9.950313
-9.969744
-9.954077
-9.947846
-9.954573
-9.931780
-9.940828
-9.915773
-9.944312
-9.898741
-9.956157
-9.913136
-9.985820
-9.944690
-10.063292
-10.003174
-10.162527
-10.132659
-10.289593
-10.073323
-9.490336
-10.086291
-9.509467
-10.079178
-9.514464
-10.062719
-9.484180
-10.040275
-9.446117
-10.003879
-9.393596
-9.988014
-9.332271
-9.982319
-9.294471
-9.998344
-9.255905
-10.064477
-9.211152
-10.132658
-10.071653
-9.973146
-10.043137
-10.003655
-10.021507
-9.996388
-10.005545
-9.983904
-9.970034
-9.966161
-9.948728
-9.943456
-9.932521
-9.951716
-9.931420
-9.978241
-9.982519
-10.031155
-10.064477
-10.162527
-10.092327
-9.612813
-10.110305
-9.606835
-10.118921
-9.585448
-10.085671
-9.545598
-10.050625
-9.475061
-10.009157
-9.410840
-9.968397
-9.342837
-9.965078
-9.280070
-9.982519
-9.255905
-10.003174
-10.107897
-10.038354
-10.118482
-10.048054
-10.086479
-10.044653
-10.054929
-10.007039
-10.016333
-9.978924
-9.971775
-9.953253
-9.958326
-9.939974
-9.965078
-9.978241
-9.998344
-10.063292
-10.165164
-9.692713
-10.163278
-9.697631
-10.149468
-9.646246
-10.112526
-9.584004
-10.048479
-9.501799
-9.999636
-9.409158
-9.958326
-9.342837
-9.931420
-9.294471
-9.944690
-10.172439
-10.116562
-10.173146
-10.099081
-10.149742
-10.074274
-10.090611
-10.030237
-10.043732
-9.977119
-9.999636
-9.953253
-9.968397
-9.951716
-9.982320
-9.985820
-10.214762
-9.768378
-10.220511
-9.750535
-10.171040
-9.690282
-10.115734
-9.592969
-10.043732
-9.501799
-9.971775
-9.410840
-9.932521
-9.332271
-9.913136
-10.242218
-10.161793
-10.216100
-10.141477
-10.178648
-10.081115
-10.115734
-10.030236
-10.048479
-9.978925
-10.009158
-9.943457
-9.988014
-9.956157
-10.250974
-9.822933
-10.239464
-9.765538
-10.178649
-9.690281
-10.090612
-9.584004
-10.016334
-9.475062
-9.948728
-9.393596
-9.898742
-10.269376
-10.172549
-10.239464
-10.141477
-10.171041
-10.074274
-10.112526
-10.007040
-10.050625
-9.966162
-10.003879
-9.944313
-10.269376
-9.822934
-10.216099
-9.750537
-10.149742
-9.646247
-10.054929
-9.545599
-9.970035
-9.446117
-9.915775
-10.250974
-10.161794
-10.220511
-10.099083
-10.149468
-10.044654
-10.085672
-9.983905
-10.040276
-9.940829
-10.242220
-9.768377
-10.173148
-9.697630
-10.086481
-9.585448
-10.005547
-9.484181
-9.931781
-10.214762
-10.116563
-10.163278
-10.048056
-10.118922
-9.996390
-10.062720
-9.954575
-10.172441
-9.692714
-10.118483
-9.606837
-10.021508
-9.514465
-9.947848
-10.165164
-10.038355
-10.110306
-10.003656
-10.079180
-9.954079
-10.107899
-9.612813
-10.043139
-9.509468
-9.969746
-10.092329
-9.973148
-10.086292
-9.950316
-10.071654
-9.490337
-9.987695
-10.073325
-9.945545
-9.937465

