Tension at each vertex
-9.378994
-9.378964
-9.376835
-9.376794
-11.560217
-9.165856
-11.560214
-9.165856
-10.425125
-10.422082
-8.892365
-8.885519
-10.462536
-9.934612
-10.532028
-10.041058
-10.706047
-10.169996
-10.853685
-10.382879
-11.045753
-10.630301
-11.305294
-10.910272
-11.589757
-11.208317
-11.843016
-11.454863
-12.047012
-11.600251
-12.175347
-11.680725
-12.198520
-11.728709
-12.293065
-10.801482
-11.344642
-11.032400
-11.328619
-11.121258
-11.422108
-11.220110
-11.524931
-11.374275
-11.663747
-11.559528
-11.852974
-11.759736
-12.048369
-11.965932
-12.197692
-12.123006
-12.302276
-12.201149
-12.345164
-12.276099
-12.244497
-10.612367
-9.933584
-10.657994
-10.089798
-10.749726
-10.239201
-10.914434
-10.432279
-11.118842
-10.689275
-11.367642
-10.977962
-11.652419
-11.247167
-11.905007
-11.475218
-12.077917
-11.619003
-12.202827
-11.662605
-12.276252
-10.799087
-11.341565
-10.943623
-11.358868
-11.071778
-11.424100
-11.192824
-11.540685
-11.346900
-11.693249
-11.548080
-11.868436
-11.765228
-12.062674
-11.955281
-12.213432
-12.111081
-12.288933
-12.202661
-12.345119
-10.736133
-9.906334
-10.744736
-10.077949
-10.818842
-10.261375
-10.966361
-10.471979
-11.180310
-10.724304
-11.439525
-11.014817
-11.700102
-11.281169
-11.942123
-11.477222
-12.111287
-11.619028
-12.201316
-10.733419
-11.376519
-10.866963
-11.394006
-11.010002
-11.446421
-11.157325
-11.552038
-11.326738
-11.705089
-11.518683
-11.886975
-11.744025
-12.061512
-11.941967
-12.213356
-12.077726
-12.302255
-10.728643
-9.916942
-10.800268
-10.066745
-10.885208
-10.262743
-11.027246
-10.488853
-11.231368
-10.753056
-11.489106
-11.021393
-11.744253
-11.281173
-11.955464
-11.475388
-12.123058
-10.760140
-11.345093
-10.845463
-11.407789
-10.964884
-11.469472
-11.115403
-11.569186
-11.286827
-11.702815
-11.488967
-11.886872
-11.699911
-12.062669
-11.904672
-12.197705
-10.720394
-9.957062
-10.805564
-10.082904
-10.926505
-10.261865
-11.076352
-10.488357
-11.287047
-10.753047
-11.518867
-11.015012
-11.765252
-11.247472
-11.966039
-10.744307
-11.331906
-10.845626
-11.395196
-10.943427
-11.477379
-11.076253
-11.569068
-11.231200
-11.705088
-11.439165
-11.868467
-11.652157
-12.048184
-10.742012
-9.956605
-10.820798
-10.098646
-10.943582
-10.261850
-11.115560
-10.489063
-11.326726
-10.724654
-11.548191
-10.978157
-11.759922
-10.736476
-11.341875
-10.820703
-11.395106
-10.926391
-11.469465
-11.026884
-11.552093
-11.180056
-11.693042
-11.367472
-11.852877
-10.736533
-9.956631
-10.845753
-10.083066
-10.964801
-10.263115
-11.157396
-10.472177
-11.347117
-10.689683
-11.559403
-10.741958
-11.331867
-10.805253
-11.407905
-10.884929
-11.446184
-10.966217
-11.540591
-11.118327
-11.663836
-10.744206
-9.957478
-10.845399
-10.066912
-11.010200
-10.261762
-11.192652
-10.432999
-11.374252
-10.720077
-11.344925
-10.800223
-11.393884
-10.818268
-11.424218
-10.913986
-11.524604
-10.760315
-9.917256
-10.866693
-10.078755
-11.071675
-10.239539
-11.220359
-10.728161
-11.376803
-10.744247
-11.358499
-10.749587
-11.421873
-10.733080
-9.906701
-10.943911
-10.090407
-11.120891
-10.736186
-11.341288
-10.657197
-11.328865
-10.798577
-9.934911
-11.032129
-10.611652
-11.344075
-10.801801
-11.507313
-9.849984
-11.379293
-9.740449
-11.328225
-9.839429
-11.272233
-9.851348
-11.279433
-9.856987
-11.262834
-9.874173
-11.262857
-9.856891
-11.279248
-9.851121
-11.272420
-9.838527
-11.328490
-9.739972
-11.378853
-9.849333
-11.507819
-10.410240
-9.807783
-10.336349
-9.761611
-10.340098
-9.697050
-10.269708
-9.661425
-10.177229
-9.588711
-10.087486
-9.492686
-9.983848
-9.411979
-9.881838
-9.341825
-9.830065
-9.288029
-9.812093
-9.285014
-9.791691
-9.310690
-9.904445
-10.728346
-11.209245
-10.810419
-11.035855
-10.721581
-10.930793
-10.594743
-10.780006
-10.459846
-10.600261
-10.292785
-10.418760
-10.111899
-10.243005
-9.973587
-10.095006
-9.879882
-10.017510
-9.821705
-9.978240
-9.853755
-9.881609
-10.546503
-9.796508
-10.443035
-9.789710
-10.355832
-9.736558
-10.289631
-9.667418
-10.196844
-9.592924
-10.086415
-9.501963
-9.988865
-9.401739
-9.900572
-9.338217
-9.833055
-9.299986
-9.830945
-9.260130
-9.853760
-10.722869
-11.197171
-10.713831
-11.049200
-10.654701
-10.908697
-10.539263
-10.759999
-10.392607
-10.581941
-10.234244
-10.384547
-10.072924
-10.221265
-9.932648
-10.091416
-9.861073
-9.995004
-9.831762
-9.977987
-10.668275
-9.761999
-10.519653
-9.766128
-10.405961
-9.737104
-10.312595
-9.673603
-10.219054
-9.587454
-10.114757
-9.501455
-9.998788
-9.409396
-9.917102
-9.326173
-9.861144
-9.299594
-9.821172
-10.655369
-11.227836
-10.629598
-11.072889
-10.580554
-10.911456
-10.483090
-10.744483
-10.345087
-10.564127
-10.177101
-10.377550
-10.034462
-10.205019
-9.917736
-10.091206
-9.833240
-10.017962
-10.656938
-9.767395
-10.567637
-9.743839
-10.457302
-9.721689
-10.351537
-9.669414
-10.245719
-9.595585
-10.144246
-9.493547
-10.034614
-9.409043
-9.932250
-9.338347
-9.879749
-10.681688
-11.191513
-10.602994
-11.078402
-10.526161
-10.922128
-10.429686
-10.747913
-10.294967
-10.550850
-10.144706
-10.377372
-9.998860
-10.221714
-9.900976
-10.094434
-10.645749
-9.804137
-10.565840
-9.752758
-10.488739
-9.711687
-10.390157
-9.661313
-10.295171
-9.595282
-10.176847
-9.501582
-10.072828
-9.400772
-9.974191
-10.665212
-11.175297
-10.601079
-11.061038
-10.502065
-10.925786
-10.390430
-10.747778
-10.245707
-10.564528
-10.114978
-10.384126
-9.989861
-10.243079
-10.665246
-9.801342
-10.577060
-9.765920
-10.502255
-9.711470
-10.429566
-9.669502
-10.345061
-9.586664
-10.234812
-9.501423
-10.111292
-10.658083
-11.184284
-10.577148
-11.060975
-10.488670
-10.922410
-10.351656
-10.744173
-10.219798
-10.581998
-10.086219
-10.419466
-10.658218
-9.801232
-10.601062
-9.752761
-10.526249
-9.721069
-10.483588
-9.673135
-10.392186
-9.592869
-10.293036
-10.665146
-11.175433
-10.565935
-11.078163
-10.457787
-10.911515
-10.312418
-10.760572
-10.197346
-10.599590
-10.665429
-9.803646
-10.603397
-9.743495
-10.580324
-9.736989
-10.539514
-9.666060
-10.460679
-10.645996
-11.191612
-10.567474
-11.073259
-10.406351
-10.908194
-10.290609
-10.780245
-10.681624
-9.767180
-10.629950
-9.765039
-10.655376
-9.735943
-10.594210
-10.657275
-11.227446
-10.520302
-11.049422
-10.355609
-10.931489
-10.655926
-9.761523
-10.713549
-9.789377
-10.722018
-10.668070
-11.197604
-10.443657
-11.035270
-10.723473
-9.795023
-10.811208
-10.547234
-11.209639
-10.728128
-11.402977
-9.600914
-11.251846
-9.808840
-11.249752
-9.895831
-11.309289
-9.979613
-11.355036
-10.087345
-11.424426
-10.183811
-11.511840
-10.295795
-11.595879
-10.406074
-11.692115
-10.499009
-11.789331
-10.568935
-11.876782
-10.633494
-12.008945
-12.214563
-12.253944
-12.239580
-12.225681
-12.253074
-12.209472
-12.252525
-12.225257
-12.267479
-12.214365
-12.293296
-12.206459
-12.286492
-12.178703
-12.265924
-12.102196
-12.211903
-11.990964
-12.128952
-11.840076
-12.064373
-11.639194
-12.354411
-11.705404
-12.369646
-11.709905
-12.360581
-11.727097
-12.354176
-11.702434
-12.360484
-11.669951
-12.331447
-11.615026
-12.292106
-11.502277
-12.223290
-11.346836
-12.116394
-11.138395
-11.997496
-10.883374
-11.878346
-12.275791
-12.202674
-12.252786
-12.216044
-12.248941
-12.195222
-12.271763
-12.178643
-12.264557
-12.159392
-12.255628
-12.095786
-12.225669
-12.006121
-12.156308
-11.875774
-12.069743
-11.713119
-11.976095
-11.546974
-12.342744
-11.706421
-12.347086
-11.684598
-12.363011
-11.658547
-12.338118
-11.625290
-12.309172
-11.538175
-12.262399
-11.421272
-12.173372
-11.257461
-12.067540
-11.045335
-11.947962
-10.808980
-11.828000
-12.213786
-12.145144
-12.231761
-12.128520
-12.217354
-12.115329
-12.209439
-12.058791
-12.194168
-11.988464
-12.139476
-11.884142
-12.071928
-11.737073
-11.984765
-11.573029
-11.889066
-11.411111
-12.313925
-11.598505
-12.295529
-11.582288
-12.279390
-11.513955
-12.251616
-11.427644
-12.179125
-11.302838
-12.095836
-11.125053
-11.990009
-10.925060
-11.871006
-10.708544
-11.752196
-12.115343
-12.027044
-12.119841
-11.974530
-12.114688
-11.920667
-12.070963
-11.842775
-12.024729
-11.718769
-11.956828
-11.582243
-11.869613
-11.427724
-11.783231
-11.279195
-12.193161
-11.411043
-12.179726
-11.356968
-12.125040
-11.269748
-12.066364
-11.127537
-11.984562
-10.969059
-11.877923
-10.781720
-11.776646
-10.587961
-11.668209
-11.967399
-11.800602
-11.943138
-11.739955
-11.919075
-11.641095
-11.876192
-11.538166
-11.807016
-11.409804
-11.744682
-11.271442
-11.668623
-11.147469
-12.013567
-11.151674
-11.982655
-11.050521
-11.926160
-10.936414
-11.840215
-10.787895
-11.763474
-10.618520
-11.670913
-10.459904
-11.582749
-11.759186
-11.512713
-11.740501
-11.438057
-11.695923
-11.341645
-11.663407
-11.226061
-11.610027
-11.124432
-11.555899
-11.009771
-11.824975
-10.836840
-11.768627
-10.731483
-11.715948
-10.593564
-11.642696
-10.467154
-11.569146
-10.318677
-11.512405
-11.548632
-11.232906
-11.539777
-11.142276
-11.515816
-11.070957
-11.482408
-10.972802
-11.465752
-10.882935
-11.645769
-10.531562
-11.600676
-10.435635
-11.533563
-10.308413
-11.497543
-10.187377
-11.436432
-11.387984
-10.985413
-11.374162
-10.917343
-11.392957
-10.841469
-11.368686
-10.782805
-11.500535
-10.290330
-11.476474
-10.167954
-11.415674
-10.086673
-11.381675
-11.266729
-10.774963
-11.285628
-10.760469
-11.296166
-10.671042
-11.424286
-10.094189
-11.355943
-9.959780
-11.356061
-11.151154
-10.652980
-11.265930
-10.599730
-11.388012
-9.851775
-11.298210
-11.140884
-10.590339
-11.298239
-10.409374
-9.808493
-10.336515
-9.762434
-10.338927
-9.698827
-10.268972
-9.661638
-10.177549
-9.589399
-10.086225
-9.494338
-9.983157
-9.412012
-9.882029
-9.342387
-9.828809
-9.289183
-9.811454
-9.284907
-9.791376
-9.311129
-9.903445
-10.016515
-9.361880
-9.976359
-9.354999
-9.980992
-9.364641
-9.980006
-9.351792
-9.956440
-9.331697
-9.941140
-9.287253
-9.934583
-9.251873
-9.935145
-9.221055
-9.970971
-9.197509
-10.029667
-9.186300
-10.118881
-9.134838
-10.278136
-11.192156
-10.438871
-11.102144
-10.351328
-11.049520
-10.308730
-10.952041
-10.285157
-10.862194
-10.232599
-10.775049
-10.187315
-10.669004
-10.146058
-10.571903
-10.097478
-10.487557
-10.057729
-10.406894
-10.056174
-10.323710
-10.017781
-10.948071
-9.622857
-10.959843
-9.619122
-10.867469
-9.612021
-10.794626
-9.559394
-10.724141
-9.513340
-10.629580
-9.463945
-10.546323
-9.396226
-10.474877
-9.328803
-10.407914
-9.272054
-10.345696
-9.208486
-10.338464
-11.129199
-10.340902
-10.978527
-10.316917
-10.896977
-10.245779
-10.810707
-10.196285
-10.691124
-10.145908
-10.582730
-10.079023
-10.480319
-10.024223
-10.378303
-9.987568
-10.282846
-9.970268
-10.207488
-9.971743
-10.788085
-9.681052
-10.779905
-9.605972
-10.719509
-9.566866
-10.615005
-9.518618
-10.523534
-9.444235
-10.433358
-9.377925
-10.341262
-9.317070
-10.264923
-9.262533
-10.205996
-9.214525
-10.156013
-10.979240
-10.256547
-10.869448
-10.223245
-10.736200
-10.169131
-10.622293
-10.089144
-10.503551
-10.024036
-10.378306
-9.965947
-10.272213
-9.920346
-10.180858
-9.899306
-10.099908
-9.909155
-10.688458
-9.641964
-10.606061
-9.582846
-10.523973
-9.503143
-10.423350
-9.436743
-10.310028
-9.366389
-10.218651
-9.299588
-10.141160
-9.253086
-10.080524
-9.222717
-10.033701
-10.813425
-10.196649
-10.696197
-10.119306
-10.562687
-10.051440
-10.417507
-9.976385
-10.296428
-9.906675
-10.186140
-9.866838
-10.094476
-9.847555
-10.024807
-9.851794
-10.533457
-9.575453
-10.435928
-9.507597
-10.315500
-9.428344
-10.212058
-9.347202
-10.112819
-9.293067
-10.034320
-9.251288
-9.986614
-9.228919
-9.949862
-10.649087
-10.098954
-10.497613
-10.015643
-10.361245
-9.927196
-10.227710
-9.869729
-10.116018
-9.826352
-10.040831
-9.809995
-9.979572
-9.821862
-10.350595
-9.503100
-10.240929
-9.411928
-10.124363
-9.346605
-10.022751
-9.287658
-9.961558
-9.254464
-9.917776
-9.251687
-9.894174
-10.457677
-9.983706
-10.309264
-9.907727
-10.170887
-9.838410
-10.078527
-9.799794
-10.004317
-9.798946
-9.957785
-9.807455
-10.173515
-9.415944
-10.050896
-9.339535
-9.968554
-9.286327
-9.901985
-9.273101
-9.872064
-9.271873
-9.871695
-10.262663
-9.891380
-10.145931
-9.819479
-10.045323
-9.797844
-9.986757
-9.790566
-9.962885
-9.808094
-10.012277
-9.333333
-9.920337
-9.300428
-9.863923
-9.278434
-9.852405
-9.293258
-9.852001
-10.118957
-9.827742
-10.026069
-9.789290
-9.989074
-9.795263
-9.962131
-9.826768
-9.887500
-9.297737
-9.852774
-9.286847
-9.826993
-9.315525
-9.843806
-10.027877
-9.791886
-9.976761
-9.811284
-9.971299
-9.832253
-9.835508
-9.299689
-9.820494
-9.309461
-9.843364
-9.969718
-9.810968
-9.980938
-9.850660
-9.834408
-9.294411
-9.837173
-9.987413
-9.874434
-9.778289
-11.352290
-9.530577
-11.114590
-9.642534
-11.017028
-9.630344
-10.962185
-9.598930
-10.882716
-9.572585
-10.809111
-9.520663
-10.740585
-9.470160
-10.660741
-9.417583
-10.591894
-9.348738
-10.542774
-9.267749
-10.494569
-9.219307
-10.522424
-11.729068
-11.777991
-11.630121
-11.586442
-11.512494
-11.471268
-11.396754
-11.373915
-11.318454
-11.279112
-11.236149
-11.190507
-11.135504
-11.079271
-11.026230
-10.939532
-10.885775
-10.800260
-10.726309
-10.622738
-10.610143
-10.410396
-11.418510
-10.371382
-11.149145
-10.184762
-10.890187
-10.001857
-10.699178
-9.835097
-10.545454
-9.718762
-10.430325
-9.630444
-10.361754
-9.556074
-10.306480
-9.498503
-10.248390
-9.411048
-10.213284
-9.292887
-10.148483
-11.705980
-11.714139
-11.543610
-11.560897
-11.441594
-11.423798
-11.351139
-11.329173
-11.263259
-11.234344
-11.181519
-11.123211
-11.078555
-11.002602
-10.948403
-10.849182
-10.820386
-10.669355
-10.664369
-10.513308
-11.278360
-10.318557
-11.034367
-10.095529
-10.812393
-9.926177
-10.623824
-9.784647
-10.495279
-9.673968
-10.403768
-9.599784
-10.333982
-9.530307
-10.288144
-9.446720
-10.226583
-9.369234
-10.148947
-11.644890
-11.623280
-11.500510
-11.492112
-11.381878
-11.377802
-11.300705
-11.273478
-11.217976
-11.176287
-11.119088
-11.058631
-11.010397
-10.911215
-10.873745
-10.758867
-10.712474
-10.582761
-11.152180
-10.240013
-10.910377
-10.031744
-10.718428
-9.858870
-10.562165
-9.737139
-10.445962
-9.645907
-10.371948
-9.569087
-10.311115
-9.506395
-10.242045
-9.426772
-10.172082
-11.576005
-11.546548
-11.445422
-11.417336
-11.343067
-11.320871
-11.252731
-11.224787
-11.165956
-11.113686
-11.059961
-10.989469
-10.924811
-10.838511
-10.778316
-10.668834
-11.024939
-10.148941
-10.810386
-9.959068
-10.628930
-9.808141
-10.498438
-9.695738
-10.405895
-9.618807
-10.334191
-9.553550
-10.276391
-9.481094
-10.197449
-11.514939
-11.466173
-11.388057
-11.361163
-11.297746
-11.266715
-11.210224
-11.170816
-11.107818
-11.056793
-10.987404
-10.915064
-10.838229
-10.763264
-10.902899
-10.067760
-10.709788
-9.886224
-10.554579
-9.754686
-10.441917
-9.663550
-10.364517
-9.594689
-10.303200
-9.538403
-10.231585
-11.445881
-11.391895
-11.343413
-11.305020
-11.255416
-11.220309
-11.159245
-11.119384
-11.044614
-10.994721
-10.900739
-10.844637
-10.800074
-9.979135
-10.619385
-9.821502
-10.482165
-9.711531
-10.392226
-9.634505
-10.330125
-9.579373
-10.274220
-11.385452
-11.336469
-11.295675
-11.264359
-11.211167
-11.173425
-11.107420
-11.062934
-10.970213
-10.925632
-10.694209
-9.901435
-10.537689
-9.755443
-10.429676
-9.668161
-10.353799
-9.618462
-10.301701
-11.341454
-11.282764
-11.266906
-11.222640
-11.161712
-11.136621
-11.032107
-11.007263
-10.610056
-9.824455
-10.456104
-9.714988
-10.371973
-9.645104
-10.334491
-11.290053
-11.266319
-11.222834
-11.185897
-11.115949
-11.070508
-10.528862
-9.734199
-10.414240
-9.653596
-10.355224
-11.286872
-11.241677
-11.182452
-11.163734
-10.423534
-9.666102
-10.347600
-11.310579
-11.273079
-10.285721
-11.507332
-9.849989
-11.379301
-9.740452
-11.328230
-9.839432
-11.272234
-9.851349
-11.279434
-9.856988
-11.262835
-9.874175
-11.262858
-9.856894
-11.279252
-9.851126
-11.272426
-9.838534
-11.328498
-9.739981
-11.378874
-9.849349
-11.507846
-10.463594
-9.933645
-10.532128
-10.040491
-10.706702
-10.168849
-10.854400
-10.382277
-11.045924
-10.629948
-11.305699
-10.909641
-11.590236
-11.207950
-11.843208
-11.454671
-12.047272
-11.599982
-12.175632
-11.680588
-12.198685
-11.728657
-12.293213
-10.801801
-11.344076
-11.032126
-11.328866
-11.120891
-11.421873
-11.220359
-11.524604
-11.374250
-11.663835
-11.559401
-11.852874
-11.759919
-12.048181
-11.966035
-12.197702
-12.123055
-12.302252
-12.201313
-12.345116
-12.276248
-12.244495
-10.611650
-9.934909
-10.657195
-10.090407
-10.749586
-10.239539
-10.913985
-10.432997
-11.118323
-10.689679
-11.367469
-10.978153
-11.652154
-11.247470
-11.904670
-11.475386
-12.077724
-11.619025
-12.202659
-11.662602
-12.276096
-10.798574
-11.341291
-10.943909
-11.358500
-11.071673
-11.424217
-11.192650
-11.540588
-11.347113
-11.693038
-11.548188
-11.868466
-11.765251
-12.062668
-11.955462
-12.213354
-12.111285
-12.288930
-12.202824
-12.345162
-10.736187
-9.906702
-10.744247
-10.078755
-10.818267
-10.261761
-10.966216
-10.472174
-11.180053
-10.724653
-11.439164
-11.015013
-11.699911
-11.281173
-11.941966
-11.477220
-12.111079
-11.619000
-12.201147
-10.733081
-11.376805
-10.866692
-11.393884
-11.010198
-11.446183
-11.157395
-11.552091
-11.326725
-11.705089
-11.518867
-11.886873
-11.744253
-12.061511
-11.942122
-12.213430
-12.077915
-12.302274
-10.728161
-9.917256
-10.800223
-10.066912
-10.884929
-10.263115
-11.026884
-10.489063
-11.231201
-10.753048
-11.488969
-11.021394
-11.744025
-11.281168
-11.955280
-11.475217
-12.123005
-10.760315
-11.344926
-10.845399
-11.407906
-10.964801
-11.469464
-11.115561
-11.569068
-11.287047
-11.702816
-11.489106
-11.886975
-11.700102
-12.062675
-11.905007
-12.197693
-10.720077
-9.957478
-10.805254
-10.083066
-10.926390
-10.261850
-11.076253
-10.488357
-11.286827
-10.753057
-11.518684
-11.014819
-11.765229
-11.247170
-11.965933
-10.744207
-11.331867
-10.845754
-11.395105
-10.943580
-11.477376
-11.076351
-11.569186
-11.231369
-11.705091
-11.439528
-11.868441
-11.652422
-12.048373
-10.741960
-9.956632
-10.820704
-10.098645
-10.943424
-10.261861
-11.115401
-10.488853
-11.326742
-10.724311
-11.548086
-10.977969
-11.759741
-10.736535
-11.341875
-10.820798
-11.395194
-10.926499
-11.469465
-11.027242
-11.552041
-11.180318
-11.693259
-11.367651
-11.852980
-10.736477
-9.956606
-10.845626
-10.082901
-10.964876
-10.262731
-11.157319
-10.471985
-11.346912
-10.689288
-11.559537
-10.742015
-11.331907
-10.805565
-11.407787
-10.885197
-11.446403
-10.966353
-11.540692
-11.118856
-11.663760
-10.744309
-9.957065
-10.845465
-10.066744
-11.009987
-10.261347
-11.192808
-10.432286
-11.374286
-10.720397
-11.345098
-10.800273
-11.394009
-10.818827
-11.424063
-10.914408
-11.524933
-10.760144
-9.916948
-10.866968
-10.077955
-11.071763
-10.239158
-11.220074
-10.728648
-11.376527
-10.744743
-11.358877
-10.749714
-11.422065
-10.733423
-9.906341
-10.943629
-10.089805
-11.121248
-10.736138
-11.341575
-10.658002
-11.328625
-10.799092
-9.933591
-11.032404
-10.612375
-11.344650
-10.801487
-10.409356
-9.808486
-10.336512
-9.762433
-10.338925
-9.698828
-10.268972
-9.661639
-10.177550
-9.589400
-10.086226
-9.494338
-9.983157
-9.412012
-9.882029
-9.342388
-9.828810
-9.289184
-9.811456
-9.284908
-9.791378
-9.311130
-9.903447
-10.728131
-11.209643
-10.811206
-11.035271
-10.722016
-10.931489
-10.594209
-10.780245
-10.460678
-10.599591
-10.293037
-10.419469
-10.111294
-10.243081
-9.974193
-10.094436
-9.879752
-10.017963
-9.821175
-9.977988
-9.853763
-9.881609
-10.547241
-9.795026
-10.443658
-9.789378
-10.355609
-9.735945
-10.290610
-9.666061
-10.197348
-9.592872
-10.086221
-9.501426
-9.989863
-9.400773
-9.900978
-9.338348
-9.833241
-9.299594
-9.831764
-9.260131
-9.853757
-10.723476
-11.197610
-10.713549
-11.049425
-10.655377
-10.908196
-10.539516
-10.760574
-10.392187
-10.582000
-10.234813
-10.384126
-10.072829
-10.221714
-9.932251
-10.091206
-9.861146
-9.995005
-9.830948
-9.978241
-10.668073
-9.761526
-10.520304
-9.765041
-10.406353
-9.736991
-10.312419
-9.673136
-10.219798
-9.586664
-10.114978
-9.501582
-9.998860
-9.409043
-9.917738
-9.326174
-9.861075
-9.299987
-9.821706
-10.655929
-11.227450
-10.629951
-11.073261
-10.580325
-10.911516
-10.483587
-10.744172
-10.345060
-10.564527
-10.176847
-10.377371
-10.034615
-10.205019
-9.917103
-10.091417
-9.833057
-10.017511
-10.657279
-9.767184
-10.567477
-9.743496
-10.457787
-9.721069
-10.351655
-9.669501
-10.245706
-9.595281
-10.144706
-9.493547
-10.034463
-9.409397
-9.932649
-9.338218
-9.879883
-10.681627
-11.191615
-10.603398
-11.078164
-10.526249
-10.922410
-10.429566
-10.747778
-10.295171
-10.550850
-10.144247
-10.377550
-9.998790
-10.221265
-9.900573
-10.095006
-10.645999
-9.803648
-10.565936
-9.752762
-10.488671
-9.711470
-10.390429
-9.661313
-10.294967
-9.595585
-10.177102
-9.501455
-10.072925
-9.401738
-9.973587
-10.665432
-11.175435
-10.601064
-11.060977
-10.502255
-10.925786
-10.390157
-10.747912
-10.245719
-10.564127
-10.114757
-10.384546
-9.988864
-10.243004
-10.665148
-9.801234
-10.577149
-9.765921
-10.502064
-9.711687
-10.429685
-9.669414
-10.345087
-9.587454
-10.234242
-9.501962
-10.111897
-10.658220
-11.184285
-10.577060
-11.061038
-10.488738
-10.922128
-10.351537
-10.744483
-10.219052
-10.581939
-10.086412
-10.418759
-10.658085
-9.801344
-10.601079
-9.752758
-10.526160
-9.721688
-10.483088
-9.673602
-10.392604
-9.592921
-10.292783
-10.665248
-11.175298
-10.565840
-11.078402
-10.457302
-10.911455
-10.312593
-10.759997
-10.196841
-10.600260
-10.665213
-9.804137
-10.602994
-9.743838
-10.580552
-9.737102
-10.539260
-9.667415
-10.459845
-10.645750
-11.191514
-10.567637
-11.072888
-10.405959
-10.908694
-10.289629
-10.780005
-10.681688
-9.767394
-10.629596
-9.766126
-10.654698
-9.736556
-10.594742
-10.656938
-11.227837
-10.519653
-11.049200
-10.355830
-10.930793
-10.655370
-9.762000
-10.713829
-9.789708
-10.721580
-10.668276
-11.197173
-10.443033
-11.035854
-10.722866
-9.796505
-10.810415
-10.546501
-11.209246
-10.728345
-10.462518
-9.934606
-10.532025
-10.041059
-10.706047
-10.169997
-10.853686
-10.382880
-11.045754
-10.630302
-11.305295
-10.910272
-11.589757
-11.208316
-11.843013
-11.454860
-12.047009
-11.600248
-12.175344
-11.680722
-12.198517
-11.728706
-12.293062
-12.357473
-11.709879
-12.317630
-11.710657
-12.313331
-11.714956
-12.334299
-11.714326
-12.327330
-11.723663
-12.332313
-11.692719
-12.334846
-11.645905
-12.298581
-11.556117
-12.238723
-11.401168
-12.137660
-11.194920
-12.003531
-10.914029
-11.914889
-11.298234
-10.590329
-11.298200
-10.599729
-11.356078
-10.671061
-11.381672
-10.782778
-11.436408
-10.882939
-11.512429
-11.009788
-11.582744
-11.147457
-11.668205
-11.279199
-11.752200
-11.411113
-11.827999
-11.546973
-11.878347
-11.639194
-11.140882
-9.851768
-11.265921
-9.959780
-11.296178
-10.086688
-11.368686
-10.187358
-11.465734
-10.318678
-11.555915
-10.459915
-11.668621
-10.587954
-11.783228
-10.708546
-11.889069
-10.808981
-11.976095
-10.883373
-12.064373
-11.388011
-10.652974
-11.355935
-10.760467
-11.415683
-10.841482
-11.497545
-10.972790
-11.569132
-11.124431
-11.670923
-11.271451
-11.776645
-11.427720
-11.871004
-11.573030
-11.947964
-11.713120
-11.997496
-11.840076
-11.151153
-10.094184
-11.285621
-10.167952
-11.392964
-10.308423
-11.482410
-10.467145
-11.610016
-10.618518
-11.744689
-10.781727
-11.869613
-10.925056
-11.984763
-11.045336
-12.069744
-11.138395
-12.128952
-11.424286
-10.774958
-11.476468
-10.917339
-11.533568
-11.070967
-11.642700
-11.226055
-11.763465
-11.409801
-11.877928
-11.582249
-11.990009
-11.737070
-12.067539
-11.875774
-12.116395
-11.990964
-11.266729
-10.290327
-11.374155
-10.435632
-11.515819
-10.593571
-11.663411
-10.787890
-11.807008
-10.969055
-11.956831
-11.125056
-12.071928
-11.257459
-12.156307
-11.346836
-12.211903
-11.500535
-10.985410
-11.600670
-11.142271
-11.715950
-11.341652
-11.840219
-11.538163
-11.984556
-11.718766
-12.095838
-11.884144
-12.173372
-12.006120
-12.223289
-12.102196
-11.387984
-10.531560
-11.539771
-10.731478
-11.695922
-10.936419
-11.876195
-11.127535
-12.024723
-11.302835
-12.139476
-11.421273
-12.225669
-11.502275
-12.265922
-11.645770
-11.232904
-11.768622
-11.438051
-11.926159
-11.641098
-12.066367
-11.842774
-12.179121
-11.988462
-12.262398
-12.095786
-12.292105
-12.178702
-11.548633
-10.836839
-11.740496
-11.050515
-11.919072
-11.269748
-12.070964
-11.427643
-12.194165
-11.538172
-12.255626
-11.615025
-12.286491
-11.824976
-11.512712
-11.982652
-11.739949
-12.125036
-11.920667
-12.251616
-12.058790
-12.309169
-12.159390
-12.331446
-12.206459
-11.759186
-11.151674
-11.943135
-11.356964
-12.114683
-11.513953
-12.209438
-11.625288
-12.264554
-11.669949
-12.293294
-12.013567
-11.800601
-12.179724
-11.974526
-12.279387
-12.115326
-12.338116
-12.178642
-12.360482
-12.214363
-11.967398
-11.411042
-12.119838
-11.582285
-12.217350
-11.658544
-12.271760
-11.702431
-12.267477
-12.193159
-12.027042
-12.295526
-12.128517
-12.363008
-12.195219
-12.354174
-12.225255
-12.115339
-11.598503
-12.231758
-11.684595
-12.248938
-11.727095
-12.252522
-12.313922
-12.145141
-12.347083
-12.216042
-12.360579
-12.209470
-12.213782
-11.706418
-12.252782
-11.709902
-12.253071
-12.342740
-12.202671
-12.369643
-12.225678
-12.275788
-11.705400
-12.239578
-12.354408
-12.253941
-12.214560
-11.352276
-9.530573
-11.114577
-9.642533
-11.017050
-9.630367
-10.962178
-9.598891
-10.882684
-9.572594
-10.809147
-9.520685
-10.740576
-9.470140
-10.660734
-9.417589
-10.591901
-9.348739
-10.542773
-9.267748
-10.494569
-9.219308
-10.522424
-9.778291
-9.874436
-9.837174
-9.850660
-9.843365
-9.832254
-9.843807
-9.826769
-9.852002
-9.808096
-9.871696
-9.807456
-9.894176
-9.821863
-9.949862
-9.851795
-10.033702
-9.909156
-10.156014
-9.971743
-10.338464
-10.017782
-9.987414
-9.294412
-9.980940
-9.309463
-9.971300
-9.315526
-9.962132
-9.293259
-9.962886
-9.271873
-9.957786
-9.251688
-9.979573
-9.228920
-10.024807
-9.222718
-10.099909
-9.214525
-10.207488
-9.208486
-10.323710
-9.834409
-9.810969
-9.820494
-9.811285
-9.826994
-9.795264
-9.852406
-9.790567
-9.872065
-9.798946
-9.917777
-9.809997
-9.986615
-9.847555
-10.080524
-9.899308
-10.205998
-9.970270
-10.345696
-10.056174
-9.969719
-9.299690
-9.976763
-9.286848
-9.989074
-9.278435
-9.986758
-9.273102
-10.004318
-9.254464
-10.040832
-9.251290
-10.094478
-9.253086
-10.180857
-9.262535
-10.282847
-9.272055
-10.406894
-9.835508
-9.791887
-9.852775
-9.789291
-9.863923
-9.797845
-9.901987
-9.799796
-9.961558
-9.826352
-10.034321
-9.866841
-10.141162
-9.920345
-10.264922
-9.987569
-10.407917
-10.057731
-10.027878
-9.297739
-10.026070
-9.300428
-10.045323
-9.286328
-10.078529
-9.287659
-10.116017
-9.293066
-10.186142
-9.299593
-10.272214
-9.317068
-10.378301
-9.328805
-10.487561
-9.887500
-9.827743
-9.920338
-9.819479
-9.968553
-9.838412
-10.022754
-9.869730
-10.112816
-9.906673
-10.218654
-9.965952
-10.341263
-10.024219
-10.474874
-10.097482
-10.118958
-9.333335
-10.145931
-9.339533
-10.170886
-9.346608
-10.227713
-9.347201
-10.296423
-9.366387
-10.378310
-9.377932
-10.480318
-9.396219
-10.571899
-10.012278
-9.891382
-10.050895
-9.907724
-10.124362
-9.927200
-10.212062
-9.976384
-10.310021
-10.024034
-10.433364
-10.079031
-10.546321
-10.146047
-10.262664
-9.415945
-10.309261
-9.411924
-10.361244
-9.428349
-10.417511
-9.436739
-10.503543
-9.444233
-10.582740
-9.463956
-10.668999
-10.173516
-9.983706
-10.240925
-10.015638
-10.315500
-10.051446
-10.423353
-10.089138
-10.523524
-10.145907
-10.629594
-10.187330
-10.457679
-9.503099
-10.497608
-9.507592
-10.562688
-9.503150
-10.622296
-9.518609
-10.691111
-9.513340
-10.775072
-10.350596
-10.098952
-10.435922
-10.119301
-10.523976
-10.169139
-10.615007
-10.196273
-10.724123
-10.232603
-10.649088
-9.575450
-10.696191
-9.582842
-10.736205
-9.566876
-10.810708
-9.559376
-10.862171
-10.533457
-10.196645
-10.606054
-10.223241
-10.719514
-10.245790
-10.794625
-10.285131
-10.813424
-9.641960
-10.869441
-9.605969
-10.896985
-9.612034
-10.952038
-10.688456
-10.256542
-10.779898
-10.316915
-10.867480
-10.308747
-10.979239
-9.681047
-10.978520
-9.619120
-11.049535
-10.788082
-10.340895
-10.959833
-10.351326
-11.129197
-9.622850
-11.102134
-10.948068
-10.438861
-11.192151
-11.402963
-9.600911
-11.251833
-9.808839
-11.249775
-9.895855
-11.309282
-9.979574
-11.355003
-10.087355
-11.424465
-10.183834
-11.511831
-10.295775
-11.595872
-10.406080
-11.692122
-10.499010
-11.789329
-10.568934
-11.876782
-10.633495
-12.008946
-11.555012
-10.471413
-11.228141
-10.284462
-10.996965
-10.070877
-10.786043
-9.908706
-10.600728
-9.772052
-10.475254
-9.663938
-10.387037
-9.594084
-10.322409
-9.528794
-10.284730
-9.451159
-10.227173
-9.383141
-10.155010
-9.257981
-10.158598
-10.285725
-11.273064
-10.347600
-11.163761
-10.355253
-11.070498
-10.334438
-11.007220
-10.301719
-10.925689
-10.274253
-10.844620
-10.231550
-10.763253
-10.197461
-10.668846
-10.172083
-10.582757
-10.148945
-10.513309
-10.148484
-10.410396
-11.310565
-9.666104
-11.182484
-9.653632
-11.115935
-9.645036
-11.032054
-9.618491
-10.970299
-9.579421
-10.900707
-9.538343
-10.838209
-9.481117
-10.778340
-9.426774
-10.712465
-9.369229
-10.664370
-9.292889
-10.610144
-10.423535
-11.241709
-10.414279
-11.185882
-10.371895
-11.136558
-10.353841
-11.063052
-10.330191
-10.994667
-10.303103
-10.915032
-10.276434
-10.838557
-10.242050
-10.758848
-10.226572
-10.669357
-10.213290
-10.622741
-11.286900
-9.734235
-11.222818
-9.714906
-11.161644
-9.668214
-11.107566
-9.634588
-11.044536
-9.594545
-10.987355
-9.553621
-10.924892
-9.506404
-10.873707
-9.446694
-10.820389
-9.411060
-10.726316
-10.528891
-11.266306
-10.456025
-11.222572
-10.429734
-11.173589
-10.392322
-11.119282
-10.364325
-11.056725
-10.334298
-10.989600
-10.311134
-10.911149
-10.288093
-10.849184
-10.248416
-10.800275
-11.290043
-9.824386
-11.266843
-9.755496
-11.211332
-9.711631
-11.159128
-9.663320
-11.107733
-9.618952
-11.060149
-9.569119
-11.010293
-9.530217
-10.948404
-9.498552
-10.885808
-10.610002
-11.282710
-10.537733
-11.264508
-10.482262
-11.220192
-10.441672
-11.170721
-10.406070
-11.113926
-10.371995
-11.058485
-10.333843
-11.002598
-10.306561
-10.939593
-11.341411
-9.901466
-11.295797
-9.821587
-11.255313
-9.754454
-11.210129
-9.695925
-11.166227
-9.645966
-11.118904
-9.599594
-11.078544
-9.556193
-11.026327
-10.694228
-11.336558
-10.619454
-11.304940
-10.554383
-11.266629
-10.498615
-11.225059
-10.446026
-11.176080
-10.403539
-11.123193
-10.361913
-11.079409
-11.385512
-9.979186
-11.343358
-9.886076
-11.297677
-9.808289
-11.252974
-9.737198
-11.217768
-9.673724
-11.181496
-9.630631
-11.135679
-10.800110
-11.391862
-10.709688
-11.361113
-10.629041
-11.321063
-10.562213
-11.273291
-10.495049
-11.234321
-10.430524
-11.190705
-11.445863
-10.067698
-11.388024
-9.959141
-11.343202
-9.858903
-11.300555
-9.784455
-11.263240
-9.718951
-11.236348
-10.902863
-11.466153
-10.810430
-11.417420
-10.718448
-11.377695
-10.623682
-11.329162
-10.545615
-11.279290
-11.514927
-10.148965
-11.445470
-10.031754
-11.381810
-9.926084
-11.351135
-9.835220
-11.318596
-11.024952
-11.546573
-10.910382
-11.492073
-10.812340
-11.423799
-10.699262
-11.374015
-11.576017
-10.240016
-11.500490
-10.095502
-11.441597
-10.001908
-11.396817
-11.152182
-11.623271
-11.034355
-11.560900
-10.890215
-11.471302
-11.644886
-10.318552
-11.543612
-10.184776
-11.512511
-11.278359
-11.714140
-11.149151
-11.586449
-11.705980
-10.371385
-11.630123
-11.418512
-11.777992
-11.729068
-10.463620
-9.933655
-10.532130
-10.040488
-10.706710
-10.168882
-10.854440
-10.382283
-11.045915
-10.629937
-11.305693
-10.909636
-11.590233
-11.207947
-11.843207
-11.454670
-12.047273
-11.599984
-12.175634
-11.680590
-12.198688
-11.728659
-12.293216
-12.357456
-11.709829
-12.317614
-11.710525
-12.313438
-11.714574
-12.334505
-11.713939
-12.327386
-11.723194
-12.332618
-11.691814
-12.335277
-11.645086
-12.298724
-11.555153
-12.239303
-11.399522
-12.138391
-11.193437
-12.003885
-10.912152
-11.915999
-11.297882
-10.591190
-11.298885
-10.599850
-11.356446
-10.672296
-11.381248
-10.783755
-11.437064
-10.883288
-11.512792
-11.011135
-11.582439
-11.148601
-11.668857
-11.279722
-11.752714
-11.412446
-11.827944
-11.548198
-11.879128
-11.639758
-11.141512
-9.850111
-11.266279
-9.959119
-11.295808
-10.085692
-11.369259
-10.185642
-11.466042
-10.317852
-11.555579
-10.458748
-11.669135
-10.586094
-11.783572
-10.707374
-11.888840
-10.807568
-11.976622
-10.881193
-12.064969
-11.388326
-10.654012
-11.355598
-10.761295
-11.416251
-10.841704
-11.497840
-10.973914
-11.568865
-11.125362
-11.671504
-11.271818
-11.777061
-11.428852
-11.870924
-11.574025
-11.948639
-11.713520
-11.998234
-11.841015
-11.150845
-10.093365
-11.286126
-10.166531
-11.393215
-10.307759
-11.482089
-10.466191
-11.610480
-10.616981
-11.744967
-10.780818
-11.869380
-10.923908
-11.985221
-11.043561
-12.070178
-11.137059
-12.128926
-11.424759
-10.775142
-11.476722
-10.918289
-11.533333
-11.071708
-11.643193
-11.226316
-11.763800
-11.410763
-11.877828
-11.583051
-11.990581
-11.737386
-12.068088
-11.876623
-12.116557
-11.991760
-11.266915
-10.289802
-11.373879
-10.434861
-11.516210
-10.592302
-11.663606
-10.787194
-11.806782
-10.968140
-11.957221
-11.123619
-12.072231
-11.256461
-12.156220
-11.345684
-12.212308
-11.500337
-10.985997
-11.601081
-11.142487
-11.716209
-11.342461
-11.840103
-11.538806
-11.985038
-11.719017
-12.096248
-11.884895
-12.173442
-12.006778
-12.223869
-12.102480
-11.388263
-10.530546
-11.539892
-10.730955
-11.695709
-10.935685
-11.876506
-11.126380
-12.024926
-11.302102
-12.139348
-11.420372
-12.226001
-11.500960
-12.266198
-11.645943
-11.233566
-11.768511
-11.438578
-11.926558
-11.641310
-12.066661
-11.843425
-12.179133
-11.989008
-12.262871
-12.096012
-12.292535
-12.179323
-11.548417
-10.836261
-11.740721
-11.049615
-11.919186
-11.269215
-12.070811
-11.426946
-12.194421
-11.537135
-12.255814
-11.614308
-12.286395
-11.825281
-11.512899
-11.982846
-11.740518
-12.125021
-11.921122
-12.251989
-12.058982
-12.309482
-12.159928
-12.331524
-12.206932
-11.759199
-11.151306
-11.942961
-11.356432
-12.114859
-11.513161
-12.209540
-11.624772
-12.264436
-11.669320
-12.293493
-12.013536
-11.800970
-12.180007
-11.974714
-12.279598
-12.115796
-12.338149
-12.179032
-12.360819
-12.214534
-11.967483
-11.410480
-12.119841
-11.581932
-12.217209
-11.658081
-12.271892
-11.701745
-12.267567
-12.193272
-12.027456
-12.295535
-12.128846
-12.363255
-12.195379
-12.354382
-12.225628
-12.115174
-11.598181
-12.231802
-11.684117
-12.248953
-11.726782
-12.252413
-12.314086
-12.145322
-12.347207
-12.216366
-12.360596
-12.209732
-12.213693
-11.706236
-12.252646
-11.709656
-12.253111
-12.342748
-12.202904
-12.369765
-12.225794
-12.275725
-11.705192
-12.239545
-12.354450
-12.254124
-12.214452
-11.353251
-9.529470
-11.114095
-9.641929
-11.017608
-9.627840
-10.963298
-9.597629
-10.881533
-9.572041
-10.809601
-9.517193
-10.741870
-9.468527
-10.658791
-9.416793
-10.592345
-9.344042
-10.544292
-9.265564
-10.492166
-9.217760
-10.523298
-9.777700
-9.875262
-9.837809
-9.850365
-9.844024
-9.834201
-9.842103
-9.828503
-9.853287
-9.806912
-9.872443
-9.810120
-9.891400
-9.824144
-9.951146
-9.850543
-10.034473
-9.912235
-10.153224
-9.974357
-10.340003
-10.017281
-9.987810
-9.293119
-9.981084
-9.309444
-9.969786
-9.315039
-9.963441
-9.289999
-9.964069
-9.271761
-9.956128
-9.250819
-9.982024
-9.224349
-10.026904
-9.221935
-10.098662
-9.212781
-10.210462
-9.203070
-10.325741
-9.834280
-9.812419
-9.819453
-9.812562
-9.828093
-9.794514
-9.853118
-9.792805
-9.869974
-9.800772
-9.919155
-9.808775
-9.987354
-9.850341
-10.077913
-9.901557
-10.207436
-9.969400
-10.346329
-10.059677
-9.968980
-9.299165
-9.977559
-9.284557
-9.989636
-9.278392
-9.985202
-9.272394
-10.006144
-9.250713
-10.042311
-9.250923
-10.093056
-9.251779
-10.183469
-9.257806
-10.284715
-9.271091
-10.405626
-9.836109
-9.791695
-9.853141
-9.791095
-9.862512
-9.799259
-9.903300
-9.798814
-9.962278
-9.828762
-10.032156
-9.868702
-10.142598
-9.919361
-10.265520
-9.990632
-10.405489
-10.060089
-10.027993
-9.297710
-10.024937
-9.299761
-10.046574
-9.283428
-10.079424
-9.287492
-10.114567
-9.292059
-10.188250
-9.295586
-10.273691
-9.316494
-10.377005
-9.327128
-10.490041
-9.886664
-9.828706
-9.921355
-9.818910
-9.969126
-9.840418
-10.021146
-9.871212
-10.114224
-9.905744
-10.219283
-9.968580
-10.339128
-10.026182
-10.476288
-10.096967
-10.119747
-9.331361
-10.146365
-9.339416
-10.169640
-9.345759
-10.229285
-9.343934
-10.297452
-9.366070
-10.376980
-9.376618
-10.482459
-9.392144
-10.573188
-10.012563
-9.892917
-10.049826
-9.908845
-10.125608
-9.926493
-10.212665
-9.978578
-10.308336
-10.025628
-10.434761
-10.078382
-10.546788
-10.148888
-10.261793
-9.415221
-10.310356
-9.409426
-10.361877
-9.428133
-10.416260
-9.435672
-10.505253
-9.440803
-10.583747
-9.463425
-10.667790
-10.174467
-9.983272
-10.241405
-10.017398
-10.314298
-10.052699
-10.424660
-10.088520
-10.524062
-10.148299
-10.627960
-10.189024
-10.457987
-9.502938
-10.496588
-9.506707
-10.563965
-9.500357
-10.622986
-9.518235
-10.689945
-9.512053
-10.776783
-10.349824
-10.099850
-10.437049
-10.118838
-10.524519
-10.171079
-10.613754
-10.197639
-10.725414
-10.232258
-10.649980
-9.573335
-10.696619
-9.582544
-10.735158
-9.565806
-10.812035
-9.556426
-10.862885
-10.533896
-10.198127
-10.605205
-10.224326
-10.720707
-10.245424
-10.795135
-10.287167
-10.812606
-9.641093
-10.870417
-9.603574
-10.897481
-9.611546
-10.951059
-10.689438
-10.256254
-10.780457
-10.318563
-10.866643
-10.309907
-10.979573
-9.680604
-10.977661
-9.618073
-11.050582
-10.787540
-10.341849
-10.960918
-10.351129
-11.129929
-9.620713
-11.102552
-10.948712
-10.440189
-11.191546
-11.403451
-9.600151
-11.251404
-9.807822
-11.250507
-9.893936
-11.309626
-9.978780
-11.354591
-10.086195
-11.425139
-10.181798
-11.512157
-10.294704
-11.595509
-10.404675
-11.692693
-10.496800
-11.789761
-10.567432
-11.876585
-10.631719
-12.009541
-11.556737
-10.469425
-11.229103
-10.282568
-10.998974
-10.068031
-10.787840
-9.907106
-10.601391
-9.769881
-10.477703
-9.660189
-10.389013
-9.592521
-10.322779
-9.526401
-10.288160
-9.446402
-10.229903
-9.381534
-10.155353
-9.254814
-10.163128
-10.285612
-11.273947
-10.348537
-11.163087
-10.356853
-11.071016
-10.334225
-11.008587
-10.303193
-10.924699
-10.276675
-10.845489
-10.231294
-10.765258
-10.199551
-10.667602
-10.175396
-10.584117
-10.148708
-10.515825
-10.151312
-10.408807
-11.311121
-9.663998
-11.183487
-9.652429
-11.115140
-9.644359
-11.032572
-9.615641
-10.971490
-9.577868
-10.899222
-9.537562
-10.838654
-9.477138
-10.779735
-9.424765
-10.710447
-9.368058
-10.665040
-9.287535
-10.612279
-10.424797
-11.242191
-10.414149
-11.186873
-10.373029
-11.135871
-10.355894
-11.063734
-10.330019
-10.996147
-10.304847
-10.914037
-10.279345
-10.839532
-10.241987
-10.760902
-10.229047
-10.667870
-10.217166
-10.623652
-11.286445
-9.733483
-11.223261
-9.712478
-11.162735
-9.666932
-11.106608
-9.633676
-11.044853
-9.591213
-10.988677
-9.551875
-10.923309
-9.505299
-10.874181
-9.442209
-10.822100
-9.408563
-10.724672
-10.529841
-11.265727
-10.457556
-11.223172
-10.429845
-11.174792
-10.393617
-11.118355
-10.366687
-11.057608
-10.334486
-10.991247
-10.313138
-10.909936
-10.291418
-10.850029
-10.248742
-10.802093
-11.290796
-9.823183
-11.266286
-9.754753
-11.211770
-9.708747
-11.160034
-9.661710
-11.106781
-9.618048
-11.060536
-9.565233
-11.011589
-9.528074
-10.947024
-9.497179
-10.886512
-10.610153
-11.283606
-10.538996
-11.263933
-10.484007
-11.220636
-10.441882
-11.172220
-10.407948
-11.113012
-10.374564
-11.059116
-10.334262
-11.004277
-10.308979
-10.938219
-11.341824
-9.899329
-11.296640
-9.820067
-11.254436
-9.753453
-11.210723
-9.692969
-11.167279
-9.643838
-11.117650
-9.598336
-11.079226
-9.552173
-11.027799
-10.695767
-11.336990
-10.619671
-11.305796
-10.555840
-11.266167
-10.500979
-11.225615
-10.446247
-11.177275
-10.405648
-11.122371
-10.364981
-11.079987
-11.385050
-9.978175
-11.343657
-9.883552
-11.298684
-9.806737
-11.252114
-9.735732
-11.218073
-9.670336
-11.182884
-9.628575
-11.134547
-10.801280
-11.391340
-10.711466
-11.361678
-10.629626
-11.322048
-10.563781
-11.272484
-10.497640
-11.235090
-10.431228
-11.191906
-11.446534
-10.066267
-11.387544
-9.958017
-11.343568
-9.855910
-11.301381
-9.782569
-11.262587
-9.717593
-11.236788
-10.903345
-11.466928
-10.811933
-11.416906
-10.720428
-11.378135
-10.624434
-11.330344
-10.547632
-11.278465
-11.515347
-10.146635
-11.446194
-10.030018
-11.381187
-9.924682
-11.351638
-9.832169
-11.319519
-11.026579
-11.546982
-10.911032
-11.492852
-10.814092
-11.423364
-10.701575
-11.374470
-11.575688
-10.238662
-11.500903
-10.092847
-11.442355
-10.000029
-11.396202
-11.153590
-11.622906
-11.036231
-11.561428
-10.891090
-11.472112
-11.645555
-10.316876
-11.543216
-10.183169
-11.512930
-11.279072
-11.714814
-11.150859
-11.586136
-11.706546
-10.368792
-11.630723
-11.420110
-11.778622
-11.728982
-11.403426
-9.600163
-11.251418
-9.807820
-11.250484
-9.893909
-11.309630
-9.978818
-11.354621
-10.086184
-11.425098
-10.181772
-11.512166
-10.294724
-11.595515
-10.404668
-11.692686
-10.496799
-11.789762
-10.567433
-11.876584
-10.631719
-12.009541
-12.214449
-12.254121
-12.239543
-12.225792
-12.253109
-12.209730
-12.252410
-12.225626
-12.267565
-12.214532
-12.293491
-12.206930
-12.286394
-12.179321
-12.266198
-12.102478
-12.212307
-11.991759
-12.128925
-11.841016
-12.064969
-11.639758
-12.354447
-11.705190
-12.369762
-11.709653
-12.360594
-11.726780
-12.354380
-11.701744
-12.360817
-11.669319
-12.331522
-11.614306
-12.292533
-11.500960
-12.223868
-11.345683
-12.116555
-11.137058
-11.998233
-10.881193
-11.879127
-12.275723
-12.202901
-12.252644
-12.216363
-12.248951
-12.195376
-12.271890
-12.179030
-12.264434
-12.159927
-12.255812
-12.096010
-12.225999
-12.006778
-12.156220
-11.876622
-12.070176
-11.713519
-11.976622
-11.548199
-12.342745
-11.706234
-12.347204
-11.684114
-12.363253
-11.658080
-12.338146
-11.624770
-12.309481
-11.537135
-12.262869
-11.420370
-12.173440
-11.256462
-12.068088
-11.043560
-11.948637
-10.807567
-11.827944
-12.213692
-12.145320
-12.231800
-12.128844
-12.217208
-12.115795
-12.209537
-12.058980
-12.194421
-11.989008
-12.139346
-11.884891
-12.072229
-11.737388
-11.985222
-11.574023
-11.888837
-11.412445
-12.314085
-11.598179
-12.295533
-11.581932
-12.279599
-11.513160
-12.251986
-11.426945
-12.179134
-11.302103
-12.096246
-11.123615
-11.990580
-10.923911
-11.870926
-10.707372
-11.752710
-12.115174
-12.027455
-12.119840
-11.974715
-12.114860
-11.921120
-12.070808
-11.843425
-12.024930
-11.719019
-11.957217
-11.583045
-11.869380
-11.428857
-11.783575
-11.279718
-12.193271
-11.410479
-12.180007
-11.356435
-12.125023
-11.269214
-12.066658
-11.126382
-11.985044
-10.968143
-11.877823
-10.780811
-11.777061
-10.586101
-11.668861
-11.967483
-11.800970
-11.942963
-11.740524
-11.919189
-11.641307
-11.876502
-11.538809
-11.806790
-11.410766
-11.744959
-11.271809
-11.669136
-11.148613
-12.013537
-11.151308
-11.982852
-11.049623
-11.926561
-10.935682
-11.840100
-10.787199
-11.763810
-10.616983
-11.671493
-10.458736
-11.582442
-11.759201
-11.512902
-11.740729
-11.438587
-11.695711
-11.342457
-11.663604
-11.226323
-11.610492
-11.125362
-11.555562
-11.011117
-11.825285
-10.836268
-11.768522
-10.730965
-11.716211
-10.592297
-11.643191
-10.466200
-11.568877
-10.317850
-11.512766
-11.548424
-11.233576
-11.539905
-11.142496
-11.516209
-11.071699
-11.482085
-10.973925
-11.466058
-10.883282
-11.645953
-10.530558
-11.601092
-10.434866
-11.533326
-10.307745
-11.497835
-10.185657
-11.437086
-11.388269
-10.986001
-11.373880
-10.918284
-11.393201
-10.841685
-11.369255
-10.783779
-11.500323
-10.289788
-11.476712
-10.166521
-11.416234
-10.085671
-11.381246
-11.266880
-10.775121
-11.286118
-10.761286
-11.295789
-10.672272
-11.424740
-10.093358
-11.355598
-9.959115
-11.356426
-11.150842
-10.654014
-11.266284
-10.599847
-11.388328
-9.850116
-11.298896
-11.141510
-10.591192
-11.297872
-10.410213
-9.807771
-10.336343
-9.761610
-10.340095
-9.697049
-10.269706
-9.661423
-10.177226
-9.588710
-10.087484
-9.492685
-9.983848
-9.411981
-9.881839
-9.341827
-9.830067
-9.288031
-9.812095
-9.285015
-9.791693
-9.310691
-9.904447
-10.016126
-9.362012
-9.975325
-9.354756
-9.981522
-9.362145
-9.980674
-9.351790
-9.954646
-9.331155
-9.943204
-9.283104
-9.936503
-9.251492
-9.933614
-9.219899
-9.973931
-9.192168
-10.032352
-9.184829
-10.117959
-9.132339
-10.281435
-11.191535
-10.440190
-11.102562
-10.351127
-11.050564
-10.309888
-10.951061
-10.287192
-10.862908
-10.232253
-10.776759
-10.189008
-10.667794
-10.148899
-10.573192
-10.096963
-10.490037
-10.060088
-10.405626
-10.059677
-10.325741
-10.017281
-10.948708
-9.620716
-10.960925
-9.618073
-10.866630
-9.611530
-10.795135
-9.556443
-10.725431
-9.512052
-10.627944
-9.463413
-10.546790
-9.392151
-10.476290
-9.327126
-10.405486
-9.271090
-10.346329
-9.203071
-10.340003
-11.129928
-10.341852
-10.977667
-10.318563
-10.897471
-10.245411
-10.812032
-10.197651
-10.689958
-10.148299
-10.583737
-10.078374
-10.482458
-10.026186
-10.377007
-9.990630
-10.284712
-9.969400
-10.210461
-9.974357
-10.787539
-9.680607
-10.780462
-9.603575
-10.720699
-9.565795
-10.613750
-9.518243
-10.524072
-9.440805
-10.434754
-9.376612
-10.339127
-9.316497
-10.265521
-9.257805
-10.207435
-9.212781
-10.153224
-10.979573
-10.256257
-10.870422
-10.224328
-10.735153
-10.171070
-10.622981
-10.088526
-10.505261
-10.025630
-10.376975
-9.968575
-10.273690
-9.919363
-10.183470
-9.901557
-10.098661
-9.912234
-10.689436
-9.641096
-10.605210
-9.582547
-10.524515
-9.500349
-10.424655
-9.435676
-10.308342
-9.366072
-10.219280
-9.295582
-10.142597
-9.251781
-10.077914
-9.221935
-10.034473
-10.812605
-10.198128
-10.696624
-10.118842
-10.563962
-10.052693
-10.416256
-9.978580
-10.297457
-9.905747
-10.188248
-9.868700
-10.093055
-9.850341
-10.026904
-9.850543
-10.533894
-9.573337
-10.437054
-9.506712
-10.314298
-9.428128
-10.212661
-9.343935
-10.114228
-9.292061
-10.032156
-9.250922
-9.987354
-9.224350
-9.951147
-10.649979
-10.099850
-10.496593
-10.017402
-10.361877
-9.926490
-10.229282
-9.871213
-10.114570
-9.828764
-10.042311
-9.808774
-9.982023
-9.824144
-10.349821
-9.502938
-10.241409
-9.409431
-10.125610
-9.345757
-10.021144
-9.287492
-9.962280
-9.250715
-9.919156
-9.250819
-9.891400
-10.457985
-9.983271
-10.310358
-9.908849
-10.169643
-9.840418
-10.079423
-9.798815
-10.006145
-9.800773
-9.956129
-9.810120
-10.174466
-9.415221
-10.049828
-9.339420
-9.969128
-9.283429
-9.903300
-9.272395
-9.869975
-9.271762
-9.872444
-10.261792
-9.892917
-10.146366
-9.818912
-10.046576
-9.799261
-9.985203
-9.792806
-9.964070
-9.806913
-10.012563
-9.331361
-9.921356
-9.299763
-9.862514
-9.278394
-9.853119
-9.290000
-9.853288
-10.119749
-9.828706
-10.024939
-9.791096
-9.989638
-9.794516
-9.963442
-9.828504
-9.886665
-9.297712
-9.853143
-9.284559
-9.828095
-9.315041
-9.842104
-10.027995
-9.791696
-9.977561
-9.812563
-9.969787
-9.834202
-9.836111
-9.299168
-9.819454
-9.309447
-9.844025
-9.968981
-9.812420
-9.981086
-9.850366
-9.834283
-9.293120
-9.837810
-9.987811
-9.875264
-9.777702
-11.353226
-9.529482
-11.114108
-9.641927
-11.017586
-9.627816
-10.963304
-9.597667
-10.881565
-9.572031
-10.809563
-9.517170
-10.741878
-9.468547
-10.658798
-9.416786
-10.592338
-9.344041
-10.544293
-9.265565
-10.492166
-9.217760
-10.523298
-11.728981
-11.778622
-11.630720
-11.586129
-11.512913
-11.472077
-11.396137
-11.374368
-11.319375
-11.278283
-11.236584
-11.191703
-11.134367
-11.079845
-11.027700
-10.938157
-10.886479
-10.802077
-10.724665
-10.623649
-10.612278
-10.408806
-11.420109
-10.368790
-11.150853
-10.183156
-10.891062
-9.999977
-10.701489
-9.832044
-10.547468
-9.717400
-10.431026
-9.628384
-10.364819
-9.552051
-10.308896
-9.497129
-10.248715
-9.408550
-10.217160
-9.287532
-10.151311
-11.706545
-11.714813
-11.543214
-11.561425
-11.442352
-11.423363
-11.351642
-11.330355
-11.262606
-11.235114
-11.182907
-11.122389
-11.079237
-11.004281
-10.947023
-10.850026
-10.822097
-10.667868
-10.665038
-10.515824
-11.279074
-10.316881
-11.036243
-10.092875
-10.814147
-9.924778
-10.624580
-9.782767
-10.497876
-9.670586
-10.405882
-9.598530
-10.334404
-9.528166
-10.291471
-9.442236
-10.229058
-9.368063
-10.148710
-11.645558
-11.622915
-11.500923
-11.492892
-11.381257
-11.378244
-11.301534
-11.272675
-11.218285
-11.177487
-11.117838
-11.059266
-11.011695
-10.910004
-10.874219
-10.760921
-10.710456
-10.584121
-11.153589
-10.238660
-10.911027
-10.030007
-10.720408
-9.855876
-10.563732
-9.735672
-10.446183
-9.643778
-10.374516
-9.565199
-10.313118
-9.505289
-10.241982
-9.424763
-10.175395
-11.575675
-11.546956
-11.446145
-11.416820
-11.343430
-11.321852
-11.251866
-11.225336
-11.167002
-11.112767
-11.060345
-10.991113
-10.923226
-10.839484
-10.779711
-10.667589
-11.026566
-10.146610
-10.811888
-9.957942
-10.629514
-9.806586
-10.500799
-9.692780
-10.407770
-9.617900
-10.334376
-9.551802
-10.279302
-9.477114
-10.199538
-11.515359
-11.466948
-11.387577
-11.361729
-11.298755
-11.266255
-11.210820
-11.172316
-11.106867
-11.057677
-10.988727
-10.914069
-10.838674
-10.765268
-10.903381
-10.066330
-10.711568
-9.883703
-10.556041
-9.753691
-10.442133
-9.661946
-10.366884
-9.591360
-10.304946
-9.537623
-10.231329
-11.446552
-11.391373
-11.343712
-11.305878
-11.254542
-11.220757
-11.160154
-11.118459
-11.044934
-10.996201
-10.899255
-10.845506
-10.801243
-9.978122
-10.619600
-9.819980
-10.483910
-9.708646
-10.393521
-9.633592
-10.329951
-9.577818
-10.276640
-11.384986
-11.336898
-11.296517
-11.263781
-11.211602
-11.174625
-11.106458
-11.063614
-10.971401
-10.924639
-10.695747
-9.899298
-10.538953
-9.754700
-10.429789
-9.666881
-10.355852
-9.615611
-10.303174
-11.341867
-11.283662
-11.266352
-11.223243
-11.162805
-11.135936
-11.032627
-11.008629
-10.610207
-9.823254
-10.457639
-9.712566
-10.373111
-9.644429
-10.334279
-11.290806
-11.265742
-11.223279
-11.186891
-11.115156
-11.071027
-10.529810
-9.733451
-10.414116
-9.652398
-10.356823
-11.286418
-11.242163
-11.183460
-11.163060
-10.424800
-9.664005
-10.348540
-11.311139
-11.273963
-10.285632
-12.357476
-11.709882
-12.317632
-11.710660
-12.313334
-11.714959
-12.334301
-11.714327
-12.327332
-11.723665
-12.332315
-11.692721
-12.334847
-11.645906
-12.298581
-11.556118
-12.238722
-11.401169
-12.137660
-11.194921
-12.003531
-10.914029
-11.914889
-12.191208
-12.223237
-12.200776
-12.204499
-12.207178
-12.200243
-12.197178
-12.237873
-12.209100
-12.253997
-12.237228
-12.283305
-12.237161
-12.301837
-12.225863
-12.279929
-12.174981
-12.231153
-12.077096
-12.145969
-11.977074
-12.036131
-12.257158
-11.690643
-12.277614
-11.680350
-12.265052
-11.710693
-12.266070
-11.705400
-12.297351
-11.711642
-12.305731
-11.710038
-12.317198
-11.662453
-12.301145
-11.578205
-12.234269
-11.424697
-12.133778
-11.193646
-11.977074
-12.238484
-12.107988
-12.169941
-12.149032
-12.145326
-12.152567
-12.180347
-12.185004
-12.197570
-12.238239
-12.235309
-12.270671
-12.264533
-12.298087
-12.255753
-12.286498
-12.218293
-12.222220
-12.133778
-12.145969
-12.180090
-11.692139
-12.165453
-11.663486
-12.203324
-11.663387
-12.208180
-11.695358
-12.243713
-11.702472
-12.283122
-11.708399
-12.294269
-11.675466
-12.284877
-11.578603
-12.218293
-11.424697
-12.077096
-12.126165
-12.050321
-12.129290
-12.052030
-12.108899
-12.106729
-12.139640
-12.144106
-12.194738
-12.210809
-12.237045
-12.268492
-12.280120
-12.292080
-12.284878
-12.286498
-12.234269
-12.231153
-12.131461
-11.608173
-12.099508
-11.633537
-12.116185
-11.631670
-12.166272
-11.671147
-12.203825
-11.705106
-12.255928
-11.705232
-12.280120
-11.675467
-12.255753
-11.578206
-12.174981
-12.058329
-12.005470
-12.049162
-11.995601
-12.086565
-12.052920
-12.117137
-12.130107
-12.190217
-12.198988
-12.255928
-12.268492
-12.294269
-12.298088
-12.301145
-12.279929
-12.039581
-11.548313
-12.058670
-11.576035
-12.063764
-11.624097
-12.127720
-11.661190
-12.190216
-11.705107
-12.237045
-11.708399
-12.264533
-11.662454
-12.225864
-12.026824
-11.943010
-12.003615
-11.981068
-12.060098
-12.032214
-12.127720
-12.130108
-12.203825
-12.210809
-12.283122
-12.270672
-12.317199
-12.301838
-11.983010
-11.524588
-12.019366
-11.547385
-12.060098
-11.624097
-12.117136
-11.671148
-12.194738
-11.702473
-12.235310
-11.710039
-12.237162
-12.008167
-11.907473
-12.019366
-11.981069
-12.063764
-12.052921
-12.166273
-12.144107
-12.243714
-12.238240
-12.305732
-12.283306
-12.008167
-11.524589
-12.003617
-11.576035
-12.086566
-11.631670
-12.139641
-11.695359
-12.197571
-11.711643
-12.237229
-11.983011
-11.943010
-12.058672
-11.995601
-12.116186
-12.106729
-12.208182
-12.185005
-12.297352
-12.253999
-12.026825
-11.548315
-12.049161
-11.633539
-12.108899
-11.663389
-12.180348
-11.705402
-12.209102
-12.039583
-12.005470
-12.099510
-12.052031
-12.203325
-12.152569
-12.266072
-12.237875
-12.058328
-11.608174
-12.129292
-11.663486
-12.145329
-11.710695
-12.197181
-12.131464
-12.050322
-12.165454
-12.149035
-12.265054
-12.200245
-12.126166
-11.692142
-12.169943
-11.680352
-12.207180
-12.180092
-12.107990
-12.277617
-12.204501
-12.238485
-11.690645
-12.200778
-12.257161
-12.223240
-12.191210
-12.229185
-11.741811
-12.107076
-11.659222
-12.096290
-11.620923
-11.997808
-11.587273
-11.933785
-11.511683
-11.938346
-11.433053
-11.938346
-11.511683
-11.933783
-11.587271
-11.997808
-11.620921
-12.096288
-11.659220
-12.107074
-11.741809
-12.229182
-12.357454
-11.709827
-12.317611
-11.710523
-12.313435
-11.714572
-12.334503
-11.713938
-12.327384
-11.723192
-12.332616
-11.691812
-12.335275
-11.645085
-12.298723
-11.555152
-12.239301
-11.399521
-12.138390
-11.193437
-12.003885
-10.912152
-11.915998
-12.191265
-12.223227
-12.200915
-12.204419
-12.207397
-12.200272
-12.197295
-12.237973
-12.209419
-12.253902
-12.237662
-12.283459
-12.237365
-12.302083
-12.226445
-12.279841
-12.175703
-12.231504
-12.077468
-12.146395
-11.978079
-12.036111
-12.257163
-11.690528
-12.277688
-11.680179
-12.265076
-11.710436
-12.266257
-11.704841
-12.297639
-11.711111
-12.305840
-11.709391
-12.317624
-11.661299
-12.301699
-11.577162
-12.234528
-11.423422
-12.134610
-11.191570
-11.978079
-12.238543
-12.107993
-12.170003
-12.149066
-12.145510
-12.152493
-12.180617
-12.185079
-12.197705
-12.238376
-12.235706
-12.270571
-12.265040
-12.298296
-12.256002
-12.286771
-12.219008
-12.222104
-12.134609
-12.146395
-12.180087
-11.692057
-12.165529
-11.663220
-12.203477
-11.663094
-12.208246
-11.694966
-12.243994
-11.701723
-12.283504
-11.707711
-12.294446
-11.674615
-12.285461
-11.577163
-12.219008
-11.423422
-12.077467
-12.126211
-12.050295
-12.129408
-12.052059
-12.108975
-12.106793
-12.139884
-12.144023
-12.195068
-12.210925
-12.237205
-12.268657
-12.280609
-12.291967
-12.285460
-12.286771
-12.234528
-12.231504
-12.131487
-11.608077
-12.099537
-11.633350
-12.116337
-11.631248
-12.166504
-11.670732
-12.203937
-11.704569
-12.256319
-11.704276
-12.280609
-11.674614
-12.256001
-11.577162
-12.175702
-12.058350
-12.005489
-12.049266
-11.995555
-12.086744
-12.052977
-12.117234
-12.130196
-12.190531
-12.198890
-12.256318
-12.268657
-12.294445
-12.298295
-12.301698
-12.279839
-12.039609
-11.548177
-12.058769
-11.575834
-12.063825
-11.623796
-12.127955
-11.660605
-12.190531
-11.704568
-12.237204
-11.707710
-12.265039
-11.661297
-12.226444
-12.026865
-11.943026
-12.003660
-11.981106
-12.060268
-12.032149
-12.127955
-12.130195
-12.203936
-12.210924
-12.283503
-12.270570
-12.317623
-12.302082
-11.983022
-11.524489
-12.019466
-11.547102
-12.060268
-11.623795
-12.117234
-11.670731
-12.195067
-11.701722
-12.235705
-11.709389
-12.237364
-12.008202
-11.907449
-12.019466
-11.981105
-12.063825
-12.052976
-12.166503
-12.144022
-12.243993
-12.238375
-12.305838
-12.283457
-12.008202
-11.524489
-12.003658
-11.575835
-12.086743
-11.631247
-12.139883
-11.694965
-12.197704
-11.711110
-12.237660
-11.983021
-11.943026
-12.058767
-11.995555
-12.116336
-12.106792
-12.208245
-12.185078
-12.297638
-12.253900
-12.026863
-11.548175
-12.049266
-11.633348
-12.108975
-11.663092
-12.180615
-11.704839
-12.209418
-12.039607
-12.005488
-12.099536
-12.052058
-12.203475
-12.152491
-12.266255
-12.237971
-12.058350
-11.608076
-12.129406
-11.663219
-12.145508
-11.710435
-12.197293
-12.131485
-12.050294
-12.165527
-12.149063
-12.265075
-12.200269
-12.126210
-11.692055
-12.170001
-11.680176
-12.207395
-12.180084
-12.107991
-12.277686
-12.204417
-12.238541
-11.690526
-12.200913
-12.257161
-12.223225
-12.191262
-9.854048
-9.436934
-9.833796
-9.485050
-9.942069
-9.581666
-9.997459
-9.683830
-10.062531
-9.719634
-10.141013
-9.677609
-10.141013
-9.719633
-10.062531
-9.683832
-9.997459
-9.581667
-9.942070
-9.485051
-9.833797
-9.436936
-9.854049
-10.016516
-9.361881
-9.976360
-9.355001
-9.980994
-9.364642
-9.980007
-9.351793
-9.956441
-9.331698
-9.941141
-9.287255
-9.934584
-9.251874
-9.935146
-9.221056
-9.970972
-9.197509
-10.029667
-9.186300
-10.118881
-9.134839
-10.278136
-9.876742
-9.863935
-9.908262
-9.872931
-9.897531
-9.871258
-9.875700
-9.879546
-9.857119
-9.867250
-9.844579
-9.870687
-9.828559
-9.888985
-9.841306
-9.926464
-9.877494
-10.007711
-9.942203
-10.119265
-10.066596
-10.261537
-9.990470
-9.432301
-10.013645
-9.438205
-10.011492
-9.445067
-9.991612
-9.409157
-9.973317
-9.366708
-9.936034
-9.316466
-9.916680
-9.257523
-9.912686
-9.219403
-9.932015
-9.187490
-9.995108
-9.153668
-10.066597
-10.008449
-9.878418
-9.975312
-9.919812
-9.946836
-9.915133
-9.937747
-9.904066
-9.899841
-9.892544
-9.874501
-9.873790
-9.859146
-9.883945
-9.860576
-9.918887
-9.909584
-9.984152
-9.995108
-10.119265
-10.023017
-9.548526
-10.034206
-9.538229
-10.052114
-9.508741
-10.015061
-9.471098
-9.977254
-9.399541
-9.936543
-9.333507
-9.896223
-9.268355
-9.889876
-9.212344
-9.909584
-9.187490
-9.942204
-10.037598
-9.952054
-10.053491
-9.957970
-10.018549
-9.966363
-9.984915
-9.930017
-9.945720
-9.903550
-9.898673
-9.883098
-9.881336
-9.877536
-9.889876
-9.918887
-9.932015
-10.007711
-10.103222
-9.615330
-10.096320
-9.627724
-10.078373
-9.570305
-10.043235
-9.508242
-9.975836
-9.428093
-9.923009
-9.337320
-9.881336
-9.268356
-9.860576
-9.219403
-9.877495
-10.104710
-10.038681
-10.104188
-10.015296
-10.087854
-9.995491
-10.020985
-9.956142
-9.968764
-9.906420
-9.923009
-9.883099
-9.896223
-9.883945
-9.912686
-9.926465
-10.151080
-9.682347
-10.162669
-9.670774
-10.100757
-9.618226
-10.042784
-9.521969
-9.968764
-9.428094
-9.898673
-9.333508
-9.859147
-9.257524
-9.841307
-10.187754
-10.088524
-10.148261
-10.069437
-10.110981
-10.006809
-10.042784
-9.956143
-9.975836
-9.903550
-9.936543
-9.873791
-9.916681
-9.888986
-10.184138
-9.731355
-10.181338
-9.681990
-10.110981
-9.618227
-10.020984
-9.508243
-9.945720
-9.399542
-9.874502
-9.316466
-9.828560
-10.228030
-10.092225
-10.181337
-10.069438
-10.100757
-9.995492
-10.043235
-9.930018
-9.977255
-9.892544
-9.936035
-9.870688
-10.228030
-9.731354
-10.148262
-9.670774
-10.087855
-9.570306
-9.984916
-9.471098
-9.899842
-9.366709
-9.844580
-10.184139
-10.088522
-10.162671
-10.015295
-10.078374
-9.966363
-10.015062
-9.904066
-9.973317
-9.867251
-10.187752
-9.682349
-10.104186
-9.627727
-10.018548
-9.508743
-9.937747
-9.409159
-9.857120
-10.151082
-10.038682
-10.096320
-9.957972
-10.052115
-9.915133
-9.991613
-9.879547
-10.104709
-9.615331
-10.053493
-9.538229
-9.946838
-9.445068
-9.875700
-10.103224
-9.952054
-10.034207
-9.919813
-10.011492
-9.871259
-10.037598
-9.548528
-9.975312
-9.438207
-9.897532
-10.023018
-9.878419
-10.013647
-9.872931
-10.008450
-9.432303
-9.908263
-9.990472
-9.863936
-9.876743
-10.016124
-9.362011
-9.975323
-9.354753
-9.981520
-9.362144
-9.980672
-9.351789
-9.954645
-9.331154
-9.943203
-9.283103
-9.936503
-9.251492
-9.933614
-9.219899
-9.973932
-9.192168
-10.032352
-9.184829
-10.117960
-9.132339
-10.281435
-9.877077
-9.864115
-9.909514
-9.871975
-9.899091
-9.872389
-9.874848
-9.880321
-9.859541
-9.864669
-9.846742
-9.871873
-9.827184
-9.889656
-9.844354
-9.923154
-9.880295
-10.008791
-9.941146
-10.120125
-10.069919
-10.258760
-9.990176
-9.431406
-10.013648
-9.438079
-10.009727
-9.444712
-9.992976
-9.405690
-9.974793
-9.366647
-9.934311
-9.315738
-9.919463
-9.252529
-9.915364
-9.218493
-9.930760
-9.185974
-9.998365
-9.147630
-10.069919
-10.009227
-9.878834
-9.975257
-9.920647
-9.948864
-9.913236
-9.939648
-9.905204
-9.898538
-9.893149
-9.877390
-9.870372
-9.861866
-9.884850
-9.859249
-9.919573
-9.912799
-9.980654
-9.998365
-10.120126
-10.022166
-9.548397
-10.034285
-9.535769
-10.052772
-9.508816
-10.013269
-9.470644
-9.979642
-9.395086
-9.938963
-9.333055
-9.894736
-9.267407
-9.893022
-9.206782
-9.912799
-9.185974
-9.941146
-10.038518
-9.951476
-10.055214
-9.959050
-10.017717
-9.966937
-9.987494
-9.926922
-9.948173
-9.904378
-9.897252
-9.883626
-9.884466
-9.873720
-9.893022
-9.919573
-9.930760
-10.008791
-10.102844
-9.615020
-10.094481
-9.627370
-10.079943
-9.566726
-10.045094
-9.508116
-9.974307
-9.427421
-9.926077
-9.332108
-9.884466
-9.267407
-9.859249
-9.218493
-9.880295
-10.105159
-10.039543
-10.106258
-10.013205
-10.089807
-9.996295
-10.019744
-9.956396
-9.971864
-9.902432
-9.926077
-9.883626
-9.894736
-9.884850
-9.915364
-9.923154
-10.150611
-9.680154
-10.163329
-9.670882
-10.099393
-9.617532
-10.045812
-9.517045
-9.971865
-9.427421
-9.897252
-9.333054
-9.861866
-9.252528
-9.844354
-10.189133
-10.089491
-10.147599
-10.069346
-10.114033
-10.002799
-10.045813
-9.956396
-9.974308
-9.904377
-9.938963
-9.870372
-9.919463
-9.889656
-10.183025
-9.730499
-10.183849
-9.677607
-10.114033
-9.617531
-10.019744
-9.508115
-9.948173
-9.395086
-9.877390
-9.315738
-9.827183
-10.229487
-10.089786
-10.183850
-10.069345
-10.099393
-9.996294
-10.045094
-9.926921
-9.979642
-9.893149
-9.934311
-9.871873
-10.229487
-9.730499
-10.147598
-9.670883
-10.089805
-9.566726
-9.987493
-9.470644
-9.898538
-9.366647
-9.846742
-10.183024
-10.089493
-10.163325
-10.013206
-10.079941
-9.966937
-10.013269
-9.905204
-9.974792
-9.864668
-10.189134
-9.680151
-10.106259
-9.627367
-10.017718
-9.508815
-9.939648
-9.405689
-9.859540
-10.150609
-10.039542
-10.094481
-9.959049
-10.052771
-9.913236
-9.992975
-9.880321
-10.105160
-9.615020
-10.055212
-9.535769
-9.948863
-9.444711
-9.874847
-10.102841
-9.951476
-10.034284
-9.920645
-10.009726
-9.872388
-10.038518
-9.548396
-9.975257
-9.438078
-9.899090
-10.022164
-9.878834
-10.013646
-9.871974
-10.009226
-9.431405
-9.909513
-9.990175
-9.864113
-9.877076

