Tension at each vertex
18.062742
18.062747
18.063186
18.063187
12.992113
17.419718
12.992106
17.419721
12.330040
12.330595
18.556806
18.557869
17.343894
17.538612
16.820579
16.825151
16.033789
15.822749
14.863590
14.550744
13.514252
13.234568
12.427167
12.354527
11.838440
12.064332
11.719895
12.100928
11.873058
12.272587
12.064335
12.528184
12.263625
12.728718
12.441171
17.288149
16.922845
16.754870
16.272709
15.885515
15.313975
14.711583
14.016836
13.410172
12.757843
12.329800
11.989388
11.792889
11.711304
11.734362
11.757081
11.863230
11.966750
12.041199
12.172526
12.248813
12.400552
17.350103
17.421635
16.720348
16.729660
15.844182
15.643523
14.675552
14.307536
13.330387
13.086834
12.282008
12.305150
11.817615
12.035726
11.736273
12.121530
11.852265
12.305245
12.061731
12.512066
12.248781
17.244436
16.960006
16.657930
16.200505
15.803134
15.139570
14.568316
13.861887
13.226730
12.643955
12.251012
11.911927
11.792679
11.722083
11.714334
11.786556
11.872772
11.948991
12.061763
12.172540
17.264384
17.389342
16.702735
16.609663
15.758303
15.539455
14.506392
14.183166
13.208295
12.953716
12.220215
12.270008
11.770537
12.060497
11.741000
12.103247
11.872729
12.305249
12.041157
17.303810
16.889053
16.641678
16.170957
15.695562
15.061851
14.474522
13.721721
13.148488
12.575067
12.174257
11.902854
11.785845
11.699280
11.741034
11.786577
11.852295
11.966755
17.258385
17.397496
16.620573
16.574536
15.705207
15.426293
14.436290
14.106332
13.106140
12.923015
12.189426
12.230402
11.785788
12.060502
11.714284
12.121504
11.863228
17.251011
16.891435
16.641967
16.097530
15.667305
15.011006
14.385155
13.688334
13.113035
12.525041
12.189460
11.902876
11.770576
11.722089
11.736352
11.757062
17.280377
17.338746
16.615436
16.553960
15.633853
15.407192
14.399774
14.051180
13.112983
12.923023
12.174204
12.269980
11.792674
12.035655
11.734343
17.261416
16.903782
16.594658
16.099758
15.650655
14.962205
14.399806
13.688359
13.106172
12.575069
12.220302
11.911900
11.817680
11.711357
17.246986
17.347011
16.614203
16.514098
15.650613
15.407197
14.385103
14.106299
13.148489
12.953639
12.250990
12.305138
11.792821
17.268760
16.875561
16.614231
16.099778
15.633878
15.011012
14.436377
13.721694
13.208363
12.644006
12.282023
11.989414
17.268740
17.347009
16.594616
16.553930
15.667313
15.426205
14.474506
14.183147
13.226655
13.086778
12.329832
17.246997
16.903792
16.615510
16.097495
15.705277
15.061905
14.506402
13.861917
13.330510
12.757790
17.261433
17.338651
16.641974
16.574511
15.695487
15.539393
14.568354
14.307374
13.410183
17.280447
16.891479
16.620568
16.170993
15.758429
15.139511
14.675655
14.016917
17.250948
17.397440
16.641730
16.609480
15.803157
15.643476
14.711486
17.258492
16.888978
16.702845
16.200592
15.844169
15.314032
17.303873
17.389281
16.657832
16.729562
15.885597
17.264345
16.960078
16.720516
16.272618
17.244538
17.421342
16.754936
17.350254
16.922973
17.288038
17.367212
17.871868
17.369097
17.955792
17.372528
17.881259
17.423935
17.876514
17.392530
17.888207
17.414471
17.860686
17.414460
17.888228
17.392573
17.876551
17.423891
17.881459
17.372458
17.955878
17.369210
17.871979
17.367098
17.658383
18.229654
17.898718
18.384550
18.073751
18.480782
18.150529
18.532188
18.147191
18.496453
18.113514
18.381965
17.998244
18.255783
17.814492
18.076457
17.638072
17.859410
17.435691
17.684017
17.222141
17.492005
17.008712
17.651782
17.647058
17.903260
17.868645
18.033699
18.019829
18.097455
18.065361
18.127698
18.028101
18.070403
17.969865
17.938739
17.841210
17.805621
17.656089
17.624212
17.486297
17.413470
17.297679
17.221224
17.134976
17.715060
18.198545
17.911924
18.416179
18.058486
18.499597
18.159259
18.506509
18.158938
18.487924
18.074420
18.385630
17.972866
18.216939
17.811481
18.063663
17.605964
17.876183
17.422832
17.685716
17.221217
17.630804
17.731818
17.886244
17.902357
18.069499
18.004226
18.130370
18.071818
18.109407
18.045225
18.068891
17.939948
17.950693
17.827635
17.773932
17.669465
17.615558
17.473108
17.422727
17.297702
17.651979
18.203787
17.949527
18.384119
18.082067
18.510526
18.131804
18.526361
18.152310
18.458953
18.082278
18.377801
17.936207
18.229442
17.793823
18.042681
17.615549
17.876233
17.413550
17.702113
17.696787
17.919038
17.933147
18.050816
18.032435
18.141530
18.046625
18.133468
18.042383
18.046266
17.957800
17.948995
17.805013
17.793736
17.669491
17.605950
17.486219
17.661183
18.234799
17.911839
18.404838
18.091361
18.480829
18.149712
18.523899
18.117948
18.475938
18.071649
18.354239
17.948973
18.229489
17.773996
18.063633
17.624234
17.660472
17.721033
17.945681
17.906406
18.079736
18.039278
18.118391
18.069367
18.135526
18.017403
18.071579
17.957820
17.936205
17.827562
17.811427
17.656172
17.690914
18.193732
17.933285
18.413893
18.061839
18.504925
18.147136
18.497430
18.135502
18.475980
18.046314
18.377782
17.950704
18.217086
17.805535
17.676525
17.743830
17.918222
17.933177
18.086488
18.013602
18.147096
18.069381
18.117955
18.042320
18.082237
17.940015
17.972719
17.841182
17.663386
18.211288
17.942064
18.386631
18.086461
18.504956
18.118419
18.523890
18.133464
18.459089
18.068803
18.385701
17.938852
17.686457
17.720766
17.942055
17.933179
18.061858
18.039231
18.149681
18.046684
18.152192
18.045199
18.074473
17.969745
17.686430
18.211302
17.918229
18.413900
18.079710
18.480951
18.141450
18.526427
18.109491
18.487931
18.070351
17.663417
17.743806
17.933262
17.906456
18.091281
18.032405
18.131853
18.071717
18.158848
18.028224
17.676473
18.193837
17.945607
18.404893
18.050872
18.510551
18.130309
18.506761
18.127558
17.690873
17.720998
17.911892
17.933073
18.081988
18.004330
18.159100
18.065296
17.660499
18.234842
17.918958
18.384344
18.069376
18.499690
18.097569
17.661116
17.696875
17.949413
17.902291
18.058564
18.019699
17.702000
18.203866
17.886321
18.416241
18.033593
17.652057
17.731724
17.911802
17.868778
17.630673
18.198861
17.903102
17.714923
17.646958
17.651860
17.246512
17.769022
17.005493
17.384783
16.652111
16.883019
16.179785
16.301105
15.526561
15.618737
14.804402
14.813058
14.067928
14.061522
13.325756
13.448490
12.756795
12.922235
12.382130
12.594302
12.060237
12.430413
11.907521
12.457977
12.488575
12.511414
12.499524
12.498599
12.506704
12.454704
12.431224
12.403167
12.321034
12.273996
12.212228
12.116263
12.040551
11.983654
11.865922
11.815379
11.759873
11.707901
11.661859
11.767467
11.740281
12.388146
12.730797
12.383234
12.743614
12.363575
12.686222
12.342063
12.603000
12.243377
12.524212
12.113532
12.381783
12.000431
12.231637
11.840637
12.139684
11.723767
12.049581
11.744153
12.125453
11.847513
12.262548
12.299857
12.267866
12.273771
12.274636
12.223863
12.203163
12.174704
12.099686
12.054114
12.008135
11.916022
11.862008
11.819867
11.741105
11.707363
11.731899
11.701990
11.788527
11.923155
12.153670
12.498355
12.169750
12.461598
12.121446
12.434779
12.047515
12.340089
11.984423
12.228989
11.861769
12.153852
11.752647
12.055931
11.733628
12.053274
11.755691
12.258800
11.996751
12.070408
12.046036
12.043706
12.046329
11.994728
11.977830
11.955582
11.889463
11.853311
11.827935
11.756335
11.733374
11.733780
11.706471
11.743665
11.847795
11.928960
12.114415
11.942451
12.277384
11.905608
12.226118
11.892198
12.161873
11.816671
12.126838
11.742587
12.057661
11.730164
12.044244
11.736188
12.178362
11.896189
12.420882
12.310576
11.834466
11.845782
11.841679
11.801668
11.787208
11.789284
11.731128
11.735849
11.730063
11.724401
11.739904
11.836994
11.879404
12.040592
12.246120
12.471253
11.767838
12.062033
11.736272
12.071702
11.702831
12.044132
11.725738
12.055269
11.753080
12.175540
11.891158
12.373172
12.228973
12.783255
12.704420
11.726268
11.743956
11.706556
11.738038
11.744480
11.762253
11.782800
11.881998
11.921566
12.063078
12.238740
12.430610
12.678594
13.040953
11.712067
12.076979
11.766832
12.122251
11.826552
12.261342
11.980185
12.450581
12.290868
12.805539
12.703980
13.384376
13.312049
11.864516
11.896155
11.929081
12.042893
12.081122
12.225465
12.380502
12.555710
12.767092
13.086831
13.330072
13.711764
12.065705
12.512870
12.217513
12.702916
12.518901
13.025423
12.891027
13.528009
13.411455
14.111676
14.097971
12.459722
12.604611
12.731650
12.891670
13.068032
13.345312
13.537285
13.871428
14.162321
14.506741
12.994604
13.484222
13.296990
13.899781
13.727221
14.380150
14.291151
14.952536
14.873366
13.633620
13.848619
13.977774
14.244327
14.457081
14.739210
14.968202
15.331984
14.269358
14.857365
14.673985
15.286119
15.117963
15.803296
15.607633
14.982762
15.167487
15.299217
15.578997
15.703505
16.010182
15.514871
16.139238
15.845837
16.495745
16.251874
16.062494
16.246267
16.335970
16.561151
16.455656
17.065831
16.709822
16.821615
17.003004
17.037115
17.658550
18.229536
17.898628
18.384424
18.073947
18.480435
18.150662
18.532153
18.147099
18.496358
18.113707
18.381691
17.998352
18.255788
17.814437
18.076393
17.638236
17.859252
17.435761
17.684044
17.222158
17.491959
17.008812
16.888949
17.243953
16.860542
17.234262
16.860170
17.201530
16.905667
17.261326
16.956009
17.360746
17.084591
17.467129
17.230947
17.642582
17.361914
17.824799
17.534916
17.979368
17.694194
18.168770
17.796312
18.351056
17.888190
17.598278
17.829032
17.801449
17.957387
17.918055
18.077952
17.990650
18.129468
18.066845
18.149896
18.075224
18.180794
18.063360
18.146325
18.070286
18.106190
18.011189
18.097167
17.964490
18.017304
17.953679
18.003625
17.812089
18.365128
17.922588
18.458457
17.999938
18.501193
18.077158
18.515257
18.090015
18.540018
18.075445
18.505685
18.073216
18.462105
18.007896
18.450665
17.940695
18.383367
17.913667
18.346577
17.814518
17.851562
18.027582
17.965069
18.104535
18.049827
18.140013
18.072707
18.176131
18.063660
18.149786
18.064712
18.103614
18.005487
18.080553
17.939911
18.001163
17.912688
17.925451
17.832743
17.897080
17.989544
18.482986
18.060609
18.513794
18.089880
18.540938
18.083148
18.511119
18.082746
18.456706
18.020399
18.425308
17.941072
18.342411
17.895660
18.262501
17.802559
18.233614
17.725250
17.992924
18.125920
18.058921
18.167918
18.064458
18.156845
18.069805
18.110038
18.015430
18.078181
17.936166
17.993044
17.888117
17.896177
17.796102
17.842837
17.713665
17.750186
18.098426
18.528910
18.095575
18.523997
18.098796
18.472119
18.047763
18.430926
17.962574
18.338959
17.899519
18.229944
17.793674
18.163016
17.684717
18.062385
17.635021
18.046908
18.171015
18.071619
18.129688
18.037054
18.096095
17.957529
18.010410
17.894247
17.898161
17.788357
17.817450
17.674766
17.702514
17.614652
17.588976
18.120300
18.491631
18.087980
18.458382
18.005786
18.371292
17.936344
18.248672
17.820024
18.152169
17.687525
18.021630
17.599340
17.891013
17.492229
18.059977
18.131013
17.992095
18.056194
17.931157
17.937182
17.820170
17.838740
17.685052
17.701655
17.590290
17.556817
17.472006
17.464737
18.058563
18.425969
17.998696
18.305111
17.886432
18.199064
17.739543
18.049184
17.624590
17.883660
17.480080
17.768898
17.338743
17.987810
18.004819
17.888071
17.904985
17.744433
17.757949
17.627915
17.587096
17.479856
17.461543
17.326530
17.314819
17.975580
18.284314
17.832285
18.135975
17.708041
17.952774
17.544013
17.805970
17.363035
17.633859
17.236192
17.839877
17.860748
17.721189
17.680013
17.558663
17.531055
17.373964
17.354638
17.239326
17.172662
17.825473
18.077233
17.664466
17.920978
17.468245
17.727521
17.309455
17.516993
17.124565
17.687978
17.664860
17.494070
17.473239
17.333711
17.261269
17.147250
17.099750
17.618322
17.889648
17.455457
17.667021
17.254026
17.479405
17.034867
17.495421
17.424209
17.295639
17.238978
17.077332
17.026952
17.438075
17.676334
17.216426
17.449274
17.023647
17.271098
17.218182
17.079856
16.983792
17.234631
17.455984
17.007796
17.074329
17.002537
17.064484
17.448137
18.204324
17.664778
18.285735
17.845744
18.368083
17.947821
18.468440
18.014115
18.502351
18.085432
18.516783
18.083488
18.547494
18.067747
18.514086
18.070431
18.491561
18.003576
18.510309
17.962989
18.447442
17.917144
12.224270
12.578055
13.042779
13.660679
14.361265
14.970369
15.610760
16.186240
16.617182
16.992847
17.322648
17.521356
17.696896
17.860526
17.926354
17.995921
18.063831
18.058587
18.057338
18.085959
18.000361
18.012643
12.251812
13.176984
13.356718
14.360785
14.665039
15.751179
15.935222
16.840272
16.933866
17.616510
17.522233
18.125151
17.883812
18.364376
18.101195
18.499922
18.146246
18.575489
18.134752
18.533869
18.108173
12.517775
12.925845
13.593572
14.277198
14.932282
15.561497
16.171138
16.595933
16.990458
17.316726
17.523888
17.700592
17.862692
17.936749
17.993938
18.077390
18.051104
18.075743
18.066696
18.024072
12.623116
13.661177
13.863905
14.980412
15.309140
16.276744
16.440321
17.290003
17.241365
17.887362
17.758349
18.257489
17.995758
18.480426
18.122219
18.534486
18.179071
18.535960
18.112527
12.856689
13.457117
14.219951
14.847072
15.534379
16.125819
16.591926
16.971393
17.319895
17.523306
17.705523
17.872197
17.938100
18.011544
18.068744
18.076828
18.058259
18.087294
13.154568
14.176589
14.514461
15.643851
15.862673
16.793731
16.904849
17.608696
17.517833
18.132320
17.890667
18.375065
18.105019
18.508799
18.149183
18.565421
18.141814
13.395444
14.126842
14.824101
15.477448
16.122980
16.565856
16.977708
17.309891
17.531061
17.706797
17.874126
17.949408
18.007970
18.082221
18.069589
18.070138
13.735261
14.842171
15.229844
16.220738
16.407498
17.272108
17.238846
17.889441
17.763304
18.265759
18.001599
18.480093
18.131889
18.525030
18.181869
14.092539
14.781306
15.475867
16.096168
16.577488
16.960516
17.316171
17.521386
17.708677
17.870067
17.951155
18.010431
18.080710
18.075351
14.450431
15.580062
15.848086
16.772318
16.902429
17.608749
17.521393
18.132450
17.897817
18.372538
18.107621
18.504611
18.152898
14.786800
15.462715
16.107449
16.566662
16.970150
17.301591
17.529417
17.697871
17.875228
17.946657
18.016524
18.075539
15.227523
16.220654
16.417631
17.273431
17.251705
17.891792
17.767147
18.267607
18.002271
18.473370
18.135898
15.490821
16.109881
16.585771
16.958938
17.307577
17.513231
17.701971
17.858513
17.955965
18.003820
15.888827
16.796254
16.919991
17.626217
17.530229
18.136995
17.901163
18.369684
18.101588
16.145105
16.592071
16.973635
17.291990
17.520667
17.680529
17.865402
17.937295
16.461887
17.304595
17.269671
17.907776
17.766677
18.274275
17.992004
16.625234
16.968826
17.299000
17.498678
17.686575
17.839345
16.953953
17.667870
17.536877
18.152811
17.888524
16.989345
17.278256
17.501321
17.654871
17.294125
17.958955
17.754565
17.269134
17.453808
17.568686
17.367215
17.871871
17.369101
17.955796
17.372532
17.881262
17.423939
17.876517
17.392532
17.888210
17.414472
17.860688
17.414462
17.888229
17.392575
17.876553
17.423892
17.881461
17.372460
17.955880
17.369212
17.871981
17.367099
17.343681
17.538771
16.820622
16.825240
16.033658
15.823014
14.863436
14.550838
13.514266
13.234606
12.427068
12.354664
11.838314
12.064368
11.719867
12.100927
11.872986
12.272637
12.064257
12.528193
12.263591
12.728712
12.441136
17.288043
16.922979
16.754944
16.272628
15.885609
15.314045
14.711499
14.016929
13.410190
12.757792
12.329828
11.989408
11.792809
11.711341
11.734330
11.757047
11.863214
11.966744
12.041145
12.172531
12.248772
12.400544
17.350259
17.421349
16.720525
16.729572
15.844182
15.643488
14.675669
14.307384
13.330516
13.086779
12.282018
12.305128
11.817668
12.035645
11.736339
12.121492
11.852283
12.305237
12.061753
12.512057
12.248804
17.244544
16.960084
16.657841
16.200602
15.803170
15.139523
14.568367
13.861928
13.226661
12.644008
12.250985
11.911894
11.792665
11.722074
11.714271
11.786563
11.872714
11.948980
12.061720
12.172516
17.264350
17.389288
16.702854
16.609490
15.758442
15.539405
14.506415
14.183157
13.208367
12.953639
12.220296
12.269969
11.770559
12.060491
11.741020
12.103234
11.872761
12.305234
12.041189
17.303877
16.888985
16.641739
16.171004
15.695499
15.061918
14.474517
13.721704
13.148492
12.575070
12.174198
11.902868
11.785781
11.699267
11.740987
11.786544
11.852251
11.966738
17.258497
17.397447
16.620577
16.574522
15.705288
15.426218
14.436388
14.106308
13.106177
12.923022
12.189454
12.230392
11.785828
12.060483
11.714320
12.121515
11.863219
17.250954
16.891486
16.641982
16.097505
15.667325
15.011024
14.385114
13.688368
13.112986
12.525040
12.189419
11.902843
11.770529
11.722073
11.736259
11.757069
17.280451
17.338657
16.615519
16.553941
15.633890
15.407209
14.399817
14.051188
13.113040
12.923015
12.174251
12.270001
11.792664
12.035710
11.734349
17.261438
16.903799
16.594625
16.099788
15.650624
14.962217
14.399785
13.688343
13.106142
12.575066
12.220209
11.911916
11.817605
11.711295
17.247002
17.347015
16.614240
16.514107
15.650667
15.407204
14.385165
14.106341
13.148492
12.953716
12.251006
12.305143
11.792879
17.268744
16.875567
16.614212
16.099768
15.633864
15.011018
14.436300
13.721731
13.208299
12.643954
12.282004
11.989378
17.268765
17.347017
16.594667
16.553969
15.667316
15.426305
14.474533
14.183174
13.226734
13.086834
12.329795
17.246991
16.903787
16.615444
16.097540
15.705218
15.061862
14.506402
13.861896
13.330392
12.757843
17.261420
17.338752
16.641976
16.574546
15.695572
15.539466
14.568327
14.307544
13.410177
17.280382
16.891441
16.620580
16.170966
15.758314
15.139580
14.675563
14.016844
17.251014
17.397501
16.641686
16.609672
15.803145
15.643533
14.711594
17.258388
16.889058
16.702743
16.200513
15.844192
15.313985
17.303814
17.389346
16.657937
16.729668
15.885525
17.264387
16.960011
16.720355
16.272716
17.244439
17.421640
16.754877
17.350106
16.922849
17.288152
17.658553
18.229538
17.898630
18.384424
18.073948
18.480435
18.150662
18.532152
18.147099
18.496358
18.113707
18.381690
17.998351
18.255790
17.814438
18.076394
17.638240
17.859256
17.435763
17.684049
17.222162
17.491962
17.008817
17.651861
17.646959
17.903102
17.868778
18.033592
18.019698
18.097568
18.065295
18.127558
18.028224
18.070352
17.969746
17.938851
17.841183
17.805536
17.656171
17.624237
17.486223
17.413552
17.297707
17.221222
17.134979
17.714924
18.198861
17.911801
18.416241
18.058563
18.499689
18.159100
18.506759
18.158848
18.487931
18.074473
18.385701
17.972721
18.217089
17.811429
18.063638
17.605955
17.876235
17.422732
17.685719
17.221227
17.630673
17.731725
17.886320
17.902291
18.069374
18.004328
18.130308
18.071717
18.109491
18.045199
18.068804
17.940018
17.950705
17.827563
17.773999
17.669492
17.615548
17.473110
17.422833
17.297680
17.652058
18.203867
17.949412
18.384343
18.081987
18.510550
18.131853
18.526426
18.152192
18.459089
18.082237
18.377782
17.936205
18.229491
17.793736
18.042683
17.615564
17.876187
17.413475
17.702001
17.696876
17.918957
17.933073
18.050872
18.032404
18.141448
18.046683
18.133464
18.042320
18.046313
17.957822
17.948976
17.805015
17.793827
17.669469
17.605964
17.486298
17.661117
18.234842
17.911891
18.404891
18.091280
18.480949
18.149680
18.523890
18.117955
18.475981
18.071580
18.354240
17.948994
18.229443
17.773933
18.063662
17.624216
17.660500
17.720998
17.945607
17.906454
18.079709
18.039230
18.118418
18.069380
18.135500
18.017403
18.071648
17.957800
17.936209
17.827637
17.811484
17.656095
17.690876
18.193837
17.933262
18.413898
18.061857
18.504954
18.147094
18.497430
18.135526
18.475938
18.046266
18.377804
17.950694
18.216940
17.805623
17.676474
17.743805
17.918229
17.933177
18.086460
18.013601
18.147135
18.069367
18.117947
18.042383
18.082278
17.939947
17.972865
17.841213
17.663419
18.211303
17.942056
18.386630
18.086487
18.504924
18.118390
18.523898
18.133467
18.458953
18.068891
18.385632
17.938742
17.686433
17.720766
17.942063
17.933176
18.061839
18.039276
18.149711
18.046625
18.152309
18.045225
18.074421
17.969866
17.686458
18.211287
17.918222
18.413892
18.079736
18.480828
18.141530
18.526360
18.109406
18.487924
18.070404
17.663389
17.743831
17.933285
17.906405
18.091361
18.032433
18.131802
18.071817
18.158938
18.028101
17.676528
18.193731
17.945681
18.404838
18.050816
18.510525
18.130369
18.506509
18.127699
17.690915
17.721033
17.911840
17.933146
18.082067
18.004226
18.159259
18.065359
17.660475
18.234800
17.919039
18.384119
18.069499
18.499597
18.097455
17.661186
17.696788
17.949527
17.902357
18.058486
18.019828
17.702114
18.203789
17.886244
18.416179
18.033699
17.651981
17.731820
17.911924
17.868645
17.630807
18.198547
17.903261
17.715062
17.647060
17.651785
17.343900
17.538619
16.820588
16.825161
16.033801
15.822762
14.863603
14.550755
13.514260
13.234571
12.427164
12.354519
11.838431
12.064322
11.719880
12.100917
11.873046
12.272575
12.064325
12.528174
12.263616
12.728710
12.441163
12.542415
12.970663
12.586854
12.962958
12.625392
12.931297
12.581011
12.900859
12.504093
12.792086
12.421017
12.651795
12.262403
12.523364
12.079379
12.343778
11.932606
12.180183
11.765924
12.116508
11.697068
12.104638
11.768473
17.037121
17.003012
16.709830
16.561162
16.251885
16.010193
15.607645
15.331995
14.873375
14.506751
14.097975
13.711766
13.312052
13.040949
12.704414
12.471248
12.310572
12.114411
11.996747
11.923150
11.847510
11.740278
16.821623
17.065840
16.335978
16.495756
15.703517
15.803306
14.968212
14.952545
14.162326
14.111682
13.330072
13.384372
12.678593
12.783249
12.246111
12.420873
11.928952
12.258793
11.788521
12.125448
11.767462
16.455665
16.246278
15.845849
15.579009
15.117976
14.739221
14.291161
13.871436
13.411459
13.086835
12.703978
12.430604
12.228969
12.040588
11.896182
11.847784
11.755678
11.701976
11.744143
11.661850
16.062505
16.139250
15.299229
15.286129
14.457092
14.380157
13.537290
13.528011
12.767089
12.805537
12.238734
12.373163
11.879394
12.178357
11.743662
12.053270
11.731893
12.049573
11.707895
15.514883
15.167500
14.673996
14.244338
13.727230
13.345317
12.891028
12.555709
12.290863
12.063070
11.891150
11.836986
11.736178
11.706461
11.733621
11.707360
11.723767
11.759872
14.982774
14.857377
13.977784
13.899786
13.068035
13.025422
12.380497
12.450575
11.921559
12.175529
11.739890
12.044232
11.733772
12.055921
11.741092
12.139671
11.815369
14.269369
13.848629
13.296996
12.891672
12.518899
12.225460
11.980177
11.881990
11.753074
11.724395
11.730155
11.733364
11.752643
11.819866
11.840638
11.865921
13.633628
13.484226
12.731651
12.702912
12.081116
12.261331
11.782787
12.055255
11.730050
12.057652
11.756327
12.153840
11.861998
12.231629
11.983648
12.994608
12.604611
12.217509
12.042885
11.826546
11.762246
11.725727
11.735839
11.742576
11.827923
11.861763
11.916015
12.000425
12.040545
12.459719
12.512864
11.929071
12.122236
11.744467
12.044122
11.731115
12.126827
11.853303
12.228979
12.008125
12.381776
12.116257
12.065700
11.896147
11.766824
11.738025
11.702818
11.789273
11.816659
11.889451
11.984414
12.054106
12.113526
12.212222
11.864502
12.076967
11.706546
12.071690
11.787197
12.161864
11.955574
12.340081
12.099678
12.524206
12.273990
11.712054
11.743941
11.736259
11.801655
11.892185
11.977819
12.047505
12.174695
12.243370
12.321028
11.726256
12.062021
11.841669
12.226107
11.994718
12.434770
12.203156
12.602994
12.403161
11.767824
11.845768
11.905596
12.046318
12.121437
12.223854
12.342055
12.431217
11.834454
12.277372
12.043696
12.461589
12.274627
12.686216
12.454699
11.942440
12.046025
12.169740
12.273762
12.363567
12.506697
12.070397
12.498346
12.267858
12.743607
12.498592
12.153660
12.299848
12.383227
12.499517
12.262540
12.730789
12.511406
12.388138
12.488568
12.457970
17.448141
18.204327
17.664779
18.285737
17.845746
18.368084
17.947822
18.468443
18.014117
18.502351
18.085434
18.516785
18.083490
18.547494
18.067746
18.514085
18.070430
18.491560
18.003577
18.510309
17.962990
18.447442
17.917145
17.064488
17.002540
17.007801
16.983795
17.023650
17.026958
17.034867
17.099757
17.124567
17.172665
17.236195
17.314818
17.338753
17.464733
17.492236
17.588977
17.635018
17.750187
17.725252
17.897079
17.814517
18.003625
17.074332
17.455988
17.079858
17.449277
17.077336
17.479406
17.147253
17.516996
17.239328
17.633862
17.326529
17.768905
17.472005
17.891016
17.614656
18.062381
17.713665
18.233617
17.832740
18.346576
17.953678
17.234635
17.218185
17.216431
17.238981
17.254029
17.261274
17.309456
17.354642
17.363038
17.461544
17.480084
17.556818
17.599342
17.702520
17.684715
17.842837
17.802563
17.925448
17.913666
18.017303
17.271098
17.676338
17.295643
17.667021
17.333716
17.727521
17.373967
17.805973
17.479858
17.883663
17.590290
18.021632
17.674770
18.163018
17.796099
18.262506
17.912686
18.383364
17.964488
17.438077
17.424213
17.455458
17.473243
17.468248
17.531058
17.544015
17.587097
17.624597
17.701655
17.687528
17.817451
17.793680
17.896175
17.895663
18.001165
17.940693
18.097165
17.495423
17.889650
17.494074
17.920979
17.558666
17.952777
17.627913
18.049190
17.685051
18.152173
17.788356
18.229947
17.888117
18.342411
17.939912
18.450665
18.011185
17.618321
17.664866
17.664467
17.680014
17.708047
17.757949
17.739546
17.838743
17.820026
17.898164
17.899519
17.993046
17.941073
18.080554
18.007898
18.106187
17.687981
18.077237
17.721189
18.135978
17.744434
18.199066
17.820172
18.248672
17.894251
18.338960
17.936165
18.425310
18.005485
18.462107
18.070284
17.825476
17.860749
17.832287
17.904986
17.886435
17.937183
17.936346
18.010410
17.962578
18.078180
18.020401
18.103613
18.073216
18.146325
17.839877
18.284318
17.888071
18.305111
17.931159
18.371293
17.957528
18.430927
18.015431
18.456706
18.064711
18.505685
18.063359
17.975582
18.004822
17.998696
18.056195
18.005788
18.096096
18.047764
18.110038
18.082748
18.149786
18.075446
18.180794
17.987811
18.425969
17.992094
18.458383
18.037054
18.472120
18.069804
18.511119
18.063660
18.540018
18.075224
18.058564
18.131013
18.087981
18.129689
18.098797
18.156846
18.083149
18.176131
18.090017
18.149895
18.059976
18.491631
18.071618
18.523996
18.064458
18.540938
18.072706
18.515258
18.066846
18.120301
18.171014
18.095576
18.167918
18.089882
18.140013
18.077158
18.129470
18.046908
18.528910
18.058920
18.513794
18.049827
18.501193
17.990649
18.098426
18.125920
18.060610
18.104535
17.999940
18.077952
17.992923
18.482987
17.965069
18.458457
17.918056
17.989545
18.027583
17.922589
17.957388
17.851563
18.365130
17.801449
17.812092
17.829034
17.598281
17.246517
17.769028
17.005498
17.384791
16.652119
16.883028
16.179795
16.301116
15.526569
15.618747
14.804409
14.813062
14.067932
14.061521
13.325752
13.448487
12.756791
12.922230
12.382124
12.594298
12.060233
12.430410
11.907520
12.028333
12.761417
12.827695
13.823434
14.007482
15.092875
15.394642
16.330543
16.480648
17.309028
17.254348
17.888122
17.760176
18.249028
17.993511
18.473131
18.120646
18.530361
18.185633
18.537425
18.128498
18.540518
18.023367
17.568690
17.453810
17.754569
17.654874
17.888526
17.839346
17.992008
17.937295
18.101588
18.003822
18.135901
18.075539
18.152897
18.075350
18.181868
18.070136
18.141813
18.087292
18.112525
18.024070
18.108172
18.012642
17.269138
17.958959
17.501326
18.152814
17.686579
18.274279
17.865404
18.369686
17.955971
18.473374
18.016526
18.504611
18.080712
18.525031
18.069590
18.565420
18.058258
18.535958
18.066695
18.533868
18.000361
17.294132
17.278261
17.536881
17.498683
17.766682
17.680530
17.901166
17.858519
18.002275
17.946657
18.107621
18.010432
18.131891
18.082220
18.149181
18.076824
18.179068
18.075740
18.134751
18.085957
16.989353
17.667876
17.299006
17.907782
17.520672
18.137000
17.701980
18.267611
17.875230
18.372541
17.951160
18.480096
18.007971
18.508798
18.068743
18.534484
18.051104
18.575487
18.057339
16.953961
16.968833
17.269679
17.291994
17.530236
17.513239
17.767151
17.697872
17.897821
17.870070
18.001601
17.949407
18.105018
18.011542
18.122218
18.077388
18.146246
18.058585
16.625244
17.304604
16.973642
17.626225
17.307587
17.891796
17.529421
18.132456
17.708683
18.265761
17.874128
18.375065
17.938101
18.480426
17.993939
18.499922
18.063832
16.461897
16.592078
16.920001
16.958947
17.251710
17.301595
17.521399
17.521391
17.763306
17.706797
17.890668
17.872197
17.995759
17.936749
18.101195
17.995920
16.145114
16.796264
16.585781
17.273436
16.970157
17.608756
17.316177
17.889443
17.531065
18.132322
17.705526
18.257491
17.862694
18.364377
17.926355
15.888839
16.109890
16.417637
16.566670
16.902438
16.960521
17.238850
17.309894
17.517836
17.523308
17.758351
17.700593
17.883813
17.860526
15.490830
16.220661
16.107459
16.772327
16.577495
17.272113
16.977714
17.608700
17.319899
17.887364
17.523891
18.125153
17.696898
15.227530
15.462724
15.848095
16.096174
16.407504
16.565861
16.904855
16.971396
17.241367
17.316727
17.522234
17.521356
14.786809
15.580069
15.475873
16.220745
16.122988
16.793737
16.591931
17.290006
16.990461
17.616512
17.322649
14.450435
14.781309
15.229850
15.477453
15.862678
16.125822
16.440324
16.595935
16.933868
16.992847
14.092540
14.842174
14.824106
15.643855
15.534383
16.276748
16.171142
16.840274
16.617183
13.735261
14.126840
14.514461
14.847072
15.309142
15.561499
15.935224
16.186241
13.395442
14.176585
14.219949
14.980413
14.932284
15.751181
15.610761
13.154562
13.457112
13.863905
14.277198
14.665040
14.970369
12.856684
13.661175
13.593572
14.360786
14.361266
12.623112
12.925844
13.356718
13.660678
12.517773
13.176984
13.042780
12.251811
12.578054
12.224270
17.343678
17.538767
16.820617
16.825233
16.033650
15.823004
14.863427
14.550829
13.514260
13.234605
12.427072
12.354670
11.838328
12.064383
11.719879
12.100942
11.872998
12.272648
12.064268
12.528202
12.263600
12.728720
12.441143
12.542421
12.970675
12.586878
12.962972
12.625372
12.931396
12.580960
12.900912
12.504133
12.792138
12.420948
12.652005
12.262298
12.523464
12.079434
12.343880
11.932479
12.180521
11.765761
12.116677
11.697125
12.104846
11.768265
17.037231
17.002834
16.709661
16.561217
16.251770
16.009938
15.607776
15.331794
14.873192
14.506797
14.097855
13.711495
13.312188
13.040737
12.704236
12.471293
12.310441
12.114156
11.996864
11.922935
11.847323
11.740323
16.821478
17.066190
16.335885
16.495826
15.703655
15.803430
14.968066
14.952909
14.162243
14.111759
13.330233
13.384517
12.678461
12.783649
12.246027
12.420994
11.929105
12.258966
11.788382
12.125885
11.767328
16.455572
16.246057
15.845959
15.578831
15.117820
14.739256
14.291057
13.871196
13.411578
13.086652
12.703819
12.430650
12.228857
12.040360
11.896294
11.847600
11.755509
11.702030
11.743985
11.661654
16.062611
16.139361
15.299101
15.286436
14.457017
14.380218
13.537427
13.528133
12.766972
12.805881
12.238668
12.373256
11.879541
12.178503
11.743543
12.053647
11.731794
12.049715
11.708007
15.514757
15.167517
14.673912
14.244126
13.727331
13.345156
12.890892
12.555748
12.290772
12.062869
11.891256
11.836830
11.736032
11.706511
11.733498
11.707175
11.723840
11.759710
14.982714
14.857426
13.977892
13.899886
13.067934
13.025710
12.380446
12.450648
11.921693
12.175653
11.739791
12.044555
11.733702
12.056025
11.741208
12.139810
11.815262
14.269444
13.848489
13.296883
12.891693
12.518829
12.225283
11.980273
11.881857
11.752952
11.724439
11.730062
11.733196
11.752720
11.819727
11.840499
11.865963
13.633549
13.484450
12.731614
12.702968
12.081231
12.261436
11.782709
12.055525
11.730004
12.057730
11.756440
12.153955
11.861908
12.231918
11.983577
12.994553
12.604458
12.217587
12.042772
11.826450
11.762276
11.725661
11.735690
11.742653
11.827805
11.861647
11.916052
12.000328
12.040400
12.459814
12.512946
11.929018
12.122451
11.744445
12.044182
11.731221
12.126923
11.853234
12.229221
12.008078
12.381852
12.116351
12.065627
11.896161
11.766782
11.737898
11.702887
11.789175
11.816569
11.889479
11.984345
12.053977
12.113583
12.212115
11.864504
12.077009
11.706641
12.071769
11.787153
12.162058
11.955550
12.340137
12.099767
12.524289
12.273929
11.712109
11.743865
11.736196
11.801669
11.892141
11.977708
12.047560
12.174608
12.243287
12.321051
11.726241
12.062163
11.841672
12.226148
11.994801
12.434837
12.203115
12.603161
12.403134
11.767806
11.845678
11.905642
12.046249
12.121378
12.223868
12.342011
12.431125
11.834529
12.277425
12.043682
12.461712
12.274624
12.686250
12.454764
11.942406
12.046023
12.169719
12.273687
12.363604
12.506639
12.070422
12.498368
12.267919
12.743646
12.498576
12.153686
12.299805
12.383199
12.499521
12.262553
12.730848
12.511416
12.388137
12.488530
12.458006
17.447934
18.204498
17.664914
18.285822
17.845604
18.368581
17.947583
18.468614
18.014363
18.502417
18.085288
18.517422
18.083214
18.547699
18.068088
18.514176
18.070259
18.492354
18.003262
18.510581
17.963372
18.447645
17.916906
17.064561
17.002461
17.007730
16.983860
17.023589
17.026750
17.035085
17.099556
17.124394
17.172851
17.236049
17.314492
17.339099
17.464430
17.491991
17.589224
17.634813
17.749769
17.725642
17.896702
17.814202
18.003822
17.074259
17.456138
17.079810
17.449255
17.077495
17.479448
17.147063
17.517418
17.239150
17.633873
17.326777
17.768997
17.471682
17.891680
17.614364
18.062468
17.713933
18.233823
17.832318
18.347436
17.953351
17.234654
17.218014
17.216582
17.238839
17.253893
17.261403
17.309348
17.354363
17.363319
17.461296
17.479857
17.557041
17.599165
17.702140
17.685080
17.842510
17.802270
17.925683
17.913459
18.016806
17.271182
17.676389
17.295505
17.667320
17.333608
17.727516
17.374178
17.806050
17.479597
17.884213
17.590066
18.021673
17.675035
18.163172
17.795725
18.263259
17.912393
18.383482
17.964777
17.437996
17.424269
17.455411
17.473012
17.468458
17.530866
17.543820
17.587275
17.624452
17.701320
17.687844
17.817173
17.793409
17.896405
17.895479
18.000724
17.941069
18.096804
17.495384
17.889634
17.494224
17.921051
17.558468
17.953206
17.627756
18.049206
17.685294
18.152294
17.788042
18.230592
17.887874
18.342480
17.940193
18.450872
18.010804
17.618456
17.664738
17.664320
17.680130
17.707946
17.757666
17.739798
17.838515
17.819783
17.898367
17.899357
17.992660
17.941411
18.080246
18.007608
18.106384
17.687845
18.077529
17.721097
18.135983
17.744633
18.199170
17.819923
18.249204
17.894066
18.338999
17.936430
18.425475
18.005147
18.462806
18.070056
17.825427
17.860530
17.832469
17.904815
17.886232
17.937340
17.936210
18.010080
17.962860
18.077923
18.020132
18.103808
18.073058
18.145891
17.840015
18.284406
17.887887
18.305521
17.931032
18.371319
17.957763
18.431065
18.015151
18.457307
18.064522
18.505745
18.063637
17.975432
18.004926
17.998597
18.055929
18.006002
18.095888
18.047524
18.110209
18.082600
18.149414
18.075744
18.180513
17.987737
18.425986
17.992279
18.458501
18.036837
18.472618
18.069660
18.511165
18.063914
18.540188
18.074932
18.058711
18.130862
18.087784
18.129821
18.098665
18.156537
18.083386
18.175897
18.089761
18.150059
18.059819
18.492010
18.071518
18.524039
18.064679
18.541086
18.072467
18.515809
18.066695
18.120201
18.170778
18.095748
18.167728
18.089652
18.140155
18.077016
18.129134
18.047074
18.529033
18.058741
18.514255
18.049712
18.501255
17.990879
18.098243
18.126031
18.060473
18.104259
18.000127
18.077745
17.992834
18.483055
17.965267
18.458612
17.917854
17.989672
18.027408
17.922370
17.957505
17.851415
18.365562
17.801346
17.811940
17.828796
17.598435
17.246406
17.769131
17.005644
17.384934
16.651956
16.883427
16.179698
16.301188
15.526739
15.618891
14.804246
14.813483
14.067840
14.061620
13.325931
13.448659
12.756643
12.922685
12.382018
12.594456
12.060384
12.430626
11.907361
12.028054
12.761634
12.827707
13.823657
14.007132
15.093427
15.394336
16.330693
16.480698
17.309278
17.253911
17.888802
17.759833
18.249178
17.993614
18.473425
18.120113
18.531188
18.185222
18.537608
18.128616
18.540908
18.022748
17.568778
17.453628
17.754393
17.655061
17.888240
17.839218
17.992146
17.937047
18.101341
18.004077
18.135505
18.075360
18.153063
18.075018
18.181534
18.070436
18.141314
18.087049
18.112696
18.023677
18.107745
18.012963
17.269000
17.959400
17.501105
18.152981
17.686766
18.274357
17.865261
18.370255
17.955712
18.473572
18.016815
18.504697
18.080557
18.525753
18.069289
18.565674
18.058614
18.536099
18.066491
18.534763
17.999976
17.293888
17.278147
17.536993
17.498472
17.766472
17.680749
17.900826
17.858372
18.002417
17.946375
18.107328
18.010712
18.131433
18.082027
18.149329
18.076479
18.178678
18.076077
18.134178
18.085750
16.989493
17.667958
17.298867
17.908276
17.520435
18.137186
17.702209
18.267700
17.875082
18.373182
17.950881
18.480332
18.008283
18.508919
18.068567
18.535286
18.050760
18.575805
18.057669
16.953767
16.969014
17.269390
17.291870
17.530351
17.513003
17.766899
17.698117
17.897423
17.869911
18.001729
17.949106
18.104675
18.011850
18.121700
18.077208
18.146363
18.058245
16.625045
17.304760
16.973815
17.626311
17.307445
17.892351
17.529168
18.132670
17.708941
18.265874
17.873971
18.375776
17.937797
18.480708
17.994248
18.500077
18.063644
16.461969
16.591891
16.919776
16.959153
17.251370
17.301461
17.521506
17.521135
17.763008
17.707064
17.890215
17.872038
17.995865
17.936445
18.100821
17.996236
16.144986
16.796720
16.585561
17.273616
16.970361
17.608860
17.316032
17.890060
17.530798
18.132573
17.705798
18.257633
17.862527
18.365127
17.926043
15.888545
16.109782
16.417709
16.566462
16.902174
16.960749
17.238458
17.309753
17.517924
17.523042
17.758017
17.700874
17.883332
17.860362
15.490983
16.220747
16.107323
16.772843
16.577262
17.272326
16.977940
17.608831
17.319750
17.888029
17.523616
18.125423
17.697176
15.227299
15.462916
15.847759
16.096055
16.407566
16.565637
16.904552
16.971636
17.240939
17.316580
17.522314
17.521083
14.786607
15.580241
15.476049
16.220858
16.122848
16.794309
16.591693
17.290247
16.990702
17.616658
17.322499
14.450480
14.781130
15.229584
15.477658
15.862303
16.125689
16.440374
16.595698
16.933547
16.993092
14.092408
14.842654
14.823896
15.644059
15.534582
16.276890
16.171004
16.840879
16.616945
13.734955
14.126733
14.514497
14.846875
15.308842
15.561705
15.934828
16.186102
13.395593
14.176715
14.219816
14.980946
14.932081
15.751408
15.610972
13.154315
13.457295
13.863564
14.277064
14.665065
14.970163
12.856499
13.661378
13.593749
14.360950
14.361135
12.623145
12.925672
13.356432
13.660851
12.517632
13.177495
13.042609
12.251522
12.577908
12.224398
17.246407
17.769134
17.005648
17.384938
16.651960
16.883432
16.179703
16.301194
15.526747
15.618897
14.804255
14.813491
14.067845
14.061629
13.325939
13.448663
12.756646
12.922688
12.382021
12.594458
12.060385
12.430626
11.907362
12.457998
12.488523
12.511409
12.499515
12.498569
12.506634
12.454757
12.431119
12.403128
12.321046
12.273923
12.212110
12.116346
12.040396
11.983573
11.865955
11.815264
11.759703
11.708007
11.661658
11.767329
11.740323
12.388129
12.730840
12.383191
12.743638
12.363598
12.686242
12.342004
12.603153
12.243281
12.524281
12.113577
12.381846
12.000322
12.231914
11.840488
12.139811
11.723832
12.049715
11.743989
12.125886
11.847323
12.262544
12.299797
12.267910
12.273679
12.274615
12.223861
12.203106
12.174601
12.099759
12.053970
12.008072
11.916045
11.861906
11.819714
11.741209
11.707168
11.731791
11.702035
11.788382
11.922935
12.153677
12.498358
12.169709
12.461702
12.121369
12.434827
12.047551
12.340127
11.984337
12.229213
11.861638
12.153950
11.752710
12.056022
11.733492
12.053640
11.755513
12.258966
11.996863
12.070412
12.046013
12.043672
12.046240
11.994790
11.977700
11.955539
11.889472
11.853223
11.827798
11.756431
11.733189
11.733695
11.706508
11.743534
11.847602
11.929106
12.114155
11.942395
12.277414
11.905631
12.226136
11.892133
12.162045
11.816560
12.126913
11.742644
12.057720
11.730053
12.044549
11.736027
12.178496
11.896291
12.420996
12.310441
11.834516
11.845667
11.841659
11.801659
11.787141
11.789164
11.731212
11.735678
11.729998
11.724425
11.739789
11.836823
11.879539
12.040355
12.246031
12.471295
11.767796
12.062149
11.736184
12.071756
11.702877
12.044169
11.725650
12.055518
11.752940
12.175648
11.891250
12.373255
12.228853
12.783651
12.704241
11.726226
11.743855
11.706627
11.737887
11.744435
11.762263
11.782703
11.881848
11.921686
12.062865
12.238665
12.430652
12.678461
13.040742
11.712099
12.076998
11.766768
12.122445
11.826438
12.261429
11.980267
12.450642
12.290770
12.805879
12.703820
13.384523
13.312190
11.864497
11.896149
11.929010
12.042765
12.081225
12.225278
12.380445
12.555745
12.766975
13.086651
13.330240
13.711501
12.065620
12.512940
12.217582
12.702964
12.518826
13.025709
12.890893
13.528135
13.411583
14.111762
14.097862
12.459811
12.604456
12.731614
12.891694
13.067936
13.345159
13.537432
13.871201
14.162251
14.506801
12.994555
13.484452
13.296886
13.899893
13.727335
14.380225
14.291063
14.952916
14.873199
13.633556
13.848496
13.977899
14.244135
14.457024
14.739264
14.968074
15.331801
14.269452
14.857434
14.673920
15.286446
15.117827
15.803438
15.607782
14.982725
15.167526
15.299110
15.578840
15.703663
16.009946
15.514766
16.139369
15.845967
16.495833
16.251775
16.062619
16.246065
16.335893
16.561222
16.455578
17.066196
16.709667
16.821483
17.002838
17.037234
17.658384
18.229654
17.898718
18.384550
18.073751
18.480781
18.150528
18.532187
18.147191
18.496452
18.113515
18.381966
17.998247
18.255785
17.814494
18.076462
17.638073
17.859411
17.435695
17.684018
17.222144
17.492007
17.008715
16.888977
17.243933
16.860637
17.234282
16.860069
17.201803
16.905557
17.261322
16.956221
17.360797
17.084344
17.467671
17.230700
17.642626
17.362181
17.824923
17.534541
17.980141
17.693835
18.168937
17.796557
18.351356
17.887719
17.598435
17.828796
17.801346
17.957505
17.917853
18.077745
17.990879
18.129133
18.066695
18.150059
18.074933
18.180513
18.063638
18.145892
18.070059
18.106388
18.010809
18.096807
17.964780
18.016807
17.953352
18.003822
17.811939
18.365560
17.922370
18.458612
18.000126
18.501255
18.077016
18.515808
18.089760
18.540189
18.075743
18.505746
18.073059
18.462806
18.007608
18.450874
17.941072
18.383486
17.913462
18.347438
17.814203
17.851415
18.027407
17.965266
18.104259
18.049711
18.140154
18.072468
18.175897
18.063915
18.149415
18.064523
18.103810
18.005150
18.080247
17.940193
18.000725
17.912396
17.925687
17.832322
17.896705
17.989671
18.483054
18.060472
18.514254
18.089651
18.541085
18.083386
18.511165
18.082600
18.457308
18.020132
18.425475
17.941413
18.342482
17.895479
18.263256
17.802267
18.233822
17.725641
17.992834
18.126030
18.058740
18.167728
18.064678
18.156537
18.069661
18.110210
18.015151
18.077926
17.936433
17.992660
17.887877
17.896410
17.795730
17.842513
17.713934
17.749769
18.098242
18.529033
18.095747
18.524039
18.098665
18.472617
18.047525
18.431065
17.962857
18.339000
17.899360
18.230592
17.793406
18.163173
17.685084
18.062475
17.634818
18.047073
18.170778
18.071518
18.129822
18.036838
18.095889
17.957765
18.010083
17.894066
17.898366
17.788046
17.817176
17.675034
17.702137
17.614363
17.589226
18.120200
18.492010
18.087784
18.458501
18.006003
18.371321
17.936212
18.249207
17.819785
18.152295
17.687845
18.021675
17.599167
17.891679
17.491988
18.059819
18.130863
17.992281
18.055930
17.931032
17.937342
17.819925
17.838517
17.685298
17.701325
17.590070
17.557044
17.471687
17.464437
18.058711
18.425987
17.998600
18.305522
17.886233
18.199172
17.739799
18.049205
17.624450
17.884213
17.479858
17.768994
17.339093
17.987737
18.004926
17.887890
17.904818
17.744635
17.757671
17.627763
17.587279
17.479600
17.461299
17.326782
17.314498
17.975433
18.284406
17.832469
18.135984
17.707945
17.953206
17.543823
17.806052
17.363321
17.633875
17.236050
17.840018
17.860532
17.721102
17.680134
17.558469
17.530869
17.374180
17.354364
17.239153
17.172854
17.825429
18.077531
17.664324
17.921056
17.468462
17.727520
17.309353
17.517421
17.124398
17.687848
17.664737
17.494225
17.473014
17.333607
17.261404
17.147065
17.099556
17.618462
17.889638
17.455416
17.667325
17.253897
17.479451
17.035091
17.495387
17.424270
17.295507
17.238843
17.077497
17.026751
17.438000
17.676391
17.216584
17.449259
17.023592
17.271187
17.218018
17.079813
16.983864
17.234657
17.456141
17.007733
17.074262
17.002465
17.064565
17.447934
18.204499
17.664915
18.285822
17.845603
18.368581
17.947582
18.468612
18.014361
18.502417
18.085287
18.517420
18.083213
18.547700
18.068090
18.514178
18.070261
18.492356
18.003262
18.510581
17.963371
18.447645
17.916905
12.224399
12.577908
13.042609
13.660852
14.361135
14.970164
15.610972
16.186102
16.616944
16.993092
17.322498
17.521083
17.697175
17.860362
17.926042
17.996237
18.063643
18.058246
18.057669
18.085752
17.999976
18.012964
12.251522
13.177495
13.356432
14.360951
14.665066
15.751409
15.934829
16.840879
16.933547
17.616658
17.522314
18.125422
17.883331
18.365126
18.100821
18.500077
18.146364
18.575806
18.134180
18.534764
18.107746
12.517633
12.925673
13.593751
14.277067
14.932083
15.561706
16.171004
16.595699
16.990701
17.316580
17.523615
17.700873
17.862525
17.936445
17.994247
18.077210
18.050761
18.076080
18.066492
18.023679
12.623148
13.661381
13.863569
14.980950
15.308845
16.276891
16.440375
17.290247
17.240939
17.888028
17.758016
18.257632
17.995865
18.480708
18.121701
18.535288
18.178681
18.536101
18.112698
12.856506
13.457302
14.219822
14.846880
15.534584
16.125691
16.591693
16.971636
17.319748
17.523041
17.705796
17.872038
17.937797
18.011852
18.068569
18.076482
18.058616
18.087052
13.154323
14.176724
14.514504
15.644064
15.862305
16.794310
16.904552
17.608830
17.517923
18.132572
17.890215
18.375776
18.104676
18.508921
18.149331
18.565675
18.141315
13.395600
14.126740
14.823901
15.477660
16.122848
16.565637
16.977939
17.309753
17.530798
17.707066
17.873971
17.949107
18.008282
18.082028
18.069289
18.070438
13.734960
14.842660
15.229588
16.220861
16.407568
17.272327
17.238459
17.890061
17.763008
18.265874
18.001729
18.480331
18.131432
18.525753
18.181535
14.092415
14.781138
15.476053
16.096059
16.577263
16.960749
17.316030
17.521133
17.708937
17.869909
17.950877
18.010711
18.080556
18.075020
14.450487
15.580247
15.847761
16.772844
16.902174
17.608858
17.521503
18.132668
17.897421
18.373181
18.107328
18.504698
18.153064
14.786611
15.462920
16.107324
16.566464
16.970361
17.301463
17.529168
17.698118
17.875082
17.946376
18.016814
18.075360
15.227307
16.220755
16.417715
17.273621
17.251372
17.892352
17.766898
18.267698
18.002414
18.473568
18.135503
15.490988
16.109787
16.585562
16.959153
17.307441
17.512998
17.702202
17.858367
17.955707
18.004075
15.888549
16.796723
16.919777
17.626310
17.530349
18.137184
17.900824
18.370254
18.101341
16.144992
16.591896
16.973817
17.291872
17.520434
17.680749
17.865260
17.937047
16.461972
17.304762
17.269390
17.908275
17.766471
18.274355
17.992143
16.625048
16.969015
17.298867
17.498472
17.686764
17.839218
16.953771
17.667961
17.536994
18.152982
17.888241
16.989495
17.278149
17.501105
17.655061
17.293890
17.959401
17.754393
17.269003
17.453630
17.568779
12.542421
12.970669
12.586860
12.962964
12.625397
12.931303
12.581016
12.900864
12.504098
12.792091
12.421023
12.651800
12.262407
12.523369
12.079383
12.343783
11.932607
12.180190
11.765923
12.116513
11.697073
12.104640
11.768474
12.698465
12.663337
12.745290
12.701069
12.724167
12.722533
12.676979
12.651735
12.620316
12.539594
12.480661
12.424920
12.303544
12.240658
12.144547
12.038443
11.938838
11.892212
11.752539
11.749734
11.677885
11.776349
12.778015
13.156828
12.793791
13.188702
12.793294
13.133184
12.779667
13.046660
12.675596
12.954500
12.523976
12.788818
12.375631
12.589792
12.167147
12.427679
11.942289
12.247642
11.788418
12.108752
11.677888
12.863024
12.912846
12.912872
12.907376
12.932504
12.872388
12.855959
12.821474
12.732575
12.684033
12.600526
12.497006
12.400392
12.322779
12.165746
12.106672
11.974033
11.884358
11.788418
11.749736
12.953807
13.333135
13.010796
13.331384
12.976626
13.309129
12.898835
13.197526
12.803931
13.036053
12.628658
12.875120
12.404229
12.661482
12.201751
12.423922
11.974034
12.247644
11.752540
13.074332
13.069132
13.086785
13.094976
13.052111
13.030629
12.991930
12.909301
12.842659
12.774080
12.636618
12.569795
12.439119
12.320636
12.201751
12.106673
11.942289
11.892217
13.126285
13.504549
13.135488
13.477773
13.120107
13.396492
13.017699
13.293110
12.848346
13.112369
12.671404
12.876355
12.439120
12.661483
12.165747
12.427681
11.938839
13.194780
13.224477
13.227058
13.191453
13.165468
13.131459
13.037152
12.989269
12.886472
12.777910
12.671405
12.569795
12.404229
12.322781
12.167149
12.038446
13.271336
13.593436
13.256107
13.576435
13.175155
13.473501
13.069196
13.299853
12.886473
13.112368
12.636620
12.875121
12.400393
12.589795
12.144551
13.309935
13.329666
13.278744
13.273448
13.213358
13.141386
13.069196
12.989270
12.848348
12.774079
12.628661
12.497008
12.375633
12.240662
13.325452
13.668954
13.310335
13.586633
13.213358
13.473503
13.037151
13.293111
12.842663
13.036051
12.600532
12.788820
12.303547
13.359237
13.341663
13.310336
13.273448
13.175155
13.131463
13.017697
12.909302
12.803936
12.684032
12.523981
12.424924
13.359239
13.668954
13.278747
13.576434
13.165468
13.396497
12.991929
13.197528
12.732580
12.954501
12.480666
13.325455
13.329665
13.256110
13.191453
13.120109
13.030634
12.898835
12.821477
12.675600
12.539598
13.309940
13.593435
13.227061
13.477775
13.052114
13.309132
12.855963
13.046663
12.620321
13.271340
13.224476
13.135491
13.094980
12.976627
12.872391
12.779672
12.651739
13.194783
13.504550
13.086790
13.331387
12.932508
13.133188
12.676984
13.126288
13.069136
13.010799
12.907379
12.793299
12.722538
13.074335
13.333138
12.912875
13.188706
12.724172
12.953810
12.912850
12.793796
12.701074
12.863029
13.156833
12.745295
12.778020
12.663342
12.698471
12.603572
13.085268
12.827159
13.304948
13.014287
13.437085
13.198822
13.578395
13.296387
13.675557
13.374599
13.684904
13.374597
13.675554
13.296385
13.578393
13.198820
13.437082
13.014284
13.304944
12.827154
13.085262
12.603566
12.542414
12.970669
12.586872
12.962967
12.625366
12.931390
12.580955
12.900906
12.504128
12.792131
12.420943
12.652000
12.262292
12.523459
12.079430
12.343877
11.932472
12.180522
11.765756
12.116677
11.697127
12.104847
11.768264
12.698464
12.663338
12.745263
12.701109
12.724113
12.722523
12.676992
12.651699
12.620240
12.539666
12.480553
12.424873
12.303573
12.240583
12.144418
12.038542
11.938678
11.892119
11.752580
11.749617
11.677690
11.776460
12.778018
13.156864
12.793773
13.188729
12.793320
13.133214
12.779625
13.046798
12.675523
12.954569
12.524016
12.788889
12.375533
12.590045
12.167017
12.427798
11.942334
12.247780
11.788247
12.109150
11.677690
12.863013
12.912846
12.912877
12.907361
12.932461
12.872435
12.855890
12.821448
12.732594
12.683984
12.600431
12.497086
12.400269
12.322714
12.165779
12.106588
11.973878
11.884467
11.788245
11.749618
12.953816
13.333147
13.010779
13.331455
12.976585
13.309169
12.898859
13.197573
12.803864
13.036230
12.628562
12.875204
12.404263
12.661578
12.201617
12.424222
11.973877
12.247780
11.752577
13.074325
13.069151
13.086758
13.094967
13.052123
13.030603
12.991868
12.909357
12.842574
12.774037
12.636642
12.569737
12.439001
12.320727
12.201616
12.106588
11.942332
11.892119
13.126281
13.504564
13.135499
13.477798
13.120071
13.396600
13.017637
13.293163
12.848371
13.112433
12.671307
12.876572
12.439001
12.661577
12.165777
12.427796
11.938674
13.194781
13.224469
13.227031
13.191483
13.165421
13.131436
13.037168
12.989233
12.886391
12.777978
12.671306
12.569736
12.404262
12.322713
12.167015
12.038540
13.271331
13.593474
13.256081
13.576462
13.175169
13.473540
13.069134
13.299995
12.886391
13.112432
12.636643
12.875201
12.400267
12.590043
12.144415
13.309928
13.329660
13.278751
13.273430
13.213313
13.141427
13.069133
12.989233
12.848370
12.774034
12.628563
12.497084
12.375529
12.240579
13.325457
13.668968
13.310309
13.586704
13.213312
13.473540
13.037165
13.293164
12.842574
13.036226
12.600431
12.788885
12.303569
13.359229
13.341677
13.310309
13.273430
13.175167
13.131436
13.017634
12.909356
12.803862
12.683979
12.524014
12.424870
13.359229
13.668965
13.278752
13.576461
13.165418
13.396600
12.991865
13.197569
12.732594
12.954563
12.480550
13.325456
13.329655
13.256082
13.191481
13.120066
13.030603
12.898857
12.821443
12.675521
12.539661
13.309927
13.593469
13.227033
13.477795
13.052118
13.309169
12.855887
13.046794
12.620237
13.271331
13.224465
13.135499
13.094962
12.976583
12.872432
12.779621
12.651695
13.194782
13.504561
13.086754
13.331452
12.932459
13.133209
12.676988
13.126278
13.069147
13.010776
12.907358
12.793315
12.722518
13.074320
13.333144
12.912874
13.188724
12.724108
12.953813
12.912842
12.793768
12.701104
12.863010
13.156859
12.745258
12.778013
12.663332
12.698460
16.857754
17.089494
16.656339
16.843931
16.434749
16.574109
16.205225
16.372881
16.005070
16.217324
15.924211
16.140571
15.924210
16.217323
16.005072
16.372883
16.205227
16.574113
16.434750
16.843935
16.656342
17.089496
16.857757
16.888952
17.243956
16.860545
17.234266
16.860171
17.201534
16.905669
17.261327
16.956013
17.360748
17.084593
17.467132
17.230946
17.642591
17.361908
17.824807
17.534913
17.979366
17.694194
18.168771
17.796310
18.351056
17.888189
16.834916
16.812939
16.772698
16.764257
16.792152
16.795636
16.810926
16.866224
16.915587
16.946284
17.049191
17.099855
17.179960
17.263480
17.363297
17.405432
17.537098
17.576006
17.675118
17.715344
17.814466
17.807163
16.683815
16.992743
16.653987
16.969402
16.631229
16.998750
16.705750
17.050855
16.819236
17.196233
16.943600
17.369121
17.132936
17.540142
17.319976
17.760258
17.478633
17.965882
17.663672
18.143795
17.814465
16.595094
16.577180
16.532115
16.563589
16.567855
16.574537
16.646513
16.688136
16.746697
16.835450
16.928334
16.988526
17.117744
17.196488
17.289702
17.389942
17.491704
17.548443
17.663671
17.715345
16.454641
16.756684
16.425729
16.712678
16.455079
16.785231
16.520400
16.910060
16.687404
17.060596
16.877987
17.288294
17.063222
17.516311
17.290702
17.726426
17.491703
17.965883
17.675119
16.364358
16.331155
16.337576
16.347395
16.354641
16.423391
16.485179
16.538744
16.657143
16.744747
16.838649
16.959732
17.074748
17.159411
17.290701
17.389944
17.478630
17.576005
16.255214
16.514289
16.203533
16.530354
16.281802
16.605129
16.420087
16.795235
16.593023
17.018069
16.838789
17.244495
17.074748
17.516312
17.289700
17.760263
17.537095
16.133051
16.148864
16.144206
16.158812
16.229188
16.298939
16.366595
16.487792
16.600483
16.696168
16.838790
16.959731
17.063223
17.196490
17.319973
17.405439
16.058681
16.304780
16.069563
16.382282
16.154789
16.536455
16.362686
16.736572
16.600483
17.018070
16.838652
17.288293
17.117745
17.540146
17.363291
15.991991
16.002885
16.003106
16.084018
16.154731
16.235218
16.362686
16.487793
16.593022
16.744747
16.877991
16.988527
17.132935
17.263487
15.918450
16.220822
15.996247
16.310477
16.154733
16.536454
16.366596
16.795238
16.657143
17.060596
16.928339
17.369124
17.179960
15.912807
15.931838
15.996250
16.084014
16.154794
16.298938
16.420087
16.538747
16.687405
16.835450
16.943603
17.099859
15.912807
16.220819
16.003114
16.382276
16.229196
16.605127
16.485182
16.910060
16.746702
17.196233
17.049193
15.918452
16.002882
16.069572
16.158805
16.281810
16.423389
16.520407
16.688132
16.819240
16.946287
15.991996
16.304778
16.144211
16.530355
16.354642
16.785231
16.646520
17.050854
16.915588
16.058686
16.148863
16.203534
16.347400
16.455081
16.574537
16.705754
16.866227
16.133052
16.514295
16.337574
16.712682
16.567860
16.998750
16.810928
16.255215
16.331163
16.425728
16.563592
16.631231
16.795641
16.364359
16.756687
16.532120
16.969403
16.792153
16.454645
16.577182
16.653990
16.764261
16.595100
16.992743
16.772703
16.683819
16.812942
16.834921
16.888974
17.243930
16.860635
17.234281
16.860064
17.201802
16.905554
17.261318
16.956220
17.360794
17.084340
17.467671
17.230695
17.642632
17.362172
17.824928
17.534536
17.980138
17.693834
18.168938
17.796555
18.351356
17.887718
16.834907
16.812935
16.772588
16.764388
16.792026
16.795532
16.811058
16.866124
16.915337
16.946578
17.048940
17.099666
17.180190
17.263309
17.362932
17.405834
17.536739
17.575760
17.675364
17.715116
17.814010
17.807566
16.683816
16.992834
16.653954
16.969390
16.631371
16.998771
16.705586
17.051243
16.819054
17.196246
16.943838
17.369187
17.132624
17.540791
17.319654
17.760352
17.478893
17.966048
17.663247
18.144681
17.814010
16.595052
16.577149
16.532165
16.563541
16.567698
16.574739
16.646330
16.688001
16.746879
16.835318
16.928039
16.988886
17.117436
17.196290
17.289950
17.389747
17.491306
17.548881
17.663247
17.715116
16.454689
16.756690
16.425667
16.712880
16.454977
16.785229
16.520580
16.910087
16.687174
17.061094
16.877728
17.288336
17.063470
17.516396
17.290340
17.727171
17.491305
17.966047
17.675364
16.364313
16.331228
16.337485
16.347327
16.354744
16.423303
16.484972
16.539017
16.656906
16.744596
16.838869
16.959571
17.074419
17.159818
17.290339
17.389749
17.478889
17.575758
16.255209
16.514287
16.203622
16.530361
16.281672
16.605441
16.419910
16.795246
16.593226
17.018104
16.838504
17.245087
17.074419
17.516396
17.289948
17.760356
17.536734
16.133062
16.148832
16.144102
16.158955
16.229039
16.298839
16.366750
16.487674
16.600238
16.696500
16.838505
16.959570
17.063469
17.196291
17.319648
17.405839
16.058664
16.304887
16.069483
16.382275
16.154912
16.536460
16.362491
16.736988
16.600238
17.018104
16.838870
17.288334
17.117435
17.540793
17.362925
15.991953
16.002847
16.003169
16.083947
16.154579
16.235431
16.362491
16.487674
16.593224
16.744594
16.877731
16.988884
17.132622
17.263313
15.918476
16.220815
15.996152
16.310686
16.154581
16.536458
16.366750
16.795246
16.656905
17.061090
16.928042
17.369185
17.180187
15.912769
15.931906
15.996153
16.083943
16.154916
16.298835
16.419910
16.539015
16.687174
16.835314
16.943838
17.099665
15.912770
16.220812
16.003173
16.382268
16.229043
16.605438
16.484969
16.910084
16.746879
17.196244
17.048937
15.918479
16.002840
16.069489
16.158949
16.281672
16.423302
16.520579
16.687997
16.819052
16.946577
15.991954
16.304878
16.144107
16.530356
16.354743
16.785223
16.646334
17.051238
16.915335
16.058662
16.148830
16.203618
16.347326
16.454976
16.574731
16.705588
16.866121
16.133061
16.514288
16.337477
16.712881
16.567696
16.998768
16.811055
16.255202
16.331229
16.425663
16.563538
16.631369
16.795531
16.364308
16.756689
16.532162
16.969388
16.792021
16.454687
16.577143
16.653954
16.764385
16.595051
16.992830
16.772585
16.683815
16.812930
16.834905

