Tension at each vertex
17.934026
17.934032
17.934561
17.934563
12.874182
17.403195
12.874174
17.403200
12.192298
12.192939
18.503845
18.505382
17.234418
17.428644
16.722397
16.745142
15.964199
15.770517
14.816913
14.497727
13.443683
13.138854
12.307671
12.220631
11.701641
11.929645
11.594411
11.981321
11.758209
12.161725
11.954145
12.416848
12.150502
12.616900
12.318765
17.172160
16.817241
16.662415
16.194052
15.825875
15.261699
14.666064
13.961518
13.332500
12.653815
12.202468
11.851751
11.653289
11.580029
11.608493
11.643300
11.749386
11.860257
11.931960
12.065762
12.136179
12.284355
17.234217
17.320000
16.636388
16.660502
15.793323
15.602834
14.632956
14.250262
13.247764
12.972521
12.147263
12.159776
11.674906
11.900203
11.611898
12.005493
11.742405
12.196603
11.956372
12.401146
12.136141
17.134982
16.859372
16.578753
16.138545
15.756943
15.102647
14.528032
13.801285
13.136489
12.524090
12.109101
11.766472
11.650072
11.591374
11.592661
11.677918
11.766227
11.847364
11.956412
12.065778
17.155184
17.293852
16.625805
16.550589
15.716570
15.500144
14.463305
14.114402
13.109963
12.822142
12.073472
12.115604
11.627901
11.924775
11.620050
11.989612
11.766176
12.196606
11.931911
17.192167
16.792919
16.564913
16.112412
15.652357
15.024774
14.426118
13.651308
13.044056
12.442877
12.025045
11.752997
11.643377
11.570211
11.620092
11.677941
11.742445
11.860264
17.150143
17.302367
16.547054
16.515677
15.662907
15.383288
14.386366
14.024869
12.998201
12.780821
12.038238
12.073615
11.643312
11.924781
11.592605
12.005462
11.749383
17.141834
16.795622
16.565564
16.040806
15.623148
14.970764
14.332255
13.610884
13.002380
12.389469
12.038278
11.753023
11.627949
11.591380
11.611995
11.643283
17.171509
17.246383
16.541858
16.495017
15.591656
15.360956
14.345899
13.965957
13.002320
12.780830
12.024987
12.115571
11.650068
11.900124
11.608473
17.152844
16.807621
16.520622
16.042683
15.606857
14.921761
14.345936
13.610912
12.998241
12.442879
12.073575
11.766446
11.674987
11.580092
17.139275
17.255041
16.540230
16.456351
15.606809
15.360959
14.332196
14.024826
13.044058
12.822054
12.109078
12.159762
11.653219
17.160281
16.780418
16.540262
16.042705
15.591685
14.970766
14.386468
13.651277
13.110043
12.524148
12.147290
11.851784
17.160258
17.255038
16.520575
16.494978
15.623159
15.383183
14.426099
14.114372
13.136408
12.972452
12.202508
17.139290
16.807628
16.541946
16.040762
15.662988
15.024830
14.463323
13.801314
13.247909
12.653759
17.152870
17.246268
16.565575
16.515640
15.652275
15.500060
14.528075
14.250070
13.332511
17.171595
16.795668
16.547056
16.112445
15.716719
15.102577
14.633076
13.961606
17.141773
17.302291
16.564978
16.550367
15.756967
15.602765
14.665955
17.150277
16.792827
16.625938
16.138638
15.793319
15.261756
17.192248
17.293770
16.578648
16.660369
15.825966
17.155155
16.859443
16.636594
16.193948
17.135111
17.319649
16.662487
17.234402
16.817385
17.172045
17.233775
17.753844
17.244069
17.832735
17.250076
17.761749
17.300105
17.758865
17.270824
17.770838
17.292659
17.744417
17.292647
17.770868
17.270879
17.758915
17.300064
17.761990
17.250004
17.832852
17.244205
17.753988
17.233654
17.541128
18.104920
17.774567
18.269301
17.958288
18.377386
18.049849
18.443034
18.061477
18.421985
18.041328
18.320302
17.936695
18.203500
17.761150
18.030789
17.590648
17.819328
17.392423
17.648719
17.184412
17.467475
16.974380
17.526800
17.520665
17.782152
17.747579
17.924386
17.910388
18.001898
17.971335
18.046593
17.948638
18.001999
17.901649
17.879750
17.780375
17.752644
17.600543
17.575010
17.434974
17.367936
17.251036
17.181022
17.091586
17.585418
18.070485
17.786898
18.295414
17.944256
18.394461
18.059612
18.417855
18.074701
18.413986
18.003293
18.323007
17.910526
18.161637
17.754291
18.012863
17.552873
17.829197
17.375314
17.645426
17.181023
17.507428
17.600683
17.763279
17.781397
17.958164
17.897733
18.035520
17.980429
18.029903
17.967081
18.000845
17.871286
17.889898
17.763957
17.717304
17.608738
17.561978
17.417191
17.375135
17.251095
17.526023
18.076371
17.824166
18.264059
17.969875
18.404962
18.035348
18.437252
18.070236
18.384074
18.011808
18.312775
17.873602
18.170251
17.735823
17.988206
17.561973
17.829282
17.368039
17.575558
17.568149
17.795624
17.813272
17.940337
17.928392
18.047144
17.957927
18.053978
17.965033
17.977975
17.888100
17.887328
17.739620
17.735693
17.608783
17.552817
17.434905
17.536015
18.107138
17.789156
18.285045
17.981245
18.375765
18.055449
18.434000
18.038052
18.399169
18.002397
18.287816
17.887307
18.170320
17.717382
18.012857
17.575007
17.536152
17.592631
17.822364
17.788203
17.969742
17.936622
18.025305
17.981547
18.056145
17.940389
18.002304
17.888130
17.873578
17.763887
17.754170
17.600698
17.565106
18.068762
17.811115
18.294737
17.953378
18.399611
18.053908
18.407734
18.056119
18.399224
17.978030
18.312771
17.889891
18.161866
17.752503
17.552818
17.615061
17.796547
17.814748
17.977244
17.911968
18.053857
17.981565
18.038047
17.964969
18.011727
17.871398
17.910298
17.780368
17.539364
18.087178
17.820066
18.268659
17.977215
18.399649
18.025334
18.434001
18.053960
18.384264
18.000718
18.323122
17.879872
17.562275
17.592944
17.820054
17.814750
17.953391
17.936576
18.055392
17.958013
18.070067
17.967066
18.003324
17.901530
17.562246
18.087196
17.796552
18.294753
17.969701
18.375921
18.047035
18.437348
18.029990
18.414023
18.001904
17.539394
17.615039
17.811075
17.788271
17.981135
17.928369
18.035383
17.980326
18.074553
17.948819
17.552750
18.068892
17.822269
18.285118
17.940390
18.405010
18.035428
18.418184
18.046398
17.565049
17.592598
17.789201
17.813200
17.969755
17.897873
18.059389
17.971276
17.536171
18.107201
17.795514
18.264338
17.958002
18.394591
18.002015
17.535920
17.568262
17.824013
17.781333
17.944318
17.910249
17.575416
18.076476
17.763352
18.295506
17.924245
17.526094
17.600587
17.786730
17.747746
17.507258
18.070866
17.781954
17.585244
17.520558
17.526871
17.122596
17.656869
16.890385
17.287394
16.552743
16.803234
16.095418
16.236905
15.455389
15.559852
14.733959
14.747831
13.981334
13.977327
13.218465
13.339814
12.631532
12.798660
12.243722
12.463165
11.919893
12.300364
11.773155
12.330568
12.372478
12.390763
12.383933
12.380864
12.393454
12.340145
12.318501
12.290082
12.208399
12.162098
12.096359
12.002736
11.920320
11.866013
11.739298
11.694162
11.625340
11.582769
11.521007
11.639874
11.586606
12.272467
12.617486
12.270568
12.634558
12.251551
12.579219
12.231084
12.498469
12.133730
12.418350
12.002996
12.274080
11.886233
12.118993
11.723356
12.020536
11.602432
11.925327
11.620123
11.996783
11.717871
12.145802
12.192297
12.155397
12.168810
12.165667
12.120464
12.096374
12.068467
11.992959
11.945338
11.897781
11.799867
11.747327
11.693532
11.619871
11.573213
11.604856
11.562405
11.659187
11.778415
12.042259
12.390835
12.063075
12.356974
12.016038
12.329969
11.942634
12.235429
11.876080
12.119847
11.750569
12.037427
11.634610
11.933447
11.609579
11.925724
11.629174
12.130909
11.864456
11.955836
11.940149
11.933689
11.942029
11.886599
11.873434
11.845940
11.780163
11.741938
11.710171
11.638289
11.607268
11.607259
11.571696
11.613535
11.708575
11.797681
11.976180
11.830884
12.167157
11.796647
12.116755
11.782196
12.049287
11.704987
12.008154
11.625045
11.934190
11.605894
11.914907
11.609138
12.048638
11.768142
12.297406
12.182982
11.716816
11.732979
11.723753
11.687841
11.669680
11.670910
11.609604
11.611856
11.602986
11.592700
11.610875
11.701344
11.750343
11.909787
12.119318
12.345240
11.646553
11.941062
11.615216
11.946443
11.579259
11.915095
11.597688
11.921377
11.625208
12.042335
11.766920
12.250294
12.112330
12.671602
12.594180
11.597024
11.615145
11.575597
11.608789
11.612618
11.630903
11.653424
11.751301
11.797267
11.942308
12.124626
12.321892
12.574529
12.936829
11.578629
11.942839
11.633052
11.987933
11.698660
12.130762
11.860348
12.334792
12.186563
12.710110
12.616486
13.302352
13.226460
11.727056
11.763566
11.801218
11.919451
11.967257
12.120358
12.285527
12.471530
12.692080
13.017919
13.258821
13.639590
11.938079
12.391399
12.108780
12.604130
12.434034
12.952269
12.831873
13.478454
13.363988
14.067031
14.037424
12.351472
12.510452
12.654930
12.830908
13.024015
13.311691
13.509036
13.844593
14.122058
14.455661
12.913202
13.422965
13.255753
13.873972
13.710669
14.371601
14.273139
14.929703
14.826162
13.580907
13.814291
13.964290
14.241873
14.454689
14.730121
14.940618
15.283573
14.229466
14.840597
14.663596
15.284222
15.102601
15.778284
15.552314
14.945218
15.146097
15.285905
15.558147
15.664069
15.950988
15.465408
16.104392
15.802586
16.452561
16.175771
15.999119
16.192580
16.270025
16.482432
16.367029
16.989008
16.612540
16.725864
16.905169
16.916049
17.541345
18.104759
17.774495
18.269130
17.958553
18.376952
18.050044
18.442967
18.061403
18.421839
18.041615
18.319912
17.936889
18.203462
17.761129
18.030661
17.590936
17.819049
17.392600
17.648709
17.184503
17.467369
16.974613
16.852751
17.229224
16.832489
17.211724
16.833517
17.179372
16.876124
17.238697
16.926458
17.336123
17.054228
17.442062
17.198649
17.616333
17.328301
17.795037
17.497882
17.945830
17.649878
18.128303
17.745083
18.303196
17.829493
17.460564
17.707551
17.665146
17.838086
17.788231
17.964458
17.870081
18.025994
17.956327
18.055531
17.977075
18.094752
17.974246
18.070501
17.988305
18.036178
17.938560
18.031808
17.895907
17.960436
17.887209
17.945310
17.687886
18.245224
17.799285
18.347619
17.884251
18.402065
17.970921
18.426005
17.995070
18.458934
17.989290
18.433645
17.993694
18.395406
17.936764
18.387630
17.874014
18.327855
17.850510
18.293101
17.758208
17.719426
17.911429
17.837469
17.996266
17.932722
18.042148
17.969575
18.088532
17.972727
18.073244
17.984010
18.034832
17.935051
18.017483
17.875670
17.945362
17.852682
17.873584
17.779937
17.846616
17.872615
18.374857
17.952258
18.415996
17.993122
18.454641
17.997255
18.436148
18.006213
18.389672
17.953191
18.363954
17.879412
18.288009
17.838558
18.212286
17.751403
18.186006
17.675649
17.875266
18.022158
17.949824
18.075815
17.967886
18.077402
17.986302
18.040387
17.944468
18.015735
17.873527
17.938072
17.830879
17.845536
17.746051
17.796746
17.667199
17.708925
17.995905
18.437197
18.005682
18.443263
18.021299
18.401299
17.981259
18.367841
17.903317
18.283392
17.844755
18.179299
17.744987
18.116698
17.639290
18.023412
17.592017
17.946216
18.082766
17.982639
18.054108
17.961067
18.031345
17.892265
17.954456
17.836330
17.847179
17.737044
17.769896
17.627770
17.661672
17.570922
17.552294
18.034798
18.415761
18.015786
18.392312
17.944324
18.313293
17.881503
18.195760
17.770649
18.103218
17.641413
17.979479
17.556168
17.855494
17.455149
17.976420
18.057414
17.920527
17.994540
17.869470
17.883886
17.766549
17.789843
17.635423
17.657338
17.543593
17.516937
17.431385
17.429972
17.988582
18.363678
17.939292
18.250406
17.834881
18.148069
17.691408
18.002663
17.578664
17.841983
17.439149
17.733917
17.303819
17.918396
17.943331
17.828692
17.851852
17.691973
17.711336
17.578722
17.543292
17.434540
17.421053
17.286196
17.282154
17.917548
18.231155
17.781209
18.087926
17.659995
17.906777
17.499290
17.763689
17.322191
17.600033
17.201927
17.781101
17.807306
17.668354
17.632604
17.511200
17.486997
17.329090
17.315047
17.198699
17.140271
17.775081
18.029884
17.618073
17.875342
17.423682
17.686197
17.268366
17.483261
17.092028
17.636111
17.615731
17.446512
17.429553
17.289080
17.222293
17.108155
17.067203
17.572981
17.846642
17.410961
17.626495
17.214349
17.445071
17.003307
17.447636
17.380660
17.252042
17.200334
17.038868
16.996645
17.396405
17.636992
17.177771
17.416474
16.991635
17.228396
17.180739
17.042006
16.952720
17.197108
17.423938
16.977637
17.037600
16.970105
17.028957
17.321684
18.081428
17.536089
18.170092
17.719498
18.259429
17.829474
18.366186
17.903378
18.409381
17.982127
18.430681
17.989769
18.467412
17.980144
18.442054
17.987826
18.423477
17.928659
18.444824
17.888801
18.393719
17.839002
12.080692
12.424882
12.892568
13.512274
14.220029
14.839941
15.487016
16.063224
16.498215
16.871953
17.200858
17.402151
17.579232
17.744243
17.816649
17.889941
17.961347
17.964367
17.966763
17.998215
17.922140
17.935042
12.100306
13.025448
13.193839
14.209033
14.517802
15.617480
15.806826
16.722116
16.809866
17.503314
17.402634
18.014058
17.771615
18.261784
17.996010
18.408002
18.053353
18.490476
18.054198
18.461185
18.034533
12.373198
12.764185
13.431537
14.112654
14.782198
15.419430
16.037324
16.468881
16.867209
17.193547
17.406493
17.583820
17.749079
17.828344
17.890597
17.975136
17.958166
17.984206
17.979254
17.946585
12.474039
13.508641
13.703475
14.828828
15.160917
16.145217
16.310539
17.168575
17.120114
17.773435
17.641190
18.151252
17.889294
18.380837
18.027468
18.446304
18.091853
18.461036
18.037601
12.718755
13.302554
14.065857
14.695376
15.392606
15.988788
16.464759
16.846254
17.197910
17.404103
17.590949
17.756810
17.832384
17.905698
17.968894
17.981598
17.968168
18.000863
13.016363
14.042496
14.371079
15.507362
15.730321
16.669330
16.779081
17.491005
17.398864
18.018589
17.780955
18.271571
18.003290
18.416821
18.058959
18.483368
18.064110
13.271911
13.988492
14.691901
15.340719
15.992495
16.437981
16.854918
17.185690
17.414476
17.588953
17.761554
17.839556
17.904491
17.979480
17.975692
17.979640
13.619672
14.728221
15.103996
16.102338
16.283708
17.152169
17.118200
17.773630
17.646465
18.158498
17.895609
18.380867
18.036504
18.438943
18.095713
13.987343
14.665170
15.359098
15.969839
16.457434
16.836232
17.196093
17.401325
17.593325
17.752591
17.842274
17.902380
17.978638
17.979134
14.354434
15.482535
15.737733
16.662296
16.781907
17.493708
17.401407
18.018332
17.785761
18.269060
18.003370
18.413240
18.060887
14.700360
15.358572
15.998165
16.447705
16.852625
17.177727
17.412166
17.577048
17.758755
17.832240
17.908990
17.969817
15.143264
16.133292
16.311189
17.164302
17.133364
17.776953
17.647313
18.159039
17.892199
18.373516
18.036825
15.409455
16.007733
16.478943
16.840056
17.188573
17.390463
17.582201
17.735500
17.841718
17.890727
15.807473
16.706458
16.810386
17.516456
17.409781
18.021731
17.785049
18.264067
17.993491
16.056708
16.486935
16.861977
17.168978
17.399795
17.554322
17.743147
17.816601
16.371909
17.205099
17.155996
17.793580
17.644525
18.162556
17.878407
16.526122
16.854909
17.179146
17.372446
17.561866
17.710974
16.851068
17.559229
17.418027
18.034730
17.770696
16.876367
17.154661
17.376824
17.525553
17.182995
17.840704
17.633967
17.146453
17.327157
17.451221
17.233779
17.753849
17.244074
17.832740
17.250081
17.761754
17.300110
17.758869
17.270827
17.770842
17.292662
17.744421
17.292651
17.770872
17.270883
17.758919
17.300067
17.761994
17.250008
17.832855
17.244209
17.753992
17.233658
17.234148
17.428858
16.722425
16.745265
15.964043
15.770834
14.816734
14.497852
13.443687
13.138906
12.307550
12.220783
11.701486
11.929685
11.594363
11.981318
11.758118
12.161778
11.954049
12.416858
12.150455
12.616893
12.318721
17.172051
16.817393
16.662496
16.193959
15.825979
15.261770
14.665969
13.961620
13.332521
12.653764
12.202506
11.851778
11.653207
11.580074
11.608459
11.643266
11.749369
11.860251
11.931898
12.065766
12.136129
12.284345
17.234409
17.319656
16.636604
16.660380
15.793333
15.602779
14.633091
14.250083
13.247918
12.972454
12.147288
12.159752
11.674974
11.900114
11.611980
12.005449
11.742432
12.196592
11.956399
12.401134
12.136167
17.135118
16.859451
16.578658
16.138649
15.756980
15.102591
14.528090
13.801327
13.136417
12.524152
12.109075
11.766441
11.650060
11.591365
11.592591
11.677926
11.766159
11.847350
11.956358
12.065749
17.155161
17.293777
16.625948
16.550378
15.716733
15.500074
14.463338
14.114385
13.110051
12.822056
12.073571
12.115561
11.627932
11.924768
11.620075
11.989596
11.766213
12.196588
11.931945
17.192254
16.792834
16.564988
16.112456
15.652289
15.024845
14.426113
13.651289
13.044065
12.442882
12.024981
11.753015
11.643302
11.570196
11.620035
11.677903
11.742389
11.860242
17.150284
17.302299
16.547066
16.515652
15.663001
15.383198
14.386482
14.024839
12.998249
12.780831
12.038273
12.073605
11.643358
11.924759
11.592645
12.005476
11.749371
17.141779
16.795676
16.565584
16.040774
15.623172
14.970781
14.332210
13.610924
13.002325
12.389470
12.038232
11.752986
11.627892
11.591362
11.611883
11.643285
17.171600
17.246276
16.541956
16.494990
15.591699
15.360974
14.345949
13.965969
13.002388
12.780823
12.025040
12.115597
11.650056
11.900185
11.608476
17.152877
16.807637
16.520585
16.042717
15.606822
14.921775
14.345913
13.610896
12.998206
12.442878
12.073466
11.766460
11.674894
11.580017
17.139297
17.255045
16.540271
16.456363
15.606870
15.360970
14.332268
14.024881
13.044063
12.822144
12.109096
12.159769
11.653276
17.160263
16.780425
16.540240
16.042694
15.591668
14.970779
14.386379
13.651320
13.109970
12.524089
12.147259
11.851740
17.160288
17.255049
16.520631
16.495029
15.623160
15.383302
14.426132
14.114412
13.136496
12.972523
12.202464
17.139281
16.807628
16.541866
16.040818
15.662919
15.024787
14.463318
13.801296
13.247771
12.653817
17.152849
17.246391
16.565574
16.515688
15.652369
15.500157
14.528046
14.250273
13.332508
17.171516
16.795629
16.547063
16.112422
15.716582
15.102659
14.632968
13.961528
17.141839
17.302374
16.564922
16.550599
15.756955
15.602846
14.666077
17.150148
16.792926
16.625815
16.138554
15.793334
15.261711
17.192173
17.293858
16.578762
16.660512
15.825886
17.155189
16.859378
16.636396
16.194061
17.134987
17.320006
16.662423
17.234222
16.817247
17.172165
17.541350
18.104762
17.774498
18.269132
17.958555
18.376954
18.050046
18.442969
18.061405
18.421841
18.041618
18.319914
17.936891
18.203466
17.761133
18.030663
17.590943
17.819055
17.392605
17.648716
17.184510
17.467375
16.974620
17.526874
17.520561
17.781956
17.747747
17.924246
17.910251
18.002017
17.971277
18.046400
17.948820
18.001907
17.901532
17.879873
17.780372
17.752507
17.600699
17.575012
17.434911
17.368043
17.251101
17.181030
17.091591
17.585248
18.070868
17.786732
18.295508
17.944319
18.394591
18.059390
18.418184
18.074555
18.414025
18.003326
18.323124
17.910303
18.161871
17.754174
18.012865
17.552824
17.829287
17.375143
17.645431
17.181027
17.507261
17.600589
17.763353
17.781335
17.958002
17.897873
18.035429
17.980328
18.029992
17.967068
18.000721
17.871403
17.889894
17.763890
17.717387
17.608785
17.561975
17.417196
17.375317
17.251040
17.526096
18.076478
17.824015
18.264339
17.969757
18.405011
18.035385
18.437349
18.070069
18.384266
18.011730
18.312773
17.873580
18.170324
17.735696
17.988210
17.561986
17.829203
17.367943
17.575419
17.568265
17.795515
17.813201
17.940391
17.928369
18.047036
17.958014
18.053961
17.964972
17.978032
17.888134
17.887312
17.739624
17.735829
17.608745
17.552875
17.434978
17.535923
18.107203
17.789202
18.285118
17.981136
18.375921
18.055394
18.434003
18.038049
18.399226
18.002307
18.287819
17.887329
18.170255
17.717307
18.012864
17.575015
17.536174
17.592601
17.822272
17.788271
17.969702
17.936577
18.025336
17.981566
18.056119
17.940392
18.002398
17.888103
17.873606
17.763961
17.754296
17.600551
17.565053
18.068894
17.811077
18.294753
17.953392
18.399649
18.053857
18.407736
18.056147
18.399171
17.977978
18.312779
17.889901
18.161640
17.752649
17.552752
17.615040
17.796554
17.814751
17.977216
17.911969
18.053910
17.981549
18.038053
17.965035
18.011811
17.871287
17.910528
17.780380
17.539397
18.087198
17.820057
18.268660
17.977245
18.399612
18.025306
18.434001
18.053980
18.384076
18.000847
18.323010
17.879756
17.562250
17.592946
17.820067
17.814748
17.953379
17.936623
18.055450
17.957929
18.070238
17.967083
18.003296
17.901652
17.562278
18.087179
17.796550
18.294738
17.969743
18.375765
18.047146
18.437253
18.029905
18.413988
18.002002
17.539368
17.615063
17.811117
17.788204
17.981247
17.928393
18.035349
17.980429
18.074703
17.948640
17.552822
18.068764
17.822366
18.285046
17.940338
18.404963
18.035522
18.417856
18.046595
17.565108
17.592634
17.789158
17.813273
17.969876
17.897734
18.059614
17.971335
17.536155
18.107141
17.795626
18.264061
17.958166
18.394462
18.001900
17.536018
17.568152
17.824167
17.781399
17.944257
17.910389
17.575561
18.076375
17.763281
18.295416
17.924388
17.526026
17.600686
17.786900
17.747580
17.507432
18.070488
17.782155
17.585422
17.520668
17.526804
17.234425
17.428651
16.722407
16.745152
15.964212
15.770531
14.816928
14.497740
13.443693
13.138860
12.307670
12.220624
11.701631
11.929634
11.594394
11.981308
11.758194
12.161712
11.954132
12.416837
12.150490
12.616890
12.318755
12.419370
12.853858
12.462332
12.844434
12.501939
12.815224
12.459845
12.787988
12.385743
12.681047
12.302907
12.541325
12.145576
12.411326
11.961350
12.229816
11.812089
12.062162
11.643071
11.993341
11.570745
11.981234
11.632987
16.916056
16.905177
16.612548
16.482443
16.175782
15.950999
15.552327
15.283585
14.826172
14.455672
14.037428
13.639594
13.226464
12.936825
12.594175
12.345235
12.182979
11.976175
11.864452
11.778412
11.717869
11.586603
16.725873
16.989017
16.270035
16.452573
15.664081
15.778295
14.940630
14.929714
14.122065
14.067038
13.258822
13.302350
12.574530
12.671596
12.119309
12.297398
11.797674
12.130903
11.659182
11.996778
11.639871
16.367039
16.192592
15.802598
15.558160
15.102615
14.730133
14.273151
13.844603
13.363994
13.017925
12.616485
12.321888
12.112328
11.909783
11.768134
11.708562
11.629160
11.562391
11.620113
11.520999
15.999131
16.104404
15.285918
15.284235
14.454702
14.371611
13.509043
13.478458
12.692078
12.710109
12.124621
12.250285
11.750337
12.048636
11.613533
11.925718
11.604848
11.925320
11.582763
15.465421
15.146111
14.663610
14.241886
13.710680
13.311699
12.831877
12.471532
12.186559
11.942301
11.766912
11.701336
11.609130
11.571689
11.609573
11.573209
11.602430
11.625339
14.945232
14.840610
13.964302
13.873979
13.024021
12.952271
12.285524
12.334788
11.797260
12.042322
11.610858
11.914894
11.607252
11.933439
11.619859
12.020523
11.694151
14.229480
13.814303
13.255763
12.830912
12.434035
12.120356
11.860343
11.751296
11.625205
11.592693
11.605879
11.607255
11.634608
11.693534
11.723358
11.739297
13.580918
13.422972
12.654934
12.604128
11.967251
12.130751
11.653413
11.921367
11.602975
11.934179
11.638275
12.037413
11.747317
12.118986
11.866007
12.913208
12.510455
12.108780
11.919444
11.698654
11.630895
11.597679
11.611852
11.625039
11.710159
11.750558
11.799859
11.886227
11.920315
12.351472
12.391395
11.801210
11.987918
11.612600
11.915080
11.609591
12.008147
11.741933
12.119836
11.897769
12.274071
12.002731
11.938076
11.763562
11.633047
11.608776
11.579241
11.670894
11.704973
11.780153
11.876073
11.945330
12.002988
12.096352
11.727043
11.942829
11.575589
11.946432
11.669664
12.049273
11.845930
12.235421
11.992952
12.418343
12.162091
11.578616
11.615132
11.615205
11.687828
11.782180
11.873419
11.942622
12.068458
12.133723
12.208392
11.597011
11.941051
11.723745
12.116746
11.886588
12.329958
12.096365
12.498462
12.290076
11.646537
11.732964
11.796635
11.942018
12.016028
12.120454
12.231074
12.318494
11.716801
12.167145
11.933679
12.356965
12.165658
12.579211
12.340139
11.830870
11.940135
12.063064
12.168800
12.251542
12.393446
11.955823
12.390824
12.155387
12.634550
12.380857
12.042247
12.192286
12.270559
12.383925
12.145792
12.617477
12.390755
12.272457
12.372469
12.330559
17.321689
18.081432
17.536092
18.170096
17.719502
18.259431
17.829477
18.366190
17.903382
18.409382
17.982130
18.430684
17.989772
18.467413
17.980144
18.442054
17.987827
18.423477
17.928660
18.444825
17.888802
18.393719
17.839003
17.028963
16.970110
16.977644
16.952725
16.991640
16.996653
17.003308
17.067211
17.092031
17.140275
17.201932
17.282154
17.303829
17.429968
17.455157
17.552293
17.592016
17.708928
17.675651
17.846614
17.758208
17.945310
17.037605
17.423944
17.042011
17.416479
17.038874
17.445074
17.108160
17.483265
17.198703
17.600038
17.286196
17.733926
17.431384
17.855500
17.570926
18.023409
17.667200
18.186010
17.779933
18.293101
17.887209
17.197114
17.180744
17.177777
17.200339
17.214354
17.222301
17.268369
17.315053
17.322195
17.421056
17.439155
17.516939
17.556172
17.661679
17.639288
17.796748
17.751407
17.873581
17.850510
17.960435
17.228399
17.636998
17.252048
17.626496
17.289087
17.686200
17.329094
17.763694
17.434543
17.841988
17.543595
17.979482
17.627776
18.116700
17.746049
18.212291
17.852680
18.327853
17.895906
17.396409
17.380667
17.410964
17.429559
17.423688
17.487002
17.499295
17.543294
17.578672
17.657339
17.641418
17.769898
17.744992
17.845534
17.838563
17.945363
17.874013
18.031806
17.447640
17.846646
17.446519
17.875345
17.511205
17.906784
17.578722
18.002671
17.635423
18.103224
17.737044
18.179305
17.830879
18.288011
17.875672
18.387629
17.938557
17.572982
17.615739
17.618077
17.632607
17.660004
17.711337
17.691412
17.789847
17.770653
17.847184
17.844756
17.938075
17.879413
18.017485
17.936766
18.036176
17.636115
18.029890
17.668356
18.087931
17.691976
18.148073
17.766552
18.195762
17.836335
18.283394
17.873528
18.363957
17.935050
18.395408
17.988304
17.775085
17.807309
17.781214
17.851854
17.834886
17.883889
17.881507
17.954458
17.903322
18.015735
17.953194
18.034832
17.993697
18.070501
17.781103
18.231161
17.828694
18.250408
17.869474
18.313296
17.892267
18.367844
17.944470
18.389674
17.984012
18.433647
17.974247
17.917552
17.943335
17.939294
17.994544
17.944328
18.031347
17.981262
18.040390
18.006216
18.073245
17.989292
18.094754
17.918400
18.363680
17.920528
18.392315
17.961069
18.401302
17.986303
18.436150
17.972728
18.458936
17.977076
17.988586
18.057416
18.015789
18.054110
18.021302
18.077404
17.997257
18.088534
17.995074
18.055532
17.976422
18.415763
17.982640
18.443265
17.967888
18.454643
17.969575
18.426007
17.956329
18.034800
18.082768
18.005684
18.075817
17.993125
18.042150
17.970923
18.025997
17.946217
18.437198
17.949825
18.415998
17.932724
18.402067
17.870081
17.995907
18.022159
17.952261
17.996267
17.884254
17.964460
17.875268
18.374859
17.837471
18.347620
17.788233
17.872617
17.911432
17.799287
17.838088
17.719428
18.245227
17.665147
17.687890
17.707555
17.460567
17.122601
17.656875
16.890391
17.287403
16.552752
16.803243
16.095428
16.236917
15.455397
15.559864
14.733966
14.747836
13.981339
13.977326
13.218462
13.339811
12.631528
12.798654
12.243717
12.463160
11.919890
12.300361
11.773154
11.877294
12.624703
12.679844
13.683962
13.874029
14.973835
15.274488
16.222364
16.364674
17.197140
17.135970
17.776312
17.641153
18.142265
17.882974
18.372331
18.021528
18.442028
18.094147
18.462117
18.049389
18.474226
17.963296
17.451226
17.327161
17.633971
17.525557
17.770699
17.710977
17.878412
17.816603
17.993493
17.890731
18.036829
17.969818
18.060887
17.979134
18.095713
17.979640
18.064109
18.000861
18.037599
17.946583
18.034532
17.935041
17.146458
17.840710
17.376830
18.034733
17.561870
18.162561
17.743150
18.264069
17.841725
18.373521
17.908992
18.413241
17.978641
18.438945
17.975693
18.483367
17.968167
18.461034
17.979253
18.461184
17.922141
17.183002
17.154666
17.418032
17.372451
17.644531
17.554325
17.785053
17.735507
17.892203
17.832241
18.003372
17.902383
18.036506
17.979479
18.058957
17.981595
18.091850
17.984203
18.054197
17.998214
16.876376
17.559236
17.179154
17.793587
17.399800
18.021737
17.582210
18.159044
17.758758
18.269063
17.842279
18.380869
17.904492
18.416820
17.968894
18.446303
17.958165
18.490475
17.966764
16.851076
16.854916
17.156005
17.168983
17.409788
17.390472
17.647317
17.577049
17.785765
17.752596
17.895611
17.839556
18.003289
17.905696
18.027467
17.975134
18.053352
17.964366
16.526133
17.205109
16.861984
17.516465
17.188583
17.776958
17.412170
18.018338
17.593331
18.158500
17.761556
18.271572
17.832385
18.380838
17.890598
18.408002
17.961348
16.371919
16.486942
16.810396
16.840065
17.133369
17.177731
17.401414
17.401329
17.646467
17.588954
17.780957
17.756811
17.889295
17.828344
17.996011
17.889941
16.056717
16.706468
16.478954
17.164307
16.852633
17.493716
17.196100
17.773633
17.414480
18.018592
17.590953
18.151254
17.749082
18.261785
17.816650
15.807485
16.007742
16.311196
16.447713
16.781917
16.836238
17.118204
17.185694
17.398868
17.404105
17.641193
17.583821
17.771617
17.744243
15.409465
16.133299
15.998176
16.662306
16.457442
17.152175
16.854925
17.491010
17.197914
17.773437
17.406496
18.014059
17.579234
15.143272
15.358582
15.737742
15.969846
16.283715
16.437988
16.779087
16.846257
17.120116
17.193549
17.402636
17.402151
14.700370
15.482542
15.359105
16.102345
15.992504
16.669336
16.464764
17.168578
16.867212
17.503316
17.200859
14.354438
14.665175
15.104003
15.340726
15.730327
15.988792
16.310542
16.468884
16.809868
16.871954
13.987344
14.728225
14.691905
15.507365
15.392610
16.145221
16.037328
16.722119
16.498216
13.619673
13.988491
14.371078
14.695378
15.160919
15.419432
15.806828
16.063225
13.271908
14.042492
14.065856
14.828830
14.782201
15.617482
15.487017
13.016356
13.302551
13.703475
14.112655
14.517802
14.839942
12.718749
13.508639
13.431537
14.209035
14.220029
12.474035
12.764184
13.193838
13.512274
12.373196
13.025448
12.892569
12.100304
12.424882
12.080693
17.234144
17.428852
16.722418
16.745257
15.964033
15.770823
14.816722
14.497841
13.443680
13.138903
12.307554
12.220790
11.701502
11.929703
11.594379
11.981338
11.758134
12.161793
11.954064
12.416871
12.150467
12.616904
12.318729
12.419378
12.853872
12.462356
12.844452
12.501914
12.815335
12.459784
12.788052
12.385777
12.681109
12.302824
12.541558
12.145450
12.411444
11.961392
12.229938
11.811933
12.062540
11.642871
11.993541
11.570776
11.981485
11.632727
16.916176
16.904961
16.612356
16.482488
16.175661
15.950699
15.552477
15.283356
14.825974
14.455711
14.037305
13.639277
13.226611
12.936574
12.593972
12.345255
12.182825
11.975863
11.864561
11.778143
11.717644
11.586614
16.725707
16.989437
16.269939
16.452677
15.664244
15.778466
14.940476
14.930145
14.121986
14.067148
13.259002
13.302536
12.574382
12.672051
12.119214
12.297544
11.797829
12.131109
11.659016
11.997270
11.639708
16.366942
16.192328
15.802725
15.557955
15.102445
14.730163
14.273043
13.844325
13.364124
13.017709
12.616301
12.321914
12.112195
11.909503
11.768236
11.708332
11.628955
11.562417
11.619918
11.520757
15.999251
16.104558
15.285780
15.284600
14.454629
14.371699
13.509197
13.478611
12.691947
12.710497
12.124544
12.250394
11.750485
12.048804
11.613391
11.926136
11.604728
11.925487
11.582867
15.465285
15.146118
14.663524
14.241641
13.710791
13.311510
12.831719
12.471554
12.186450
11.942055
11.767011
11.701139
11.608950
11.571712
11.609420
11.572981
11.602485
11.625137
14.945172
14.840685
13.964423
13.874109
13.023907
12.952595
12.285464
12.334870
11.797396
12.042462
11.610740
11.915247
11.607164
11.933557
11.619970
12.020684
11.694023
14.229565
13.814139
13.255635
12.830917
12.433951
12.120139
11.860432
11.751127
11.625055
11.592715
11.605764
11.607048
11.634671
11.693359
11.723188
11.739318
13.580830
13.423228
12.654891
12.604193
11.967368
12.130868
11.653316
11.921658
11.602916
11.934267
11.638389
12.037544
11.747210
12.119304
11.865922
12.913146
12.510268
12.108854
11.919302
11.698536
11.630905
11.597594
11.611665
11.625104
11.710013
11.750420
11.799878
11.886108
11.920138
12.351568
12.391489
11.801142
11.988152
11.612570
11.915147
11.609695
12.008253
11.741850
12.120101
11.897713
12.274161
12.002824
11.937987
11.763555
11.632991
11.608618
11.579305
11.670773
11.704865
11.780163
11.875987
11.945175
12.003036
12.096222
11.727039
11.942875
11.575683
11.946521
11.669612
12.049485
11.845900
12.235485
11.993041
12.418440
12.162022
11.578667
11.615033
11.615127
11.687827
11.782127
11.873287
11.942671
12.068350
12.133624
12.208403
11.596989
11.941205
11.723744
12.116793
11.886673
12.330037
12.096319
12.498647
12.290045
11.646514
11.732853
11.796677
11.941932
12.015959
12.120457
12.231021
12.318383
11.716881
12.167207
11.933663
12.357100
12.165654
12.579253
12.340206
11.830831
11.940123
12.063038
12.168710
12.251576
12.393375
11.955852
12.390853
12.155453
12.634596
12.380839
12.042274
12.192232
12.270526
12.383922
12.145808
12.617543
12.390766
12.272456
12.372423
12.330601
17.321436
18.081657
17.536229
18.170212
17.719328
18.260030
17.829182
18.366419
17.903665
18.409478
17.981968
18.431477
17.989440
18.467713
17.980588
18.442203
17.987672
18.424536
17.928299
18.445276
17.889353
18.394059
17.838784
17.029072
16.969875
16.977466
16.952730
16.991418
16.996151
17.003649
17.066778
17.091715
17.140506
17.201761
17.281531
17.304448
17.429443
17.454877
17.552555
17.591859
17.708221
17.676297
17.846016
17.757868
17.945448
17.037547
17.424260
17.042010
17.416539
17.039268
17.445220
17.107904
17.484020
17.198462
17.600079
17.286574
17.734132
17.430840
17.856524
17.570458
18.023582
17.667482
18.186390
17.779260
18.294325
17.886726
17.197102
17.180388
17.177962
17.199987
17.214064
17.222424
17.268172
17.314524
17.322638
17.420629
17.438836
17.517198
17.556001
17.661049
17.639875
17.796237
17.751082
17.873797
17.850344
17.959667
17.228589
17.637133
17.251922
17.627045
17.288993
17.686240
17.329469
17.763861
17.434159
17.842828
17.543277
17.979562
17.628107
18.116976
17.745472
18.213352
17.852247
18.328060
17.896208
17.396253
17.380669
17.410828
17.429123
17.423965
17.486648
17.498980
17.543493
17.578486
17.656794
17.641889
17.769474
17.744659
17.845773
17.838398
17.944696
17.874558
18.031278
17.447631
17.846689
17.446808
17.875505
17.510965
17.907445
17.578538
18.002716
17.635770
18.103434
17.736592
18.180199
17.830544
18.288126
17.875988
18.387966
17.938006
17.573136
17.615476
17.617825
17.632705
17.659834
17.710876
17.691751
17.789493
17.770322
17.847403
17.844580
17.937502
17.879884
18.017046
17.936426
18.036348
17.635981
18.030350
17.668275
18.087978
17.692287
18.148253
17.766229
18.196496
17.836106
18.283459
17.873855
18.364213
17.934582
18.396324
17.987999
17.774976
17.806950
17.781428
17.851567
17.834590
17.884046
17.881329
17.953972
17.903690
18.015371
17.952858
18.035024
17.993536
18.069893
17.781329
18.231316
17.828486
18.250981
17.869337
18.313351
17.892579
18.368053
17.944104
18.390451
17.983774
18.433740
17.974561
17.917325
17.943419
17.939140
17.994147
17.944585
18.031044
17.980946
18.040558
18.006044
18.072731
17.989663
18.094372
17.918335
18.363734
17.920790
18.392495
17.960808
18.401944
17.986138
18.436221
17.973033
18.459178
17.976700
17.988745
18.057180
18.015518
18.054229
18.021130
18.076977
17.997537
18.088215
17.994754
18.055681
17.976249
18.416259
17.982537
18.443337
17.968165
18.454849
17.969284
18.426688
17.956152
18.034655
18.082434
18.005872
18.075551
17.992830
18.042278
17.970749
18.025552
17.946434
18.437373
17.949620
18.416567
17.932598
18.402157
17.870350
17.995666
18.022251
17.952084
17.995900
17.884458
17.964185
17.875177
18.374960
17.837711
18.347826
17.787998
17.872747
17.911193
17.799012
17.838189
17.719265
18.245749
17.665037
17.687699
17.707247
17.460749
17.122478
17.657016
16.890555
17.287595
16.552570
16.803718
16.095331
16.237027
15.455596
15.560064
14.733795
14.748339
13.981252
13.977470
13.218664
13.340036
12.631365
12.799178
12.243597
12.463359
11.920040
12.300624
11.772967
11.876946
12.624982
12.679817
13.684262
13.873610
14.974508
15.274119
16.222596
16.364681
17.197493
17.135407
17.777148
17.640690
18.142501
17.882996
18.372769
18.020777
18.443109
18.093543
18.462439
18.049379
18.474898
17.962301
17.451300
17.326952
17.633747
17.525772
17.770334
17.710833
17.878534
17.816301
17.993169
17.891019
18.036302
17.969596
18.061027
17.978693
18.095252
17.979965
18.063395
18.000530
18.037712
17.946015
18.033896
17.935415
17.146298
17.841232
17.376565
18.034952
17.562075
18.162668
17.742985
18.264753
17.841414
18.373790
17.909337
18.413369
17.978481
18.439856
17.975339
18.483751
17.968634
18.461268
17.979054
18.462402
17.921643
17.182702
17.154544
17.418132
17.372207
17.644265
17.554570
17.784618
17.735336
17.892322
17.831889
18.002984
17.902691
18.035888
17.979235
18.059056
17.981131
18.091298
17.984584
18.053350
17.997975
16.876529
17.559351
17.178996
17.794171
17.399521
18.021979
17.582468
18.159166
17.758596
18.269839
17.841950
18.381198
17.904871
18.417005
17.968715
18.447334
17.957747
18.490977
17.967161
16.850844
16.855121
17.155650
17.168848
17.409886
17.390193
17.646997
17.577320
17.785252
17.752406
17.895702
17.839175
18.002826
17.906036
18.026749
17.974920
18.053376
17.963934
16.525906
17.205318
16.862179
17.516586
17.188428
17.777615
17.411878
18.018622
17.593628
18.158660
17.761389
18.272446
17.832026
18.381247
17.890962
18.408256
17.961137
16.371982
16.486734
16.810126
16.840299
17.132950
17.177584
17.401494
17.401025
17.646084
17.589249
17.780360
17.756624
17.889334
17.827968
17.995487
17.890302
16.056584
16.707012
16.478708
17.164550
16.852864
17.493863
17.195945
17.774372
17.414172
18.018935
17.591264
18.151469
17.748899
18.262726
17.816273
15.807141
16.007636
16.311256
16.447481
16.781598
16.836494
17.117716
17.185540
17.398910
17.403790
17.640748
17.584135
17.770969
17.744058
15.409643
16.133432
15.998038
16.662924
16.457183
17.152464
16.855182
17.491202
17.197755
17.774248
17.406175
18.014444
17.579548
15.143006
15.358806
15.737346
15.969729
16.283755
16.437739
16.778714
16.846529
17.119570
17.193390
17.402653
17.401830
14.700152
15.482783
15.359310
16.102516
15.992363
16.670027
16.464501
17.168914
16.867486
17.503540
17.200698
14.354472
14.664987
15.103693
15.340965
15.729879
15.988662
16.310555
16.468621
16.809460
16.872231
13.987210
14.728801
14.691682
15.507650
15.392841
16.145435
16.037192
16.722858
16.497953
13.619313
13.988387
14.371096
14.695172
15.160564
15.419673
15.806346
16.063086
13.272077
14.042679
14.065723
14.829473
14.781989
15.617803
15.487264
13.016061
13.302757
13.703074
14.112524
14.517799
14.839724
12.718543
13.508907
13.431738
14.209269
14.219903
12.474039
12.763995
13.193495
13.512471
12.373036
13.026047
12.892385
12.099953
12.424717
12.080819
17.122482
17.657021
16.890562
17.287601
16.552576
16.803726
16.095338
16.237034
15.455605
15.560071
14.733805
14.748348
13.981259
13.977480
13.218673
13.340041
12.631370
12.799184
12.243601
12.463361
11.920041
12.300624
11.772967
12.330590
12.372414
12.390756
12.383913
12.380829
12.393367
12.340197
12.318376
12.290036
12.208396
12.162014
12.096215
12.002818
11.920134
11.865918
11.739308
11.694024
11.625130
11.582867
11.520760
11.639708
11.586614
12.272444
12.617532
12.270515
12.634584
12.251565
12.579241
12.231010
12.498636
12.133615
12.418431
12.003027
12.274153
11.886101
12.119300
11.723175
12.020684
11.602475
11.925486
11.619923
11.997270
11.717644
12.145795
12.192220
12.155439
12.168698
12.165640
12.120445
12.096306
12.068341
11.993030
11.945164
11.897705
11.799868
11.747207
11.693346
11.619970
11.572971
11.604724
11.562422
11.659016
11.778143
12.042260
12.390838
12.063024
12.357086
12.015945
12.330022
11.942659
12.235474
11.875976
12.120091
11.750406
12.037538
11.634659
11.933555
11.609413
11.926128
11.628959
12.131108
11.864561
11.955836
11.940108
11.933647
11.941918
11.886657
11.873273
11.845885
11.780155
11.741838
11.710002
11.638376
11.607039
11.607158
11.571709
11.613381
11.708334
11.797829
11.975863
11.830815
12.167190
11.796663
12.116776
11.782113
12.049468
11.704853
12.008243
11.625093
11.934253
11.605752
11.915240
11.608945
12.048795
11.768235
12.297545
12.182825
11.716863
11.732839
11.723728
11.687813
11.669594
11.670757
11.609685
11.611654
11.602908
11.592698
11.610735
11.701131
11.750482
11.909499
12.119218
12.345258
11.646499
11.941189
11.615112
11.946504
11.579289
11.915132
11.597582
11.921652
11.625040
12.042455
11.767003
12.250393
12.112191
12.672055
12.593978
11.596971
11.615021
11.575667
11.608603
11.612557
11.630889
11.653310
11.751117
11.797389
11.942049
12.124542
12.321917
12.574383
12.936581
11.578655
11.942863
11.632975
11.988144
11.698521
12.130860
11.860426
12.334864
12.186448
12.710496
12.616304
13.302542
13.226615
11.727030
11.763543
11.801133
11.919293
11.967362
12.120134
12.285463
12.471552
12.691951
13.017710
13.259012
13.639285
11.937979
12.391484
12.108848
12.604190
12.433950
12.952596
12.831722
13.478616
13.364131
14.067153
14.037313
12.351567
12.510268
12.654891
12.830921
13.023911
13.311516
13.509205
13.844332
14.121995
14.455717
12.913150
13.423233
13.255640
13.874117
13.710798
14.371708
14.273051
14.930154
14.825983
13.580839
13.814148
13.964433
14.241650
14.454639
14.730172
14.940485
15.283364
14.229575
14.840696
14.663534
15.284611
15.102454
15.778477
15.552485
14.945185
15.146129
15.285792
15.557965
15.664252
15.950708
15.465295
16.104568
15.802734
16.452686
16.175668
15.999261
16.192336
16.269948
16.482495
16.366950
16.989444
16.612363
16.725714
16.904967
16.916181
17.541131
18.104922
17.774569
18.269302
17.958289
18.377387
18.049850
18.443036
18.061479
18.421986
18.041331
18.320305
17.936700
18.203503
17.761155
18.030796
17.590651
17.819332
17.392429
17.648722
17.184417
17.467480
16.974385
16.852862
17.229230
16.832771
17.211825
16.833478
17.180018
16.876029
17.238744
16.926896
17.336291
17.053772
17.443020
17.198228
17.616440
17.328632
17.795325
17.497204
17.947041
17.649266
18.128632
17.745292
18.303739
17.828748
17.460751
17.707249
17.665039
17.838191
17.787999
17.964187
17.870352
18.025552
17.956153
18.055683
17.976702
18.094373
17.974564
18.069896
17.988003
18.036354
17.938012
18.031282
17.896212
17.959669
17.886728
17.945449
17.687700
18.245750
17.799014
18.347828
17.884458
18.402158
17.970751
18.426688
17.994754
18.459179
17.989664
18.433742
17.993537
18.396325
17.936427
18.387969
17.874562
18.328064
17.850346
18.294327
17.757869
17.719266
17.911194
17.837712
17.995902
17.932599
18.042279
17.969287
18.088217
17.973035
18.072734
17.983776
18.035027
17.934587
18.017048
17.875990
17.944699
17.852252
17.873802
17.779265
17.846019
17.872748
18.374961
17.952084
18.416569
17.992831
18.454850
17.997539
18.436223
18.006045
18.390454
17.952859
18.364215
17.879887
18.288129
17.838398
18.213350
17.751081
18.186390
17.676297
17.875178
18.022252
17.949621
18.075553
17.968166
18.076978
17.986141
18.040560
17.944107
18.015376
17.873860
17.937504
17.830549
17.845779
17.745477
17.796239
17.667483
17.708222
17.995667
18.437374
18.005874
18.443338
18.021131
18.401945
17.980949
18.368054
17.903689
18.283462
17.844584
18.180199
17.744658
18.116980
17.639881
18.023589
17.591864
17.946435
18.082436
17.982539
18.054232
17.960811
18.031047
17.892582
17.953976
17.836107
17.847404
17.736598
17.769477
17.628106
17.661047
17.570460
17.552559
18.034656
18.416261
18.015520
18.392496
17.944587
18.313354
17.881333
18.196500
17.770325
18.103435
17.641891
17.979565
17.556003
17.856523
17.454873
17.976251
18.057183
17.920793
17.994150
17.869340
17.884049
17.766233
17.789498
17.635776
17.656801
17.543282
17.517202
17.430847
17.429452
17.988747
18.363736
17.939145
18.250985
17.834592
18.148257
17.691754
18.002715
17.578486
17.842830
17.438838
17.734130
17.304443
17.918337
17.943421
17.828490
17.851573
17.692291
17.710883
17.578547
17.543499
17.434164
17.420634
17.286581
17.281537
17.917328
18.231318
17.781430
18.087981
17.659835
17.907447
17.498984
17.763865
17.322642
17.600082
17.201764
17.781335
17.806954
17.668282
17.632712
17.510969
17.486653
17.329473
17.314528
17.198466
17.140510
17.774980
18.030353
17.617830
17.875511
17.423970
17.686246
17.268179
17.484024
17.091721
17.635986
17.615478
17.446811
17.429128
17.288994
17.222427
17.107908
17.066780
17.573144
17.846695
17.410834
17.627053
17.214071
17.445225
17.003658
17.447636
17.380672
17.251925
17.199993
17.039271
16.996154
17.396259
17.637137
17.177967
17.416544
16.991424
17.228596
17.180395
17.042015
16.952736
17.197108
17.424265
16.977471
17.037552
16.969881
17.029078
17.321439
18.081660
17.536232
18.170214
17.719328
18.260032
17.829183
18.366419
17.903664
18.409479
17.981967
18.431476
17.989440
18.467715
17.980591
18.442206
17.987674
18.424538
17.928300
18.445277
17.889353
18.394059
17.838783
12.080819
12.424716
12.892385
13.512472
14.219903
14.839726
15.487265
16.063087
16.497952
16.872231
17.200697
17.401831
17.579547
17.744059
17.816272
17.890303
17.961137
17.963935
17.967162
17.997977
17.921644
17.935416
12.099953
13.026048
13.193496
14.209271
14.517801
15.617804
15.806346
16.722858
16.809460
17.503540
17.402653
18.014443
17.770969
18.262725
17.995487
18.408256
18.053378
18.490978
18.053352
18.462404
18.033898
12.373037
12.763997
13.431740
14.112527
14.781991
15.419674
16.037192
16.468622
16.867486
17.193390
17.406175
17.584135
17.748897
17.827969
17.890961
17.974923
17.957749
17.984588
17.979056
17.946018
12.474042
13.508911
13.703078
14.829477
15.160568
16.145437
16.310556
17.168915
17.119571
17.774248
17.640748
18.151469
17.889334
18.381247
18.026751
18.447336
18.091301
18.461271
18.037715
12.718550
13.302765
14.065730
14.695177
15.392844
15.988664
16.464502
16.846530
17.197755
17.403790
17.591263
17.756625
17.832026
17.906039
17.968717
17.981135
17.968636
18.000534
13.016071
14.042689
14.371104
15.507655
15.729881
16.670028
16.778714
17.491202
17.398911
18.018935
17.780361
18.272447
18.002828
18.417008
18.059059
18.483754
18.063398
13.272085
13.988396
14.691688
15.340969
15.992364
16.437740
16.855182
17.185541
17.414172
17.589251
17.761390
17.839178
17.904871
17.979237
17.975340
17.979968
13.619320
14.728807
15.103698
16.102519
16.283757
17.152467
17.117718
17.774374
17.646086
18.158662
17.895702
18.381198
18.035888
18.439856
18.095254
13.987218
14.664996
15.359315
15.969733
16.457185
16.836496
17.195945
17.401025
17.593626
17.752405
17.841948
17.902691
17.978480
17.978696
14.354480
15.482790
15.737349
16.662926
16.781598
17.493863
17.401492
18.018621
17.785251
18.269839
18.002985
18.413371
18.061029
14.700157
15.358811
15.998040
16.447484
16.852866
17.177588
17.411880
17.577323
17.758597
17.831892
17.909337
17.969598
15.143015
16.133441
16.311262
17.164556
17.132954
17.777618
17.646998
18.159166
17.892321
18.373788
18.036301
15.409649
16.007642
16.478710
16.840300
17.188426
17.390191
17.582464
17.735333
17.841411
17.891018
15.807146
16.707016
16.810129
17.516587
17.409887
18.021980
17.784619
18.264753
17.993171
16.056591
16.486741
16.862183
17.168852
17.399523
17.554572
17.742986
17.816303
16.371987
17.205322
17.155652
17.794172
17.644265
18.162668
17.878533
16.525911
16.855125
17.178998
17.372209
17.562075
17.710835
16.850850
17.559355
17.418135
18.034955
17.770336
16.876532
17.154547
17.376567
17.525773
17.182706
17.841235
17.633749
17.146302
17.326957
17.451304
12.419378
12.853865
12.462339
12.844441
12.501946
12.815231
12.459852
12.787994
12.385749
12.681053
12.302913
12.541331
12.145580
12.411330
11.961354
12.229822
11.812091
12.062170
11.643070
11.993345
11.570749
11.981236
11.632987
12.568034
12.532248
12.616791
12.570990
12.597958
12.595701
12.552950
12.528150
12.497910
12.420116
12.359394
12.305306
12.180798
12.122558
12.018318
11.919384
11.810413
11.771300
11.621718
11.629711
11.544214
11.653552
12.645165
13.027855
12.661330
13.061167
12.662569
13.010400
12.651643
12.927360
12.548932
12.835988
12.399910
12.670928
12.248885
12.470004
12.039165
12.302982
11.812491
12.119872
11.657143
11.981014
11.544216
12.728421
12.774388
12.775912
12.771792
12.798259
12.741877
12.726358
12.694808
12.605591
12.558048
12.472772
12.373013
12.271107
12.196628
12.035129
11.979867
11.841463
11.760464
11.657143
11.629713
12.814780
13.197733
12.871215
13.198187
12.840718
13.180006
12.767479
13.073540
12.675761
12.913373
12.499666
12.750978
12.274732
12.533755
12.070109
12.294578
11.841464
12.119874
11.621717
12.933897
12.929149
12.947558
12.959023
12.916636
12.898609
12.858407
12.780641
12.713683
12.646942
12.507415
12.441962
12.308718
12.191750
12.070110
11.979867
11.812491
11.771304
12.985746
13.369306
12.996333
13.345549
12.986234
13.269244
12.886503
13.165700
12.720126
12.987273
12.541668
12.750176
12.308718
12.533756
12.035130
12.302984
11.810413
13.052146
13.081150
13.085369
13.054882
13.029672
13.000964
12.906623
12.859407
12.757238
12.651196
12.541669
12.441962
12.274732
12.196631
12.039167
11.919388
13.125486
13.457494
13.113451
13.443521
13.041378
13.345884
12.939485
13.172592
12.757239
12.987273
12.507417
12.750979
12.271109
12.470008
12.018322
13.163061
13.183808
13.136567
13.134229
13.077926
13.011294
12.939485
12.859407
12.720129
12.646941
12.499670
12.373015
12.248888
12.122562
13.180088
13.534982
13.167172
13.454823
13.077926
13.345887
12.906623
13.165702
12.713688
12.913372
12.472777
12.670932
12.180802
13.210804
13.197824
13.167173
13.134230
13.041377
13.000969
12.886502
12.780643
12.675767
12.558048
12.399915
12.305311
13.210805
13.534982
13.136568
13.443522
13.029671
13.269250
12.858408
13.073543
12.605597
12.835991
12.359399
13.180090
13.183807
13.113452
13.054883
12.986235
12.898614
12.767482
12.694811
12.548937
12.420120
13.163065
13.457492
13.085371
13.345552
12.916639
13.180009
12.726363
12.927364
12.497916
13.125488
13.081148
12.996335
12.959028
12.840722
12.741880
12.651648
12.528156
13.052148
13.369307
12.947562
13.198190
12.798264
13.010404
12.552956
12.985749
12.929153
12.871219
12.771796
12.662574
12.595706
12.933901
13.197738
12.775917
13.061172
12.597963
12.814784
12.774393
12.661335
12.570996
12.728427
13.027859
12.616797
12.645171
12.532254
12.568041
12.470714
12.963839
12.693236
13.172441
12.875129
13.304911
13.056562
13.442359
13.150441
13.540943
13.225687
13.558756
13.225686
13.540942
13.150440
13.442358
13.056561
13.304908
12.875125
13.172436
12.693231
12.963834
12.470707
12.419370
12.853864
12.462348
12.844445
12.501905
12.815327
12.459777
12.788044
12.385771
12.681103
12.302818
12.541553
12.145444
12.411439
11.961386
12.229934
11.811925
12.062540
11.642865
11.993541
11.570777
11.981486
11.632727
12.568031
12.532250
12.616756
12.571032
12.597893
12.595689
12.552955
12.528110
12.497820
12.420189
12.359266
12.305252
12.180814
12.122471
12.018162
11.919481
11.810217
11.771188
11.621733
11.629571
11.543971
11.653653
12.645169
13.027893
12.661309
13.061198
12.662591
13.010436
12.651592
12.927514
12.548847
12.836071
12.399942
12.671014
12.248768
12.470287
12.039009
12.303124
11.812518
12.120037
11.656931
11.981463
11.543971
12.728409
12.774388
12.775914
12.771777
12.798208
12.741925
12.726277
12.694779
12.605602
12.557993
12.472659
12.373094
12.270962
12.196553
12.035146
11.979768
11.841274
11.760569
11.656929
11.629572
12.814790
13.197748
12.871196
13.198265
12.840673
13.180054
12.767501
13.073597
12.675682
12.913571
12.499555
12.751077
12.274756
12.533868
12.069949
12.294912
11.841273
12.120037
11.621730
12.933888
12.929168
12.947524
12.959012
12.916644
12.898580
12.858336
12.780700
12.713585
12.646894
12.507430
12.441896
12.308579
12.191840
12.069948
11.979767
11.812515
11.771188
12.985741
13.369324
12.996343
13.345579
12.986192
13.269365
12.886433
13.165765
12.720145
12.987350
12.541554
12.750416
12.308579
12.533868
12.035144
12.303121
11.810213
13.052146
13.081140
13.085337
13.054911
13.029618
13.000939
12.906634
12.859366
12.757145
12.651265
12.541554
12.441895
12.274754
12.196551
12.039006
11.919477
13.125478
13.457534
13.113421
13.443554
13.041389
13.345932
12.939415
13.172751
12.757145
12.987349
12.507431
12.751075
12.270959
12.470284
12.018158
13.163050
13.183801
13.136571
13.134210
13.077875
13.011337
12.939413
12.859366
12.720145
12.646891
12.499554
12.373091
12.248763
12.122468
13.180091
13.534999
13.167142
13.454903
13.077874
13.345932
12.906632
13.165764
12.713585
12.913566
12.472658
12.671011
12.180809
13.210794
13.197839
13.167142
13.134210
13.041387
13.000939
12.886430
12.780697
12.675682
12.557987
12.399939
12.305249
13.210794
13.534997
13.136572
13.443555
13.029614
13.269365
12.858333
13.073593
12.605602
12.836065
12.359261
13.180092
13.183797
13.113422
13.054911
12.986186
12.898579
12.767497
12.694774
12.548844
12.420183
13.163051
13.457531
13.085339
13.345577
12.916639
13.180053
12.726274
12.927510
12.497815
13.125480
13.081138
12.996342
12.959008
12.840670
12.741921
12.651588
12.528104
13.052147
13.369321
12.947521
13.198261
12.798205
13.010431
12.552950
12.985739
12.929165
12.871192
12.771772
12.662587
12.595683
12.933883
13.197745
12.775910
13.061193
12.597887
12.814786
12.774383
12.661303
12.571026
12.728404
13.027887
12.616751
12.645164
12.532242
12.568025
16.832598
17.076244
16.638715
16.834158
16.420489
16.567150
16.193893
16.367286
15.993569
16.214629
15.904055
16.147393
15.904055
16.214630
15.993570
16.367291
16.193897
16.567154
16.420493
16.834164
16.638720
17.076249
16.832604
16.852756
17.229228
16.832493
17.211730
16.833519
17.179378
16.876128
17.238699
16.926463
17.336127
17.054230
17.442066
17.198650
17.616342
17.328296
17.795047
17.497878
17.945830
17.649879
18.128304
17.745081
18.303197
17.829492
16.805429
16.789403
16.752767
16.742997
16.770034
16.774942
16.788840
16.842322
16.892598
16.921676
17.024543
17.074247
17.154869
17.234928
17.336292
17.373264
17.504813
17.538036
17.635747
17.666609
17.767502
17.745263
16.664309
16.978763
16.636209
16.957134
16.612150
16.982363
16.685088
17.033723
16.796114
17.178840
16.920695
17.350774
17.109994
17.521263
17.295125
17.738723
17.450135
17.938840
17.628134
18.106469
17.767502
16.576012
16.566330
16.518912
16.551072
16.554204
16.559556
16.628554
16.671005
16.728592
16.816575
16.910986
16.969640
17.099926
17.175837
17.270676
17.363826
17.467594
17.514385
17.628134
17.666610
16.439212
16.747197
16.415530
16.702581
16.440103
16.772893
16.503972
16.895162
16.670885
17.046432
16.861599
17.274872
17.047492
17.501410
17.273560
17.707249
17.467593
17.938841
17.635748
16.352339
16.321755
16.326429
16.338495
16.340518
16.408753
16.469272
16.523481
16.641593
16.729610
16.825140
16.943669
17.061700
17.140317
17.273559
17.363828
17.450132
17.538037
16.241710
16.507811
16.191165
16.518701
16.267824
16.591101
16.403590
16.780183
16.578169
17.003742
16.825961
17.231077
17.061701
17.501411
17.270675
17.738728
17.504810
16.121468
16.137389
16.132051
16.145120
16.211062
16.282966
16.349534
16.470961
16.585840
16.680770
16.825962
16.943669
17.047493
17.175839
17.295123
17.373272
16.046911
16.298577
16.054339
16.370271
16.137229
16.518499
16.345868
16.719310
16.585840
17.003743
16.825144
17.274871
17.099928
17.521267
17.336288
15.977822
15.988641
15.988016
16.066722
16.136348
16.215939
16.345868
16.470964
16.578168
16.729612
16.861603
16.969641
17.109994
17.234936
15.904411
16.213492
15.978790
16.297268
16.136350
16.518498
16.349534
16.780187
16.641593
17.046433
16.910992
17.350777
17.154871
15.892625
15.916160
15.978792
16.066720
16.137234
16.282966
16.403590
16.523485
16.670888
16.816574
16.920700
17.074251
15.892627
16.213488
15.988023
16.370267
16.211068
16.591101
16.469275
16.895162
16.728599
17.178841
17.024547
15.904414
15.988635
16.054350
16.145116
16.267829
16.408754
16.503980
16.671003
16.796119
16.921681
15.977825
16.298574
16.132059
16.518702
16.340520
16.772894
16.628563
17.033725
16.892600
16.046917
16.137391
16.191166
16.338500
16.440109
16.559556
16.685095
16.842326
16.121471
16.507819
16.326427
16.702587
16.554211
16.982366
16.788845
16.241711
16.321762
16.415533
16.551077
16.612153
16.774949
16.352340
16.747202
16.518919
16.957138
16.770037
16.439218
16.566333
16.636214
16.743004
16.576020
16.978765
16.752774
16.664316
16.789408
16.805435
16.852857
17.229225
16.832766
17.211822
16.833472
17.180015
16.876026
17.238738
16.926894
17.336286
17.053767
17.443018
17.198222
17.616444
17.328622
17.795330
17.497197
17.947038
17.649266
18.128632
17.745289
18.303739
17.828747
16.805325
16.789335
16.752440
16.743166
16.769587
16.774624
16.788987
16.842131
16.891999
16.922261
17.024034
17.073990
17.155143
17.234816
17.335572
17.374037
17.504162
17.537823
17.635964
17.666443
17.766742
17.745915
16.664430
16.979010
16.636271
16.957254
16.612661
16.982519
16.684800
17.034576
16.795798
17.178888
16.921069
17.350999
17.109328
17.522432
17.294496
17.738965
17.450382
17.939212
17.627374
18.107838
17.766741
16.575774
16.566206
16.518844
16.550782
16.553625
16.559982
16.628066
16.670728
16.728844
16.816484
16.910259
16.970465
17.099263
17.175683
17.270917
17.363734
17.466820
17.515219
17.627373
17.666443
16.439491
16.747278
16.415631
16.703304
16.440014
16.772918
16.504408
16.895352
16.670277
17.047537
16.861000
17.275043
17.047760
17.501708
17.272778
17.708563
17.466819
17.939212
17.635964
16.352034
16.321837
16.325848
16.338141
16.340659
16.408643
16.468554
16.524273
16.640954
16.729479
16.825378
16.943651
17.060886
17.141271
17.272777
17.363735
17.450377
17.537822
16.241905
16.508001
16.191787
16.518890
16.267399
16.592075
16.403109
16.780291
16.578439
17.004038
16.825117
17.232400
17.060887
17.501708
17.270914
17.738968
17.504156
16.121223
16.137043
16.131344
16.145691
16.210496
16.282800
16.349725
16.471054
16.584921
16.681867
16.825117
16.943650
17.047760
17.175683
17.294491
17.374041
16.047190
16.299341
16.054208
16.370280
16.137505
16.518873
16.344890
16.720734
16.584920
17.004038
16.825379
17.275040
17.099263
17.522432
17.335564
15.977277
15.988253
15.988103
16.066912
16.135270
16.217234
16.344889
16.471055
16.578437
16.729477
16.861003
16.970461
17.109326
17.234818
15.904806
16.213953
15.977822
16.298793
16.135270
16.518871
16.349723
16.780291
16.640952
17.047532
16.910261
17.350996
17.155139
15.892021
15.917012
15.977823
16.066907
16.137508
16.282796
16.403106
16.524272
16.670275
16.816479
16.921068
17.073988
15.892022
16.213950
15.988108
16.370271
16.210498
16.592073
16.468550
16.895348
16.728842
17.178885
17.024030
15.904808
15.988247
16.054211
16.145684
16.267399
16.408640
16.504407
16.670721
16.795796
16.922258
15.977280
16.299333
16.131345
16.518886
16.340657
16.772910
16.628069
17.034569
16.891995
16.047189
16.137039
16.191783
16.338141
16.440011
16.559973
16.684800
16.842127
16.121219
16.508001
16.325840
16.703301
16.553621
16.982514
16.788981
16.241898
16.321839
16.415625
16.550776
16.612657
16.774621
16.352029
16.747274
16.518839
16.957250
16.769579
16.439487
16.566198
16.636268
16.743161
16.575771
16.979003
16.752434
16.664427
16.789328
16.805321

