Tension at each vertex
18.077317
18.077324
18.077736
18.077740
13.001041
17.436589
13.001033
17.436590
12.353337
12.353889
18.574412
18.575399
17.356306
17.545938
16.824767
16.821986
16.026771
15.810534
14.850173
14.540203
13.510117
13.239846
12.440685
12.374327
11.859968
12.086045
11.739242
12.117481
11.887448
12.284456
12.075782
12.537582
12.274166
12.737029
12.451857
17.300732
16.931739
16.757420
16.270331
15.876716
15.302231
14.698408
14.007139
13.408080
12.764738
12.344841
12.009335
11.814837
11.731408
11.753154
11.772368
11.876936
11.977943
12.052232
12.182026
12.259237
12.410604
17.362588
17.427618
16.722254
16.724948
15.834831
15.630578
14.663378
14.299927
13.330770
13.097455
12.299489
12.327273
11.840357
12.057030
11.754942
12.137105
11.865759
12.316208
12.072603
12.521125
12.259206
17.255693
16.967830
16.658254
16.195767
15.792461
15.126304
14.555528
13.855084
13.228379
12.655379
12.270421
11.933881
11.815439
11.742027
11.732510
11.800928
11.885711
11.959604
12.072634
12.182039
17.275698
17.394458
16.703026
16.603313
15.747426
15.526827
14.494951
14.179038
13.212577
12.968362
12.241174
12.294342
11.793955
12.081632
11.759074
12.118340
11.885670
12.316211
12.052190
17.314750
16.895884
16.641282
16.165586
15.684285
15.049331
14.463928
13.718102
13.154134
12.590099
12.195785
11.926065
11.809104
11.719159
11.759106
11.800947
11.865786
11.977947
17.269249
17.402744
16.620204
16.568679
15.694717
15.415265
14.427075
14.105829
13.113212
12.940692
12.211689
12.255515
11.809049
12.081636
11.732460
12.137078
11.876932
17.261553
16.898328
16.641696
16.092315
15.656982
15.000152
14.376583
13.687298
13.120844
12.541193
12.211721
11.926085
11.793990
11.742031
11.755015
11.772346
17.291191
17.344053
16.615223
16.548846
15.623799
15.397734
14.391878
14.052006
13.120793
12.940699
12.195733
12.294314
11.815432
12.056956
11.753132
17.271932
16.910820
16.594297
16.095076
15.640894
14.951877
14.391910
13.687323
13.113244
12.590102
12.241256
11.933852
11.840416
11.731455
17.257492
17.352567
16.614049
16.509049
15.640854
15.397740
14.376534
14.105798
13.154136
12.968288
12.270399
12.327260
11.814766
17.279313
16.882449
16.614077
16.095097
15.623824
15.000160
14.427161
13.718078
13.212644
12.655429
12.299499
12.009357
17.279294
17.352566
16.594256
16.548820
15.656992
15.415185
14.463917
14.179024
13.228307
13.097402
12.344871
17.257503
16.910833
16.615297
16.092285
15.694788
15.049389
14.494965
13.855118
13.330891
12.764687
17.271949
17.343965
16.641705
16.568660
15.684218
15.526775
14.555572
14.299776
13.408095
17.291260
16.898375
16.620202
16.165627
15.747553
15.126255
14.663484
14.007225
17.261494
17.402696
16.641337
16.603144
15.792491
15.630543
14.698322
17.269354
16.895817
16.703137
16.195859
15.834824
15.302298
17.314815
17.394408
16.658164
16.724865
15.876805
17.275662
16.967907
16.722421
16.270252
17.255795
17.427343
16.757492
17.362737
16.931870
17.300629
17.384858
17.885288
17.386139
17.969934
17.389086
17.895245
17.440362
17.890592
17.408615
17.902457
17.430520
17.874819
17.430508
17.902475
17.408655
17.890624
17.440314
17.895433
17.389012
17.970010
17.386243
17.885387
17.384741
17.675928
18.247594
17.920117
18.404528
18.095832
18.501587
18.172167
18.552921
18.168228
18.516897
18.134154
18.402212
18.018990
18.276149
17.835560
18.096968
17.659573
17.879826
17.457462
17.703916
17.243647
17.510485
17.029572
17.670248
17.668269
17.923863
17.891251
18.054872
18.042186
18.118368
18.086906
18.148058
18.048959
18.090461
17.990544
17.958945
17.862343
17.826365
17.677711
17.645586
17.508304
17.435035
17.319500
17.242758
17.156382
17.733563
18.217016
17.933113
18.436702
18.080320
18.520590
18.180788
18.527358
18.180020
18.508584
18.095320
18.406325
17.994106
18.237956
17.833473
18.084929
17.628380
17.897306
17.445125
17.705858
17.242750
17.648871
17.753313
17.907051
17.924945
18.090813
18.026334
18.151169
18.093125
18.129662
18.066074
18.089158
17.960928
17.971543
17.849341
17.795695
17.691963
17.638031
17.495629
17.445031
17.319520
17.670008
18.222716
17.970637
18.405004
18.103743
18.531847
18.153133
18.547540
18.173404
18.480020
18.103455
18.399109
17.957838
18.251211
17.816139
18.064461
17.638022
17.897351
17.435109
17.720246
17.717904
17.939885
17.955472
18.072011
18.054210
18.162272
18.067605
18.153856
18.063263
18.066864
17.979154
17.970433
17.827141
17.816059
17.691987
17.628371
17.508230
17.678895
18.253946
17.932450
18.425973
18.112646
18.502355
18.170765
18.545460
18.138758
18.497475
18.092653
18.375834
17.970411
18.251255
17.795756
18.084899
17.645609
17.678124
17.741928
17.966339
17.928372
18.100880
18.060803
18.139041
18.090278
18.156122
18.038276
18.092588
17.979173
17.957840
17.849271
17.833428
17.677787
17.708516
18.212742
17.953712
18.435137
18.082761
18.526738
18.167949
18.519089
18.156098
18.497515
18.066910
18.399090
17.971557
18.238092
17.826287
17.693961
17.764661
17.938529
17.955159
18.107515
18.034935
18.167910
18.090291
18.138766
18.063201
18.103421
17.960991
17.993973
17.862315
17.680689
18.230354
17.962422
18.407748
18.107489
18.526767
18.139068
18.545450
18.153855
18.480148
18.089077
18.406390
17.959055
17.703832
17.741405
17.962413
17.955161
18.082780
18.060756
18.170739
18.067660
18.173296
18.066047
18.095376
17.990429
17.703805
18.230367
17.938536
18.435142
18.100856
18.502471
18.162196
18.547602
18.129745
18.508589
18.090416
17.680719
17.764635
17.953691
17.928419
18.112571
18.054180
18.153185
18.093027
18.179940
18.049075
17.693911
18.212843
17.966268
18.426023
18.072067
18.531869
18.151114
18.527597
18.147927
17.708476
17.741892
17.932503
17.955398
18.103670
18.026431
18.180641
18.086842
17.678150
18.253984
17.939808
18.405218
18.090696
18.520676
18.118480
17.678831
17.717985
17.970529
17.924879
18.080400
18.042059
17.720136
18.222788
17.907126
18.436758
18.054772
17.670084
17.753217
17.932998
17.891377
17.648743
18.217316
17.923710
17.733430
17.668169
17.670323
17.261520
17.778340
17.015666
17.389521
16.655462
16.881855
16.177122
16.294477
15.519861
15.610600
14.797794
14.807609
14.066655
14.062990
13.331936
13.457911
12.770325
12.937807
12.400795
12.613511
12.081986
12.450178
11.928297
12.469393
12.498892
12.521488
12.509484
12.508220
12.516079
12.463872
12.440438
12.412381
12.330752
12.283981
12.223473
12.127833
12.053876
11.997611
11.882083
11.831946
11.778956
11.726891
11.683595
11.787544
11.765581
12.398117
12.739653
12.392908
12.751965
12.372807
12.694684
12.351382
12.612013
12.253354
12.534518
12.124821
12.393779
12.014030
12.246188
11.856757
12.156942
11.742526
12.069483
11.763894
12.146556
11.868347
12.272647
12.309790
12.277393
12.283213
12.283875
12.233091
12.212387
12.184578
12.109901
12.065389
12.020378
11.929846
11.876649
11.836857
11.758659
11.727360
11.751569
11.723723
11.809392
11.945269
12.163666
12.507860
12.179344
12.470947
12.131043
12.445088
12.058097
12.351527
11.996631
12.242697
11.876093
12.170375
11.769782
12.075067
11.752880
12.074339
11.776153
12.278972
12.016948
12.081701
12.057328
12.054540
12.057367
12.005644
11.989161
11.967769
11.902590
11.867123
11.843583
11.772921
11.751634
11.753024
11.727172
11.764327
11.869084
11.948839
12.134314
11.954302
12.289978
11.917831
12.239268
11.905285
12.176466
11.831065
12.143756
11.759354
12.076689
11.749281
12.065255
11.756415
12.199346
11.915963
12.439650
12.327353
11.848692
11.860321
11.856397
11.817012
11.802888
11.805965
11.748458
11.754205
11.749347
11.744689
11.759924
11.858001
11.898878
12.059773
12.262918
12.486468
11.784142
12.079647
11.753310
12.090558
11.721201
12.064557
11.745315
12.076983
11.772786
12.197346
11.909566
12.392186
12.244295
12.797238
12.715302
11.745368
11.763651
11.726436
11.758171
11.764777
11.782829
11.802609
11.902032
11.939417
12.080063
12.253349
12.442847
12.688438
13.048707
11.732906
12.098684
11.787694
12.143967
11.845810
12.281647
11.996303
12.467016
12.302766
12.815837
12.710445
13.389204
13.314108
11.885665
11.916359
11.947750
12.060706
12.095769
12.238442
12.389757
12.561701
12.770644
13.087533
13.329314
13.709688
12.082947
12.529485
12.229821
12.713645
12.524480
13.028842
12.889746
13.524719
13.405023
14.105294
14.091312
12.470352
12.612192
12.734784
12.890776
13.062193
13.336503
13.526607
13.859791
14.151717
14.497273
12.995506
13.481946
13.288686
13.888607
13.711958
14.363746
14.274593
14.938592
14.861634
13.625524
13.836935
13.961633
14.225328
14.437502
14.721141
14.952988
15.320788
14.255457
14.840466
14.654470
15.266332
15.099241
15.788452
15.597294
14.967767
15.150898
15.281483
15.563309
15.691606
16.002432
15.502297
16.126222
15.834203
16.486022
16.247370
16.055069
16.239611
16.332130
16.560420
16.455241
17.065066
16.712761
16.826187
17.010127
17.048529
17.676089
18.247488
17.920027
18.404411
18.096016
18.501256
18.172290
18.552890
18.168134
18.516809
18.134330
18.401955
18.019084
18.276156
17.835502
18.096910
17.659718
17.879683
17.457519
17.703942
17.243656
17.510445
17.029657
16.909629
17.261176
16.880421
17.252231
16.879943
17.219854
16.925548
17.279792
16.975513
17.379508
17.103819
17.485520
17.249870
17.660459
17.380500
17.842385
17.553504
17.996738
17.713488
18.186414
17.816481
18.368860
17.909210
17.619517
17.849536
17.823356
17.978727
17.940476
18.099388
18.013062
18.150509
18.088953
18.170770
18.096731
18.201537
18.084863
18.166480
18.091907
18.126515
18.032273
18.117580
17.985808
18.037062
17.975331
18.023957
17.832640
18.385136
17.944791
18.479038
18.022440
18.521736
18.099303
18.535786
18.111528
18.560425
18.096814
18.525598
18.094641
18.481966
18.028824
18.470468
17.961743
18.402124
17.934848
18.364982
17.835121
17.874323
18.049519
17.988136
18.126368
18.072461
18.161353
18.094464
18.196885
18.084957
18.169837
18.085790
18.123568
18.026076
18.100554
17.960595
18.020593
17.933558
17.944806
17.853056
17.916512
18.011253
18.504000
18.082471
18.534861
18.111244
18.561666
18.104098
18.531298
18.103428
18.476781
18.040596
18.445342
17.961370
18.361657
17.915958
18.281283
17.822297
18.252103
17.744791
18.015518
18.147858
18.081144
18.189148
18.085995
18.177087
18.090640
18.129802
18.035570
18.097858
17.956332
18.012256
17.908496
17.915382
17.815891
17.861852
17.733222
17.768727
18.119734
18.549752
18.116359
18.544461
18.118908
18.492362
18.067283
18.451133
17.982097
18.358760
17.919276
18.249523
17.812935
18.182194
17.703880
18.080460
17.653835
18.068722
18.192165
18.092712
18.150065
18.057308
18.115815
17.977467
18.029610
17.914306
17.917420
17.808244
17.836781
17.694569
17.721080
17.634125
17.607297
18.140828
18.511994
18.107691
18.478465
18.025036
18.391200
17.955653
18.268786
17.839256
18.172313
17.706819
18.040905
17.618524
17.909485
17.510573
18.080893
18.151567
18.012387
18.076051
17.951160
17.956779
17.840027
17.858433
17.705285
17.721016
17.610663
17.575773
17.491501
17.483155
18.078465
18.445955
18.018145
18.325110
17.905659
18.219462
17.759145
18.069520
17.644402
17.903524
17.499337
17.787980
17.357284
18.008334
18.025158
17.908256
17.925207
17.764773
17.777920
17.648745
17.606966
17.500583
17.481159
17.346532
17.333410
17.995319
18.304478
17.851988
18.156212
17.728229
17.973362
17.564203
17.826414
17.382768
17.653238
17.255177
17.860466
17.881364
17.742057
17.700756
17.579716
17.551814
17.395123
17.374654
17.259919
17.191701
17.845620
18.097601
17.684742
17.941847
17.488704
17.748146
17.329713
17.536645
17.143776
17.708947
17.686095
17.515430
17.494443
17.355337
17.281731
17.168060
17.119276
17.638871
17.910185
17.476297
17.687317
17.274550
17.499079
17.054393
17.517017
17.445502
17.317320
17.260092
17.098156
17.046528
17.458886
17.696450
17.236802
17.468605
17.043264
17.292590
17.239450
17.101120
17.003414
17.255277
17.474763
17.027347
17.095598
17.022887
17.084577
17.465903
18.220504
17.685003
18.304065
17.867186
18.387483
17.969502
18.488467
18.035927
18.522341
18.107304
18.536928
18.105011
18.567747
18.089558
18.533750
18.092522
18.511242
18.025281
18.529860
17.985186
18.465576
17.939778
12.244830
12.597986
13.060586
13.675177
14.372723
14.979786
15.619184
16.195870
16.627556
17.005138
17.336866
17.536953
17.714010
17.879230
17.945556
18.016076
18.085050
18.079592
18.079250
18.108121
18.022372
18.034767
12.274250
13.194347
13.374249
14.374324
14.677590
15.760628
15.945601
16.849749
16.946528
17.628972
17.537868
18.140942
17.901734
18.381841
18.121213
18.518453
18.167044
18.595235
18.155856
18.553339
18.129788
12.536145
12.945084
13.608674
14.291251
14.943692
15.572342
16.181917
16.607524
17.002809
17.331196
17.539085
17.717500
17.881017
17.955699
18.014012
18.098424
18.072439
18.097469
18.089464
18.045551
12.642089
13.675654
13.879286
14.991789
15.321191
16.286788
16.451874
17.302012
17.255401
17.901790
17.775476
18.274007
18.014472
18.499013
18.142032
18.553851
18.200263
18.555370
18.133542
12.872444
13.471301
14.231226
14.858516
15.544187
16.137398
16.602825
16.984421
17.333872
17.538770
17.722141
17.890639
17.957000
18.031737
18.090070
18.098060
18.080487
18.109391
13.168023
14.186464
14.524627
15.652069
15.872492
16.803560
16.917509
17.621661
17.533280
18.148531
17.908189
18.392974
18.124573
18.527795
18.169594
18.585462
18.162282
13.404549
14.134221
14.830355
15.485540
16.131818
16.576710
16.989537
17.324329
17.546144
17.723983
17.892609
17.968784
18.028529
18.103583
18.091235
18.091866
13.741426
14.845850
15.235061
16.226475
16.416214
17.282962
17.252036
17.904195
17.780149
18.282949
18.020304
18.499266
18.151758
18.544826
18.202702
14.094428
14.783871
15.478529
16.103224
16.585721
16.972409
17.329727
17.537202
17.725961
17.889206
17.971124
18.031221
18.102558
18.096756
14.449867
15.579602
15.850874
16.777855
16.912464
17.620808
17.536542
18.149006
17.915838
18.391043
18.127682
18.524127
18.173485
14.783373
15.462682
16.110124
16.574208
16.980204
17.315731
17.545033
17.715972
17.894913
17.967071
18.037824
18.097286
15.223457
16.219255
16.421390
17.281154
17.263744
17.906106
17.784555
18.285281
18.021833
18.493048
18.156366
15.486037
16.110921
16.590463
16.969336
17.320901
17.529758
17.720420
17.878861
17.976847
18.025428
15.885198
16.797387
16.927347
17.636542
17.545363
18.153528
17.920063
18.388705
18.122343
16.143139
16.596423
16.982570
17.306127
17.537126
17.699843
17.886023
17.958762
16.462827
17.310103
17.280950
17.921491
17.784524
18.292235
18.012347
16.628191
16.978446
17.312638
17.516066
17.705838
17.860692
16.960305
17.677702
17.551990
18.169296
17.908055
16.998499
17.292925
17.518537
17.674981
17.305341
17.972571
17.772744
17.283645
17.471914
17.584713
17.384865
17.885294
17.386145
17.969941
17.389092
17.895252
17.440369
17.890599
17.408621
17.902463
17.430525
17.874825
17.430515
17.902480
17.408660
17.890631
17.440319
17.895439
17.389018
17.970015
17.386248
17.885392
17.384746
17.356102
17.546082
16.824810
16.822063
16.026641
15.810783
14.850021
14.540287
13.510130
13.239880
12.440590
12.374462
11.859849
12.086081
11.739218
12.117480
11.887379
12.284504
12.075706
12.537590
12.274133
12.737022
12.451823
17.300637
16.931880
16.757504
16.270267
15.876822
15.302315
14.698338
14.007239
13.408103
12.764689
12.344865
12.009348
11.814751
11.731435
11.753115
11.772328
11.876916
11.977934
12.052176
12.182028
12.259196
12.410595
17.362746
17.427354
16.722435
16.724879
15.834841
15.630560
14.663501
14.299788
13.330898
13.097402
12.299493
12.327246
11.840400
12.056943
11.754999
12.137063
11.865772
12.316197
12.072621
12.521114
12.259227
17.255804
16.967917
16.658178
16.195875
15.792508
15.126272
14.555588
13.855130
13.228314
12.655430
12.270391
11.933843
11.815420
11.742012
11.732443
11.800931
11.885652
11.959591
12.072590
12.182015
17.275671
17.394419
16.703151
16.603159
15.747571
15.526792
14.494981
14.179037
13.212649
12.968287
12.241249
12.294300
11.793970
12.081621
11.759089
12.118323
11.885698
12.316194
12.052220
17.314823
16.895828
16.641350
16.165643
15.684235
15.049407
14.463931
13.718090
13.154141
12.590101
12.195725
11.926075
11.809038
11.719143
11.759057
11.800913
11.865742
11.977930
17.269363
17.402707
16.620216
16.568676
15.694805
15.415203
14.427176
14.105810
13.113249
12.940698
12.211713
12.255503
11.809083
12.081614
11.732493
12.137087
11.876922
17.261504
16.898386
16.641719
16.092300
15.657010
15.000177
14.376549
13.687334
13.120797
12.541192
12.211680
11.926051
11.793944
11.742013
11.754925
11.772354
17.291269
17.343976
16.615311
16.548836
15.623842
15.397757
14.391924
14.052018
13.120849
12.940691
12.195778
12.294332
11.815421
12.057010
11.753138
17.271959
16.910844
16.594270
16.095112
15.640871
14.951894
14.391893
13.687309
13.113216
12.590098
12.241166
11.933867
11.840343
11.731395
17.257512
17.352577
16.614091
16.509065
15.640912
15.397751
14.376597
14.105840
13.154139
12.968362
12.270413
12.327263
11.814824
17.279303
16.882459
16.614063
16.095091
15.623816
15.000169
14.427089
13.718114
13.212583
12.655377
12.299483
12.009323
17.279323
17.352578
16.594310
16.548861
15.656998
15.415282
14.463942
14.179049
13.228384
13.097455
12.344835
17.257501
16.910830
16.615236
16.092330
15.694733
15.049348
14.494965
13.855095
13.330777
12.764739
17.271941
17.344064
16.641709
16.568694
15.684301
15.526843
14.555543
14.299938
13.408087
17.291200
16.898338
16.620216
16.165600
15.747442
15.126320
14.663393
14.007150
17.261561
17.402754
16.641295
16.603328
15.792476
15.630592
14.698423
17.269256
16.895894
16.703038
16.195780
15.834846
15.302246
17.314759
17.394468
16.658265
16.724960
15.876731
17.275705
16.967839
16.722266
16.270343
17.255700
17.427626
16.757430
17.362595
16.931747
17.300739
17.676095
18.247491
17.920029
18.404413
18.096016
18.501256
18.172289
18.552888
18.168132
18.516807
18.134329
18.401952
18.019081
18.276155
17.835501
18.096908
17.659720
17.879684
17.457519
17.703946
17.243658
17.510446
17.029659
17.670327
17.668171
17.923712
17.891378
18.054772
18.042059
18.118479
18.086841
18.147926
18.049073
18.090415
17.990427
17.959052
17.862314
17.826285
17.677783
17.645608
17.508231
17.435107
17.319522
17.242752
17.156382
17.733434
18.217319
17.932999
18.436759
18.080399
18.520675
18.180640
18.527594
18.179938
18.508587
18.095374
18.406388
17.993973
18.238092
17.833427
18.084902
17.628374
17.897351
17.445034
17.705858
17.242758
17.648746
17.753220
17.907127
17.924880
18.090695
18.026430
18.151112
18.093025
18.129744
18.066046
18.089076
17.960991
17.971555
17.849270
17.795756
17.691985
17.638018
17.495629
17.445123
17.319499
17.670087
18.222791
17.970530
18.405218
18.103670
18.531868
18.153184
18.547600
18.173294
18.480147
18.103419
18.399087
17.957837
18.251255
17.816057
18.064461
17.638035
17.897307
17.435037
17.720140
17.717988
17.939809
17.955399
18.072067
18.054179
18.162195
18.067658
18.153853
18.063200
18.066907
17.979173
17.970411
17.827140
17.816140
17.691964
17.628378
17.508303
17.678835
18.253986
17.932504
18.426023
18.112571
18.502469
18.170738
18.545449
18.138765
18.497514
18.092587
18.375833
17.970430
18.251209
17.795694
18.084926
17.645587
17.678154
17.741894
17.966270
17.928418
18.100856
18.060755
18.139066
18.090289
18.156096
18.038274
18.092650
17.979152
17.957838
17.849341
17.833472
17.677714
17.708482
18.212845
17.953693
18.435142
18.082780
18.526766
18.167908
18.519087
18.156121
18.497474
18.066862
18.399109
17.971542
18.237954
17.826365
17.693915
17.764636
17.938538
17.955160
18.107489
18.034933
18.167947
18.090276
18.138755
18.063262
18.103453
17.960925
17.994103
17.862343
17.680724
18.230370
17.962416
18.407748
18.107515
18.526737
18.139039
18.545458
18.153854
18.480019
18.089155
18.406324
17.958946
17.703811
17.741407
17.962423
17.955159
18.082761
18.060801
18.170764
18.067604
18.173403
18.066072
18.095319
17.990543
17.703836
18.230356
17.938531
18.435137
18.100880
18.502354
18.162272
18.547538
18.129660
18.508582
18.090460
17.680694
17.764663
17.953714
17.928372
18.112646
18.054209
18.153132
18.093123
18.180019
18.048957
17.693967
18.212744
17.966341
18.425973
18.072011
18.531846
18.151168
18.527357
18.148057
17.708520
17.741930
17.932452
17.955472
18.103743
18.026333
18.180787
18.086904
17.678129
18.253949
17.939887
18.405005
18.090813
18.520589
18.118367
17.678900
17.717907
17.970638
17.924946
18.080320
18.042185
17.720250
18.222720
17.907052
18.436703
18.054872
17.670013
17.753317
17.933115
17.891252
17.648876
18.217020
17.923865
17.733568
17.668273
17.670253
17.356316
17.545948
16.824780
16.822000
16.026787
15.810551
14.850190
14.540217
13.510127
13.239849
12.440681
12.374317
11.859956
12.086032
11.739224
12.117467
11.887433
12.284442
12.075769
12.537570
12.274156
12.737020
12.451848
12.553712
12.979565
12.598242
12.971977
12.635870
12.940214
12.591119
12.909774
12.514087
12.801156
12.431385
12.661779
12.273920
12.534990
12.092806
12.357477
11.948516
12.196255
11.784516
12.134602
11.717231
12.124372
11.789694
17.048539
17.010138
16.712773
16.560433
16.247385
16.002447
15.597309
15.320803
14.861646
14.497286
14.091318
13.709691
13.314113
13.048704
12.715296
12.486463
12.327349
12.134309
12.016943
11.945264
11.868344
11.765578
16.826199
17.065079
16.332143
16.486037
15.691622
15.788466
14.953002
14.938604
14.151724
14.105301
13.329315
13.389201
12.688437
12.797233
12.262908
12.439640
11.948830
12.278964
11.809385
12.146550
11.787539
16.455255
16.239627
15.834219
15.563325
15.099257
14.721155
14.274605
13.859800
13.405028
13.087537
12.710444
12.442840
12.244291
12.059769
11.915955
11.869072
11.776140
11.723709
11.763882
11.683586
16.055085
16.126239
15.281499
15.266346
14.437515
14.363755
13.526613
13.524722
12.770642
12.815834
12.253343
12.392176
11.898867
12.199339
11.764323
12.074334
11.751562
12.069475
11.726884
15.502314
15.150915
14.654485
14.225341
13.711969
13.336509
12.889747
12.561700
12.302759
12.080054
11.909557
11.857992
11.756404
11.727160
11.752871
11.727355
11.742525
11.778954
14.967783
14.840481
13.961645
13.888613
13.062197
13.028841
12.389751
12.467009
11.939408
12.197333
11.759907
12.065242
11.753014
12.075056
11.758645
12.156928
11.831936
14.255471
13.836946
13.288694
12.890778
12.524478
12.238436
11.996293
11.902021
11.772778
11.744681
11.749271
11.751623
11.769777
11.836855
11.856757
11.882081
13.625533
13.481951
12.734785
12.713640
12.095762
12.281634
11.802593
12.076967
11.749332
12.076678
11.772911
12.170362
11.876637
12.246179
11.997604
12.995510
12.612191
12.229816
12.060695
11.845801
11.782819
11.745302
11.754193
11.759342
11.843570
11.876085
11.929838
12.014022
12.053869
12.470349
12.529478
11.947737
12.143950
11.764760
12.064544
11.748442
12.143744
11.867114
12.242686
12.020368
12.393772
12.127827
12.082939
11.916349
11.787682
11.758155
11.721185
11.805952
11.831051
11.902576
11.996621
12.065381
12.124814
12.223466
11.885648
12.098669
11.726423
12.090544
11.802874
12.176455
11.967759
12.351517
12.109893
12.534511
12.283975
11.732890
11.763633
11.753294
11.816995
11.905270
11.989148
12.058086
12.184568
12.253346
12.330745
11.745353
12.079632
11.856384
12.239256
12.005632
12.445077
12.212379
12.612005
12.412375
11.784125
11.860304
11.917817
12.057355
12.131033
12.233081
12.351373
12.440431
11.848677
12.289964
12.054528
12.470937
12.283865
12.694676
12.463866
11.954289
12.057315
12.179333
12.283202
12.372799
12.516072
12.081689
12.507849
12.277384
12.751957
12.508212
12.163656
12.309780
12.392900
12.509476
12.272637
12.739644
12.521480
12.398109
12.498884
12.469384
17.465910
18.220509
17.685006
18.304069
17.867189
18.387485
17.969504
18.488470
18.035928
18.522340
18.107305
18.536929
18.105012
18.567746
18.089557
18.533748
18.092521
18.511241
18.025281
18.529860
17.985187
18.465576
17.939779
17.084578
17.022888
17.027349
17.003415
17.043265
17.046532
17.054391
17.119280
17.143776
17.191702
17.255178
17.333407
17.357292
17.483150
17.510578
17.607296
17.653831
17.768727
17.744793
17.916511
17.835120
18.023957
17.095598
17.474765
17.101121
17.468605
17.098158
17.499078
17.168062
17.536645
17.259920
17.653239
17.346529
17.787985
17.491498
17.909487
17.634128
18.080455
17.733220
18.252105
17.853052
18.364981
17.975330
17.255278
17.239449
17.236804
17.260092
17.274551
17.281734
17.329712
17.374656
17.382769
17.481158
17.499339
17.575774
17.618524
17.721085
17.703878
17.861850
17.822300
17.944804
17.934846
18.037061
17.292588
17.696452
17.317321
17.687315
17.355340
17.748144
17.395124
17.826415
17.500583
17.903526
17.610661
18.040905
17.694572
18.182195
17.815886
18.281286
17.933556
18.402121
17.985805
17.458886
17.445504
17.476295
17.494444
17.488704
17.551814
17.564204
17.606964
17.644407
17.721013
17.706821
17.836780
17.812939
17.915378
17.915960
18.020593
17.961740
18.117577
17.517016
17.910185
17.515432
17.941845
17.579717
17.973363
17.648741
18.069524
17.705282
18.172314
17.808242
18.249524
17.908495
18.361655
17.960595
18.470467
18.032268
17.638868
17.686098
17.684740
17.700754
17.728232
17.777917
17.759145
17.858433
17.839256
17.917422
17.919275
18.012257
17.961370
18.100553
18.028824
18.126511
17.708947
18.097603
17.742055
18.156213
17.764772
18.219461
17.840026
18.268784
17.914307
18.358760
17.956328
18.445343
18.026072
18.481966
18.091904
17.845620
17.881363
17.851988
17.925205
17.905659
17.956778
17.955653
18.029609
17.982100
18.097856
18.040596
18.123566
18.094641
18.166479
17.860463
18.304479
17.908254
18.325108
17.951160
18.391199
17.977465
18.451133
18.035569
18.476779
18.085788
18.525597
18.084861
17.995319
18.025158
18.018142
18.076051
18.025036
18.115814
18.067282
18.129802
18.103428
18.169836
18.096814
18.201536
18.008333
18.445953
18.012384
18.478464
18.057306
18.492362
18.090638
18.531297
18.084955
18.560424
18.096730
18.078464
18.151565
18.107690
18.150064
18.118908
18.177086
18.104097
18.196884
18.111529
18.170768
18.080891
18.511993
18.092710
18.544459
18.085994
18.561665
18.094462
18.535786
18.088953
18.140827
18.192164
18.116358
18.189147
18.111244
18.161353
18.099303
18.150510
18.068721
18.549751
18.081144
18.534860
18.072461
18.521736
18.013061
18.119734
18.147857
18.082471
18.126368
18.022441
18.099388
18.015517
18.504001
17.988136
18.479038
17.940478
18.011254
18.049521
17.944792
17.978729
17.874325
18.385140
17.823358
17.832644
17.849540
17.619521
17.261528
17.778349
17.015675
17.389533
16.655474
16.881867
16.177135
16.294491
15.519872
15.610613
14.797803
14.807615
14.066662
14.062990
13.331933
13.457908
12.770322
12.937802
12.400788
12.613506
12.081982
12.450175
11.928296
12.051224
12.781011
12.846878
13.837978
14.021267
15.101738
15.404250
16.337894
16.490731
17.319581
17.268068
17.902155
17.777529
18.265546
18.012632
18.491738
18.140861
18.549523
18.207271
18.556499
18.150218
18.559655
18.044156
17.584719
17.471919
17.772749
17.674985
17.908058
17.860695
18.012351
17.958763
18.122343
18.025430
18.156368
18.097285
18.173483
18.096754
18.202701
18.091863
18.162280
18.109389
18.133540
18.045549
18.129787
18.034766
17.283652
17.972578
17.518544
18.169300
17.705843
18.292240
17.886026
18.388707
17.976853
18.493052
18.037825
18.524127
18.102559
18.544827
18.091236
18.585461
18.080486
18.555367
18.089463
18.553337
18.022372
17.305352
17.292933
17.551996
17.516073
17.784530
17.699846
17.920067
17.878868
18.021837
17.967071
18.127683
18.031222
18.151759
18.103582
18.169591
18.098056
18.200260
18.097465
18.155854
18.108119
16.998509
17.677710
17.312648
17.921499
17.537132
18.153535
17.720430
18.285286
17.894916
18.391046
17.971129
18.499268
18.028530
18.527793
18.090069
18.553849
18.072438
18.595234
18.079250
16.960316
16.978456
17.280960
17.306133
17.545372
17.529767
17.784560
17.715974
17.915843
17.889210
18.020306
17.968783
18.124572
18.031734
18.142030
18.098422
18.167043
18.079590
16.628204
17.310115
16.982579
17.636552
17.320912
17.906112
17.545038
18.149012
17.725967
18.282952
17.892610
18.392975
17.957001
18.499013
18.014013
18.518453
18.085051
16.462840
16.596433
16.927360
16.969346
17.263751
17.315736
17.536550
17.537208
17.780152
17.723984
17.908190
17.890639
18.014473
17.955699
18.121213
18.016075
16.143151
16.797401
16.590476
17.281161
16.980213
17.620817
17.329735
17.904198
17.546148
18.148533
17.722145
18.274010
17.881019
18.381842
17.945557
15.885213
16.110933
16.421398
16.574218
16.912474
16.972416
17.252041
17.324333
17.533284
17.538773
17.775479
17.717501
17.901735
17.879229
15.486049
16.219264
16.110137
16.777866
16.585730
17.282968
16.989544
17.621666
17.333876
17.901793
17.539088
18.140943
17.714011
15.223466
15.462693
15.850885
16.103232
16.416222
16.576717
16.917516
16.984425
17.255404
17.331198
17.537869
17.536953
14.783384
15.579610
15.478537
16.226483
16.131827
16.803567
16.602831
17.302016
17.002813
17.628974
17.336867
14.449872
14.783875
15.235068
15.485547
15.872499
16.137403
16.451878
16.607527
16.946530
17.005139
14.094430
14.845855
14.830361
15.652073
15.544192
16.286792
16.181921
16.849751
16.627558
13.741428
14.134222
14.524628
14.858517
15.321194
15.572344
15.945603
16.195870
13.404548
14.186461
14.231226
14.991791
14.943695
15.760630
15.619186
13.168018
13.471297
13.879286
14.291252
14.677591
14.979786
12.872439
13.675652
13.608675
14.374325
14.372724
12.642085
12.945082
13.374250
13.675176
12.536143
13.194347
13.060587
12.274249
12.597985
12.244831
17.356096
17.546074
16.824800
16.822051
16.026627
15.810769
14.850007
14.540275
13.510122
13.239878
12.440595
12.374470
11.859865
12.086099
11.739234
12.117498
11.887394
12.284518
12.075719
12.537601
12.274143
12.737032
12.451831
12.553719
12.979579
12.598267
12.971993
12.635853
12.940313
12.591074
12.909829
12.514132
12.801209
12.431324
12.661991
12.273826
12.535095
12.092873
12.357586
11.948407
12.196599
11.784376
12.134780
11.717310
12.124587
11.789511
17.048635
17.009956
16.712595
16.560475
16.247256
16.002183
15.597417
15.320589
14.861447
14.497316
14.091184
13.709416
13.314237
13.048495
12.715122
12.486516
12.327228
12.134075
12.017074
11.945074
11.868179
11.765646
16.826047
17.065401
16.332035
16.486083
15.691738
15.788562
14.952840
14.938937
14.151626
14.105359
13.329464
13.389333
12.688308
12.797625
12.262834
12.439765
11.948995
12.279145
11.809266
12.146992
11.787427
16.455148
16.239400
15.834309
15.563135
15.099087
14.721175
14.274487
13.859556
13.405136
13.087355
12.710289
12.442894
12.244190
12.059562
11.916082
11.868912
11.775993
11.723785
11.763749
11.683416
16.055172
16.126324
15.281357
15.266625
14.437425
14.363798
13.526737
13.524830
12.770527
12.816172
12.253285
12.392277
11.899026
12.199495
11.764225
12.074719
11.751485
12.069628
11.727014
15.502175
15.150918
14.654386
14.225123
13.712057
13.336346
12.889612
12.561743
12.302678
12.079871
11.909675
11.857857
11.756279
11.727231
11.752770
11.727195
11.742618
11.778816
14.967708
14.840511
13.961739
13.888699
13.062094
13.029121
12.389705
12.467087
11.939551
12.197466
11.759827
12.065573
11.752963
12.075172
11.758777
12.157076
11.831846
14.255532
13.836802
13.288577
12.890799
12.524412
12.238271
11.996398
11.901906
11.772675
11.744743
11.749197
11.751476
11.769871
11.836737
11.856637
11.882141
13.625448
13.482163
12.734748
12.713696
12.095883
12.281746
11.802531
12.077245
11.749302
12.076768
11.773039
12.170487
11.876563
12.246474
11.997548
12.995453
12.612045
12.229898
12.060596
11.845719
11.782865
11.745252
11.754063
11.759434
11.843470
11.875987
11.929890
12.013941
12.053740
12.470444
12.529562
11.947695
12.144171
11.764752
12.064614
11.748561
12.143849
11.867059
12.242934
12.020333
12.393854
12.127929
12.082875
11.916374
11.787653
11.758044
11.721267
11.805870
11.830976
11.902618
11.996565
12.065266
12.124881
12.223372
11.885659
12.098720
11.726529
12.090632
11.802843
12.176655
11.967745
12.351579
12.109989
12.534598
12.283922
11.732954
11.763571
11.753244
11.817022
11.905237
11.989051
12.058150
12.184491
12.253273
12.330776
11.745347
12.079780
11.856396
12.239304
12.005722
12.445149
12.212346
12.612175
12.412354
11.784116
11.860226
11.917871
12.057295
12.130982
12.233102
12.351336
12.440347
11.848759
12.290021
12.054521
12.471062
12.283867
12.694713
12.463935
11.954262
12.057321
12.179317
12.283135
12.372840
12.516020
12.081718
12.507875
12.277448
12.751997
12.508199
12.163686
12.309742
12.392876
12.509485
12.272653
12.739704
12.521492
12.398110
12.498850
12.469421
17.465704
18.220662
17.685134
18.304142
17.867049
18.387959
17.969273
18.488628
18.036166
18.522401
18.107164
18.537537
18.104749
18.567936
18.089883
18.533833
18.092354
18.511990
18.024982
18.530107
17.985545
18.465761
17.939548
17.084645
17.022825
17.027289
17.003481
17.043215
17.046354
17.054589
17.119110
17.143621
17.191881
17.255044
17.333122
17.357606
17.482883
17.510350
17.607538
17.653634
17.768354
17.745151
17.916172
17.834822
18.024161
17.095532
17.474901
17.101076
17.468586
17.098301
17.499117
17.167890
17.537030
17.259761
17.653252
17.346761
17.788071
17.491211
17.910100
17.633867
18.080537
17.733483
18.252292
17.852673
18.365784
17.975031
17.255298
17.239303
17.236946
17.259973
17.274431
17.281861
17.329618
17.374412
17.383027
17.480941
17.499131
17.575991
17.618358
17.720746
17.704215
17.861557
17.822024
17.945040
17.934645
18.036612
17.292664
17.696499
17.317195
17.687588
17.355242
17.748140
17.395318
17.826487
17.500348
17.904035
17.610459
18.040947
17.694827
18.182338
17.815550
18.281991
17.933290
18.402231
17.986091
17.458815
17.445565
17.476258
17.494243
17.488902
17.551649
17.564028
17.607139
17.644274
17.720716
17.707116
17.836531
17.812687
17.915607
17.915783
18.020195
17.962093
18.117248
17.516981
17.910170
17.515570
17.941913
17.579534
17.973761
17.648598
18.069543
17.705513
18.172429
17.807957
18.250130
17.908274
18.361721
17.960870
18.470658
18.031920
17.638998
17.685991
17.684609
17.700873
17.728144
17.777666
17.759385
17.858231
17.839033
17.917623
17.919122
18.011907
17.961689
18.100273
18.028551
18.126712
17.708821
18.097875
17.741971
18.156219
17.764960
18.219560
17.839797
18.269285
17.914138
18.358800
17.956585
18.445498
18.025762
18.482629
18.091694
17.845582
17.881168
17.852164
17.925056
17.905475
17.956937
17.955529
18.029310
17.982369
18.097622
18.040345
18.123764
18.094489
18.166081
17.860594
18.304563
17.908083
18.325495
17.951042
18.391226
17.977690
18.451263
18.035309
18.477350
18.085612
18.525654
18.085133
17.995183
18.025267
18.018055
18.075810
18.025244
18.115627
18.067060
18.129975
18.103289
18.169494
18.097100
18.201276
18.008265
18.445970
18.012561
18.478576
18.057103
18.492835
18.090503
18.531342
18.085202
18.560584
18.096456
18.078610
18.151432
18.107509
18.150200
18.118787
18.176802
18.104328
18.196668
18.111287
18.170935
18.080741
18.512354
18.092614
18.544500
18.086206
18.561804
18.094235
18.536312
18.088809
18.140736
18.191947
18.116528
18.188973
18.111028
18.161498
18.099167
18.150196
18.068880
18.549867
18.080971
18.535301
18.072349
18.521793
18.013282
18.119562
18.147971
18.082342
18.126109
18.022624
18.099193
18.015429
18.504063
17.988325
18.479181
17.940280
18.011378
18.049356
17.944582
17.978846
17.874178
18.385549
17.823252
17.832495
17.849310
17.619665
17.261409
17.778434
17.015804
17.389652
16.655299
16.882234
16.177019
16.294536
15.520016
15.610727
14.797623
14.808003
14.066553
14.063069
13.332098
13.458065
12.770175
12.938244
12.400691
12.613664
12.082143
12.450393
11.928156
12.050971
12.781220
12.846895
13.838176
14.020916
15.102246
15.403936
16.338008
16.490771
17.319794
17.267643
17.902793
17.777201
18.265674
18.012745
18.492004
18.140369
18.550304
18.206895
18.556662
18.150356
18.560004
18.043600
17.584801
17.471734
17.772576
17.675161
17.907783
17.860566
18.012489
17.958524
18.122110
18.025678
18.155998
18.097115
18.173654
18.096444
18.202393
18.092157
18.161823
18.109164
18.133721
18.045188
18.129398
18.035077
17.283508
17.972993
17.518324
18.169450
17.706021
18.292307
17.885884
18.389250
17.976603
18.493235
18.038103
18.524206
18.102407
18.545514
18.090948
18.585694
18.080825
18.555496
18.089264
18.554177
18.022012
17.305108
17.292809
17.552101
17.515860
17.784324
17.700053
17.919741
17.878722
18.021980
17.966800
18.127406
18.031495
18.151332
18.103399
18.169749
18.097734
18.199901
18.097793
18.155332
18.107921
16.998634
17.677773
17.312500
17.921964
17.536895
18.153701
17.720646
18.285362
17.894767
18.391657
17.970858
18.499486
18.028828
18.527903
18.089896
18.554609
18.072111
18.595521
18.079569
16.960116
16.978617
17.280672
17.306000
17.545480
17.529530
17.784314
17.716207
17.915462
17.889053
18.020439
17.968495
18.124250
18.032033
18.141550
18.098249
18.167176
18.079269
16.627994
17.310245
16.982734
17.636618
17.320761
17.906634
17.544785
18.149204
17.726211
18.283050
17.892452
18.393650
17.956707
18.499269
18.014310
18.518590
18.084868
16.462896
16.596233
16.927129
16.969533
17.263413
17.315593
17.536651
17.536952
17.779863
17.724239
17.907759
17.890480
18.014588
17.955407
18.120865
18.016380
16.143005
16.797820
16.590244
17.281312
16.980395
17.620898
17.329578
17.904780
17.545881
18.148757
17.722401
18.274132
17.880851
18.382552
17.945256
15.884910
16.110805
16.421454
16.573996
16.912206
16.972622
17.251655
17.324182
17.533369
17.538506
17.775157
17.717768
17.901281
17.879065
15.486176
16.219321
16.109980
16.778342
16.585484
17.283148
16.989748
17.621771
17.333716
17.902417
17.538812
18.141183
17.714276
15.223221
15.462858
15.850540
16.103092
16.416269
16.576479
16.917211
16.984642
17.254985
17.331041
17.537950
17.536680
14.783165
15.579748
15.478685
16.226563
16.131666
16.804096
16.602581
17.302221
17.003031
17.629092
17.336707
14.449902
14.783678
15.234790
15.485723
15.872116
16.137248
16.451915
16.607277
16.946209
17.005362
14.094283
14.846297
14.830134
15.652240
15.544362
16.286898
16.181762
16.850310
16.627307
13.741119
14.134096
14.524649
14.858301
15.320884
15.572521
15.945204
16.195711
13.404687
14.186566
14.231075
14.992282
14.943474
15.760816
15.619367
13.167774
13.471464
13.878944
14.291100
14.677602
14.979561
12.872257
13.675833
13.608835
14.374459
14.372574
12.642125
12.944910
13.373966
13.675332
12.536010
13.194839
13.060414
12.273980
12.597845
12.244967
17.261414
17.778440
17.015812
17.389659
16.655307
16.882243
16.177028
16.294545
15.520027
15.610735
14.797634
14.808013
14.066559
14.063078
13.332107
13.458070
12.770179
12.938248
12.400694
12.613666
12.082144
12.450393
11.928156
12.469413
12.498842
12.521484
12.509477
12.508192
12.516014
12.463928
12.440341
12.412347
12.330771
12.283916
12.223366
12.127924
12.053736
11.997543
11.882132
11.831848
11.778808
11.727014
11.683420
11.787428
11.765646
12.398101
12.739695
12.392867
12.751989
12.372833
12.694704
12.351329
12.612167
12.253267
12.534589
12.124875
12.393847
12.013934
12.246469
11.856626
12.157077
11.742610
12.069627
11.763753
12.146993
11.868180
12.272642
12.309733
12.277438
12.283126
12.283857
12.233094
12.212336
12.184483
12.109980
12.065258
12.020325
11.929882
11.876560
11.836723
11.758777
11.727188
11.751480
11.723789
11.809267
11.945073
12.163674
12.507864
12.179307
12.471052
12.130972
12.445138
12.058140
12.351569
11.996555
12.242926
11.875977
12.170480
11.769860
12.075168
11.752764
12.074711
11.775997
12.279144
12.017073
12.081705
12.057309
12.054509
12.057284
12.005709
11.989041
11.967732
11.902610
11.867047
11.843461
11.773028
11.751468
11.752955
11.727227
11.764215
11.868913
11.948995
12.134074
11.954249
12.290008
11.917858
12.239289
11.905227
12.176640
11.830965
12.143837
11.759423
12.076757
11.749187
12.065567
11.756273
12.199487
11.916078
12.439768
12.327228
11.848743
11.860213
11.856380
11.817010
11.802828
11.805857
11.748550
11.754050
11.749294
11.744728
11.759823
11.857849
11.899023
12.059556
12.262837
12.486518
11.784103
12.079763
11.753229
12.090616
11.721255
12.064600
11.745239
12.077237
11.772660
12.197460
11.909668
12.392275
12.244186
12.797626
12.715128
11.745330
11.763558
11.726511
11.758031
11.764739
11.782850
11.802523
11.901896
11.939543
12.079866
12.253281
12.442896
12.688308
13.048500
11.732941
12.098706
11.787637
12.144163
11.845705
12.281737
11.996391
12.467080
12.302675
12.816170
12.710290
13.389339
13.314240
11.885649
11.916360
11.947685
12.060587
12.095875
12.238266
12.389703
12.561740
12.770530
13.087355
13.329472
13.709424
12.082866
12.529554
12.229891
12.713692
12.524409
13.029120
12.889614
13.524834
13.405143
14.105364
14.091193
12.470441
12.612043
12.734748
12.890801
13.062098
13.336351
13.526744
13.859562
14.151636
14.497323
12.995457
13.482167
13.288582
13.888707
13.712064
14.363807
14.274496
14.938946
14.861458
13.625457
13.836811
13.961749
14.225134
14.437436
14.721186
14.952851
15.320599
14.255544
14.840523
14.654398
15.266638
15.099098
15.788574
15.597427
14.967723
15.150931
15.281370
15.563148
15.691749
16.002194
15.502189
16.126337
15.834322
16.486094
16.247264
16.055185
16.239411
16.332047
16.560484
16.455159
17.065410
16.712605
16.826055
17.009964
17.048642
17.675932
18.247596
17.920119
18.404529
18.095832
18.501586
18.172167
18.552919
18.168228
18.516895
18.134154
18.402212
18.018990
18.276148
17.835560
18.096970
17.659571
17.879825
17.457462
17.703915
17.243647
17.510485
17.029572
16.909648
17.261155
16.880500
17.252247
16.879847
17.220095
16.925447
17.279786
16.975701
17.379554
17.103597
17.486010
17.249650
17.660500
17.380752
17.842496
17.553171
17.997450
17.713167
18.186566
17.816726
18.369129
17.908785
17.619666
17.849311
17.823254
17.978847
17.940280
18.099193
18.013283
18.150194
18.088808
18.170935
18.096456
18.201276
18.085134
18.166081
18.091696
18.126715
18.031924
18.117251
17.986093
18.036613
17.975032
18.024161
17.832496
18.385549
17.944582
18.479182
18.022622
18.521793
18.099167
18.536311
18.111285
18.560583
18.097099
18.525654
18.094488
18.482628
18.028550
18.470659
17.962095
18.402234
17.934646
18.365785
17.834822
17.874179
18.049356
17.988325
18.126109
18.072348
18.161497
18.094236
18.196668
18.085202
18.169494
18.085612
18.123764
18.025765
18.100274
17.960869
18.020195
17.933292
17.945042
17.852676
17.916174
18.011378
18.504063
18.082341
18.535300
18.111026
18.561803
18.104327
18.531341
18.103288
18.477351
18.040344
18.445496
17.961689
18.361723
17.915781
18.281988
17.822020
18.252290
17.745149
18.015429
18.147970
18.080970
18.188973
18.086205
18.176801
18.090503
18.129974
18.035309
18.097624
17.956587
18.011906
17.908274
17.915610
17.815554
17.861559
17.733483
17.768353
18.119561
18.549866
18.116526
18.544499
18.118785
18.492833
18.067059
18.451262
17.982365
18.358799
17.919124
18.250128
17.812683
18.182337
17.704218
18.080542
17.653639
18.068878
18.191946
18.092613
18.150199
18.057103
18.115627
17.977690
18.029310
17.914136
17.917621
17.807958
17.836533
17.694824
17.720742
17.633864
17.607539
18.140735
18.512353
18.107507
18.478574
18.025243
18.391225
17.955529
18.269286
17.839033
18.172427
17.707114
18.040947
17.618358
17.910099
17.510346
18.080740
18.151431
18.012561
18.075809
17.951041
17.956937
17.839797
17.858231
17.705515
17.720719
17.610461
17.575991
17.491214
17.482889
18.078608
18.445969
18.018056
18.325494
17.905474
18.219560
17.759384
18.069539
17.644271
17.904034
17.499130
17.788066
17.357599
18.008262
18.025265
17.908083
17.925057
17.764959
17.777668
17.648602
17.607141
17.500349
17.480943
17.346765
17.333126
17.995182
18.304561
17.852162
18.156217
17.728141
17.973760
17.564029
17.826487
17.383028
17.653252
17.255044
17.860594
17.881168
17.741973
17.700874
17.579533
17.551649
17.395319
17.374411
17.259761
17.191881
17.845581
18.097874
17.684610
17.941915
17.488903
17.748143
17.329621
17.537031
17.143624
17.708821
17.685987
17.515569
17.494242
17.355239
17.281861
17.167890
17.119108
17.639001
17.910171
17.476260
17.687591
17.274433
17.499119
17.054594
17.516981
17.445563
17.317194
17.259975
17.098300
17.046353
17.458816
17.696498
17.236946
17.468587
17.043216
17.292667
17.239305
17.101077
17.003483
17.255299
17.474901
17.027290
17.095533
17.022826
17.084647
17.465707
18.220666
17.685137
18.304143
17.867049
18.387960
17.969273
18.488626
18.036164
18.522401
18.107162
18.537535
18.104748
18.567937
18.089884
18.533835
18.092355
18.511991
18.024982
18.530107
17.985544
18.465761
17.939547
12.244967
12.597845
13.060414
13.675333
14.372575
14.979563
15.619367
16.195712
16.627306
17.005362
17.336706
17.536680
17.714275
17.879065
17.945255
18.016381
18.084867
18.079270
18.079569
18.107923
18.022012
18.035079
12.273980
13.194839
13.373967
14.374461
14.677604
15.760818
15.945205
16.850311
16.946210
17.629092
17.537950
18.141183
17.901280
18.382551
18.120865
18.518591
18.167177
18.595522
18.155334
18.554178
18.129399
12.536011
12.944912
13.608837
14.291103
14.943476
15.572523
16.181763
16.607278
17.003031
17.331041
17.538811
17.717768
17.880849
17.955407
18.014309
18.098251
18.072112
18.097796
18.089266
18.045190
12.642128
13.675838
13.878949
14.992287
15.320887
16.286901
16.451917
17.302223
17.254986
17.902417
17.775157
18.274131
18.014588
18.499269
18.141552
18.554610
18.199904
18.555498
18.133723
12.872263
13.471472
14.231082
14.858307
15.544366
16.137251
16.602582
16.984644
17.333716
17.538507
17.722400
17.890481
17.956706
18.032036
18.089898
18.097737
18.080826
18.109166
13.167782
14.186576
14.524657
15.652246
15.872120
16.804098
16.917212
17.621772
17.533370
18.148758
17.907760
18.393651
18.124252
18.527905
18.169751
18.585695
18.161824
13.404693
14.134104
14.830139
15.485727
16.131668
16.576481
16.989748
17.324183
17.545881
17.724241
17.892452
17.968497
18.028828
18.103400
18.090948
18.092159
13.741126
14.846304
15.234795
16.226568
16.416273
17.283152
17.251658
17.904782
17.779864
18.283050
18.020438
18.499484
18.151331
18.545513
18.202394
14.094292
14.783688
15.478691
16.103098
16.585487
16.972624
17.329578
17.536952
17.726208
17.889051
17.970855
18.031494
18.102406
18.096446
14.449911
15.579756
15.850545
16.778345
16.912207
17.620898
17.536650
18.149203
17.915461
18.391656
18.127406
18.524207
18.173655
14.783171
15.462864
16.109984
16.574001
16.980398
17.315596
17.544786
17.716209
17.894767
17.966802
18.038102
18.097115
15.223232
16.219331
16.421462
17.281319
17.263418
17.906637
17.784315
18.285361
18.021978
18.493232
18.155996
15.486184
16.110813
16.590247
16.969535
17.320759
17.529528
17.720641
17.878718
17.976598
18.025676
15.884917
16.797826
16.927132
17.636619
17.545480
18.153701
17.919741
18.389249
18.122111
16.143014
16.596241
16.982739
17.306005
17.536897
17.700055
17.885884
17.958524
16.462902
17.310250
17.280675
17.921966
17.784325
18.292306
18.012487
16.628000
16.978622
17.312503
17.515862
17.706021
17.860567
16.960123
17.677779
17.552105
18.169452
17.907785
16.998639
17.292814
17.518326
17.675163
17.305113
17.972996
17.772578
17.283514
17.471739
17.584805
12.553719
12.979572
12.598249
12.971983
12.635876
12.940220
12.591125
12.909779
12.514093
12.801161
12.431390
12.661785
12.273924
12.534996
12.092810
12.357482
11.948518
12.196263
11.784515
12.134607
11.717236
12.124374
11.789694
12.709720
12.675061
12.756121
12.712404
12.734743
12.732825
12.686823
12.661301
12.630247
12.549434
12.490950
12.435405
12.315160
12.252635
12.158195
12.052610
11.955029
11.908628
11.771518
11.768088
11.698897
11.796138
12.790886
13.167687
12.806740
13.199402
12.805474
13.143434
12.790991
13.055992
12.685957
12.964153
12.535172
12.799306
12.388065
12.601953
12.181411
12.441938
11.958900
12.263776
11.807421
12.126457
11.698900
12.875496
12.925707
12.924563
12.919152
12.943613
12.883293
12.866962
12.832300
12.743030
12.694045
12.611702
12.508228
12.412939
12.335719
12.180398
12.121713
11.990965
11.901176
11.807421
11.768090
12.966146
13.344002
13.023487
13.341926
12.988145
13.318662
12.909464
13.207622
12.815591
13.046157
12.640325
12.886596
12.417443
12.674388
12.216879
12.438604
11.990966
12.263778
11.771519
13.088175
13.083564
13.100766
13.108615
13.064551
13.041777
13.002169
12.919145
12.853886
12.785067
12.648004
12.581711
12.452457
12.333977
12.216879
12.121714
11.958901
11.908633
13.141085
13.517672
13.149664
13.490447
13.133599
13.407945
13.028696
13.302599
12.859474
13.123582
12.683150
12.888113
12.452458
12.674388
12.180400
12.441941
11.955031
13.208239
13.237820
13.239877
13.204186
13.178405
13.144076
13.048470
12.998951
12.897381
12.789197
12.683151
12.581711
12.417443
12.335722
12.181413
12.052614
13.283921
13.604181
13.267985
13.587143
13.187227
13.485584
13.080979
13.309390
12.897382
13.123582
12.648007
12.886597
12.412940
12.601956
12.158199
13.322713
13.342387
13.290315
13.284795
13.225085
13.153748
13.080979
12.998952
12.859476
12.785066
12.640328
12.508229
12.388068
12.252639
13.339299
13.680772
13.322235
13.596616
13.225085
13.485586
13.048470
13.302601
12.853889
13.046156
12.611707
12.799309
12.315163
13.374029
13.355298
13.322236
13.284794
13.187226
13.144080
13.028695
12.919147
12.815595
12.694045
12.535177
12.435410
13.374030
13.680771
13.290318
13.587142
13.178405
13.407951
13.002169
13.207625
12.743034
12.964155
12.490955
13.339301
13.342386
13.267988
13.204185
13.133600
13.041782
12.909465
12.832304
12.685962
12.549437
13.322717
13.604179
13.239880
13.490447
13.064554
13.318666
12.866966
13.055995
12.630253
13.283924
13.237817
13.149666
13.108619
12.988148
12.883296
12.790996
12.661306
13.208241
13.517672
13.100770
13.341930
12.943617
13.143437
12.686828
13.141087
13.083567
13.023491
12.919156
12.805479
12.732830
13.088179
13.344007
12.924567
13.199406
12.734747
12.966150
12.925712
12.806745
12.712409
12.875501
13.167692
12.756127
12.790891
12.675066
12.709726
12.615766
13.094690
12.840636
13.315583
13.027713
13.450128
13.213407
13.589696
13.309141
13.687777
13.389674
13.698687
13.389673
13.687776
13.309139
13.589695
13.213406
13.450125
13.027708
13.315579
12.840631
13.094684
12.615759
12.553711
12.979572
12.598261
12.971986
12.635846
12.940307
12.591068
12.909822
12.514127
12.801203
12.431319
12.661986
12.273820
12.535090
12.092869
12.357583
11.948400
12.196600
11.784371
12.134780
11.717312
12.124588
11.789511
12.709721
12.675062
12.756097
12.712444
12.734692
12.732817
12.686840
12.661270
12.630178
12.549510
12.490851
12.435366
12.315199
12.252570
12.158080
12.052720
11.954888
11.908551
11.771580
11.767991
11.698728
11.796266
12.790889
13.167723
12.806723
13.199429
12.805501
13.143464
12.790953
13.056130
12.685890
12.964223
12.535219
12.799380
12.387977
12.602209
12.181296
12.442063
11.958962
12.263921
11.807273
12.126860
11.698728
12.875487
12.925708
12.924571
12.919140
12.943573
12.883342
12.866897
12.832277
12.743053
12.694001
12.611615
12.508313
12.412827
12.335664
12.180443
12.121643
11.990828
11.901299
11.807271
11.767992
12.966156
13.344015
13.023472
13.341997
12.988108
13.318703
12.909492
13.207669
12.815528
13.046334
12.640237
12.886681
12.417486
12.674487
12.216759
12.438906
11.990827
12.263922
11.771576
13.088169
13.083583
13.100739
13.108606
13.064565
13.041753
13.002111
12.919204
12.853807
12.785029
12.648035
12.581660
12.452350
12.334075
12.216758
12.121642
11.958959
11.908551
13.141080
13.517686
13.149675
13.490470
13.133564
13.408052
13.028639
13.302652
12.859503
13.123647
12.683060
12.888329
12.452350
12.674486
12.180442
12.442061
11.954884
13.208240
13.237811
13.239851
13.204214
13.178360
13.144054
13.048488
12.998917
12.897305
12.789268
12.683060
12.581658
12.417484
12.335662
12.181293
12.052718
13.283915
13.604217
13.267960
13.587169
13.187241
13.485622
13.080921
13.309531
12.897305
13.123645
12.648035
12.886679
12.412824
12.602206
12.158077
13.322705
13.342381
13.290323
13.284778
13.225041
13.153791
13.080919
12.998917
12.859502
12.785026
12.640237
12.508310
12.387973
12.252567
13.339303
13.680785
13.322209
13.596686
13.225041
13.485623
13.048486
13.302652
12.853806
13.046329
12.611614
12.799377
12.315194
13.374021
13.355313
13.322209
13.284777
13.187240
13.144055
13.028635
12.919202
12.815527
12.693995
12.535217
12.435362
13.374021
13.680783
13.290324
13.587168
13.178358
13.408052
13.002108
13.207666
12.743053
12.964217
12.490847
13.339303
13.342377
13.267962
13.204213
13.133560
13.041752
12.909489
12.832273
12.685888
12.549504
13.322705
13.604213
13.239854
13.490468
13.064560
13.318701
12.866893
13.056126
12.630174
13.283916
13.237808
13.149676
13.108602
12.988104
12.883338
12.790949
12.661264
13.208242
13.517683
13.100736
13.341993
12.943570
13.143459
12.686836
13.141078
13.083579
13.023468
12.919135
12.805497
12.732812
13.088165
13.344011
12.924567
13.199424
12.734687
12.966152
12.925704
12.806718
12.712439
12.875483
13.167717
12.756092
12.790884
12.675056
12.709716
16.877145
17.106156
16.674465
16.859992
16.452427
16.590291
16.222748
16.392245
16.025175
16.234515
15.939704
16.155466
15.939706
16.234516
16.025174
16.392246
16.222750
16.590292
16.452427
16.859995
16.674466
17.106157
16.877146
16.909629
17.261176
16.880421
17.252232
16.879941
17.219857
16.925549
17.279791
16.975515
17.379509
17.103819
17.485522
17.249868
17.660467
17.380493
17.842392
17.553501
17.996736
17.713488
18.186415
17.816479
18.368860
17.909209
16.854096
16.831858
16.790801
16.782567
16.810387
16.813806
16.829198
16.884856
16.933906
16.964615
17.067315
17.117740
17.197611
17.281079
17.380674
17.422899
17.554807
17.593696
17.693490
17.734323
17.834036
17.827856
16.702285
17.009360
16.672464
16.986165
16.649695
17.016540
16.724360
17.068901
16.837920
17.214188
16.961812
17.386667
17.150487
17.557067
17.337180
17.776689
17.496183
17.982287
17.682113
18.161143
17.834036
16.612799
16.594560
16.549121
16.581122
16.585027
16.592339
16.664369
16.706037
16.764407
16.853011
16.945504
17.005314
17.134341
17.212857
17.305886
17.406422
17.508480
17.565546
17.682113
17.734324
16.472011
16.773097
16.442953
16.729561
16.473008
16.802823
16.538625
16.928120
16.705364
17.078075
16.895375
17.304752
17.079793
17.532234
17.306657
17.742418
17.508480
17.982287
17.693491
16.381414
16.348397
16.354445
16.364738
16.372325
16.441558
16.502990
16.556522
16.674568
16.761694
16.855234
16.975733
17.090778
17.175226
17.306655
17.406425
17.496180
17.593694
16.271913
16.530621
16.220783
16.547616
16.299510
16.623621
16.438533
16.813571
16.610536
17.035593
16.855276
17.260790
17.090779
17.532235
17.305884
17.776693
17.554804
16.151449
16.168109
16.163154
16.177841
16.247365
16.317162
16.384995
16.505792
16.617782
16.713115
16.855276
16.975732
17.079793
17.212859
17.337176
17.422905
16.078752
16.324982
16.090289
16.402897
16.174183
16.555274
16.381176
16.755237
16.617782
17.035593
16.855237
17.304751
17.134341
17.557071
17.380668
16.011440
16.022960
16.023898
16.105606
16.174846
16.253819
16.381176
16.505794
16.610535
16.761694
16.895378
17.005314
17.150485
17.281086
15.935263
16.238881
16.016695
16.332168
16.174848
16.555272
16.384995
16.813574
16.674567
17.078074
16.945507
17.386669
17.197609
15.928245
15.949427
16.016697
16.105602
16.174188
16.317159
16.438532
16.556525
16.705364
16.853009
16.961814
17.117742
15.928247
16.238878
16.023904
16.402891
16.247371
16.623618
16.502992
16.928119
16.764412
17.214187
17.067316
15.935266
16.022954
16.090297
16.177835
16.299515
16.441555
16.538631
16.706032
16.837923
16.964616
16.011442
16.324977
16.163160
16.547615
16.372325
16.802823
16.664375
17.068899
16.933906
16.078754
16.168109
16.220784
16.364741
16.473009
16.592338
16.724363
16.884858
16.151450
16.530626
16.354440
16.729564
16.585031
17.016538
16.829200
16.271911
16.348402
16.442950
16.581124
16.649695
16.813809
16.381412
16.773098
16.549125
16.986165
16.810387
16.472012
16.594560
16.672466
16.782570
16.612803
17.009358
16.790804
16.702287
16.831859
16.854098
16.909648
17.261154
16.880500
17.252247
16.879844
17.220096
16.925446
17.279784
16.975702
17.379553
17.103595
17.486011
17.249646
17.660507
17.380745
17.842502
17.553167
17.997448
17.713167
18.186566
17.816724
18.369129
17.908784
16.854091
16.831854
16.790707
16.782684
16.810281
16.813713
16.829322
16.884766
16.933690
16.964874
17.067096
17.117564
17.197828
17.280916
17.380353
17.423258
17.554489
17.593461
17.693733
17.734102
17.833628
17.828227
16.702280
17.009439
16.672430
16.986153
16.649815
17.016557
16.724212
17.069245
16.837758
17.214199
16.962028
17.386725
17.150214
17.557656
17.336895
17.776774
17.496434
17.982436
17.681735
18.161961
17.833628
16.612766
16.594533
16.549170
16.581081
16.584894
16.592515
16.664214
16.705914
16.764575
16.852888
16.945247
17.005630
17.134072
17.212670
17.306123
17.406234
17.508129
17.565941
17.681735
17.734102
16.472047
16.773100
16.442893
16.729736
16.472916
16.802821
16.538783
16.928144
16.705163
17.078517
16.895149
17.304790
17.080024
17.532311
17.306339
17.743097
17.508128
17.982435
17.693734
16.381376
16.348458
16.354369
16.364675
16.372418
16.441478
16.502813
16.556757
16.674364
16.761554
16.855438
16.975581
17.090493
17.175585
17.306338
17.406237
17.496431
17.593459
16.271902
16.530619
16.220857
16.547620
16.299394
16.623892
16.438379
16.813581
16.610719
17.035625
16.855029
17.261321
17.090493
17.532311
17.306121
17.776779
17.554486
16.151464
16.168082
16.163068
16.177962
16.247238
16.317069
16.385134
16.505682
16.617572
16.713402
16.855029
16.975580
17.080024
17.212672
17.336890
17.423264
16.078732
16.325071
16.090218
16.402891
16.174289
16.555278
16.381008
16.755601
16.617571
17.035624
16.855440
17.304789
17.134071
17.557659
17.380347
16.011407
16.022923
16.023952
16.105541
16.174716
16.254000
16.381008
16.505683
16.610718
16.761552
16.895152
17.005629
17.150212
17.280921
15.935285
16.238874
16.016613
16.332347
16.174718
16.555276
16.385134
16.813582
16.674363
17.078514
16.945251
17.386725
17.197825
15.928215
15.949484
16.016615
16.105537
16.174293
16.317066
16.438379
16.556756
16.705164
16.852884
16.962030
17.117565
15.928215
16.238871
16.023958
16.402884
16.247243
16.623890
16.502812
16.928142
16.764576
17.214199
17.067095
15.935286
16.022919
16.090224
16.177955
16.299396
16.441478
16.538783
16.705910
16.837758
16.964875
16.011411
16.325066
16.163072
16.547617
16.372419
16.802817
16.664218
17.069241
16.933689
16.078733
16.168079
16.220854
16.364677
16.472916
16.592508
16.724216
16.884764
16.151461
16.530620
16.354364
16.729738
16.584893
17.016556
16.829320
16.271898
16.348462
16.442890
16.581078
16.649815
16.813713
16.381375
16.773101
16.549168
16.986152
16.810278
16.472046
16.594527
16.672432
16.782683
16.612766
17.009436
16.790706
16.702281
16.831851
16.854090

