Tension at each vertex
-6.761824
-6.761826
-6.760623
-6.760621
-8.516311
-6.396372
-8.516311
-6.396371
-8.594473
-8.592948
-6.080213
-6.076997
-7.238978
-7.103271
-7.466155
-7.424154
-7.780339
-7.750961
-8.139365
-8.107223
-8.464508
-8.437227
-8.738944
-8.659797
-8.920133
-8.784626
-8.987925
-8.823782
-8.990903
-8.787277
-8.956704
-8.724764
-8.874782
-8.677756
-8.845429
-7.259357
-7.531582
-7.540260
-7.768936
-7.876562
-8.082947
-8.206002
-8.426571
-8.531386
-8.707005
-8.796668
-8.910534
-8.946485
-9.017044
-9.009502
-9.028097
-9.009725
-8.994972
-8.958630
-8.939444
-8.914309
-8.806060
-7.226833
-7.145543
-7.538233
-7.448295
-7.842457
-7.817367
-8.186664
-8.163647
-8.525696
-8.470649
-8.776163
-8.689109
-8.934738
-8.790734
-9.002798
-8.815310
-8.995343
-8.788090
-8.961206
-8.715892
-8.914395
-7.320025
-7.490094
-7.571444
-7.809121
-7.888009
-8.127969
-8.248286
-8.457885
-8.563249
-8.745060
-8.810127
-8.926632
-8.958798
-9.016518
-9.008071
-9.030650
-9.002883
-8.991080
-8.961120
-8.939408
-7.270325
-7.181877
-7.537646
-7.488555
-7.886088
-7.841163
-8.230262
-8.205199
-8.555927
-8.497342
-8.807170
-8.698110
-8.947751
-8.797500
-9.006782
-8.812789
-9.003002
-8.788083
-8.958746
-7.269641
-7.518683
-7.588168
-7.810685
-7.911874
-8.159192
-8.261784
-8.485193
-8.586152
-8.759289
-8.818676
-8.938599
-8.956648
-9.016360
-9.006693
-9.030596
-8.995261
-8.994957
-7.296739
-7.167359
-7.568434
-7.513155
-7.900061
-7.867990
-8.261752
-8.221781
-8.578781
-8.514373
-8.818924
-8.701335
-8.956783
-8.797483
-9.008203
-8.815380
-9.009734
-7.283971
-7.533041
-7.575920
-7.829829
-7.926704
-8.169435
-8.274341
-8.501360
-8.588901
-8.764518
-8.818838
-8.938536
-8.947664
-9.016510
-9.002587
-9.028155
-7.278232
-7.184301
-7.586317
-7.515886
-7.919427
-7.883235
-8.274051
-8.229342
-8.589035
-8.514354
-8.818813
-8.698191
-8.958798
-8.790924
-9.009551
-7.294123
-7.521342
-7.583244
-7.840988
-7.926644
-8.176409
-8.273973
-8.501293
-8.578699
-8.759281
-8.806942
-8.926701
-8.934569
-9.016914
-7.281943
-7.196491
-7.586312
-7.521306
-7.926745
-7.883222
-8.274471
-8.221871
-8.586140
-8.497555
-8.810176
-8.689148
-8.946670
-7.287363
-7.521245
-7.586245
-7.840932
-7.919371
-8.169420
-8.261523
-8.485270
-8.555749
-8.744918
-8.776132
-8.910458
-7.287410
-7.196494
-7.583348
-7.515964
-7.926667
-7.868230
-8.261812
-8.205249
-8.563444
-8.470800
-8.796572
-7.281921
-7.521313
-7.586119
-7.829930
-7.899875
-8.159044
-8.230242
-8.457801
-8.525366
-8.707151
-7.294057
-7.184560
-7.575884
-7.513219
-7.912066
-7.841330
-8.248167
-8.164091
-8.531342
-7.278042
-7.532919
-7.568452
-7.810587
-7.885745
-8.128134
-8.186383
-8.426345
-7.284125
-7.167505
-7.588006
-7.489057
-7.887930
-7.817490
-8.206262
-7.296436
-7.518895
-7.537340
-7.808881
-7.842497
-8.082786
-7.269447
-7.182029
-7.571701
-7.448554
-7.876327
-7.270429
-7.489899
-7.537763
-7.769187
-7.319720
-7.146338
-7.540068
-7.226406
-7.531226
-7.259651
-7.296992
-6.941523
-7.268101
-6.863938
-7.292624
-6.898730
-7.253854
-6.921406
-7.254858
-6.911131
-7.259268
-6.910393
-7.259299
-6.911076
-7.254732
-6.921315
-7.253974
-6.898187
-7.292816
-6.863718
-7.267782
-6.941242
-7.297302
-7.061324
-6.690943
-6.851916
-6.557125
-6.708687
-6.414320
-6.596244
-6.327096
-6.501716
-6.267952
-6.458841
-6.236163
-6.440552
-6.245423
-6.450921
-6.266706
-6.495795
-6.304130
-6.541621
-6.367398
-6.588041
-6.433000
-6.706348
-7.029306
-7.114117
-6.875625
-6.902348
-6.748303
-6.759027
-6.620237
-6.656824
-6.541073
-6.578628
-6.489219
-6.544534
-6.464220
-6.532148
-6.476049
-6.543786
-6.498417
-6.589422
-6.531844
-6.639665
-6.610163
-6.652680
-7.019916
-6.685976
-6.869212
-6.522215
-6.697829
-6.411488
-6.581086
-6.314342
-6.503396
-6.263819
-6.454562
-6.239802
-6.447958
-6.240871
-6.460726
-6.275556
-6.489551
-6.314160
-6.549945
-6.344855
-6.610167
-7.081709
-7.045862
-6.867743
-6.896476
-6.713290
-6.745566
-6.607356
-6.644500
-6.522926
-6.577361
-6.480836
-6.537094
-6.461946
-6.535330
-6.465091
-6.550648
-6.502817
-6.575695
-6.550283
-6.639576
-7.045786
-6.704155
-6.838769
-6.523104
-6.698958
-6.395804
-6.575523
-6.312458
-6.502386
-6.257309
-6.462325
-6.242282
-6.447273
-6.247263
-6.468675
-6.266605
-6.502838
-6.314008
-6.531602
-7.027804
-7.053156
-6.864133
-6.870101
-6.701775
-6.740260
-6.589504
-6.634172
-6.514884
-6.573666
-6.468358
-6.540797
-6.458422
-6.527892
-6.468945
-6.550573
-6.489615
-6.589621
-7.061589
-6.679291
-6.845957
-6.526493
-6.687714
-6.391725
-6.577294
-6.307330
-6.499772
-6.259516
-6.467223
-6.236932
-6.458470
-6.247127
-6.464900
-6.275611
-6.498385
-7.038493
-7.056513
-6.841906
-6.867926
-6.698205
-6.731524
-6.579633
-6.633440
-6.507048
-6.567796
-6.467422
-6.540740
-6.447298
-6.535518
-6.460939
-6.543505
-7.037570
-6.687616
-6.850543
-6.517765
-6.687759
-6.393620
-6.577734
-6.303606
-6.507110
-6.259403
-6.468224
-6.242323
-6.461938
-6.240407
-6.476322
-7.046578
-7.038159
-6.840024
-6.869112
-6.691480
-6.728789
-6.577848
-6.633406
-6.499763
-6.573829
-6.462476
-6.536866
-6.448416
-6.532217
-7.035762
-6.694570
-6.843194
-6.516255
-6.691545
-6.393542
-6.579556
-6.307347
-6.514914
-6.256906
-6.481098
-6.239598
-6.463906
-7.039163
-7.033816
-6.843221
-6.869109
-6.687718
-6.731643
-6.577406
-6.633989
-6.502741
-6.577428
-6.454437
-6.544851
-7.039226
-6.694533
-6.840002
-6.517746
-6.698290
-6.391382
-6.589739
-6.312277
-6.522695
-6.263787
-6.489401
-7.035690
-7.038223
-6.850630
-6.867776
-6.687955
-6.740336
-6.575403
-6.644764
-6.503697
-6.578244
-7.046727
-6.687324
-6.842113
-6.526354
-6.701625
-6.395734
-6.607551
-6.313624
-6.541491
-7.037698
-7.056606
-6.845830
-6.870291
-6.699213
-6.745256
-6.581564
-6.656995
-7.038421
-6.679180
-6.864375
-6.522483
-6.713648
-6.411242
-6.619926
-7.061802
-7.052898
-6.839109
-6.896652
-6.697636
-6.759376
-7.028123
-6.703957
-6.867537
-6.522056
-6.748617
-7.045591
-7.046114
-6.869583
-6.901961
-7.082091
-6.685118
-6.876075
-7.020315
-7.114390
-7.029097
-7.356064
-6.981630
-7.450174
-7.169304
-7.624741
-7.376683
-7.801753
-7.605851
-8.006359
-7.817125
-8.224901
-8.029533
-8.408509
-8.227735
-8.578410
-8.369213
-8.724617
-8.485801
-8.814980
-8.571863
-8.889289
-8.627865
-8.954053
-8.800874
-8.813704
-8.811580
-8.791773
-8.815575
-8.797420
-8.821961
-8.828751
-8.853295
-8.858443
-8.905323
-8.905407
-8.948519
-8.960167
-8.995051
-8.991100
-9.034888
-9.008052
-9.030792
-9.012673
-9.004357
-8.931116
-8.860143
-8.647844
-8.863182
-8.653850
-8.859444
-8.678915
-8.875797
-8.697140
-8.913999
-8.730516
-8.944044
-8.773783
-8.982138
-8.794658
-9.019320
-8.803806
-9.019106
-8.795959
-8.991468
-8.722200
-8.947318
-8.911706
-8.874038
-8.893879
-8.886476
-8.897411
-8.891087
-8.927030
-8.913718
-8.949918
-8.953251
-8.985019
-8.976281
-9.024511
-8.996383
-9.031733
-9.007091
-9.016942
-8.967283
-8.986407
-8.891349
-8.931361
-8.743983
-8.933538
-8.743768
-8.955308
-8.757191
-8.965673
-8.787070
-8.988412
-8.799118
-9.019034
-8.810480
-9.021898
-8.813321
-9.009494
-8.767692
-8.980295
-8.683240
-8.891966
-8.960438
-8.945156
-8.974773
-8.948072
-8.976979
-8.970398
-8.993572
-8.977818
-9.022389
-8.990808
-9.027075
-9.001525
-9.021925
-8.971292
-9.001805
-8.911217
-8.927481
-8.828522
-9.006348
-8.795353
-9.002893
-8.813383
-9.009976
-8.813076
-9.028906
-8.817111
-9.024512
-8.819478
-9.014978
-8.783130
-8.993319
-8.721672
-8.921433
-8.633855
-8.814126
-9.005841
-8.996617
-9.011161
-8.989277
-9.026955
-8.989583
-9.021938
-8.993489
-9.015831
-8.964226
-9.000111
-8.917076
-8.937557
-8.847343
-8.843002
-8.721169
-9.030836
-8.818196
-9.037844
-8.816164
-9.024230
-8.814158
-9.010109
-8.778384
-8.988369
-8.727827
-8.923987
-8.655481
-8.834718
-8.527442
-8.719127
-9.015075
-8.979861
-9.003016
-8.974248
-8.992152
-8.940344
-8.975789
-8.898328
-8.918789
-8.838752
-8.840560
-8.727180
-8.737124
-8.586691
-9.001232
-8.778865
-8.983947
-8.743857
-8.960573
-8.699005
-8.897451
-8.636848
-8.818571
-8.524680
-8.718591
-8.387270
-8.565598
-8.932699
-8.885785
-8.915802
-8.843990
-8.862588
-8.790945
-8.796465
-8.691787
-8.710007
-8.571608
-8.570567
-8.429365
-8.889026
-8.621590
-8.834239
-8.569581
-8.763833
-8.469954
-8.675795
-8.352534
-8.540948
-8.215298
-8.387137
-8.754971
-8.694341
-8.700167
-8.606794
-8.630771
-8.506152
-8.513791
-8.386689
-8.378503
-8.219006
-8.655514
-8.361129
-8.588592
-8.264122
-8.469001
-8.149038
-8.338498
-7.990017
-8.194574
-8.490287
-8.385439
-8.398251
-8.293419
-8.294531
-8.154789
-8.173161
-8.001855
-8.349651
-8.034318
-8.248003
-7.900166
-8.128698
-7.759200
-7.971900
-8.144305
-8.036629
-8.068514
-7.925643
-7.941810
-7.792818
-8.029968
-7.658068
-7.900969
-7.537442
-7.769992
-7.806507
-7.710520
-7.733548
-7.573766
-7.708531
-7.300544
-7.604096
-7.537073
-7.394712
-7.440139
-7.060835
-6.691246
-6.852140
-6.557454
-6.708106
-6.415285
-6.595827
-6.327189
-6.501949
-6.268216
-6.458245
-6.236985
-6.440183
-6.245432
-6.451050
-6.266916
-6.495247
-6.304652
-6.541338
-6.367342
-6.587941
-6.433163
-6.705964
-6.768397
-6.559683
-6.747720
-6.513427
-6.774751
-6.532281
-6.738682
-6.526477
-6.714241
-6.480340
-6.679193
-6.435650
-6.621989
-6.387656
-6.576843
-6.322715
-6.544021
-6.273436
-6.502408
-6.236660
-6.487828
-6.170511
-6.524317
-7.116705
-6.916061
-6.991186
-6.792780
-6.877802
-6.703313
-6.772297
-6.629316
-6.696430
-6.552445
-6.645934
-6.501698
-6.585945
-6.482822
-6.548015
-6.442277
-6.552273
-6.416570
-6.518096
-6.453741
-6.495878
-6.373910
-6.955636
-6.561915
-6.854823
-6.488014
-6.752201
-6.416524
-6.679092
-6.342598
-6.626958
-6.294326
-6.571199
-6.272122
-6.541361
-6.232969
-6.549055
-6.207218
-6.531179
-6.225449
-6.522489
-6.187800
-6.598538
-6.939097
-6.752127
-6.809017
-6.658939
-6.727083
-6.573140
-6.661867
-6.517012
-6.596539
-6.484917
-6.556949
-6.443725
-6.548399
-6.421631
-6.519919
-6.438277
-6.499184
-6.424332
-6.527440
-6.410947
-6.770293
-6.449055
-6.703212
-6.364853
-6.636999
-6.312786
-6.573622
-6.278806
-6.538027
-6.240153
-6.530877
-6.221178
-6.512452
-6.233264
-6.507976
-6.220545
-6.543227
-6.206876
-6.546445
-6.792172
-6.606670
-6.695959
-6.545775
-6.619551
-6.498237
-6.574104
-6.452589
-6.552162
-6.430401
-6.523512
-6.436954
-6.509897
-6.428123
-6.527179
-6.426773
-6.518536
-6.461911
-6.653309
-6.349621
-6.585318
-6.295659
-6.544840
-6.251032
-6.522103
-6.232026
-6.499122
-6.237681
-6.495826
-6.232295
-6.521364
-6.235578
-6.529389
-6.265888
-6.536855
-6.664637
-6.521048
-6.606044
-6.468485
-6.565847
-6.443069
-6.531598
-6.439473
-6.518835
-6.431416
-6.531117
-6.437114
-6.528923
-6.468622
-6.529006
-6.485036
-6.563602
-6.272599
-6.523009
-6.245902
-6.492470
-6.239399
-6.485499
-6.234649
-6.503024
-6.246029
-6.512999
-6.280747
-6.531378
-6.300571
-6.564588
-6.592530
-6.461679
-6.548198
-6.443902
-6.529706
-6.433055
-6.533250
-6.440767
-6.533639
-6.471687
-6.543923
-6.491934
-6.570065
-6.520552
-6.498780
-6.244891
-6.481643
-6.232894
-6.485460
-6.243157
-6.493126
-6.276906
-6.515657
-6.304329
-6.558191
-6.340776
-6.583323
-6.545860
-6.435852
-6.535510
-6.439553
-6.532650
-6.464862
-6.545804
-6.488122
-6.578848
-6.522276
-6.597377
-6.572843
-6.477167
-6.237606
-6.473898
-6.259880
-6.492030
-6.287199
-6.533764
-6.329199
-6.568470
-6.391592
-6.611308
-6.529645
-6.451940
-6.539173
-6.472600
-6.569288
-6.508137
-6.595163
-6.565054
-6.629136
-6.607412
-6.472828
-6.260312
-6.500422
-6.297452
-6.533167
-6.360423
-6.580173
-6.416040
-6.650181
-6.549724
-6.482260
-6.574289
-6.535978
-6.611241
-6.583758
-6.671270
-6.639469
-6.494020
-6.311687
-6.533702
-6.362909
-6.602541
-6.429849
-6.661963
-6.579416
-6.538950
-6.637060
-6.596167
-6.683781
-6.681427
-6.544073
-6.359532
-6.593875
-6.451926
-6.661303
-6.630902
-6.623033
-6.687488
-6.685034
-6.586416
-6.420917
-6.684430
-6.725197
-6.689312
-6.587047
-7.221885
-6.719928
-7.050878
-6.642409
-6.935254
-6.546314
-6.835011
-6.466115
-6.736917
-6.403652
-6.667917
-6.332818
-6.630585
-6.285091
-6.580370
-6.271691
-6.553609
-6.225727
-6.578608
-6.186672
-6.545668
-6.234528
-6.582934
-8.805991
-8.776533
-8.651152
-8.500707
-8.339235
-8.186917
-7.983600
-7.806565
-7.636827
-7.456378
-7.297345
-7.174719
-7.035412
-6.927709
-6.855300
-6.759869
-6.692335
-6.666659
-6.601612
-6.565887
-6.590505
-6.511825
-8.801926
-8.409752
-8.525901
-8.153418
-8.186916
-7.785626
-7.821732
-7.406352
-7.431164
-7.070248
-7.105681
-6.767469
-6.869278
-6.552993
-6.668179
-6.418172
-6.544599
-6.289243
-6.495438
-6.225838
-6.421088
-8.764332
-8.694135
-8.504705
-8.370030
-8.190237
-8.006262
-7.807406
-7.650437
-7.454351
-7.303803
-7.170432
-7.035795
-6.922215
-6.849526
-6.754164
-6.684029
-6.662274
-6.592509
-6.567533
-6.571366
-8.690102
-8.313369
-8.406905
-7.986366
-8.020688
-7.622892
-7.627696
-7.231800
-7.280538
-6.904428
-6.971238
-6.663955
-6.752463
-6.459680
-6.617753
-6.333618
-6.497636
-6.276138
-6.449420
-8.684925
-8.556120
-8.364563
-8.227677
-8.002864
-7.833521
-7.645112
-7.470959
-7.297510
-7.177457
-7.027575
-6.920821
-6.840539
-6.746032
-6.681699
-6.646916
-6.599080
-6.545355
-8.567278
-8.199341
-8.229053
-7.816698
-7.850281
-7.425502
-7.448276
-7.076366
-7.112566
-6.763908
-6.866599
-6.541576
-6.665142
-6.403129
-6.545871
-6.280477
-6.492670
-8.549161
-8.403228
-8.214662
-8.034603
-7.821197
-7.667288
-7.459659
-7.311483
-7.165745
-7.033264
-6.912217
-6.838757
-6.742766
-6.675392
-6.647941
-6.583781
-8.429782
-8.023974
-8.040922
-7.640969
-7.641778
-7.238558
-7.285234
-6.901768
-6.971175
-6.654350
-6.751440
-6.453447
-6.616200
-6.329878
-6.497780
-8.391393
-8.238714
-8.016843
-7.842214
-7.648745
-7.477207
-7.297399
-7.178848
-7.023822
-6.921891
-6.831848
-6.745383
-6.671954
-6.642305
-8.238516
-7.832039
-7.851175
-7.429228
-7.447771
-7.071601
-7.111739
-6.759445
-6.866061
-6.539204
-6.668951
-6.400717
-6.544736
-8.219541
-8.032259
-7.822302
-7.664955
-7.461174
-7.316192
-7.166474
-7.040537
-6.912243
-6.842658
-6.735010
-6.681282
-8.035746
-7.636524
-7.634705
-7.231936
-7.278591
-6.895773
-6.971302
-6.650740
-6.755361
-6.457053
-6.617005
-8.008878
-7.831929
-7.643874
-7.477415
-7.301837
-7.186674
-7.028740
-6.933504
-6.828255
-6.753775
-7.834317
-7.415039
-7.437211
-7.057948
-7.106548
-6.753778
-6.867016
-6.541162
-6.678911
-7.807271
-7.652340
-7.460040
-7.322559
-7.172868
-7.054532
-6.919043
-6.853654
-7.614698
-7.211440
-7.266307
-6.881545
-6.971155
-6.646718
-6.766488
-7.629731
-7.473611
-7.309770
-7.200212
-7.040446
-6.952106
-7.418611
-7.030939
-7.097741
-6.740823
-6.875189
-7.457246
-7.334242
-7.190093
-7.076603
-7.249608
-6.843720
-6.974506
-7.338129
-7.238090
-7.052118
-7.296993
-6.941524
-7.268103
-6.863939
-7.292624
-6.898731
-7.253855
-6.921407
-7.254858
-6.911131
-7.259267
-6.910392
-7.259297
-6.911075
-7.254730
-6.921313
-7.253971
-6.898185
-7.292814
-6.863715
-7.267779
-6.941239
-7.297299
-7.239593
-7.102861
-7.466057
-7.423943
-7.780726
-7.750264
-8.139810
-8.106995
-8.464480
-8.437130
-8.739201
-8.659402
-8.920439
-8.784493
-8.987959
-8.823745
-8.991063
-8.787108
-8.956884
-8.724712
-8.874849
-8.677749
-8.845505
-7.259652
-7.531226
-7.540069
-7.769187
-7.876326
-8.082785
-8.206260
-8.426343
-8.531340
-8.707149
-8.796570
-8.910456
-8.946669
-9.016913
-9.009551
-9.028155
-9.009733
-8.994957
-8.958746
-8.939408
-8.914395
-8.806060
-7.226407
-7.146339
-7.537763
-7.448554
-7.842497
-7.817489
-8.186382
-8.164090
-8.525365
-8.470798
-8.776131
-8.689147
-8.934567
-8.790923
-9.002587
-8.815379
-8.995261
-8.788082
-8.961120
-8.715892
-8.914309
-7.319721
-7.489900
-7.571701
-7.808881
-7.887930
-8.128133
-8.248166
-8.457799
-8.563442
-8.744917
-8.810174
-8.926699
-8.958797
-9.016509
-9.008202
-9.030597
-9.003002
-8.991080
-8.961207
-8.939445
-7.270429
-7.182030
-7.537340
-7.489057
-7.885744
-7.841328
-8.230240
-8.205248
-8.555747
-8.497554
-8.806940
-8.698191
-8.947663
-8.797483
-9.006694
-8.812789
-9.002883
-8.788091
-8.958630
-7.269447
-7.518896
-7.588006
-7.810586
-7.912065
-8.159043
-8.261811
-8.485269
-8.586139
-8.759280
-8.818812
-8.938535
-8.956782
-9.016360
-9.006781
-9.030650
-8.995343
-8.994972
-7.296436
-7.167505
-7.568452
-7.513219
-7.899875
-7.868229
-8.261522
-8.221869
-8.578698
-8.514354
-8.818837
-8.701335
-8.956648
-8.797500
-9.008072
-8.815311
-9.009726
-7.284125
-7.532919
-7.575883
-7.829929
-7.926666
-8.169419
-8.274470
-8.501292
-8.589034
-8.764518
-8.818923
-8.938600
-8.947751
-9.016519
-9.002799
-9.028097
-7.278042
-7.184560
-7.586118
-7.515963
-7.919369
-7.883221
-8.273971
-8.229342
-8.588900
-8.514373
-8.818675
-8.698110
-8.958799
-8.790734
-9.009503
-7.294057
-7.521312
-7.583347
-7.840932
-7.926744
-8.176408
-8.274049
-8.501359
-8.578780
-8.759289
-8.807170
-8.926633
-8.934739
-9.017046
-7.281920
-7.196493
-7.586244
-7.521305
-7.926642
-7.883234
-8.274339
-8.221781
-8.586152
-8.497342
-8.810127
-8.689110
-8.946485
-7.287409
-7.521243
-7.586310
-7.840986
-7.919426
-8.169435
-8.261751
-8.485193
-8.555927
-8.745061
-8.776164
-8.910535
-7.287361
-7.196489
-7.583242
-7.515885
-7.926702
-7.867989
-8.261782
-8.205198
-8.563249
-8.470649
-8.796669
-7.281942
-7.521340
-7.586315
-7.829828
-7.900059
-8.159190
-8.230261
-8.457885
-8.525696
-8.707006
-7.294121
-7.184299
-7.575917
-7.513153
-7.911873
-7.841162
-8.248285
-8.163646
-8.531386
-7.278229
-7.533039
-7.568432
-7.810684
-7.886086
-8.127968
-8.186663
-8.426571
-7.283968
-7.167357
-7.588166
-7.488553
-7.888007
-7.817366
-8.206001
-7.296736
-7.518680
-7.537643
-7.809119
-7.842455
-8.082946
-7.269638
-7.181875
-7.571441
-7.448293
-7.876560
-7.270322
-7.490091
-7.538231
-7.768934
-7.320021
-7.145541
-7.540257
-7.226829
-7.531579
-7.259353
-7.060836
-6.691247
-6.852142
-6.557455
-6.708107
-6.415287
-6.595828
-6.327190
-6.501950
-6.268216
-6.458246
-6.236986
-6.440183
-6.245431
-6.451050
-6.266916
-6.495245
-6.304652
-6.541337
-6.367341
-6.587940
-6.433162
-6.705963
-7.029094
-7.114387
-6.876071
-6.901958
-6.748613
-6.759373
-6.619924
-6.656993
-6.541488
-6.578242
-6.489399
-6.544850
-6.463904
-6.532215
-6.476320
-6.543504
-6.498383
-6.589619
-6.531601
-6.639574
-6.610165
-6.652679
-7.020311
-6.685114
-6.869579
-6.522053
-6.697633
-6.411240
-6.581561
-6.313622
-6.503694
-6.263786
-6.454435
-6.239596
-6.448413
-6.240406
-6.460937
-6.275609
-6.489613
-6.314007
-6.550281
-6.344854
-6.610162
-7.082088
-7.046111
-6.867534
-6.896649
-6.713645
-6.745254
-6.607548
-6.644762
-6.522692
-6.577426
-6.481095
-6.536864
-6.461937
-6.535517
-6.464899
-6.550572
-6.502837
-6.575694
-6.549944
-6.639664
-7.045587
-6.703954
-6.839106
-6.522480
-6.699209
-6.395732
-6.575401
-6.312275
-6.502738
-6.256905
-6.462475
-6.242323
-6.447296
-6.247126
-6.468944
-6.266604
-6.502814
-6.314159
-6.531843
-7.028120
-7.052895
-6.864371
-6.870288
-6.701622
-6.740334
-6.589737
-6.633988
-6.514912
-6.573828
-6.468222
-6.540737
-6.458468
-6.527891
-6.468673
-6.550646
-6.489550
-6.589421
-7.061798
-6.679177
-6.845827
-6.526352
-6.687953
-6.391380
-6.577403
-6.307345
-6.499762
-6.259401
-6.467419
-6.236932
-6.458421
-6.247263
-6.465091
-6.275556
-6.498417
-7.038419
-7.056604
-6.842111
-6.867775
-6.698287
-6.731641
-6.579555
-6.633404
-6.507109
-6.567795
-6.467223
-6.540796
-6.447272
-6.535329
-6.460726
-6.543785
-7.037695
-6.687323
-6.850627
-6.517744
-6.687716
-6.393541
-6.577847
-6.303605
-6.507047
-6.259515
-6.468357
-6.242281
-6.461945
-6.240871
-6.476048
-7.046724
-7.038221
-6.840001
-6.869108
-6.691544
-6.728788
-6.577733
-6.633439
-6.499772
-6.573665
-6.462324
-6.537094
-6.447958
-6.532148
-7.035688
-6.694533
-6.843220
-6.516254
-6.691478
-6.393619
-6.579633
-6.307330
-6.514884
-6.257309
-6.480836
-6.239803
-6.464219
-7.039224
-7.033815
-6.843193
-6.869111
-6.687758
-6.731524
-6.577294
-6.634172
-6.502386
-6.577361
-6.454562
-6.544533
-7.039162
-6.694569
-6.840024
-6.517765
-6.698204
-6.391725
-6.589503
-6.312458
-6.522926
-6.263819
-6.489218
-7.035761
-7.038159
-6.850543
-6.867926
-6.687713
-6.740259
-6.575523
-6.644501
-6.503396
-6.578629
-7.046577
-6.687616
-6.841905
-6.526492
-6.701776
-6.395805
-6.607356
-6.314343
-6.541073
-7.037570
-7.056513
-6.845958
-6.870102
-6.698959
-6.745566
-6.581086
-6.656824
-7.038493
-6.679292
-6.864134
-6.523104
-6.713290
-6.411488
-6.620238
-7.061589
-7.053157
-6.838770
-6.896477
-6.697830
-6.759028
-7.027805
-6.704156
-6.867743
-6.522217
-6.748304
-7.045787
-7.045864
-6.869213
-6.902350
-7.081710
-6.685978
-6.875626
-7.019917
-7.114118
-7.029307
-7.238979
-7.103272
-7.466156
-7.424154
-7.780339
-7.750960
-8.139363
-8.107221
-8.464506
-8.437224
-8.738942
-8.659794
-8.920130
-8.784625
-8.987923
-8.823780
-8.990903
-8.787276
-8.956704
-8.724764
-8.874782
-8.677756
-8.845430
-8.803325
-8.580091
-8.760766
-8.566297
-8.761284
-8.569110
-8.781592
-8.593512
-8.801250
-8.639148
-8.844943
-8.679442
-8.904399
-8.730112
-8.951568
-8.779030
-8.995464
-8.794796
-9.025553
-8.784142
-8.998410
-8.760511
-8.977091
-7.440140
-7.394712
-7.604096
-7.573766
-7.769991
-7.792816
-7.971899
-8.001852
-8.194571
-8.219003
-8.387133
-8.429359
-8.565594
-8.586686
-8.719122
-8.721163
-8.814121
-8.828518
-8.891964
-8.891347
-8.947316
-8.931115
-7.537073
-7.300544
-7.733548
-7.537441
-7.941809
-7.759198
-8.173159
-7.990013
-8.378500
-8.215295
-8.570563
-8.387265
-8.737120
-8.527437
-8.842998
-8.633851
-8.927477
-8.683236
-8.986404
-8.722197
-9.004355
-7.708531
-7.710519
-7.900968
-7.925642
-8.128696
-8.154786
-8.338495
-8.386685
-8.540944
-8.571605
-8.718587
-8.727176
-8.834713
-8.847339
-8.921431
-8.911215
-8.980293
-8.967281
-8.991467
-9.012672
-7.806507
-7.658067
-8.068513
-7.900164
-8.294529
-8.149035
-8.513788
-8.352530
-8.710003
-8.524676
-8.840556
-8.655477
-8.937552
-8.721668
-9.001803
-8.767690
-9.016941
-8.795958
-9.030792
-8.029967
-8.036628
-8.248001
-8.293417
-8.468998
-8.506149
-8.675791
-8.691784
-8.818567
-8.838748
-8.923983
-8.917073
-8.993316
-8.971288
-9.009490
-9.007088
-9.019103
-9.008049
-8.144304
-8.034316
-8.398249
-8.264119
-8.630768
-8.469951
-8.796461
-8.636845
-8.918786
-8.727823
-9.000107
-8.783127
-9.021924
-8.813320
-9.031731
-8.803804
-9.034886
-8.349649
-8.385437
-8.588589
-8.606791
-8.763830
-8.790942
-8.897447
-8.898324
-8.988367
-8.964224
-9.014975
-9.001522
-9.021896
-8.996382
-9.019320
-8.991100
-8.490285
-8.361127
-8.700164
-8.569578
-8.862585
-8.699001
-8.975786
-8.778380
-9.015827
-8.819475
-9.027073
-8.810478
-9.024508
-8.794655
-8.995049
-8.655511
-8.694338
-8.834236
-8.843987
-8.960570
-8.940341
-9.010107
-8.993487
-9.024510
-8.990806
-9.019033
-8.976281
-8.982139
-8.960168
-8.754969
-8.621587
-8.915799
-8.743854
-8.992149
-8.814154
-9.021934
-8.817109
-9.022387
-8.799115
-8.985017
-8.773781
-8.948517
-8.889024
-8.885783
-8.983945
-8.974246
-9.024228
-8.989580
-9.028904
-8.977816
-8.988411
-8.953250
-8.944043
-8.905407
-8.932697
-8.778863
-9.003013
-8.816162
-9.026954
-8.813074
-8.993571
-8.787069
-8.949917
-8.730515
-8.905322
-9.001230
-8.979859
-9.037841
-8.989275
-9.009974
-8.970396
-8.965672
-8.913717
-8.913998
-8.858442
-9.015073
-8.818195
-9.011160
-8.813382
-8.976978
-8.757190
-8.927029
-8.697140
-8.853295
-9.030834
-8.996616
-9.002892
-8.948070
-8.955308
-8.891087
-8.875797
-8.828750
-9.005840
-8.795352
-8.974772
-8.743767
-8.897410
-8.678915
-8.821960
-9.006347
-8.945156
-8.933538
-8.886475
-8.859443
-8.797420
-8.960437
-8.743982
-8.893878
-8.653849
-8.815575
-8.931361
-8.874038
-8.863183
-8.791773
-8.911706
-8.647844
-8.811580
-8.860143
-8.813705
-8.800874
-7.221885
-6.719930
-7.050879
-6.642410
-6.935255
-6.546315
-6.835012
-6.466117
-6.736918
-6.403652
-6.667918
-6.332820
-6.630586
-6.285091
-6.580369
-6.271691
-6.553608
-6.225726
-6.578608
-6.186672
-6.545668
-6.234528
-6.582934
-6.587046
-6.689311
-6.684429
-6.685034
-6.661303
-6.681426
-6.661963
-6.639469
-6.650180
-6.607413
-6.611307
-6.572843
-6.583324
-6.520551
-6.564590
-6.485036
-6.536854
-6.461912
-6.546446
-6.410946
-6.598537
-6.373910
-6.725195
-6.420916
-6.687487
-6.451926
-6.683781
-6.429849
-6.671270
-6.416040
-6.629136
-6.391591
-6.597377
-6.340777
-6.570065
-6.300572
-6.529007
-6.265887
-6.518536
-6.206876
-6.527440
-6.187799
-6.495877
-6.586414
-6.623033
-6.593875
-6.596167
-6.602541
-6.583758
-6.580172
-6.565054
-6.568470
-6.522275
-6.558191
-6.491934
-6.531378
-6.468624
-6.529388
-6.426773
-6.543228
-6.424332
-6.522487
-6.453740
-6.630901
-6.359532
-6.637059
-6.362910
-6.611240
-6.360422
-6.595164
-6.329199
-6.578848
-6.304329
-6.543923
-6.280747
-6.528925
-6.235578
-6.527178
-6.220546
-6.499184
-6.225448
-6.518095
-6.544072
-6.538949
-6.533701
-6.535978
-6.533167
-6.508137
-6.533763
-6.488123
-6.515657
-6.471687
-6.512999
-6.437115
-6.521365
-6.428122
-6.507976
-6.438278
-6.531178
-6.416569
-6.579415
-6.311687
-6.574289
-6.297451
-6.569288
-6.287198
-6.545804
-6.276906
-6.533639
-6.246030
-6.531117
-6.232297
-6.509897
-6.233264
-6.519921
-6.207218
-6.552272
-6.494020
-6.482259
-6.500421
-6.472601
-6.492030
-6.464861
-6.493127
-6.440767
-6.503025
-6.431417
-6.495826
-6.436955
-6.512451
-6.421633
-6.549056
-6.442277
-6.549724
-6.260312
-6.539173
-6.259880
-6.532649
-6.243158
-6.533250
-6.234649
-6.518837
-6.237681
-6.523514
-6.221179
-6.548400
-6.232971
-6.548015
-6.472828
-6.451939
-6.473898
-6.439554
-6.485460
-6.433056
-6.485498
-6.439475
-6.499123
-6.430401
-6.530879
-6.443726
-6.541362
-6.482823
-6.529645
-6.237606
-6.535510
-6.232895
-6.529706
-6.239399
-6.531599
-6.232029
-6.552162
-6.240154
-6.556950
-6.272123
-6.585947
-6.477167
-6.435852
-6.481643
-6.443903
-6.492471
-6.443069
-6.522104
-6.452591
-6.538027
-6.484918
-6.571200
-6.501699
-6.545860
-6.244891
-6.548199
-6.245903
-6.565848
-6.251033
-6.574106
-6.278807
-6.596540
-6.294327
-6.645934
-6.498780
-6.461679
-6.523010
-6.468486
-6.544841
-6.498238
-6.573624
-6.517013
-6.626960
-6.552446
-6.592530
-6.272600
-6.606045
-6.295661
-6.619553
-6.312787
-6.661868
-6.342600
-6.696431
-6.563603
-6.521049
-6.585319
-6.545777
-6.637001
-6.573141
-6.679093
-6.629318
-6.664639
-6.349622
-6.695961
-6.364855
-6.727084
-6.416525
-6.772299
-6.653310
-6.606671
-6.703213
-6.658941
-6.752202
-6.703314
-6.792173
-6.449057
-6.809019
-6.488016
-6.877802
-6.770294
-6.752129
-6.854824
-6.792782
-6.939098
-6.561917
-6.991188
-6.955638
-6.916063
-7.116706
-7.356065
-6.981631
-7.450175
-7.169305
-7.624741
-7.376682
-7.801752
-7.605849
-8.006357
-7.817122
-8.224896
-8.029528
-8.408504
-8.227730
-8.578404
-8.369207
-8.724612
-8.485798
-8.814977
-8.571860
-8.889288
-8.627864
-8.954053
-8.880228
-8.531461
-8.629464
-8.277694
-8.365753
-7.955309
-7.991272
-7.603136
-7.608227
-7.222129
-7.270898
-6.902863
-6.968030
-6.669749
-6.755335
-6.469132
-6.623509
-6.342993
-6.495840
-6.290536
-6.431980
-6.220162
-6.442518
-7.052120
-7.238092
-6.974508
-7.076604
-6.875190
-6.952108
-6.766490
-6.853654
-6.678911
-6.753777
-6.617007
-6.681283
-6.544735
-6.642304
-6.497780
-6.583781
-6.492671
-6.545355
-6.449420
-6.571366
-6.421088
-6.511825
-7.338130
-6.843721
-7.190094
-6.740824
-7.040447
-6.646719
-6.919043
-6.541163
-6.828256
-6.457054
-6.735010
-6.400716
-6.671955
-6.329879
-6.647942
-6.280478
-6.599080
-6.276138
-6.567533
-6.225838
-6.590505
-7.249609
-7.334242
-7.097742
-7.200213
-6.971155
-7.054532
-6.867017
-6.933505
-6.755361
-6.842657
-6.668951
-6.745384
-6.616201
-6.675392
-6.545871
-6.646915
-6.497635
-6.592509
-6.495438
-6.565886
-7.457246
-7.030940
-7.309771
-6.881545
-7.172868
-6.753779
-7.028740
-6.650738
-6.912242
-6.539204
-6.831848
-6.453447
-6.742765
-6.403128
-6.681697
-6.333617
-6.662273
-6.289242
-6.601612
-7.418611
-7.473611
-7.266306
-7.322558
-7.106549
-7.186674
-6.971300
-7.040535
-6.866061
-6.921891
-6.751438
-6.838754
-6.665140
-6.746030
-6.617751
-6.684029
-6.544599
-6.666659
-7.629730
-7.211438
-7.460040
-7.057948
-7.301835
-6.895770
-7.166472
-6.759444
-7.023820
-6.654346
-6.912213
-6.541573
-6.840537
-6.459679
-6.754163
-6.418172
-6.692335
-7.614696
-7.652339
-7.437210
-7.477412
-7.278588
-7.316190
-7.111738
-7.178844
-6.971170
-7.033259
-6.866596
-6.920819
-6.752462
-6.849525
-6.668178
-6.759869
-7.807270
-7.415037
-7.643870
-7.231932
-7.461172
-7.071598
-7.297394
-6.901763
-7.165740
-6.763905
-7.027573
-6.663953
-6.922214
-6.552992
-6.855300
-7.834315
-7.831925
-7.634701
-7.664952
-7.447767
-7.477200
-7.285228
-7.311478
-7.112563
-7.177453
-6.971235
-7.035793
-6.869277
-6.927708
-8.008873
-7.636520
-7.822299
-7.429223
-7.648739
-7.238552
-7.459654
-7.076361
-7.297506
-6.904424
-7.170428
-6.767466
-7.035411
-8.035742
-8.032255
-7.851170
-7.842207
-7.641772
-7.667283
-7.448271
-7.470953
-7.280533
-7.303798
-7.105678
-7.174717
-8.219537
-7.832033
-8.016836
-7.640963
-7.821192
-7.425496
-7.645107
-7.231795
-7.454347
-7.070245
-7.297343
-8.238510
-8.238708
-8.040916
-8.034598
-7.850275
-7.833515
-7.627690
-7.650432
-7.431161
-7.456376
-8.391386
-8.023968
-8.214657
-7.816693
-8.002858
-7.622886
-7.807401
-7.406349
-7.636825
-8.429776
-8.403223
-8.229048
-8.227672
-8.020683
-8.006257
-7.821729
-7.806564
-8.549156
-8.199336
-8.364558
-7.986361
-8.190233
-7.785623
-7.983599
-8.567274
-8.556115
-8.406901
-8.370026
-8.186913
-8.186915
-8.684922
-8.313365
-8.504702
-8.153415
-8.339233
-8.690099
-8.694132
-8.525898
-8.500706
-8.764329
-8.409750
-8.651151
-8.801924
-8.776532
-8.805990
-7.239596
-7.102864
-7.466060
-7.423945
-7.780728
-7.750265
-8.139811
-8.106995
-8.464479
-8.437129
-8.739200
-8.659399
-8.920437
-8.784492
-8.987957
-8.823744
-8.991062
-8.787107
-8.956883
-8.724711
-8.874848
-8.677749
-8.845505
-8.803326
-8.580073
-8.760717
-8.566271
-8.761352
-8.568856
-8.781740
-8.593380
-8.801151
-8.639022
-8.845140
-8.678885
-8.904693
-8.729852
-8.951426
-8.778762
-8.995820
-8.793878
-9.026005
-8.783686
-8.998260
-8.759943
-8.977676
-7.439820
-7.395196
-7.604545
-7.573591
-7.770283
-7.793496
-7.971504
-8.002377
-8.195051
-8.218845
-8.387446
-8.430095
-8.565212
-8.587270
-8.719620
-8.721046
-8.814496
-8.829235
-8.891655
-8.891953
-8.947842
-8.931005
-7.537460
-7.299567
-7.733783
-7.537238
-7.941393
-7.758842
-8.173537
-7.988996
-8.378711
-8.215086
-8.570110
-8.386877
-8.737494
-8.526356
-8.843244
-8.633543
-8.927072
-8.682780
-8.986802
-8.721008
-9.004736
-7.708765
-7.711107
-7.900630
-7.926102
-8.129099
-8.154652
-8.338759
-8.387324
-8.540601
-8.572102
-8.719033
-8.727050
-8.835037
-8.847982
-8.921141
-8.911735
-8.980774
-8.967145
-8.991911
-9.013218
-7.806189
-7.657744
-8.068839
-7.899295
-8.294712
-8.148859
-8.513397
-8.352203
-8.710333
-8.523747
-8.840757
-8.655249
-8.937169
-8.721293
-9.002149
-8.766677
-9.017227
-8.795583
-9.030494
-8.030284
-8.036544
-8.248206
-8.293967
-8.468699
-8.506575
-8.676168
-8.691675
-8.818832
-8.839316
-8.923714
-8.917522
-8.993741
-8.971165
-9.009847
-9.007605
-9.018915
-9.008502
-8.144445
-8.034160
-8.397930
-8.263838
-8.631045
-8.469171
-8.796619
-8.636673
-8.918440
-8.727517
-9.000402
-8.782271
-9.022137
-8.813056
-9.031429
-8.803442
-9.035188
-8.349414
-8.385795
-8.588889
-8.606721
-8.764033
-8.791439
-8.897205
-8.898709
-8.988726
-8.964124
-9.015256
-9.002000
-9.021704
-8.996774
-9.019712
-8.990993
-8.490489
-8.360506
-8.700274
-8.569443
-8.862288
-8.698747
-8.976027
-8.777673
-9.015980
-8.819290
-9.026783
-8.810187
-9.024767
-8.793883
-8.995251
-8.655657
-8.694756
-8.834035
-8.844313
-8.960858
-8.940279
-9.010317
-8.993916
-9.024326
-8.991145
-9.019366
-8.976191
-8.982415
-8.960569
-8.754723
-8.621384
-8.915975
-8.743295
-8.992244
-8.814022
-9.021673
-8.816876
-9.022596
-8.798479
-8.985162
-8.773591
-8.948272
-8.889240
-8.885765
-8.984089
-8.974620
-9.024069
-8.989870
-9.029173
-8.977758
-8.988619
-8.953612
-8.943902
-8.905705
-8.932727
-8.778776
-9.002787
-8.815978
-9.027103
-8.812575
-8.993660
-8.786938
-8.949693
-8.730308
-8.905497
-9.001109
-8.980096
-9.038044
-8.989260
-9.010119
-8.970715
-8.965545
-8.913969
-8.914237
-8.858387
-9.015153
-8.817840
-9.011184
-8.813297
-8.976778
-8.757031
-8.927156
-8.696703
-8.853379
-9.030913
-8.996888
-9.002794
-8.948280
-8.955487
-8.891065
-8.875933
-8.829009
-9.005670
-8.795236
-8.974835
-8.743456
-8.897441
-8.678839
-8.821796
-9.006466
-8.945184
-8.933619
-8.886696
-8.859360
-8.797589
-8.960399
-8.743943
-8.893734
-8.653763
-8.815634
-8.931314
-8.874176
-8.863276
-8.791776
-8.911694
-8.647703
-8.811571
-8.860166
-8.813824
-8.800795
-7.222457
-6.719475
-7.050502
-6.642200
-6.935653
-6.544949
-6.835686
-6.465665
-6.736218
-6.403502
-6.668314
-6.331033
-6.631361
-6.284518
-6.579346
-6.271452
-6.554040
-6.223414
-6.579480
-6.185848
-6.544468
-6.233931
-6.583550
-6.586791
-6.689640
-6.684681
-6.684854
-6.661559
-6.682192
-6.661208
-6.640200
-6.650749
-6.606814
-6.611731
-6.573970
-6.582105
-6.521562
-6.565282
-6.484307
-6.537367
-6.463284
-6.545136
-6.412146
-6.599401
-6.373400
-6.725382
-6.420367
-6.687597
-6.451950
-6.683152
-6.429697
-6.671850
-6.414612
-6.629690
-6.391573
-6.596552
-6.340481
-6.571128
-6.298476
-6.529951
-6.265632
-6.517767
-6.206229
-6.528793
-6.185206
-6.496887
-6.586374
-6.623633
-6.593388
-6.596709
-6.603006
-6.583366
-6.580531
-6.566010
-6.567521
-6.523103
-6.558875
-6.491258
-6.531848
-6.469865
-6.528170
-6.427810
-6.544038
-6.423687
-6.522996
-6.455305
-6.630573
-6.359345
-6.637432
-6.361896
-6.611541
-6.360424
-6.594427
-6.328953
-6.579661
-6.302594
-6.544617
-6.280644
-6.528121
-6.235105
-6.528363
-6.218279
-6.500094
-6.225112
-6.517286
-6.544336
-6.538814
-6.533891
-6.536760
-6.532497
-6.508793
-6.534379
-6.487588
-6.516079
-6.472768
-6.511970
-6.437991
-6.522139
-6.427467
-6.508443
-6.439653
-6.529990
-6.417676
-6.579502
-6.311692
-6.573750
-6.297210
-6.569860
-6.285844
-6.546257
-6.276868
-6.532867
-6.245667
-6.532083
-6.230363
-6.510631
-6.233088
-6.519118
-6.206603
-6.553440
-6.493613
-6.482718
-6.500891
-6.472274
-6.492356
-6.465770
-6.492339
-6.441489
-6.503744
-6.430831
-6.496266
-6.438151
-6.511398
-6.422568
-6.549864
-6.441750
-6.550083
-6.259381
-6.539416
-6.259851
-6.531999
-6.242846
-6.533981
-6.233059
-6.519374
-6.237595
-6.522729
-6.220704
-6.549417
-6.230947
-6.548692
-6.473008
-6.452640
-6.473359
-6.440116
-6.486074
-6.432614
-6.485894
-6.440490
-6.498268
-6.431181
-6.531646
-6.443187
-6.541778
-6.484126
-6.529185
-6.237337
-6.536019
-6.231668
-6.530058
-6.239336
-6.530888
-6.231641
-6.552984
-6.238425
-6.557500
-6.271983
-6.585163
-6.477625
-6.435574
-6.481955
-6.444725
-6.491839
-6.443709
-6.522801
-6.452120
-6.538437
-6.486027
-6.570322
-6.502530
-6.546054
-6.244835
-6.547625
-6.245572
-6.566462
-6.249607
-6.574512
-6.278706
-6.595809
-6.293862
-6.646784
-6.498363
-6.462160
-6.523592
-6.468132
-6.545224
-6.499160
-6.572937
-6.517708
-6.627688
-6.552008
-6.592958
-6.271510
-6.606320
-6.295556
-6.618909
-6.312390
-6.662548
-6.341062
-6.696857
-6.563910
-6.521760
-6.584834
-6.546349
-6.637660
-6.572765
-6.679493
-6.630297
-6.664147
-6.349290
-6.696458
-6.363571
-6.727404
-6.416380
-6.771649
-6.653838
-6.606388
-6.703608
-6.659748
-6.751676
-6.703922
-6.792415
-6.448884
-6.808452
-6.487609
-6.878366
-6.769942
-6.752650
-6.855443
-6.792476
-6.939499
-6.560733
-6.991470
-6.956066
-6.916747
-7.116264
-7.356364
-6.981354
-7.449755
-7.168911
-7.625176
-7.375571
-7.801999
-7.605644
-8.005859
-7.816714
-8.225325
-8.028355
-8.408747
-8.227461
-8.577907
-8.368744
-8.725032
-8.484561
-8.815283
-8.571444
-8.888889
-8.627282
-8.954503
-8.881008
-8.530874
-8.629444
-8.277086
-8.366728
-7.953781
-7.992124
-7.602722
-7.608101
-7.221437
-7.272152
-6.900972
-6.969038
-6.669337
-6.755114
-6.468290
-6.625104
-6.340624
-6.497096
-6.289990
-6.431753
-6.218941
-6.444496
-7.051883
-7.238588
-6.975013
-7.076073
-6.876008
-6.952461
-6.766124
-6.854357
-6.679629
-6.753062
-6.618163
-6.681799
-6.544297
-6.643282
-6.498773
-6.582949
-6.494181
-6.546081
-6.448989
-6.572571
-6.422406
-6.510898
-7.338505
-6.842513
-7.190704
-6.740382
-7.039919
-6.646534
-6.919435
-6.539599
-6.828978
-6.456523
-6.734177
-6.400506
-6.672364
-6.327842
-6.648779
-6.279749
-6.598012
-6.275742
-6.568064
-6.223214
-6.591624
-7.250286
-7.334547
-7.097438
-7.200794
-6.971754
-7.053919
-6.867992
-6.933916
-6.754988
-6.843464
-6.669805
-6.744607
-6.617545
-6.675952
-6.545498
-6.647939
-6.498807
-6.591560
-6.497194
-6.566464
-7.456841
-7.030727
-7.310147
-6.880192
-7.173520
-6.753288
-7.028090
-6.650526
-6.912639
-6.537433
-6.832622
-6.452800
-6.741860
-6.402809
-6.682159
-6.331336
-6.663243
-6.288301
-6.600655
-7.419138
-7.473094
-7.267113
-7.322892
-7.106237
-7.187331
-6.972018
-7.039852
-6.867204
-6.922340
-6.751110
-6.839621
-6.666147
-6.745176
-6.619290
-6.684538
-6.544348
-6.667640
-7.630264
-7.211012
-7.459538
-7.057728
-7.302212
-6.894249
-7.167164
-6.758871
-7.023082
-6.654062
-6.912631
-6.539597
-6.841381
-6.458884
-6.753278
-6.417736
-6.692851
-7.614477
-7.652842
-7.437824
-7.476824
-7.279540
-7.316553
-7.111455
-7.179560
-6.972023
-7.032514
-6.867910
-6.921267
-6.752219
-6.850391
-6.669294
-6.758978
-7.807598
-7.413771
-7.644459
-7.231439
-7.460585
-7.071331
-7.297779
-6.900065
-7.166472
-6.763220
-7.026800
-6.663572
-6.922667
-6.550890
-6.856176
-7.835106
-7.832201
-7.634481
-7.665517
-7.448492
-7.476556
-7.286330
-7.311861
-7.112344
-7.178199
-6.972209
-7.035005
-6.870686
-6.928160
-8.008418
-7.636278
-7.822650
-7.427792
-7.649366
-7.237969
-7.459007
-7.076014
-7.297904
-6.902580
-7.171189
-6.766712
-7.034624
-8.036355
-8.031699
-7.852085
-7.842517
-7.641590
-7.667896
-7.449115
-7.470275
-7.281755
-7.304197
-7.105498
-7.175479
-8.220073
-7.831550
-8.016322
-7.640651
-7.821556
-7.423908
-7.645751
-7.231126
-7.453662
-7.069845
-7.297750
-8.238362
-8.239187
-8.041634
-8.034011
-7.851310
-7.833865
-7.627557
-7.651081
-7.432073
-7.455685
-8.391735
-8.022637
-8.215218
-7.816123
-8.002285
-7.622495
-7.807764
-7.404667
-7.637479
-8.430616
-8.403512
-8.228936
-8.228207
-8.021505
-8.005671
-7.822835
-7.806935
-8.548730
-8.198983
-8.364914
-7.984885
-8.190781
-7.784991
-7.983000
-8.567958
-8.555610
-8.407840
-8.370387
-8.186842
-8.187481
-8.685436
-8.312815
-8.504208
-8.152970
-8.339586
-8.690016
-8.694618
-8.526694
-8.500227
-8.764724
-8.408351
-8.651627
-8.802734
-8.776946
-8.805644
-7.356361
-6.981351
-7.449752
-7.168909
-7.625174
-7.375570
-7.801998
-7.605645
-8.005859
-7.816715
-8.225328
-8.028359
-8.408750
-8.227465
-8.577912
-8.368749
-8.725036
-8.484564
-8.815286
-8.571446
-8.888890
-8.627283
-8.954503
-8.800796
-8.813824
-8.811572
-8.791777
-8.815635
-8.797590
-8.821797
-8.829010
-8.853380
-8.858388
-8.905499
-8.905705
-8.948274
-8.960569
-8.995254
-8.990992
-9.035190
-9.008503
-9.030494
-9.013219
-9.004737
-8.931005
-8.860167
-8.647704
-8.863277
-8.653764
-8.859361
-8.678840
-8.875934
-8.696704
-8.914238
-8.730309
-8.943903
-8.773593
-8.982416
-8.793886
-9.019713
-8.803443
-9.018919
-8.795583
-8.991913
-8.721010
-8.947844
-8.911694
-8.874177
-8.893735
-8.886696
-8.897442
-8.891066
-8.927157
-8.913970
-8.949694
-8.953614
-8.985165
-8.976192
-9.024771
-8.996775
-9.031431
-9.007609
-9.017228
-8.967147
-8.986805
-8.891954
-8.931315
-8.743944
-8.933620
-8.743458
-8.955489
-8.757032
-8.965547
-8.786940
-8.988621
-8.798482
-9.019368
-8.810190
-9.021705
-8.813057
-9.009851
-8.766678
-8.980777
-8.682783
-8.891658
-8.960400
-8.945185
-8.974836
-8.948282
-8.976779
-8.970718
-8.993661
-8.977759
-9.022599
-8.991147
-9.026786
-9.002003
-9.022137
-8.971169
-9.002152
-8.911737
-8.927076
-8.829239
-9.006466
-8.795237
-9.002796
-8.813299
-9.010121
-8.812576
-9.029176
-8.816879
-9.024329
-8.819293
-9.015259
-8.782274
-8.993744
-8.721297
-8.921144
-8.633547
-8.814500
-9.005672
-8.996889
-9.011185
-8.989262
-9.027104
-8.989873
-9.021677
-8.993918
-9.015983
-8.964126
-9.000406
-8.917524
-8.937173
-8.847985
-8.843248
-8.721050
-9.030915
-8.817841
-9.038047
-8.815980
-9.024071
-8.814026
-9.010319
-8.777677
-8.988729
-8.727520
-8.923718
-8.655253
-8.835042
-8.526359
-8.719625
-9.015154
-8.980098
-9.002790
-8.974622
-8.992247
-8.940282
-8.976030
-8.898712
-8.918443
-8.839320
-8.840760
-8.727054
-8.737498
-8.587273
-9.001111
-8.778778
-8.984092
-8.743298
-8.960861
-8.698750
-8.897208
-8.636676
-8.818836
-8.523751
-8.719036
-8.386882
-8.565216
-8.932729
-8.885766
-8.915978
-8.844315
-8.862291
-8.791442
-8.796622
-8.691677
-8.710336
-8.572104
-8.570114
-8.430099
-8.889241
-8.621386
-8.834037
-8.569446
-8.764035
-8.469173
-8.676171
-8.352206
-8.540604
-8.215088
-8.387449
-8.754725
-8.694757
-8.700275
-8.606723
-8.631047
-8.506577
-8.513399
-8.387326
-8.378713
-8.218846
-8.655658
-8.360507
-8.588890
-8.263839
-8.468701
-8.148861
-8.338761
-7.988998
-8.195052
-8.490490
-8.385795
-8.397931
-8.293968
-8.294712
-8.154653
-8.173538
-8.002378
-8.349413
-8.034160
-8.248206
-7.899295
-8.129098
-7.758842
-7.971504
-8.144444
-8.036543
-8.068838
-7.926101
-7.941392
-7.793495
-8.030283
-7.657743
-7.900629
-7.537237
-7.770282
-7.806187
-7.711105
-7.733780
-7.573589
-7.708763
-7.299565
-7.604543
-7.537457
-7.395193
-7.439817
-7.061320
-6.690940
-6.851912
-6.557122
-6.708683
-6.414317
-6.596240
-6.327093
-6.501713
-6.267949
-6.458837
-6.236160
-6.440549
-6.245421
-6.450919
-6.266705
-6.495794
-6.304130
-6.541619
-6.367398
-6.588040
-6.432999
-6.706346
-6.768271
-6.559743
-6.747323
-6.513357
-6.775030
-6.531290
-6.739024
-6.526497
-6.713465
-6.480178
-6.680049
-6.433839
-6.622824
-6.387546
-6.576017
-6.322316
-6.545294
-6.270997
-6.503594
-6.236139
-6.487163
-6.169563
-6.525814
-7.116261
-6.916743
-6.991466
-6.792472
-6.878363
-6.703919
-6.771646
-6.630294
-6.696854
-6.552006
-6.646782
-6.502528
-6.585160
-6.484123
-6.548691
-6.441750
-6.553440
-6.417676
-6.517287
-6.455304
-6.496887
-6.373400
-6.956063
-6.560730
-6.855439
-6.487606
-6.751673
-6.416377
-6.679490
-6.341059
-6.627685
-6.293859
-6.570321
-6.271981
-6.541776
-6.230945
-6.549862
-6.206602
-6.529990
-6.225113
-6.522997
-6.185207
-6.599402
-6.939496
-6.752646
-6.808448
-6.659744
-6.727400
-6.572762
-6.662545
-6.517705
-6.595806
-6.486024
-6.557497
-6.443186
-6.549416
-6.422565
-6.519115
-6.439651
-6.500092
-6.423686
-6.528793
-6.412146
-6.769939
-6.448881
-6.703604
-6.363568
-6.637657
-6.312387
-6.572935
-6.278703
-6.538435
-6.238423
-6.531643
-6.220703
-6.511397
-6.233087
-6.508441
-6.218276
-6.544036
-6.206228
-6.545135
-6.792412
-6.606385
-6.696455
-6.546346
-6.618906
-6.499157
-6.574509
-6.452116
-6.552982
-6.431179
-6.522727
-6.438148
-6.510629
-6.427466
-6.528363
-6.427810
-6.517766
-6.463283
-6.653835
-6.349288
-6.584831
-6.295554
-6.545221
-6.249604
-6.522798
-6.231637
-6.498265
-6.237593
-6.496264
-6.230361
-6.522137
-6.235104
-6.528170
-6.265632
-6.537367
-6.664144
-6.521756
-6.606317
-6.468129
-6.566460
-6.443706
-6.530886
-6.440487
-6.519370
-6.430829
-6.532081
-6.437988
-6.528118
-6.469861
-6.529949
-6.484306
-6.563907
-6.271508
-6.523588
-6.245569
-6.491837
-6.239334
-6.485892
-6.233057
-6.503741
-6.245665
-6.511969
-6.280643
-6.531846
-6.298474
-6.565280
-6.592955
-6.462157
-6.547622
-6.444721
-6.530055
-6.432612
-6.533979
-6.441487
-6.532866
-6.472766
-6.544615
-6.491257
-6.571127
-6.521562
-6.498361
-6.244833
-6.481952
-6.231665
-6.486071
-6.242844
-6.492336
-6.276866
-6.516077
-6.302593
-6.558873
-6.340478
-6.582103
-6.546052
-6.435572
-6.536017
-6.440113
-6.531997
-6.465768
-6.546255
-6.487586
-6.579659
-6.523101
-6.596551
-6.573968
-6.477622
-6.237335
-6.473357
-6.259849
-6.492354
-6.285843
-6.534377
-6.328952
-6.567520
-6.391572
-6.611731
-6.529182
-6.452638
-6.539414
-6.472271
-6.569858
-6.508791
-6.594425
-6.566008
-6.629688
-6.606813
-6.473006
-6.259380
-6.500890
-6.297209
-6.532496
-6.360424
-6.580530
-6.414612
-6.650748
-6.550080
-6.482715
-6.573749
-6.536758
-6.611539
-6.583364
-6.671849
-6.640199
-6.493611
-6.311690
-6.533889
-6.361894
-6.603004
-6.429696
-6.661207
-6.579501
-6.538813
-6.637431
-6.596708
-6.683151
-6.682191
-6.544334
-6.359343
-6.593387
-6.451949
-6.661558
-6.630572
-6.623632
-6.687596
-6.684852
-6.586373
-6.420366
-6.684680
-6.725380
-6.689638
-6.586791
-7.222454
-6.719472
-7.050499
-6.642197
-6.935651
-6.544946
-6.835682
-6.465662
-6.736216
-6.403500
-6.668312
-6.331031
-6.631358
-6.284517
-6.579346
-6.271451
-6.554040
-6.223414
-6.579479
-6.185848
-6.544468
-6.233930
-6.583550
-8.805645
-8.776946
-8.651628
-8.500228
-8.339588
-8.187482
-7.983001
-7.806936
-7.637481
-7.455686
-7.297751
-7.175480
-7.034625
-6.928161
-6.856176
-6.758978
-6.692851
-6.667640
-6.600655
-6.566464
-6.591624
-6.510898
-8.802735
-8.408353
-8.526695
-8.152972
-8.186844
-7.784993
-7.822838
-7.404670
-7.432076
-7.069848
-7.105500
-6.766714
-6.870687
-6.550890
-6.669294
-6.417736
-6.544348
-6.288301
-6.497194
-6.223214
-6.422406
-8.764727
-8.694620
-8.504211
-8.370390
-8.190785
-8.005674
-7.807768
-7.651085
-7.453666
-7.304201
-7.171192
-7.035007
-6.922668
-6.850391
-6.753279
-6.684538
-6.663244
-6.591560
-6.568064
-6.572570
-8.690019
-8.312818
-8.407844
-7.984889
-8.021509
-7.622500
-7.627562
-7.231131
-7.281759
-6.902584
-6.972211
-6.663574
-6.752220
-6.458885
-6.619291
-6.331336
-6.498807
-6.275741
-6.448988
-8.685440
-8.555614
-8.364919
-8.228212
-8.002290
-7.833870
-7.645756
-7.470278
-7.297908
-7.178201
-7.026802
-6.921268
-6.841383
-6.745177
-6.682160
-6.647938
-6.598011
-6.546080
-8.567961
-8.198987
-8.228940
-7.816128
-7.851314
-7.423913
-7.449119
-7.076017
-7.112347
-6.763223
-6.867912
-6.539600
-6.666149
-6.402810
-6.545498
-6.279747
-6.494179
-8.548734
-8.403516
-8.215223
-8.034015
-7.821560
-7.667899
-7.459011
-7.311864
-7.166476
-7.032518
-6.912634
-6.839622
-6.741861
-6.675950
-6.648777
-6.582948
-8.430620
-8.022642
-8.041639
-7.640656
-7.641594
-7.237974
-7.286335
-6.900070
-6.972027
-6.654065
-6.751111
-6.452799
-6.617543
-6.327840
-6.498772
-8.391740
-8.239192
-8.016328
-7.842522
-7.649372
-7.476560
-7.297783
-7.179563
-7.023083
-6.922339
-6.832620
-6.744605
-6.672362
-6.643282
-8.238366
-7.831554
-7.852088
-7.427795
-7.448494
-7.071333
-7.111455
-6.758871
-6.867203
-6.537432
-6.669804
-6.400506
-6.544297
-8.220076
-8.031701
-7.822651
-7.665518
-7.460585
-7.316553
-7.167164
-7.039852
-6.912639
-6.843463
-6.734177
-6.681797
-8.036358
-7.636280
-7.634484
-7.231442
-7.279542
-6.894251
-6.972019
-6.650526
-6.754987
-6.456521
-6.618160
-8.008421
-7.832203
-7.644461
-7.476824
-7.302212
-7.187330
-7.028089
-6.933914
-6.828975
-6.753059
-7.835106
-7.413771
-7.437823
-7.057726
-7.106234
-6.753286
-6.867989
-6.539597
-6.679627
-7.807598
-7.652841
-7.459536
-7.322890
-7.173519
-7.053917
-6.919433
-6.854354
-7.614476
-7.211011
-7.267112
-6.880191
-6.971752
-6.646531
-6.766121
-7.630263
-7.473092
-7.310144
-7.200791
-7.039916
-6.952458
-7.419136
-7.030724
-7.097435
-6.740379
-6.876005
-7.456839
-7.334545
-7.190701
-7.076071
-7.250283
-6.842511
-6.975010
-7.338502
-7.238584
-7.051879
-8.803325
-8.580092
-8.760766
-8.566297
-8.761284
-8.569110
-8.781592
-8.593512
-8.801250
-8.639148
-8.844944
-8.679443
-8.904399
-8.730114
-8.951568
-8.779033
-8.995464
-8.794797
-9.025554
-8.784143
-8.998410
-8.760512
-8.977091
-8.686894
-8.748028
-8.701533
-8.713993
-8.708196
-8.717118
-8.714815
-8.751379
-8.751084
-8.788595
-8.811047
-8.848952
-8.867747
-8.919857
-8.932096
-8.973833
-8.990753
-9.016891
-9.015174
-9.038922
-9.022563
-8.970620
-8.691656
-8.468971
-8.684724
-8.466668
-8.670779
-8.493820
-8.689251
-8.520051
-8.738311
-8.572543
-8.790794
-8.641029
-8.861055
-8.700104
-8.934578
-8.755027
-8.986659
-8.791161
-9.020137
-8.782588
-9.022563
-8.655248
-8.620854
-8.609793
-8.628770
-8.608715
-8.633276
-8.645454
-8.672180
-8.690084
-8.739290
-8.762230
-8.810028
-8.846339
-8.891001
-8.920253
-8.964894
-8.984455
-9.013730
-9.020138
-9.038922
-8.587122
-8.403705
-8.570833
-8.387263
-8.591416
-8.409971
-8.616566
-8.464431
-8.676003
-8.526158
-8.756638
-8.607222
-8.837615
-8.687256
-8.920683
-8.748998
-8.984455
-8.791162
-9.015175
-8.538078
-8.529100
-8.533996
-8.529609
-8.534504
-8.566803
-8.578577
-8.616195
-8.652504
-8.697946
-8.735903
-8.792723
-8.833065
-8.882108
-8.920683
-8.964895
-8.986658
-9.016892
-8.512793
-8.308457
-8.489378
-8.324902
-8.511844
-8.351878
-8.567886
-8.418966
-8.638937
-8.505480
-8.735068
-8.595699
-8.833065
-8.687256
-8.920252
-8.755028
-8.990753
-8.456863
-8.462566
-8.453918
-8.463506
-8.487500
-8.512082
-8.540874
-8.590061
-8.632274
-8.683103
-8.735068
-8.792723
-8.837615
-8.891002
-8.934577
-8.973835
-8.430157
-8.245750
-8.439301
-8.270198
-8.465938
-8.325756
-8.538959
-8.402169
-8.632273
-8.505480
-8.735903
-8.607222
-8.846339
-8.700104
-8.932096
-8.409936
-8.403886
-8.409774
-8.435317
-8.460471
-8.491635
-8.538960
-8.590061
-8.638937
-8.697946
-8.756639
-8.810027
-8.861055
-8.919858
-8.382913
-8.219992
-8.408267
-8.249196
-8.460471
-8.325755
-8.540874
-8.418967
-8.652504
-8.526158
-8.762231
-8.641029
-8.867747
-8.379865
-8.380372
-8.408267
-8.435317
-8.465939
-8.512081
-8.567886
-8.616196
-8.676002
-8.739289
-8.790795
-8.848952
-8.379865
-8.219992
-8.409773
-8.270198
-8.487501
-8.351876
-8.578577
-8.464432
-8.690084
-8.572543
-8.811048
-8.382912
-8.403886
-8.439301
-8.463506
-8.511845
-8.566802
-8.616566
-8.672180
-8.738311
-8.788595
-8.409934
-8.245750
-8.453918
-8.324902
-8.534504
-8.409971
-8.645455
-8.520050
-8.751084
-8.430156
-8.462567
-8.489379
-8.529609
-8.591415
-8.633276
-8.689251
-8.751378
-8.456863
-8.308459
-8.533996
-8.387263
-8.608715
-8.493820
-8.714815
-8.512794
-8.529099
-8.570833
-8.628770
-8.670779
-8.717118
-8.538078
-8.403704
-8.609792
-8.466669
-8.708196
-8.587121
-8.620853
-8.684724
-8.713993
-8.655248
-8.468971
-8.701532
-8.691655
-8.748028
-8.686893
-8.779226
-8.535984
-8.641435
-8.410143
-8.576036
-8.329373
-8.473513
-8.271068
-8.406058
-8.215589
-8.378138
-8.192282
-8.378138
-8.215590
-8.406059
-8.271068
-8.473512
-8.329373
-8.576037
-8.410144
-8.641435
-8.535984
-8.779226
-8.803326
-8.580074
-8.760718
-8.566272
-8.761353
-8.568857
-8.781741
-8.593381
-8.801152
-8.639023
-8.845141
-8.678886
-8.904694
-8.729854
-8.951426
-8.778764
-8.995819
-8.793879
-9.026007
-8.783686
-8.998261
-8.759944
-8.977676
-8.686909
-8.748038
-8.701617
-8.713897
-8.708350
-8.717156
-8.714786
-8.751482
-8.751293
-8.788408
-8.811341
-8.849084
-8.867669
-8.920066
-8.932449
-8.973566
-8.991191
-9.017150
-9.015064
-9.039242
-9.023104
-8.970322
-8.691660
-8.468888
-8.684783
-8.466608
-8.670721
-8.493752
-8.689374
-8.519687
-8.738512
-8.572368
-8.790691
-8.640844
-8.861325
-8.699422
-8.934931
-8.754707
-8.986534
-8.790784
-9.020609
-8.781493
-9.023104
-8.655287
-8.620863
-8.609785
-8.628816
-8.608836
-8.633156
-8.645645
-8.672257
-8.690032
-8.739424
-8.762486
-8.809812
-8.846668
-8.891178
-8.920159
-8.965120
-8.984877
-9.013429
-9.020609
-9.039243
-8.587104
-8.403681
-8.570884
-8.387082
-8.591526
-8.409869
-8.616500
-8.464315
-8.676187
-8.525685
-8.756894
-8.607004
-8.837517
-8.686999
-8.921042
-8.748181
-8.984877
-8.790785
-9.015065
-8.538107
-8.529058
-8.534080
-8.529644
-8.534477
-8.566877
-8.578741
-8.616044
-8.652730
-8.698060
-8.735830
-8.792878
-8.833377
-8.881858
-8.921042
-8.965121
-8.986534
-9.017150
-8.512812
-8.308424
-8.489351
-8.324844
-8.511947
-8.351597
-8.568047
-8.418828
-8.638867
-8.505312
-8.735325
-8.595115
-8.833377
-8.686999
-8.920159
-8.754708
-8.991191
-8.456861
-8.462590
-8.453990
-8.463429
-8.487625
-8.512146
-8.540828
-8.590157
-8.632485
-8.682917
-8.735325
-8.792878
-8.837517
-8.891178
-8.934932
-8.973568
-8.430175
-8.245655
-8.439370
-8.270129
-8.465900
-8.325657
-8.539121
-8.401790
-8.632485
-8.505312
-8.735831
-8.607004
-8.846669
-8.699423
-8.932448
-8.409962
-8.403906
-8.409755
-8.435363
-8.460588
-8.491521
-8.539121
-8.590157
-8.638867
-8.698060
-8.756896
-8.809812
-8.861325
-8.920067
-8.382904
-8.219958
-8.408336
-8.249006
-8.460588
-8.325657
-8.540828
-8.418829
-8.652730
-8.525686
-8.762487
-8.640844
-8.867669
-8.379889
-8.380333
-8.408336
-8.435363
-8.465900
-8.512146
-8.568048
-8.616044
-8.676188
-8.739424
-8.790692
-8.849084
-8.379889
-8.219959
-8.409755
-8.270128
-8.487625
-8.351597
-8.578741
-8.464315
-8.690033
-8.572368
-8.811343
-8.382904
-8.403907
-8.439370
-8.463428
-8.511948
-8.566878
-8.616501
-8.672258
-8.738513
-8.788409
-8.409962
-8.245657
-8.453989
-8.324843
-8.534478
-8.409870
-8.645645
-8.519688
-8.751294
-8.430175
-8.462590
-8.489350
-8.529645
-8.591527
-8.633156
-8.689375
-8.751483
-8.456860
-8.308423
-8.534080
-8.387084
-8.608836
-8.493752
-8.714787
-8.512811
-8.529058
-8.570885
-8.628816
-8.670721
-8.717157
-8.538108
-8.403681
-8.609785
-8.466609
-8.708351
-8.587105
-8.620864
-8.684784
-8.713898
-8.655287
-8.468889
-8.701618
-8.691661
-8.748039
-8.686909
-6.727592
-6.602238
-6.783402
-6.711914
-6.900761
-6.826917
-7.025506
-6.938354
-7.118728
-7.026312
-7.175086
-7.053805
-7.175086
-7.026311
-7.118727
-6.938354
-7.025507
-6.826916
-6.900760
-6.711913
-6.783401
-6.602238
-6.727590
-6.768396
-6.559683
-6.747720
-6.513426
-6.774750
-6.532281
-6.738682
-6.526477
-6.714242
-6.480340
-6.679194
-6.435650
-6.621990
-6.387657
-6.576842
-6.322717
-6.544020
-6.273436
-6.502408
-6.236661
-6.487828
-6.170510
-6.524317
-6.730716
-6.722128
-6.800420
-6.754476
-6.759736
-6.765888
-6.746297
-6.731352
-6.715659
-6.700641
-6.656463
-6.663235
-6.604153
-6.610880
-6.559044
-6.574548
-6.505575
-6.561344
-6.470537
-6.551501
-6.469452
-6.565847
-6.840756
-6.629262
-6.825846
-6.655745
-6.839273
-6.627879
-6.822058
-6.601620
-6.765689
-6.554201
-6.709475
-6.479927
-6.651604
-6.409948
-6.584541
-6.350107
-6.531061
-6.285473
-6.501304
-6.221551
-6.469452
-6.855016
-6.844963
-6.879299
-6.843540
-6.870127
-6.843577
-6.821606
-6.813183
-6.770455
-6.750391
-6.708987
-6.689749
-6.634500
-6.637814
-6.570876
-6.586908
-6.529388
-6.551664
-6.501304
-6.551501
-6.912819
-6.742643
-6.936999
-6.761353
-6.915771
-6.738907
-6.881394
-6.674175
-6.820766
-6.598546
-6.736354
-6.516859
-6.654507
-6.429002
-6.587865
-6.347029
-6.529388
-6.285473
-6.470537
-6.966898
-6.949593
-6.970230
-6.957324
-6.953985
-6.920222
-6.902120
-6.864000
-6.819391
-6.791132
-6.733245
-6.710301
-6.655540
-6.637555
-6.587865
-6.586908
-6.531061
-6.561344
-7.011072
-6.870616
-7.028978
-6.858873
-7.002623
-6.813771
-6.932538
-6.733101
-6.844035
-6.628712
-6.748301
-6.522130
-6.655540
-6.429002
-6.570876
-6.350108
-6.505575
-7.063785
-7.051197
-7.069899
-7.040281
-7.023683
-6.985876
-6.946038
-6.897033
-6.848700
-6.799257
-6.748301
-6.710301
-6.654508
-6.637813
-6.584541
-6.574550
-7.114517
-6.966305
-7.105736
-6.938821
-7.051801
-6.859126
-6.960289
-6.749061
-6.848700
-6.628713
-6.733245
-6.516859
-6.634500
-6.409948
-6.559044
-7.147088
-7.134379
-7.130591
-7.091330
-7.063006
-7.005596
-6.960289
-6.897033
-6.844034
-6.791132
-6.736354
-6.689748
-6.651605
-6.610880
-7.175521
-7.023757
-7.146746
-6.964495
-7.063006
-6.859125
-6.946039
-6.733100
-6.819391
-6.598546
-6.708988
-6.479926
-6.604155
-7.190953
-7.160104
-7.146745
-7.091331
-7.051801
-6.985875
-6.932539
-6.863999
-6.820766
-6.750390
-6.709477
-6.663233
-7.190953
-7.023758
-7.130589
-6.938823
-7.023683
-6.813770
-6.902120
-6.674175
-6.770455
-6.554200
-6.656464
-7.175521
-7.134379
-7.105734
-7.040284
-7.002621
-6.920222
-6.881392
-6.813183
-6.765689
-6.700640
-7.147085
-6.966306
-7.069899
-6.858873
-6.953984
-6.738907
-6.821604
-6.601621
-6.715658
-7.114515
-7.051199
-7.028977
-6.957322
-6.915771
-6.843576
-6.822058
-6.731351
-7.063787
-6.870616
-6.970228
-6.761354
-6.870125
-6.627879
-6.746297
-7.011071
-6.949591
-6.936999
-6.843539
-6.839272
-6.765887
-6.966897
-6.742643
-6.879298
-6.655745
-6.759735
-6.912818
-6.844962
-6.825845
-6.754475
-6.855015
-6.629262
-6.800419
-6.840755
-6.722127
-6.730715
-6.768271
-6.559744
-6.747324
-6.513357
-6.775031
-6.531290
-6.739024
-6.526498
-6.713466
-6.480178
-6.680051
-6.433839
-6.622826
-6.387547
-6.576017
-6.322318
-6.545295
-6.270997
-6.503595
-6.236139
-6.487163
-6.169563
-6.525813
-6.730809
-6.722188
-6.800884
-6.754040
-6.760289
-6.766293
-6.745877
-6.731709
-6.716602
-6.699565
-6.657373
-6.663819
-6.603433
-6.611326
-6.560324
-6.573114
-6.506792
-6.561994
-6.469848
-6.552071
-6.470935
-6.564519
-6.840690
-6.628916
-6.825909
-6.655760
-6.838665
-6.627806
-6.822616
-6.600221
-6.766326
-6.554192
-6.708659
-6.479711
-6.652726
-6.407777
-6.585668
-6.349808
-6.530308
-6.284930
-6.502728
-6.218781
-6.470935
-6.855259
-6.845104
-6.879189
-6.843774
-6.870793
-6.842816
-6.822334
-6.813648
-6.769839
-6.750772
-6.710102
-6.688377
-6.635615
-6.638351
-6.570129
-6.587388
-6.530764
-6.550115
-6.502729
-6.552071
-6.912564
-6.742624
-6.937152
-6.760547
-6.916111
-6.738934
-6.880688
-6.674083
-6.821640
-6.596757
-6.737312
-6.516732
-6.653722
-6.428705
-6.589160
-6.344573
-6.530764
-6.284930
-6.469849
-6.967157
-6.949324
-6.970682
-6.957604
-6.953613
-6.920514
-6.902976
-6.862881
-6.820314
-6.791580
-6.732518
-6.710713
-6.656761
-6.636010
-6.589160
-6.587388
-6.530308
-6.561994
-7.011031
-6.870612
-7.028532
-6.858847
-7.003125
-6.812530
-6.933220
-6.733083
-6.843308
-6.628580
-6.749405
-6.520029
-6.656762
-6.428705
-6.570130
-6.349808
-6.506792
-7.063811
-7.051338
-7.070377
-7.039635
-7.024316
-6.986205
-6.945457
-6.897361
-6.849694
-6.797878
-6.749406
-6.710713
-6.653723
-6.638351
-6.585668
-6.573116
-7.114525
-6.965827
-7.106025
-6.938841
-7.051274
-6.859084
-6.961110
-6.747432
-6.849695
-6.628580
-6.732519
-6.516732
-6.635617
-6.407777
-6.560325
-7.147303
-7.134521
-7.130317
-7.091536
-7.063665
-7.004585
-6.961110
-6.897361
-6.843308
-6.791581
-6.737313
-6.688376
-6.652728
-6.611327
-7.175355
-7.023746
-7.147152
-6.963543
-7.063665
-6.859084
-6.945457
-6.733083
-6.820314
-6.596757
-6.710104
-6.479711
-6.603435
-7.191122
-7.159722
-7.147152
-7.091536
-7.051273
-6.986206
-6.933220
-6.862882
-6.821640
-6.750773
-6.708661
-6.663820
-7.191122
-7.023747
-7.130317
-6.938841
-7.024316
-6.812530
-6.902977
-6.674084
-6.769839
-6.554192
-6.657375
-7.175355
-7.134523
-7.106024
-7.039634
-7.003127
-6.920513
-6.880690
-6.813649
-6.766327
-6.699565
-7.147304
-6.965829
-7.070375
-6.858848
-6.953614
-6.738935
-6.822335
-6.600220
-6.716604
-7.114525
-7.051338
-7.028532
-6.957606
-6.916110
-6.842818
-6.822616
-6.731710
-7.063809
-6.870612
-6.970684
-6.760546
-6.870794
-6.627807
-6.745878
-7.011033
-6.949325
-6.937153
-6.843775
-6.838665
-6.766294
-6.967159
-6.742624
-6.879191
-6.655760
-6.760291
-6.912564
-6.845106
-6.825910
-6.754041
-6.855261
-6.628916
-6.800885
-6.840691
-6.722190
-6.730810

