Tension at each vertex
-6.711466
-6.711479
-6.710394
-6.710402
-8.470902
-6.349384
-8.470895
-6.349379
-8.537642
-8.536250
-6.030167
-6.027572
-7.193784
-7.054449
-7.420805
-7.379535
-7.734740
-7.703158
-8.092561
-8.053191
-8.410824
-8.377777
-8.679305
-8.596909
-8.860498
-8.723142
-8.931604
-8.767517
-8.939217
-8.735693
-8.909036
-8.677103
-8.828624
-8.633098
-8.799503
-7.208324
-7.482156
-7.492010
-7.720976
-7.831403
-8.033094
-8.156732
-8.373464
-8.475332
-8.648191
-8.736889
-8.848808
-8.886487
-8.958168
-8.952893
-8.973926
-8.958072
-8.945599
-8.910229
-8.893654
-8.867906
-8.760260
-7.175737
-7.098976
-7.495049
-7.401198
-7.798348
-7.769037
-8.136764
-8.108064
-8.469356
-8.407545
-8.714851
-8.624451
-8.873380
-8.729145
-8.946273
-8.759245
-8.943895
-8.737445
-8.913780
-8.667996
-8.867983
-7.274029
-7.438082
-7.527139
-7.763568
-7.842460
-8.080060
-8.198911
-8.402676
-8.506279
-8.684008
-8.747866
-8.863881
-8.897796
-8.956836
-8.951861
-8.976773
-8.952002
-8.941989
-8.913704
-8.893620
-7.222438
-7.136900
-7.492715
-7.443124
-7.842406
-7.790319
-8.179889
-8.146662
-8.496380
-8.431833
-8.743648
-8.631062
-8.886123
-8.735101
-8.950513
-8.756840
-8.952111
-8.737436
-8.910337
-7.220257
-7.469533
-7.544903
-7.763856
-7.867095
-8.110598
-8.209871
-8.428988
-8.526680
-8.695806
-8.755416
-8.874389
-8.895072
-8.956506
-8.950432
-8.976722
-8.943825
-8.945585
-7.250675
-7.118992
-7.524650
-7.466433
-7.854135
-7.815478
-8.209264
-8.159735
-8.518373
-8.446285
-8.754661
-8.633738
-8.895196
-8.735083
-8.951984
-8.759308
-8.958078
-7.236022
-7.485159
-7.530540
-7.783473
-7.880551
-8.118861
-8.221499
-8.443261
-8.527878
-8.700754
-8.754582
-8.874330
-8.886048
-8.956828
-8.946081
-8.973983
-7.230340
-7.136003
-7.542169
-7.466667
-7.873158
-7.828487
-8.220280
-8.166656
-8.528002
-8.446266
-8.755545
-8.631134
-8.897796
-8.729321
-8.952937
-7.247005
-7.472233
-7.538181
-7.793928
-7.879525
-8.125914
-8.220206
-8.443198
-8.518300
-8.695797
-8.743439
-8.863948
-8.873227
-8.958045
-7.234419
-7.147839
-7.541105
-7.472052
-7.879620
-7.828473
-8.221623
-8.159814
-8.526670
-8.432030
-8.747911
-8.624482
-8.886665
-7.239686
-7.472402
-7.541042
-7.793876
-7.873107
-8.118844
-8.209055
-8.429060
-8.496218
-8.683874
-8.714833
-8.848735
-7.239730
-7.147841
-7.538281
-7.466734
-7.880521
-7.815696
-8.209899
-8.146702
-8.506465
-8.407677
-8.736798
-7.234401
-7.472201
-7.541989
-7.783562
-7.853966
-8.110457
-8.179880
-8.402594
-8.469057
-8.648331
-7.246952
-7.136236
-7.530511
-7.466484
-7.867279
-7.790461
-8.198803
-8.108471
-8.475290
-7.230169
-7.485039
-7.524675
-7.763755
-7.842097
-8.080213
-8.136511
-8.373251
-7.236176
-7.119111
-7.544761
-7.443578
-7.842386
-7.769136
-8.156980
-7.250406
-7.469722
-7.492441
-7.763340
-7.798403
-8.032937
-7.220086
-7.137023
-7.527386
-7.401414
-7.831184
-7.222550
-7.437888
-7.494630
-7.721210
-7.273760
-7.099692
-7.491828
-7.175355
-7.481823
-7.208608
-7.236350
-6.896330
-7.211141
-6.811964
-7.239456
-6.847501
-7.199134
-6.871101
-7.201892
-6.859382
-7.207038
-6.858753
-7.207068
-6.859340
-7.201783
-6.871027
-7.199260
-6.847016
-7.239648
-6.811786
-7.210857
-6.896096
-7.236654
-7.011644
-6.637471
-6.797004
-6.503735
-6.652980
-6.359788
-6.541834
-6.272988
-6.447829
-6.214619
-6.405416
-6.183625
-6.386979
-6.193275
-6.397539
-6.214059
-6.442459
-6.251651
-6.487392
-6.316272
-6.533518
-6.384055
-6.653038
-6.976098
-7.056703
-6.820632
-6.842943
-6.694911
-6.700030
-6.567318
-6.599605
-6.489228
-6.522488
-6.437990
-6.488917
-6.413158
-6.475917
-6.424650
-6.486949
-6.445708
-6.532678
-6.478099
-6.582933
-6.557073
-6.594041
-6.964095
-6.632740
-6.815007
-6.466190
-6.642653
-6.356618
-6.526247
-6.260149
-6.449543
-6.210423
-6.401243
-6.186763
-6.394833
-6.188078
-6.407016
-6.222993
-6.435176
-6.261407
-6.496090
-6.292104
-6.557090
-7.032224
-6.985033
-6.813843
-6.837722
-6.658704
-6.687726
-6.554872
-6.588026
-6.471823
-6.521833
-6.430178
-6.481553
-6.410645
-6.479159
-6.412644
-6.493402
-6.449579
-6.517858
-6.496337
-6.582879
-6.992481
-6.651229
-6.782317
-6.467108
-6.643951
-6.339522
-6.521414
-6.257689
-6.449124
-6.203628
-6.409499
-6.189091
-6.394485
-6.194099
-6.415730
-6.213224
-6.449609
-6.261294
-6.477900
-6.974780
-6.994885
-6.810857
-6.810940
-6.647950
-6.683471
-6.536918
-6.579096
-6.463882
-6.518984
-6.417585
-6.485345
-6.406743
-6.471217
-6.415946
-6.493347
-6.435194
-6.532874
-7.010378
-6.623621
-6.791321
-6.470259
-6.632769
-6.335309
-6.523935
-6.251838
-6.447792
-6.205286
-6.415633
-6.183396
-6.406794
-6.193987
-6.412478
-6.223070
-6.445657
-6.987032
-7.000279
-6.787693
-6.810451
-6.644529
-6.675138
-6.527336
-6.578723
-6.455687
-6.513475
-6.415801
-6.485298
-6.394484
-6.479345
-6.407148
-6.486750
-6.985266
-6.632874
-6.797117
-6.460802
-6.634013
-6.336629
-6.524874
-6.248066
-6.455748
-6.205189
-6.417463
-6.189149
-6.410618
-6.187714
-6.424862
-6.996309
-6.981747
-6.786808
-6.812186
-6.637696
-6.673037
-6.524975
-6.578694
-6.447769
-6.519146
-6.409599
-6.481380
-6.395191
-6.476003
-6.984521
-6.640339
-6.789886
-6.459760
-6.637759
-6.336559
-6.527263
-6.251867
-6.463893
-6.203296
-6.430395
-6.186611
-6.412866
-6.988263
-6.977951
-6.789909
-6.812186
-6.633966
-6.675259
-6.524015
-6.578951
-6.449414
-6.521913
-6.401096
-6.489228
-6.988323
-6.640307
-6.786786
-6.460795
-6.644596
-6.335013
-6.537120
-6.257545
-6.471601
-6.210427
-6.438123
-6.984448
-6.981815
-6.797183
-6.810328
-6.632971
-6.683556
-6.521280
-6.588288
-6.449771
-6.522180
-6.996439
-6.632616
-6.787877
-6.470145
-6.647800
-6.339482
-6.555029
-6.259535
-6.489581
-6.985374
-7.000376
-6.791187
-6.811134
-6.644156
-6.687469
-6.526645
-6.599785
-6.986955
-6.623538
-6.811063
-6.466562
-6.659016
-6.356422
-6.567020
-7.010558
-6.994664
-6.782608
-6.837903
-6.642445
-6.700371
-6.975063
-6.651066
-6.813638
-6.466072
-6.695184
-6.992281
-6.985285
-6.815321
-6.842606
-7.032561
-6.631973
-6.821034
-6.964448
-7.056971
-6.975886
-7.301076
-6.935093
-7.397548
-7.122438
-7.574797
-7.330725
-7.749861
-7.558970
-7.952650
-7.765526
-8.167865
-7.974467
-8.346381
-8.169550
-8.513771
-8.308329
-8.659028
-8.424752
-8.749301
-8.511997
-8.823640
-8.571748
-8.890712
-8.751338
-8.769355
-8.765747
-8.747341
-8.769791
-8.753428
-8.776479
-8.784537
-8.807241
-8.813224
-8.858434
-8.857628
-8.899716
-8.910190
-8.943371
-8.938378
-8.980968
-8.952398
-8.974659
-8.954027
-8.946286
-8.867144
-8.815275
-8.601022
-8.818269
-8.608142
-8.814225
-8.633231
-8.830022
-8.650764
-8.867329
-8.682386
-8.895568
-8.724177
-8.930973
-8.742813
-8.966290
-8.749514
-8.964033
-8.740095
-8.934334
-8.665113
-8.886524
-8.865083
-8.829477
-8.847316
-8.842405
-8.851033
-8.846436
-8.880420
-8.867632
-8.901976
-8.905442
-8.934619
-8.925568
-8.972097
-8.942275
-8.976759
-8.950673
-8.959367
-8.908681
-8.925585
-8.830982
-8.884429
-8.695872
-8.887375
-8.695414
-8.908864
-8.707996
-8.917725
-8.736778
-8.938211
-8.746696
-8.967062
-8.755448
-8.967619
-8.757013
-8.952884
-8.710302
-8.921635
-8.625216
-8.830137
-8.911653
-8.897640
-8.926035
-8.900773
-8.927446
-8.922502
-8.942670
-8.927836
-8.970230
-8.937778
-8.972558
-8.946339
-8.964632
-8.913721
-8.942563
-8.851793
-8.865183
-8.767393
-8.956556
-8.743070
-8.952822
-8.760479
-8.958935
-8.758451
-8.976709
-8.760195
-8.970172
-8.761498
-8.958304
-8.724021
-8.935635
-8.661979
-8.861781
-8.574347
-8.752024
-8.953294
-8.944914
-8.957693
-8.936853
-8.972826
-8.935663
-8.966332
-8.938484
-8.958182
-8.907243
-8.941516
-8.858286
-8.876743
-8.788259
-8.779628
-8.660351
-8.976040
-8.760798
-8.982949
-8.757124
-8.968401
-8.754224
-8.952717
-8.717263
-8.930850
-8.666218
-8.865547
-8.595483
-8.774656
-8.467699
-8.657980
-8.958343
-8.922715
-8.945465
-8.917331
-8.933538
-8.883010
-8.917485
-8.840319
-8.859684
-8.781585
-8.779791
-8.669282
-8.675420
-8.527335
-8.942560
-8.717663
-8.924746
-8.682207
-8.902624
-8.636999
-8.839749
-8.576866
-8.760827
-8.466199
-8.661334
-8.329040
-8.506405
-8.872750
-8.826851
-8.857226
-8.785881
-8.805127
-8.735777
-8.739419
-8.637854
-8.653207
-8.517263
-8.511509
-8.374398
-8.829444
-8.559973
-8.776576
-8.511169
-8.708150
-8.413721
-8.622725
-8.298131
-8.487375
-8.162201
-8.331042
-8.697039
-8.638735
-8.644880
-8.555046
-8.579611
-8.457246
-8.462314
-8.338917
-8.323784
-8.168204
-8.598535
-8.305788
-8.537253
-8.212889
-8.420462
-8.101629
-8.289460
-7.941490
-8.143783
-8.438148
-8.336000
-8.350699
-8.250663
-8.248373
-8.111999
-8.124738
-7.954858
-8.299087
-7.987238
-8.201883
-7.856595
-8.084991
-7.714394
-7.923576
-8.096266
-7.993981
-8.026415
-7.885362
-7.895854
-7.750158
-7.984109
-7.613617
-7.856768
-7.495978
-7.722181
-7.760812
-7.670680
-7.687053
-7.530790
-7.659656
-7.255547
-7.556992
-7.490244
-7.349133
-7.386915
-7.011218
-6.637711
-6.797245
-6.504001
-6.652483
-6.360635
-6.541493
-6.273040
-6.448078
-6.214819
-6.404938
-6.184301
-6.386716
-6.193241
-6.397696
-6.214202
-6.442060
-6.252033
-6.487229
-6.316192
-6.533492
-6.384157
-6.652802
-6.711100
-6.513798
-6.693598
-6.462644
-6.723017
-6.481547
-6.684672
-6.476686
-6.661202
-6.428519
-6.627074
-6.384609
-6.568729
-6.337287
-6.524439
-6.270988
-6.492318
-6.221924
-6.449086
-6.186007
-6.434473
-6.118768
-6.472521
-7.056720
-6.863062
-6.931379
-6.739074
-6.817387
-6.650101
-6.712038
-6.577618
-6.636801
-6.501001
-6.588717
-6.450295
-6.528611
-6.434039
-6.490221
-6.392349
-6.497718
-6.365383
-6.461942
-6.406665
-6.438490
-6.323012
-6.901094
-6.506609
-6.797235
-6.433564
-6.694109
-6.363271
-6.621729
-6.289811
-6.571448
-6.241699
-6.515477
-6.221595
-6.485003
-6.181438
-6.495170
-6.154410
-6.475500
-6.175838
-6.464789
-6.136415
-6.544405
-6.878066
-6.697689
-6.746634
-6.604163
-6.665319
-6.519048
-6.602265
-6.463938
-6.537893
-6.434216
-6.498808
-6.392738
-6.493148
-6.369711
-6.464134
-6.389211
-6.442507
-6.374082
-6.474576
-6.359180
-6.714191
-6.393356
-6.646721
-6.309103
-6.580975
-6.257944
-6.517905
-6.225865
-6.482407
-6.187075
-6.477353
-6.167393
-6.458248
-6.181922
-6.452416
-6.168486
-6.490129
-6.153607
-6.492230
-6.732396
-6.551111
-6.635149
-6.490955
-6.559395
-6.445412
-6.515348
-6.400437
-6.496273
-6.377973
-6.467992
-6.386541
-6.453728
-6.377001
-6.473716
-6.374597
-6.465068
-6.412070
-6.598535
-6.294926
-6.530651
-6.241149
-6.490614
-6.196563
-6.469332
-6.177174
-6.446136
-6.184574
-6.441858
-6.178974
-6.469282
-6.181641
-6.476351
-6.214585
-6.482713
-6.605821
-6.466477
-6.547348
-6.414566
-6.508864
-6.389928
-6.475716
-6.388216
-6.462987
-6.379831
-6.477279
-6.384466
-6.474737
-6.418283
-6.474474
-6.434522
-6.510685
-6.218790
-6.470747
-6.191596
-6.440444
-6.185642
-6.432749
-6.180339
-6.451424
-6.191012
-6.460653
-6.228356
-6.477699
-6.248664
-6.512734
-6.535448
-6.407635
-6.491727
-6.391026
-6.473709
-6.380833
-6.479076
-6.387979
-6.479131
-6.420563
-6.488248
-6.440708
-6.516778
-6.469204
-6.447240
-6.192005
-6.429909
-6.179413
-6.434323
-6.188230
-6.441083
-6.223258
-6.462116
-6.251074
-6.506147
-6.287802
-6.531202
-6.489579
-6.382531
-6.480344
-6.386054
-6.477861
-6.413040
-6.490056
-6.436165
-6.524317
-6.469628
-6.543034
-6.522644
-6.426352
-6.184389
-6.422583
-6.206752
-6.439094
-6.233233
-6.481425
-6.274736
-6.515641
-6.339907
-6.558505
-6.473984
-6.398962
-6.483162
-6.419621
-6.514507
-6.454731
-6.539731
-6.513537
-6.573533
-6.556136
-6.421156
-6.207439
-6.448765
-6.243168
-6.480212
-6.307550
-6.526328
-6.363468
-6.599043
-6.494141
-6.428264
-6.518316
-6.483269
-6.554681
-6.530962
-6.617240
-6.587024
-6.441997
-6.259314
-6.480350
-6.309784
-6.550547
-6.376562
-6.609932
-6.522675
-6.485007
-6.581452
-6.542184
-6.628300
-6.630867
-6.492255
-6.306701
-6.541456
-6.401164
-6.608697
-6.574047
-6.569887
-6.630899
-6.632477
-6.534387
-6.369790
-6.634747
-6.669419
-6.635135
-6.534707
-7.167476
-6.668747
-6.994775
-6.590678
-6.878871
-6.494549
-6.779456
-6.414609
-6.681275
-6.353702
-6.612043
-6.282471
-6.576515
-6.234000
-6.525008
-6.222915
-6.496663
-6.175126
-6.524467
-6.134718
-6.488138
-6.188527
-6.522529
-8.741301
-8.708436
-8.582465
-8.430249
-8.269540
-8.118933
-7.918573
-7.743188
-7.578591
-7.400227
-7.243146
-7.123589
-6.984802
-6.875801
-6.805471
-6.708058
-6.638589
-6.615193
-6.547401
-6.509650
-6.537739
-6.455068
-8.735867
-8.346696
-8.457233
-8.087182
-8.119138
-7.720691
-7.759812
-7.348439
-7.375020
-7.019232
-7.056093
-6.718868
-6.823413
-6.506669
-6.620750
-6.372602
-6.497647
-6.239747
-6.449635
-6.176306
-6.369608
-8.699824
-8.623120
-8.434706
-8.297000
-8.120842
-7.937781
-7.742846
-7.590062
-7.398401
-7.248910
-7.120536
-6.985164
-6.871973
-6.799738
-6.703779
-6.630514
-6.611340
-6.538311
-6.510595
-6.518760
-8.624526
-8.248720
-8.338381
-7.919333
-7.953281
-7.560162
-7.567879
-7.174841
-7.228713
-6.854396
-6.922652
-6.617749
-6.706873
-6.412219
-6.573422
-6.286309
-6.449409
-6.229441
-6.400359
-8.619086
-8.485083
-8.294811
-8.156783
-7.935689
-7.767164
-7.585816
-7.413440
-7.244027
-7.126017
-6.978527
-6.869071
-6.792328
-6.694121
-6.629116
-6.594509
-6.544376
-6.488174
-8.502983
-8.135422
-8.163236
-7.751371
-7.788560
-7.365696
-7.391980
-7.023315
-7.063016
-6.713801
-6.821316
-6.494551
-6.619011
-6.357184
-6.499347
-6.230701
-6.445870
-8.484228
-8.333882
-8.148912
-7.966938
-7.757958
-7.606394
-7.404120
-7.255843
-7.116158
-6.981715
-6.862213
-6.787653
-6.691779
-6.620325
-6.595268
-6.527557
-8.368444
-7.962166
-7.978807
-7.581133
-7.584657
-7.181794
-7.234168
-6.850407
-6.922789
-6.606836
-6.705818
-6.405171
-6.570541
-6.281202
-6.447994
-8.328718
-8.173701
-7.955413
-7.778382
-7.592075
-7.419871
-7.244724
-7.126570
-6.974226
-6.868509
-6.781418
-6.691019
-6.617273
-6.587165
-8.180297
-7.773692
-7.795490
-7.373882
-7.394425
-7.019829
-7.062470
-6.708934
-6.819480
-6.491167
-6.620752
-6.352961
-6.495637
-8.161824
-7.971202
-7.764982
-7.607017
-7.408112
-7.260799
-7.116479
-6.987226
-6.859811
-6.788428
-6.681266
-6.623847
-7.981479
-7.583850
-7.583210
-7.179739
-7.229297
-6.845504
-6.921681
-6.602296
-6.707008
-6.407298
-6.568220
-7.954618
-7.774360
-7.591604
-7.422220
-7.249795
-7.133179
-6.976919
-6.877213
-6.774953
-6.696447
-7.785483
-7.365450
-7.387861
-7.009149
-7.057339
-6.703225
-6.818079
-6.491523
-6.628138
-7.755244
-7.598899
-7.408925
-7.267679
-7.121544
-6.998862
-6.864399
-6.796364
-7.567932
-7.162819
-7.218932
-6.832224
-6.920613
-6.596875
-6.715717
-7.580123
-7.420411
-7.257435
-7.145543
-6.986747
-6.893747
-7.371803
-6.983342
-7.048979
-6.689880
-6.824684
-7.406246
-7.279357
-7.137191
-7.019313
-7.203607
-6.793921
-6.924119
-7.284797
-7.182324
-7.002548
-7.236363
-6.896342
-7.211155
-6.811978
-7.239469
-6.847516
-7.199149
-6.871114
-7.201906
-6.859396
-7.207051
-6.858766
-7.207080
-6.859352
-7.201795
-6.871038
-7.199271
-6.847026
-7.239658
-6.811795
-7.210866
-6.896105
-7.236662
-7.194335
-7.054123
-7.420699
-7.379378
-7.735101
-7.702536
-8.092975
-8.053004
-8.410788
-8.377701
-8.679538
-8.596539
-8.860771
-8.723017
-8.931615
-8.767478
-8.939350
-8.735526
-8.909190
-8.677048
-8.828672
-8.633085
-8.799562
-7.208622
-7.481837
-7.491842
-7.721224
-7.831197
-8.032949
-8.156989
-8.373257
-8.475294
-8.648331
-8.736795
-8.848729
-8.886658
-8.958035
-8.952927
-8.973973
-8.958067
-8.945575
-8.910327
-8.893611
-8.867974
-8.760253
-7.175369
-7.099707
-7.494644
-7.401428
-7.798416
-7.769148
-8.136521
-8.108477
-8.469060
-8.407677
-8.714830
-8.624476
-8.873219
-8.729312
-8.946071
-8.759296
-8.943815
-8.737425
-8.913693
-8.667987
-8.867898
-7.273774
-7.437903
-7.527401
-7.763354
-7.842400
-8.080225
-8.198812
-8.402600
-8.506468
-8.683874
-8.747908
-8.863942
-8.897788
-8.956819
-8.951974
-8.976713
-8.952101
-8.941979
-8.913771
-8.893645
-7.222564
-7.137038
-7.492456
-7.443593
-7.842111
-7.790473
-8.179889
-8.146708
-8.496221
-8.432030
-8.743436
-8.631129
-8.886041
-8.735075
-8.950424
-8.756830
-8.951992
-8.737435
-8.910220
-7.220101
-7.469738
-7.544776
-7.763770
-7.867293
-8.110469
-8.209909
-8.429067
-8.526673
-8.695798
-8.755542
-8.874325
-8.895189
-8.956497
-8.950503
-8.976763
-8.943886
-8.945590
-7.250421
-7.119127
-7.524690
-7.466499
-7.853980
-7.815709
-8.209064
-8.159821
-8.518304
-8.446266
-8.754579
-8.633733
-8.895066
-8.735092
-8.951853
-8.759237
-8.958062
-7.236191
-7.485054
-7.530527
-7.783578
-7.880535
-8.118856
-8.221633
-8.443206
-8.528005
-8.700755
-8.754659
-8.874385
-8.886117
-8.956829
-8.946264
-8.973916
-7.230183
-7.136251
-7.542004
-7.466749
-7.873121
-7.828486
-8.220216
-8.166664
-8.527881
-8.446286
-8.755414
-8.631058
-8.897790
-8.729138
-8.952885
-7.246967
-7.472216
-7.538297
-7.793891
-7.879634
-8.125927
-8.220288
-8.443269
-8.518377
-8.695808
-8.743647
-8.863879
-8.873375
-8.958162
-7.234416
-7.147856
-7.541057
-7.472067
-7.879538
-7.828499
-8.221509
-8.159744
-8.526684
-8.431835
-8.747865
-8.624448
-8.886482
-7.239745
-7.472417
-7.541119
-7.793943
-7.873172
-8.118874
-8.209274
-8.428996
-8.496385
-8.684010
-8.714851
-8.848806
-7.239700
-7.147854
-7.538195
-7.466682
-7.880565
-7.815491
-8.209881
-8.146670
-8.506284
-8.407548
-8.736889
-7.234433
-7.472248
-7.542183
-7.783488
-7.854148
-8.110610
-8.179900
-8.402684
-8.469362
-8.648195
-7.247017
-7.136017
-7.530553
-7.466447
-7.867108
-7.790331
-8.198922
-8.108072
-8.475338
-7.230352
-7.485173
-7.524663
-7.763870
-7.842419
-8.080072
-8.136775
-8.373473
-7.236034
-7.119005
-7.544916
-7.443137
-7.842472
-7.769049
-8.156743
-7.250686
-7.469546
-7.492728
-7.763582
-7.798360
-8.033106
-7.220268
-7.136912
-7.527151
-7.401211
-7.831414
-7.222449
-7.438094
-7.495061
-7.720988
-7.274039
-7.098987
-7.492021
-7.175747
-7.482167
-7.208333
-7.011231
-6.637723
-6.797255
-6.504010
-6.652491
-6.360641
-6.541498
-6.273043
-6.448081
-6.214820
-6.404938
-6.184300
-6.386713
-6.193238
-6.397693
-6.214197
-6.442054
-6.252028
-6.487223
-6.316186
-6.533486
-6.384152
-6.652797
-6.975894
-7.056977
-6.821039
-6.842609
-6.695186
-6.700372
-6.567020
-6.599784
-6.489579
-6.522177
-6.438120
-6.489225
-6.412862
-6.475998
-6.424856
-6.486745
-6.445650
-6.532867
-6.477895
-6.582872
-6.557083
-6.594035
-6.964455
-6.631980
-6.815326
-6.466076
-6.642448
-6.356424
-6.526645
-6.259535
-6.449769
-6.210425
-6.401093
-6.186607
-6.395185
-6.187710
-6.407142
-6.223063
-6.435188
-6.261288
-6.496330
-6.292098
-6.557067
-7.032569
-6.985291
-6.813644
-6.837907
-6.659019
-6.687471
-6.555029
-6.588288
-6.471599
-6.521910
-6.430390
-6.481376
-6.410614
-6.479340
-6.412472
-6.493341
-6.449604
-6.517852
-6.496085
-6.582928
-6.992289
-6.651074
-6.782614
-6.466566
-6.644159
-6.339484
-6.521280
-6.257545
-6.449412
-6.203293
-6.409596
-6.189146
-6.394480
-6.193983
-6.415941
-6.213219
-6.449573
-6.261401
-6.478093
-6.975072
-6.994672
-6.811069
-6.811138
-6.647804
-6.683559
-6.537121
-6.578951
-6.463892
-6.519144
-6.417460
-6.485294
-6.406789
-6.471213
-6.415724
-6.493396
-6.435171
-6.532673
-7.010567
-6.623545
-6.791194
-6.470151
-6.632975
-6.335016
-6.524015
-6.251867
-6.447768
-6.205186
-6.415797
-6.183393
-6.406740
-6.194095
-6.412639
-6.222989
-6.445703
-6.986964
-7.000384
-6.787884
-6.810333
-6.644600
-6.675261
-6.527265
-6.578694
-6.455747
-6.513473
-6.415631
-6.485342
-6.394481
-6.479154
-6.407011
-6.486943
-6.985384
-6.632625
-6.797189
-6.460801
-6.633971
-6.336563
-6.524977
-6.248067
-6.455687
-6.205285
-6.417583
-6.189087
-6.410641
-6.188074
-6.424645
-6.996449
-6.981824
-6.786793
-6.812193
-6.637765
-6.673040
-6.524876
-6.578723
-6.447792
-6.518982
-6.409496
-6.481551
-6.394831
-6.475913
-6.984459
-6.640317
-6.789917
-6.459767
-6.637700
-6.336632
-6.527338
-6.251839
-6.463882
-6.203628
-6.430177
-6.186762
-6.413154
-6.988334
-6.977961
-6.789893
-6.812193
-6.634019
-6.675143
-6.523938
-6.579098
-6.449124
-6.521832
-6.401242
-6.488914
-6.988274
-6.640349
-6.786817
-6.460810
-6.644535
-6.335314
-6.536921
-6.257691
-6.471824
-6.210423
-6.437988
-6.984533
-6.981758
-6.797126
-6.810459
-6.632774
-6.683475
-6.521417
-6.588028
-6.449544
-6.522489
-6.996321
-6.632885
-6.787702
-6.470266
-6.647957
-6.339527
-6.554875
-6.260152
-6.489229
-6.985278
-7.000289
-6.791331
-6.810948
-6.643959
-6.687732
-6.526250
-6.599607
-6.987045
-6.623633
-6.810867
-6.467116
-6.658710
-6.356623
-6.567322
-7.010391
-6.994896
-6.782328
-6.837730
-6.642660
-6.700036
-6.974793
-6.651239
-6.813853
-6.466198
-6.694919
-6.992494
-6.985044
-6.815017
-6.842952
-7.032237
-6.632751
-6.820642
-6.964108
-7.056714
-6.976111
-7.193798
-7.054463
-7.420820
-7.379548
-7.734753
-7.703169
-8.092570
-8.053197
-8.410827
-8.377776
-8.679301
-8.596903
-8.860489
-8.723133
-8.931592
-8.767505
-8.939206
-8.735682
-8.909027
-8.677093
-8.828616
-8.633090
-8.799496
-8.757572
-8.536090
-8.714110
-8.520720
-8.715683
-8.523767
-8.736008
-8.548187
-8.755601
-8.593489
-8.798016
-8.632868
-8.856199
-8.681250
-8.901482
-8.728479
-8.942799
-8.742505
-8.970664
-8.730544
-8.941229
-8.706109
-8.916842
-7.386928
-7.349146
-7.557005
-7.530802
-7.722191
-7.750166
-7.923584
-7.954862
-8.143787
-8.168206
-8.331041
-8.374395
-8.506401
-8.527330
-8.657975
-8.660344
-8.752017
-8.767387
-8.830133
-8.830978
-8.886522
-8.867141
-7.490258
-7.255560
-7.687065
-7.495989
-7.895863
-7.714401
-8.124744
-7.941493
-8.323784
-8.162200
-8.511506
-8.329034
-8.675414
-8.467693
-8.779622
-8.574340
-8.865177
-8.625208
-8.925580
-8.665108
-8.946283
-7.659669
-7.670692
-7.856779
-7.885372
-8.084998
-8.112003
-8.289463
-8.338917
-8.487374
-8.517260
-8.661330
-8.669275
-8.774649
-8.788252
-8.861775
-8.851787
-8.921630
-8.908676
-8.934330
-8.954024
-7.760825
-7.613627
-8.026424
-7.856602
-8.248378
-8.101630
-8.462314
-8.298129
-8.653202
-8.466192
-8.779784
-8.595476
-8.876735
-8.661970
-8.942556
-8.710295
-8.959363
-8.740091
-8.974656
-7.984120
-7.993991
-8.201889
-8.250667
-8.420464
-8.457245
-8.622722
-8.637849
-8.760821
-8.781577
-8.865539
-8.858278
-8.935628
-8.913712
-8.952875
-8.950665
-8.964026
-8.952393
-8.096276
-7.987244
-8.350703
-8.212889
-8.579610
-8.413717
-8.739413
-8.576859
-8.859676
-8.666208
-8.941506
-8.724012
-8.964625
-8.757007
-8.976753
-8.749507
-8.980963
-8.299093
-8.336004
-8.537254
-8.555044
-8.708146
-8.735771
-8.839741
-8.840310
-8.930841
-8.907235
-8.958295
-8.946330
-8.967611
-8.942269
-8.966286
-8.938374
-8.438152
-8.305789
-8.644878
-8.511163
-8.805121
-8.636990
-8.917475
-8.717252
-8.958171
-8.761488
-8.972549
-8.755438
-8.972088
-8.742805
-8.943364
-8.598535
-8.638732
-8.776571
-8.785874
-8.902615
-8.883000
-8.952708
-8.938474
-8.970163
-8.937769
-8.967054
-8.925561
-8.930967
-8.910185
-8.697036
-8.559967
-8.857218
-8.682197
-8.933528
-8.754212
-8.966321
-8.760185
-8.970220
-8.746686
-8.934610
-8.724169
-8.899710
-8.829439
-8.826843
-8.924737
-8.917321
-8.968391
-8.935652
-8.976698
-8.927826
-8.938202
-8.905433
-8.895561
-8.857622
-8.872742
-8.717654
-8.945454
-8.757113
-8.972816
-8.758441
-8.942661
-8.736769
-8.901968
-8.682378
-8.858427
-8.942551
-8.922704
-8.982937
-8.936842
-8.958924
-8.922491
-8.917715
-8.867623
-8.867322
-8.813217
-8.958333
-8.760787
-8.957682
-8.760468
-8.927436
-8.707986
-8.880411
-8.650756
-8.807235
-8.976029
-8.944903
-8.952811
-8.900763
-8.908855
-8.846428
-8.830014
-8.784530
-8.953283
-8.743059
-8.926024
-8.695404
-8.851025
-8.633223
-8.776473
-8.956546
-8.897631
-8.887366
-8.842397
-8.814218
-8.753421
-8.911642
-8.695862
-8.847307
-8.608134
-8.769784
-8.884419
-8.829469
-8.818261
-8.747335
-8.865074
-8.601014
-8.765739
-8.815268
-8.769348
-8.751330
-7.167487
-6.668759
-6.994785
-6.590687
-6.878879
-6.494557
-6.779462
-6.414615
-6.681280
-6.353705
-6.612046
-6.282475
-6.576517
-6.234001
-6.525008
-6.222914
-6.496662
-6.175126
-6.524467
-6.134718
-6.488138
-6.188528
-6.522529
-6.534702
-6.635131
-6.634741
-6.632472
-6.608693
-6.630862
-6.609928
-6.587021
-6.599039
-6.556133
-6.558502
-6.522642
-6.531201
-6.469201
-6.512734
-6.434521
-6.482711
-6.412070
-6.492230
-6.359179
-6.544404
-6.323012
-6.669414
-6.369785
-6.630894
-6.401159
-6.628295
-6.376558
-6.617236
-6.363465
-6.573530
-6.339904
-6.543031
-6.287800
-6.516776
-6.248663
-6.474474
-6.214583
-6.465067
-6.153607
-6.474574
-6.136414
-6.438488
-6.534381
-6.569882
-6.541451
-6.542179
-6.550543
-6.530958
-6.526324
-6.513534
-6.515638
-6.469625
-6.506145
-6.440706
-6.477697
-6.418283
-6.476349
-6.374596
-6.490129
-6.374082
-6.464787
-6.406665
-6.574042
-6.306696
-6.581446
-6.309780
-6.554676
-6.307545
-6.539728
-6.274732
-6.524314
-6.251072
-6.488246
-6.228354
-6.474737
-6.181640
-6.473713
-6.168486
-6.442506
-6.175836
-6.461940
-6.492250
-6.485002
-6.480345
-6.483265
-6.480208
-6.454727
-6.481421
-6.436163
-6.462113
-6.420560
-6.460651
-6.384465
-6.469282
-6.376999
-6.452415
-6.389211
-6.475499
-6.365382
-6.522670
-6.259310
-6.518311
-6.243164
-6.514504
-6.233229
-6.490052
-6.223256
-6.479128
-6.191011
-6.477277
-6.178974
-6.453726
-6.181921
-6.464135
-6.154410
-6.497717
-6.441993
-6.428259
-6.448759
-6.419618
-6.439090
-6.413036
-6.441081
-6.387976
-6.451422
-6.379830
-6.441856
-6.386541
-6.458247
-6.369711
-6.495171
-6.392348
-6.494137
-6.207435
-6.483158
-6.206749
-6.477857
-6.188228
-6.479073
-6.180337
-6.462986
-6.184573
-6.467992
-6.167393
-6.493147
-6.181440
-6.490221
-6.421152
-6.398958
-6.422580
-6.386051
-6.434320
-6.380831
-6.432746
-6.388216
-6.446136
-6.377972
-6.477354
-6.392738
-6.485004
-6.434041
-6.473981
-6.184387
-6.480342
-6.179411
-6.473707
-6.185640
-6.475715
-6.177175
-6.496273
-6.187076
-6.498809
-6.221595
-6.528613
-6.426350
-6.382528
-6.429907
-6.391025
-6.440443
-6.389927
-6.469332
-6.400439
-6.482407
-6.434217
-6.515478
-6.450297
-6.489578
-6.192003
-6.491727
-6.191596
-6.508864
-6.196564
-6.515350
-6.225867
-6.537895
-6.241702
-6.588718
-6.447240
-6.407635
-6.470748
-6.414568
-6.490615
-6.445413
-6.517907
-6.463941
-6.571451
-6.501004
-6.535448
-6.218791
-6.547350
-6.241151
-6.559398
-6.257947
-6.602268
-6.289815
-6.636805
-6.510687
-6.466479
-6.530654
-6.490959
-6.580979
-6.519052
-6.621733
-6.577623
-6.605824
-6.294930
-6.635154
-6.309108
-6.665324
-6.363275
-6.712043
-6.598540
-6.551117
-6.646726
-6.604169
-6.694115
-6.650106
-6.732401
-6.393362
-6.746641
-6.433572
-6.817394
-6.714198
-6.697698
-6.797244
-6.739082
-6.878074
-6.506619
-6.931388
-6.901104
-6.863072
-7.056730
-7.301088
-6.935106
-7.397560
-7.122450
-7.574808
-7.330735
-7.749870
-7.558976
-7.952656
-7.765530
-8.167866
-7.974465
-8.346379
-8.169546
-8.513766
-8.308322
-8.659022
-8.424747
-8.749296
-8.511993
-8.823638
-8.571746
-8.890711
-8.815795
-8.471272
-8.562522
-8.213440
-8.298561
-7.891617
-7.927049
-7.544255
-7.551039
-7.167679
-7.220059
-6.853785
-6.919152
-6.623682
-6.708650
-6.420883
-6.577658
-6.295096
-6.446102
-6.244253
-6.382530
-6.169253
-6.397116
-7.002561
-7.182334
-6.924130
-7.019322
-6.824692
-6.893755
-6.715724
-6.796368
-6.628142
-6.696452
-6.568224
-6.623850
-6.495638
-6.587165
-6.447994
-6.527558
-6.445871
-6.488174
-6.400360
-6.518760
-6.369607
-6.455068
-7.284810
-6.793932
-7.137200
-6.689890
-6.986756
-6.596883
-6.864405
-6.491528
-6.774958
-6.407302
-6.681269
-6.352962
-6.617275
-6.281204
-6.595270
-6.230702
-6.544376
-6.229442
-6.510595
-6.176306
-6.537740
-7.203618
-7.279367
-7.048990
-7.145552
-6.920621
-6.998868
-6.818085
-6.877219
-6.707011
-6.788430
-6.620754
-6.691022
-6.570543
-6.620327
-6.499348
-6.594509
-6.449408
-6.538311
-6.449635
-6.509649
-7.406257
-6.983353
-7.257445
-6.832233
-7.121551
-6.703232
-6.976926
-6.602299
-6.859814
-6.491170
-6.781422
-6.405173
-6.691780
-6.357183
-6.629116
-6.286309
-6.611340
-6.239746
-6.547401
-7.371814
-7.420421
-7.218940
-7.267687
-7.057348
-7.133185
-6.921685
-6.987230
-6.819483
-6.868512
-6.705820
-6.787652
-6.619010
-6.694120
-6.573421
-6.630514
-6.497647
-6.615193
-7.580133
-7.162828
-7.408934
-7.009157
-7.249800
-6.845508
-7.116483
-6.708938
-6.974229
-6.606835
-6.862212
-6.494550
-6.792327
-6.412219
-6.703780
-6.372602
-6.638589
-7.567939
-7.598906
-7.387870
-7.422225
-7.229301
-7.260803
-7.062474
-7.126571
-6.922788
-6.981714
-6.821315
-6.869070
-6.706873
-6.799738
-6.620750
-6.708058
-7.755251
-7.365457
-7.591609
-7.179743
-7.408117
-7.019832
-7.244724
-6.850406
-7.116157
-6.713800
-6.978527
-6.617749
-6.871972
-6.506669
-6.805471
-7.785488
-7.774364
-7.583213
-7.607021
-7.394428
-7.419871
-7.234166
-7.255842
-7.063016
-7.126016
-6.922651
-6.985164
-6.823412
-6.875800
-7.954621
-7.583852
-7.764985
-7.373883
-7.592074
-7.181793
-7.404119
-7.023315
-7.244026
-6.854394
-7.120535
-6.718866
-6.984801
-7.981480
-7.971204
-7.795490
-7.778380
-7.584656
-7.606393
-7.391979
-7.413438
-7.228710
-7.248908
-7.056091
-7.123588
-8.161825
-7.773691
-7.955410
-7.581132
-7.757957
-7.365695
-7.585813
-7.174838
-7.398398
-7.019230
-7.243145
-8.180295
-8.173697
-7.978804
-7.966936
-7.788558
-7.767161
-7.567876
-7.590059
-7.375018
-7.400226
-8.328714
-7.962162
-8.148910
-7.751369
-7.935686
-7.560159
-7.742844
-7.348437
-7.578590
-8.368440
-8.333878
-8.163233
-8.156780
-7.953277
-7.937778
-7.759810
-7.743187
-8.484224
-8.135418
-8.294807
-7.919329
-8.120839
-7.720689
-7.918572
-8.502978
-8.485079
-8.338377
-8.296997
-8.119135
-8.118932
-8.619082
-8.248716
-8.434703
-8.087180
-8.269539
-8.624522
-8.623117
-8.457230
-8.430248
-8.699821
-8.346694
-8.582465
-8.735864
-8.708435
-8.741302
-7.194326
-7.054114
-7.420688
-7.379366
-7.735090
-7.702524
-8.092965
-8.052995
-8.410781
-8.377696
-8.679536
-8.596540
-8.860775
-8.723023
-8.931622
-8.767486
-8.939359
-8.735534
-8.909199
-8.677056
-8.828680
-8.633094
-8.799569
-8.757581
-8.536081
-8.714068
-8.520706
-8.715751
-8.523536
-8.736150
-8.548076
-8.755503
-8.593385
-8.798202
-8.632349
-8.856473
-8.681022
-8.901334
-8.728244
-8.943127
-8.741653
-8.971078
-8.730144
-8.941060
-8.705615
-8.917373
-7.386613
-7.349567
-7.557409
-7.530604
-7.722459
-7.750773
-7.923201
-7.955335
-8.144230
-8.168030
-8.331336
-8.375064
-8.506032
-8.527862
-8.658439
-8.660203
-8.752369
-8.768040
-8.829827
-8.831527
-8.887009
-8.867005
-7.490601
-7.254662
-7.687279
-7.495812
-7.895462
-7.714087
-8.125092
-7.940549
-8.323985
-8.162021
-8.511074
-8.328695
-8.675768
-8.466691
-8.779860
-8.574076
-8.864789
-8.624809
-8.925956
-8.664011
-8.946639
-7.659883
-7.671206
-7.856449
-7.885779
-8.085366
-8.111850
-8.289710
-8.339497
-8.487042
-8.517715
-8.661746
-8.669135
-8.774955
-8.788840
-8.861490
-8.852263
-8.922078
-8.908522
-8.934739
-8.954524
-7.760509
-7.613343
-8.026719
-7.855795
-8.248550
-8.101477
-8.461940
-8.297840
-8.653513
-8.465328
-8.779980
-8.595279
-8.876370
-8.661640
-8.942886
-8.709355
-8.959636
-8.739764
-8.974365
-7.984407
-7.993880
-8.202078
-8.251162
-8.420173
-8.457633
-8.623073
-8.637728
-8.761073
-8.782101
-8.865277
-8.858693
-8.936026
-8.913576
-8.953208
-8.951141
-8.963832
-8.952808
-8.096401
-7.987109
-8.350394
-8.212640
-8.579869
-8.412990
-8.739568
-8.576710
-8.859349
-8.665938
-8.941791
-8.723215
-8.964834
-8.756778
-8.976464
-8.749189
-8.981250
-8.298861
-8.336323
-8.537532
-8.554958
-8.708339
-8.736229
-8.839508
-8.840668
-8.931181
-8.907126
-8.958561
-8.946774
-8.967418
-8.942632
-8.966650
-8.938254
-8.438338
-8.305212
-8.644983
-8.511050
-8.804839
-8.636768
-8.917709
-8.716593
-8.958325
-8.761329
-8.972276
-8.755182
-8.972339
-8.742086
-8.943561
-8.598672
-8.639112
-8.776378
-8.786176
-8.902890
-8.882930
-8.952911
-8.938875
-8.969983
-8.938086
-8.967368
-8.925464
-8.931226
-8.910558
-8.696800
-8.559791
-8.857389
-8.681680
-8.933627
-8.754103
-8.966076
-8.759982
-8.970427
-8.746094
-8.934756
-8.724006
-8.899476
-8.829644
-8.826816
-8.924880
-8.917671
-8.968240
-8.935926
-8.976955
-8.927762
-8.938401
-8.905773
-8.895419
-8.857900
-8.872778
-8.717588
-8.945245
-8.756958
-8.972967
-8.757978
-8.942755
-8.736662
-8.901758
-8.682198
-8.858599
-8.942439
-8.922927
-8.983135
-8.936821
-8.959068
-8.922793
-8.917592
-8.867861
-8.867547
-8.813156
-8.958418
-8.760464
-8.957716
-8.760405
-8.927252
-8.707852
-8.880541
-8.650353
-8.807323
-8.976113
-8.945161
-8.952721
-8.900963
-8.909030
-8.846402
-8.830146
-8.784774
-8.953130
-8.742966
-8.926095
-8.695121
-8.851064
-8.633166
-8.776321
-8.956666
-8.897655
-8.887449
-8.842606
-8.814139
-8.753581
-8.911618
-8.695840
-8.847178
-8.608065
-8.769849
-8.884380
-8.829601
-8.818356
-8.747336
-8.865075
-8.600890
-8.765741
-8.815296
-8.769463
-8.751265
-7.167993
-6.668370
-6.994411
-6.590519
-6.879236
-6.493326
-6.780065
-6.414243
-6.680636
-6.353595
-6.612427
-6.280900
-6.577224
-6.233556
-6.524128
-6.222750
-6.497117
-6.173168
-6.525274
-6.134124
-6.487162
-6.188102
-6.523155
-6.534516
-6.635313
-6.634906
-6.632286
-6.608840
-6.631353
-6.609374
-6.587500
-6.599464
-6.555633
-6.558877
-6.523427
-6.530326
-6.469941
-6.513358
-6.433851
-6.483249
-6.413093
-6.491241
-6.360108
-6.545212
-6.322452
-6.669596
-6.369418
-6.631024
-6.401229
-6.627897
-6.376484
-6.617709
-6.362429
-6.573978
-6.339906
-6.542388
-6.287616
-6.517569
-6.247024
-6.475200
-6.214415
-6.464350
-6.153164
-6.475613
-6.134296
-6.439306
-6.534334
-6.570286
-6.541060
-6.542517
-6.550872
-6.530604
-6.526595
-6.514207
-6.514920
-6.470231
-6.506714
-6.440106
-6.478157
-6.419213
-6.475419
-6.375403
-6.490880
-6.373438
-6.465333
-6.407886
-6.573833
-6.306591
-6.581796
-6.309048
-6.554958
-6.307583
-6.539190
-6.274578
-6.524964
-6.249711
-6.488813
-6.228290
-6.474039
-6.181311
-6.474640
-6.166623
-6.443241
-6.175606
-6.461170
-6.492446
-6.484838
-6.480462
-6.483822
-6.479663
-6.455195
-6.481905
-6.435681
-6.462486
-6.421380
-6.459839
-6.385154
-6.469970
-6.376376
-6.452900
-6.390297
-6.474538
-6.366279
-6.522779
-6.259368
-6.517933
-6.243013
-6.515009
-6.232169
-6.490457
-6.223245
-6.478500
-6.190752
-6.478064
-6.177373
-6.454343
-6.181801
-6.463395
-6.153960
-6.498669
-6.441640
-6.428569
-6.449123
-6.419296
-6.439346
-6.413729
-6.440428
-6.388540
-6.452034
-6.379283
-6.442280
-6.387498
-6.457378
-6.370481
-6.495911
-6.391807
-6.494485
-6.206712
-6.483403
-6.206766
-6.477351
-6.188007
-6.479706
-6.179015
-6.463465
-6.184517
-6.467303
-6.167036
-6.493999
-6.179709
-6.490804
-6.421274
-6.399495
-6.422107
-6.386475
-6.434826
-6.380405
-6.433096
-6.389035
-6.445408
-6.378618
-6.478035
-6.392209
-6.485421
-6.435121
-6.473634
-6.184197
-6.480815
-6.178398
-6.474045
-6.185611
-6.475114
-6.176878
-6.496987
-6.185585
-6.499303
-6.221500
-6.527891
-6.426723
-6.382240
-6.430160
-6.391685
-6.439883
-6.390448
-6.469937
-6.399977
-6.482791
-6.435147
-6.514707
-6.451006
-6.489782
-6.191992
-6.491257
-6.191344
-6.509424
-6.195333
-6.515732
-6.225800
-6.537241
-6.241334
-6.589465
-6.446853
-6.408013
-6.471242
-6.414207
-6.490952
-6.446187
-6.517286
-6.464532
-6.572101
-6.500560
-6.535857
-6.217857
-6.547624
-6.241087
-6.558836
-6.257630
-6.602884
-6.288453
-6.637205
-6.510942
-6.467069
-6.530199
-6.491437
-6.581558
-6.518667
-6.622097
-6.578466
-6.605405
-6.294665
-6.635621
-6.307972
-6.665635
-6.363170
-6.711453
-6.598997
-6.550814
-6.647072
-6.604860
-6.693616
-6.650631
-6.732642
-6.393234
-6.746134
-6.433235
-6.817916
-6.713852
-6.698136
-6.797789
-6.738759
-6.878455
-6.505555
-6.931661
-6.901477
-6.863664
-7.056323
-7.301364
-6.934869
-7.397157
-7.122109
-7.575205
-7.329711
-7.750101
-7.558801
-7.952179
-7.765173
-8.168265
-7.973382
-8.346612
-8.169319
-8.513293
-8.307922
-8.659419
-8.423608
-8.749588
-8.511639
-8.823250
-8.571241
-8.891134
-8.816492
-8.470773
-8.562449
-8.212926
-8.299433
-7.890231
-7.927805
-7.543930
-7.550856
-7.167115
-7.221154
-6.852103
-6.920014
-6.623387
-6.708340
-6.420237
-6.578977
-6.293070
-6.447116
-6.243888
-6.382157
-6.168392
-6.398619
-7.002302
-7.182792
-6.924569
-7.018829
-6.825408
-6.894092
-6.715345
-6.797007
-6.628768
-6.695791
-6.569217
-6.624319
-6.495181
-6.588007
-6.448830
-6.526776
-6.447106
-6.488794
-6.399870
-6.519744
-6.370661
-6.454226
-7.285147
-6.792829
-7.137748
-6.689513
-6.986252
-6.596735
-6.864771
-6.490119
-6.775616
-6.406868
-6.680518
-6.352809
-6.617685
-6.279424
-6.596041
-6.230148
-6.543463
-6.229167
-6.511133
-6.174115
-6.538710
-7.204215
-7.279655
-7.048669
-7.146086
-6.921149
-6.998295
-6.818942
-6.877605
-6.706621
-6.789153
-6.621495
-6.690296
-6.571687
-6.620830
-6.498926
-6.595385
-6.450376
-6.537438
-6.451040
-6.510192
-7.405860
-6.983173
-7.257791
-6.830995
-7.122147
-6.702815
-6.976319
-6.602131
-6.860197
-6.489582
-6.782135
-6.404652
-6.690975
-6.356953
-6.629581
-6.284341
-6.612216
-6.239051
-6.546544
-7.372281
-7.419930
-7.219657
-7.268002
-7.057018
-7.133788
-6.922321
-6.986589
-6.820485
-6.868930
-6.705456
-6.788423
-6.619872
-6.693324
-6.574706
-6.630989
-6.497290
-6.616061
-7.580619
-7.162457
-7.408453
-7.008973
-7.250158
-6.844118
-7.117123
-6.708455
-6.973551
-6.606613
-6.862625
-6.492796
-6.793106
-6.411598
-6.702980
-6.372301
-6.639085
-7.567701
-7.599369
-7.388419
-7.421666
-7.230149
-7.261147
-7.062164
-7.127226
-6.923539
-6.981015
-6.822451
-6.869492
-6.706556
-6.800519
-6.621681
-6.707241
-7.755557
-7.364290
-7.592153
-7.179317
-7.407564
-7.019612
-7.245097
-6.848865
-7.116838
-6.713237
-6.977818
-6.617467
-6.872414
-6.504826
-6.806271
-7.786200
-7.774624
-7.582971
-7.607542
-7.395077
-7.419261
-7.235145
-7.256209
-7.062749
-7.126702
-6.923490
-6.984432
-6.824614
-6.876236
-7.954184
-7.583648
-7.765320
-7.372569
-7.592660
-7.181296
-7.403513
-7.023038
-7.244415
-6.852743
-7.121242
-6.718264
-6.984074
-7.982034
-7.970674
-7.796313
-7.778676
-7.584440
-7.606964
-7.392729
-7.412802
-7.229781
-7.249295
-7.055840
-7.124295
-8.162323
-7.773273
-7.954922
-7.580874
-7.758307
-7.364248
-7.586417
-7.174285
-7.397759
-7.018927
-7.243542
-8.180121
-8.174146
-7.979452
-7.966380
-7.789485
-7.767501
-7.567691
-7.590667
-7.375817
-7.399580
-8.329045
-7.960939
-8.149436
-7.750883
-7.935143
-7.559844
-7.743197
-7.346921
-7.579205
-8.369200
-8.334156
-8.163084
-8.157285
-7.954012
-7.937224
-7.760791
-7.743549
-8.483813
-8.135125
-8.295148
-7.917981
-8.121357
-7.720161
-7.918009
-8.503597
-8.484597
-8.339223
-8.297344
-8.119014
-8.119466
-8.619564
-8.248244
-8.434231
-8.086812
-8.269881
-8.624404
-8.623573
-8.457942
-8.429789
-8.700194
-8.345413
-8.582916
-8.736595
-8.708823
-8.740960
-7.301372
-6.934878
-7.397166
-7.122119
-7.575215
-7.329721
-7.750111
-7.558812
-7.952190
-7.765183
-8.168275
-7.973392
-8.346620
-8.169327
-8.513301
-8.307929
-8.659425
-8.423613
-8.749591
-8.511641
-8.823251
-8.571241
-8.891134
-8.751259
-8.769456
-8.765735
-8.747330
-8.769843
-8.753576
-8.776316
-8.784769
-8.807318
-8.813152
-8.858596
-8.857896
-8.899473
-8.910554
-8.943560
-8.938251
-8.981250
-8.952807
-8.974364
-8.954524
-8.946640
-8.867004
-8.815290
-8.600883
-8.818349
-8.608059
-8.814133
-8.633160
-8.830141
-8.650348
-8.867543
-8.682194
-8.895415
-8.724004
-8.931222
-8.742085
-8.966647
-8.749187
-8.963833
-8.739763
-8.934739
-8.664012
-8.887011
-8.865066
-8.829593
-8.847171
-8.842599
-8.851058
-8.846395
-8.880535
-8.867856
-8.901753
-8.905769
-8.934753
-8.925459
-8.972338
-8.942628
-8.976462
-8.951143
-8.959635
-8.908522
-8.925959
-8.831528
-8.884372
-8.695832
-8.887442
-8.695114
-8.909023
-8.707846
-8.917587
-8.736656
-8.938396
-8.746091
-8.967364
-8.755180
-8.967416
-8.756776
-8.953209
-8.709355
-8.922079
-8.624811
-8.829830
-8.911610
-8.897647
-8.926087
-8.900955
-8.927245
-8.922787
-8.942749
-8.927756
-8.970423
-8.938082
-8.972273
-8.946772
-8.964831
-8.913577
-8.942888
-8.852263
-8.864792
-8.768043
-8.956657
-8.742958
-8.952714
-8.760398
-8.959062
-8.757972
-8.976951
-8.759977
-8.969980
-8.761326
-8.958559
-8.723214
-8.936026
-8.661642
-8.861492
-8.574080
-8.752374
-8.953122
-8.945153
-8.957709
-8.936815
-8.972960
-8.935921
-8.966073
-8.938871
-8.958323
-8.907124
-8.941792
-8.858692
-8.876373
-8.788843
-8.779863
-8.660208
-8.976106
-8.760457
-8.983129
-8.756952
-8.968235
-8.754100
-8.952907
-8.716592
-8.931180
-8.665938
-8.865279
-8.595282
-8.774960
-8.466696
-8.658446
-8.958411
-8.922921
-8.945240
-8.917666
-8.933624
-8.882928
-8.917708
-8.840668
-8.859350
-8.782104
-8.779983
-8.669139
-8.675774
-8.527868
-8.942434
-8.717583
-8.924877
-8.681678
-8.902888
-8.636767
-8.839509
-8.576713
-8.761076
-8.465333
-8.661752
-8.328703
-8.506040
-8.872775
-8.826813
-8.857388
-8.786175
-8.804841
-8.736231
-8.739571
-8.637732
-8.653519
-8.517721
-8.511081
-8.375073
-8.829644
-8.559792
-8.776380
-8.511052
-8.708342
-8.412995
-8.623079
-8.297846
-8.487050
-8.162029
-8.331346
-8.696803
-8.639116
-8.644987
-8.554964
-8.579875
-8.457640
-8.461948
-8.339505
-8.323994
-8.168038
-8.598677
-8.305218
-8.537539
-8.212648
-8.420181
-8.101486
-8.289719
-7.940559
-8.144240
-8.438345
-8.336330
-8.350403
-8.251171
-8.248559
-8.111860
-8.125102
-7.955345
-8.298870
-7.987118
-8.202088
-7.855806
-8.085376
-7.714098
-7.923212
-8.096411
-7.993891
-8.026730
-7.885790
-7.895473
-7.750783
-7.984418
-7.613355
-7.856460
-7.495823
-7.722470
-7.760520
-7.671218
-7.687289
-7.530614
-7.659894
-7.254673
-7.557419
-7.490612
-7.349577
-7.386623
-7.011651
-6.637478
-6.797008
-6.503739
-6.652981
-6.359790
-6.541833
-6.272987
-6.447827
-6.214616
-6.405411
-6.183620
-6.386974
-6.193270
-6.397533
-6.214053
-6.442454
-6.251646
-6.487386
-6.316267
-6.533512
-6.384049
-6.653032
-6.711043
-6.513856
-6.693371
-6.462612
-6.723274
-6.480891
-6.684952
-6.476721
-6.660670
-6.428431
-6.627683
-6.383284
-6.569341
-6.337219
-6.523736
-6.270739
-6.493235
-6.220021
-6.449969
-6.185658
-6.433800
-6.118111
-6.473676
-7.056328
-6.863668
-6.931665
-6.738762
-6.817918
-6.650633
-6.711454
-6.578465
-6.637204
-6.500559
-6.589464
-6.451004
-6.527888
-6.435118
-6.490802
-6.391807
-6.498669
-6.366278
-6.461170
-6.407885
-6.439306
-6.322452
-6.901482
-6.505559
-6.797791
-6.433237
-6.693617
-6.363170
-6.622097
-6.288453
-6.572099
-6.241332
-6.514705
-6.221498
-6.485418
-6.179705
-6.495908
-6.153958
-6.474538
-6.175605
-6.465333
-6.134296
-6.545212
-6.878458
-6.698138
-6.746136
-6.604860
-6.665634
-6.518666
-6.602883
-6.464530
-6.537239
-6.435143
-6.499300
-6.392206
-6.493996
-6.370477
-6.463391
-6.390294
-6.443239
-6.373437
-6.475612
-6.360107
-6.713855
-6.393235
-6.647072
-6.307972
-6.581556
-6.257628
-6.517284
-6.225798
-6.482788
-6.185583
-6.478031
-6.167033
-6.457375
-6.181798
-6.452897
-6.166620
-6.490877
-6.153161
-6.491239
-6.732643
-6.550814
-6.635620
-6.491435
-6.558834
-6.446184
-6.515729
-6.399973
-6.496983
-6.378615
-6.467299
-6.387493
-6.454340
-6.376374
-6.474638
-6.375401
-6.464348
-6.413091
-6.598997
-6.294665
-6.530198
-6.241085
-6.490949
-6.195330
-6.469933
-6.176873
-6.445403
-6.184513
-6.442276
-6.177368
-6.469965
-6.181308
-6.475417
-6.214414
-6.483248
-6.605404
-6.467067
-6.547621
-6.414203
-6.509420
-6.390445
-6.475110
-6.389029
-6.463459
-6.379279
-6.478060
-6.385150
-6.474034
-6.419208
-6.475196
-6.433849
-6.510940
-6.217855
-6.471238
-6.191340
-6.439879
-6.185607
-6.433092
-6.179011
-6.452029
-6.190747
-6.459835
-6.228286
-6.478153
-6.247020
-6.513353
-6.535855
-6.408009
-6.491253
-6.391680
-6.474040
-6.380400
-6.479700
-6.388535
-6.478495
-6.421375
-6.488808
-6.440102
-6.517566
-6.469938
-6.446850
-6.191989
-6.430155
-6.178394
-6.434821
-6.188001
-6.440422
-6.223240
-6.462480
-6.249706
-6.506710
-6.287611
-6.530321
-6.489777
-6.382236
-6.480810
-6.386469
-6.477346
-6.413724
-6.490452
-6.435676
-6.524958
-6.470226
-6.542384
-6.523422
-6.426717
-6.184192
-6.422101
-6.206760
-6.439340
-6.232165
-6.481900
-6.274573
-6.514916
-6.339902
-6.558874
-6.473628
-6.399489
-6.483397
-6.419289
-6.515002
-6.455188
-6.539184
-6.514201
-6.573973
-6.555628
-6.421268
-6.206708
-6.449118
-6.243007
-6.479657
-6.307579
-6.526589
-6.362425
-6.599459
-6.494478
-6.428563
-6.517927
-6.483815
-6.554952
-6.530598
-6.617704
-6.587495
-6.441634
-6.259362
-6.480456
-6.309042
-6.550866
-6.376479
-6.609369
-6.522773
-6.484832
-6.581790
-6.542512
-6.627891
-6.631348
-6.492440
-6.306585
-6.541055
-6.401223
-6.608835
-6.573827
-6.570279
-6.631018
-6.632281
-6.534329
-6.369413
-6.634902
-6.669590
-6.635307
-6.534511
-7.167999
-6.668378
-6.994416
-6.590523
-6.879240
-6.493329
-6.780067
-6.414243
-6.680637
-6.353596
-6.612427
-6.280899
-6.577222
-6.233555
-6.524128
-6.222750
-6.497117
-6.173168
-6.525273
-6.134123
-6.487161
-6.188101
-6.523155
-8.740963
-8.708823
-8.582918
-8.429791
-8.269884
-8.119468
-7.918011
-7.743551
-7.579208
-7.399582
-7.243544
-7.124296
-6.984076
-6.876237
-6.806271
-6.707242
-6.639086
-6.616061
-6.546544
-6.510192
-6.538710
-6.454226
-8.736596
-8.345416
-8.457944
-8.086816
-8.119018
-7.720165
-7.760796
-7.346926
-7.375821
-7.018931
-7.055844
-6.718267
-6.824616
-6.504828
-6.621682
-6.372301
-6.497291
-6.239051
-6.451039
-6.174115
-6.370660
-8.700197
-8.623577
-8.434236
-8.297349
-8.121363
-7.937230
-7.743204
-7.590673
-7.397765
-7.249300
-7.121246
-6.984435
-6.872416
-6.800520
-6.702981
-6.630989
-6.612216
-6.537438
-6.511133
-6.519743
-8.624407
-8.248249
-8.339229
-7.917988
-7.954019
-7.559852
-7.567698
-7.174292
-7.229788
-6.852749
-6.923494
-6.617471
-6.706559
-6.411600
-6.574708
-6.284342
-6.450376
-6.229167
-6.399869
-8.619570
-8.484603
-8.295155
-8.157292
-7.935151
-7.767509
-7.586425
-7.412809
-7.244421
-7.126707
-6.977822
-6.869496
-6.793109
-6.693326
-6.629582
-6.595385
-6.543462
-6.488793
-8.503601
-8.135131
-8.163091
-7.750892
-7.789493
-7.364257
-7.392736
-7.023046
-7.062755
-6.713243
-6.822456
-6.492801
-6.619875
-6.356955
-6.498926
-6.230146
-6.447104
-8.483820
-8.334164
-8.149445
-7.966388
-7.758316
-7.606973
-7.403522
-7.256217
-7.116846
-6.981022
-6.862630
-6.788426
-6.690976
-6.620829
-6.596040
-6.526775
-8.369208
-7.960948
-7.979461
-7.580885
-7.584450
-7.181307
-7.235155
-6.848875
-6.923546
-6.606619
-6.705459
-6.404653
-6.571686
-6.279424
-6.448830
-8.329055
-8.174156
-7.954933
-7.778688
-7.592671
-7.419272
-7.245107
-7.127233
-6.973555
-6.868932
-6.782136
-6.690296
-6.617685
-6.588007
-8.180130
-7.773284
-7.796324
-7.372580
-7.395087
-7.019620
-7.062170
-6.708460
-6.820488
-6.489585
-6.621497
-6.352811
-6.495182
-8.162333
-7.970683
-7.765329
-7.607551
-7.407572
-7.261154
-7.117129
-6.986594
-6.860201
-6.789156
-6.680520
-6.624318
-7.982045
-7.583659
-7.582982
-7.179328
-7.230158
-6.844127
-6.922328
-6.602136
-6.706624
-6.406869
-6.569216
-7.954195
-7.774636
-7.592163
-7.421675
-7.250166
-7.133793
-6.976323
-6.877607
-6.775616
-6.695791
-7.786209
-7.364299
-7.388427
-7.008980
-7.057023
-6.702819
-6.818945
-6.490122
-6.628769
-7.755567
-7.599378
-7.408461
-7.268009
-7.122153
-6.998300
-6.864774
-6.797008
-7.567711
-7.162467
-7.219665
-6.831002
-6.921155
-6.596739
-6.715347
-7.580628
-7.419938
-7.257798
-7.146091
-6.986256
-6.894094
-7.372290
-6.983181
-7.048676
-6.689519
-6.825412
-7.405870
-7.279663
-7.137754
-7.018834
-7.204223
-6.792837
-6.924576
-7.285155
-7.182798
-7.002309
-8.757579
-8.536097
-8.714116
-8.520726
-8.715689
-8.523773
-8.736013
-8.548193
-8.755607
-8.593495
-8.798022
-8.632873
-8.856204
-8.681256
-8.901485
-8.728485
-8.942802
-8.742510
-8.970667
-8.730546
-8.941231
-8.706109
-8.916843
-8.640383
-8.699613
-8.656870
-8.666389
-8.662803
-8.670817
-8.670198
-8.705646
-8.706020
-8.742821
-8.764981
-8.801659
-8.820095
-8.870886
-8.881638
-8.922816
-8.937942
-8.963703
-8.959871
-8.984315
-8.964436
-8.913628
-8.644326
-8.422071
-8.636588
-8.420247
-8.623714
-8.447621
-8.642682
-8.474726
-8.691871
-8.526528
-8.743518
-8.593761
-8.811772
-8.651244
-8.883400
-8.704121
-8.933488
-8.739190
-8.964909
-8.729572
-8.964437
-8.608090
-8.571978
-8.562874
-8.580303
-8.562212
-8.586815
-8.599496
-8.625968
-8.644466
-8.693013
-8.715117
-8.762380
-8.797374
-8.840977
-8.869160
-8.913042
-8.931075
-8.960707
-8.964910
-8.984316
-8.538863
-8.355472
-8.522415
-8.340226
-8.543696
-8.363507
-8.570376
-8.418306
-8.628912
-8.479744
-8.708678
-8.558706
-8.788040
-8.637163
-8.868935
-8.697855
-8.931075
-8.739191
-8.959873
-8.489546
-8.479794
-8.485250
-8.481216
-8.487610
-8.520001
-8.532127
-8.570804
-8.606070
-8.651092
-8.688799
-8.744135
-8.783358
-8.831847
-8.868935
-8.913044
-8.933489
-8.963705
-8.463482
-8.260296
-8.441312
-8.277356
-8.464639
-8.305986
-8.521481
-8.372361
-8.592797
-8.457809
-8.687211
-8.547048
-8.783359
-8.637164
-8.869161
-8.704124
-8.937943
-8.408041
-8.412371
-8.404917
-8.415952
-8.440068
-8.465733
-8.495294
-8.544167
-8.585810
-8.636592
-8.687211
-8.744135
-8.788042
-8.840979
-8.883402
-8.922820
-8.380470
-8.198680
-8.390429
-8.223074
-8.419817
-8.279331
-8.492879
-8.356006
-8.585810
-8.457809
-8.688800
-8.558707
-8.797377
-8.651248
-8.881641
-8.359893
-8.353740
-8.361817
-8.387062
-8.413379
-8.446239
-8.492879
-8.544167
-8.592798
-8.651093
-8.708681
-8.762382
-8.811775
-8.870890
-8.334083
-8.172489
-8.359424
-8.203306
-8.413379
-8.279331
-8.495294
-8.372362
-8.606071
-8.479746
-8.715120
-8.593764
-8.820099
-8.329805
-8.331475
-8.359424
-8.387062
-8.419818
-8.465733
-8.521482
-8.570806
-8.628914
-8.693016
-8.743522
-8.801663
-8.329805
-8.172489
-8.361816
-8.223074
-8.440070
-8.305986
-8.532129
-8.418309
-8.644468
-8.526531
-8.764986
-8.334083
-8.353740
-8.390429
-8.415954
-8.464641
-8.520001
-8.570379
-8.625971
-8.691875
-8.742825
-8.359892
-8.198681
-8.404918
-8.277358
-8.487611
-8.363509
-8.599499
-8.474729
-8.706025
-8.380470
-8.412373
-8.441315
-8.481218
-8.543699
-8.586819
-8.642686
-8.705651
-8.408043
-8.260299
-8.485252
-8.340228
-8.562215
-8.447625
-8.670202
-8.463485
-8.479796
-8.522417
-8.580307
-8.623718
-8.670821
-8.489548
-8.355474
-8.562877
-8.420252
-8.662807
-8.538866
-8.571982
-8.636592
-8.666395
-8.608094
-8.422075
-8.656874
-8.644331
-8.699619
-8.640387
-8.730368
-8.491149
-8.592622
-8.363002
-8.526306
-8.281758
-8.423512
-8.222818
-8.356459
-8.167827
-8.327443
-8.146157
-8.327443
-8.167827
-8.356459
-8.222816
-8.423509
-8.281756
-8.526303
-8.362998
-8.592618
-8.491143
-8.730362
-8.757575
-8.536075
-8.714062
-8.520700
-8.715747
-8.523531
-8.736145
-8.548071
-8.755499
-8.593380
-8.798199
-8.632346
-8.856470
-8.681020
-8.901330
-8.728244
-8.943124
-8.741652
-8.971080
-8.730143
-8.941060
-8.705616
-8.917374
-8.640398
-8.699631
-8.656950
-8.666303
-8.662949
-8.670858
-8.670165
-8.705750
-8.706217
-8.742643
-8.765257
-8.801789
-8.820008
-8.871086
-8.881964
-8.922558
-8.938344
-8.963948
-8.959743
-8.984618
-8.964928
-8.913333
-8.644336
-8.421997
-8.636648
-8.420199
-8.623657
-8.447566
-8.642799
-8.474388
-8.692060
-8.526375
-8.743410
-8.593600
-8.812021
-8.650608
-8.883726
-8.703837
-8.933350
-8.738857
-8.965338
-8.728560
-8.964927
-8.608130
-8.571992
-8.562865
-8.580351
-8.562326
-8.586701
-8.599676
-8.626045
-8.644409
-8.693144
-8.715356
-8.762173
-8.797679
-8.841146
-8.869055
-8.913256
-8.931461
-8.960414
-8.965338
-8.984618
-8.538849
-8.355455
-8.522466
-8.340058
-8.543802
-8.363419
-8.570309
-8.418206
-8.629085
-8.479301
-8.708916
-8.558511
-8.787934
-8.636934
-8.869265
-8.697094
-8.931460
-8.738857
-8.959743
-8.489574
-8.479756
-8.485329
-8.481252
-8.487579
-8.520073
-8.532281
-8.570658
-8.606282
-8.651201
-8.688720
-8.744281
-8.783646
-8.831604
-8.869265
-8.913256
-8.933350
-8.963947
-8.463503
-8.260269
-8.441285
-8.277307
-8.464736
-8.305722
-8.521632
-8.372237
-8.592723
-8.457658
-8.687449
-8.546499
-8.783646
-8.636934
-8.869054
-8.703837
-8.938342
-8.408040
-8.412396
-8.404985
-8.415878
-8.440187
-8.465796
-8.495243
-8.544259
-8.586007
-8.636410
-8.687448
-8.744281
-8.787933
-8.841144
-8.883724
-8.922558
-8.380488
-8.198591
-8.390494
-8.223013
-8.419776
-8.279242
-8.493029
-8.355648
-8.586007
-8.457658
-8.688719
-8.558510
-8.797678
-8.650607
-8.881961
-8.359918
-8.353759
-8.361795
-8.387106
-8.413489
-8.446127
-8.493029
-8.544258
-8.592722
-8.651201
-8.708915
-8.762170
-8.812020
-8.871085
-8.334074
-8.172459
-8.359489
-8.203127
-8.413489
-8.279242
-8.495243
-8.372236
-8.606280
-8.479300
-8.715354
-8.593598
-8.820006
-8.329828
-8.331437
-8.359489
-8.387106
-8.419776
-8.465794
-8.521632
-8.570657
-8.629083
-8.693142
-8.743409
-8.801786
-8.329827
-8.172459
-8.361795
-8.223012
-8.440186
-8.305721
-8.532280
-8.418204
-8.644407
-8.526371
-8.765254
-8.334074
-8.353760
-8.390494
-8.415876
-8.464736
-8.520072
-8.570306
-8.626043
-8.692057
-8.742640
-8.359917
-8.198592
-8.404983
-8.277304
-8.487579
-8.363417
-8.599673
-8.474385
-8.706213
-8.380487
-8.412394
-8.441282
-8.481251
-8.543801
-8.586698
-8.642796
-8.705746
-8.408037
-8.260266
-8.485327
-8.340056
-8.562323
-8.447562
-8.670162
-8.463500
-8.479754
-8.522464
-8.580348
-8.623653
-8.670854
-8.489572
-8.355452
-8.562862
-8.420195
-8.662944
-8.538847
-8.571988
-8.636644
-8.666298
-8.608125
-8.421993
-8.656946
-8.644332
-8.699626
-8.640393
-6.678878
-6.553487
-6.734091
-6.665849
-6.851324
-6.780133
-6.978014
-6.889304
-7.070129
-6.976990
-7.124203
-7.006416
-7.124202
-6.976989
-7.070127
-6.889302
-6.978013
-6.780130
-6.851320
-6.665846
-6.734087
-6.553483
-6.678873
-6.711094
-6.513794
-6.693593
-6.462639
-6.723012
-6.481544
-6.684667
-6.476683
-6.661199
-6.428516
-6.627072
-6.384606
-6.568728
-6.337286
-6.524437
-6.270989
-6.492316
-6.221923
-6.449085
-6.186007
-6.434473
-6.118768
-6.472520
-6.676882
-6.670575
-6.751846
-6.704259
-6.708526
-6.717053
-6.696061
-6.680025
-6.666273
-6.649921
-6.605831
-6.612916
-6.554430
-6.558950
-6.509938
-6.522210
-6.454961
-6.508711
-6.419296
-6.496894
-6.418535
-6.508161
-6.791315
-6.580572
-6.774141
-6.608568
-6.788527
-6.577467
-6.771743
-6.551681
-6.713561
-6.504688
-6.658312
-6.429387
-6.601338
-6.359836
-6.533671
-6.300372
-6.479995
-6.234498
-6.450781
-6.169144
-6.418535
-6.804056
-6.798320
-6.830838
-6.794421
-6.822139
-6.794964
-6.771228
-6.764396
-6.721177
-6.700211
-6.660628
-6.639969
-6.585776
-6.587868
-6.522171
-6.535338
-6.480348
-6.498226
-6.450781
-6.496894
-6.863507
-6.693862
-6.889376
-6.713674
-6.865469
-6.690330
-6.831704
-6.623569
-6.771258
-6.548886
-6.686610
-6.467810
-6.605594
-6.379563
-6.539483
-6.296762
-6.480348
-6.234497
-6.419296
-6.919354
-6.902486
-6.920832
-6.910098
-6.905322
-6.870576
-6.853054
-6.815260
-6.770081
-6.742568
-6.685356
-6.661135
-6.608016
-6.587337
-6.539482
-6.535337
-6.479994
-6.508710
-6.961073
-6.823629
-6.980890
-6.809067
-6.953572
-6.764056
-6.882164
-6.682868
-6.795202
-6.578631
-6.700416
-6.472702
-6.608016
-6.379563
-6.522171
-6.300372
-6.454960
-7.015711
-7.001498
-7.020819
-6.991482
-6.972698
-6.936306
-6.896511
-6.847477
-6.799994
-6.750604
-6.700416
-6.661134
-6.605594
-6.587867
-6.533669
-6.522210
-7.065480
-6.918358
-7.054774
-6.888509
-7.001736
-6.807449
-6.910199
-6.698472
-6.799994
-6.578631
-6.685355
-6.467809
-6.585776
-6.359835
-6.509936
-7.095378
-7.083541
-7.080313
-7.039923
-7.011704
-6.955773
-6.910199
-6.847477
-6.795201
-6.742568
-6.686609
-6.639967
-6.601337
-6.558948
-7.125899
-6.972719
-7.094540
-6.914120
-7.011704
-6.807449
-6.896511
-6.682867
-6.770080
-6.548885
-6.660627
-6.429384
-6.554430
-7.139820
-7.110001
-7.094539
-7.039923
-7.001735
-6.936304
-6.882164
-6.815258
-6.771257
-6.700208
-6.658312
-6.612913
-7.139820
-6.972719
-7.080310
-6.888510
-6.972697
-6.764054
-6.853053
-6.623567
-6.721176
-6.504685
-6.605830
-7.125898
-7.083541
-7.054770
-6.991483
-6.953570
-6.870574
-6.831701
-6.764393
-6.713558
-6.649918
-7.095376
-6.918357
-7.020817
-6.809067
-6.905318
-6.690329
-6.771224
-6.551679
-6.666270
-7.065477
-7.001498
-6.980889
-6.910095
-6.865467
-6.794961
-6.771740
-6.680022
-7.015710
-6.823627
-6.920829
-6.713672
-6.822135
-6.577464
-6.696058
-6.961071
-6.902482
-6.889374
-6.794418
-6.788523
-6.717049
-6.919351
-6.693859
-6.830834
-6.608564
-6.708522
-6.863504
-6.798315
-6.774137
-6.704254
-6.804051
-6.580568
-6.751841
-6.791310
-6.670570
-6.676877
-6.711048
-6.513861
-6.693376
-6.462617
-6.723279
-6.480896
-6.684957
-6.476726
-6.660674
-6.428434
-6.627688
-6.383287
-6.569345
-6.337222
-6.523738
-6.270743
-6.493237
-6.220021
-6.449971
-6.185659
-6.433800
-6.118111
-6.473676
-6.676894
-6.670590
-6.752105
-6.703933
-6.708824
-6.717307
-6.695712
-6.680280
-6.666866
-6.649190
-6.606438
-6.613396
-6.553819
-6.559398
-6.510820
-6.521205
-6.455838
-6.509351
-6.418623
-6.497499
-6.419649
-6.507140
-6.791324
-6.580355
-6.774232
-6.608610
-6.788180
-6.577439
-6.772142
-6.550748
-6.714011
-6.504687
-6.657701
-6.429273
-6.602091
-6.358249
-6.534458
-6.300190
-6.479296
-6.234152
-6.451816
-6.166969
-6.419649
-6.804149
-6.798397
-6.830702
-6.794541
-6.822506
-6.794471
-6.771654
-6.764727
-6.720700
-6.700551
-6.661329
-6.639081
-6.586520
-6.588380
-6.521505
-6.535853
-6.481315
-6.497129
-6.451817
-6.497499
-6.863403
-6.693857
-6.889534
-6.713193
-6.865719
-6.690357
-6.831257
-6.623532
-6.771807
-6.547687
-6.687233
-6.467746
-6.604943
-6.379402
-6.540358
-6.294937
-6.481316
-6.234153
-6.418624
-6.919453
-6.902309
-6.921038
-6.910264
-6.905043
-6.870789
-6.853536
-6.814596
-6.770639
-6.742952
-6.684778
-6.661551
-6.608805
-6.586330
-6.540358
-6.535853
-6.479296
-6.509351
-6.961101
-6.823641
-6.980675
-6.809064
-6.953882
-6.763309
-6.882581
-6.682866
-6.794679
-6.578578
-6.701096
-6.471266
-6.608806
-6.379402
-6.521506
-6.300192
-6.455839
-7.015672
-7.001572
-7.021045
-6.991129
-6.973033
-6.936547
-6.896104
-6.847773
-6.800572
-6.749791
-6.701097
-6.661551
-6.604944
-6.588380
-6.534459
-6.521208
-7.065528
-6.918102
-7.054954
-6.888524
-7.001418
-6.807446
-6.910653
-6.697475
-6.800572
-6.578579
-6.684780
-6.467746
-6.586523
-6.358250
-6.510822
-7.095458
-7.083625
-7.080133
-7.040082
-7.012043
-6.955247
-6.910653
-6.847773
-6.794680
-6.742953
-6.687236
-6.639082
-6.602094
-6.559401
-7.125827
-6.972725
-7.094744
-6.913609
-7.012043
-6.807446
-6.896105
-6.682867
-6.770641
-6.547689
-6.661332
-6.429274
-6.553823
-7.139893
-7.109821
-7.094744
-7.040083
-7.001417
-6.936549
-6.882582
-6.814598
-6.771808
-6.700554
-6.657704
-6.613399
-7.139893
-6.972726
-7.080133
-6.888525
-6.973034
-6.763310
-6.853538
-6.623535
-6.720702
-6.504690
-6.606443
-7.125827
-7.083627
-7.054954
-6.991130
-6.953885
-6.870790
-6.831260
-6.764730
-6.714014
-6.649193
-7.095459
-6.918105
-7.021044
-6.809066
-6.905046
-6.690359
-6.771658
-6.550751
-6.666870
-7.065530
-7.001574
-6.980676
-6.910268
-6.865721
-6.794476
-6.772145
-6.680284
-7.015672
-6.823642
-6.921043
-6.713196
-6.822509
-6.577443
-6.695716
-6.961103
-6.902313
-6.889537
-6.794545
-6.788184
-6.717312
-6.919457
-6.693860
-6.830706
-6.608614
-6.708829
-6.863407
-6.798401
-6.774236
-6.703937
-6.804154
-6.580359
-6.752110
-6.791328
-6.670595
-6.676899

