Tension at each vertex
23.844268
23.844280
23.844455
23.844464
18.787199
23.358551
18.787181
23.358552
18.220832
18.221079
24.423562
24.423975
23.460255
23.424817
22.956980
22.790390
22.228721
21.850310
21.123803
20.630613
19.775640
19.300358
18.626541
18.337929
17.962915
17.982353
17.786438
17.988332
17.924482
18.136176
18.116226
18.383341
18.306791
18.584239
18.507813
23.405487
23.129947
22.914688
22.497063
22.115700
21.590085
20.986505
20.328639
19.687655
19.020521
18.542196
18.164136
17.916863
17.817820
17.809329
17.817945
17.922409
18.016615
18.090449
18.221137
18.312512
18.422587
23.448561
23.327067
22.881778
22.694129
22.052164
21.692153
20.937504
20.392461
19.598401
19.142022
18.474318
18.285814
17.934433
17.947625
17.809996
17.999705
17.902893
18.169478
18.115930
18.357671
18.312499
23.386647
23.134576
22.822413
22.436569
22.023736
21.421803
20.850012
20.168752
19.498517
18.906209
18.450261
18.076657
17.914962
17.821150
17.786247
17.848922
17.929037
17.993071
18.115943
18.221142
23.381189
23.314818
22.853100
22.587296
21.979822
21.588444
20.775691
20.277070
19.474170
19.005586
18.416156
18.241654
17.882777
17.972266
17.815204
17.976247
17.929020
18.169480
18.090430
23.414358
23.073007
22.812121
22.398542
21.919997
21.353515
20.753763
20.031016
19.423604
18.832481
18.368752
18.068195
17.902302
17.792607
17.815218
17.848931
17.902903
18.016616
23.388082
23.313329
22.780874
22.564391
21.927142
21.483897
20.717123
20.202071
19.375341
18.978619
18.385207
18.198488
17.902273
17.972267
17.786225
17.999691
17.922408
23.367762
23.081726
22.802483
22.330189
21.899206
21.303847
20.667412
20.003278
19.386725
18.780493
18.385222
18.068204
17.882796
17.821154
17.810029
17.817936
23.396700
23.262595
22.783877
22.543753
21.861668
21.473065
20.683839
20.147801
19.386702
18.978623
18.368727
18.241643
17.914957
17.947588
17.809319
23.384814
23.085052
22.757068
22.338245
21.882314
21.256215
20.683854
20.003290
19.375355
18.832481
18.416194
18.076643
17.934461
17.817846
23.362533
23.278888
22.780375
22.505074
21.882295
21.473067
20.667388
20.202056
19.423604
19.005553
18.450250
18.285809
17.916831
23.388016
23.054566
22.780389
22.338255
21.861679
21.303849
20.717161
20.031005
19.474199
18.906230
18.474322
18.164145
23.388007
23.278888
22.757048
22.543741
21.899208
21.483861
20.753756
20.277063
19.498482
19.141999
18.542209
23.362537
23.085058
22.783909
22.330175
21.927173
21.353540
20.775695
20.168766
19.598455
19.020497
23.384819
23.262556
22.802486
22.564382
21.919964
21.588419
20.850029
20.392392
19.687660
23.396732
23.081747
22.780872
22.398559
21.979877
21.421778
20.937549
20.328676
23.367734
23.313307
22.812143
22.587219
22.023747
21.692136
20.986463
23.388128
23.072977
22.853148
22.436609
22.052156
21.590112
23.414385
23.314795
22.822369
22.694091
22.115736
23.381170
23.134610
22.881849
22.497025
23.386690
23.326943
22.914718
23.448626
23.130005
23.405439
23.546716
23.764504
23.531072
23.813292
23.546555
23.760268
23.574179
23.772248
23.541719
23.778646
23.567308
23.749573
23.567303
23.778654
23.541736
23.772262
23.574157
23.760352
23.546522
23.813325
23.531119
23.764549
23.546662
23.761330
24.073187
23.980967
24.256927
24.169390
24.367914
24.267083
24.454365
24.278814
24.449166
24.271627
24.355101
24.173401
24.252044
23.998351
24.082096
23.836019
23.862611
23.636427
23.691347
23.416098
23.495478
23.230818
23.745220
23.822870
24.002612
24.020952
24.154590
24.182795
24.229853
24.247975
24.286484
24.223539
24.248799
24.183629
24.125879
24.061872
24.005331
23.875988
23.827028
23.712296
23.610241
23.522070
23.432715
23.332800
23.799008
24.056798
24.013859
24.285992
24.157890
24.401079
24.278595
24.431539
24.302344
24.446034
24.235243
24.367457
24.155384
24.209602
24.004373
24.070562
23.802563
23.884617
23.630820
23.678981
23.432709
23.751213
23.874472
23.986255
24.061504
24.179941
24.167537
24.265934
24.255366
24.263340
24.247363
24.247361
24.151579
24.143340
24.050760
23.968764
23.893450
23.822097
23.690212
23.630782
23.522076
23.750128
24.081597
24.038644
24.262158
24.190154
24.411847
24.253056
24.458581
24.299847
24.415441
24.252773
24.362482
24.120366
24.228696
23.993041
24.042529
23.822094
23.884637
23.610271
23.792126
23.843451
24.022523
24.081247
24.158943
24.199333
24.272496
24.227041
24.288533
24.243951
24.218253
24.174117
24.141622
24.023272
23.993009
23.893462
23.802559
23.712263
23.769894
24.103248
24.006104
24.292340
24.197017
24.384324
24.277857
24.457488
24.265380
24.436785
24.245317
24.334443
24.141608
24.228715
23.968788
24.070545
23.827038
23.755992
23.872419
24.039640
24.054645
24.191598
24.204426
24.246605
24.253728
24.288884
24.214931
24.245289
24.174124
24.120370
24.050730
24.004358
23.876021
23.786691
24.069482
24.033818
24.300516
24.168436
24.414298
24.277215
24.429311
24.288873
24.436804
24.218273
24.362474
24.143346
24.209657
24.005297
23.778831
23.885972
24.011923
24.085086
24.196691
24.176892
24.277198
24.253734
24.265386
24.243922
24.252762
24.151603
24.155328
24.061861
23.757446
24.094416
24.039451
24.272477
24.196679
24.414312
24.246617
24.457481
24.288533
24.415496
24.247325
24.367486
24.125927
23.784259
23.859440
24.039447
24.085087
24.168445
24.204404
24.277848
24.227064
24.299803
24.247351
24.235270
24.183578
23.784246
24.094422
24.011926
24.300517
24.191588
24.384374
24.272463
24.458609
24.263377
24.446034
24.248781
23.757461
23.885959
24.033811
24.054664
24.196985
24.199320
24.253081
24.255320
24.302313
24.223587
23.778810
24.069526
24.039608
24.292363
24.158968
24.411854
24.265911
24.431643
24.286427
23.786674
23.872402
24.006129
24.081212
24.190125
24.167579
24.278534
24.247946
23.756004
24.103264
24.022490
24.262252
24.179889
24.401116
24.229903
23.769867
23.843487
24.038597
24.061473
24.157929
24.182736
23.792077
24.081629
23.986290
24.286015
24.154546
23.750164
23.874427
24.013811
24.021007
23.751158
24.056932
24.002544
23.798950
23.822825
23.745256
23.438329
23.619125
23.181701
23.286501
22.854575
22.833619
22.406027
22.312332
21.790376
21.670963
21.111866
20.899966
20.382342
20.166355
19.631905
19.521440
19.043925
18.958115
18.616264
18.594209
18.264456
18.376652
18.088067
18.507953
18.545291
18.561137
18.541536
18.551323
18.547075
18.495535
18.478796
18.445267
18.361250
18.324509
18.257563
18.162128
18.097141
18.036790
17.922152
17.885292
17.830284
17.784919
17.775467
17.876598
17.888399
18.439552
18.580820
18.440447
18.601467
18.408297
18.557192
18.386572
18.468361
18.295091
18.393928
18.158533
18.259999
18.051763
18.103832
17.906873
18.016865
17.794413
17.946692
17.839274
18.033074
18.001465
18.322191
18.343461
18.310734
18.323206
18.315708
18.262435
18.251639
18.215551
18.141742
18.104608
18.056913
17.963545
17.925821
17.877829
17.808943
17.792108
17.820718
17.809873
17.934674
18.079587
18.199004
18.366810
18.216673
18.324136
18.175226
18.302677
18.092804
18.218123
18.034021
18.101962
17.924367
18.033233
17.817252
17.953220
17.817387
17.958962
17.886067
18.194037
18.172757
18.118512
18.087355
18.095079
18.088286
18.037150
18.027432
18.003168
17.934091
17.914541
17.881639
17.819761
17.808276
17.816212
17.794657
17.868257
17.971389
18.096736
18.311969
18.000097
18.148101
17.956804
18.105844
17.946583
18.037756
17.881785
18.010859
17.807017
17.958503
17.811590
17.951566
17.854316
18.111847
18.049701
18.409568
18.523161
17.886034
17.900579
17.896846
17.852041
17.852771
17.847257
17.797588
17.811780
17.814975
17.809201
17.859621
17.951415
18.030999
18.211241
18.452728
18.695299
17.837289
17.947381
17.813678
17.965975
17.779367
17.954711
17.817099
17.970884
17.874396
18.114661
18.038874
18.357216
18.426416
18.807471
18.972674
17.809694
17.818912
17.789314
17.828203
17.843303
17.858410
17.912095
18.003040
18.075547
18.228662
18.438196
18.636751
18.942481
19.298909
17.818090
18.010419
17.885319
18.059626
17.969783
18.218151
18.140748
18.443037
18.489197
18.827619
18.958397
19.448295
19.603583
17.998043
18.025024
18.086548
18.189673
18.255246
18.405637
18.589138
18.762130
19.024500
19.332692
19.619479
19.998870
18.255527
18.508347
18.416424
18.721350
18.740016
19.057192
19.146781
19.586484
19.690243
20.201194
20.399108
18.678968
18.821713
18.968622
19.115970
19.332561
19.590292
19.817407
20.141592
20.460520
20.775567
19.263746
19.546014
19.577235
19.963347
20.002644
20.452323
20.574893
21.017471
21.165205
19.922091
20.107044
20.257122
20.505162
20.738980
20.986690
21.254379
21.569288
20.564798
20.929471
20.952777
21.325705
21.386937
21.828933
21.855317
21.251566
21.399652
21.563904
21.797238
21.946394
22.213322
21.784643
22.142725
22.075250
22.476876
22.464791
22.275014
22.434390
22.548424
22.717461
22.668671
22.985444
22.903638
23.003663
23.138222
23.214878
23.761398
24.073142
23.980922
24.256876
24.169468
24.367768
24.267132
24.454353
24.278769
24.449128
24.271700
24.354992
24.173438
24.252049
23.998323
24.082074
23.836075
23.862551
23.636446
23.691357
23.416098
23.495462
23.230848
23.116485
23.260594
23.066376
23.241848
23.074940
23.217335
23.112336
23.287646
23.158152
23.383948
23.291064
23.484827
23.433308
23.660198
23.561949
23.829986
23.742362
23.970501
23.898687
24.148252
24.000936
24.294763
24.115439
23.758885
23.924903
23.948878
24.039542
24.066411
24.168322
24.135723
24.234939
24.224072
24.259536
24.250686
24.305868
24.240998
24.292576
24.258735
24.252879
24.219960
24.251735
24.169122
24.197251
24.162686
24.159882
23.938219
24.209292
24.059287
24.330306
24.134302
24.396980
24.225392
24.422239
24.256487
24.467597
24.247319
24.455561
24.260337
24.413520
24.217037
24.407101
24.151187
24.352962
24.132494
24.298011
24.065908
24.007574
24.125900
24.108321
24.211989
24.206695
24.249655
24.245201
24.302064
24.240511
24.294220
24.255506
24.250600
24.213620
24.236891
24.145897
24.173599
24.120955
24.093904
24.055518
24.069416
24.105544
24.367380
24.203707
24.410216
24.249233
24.463473
24.248537
24.457443
24.265001
24.410912
24.221511
24.392462
24.144585
24.324236
24.107497
24.238052
24.030044
24.205432
23.947749
24.156530
24.228907
24.227552
24.292639
24.237066
24.298102
24.259069
24.256071
24.220640
24.236481
24.141973
24.165198
24.099243
24.065682
24.016378
24.016185
23.924890
23.937514
24.236926
24.444884
24.248626
24.460757
24.273355
24.421125
24.239259
24.399258
24.158094
24.324361
24.105049
24.215807
24.011212
24.152514
23.898431
24.059867
23.848799
24.217823
24.301777
24.259635
24.270691
24.237822
24.254185
24.161293
24.181859
24.106811
24.069436
24.008525
23.993672
23.887347
23.887226
23.823190
23.771309
24.280572
24.432026
24.266298
24.421970
24.191676
24.352789
24.135090
24.235880
24.029276
24.149468
23.894203
24.028251
23.808267
23.894042
23.704316
24.255192
24.283202
24.193411
24.223264
24.144002
24.108456
24.040528
24.018623
23.900226
23.888407
23.804507
23.738736
23.684523
23.649932
24.232653
24.398950
24.189469
24.287828
24.087246
24.196115
23.939620
24.057703
23.829398
23.891346
23.688984
23.781824
23.539716
24.198266
24.171629
24.107040
24.085147
23.961735
23.946623
23.847809
23.772104
23.699564
23.648677
23.533348
23.504776
24.168158
24.276252
24.026593
24.139975
23.908692
23.958749
23.749187
23.819847
23.561993
23.655304
23.435890
24.056233
24.046536
23.944260
23.866926
23.784222
23.722817
23.589782
23.548621
23.450037
23.357995
24.023910
24.077377
23.866395
23.930711
23.664605
23.745680
23.507393
23.533816
23.324779
23.913942
23.857534
23.715675
23.671775
23.554476
23.452934
23.363927
23.289626
23.813815
23.901388
23.652669
23.677047
23.452920
23.496445
23.226462
23.720006
23.619305
23.521917
23.437149
23.290722
23.223987
23.638771
23.684961
23.407033
23.465565
23.214866
23.490691
23.424586
23.299668
23.178028
23.430834
23.453274
23.206039
23.307314
23.209108
23.233224
23.623378
24.022565
23.800920
24.138542
23.977053
24.230450
24.085377
24.349145
24.150503
24.405762
24.235373
24.426735
24.255250
24.472568
24.243904
24.459576
24.261249
24.431043
24.222193
24.445081
24.177281
24.399558
24.158042
18.418779
18.855635
19.372534
20.005947
20.705530
21.314680
21.898567
22.434418
22.833571
23.163788
23.468526
23.664447
23.821714
23.985797
24.070083
24.133894
24.215352
24.233146
24.233024
24.266657
24.221593
24.205606
18.507142
19.224999
19.674194
20.492213
20.981575
21.824880
22.182906
22.821788
23.073293
23.533517
23.601881
23.994305
23.959474
24.230793
24.177836
24.395565
24.248818
24.478303
24.283591
24.451466
24.265747
18.756662
19.258906
19.924982
20.632915
21.273100
21.860944
22.417768
22.818945
23.160010
23.464910
23.666089
23.824492
23.988424
24.076412
24.134884
24.222942
24.231905
24.242775
24.259323
24.232397
18.888653
19.745813
20.209869
21.088416
21.596437
22.324155
22.628979
23.231742
23.360139
23.769382
23.827807
24.132763
24.064238
24.353583
24.225606
24.428566
24.300333
24.468607
24.260722
19.152141
19.795049
20.554345
21.199482
21.824686
22.383642
22.809471
23.147781
23.465662
23.666899
23.828659
23.994901
24.080153
24.145868
24.222875
24.247113
24.238820
24.269555
19.440483
20.297986
20.829408
21.721225
22.115574
22.780741
23.049965
23.527523
23.600375
24.000696
23.966845
24.240762
24.184978
24.406478
24.256867
24.479830
24.291322
19.706946
20.463416
21.154840
21.776490
22.368723
22.791292
23.147203
23.460104
23.671070
23.830643
23.998448
24.088474
24.148475
24.232010
24.247705
24.244393
20.046567
20.943861
21.504996
22.265482
22.594470
23.213660
23.356201
23.770388
23.831958
24.140591
24.071718
24.359154
24.236939
24.430158
24.305860
20.410331
21.110507
21.757581
22.346330
22.790220
23.136151
23.460885
23.666589
23.832334
23.997585
24.091781
24.150493
24.233417
24.250076
20.739692
21.648671
22.084075
22.754433
23.040765
23.523765
23.601504
24.001273
23.973321
24.242513
24.190073
24.408222
24.261609
21.098375
21.743437
22.344282
22.783351
23.138369
23.454386
23.670924
23.827947
24.001015
24.090140
24.154743
24.230640
21.483279
22.251913
22.591919
23.209144
23.361768
23.769994
23.834508
24.141995
24.073610
24.356331
24.240620
21.757265
22.347271
22.791085
23.133517
23.455602
23.663566
23.829213
23.992245
24.094430
24.147728
22.107926
22.766635
23.050590
23.531841
23.606286
24.001642
23.975571
24.239455
24.186699
22.371009
22.800411
23.141552
23.449978
23.666577
23.818617
23.993631
24.083813
22.626519
23.228293
23.373762
23.775976
23.833214
24.142065
24.066199
22.824257
23.145139
23.453573
23.657340
23.819110
23.979174
23.080439
23.556506
23.610012
24.004508
23.965522
23.160459
23.447316
23.656944
23.802210
23.395712
23.800353
23.823801
23.442942
23.634070
23.630445
23.546728
23.764516
23.531085
23.813305
23.546569
23.760281
23.574193
23.772261
23.541731
23.778659
23.567320
23.749585
23.567316
23.778665
23.541749
23.772275
23.574169
23.760365
23.546534
23.813337
23.531130
23.764559
23.546673
23.460179
23.424896
22.957024
22.790451
22.228697
21.850459
21.123776
20.630689
19.775666
19.300406
18.626499
18.337944
17.962835
17.982326
17.786385
17.988293
17.924416
18.136166
18.116162
18.383320
18.306754
18.584216
18.507780
23.405455
23.130028
22.914747
22.497061
22.115780
21.590159
20.986512
20.328722
19.687671
19.020529
18.542196
18.164123
17.916786
17.817791
17.809269
17.817886
17.922363
18.016578
18.090393
18.221111
18.312471
18.422563
23.448644
23.326967
22.881881
22.694128
22.052201
21.692184
20.937598
20.392436
19.598475
19.141995
18.474307
18.285771
17.934414
17.947544
17.809980
17.999645
17.902861
18.169441
18.115908
18.357641
18.312485
23.386708
23.134634
22.822402
22.436648
22.023793
21.421826
20.850079
20.168809
19.498511
18.906238
18.450231
18.076608
17.914913
17.821101
17.786175
17.848883
17.928973
17.993032
18.115893
18.221105
23.381189
23.314820
22.853181
22.587257
21.979924
21.588468
20.775744
20.277103
19.474222
19.005554
18.416173
18.241604
17.882744
17.972219
17.815170
17.976199
17.928996
18.169440
18.090414
23.414404
23.073003
22.812176
22.398600
21.920011
21.353590
20.753803
20.031043
19.423624
18.832481
18.368705
18.068167
17.902231
17.792556
17.815154
17.848875
17.902846
18.016576
23.388147
23.313333
22.780906
22.564423
21.927220
21.483911
20.717209
20.202094
19.375376
18.978622
18.385200
18.198451
17.902248
17.972215
17.786199
17.999656
17.922368
23.367754
23.081773
22.802520
22.330216
21.899256
21.303900
20.667436
20.003326
19.386720
18.780492
18.385185
18.068156
17.882735
17.821105
17.809947
17.817899
23.396751
23.262582
22.783945
22.543783
21.861728
21.473117
20.683901
20.147839
19.386745
18.978619
18.368730
18.241619
17.914912
17.947572
17.809280
23.384840
23.085084
22.757084
22.338296
21.882343
21.256265
20.683886
20.003315
19.375360
18.832479
18.416136
18.076618
17.934390
17.817777
23.362558
23.278913
22.780424
22.505116
21.882363
21.473115
20.667459
20.202107
19.423624
19.005589
18.450242
18.285780
17.916821
23.388027
23.054591
22.780411
22.338287
21.861716
21.303896
20.717168
20.031054
19.474191
18.906213
18.474303
18.164111
23.388038
23.278914
22.757102
22.543794
21.899252
21.483947
20.753809
20.277108
19.498543
19.142018
18.542183
23.362553
23.085077
22.783910
22.330229
21.927188
21.353563
20.775737
20.168793
19.598420
19.020551
23.384833
23.262621
22.802517
22.564431
21.920042
21.588491
20.850059
20.392503
19.687663
23.396720
23.081752
22.780906
22.398579
21.979866
21.421848
20.937550
20.328681
23.367781
23.313353
22.812152
22.587333
22.023779
21.692197
20.986551
23.388099
23.073032
22.853131
22.436605
22.052205
21.590128
23.414376
23.314841
22.822442
22.694163
22.115739
23.381205
23.134598
22.881806
22.497096
23.386663
23.327088
22.914714
23.448577
23.129968
23.405503
23.761407
24.073146
23.980925
24.256876
24.169466
24.367764
24.267128
24.454347
24.278764
24.449121
24.271695
24.354985
24.173432
24.252045
23.998320
24.082069
23.836076
23.862553
23.636446
23.691361
23.416102
23.495463
23.230853
23.745263
23.822828
24.002545
24.021006
24.154542
24.182732
24.229898
24.247940
24.286421
24.223580
24.248775
24.183571
24.125920
24.061856
24.005294
23.876015
23.827036
23.712264
23.610270
23.522079
23.432713
23.332801
23.798957
24.056935
24.013812
24.286014
24.157925
24.401111
24.278527
24.431635
24.302306
24.446028
24.235264
24.367480
24.155326
24.209656
24.004355
24.070547
23.802563
23.884635
23.630785
23.678982
23.432716
23.751164
23.874431
23.986289
24.061472
24.179884
24.167573
24.265905
24.255314
24.263371
24.247344
24.247319
24.151600
24.143341
24.050725
23.968786
23.893457
23.822089
23.690212
23.630818
23.522069
23.750171
24.081633
24.038597
24.262251
24.190121
24.411849
24.253076
24.458602
24.299796
24.415489
24.252756
24.362467
24.120364
24.228712
23.993005
24.042527
23.822101
23.884618
23.610243
23.792084
23.843491
24.022490
24.081210
24.158964
24.199314
24.272456
24.227056
24.288527
24.243916
24.218266
24.174121
24.141606
24.023268
23.993039
23.893450
23.802559
23.712294
23.769874
24.103267
24.006130
24.292360
24.196981
24.384368
24.277842
24.457475
24.265379
24.436797
24.245284
24.334438
24.141614
24.228691
23.968761
24.070556
23.827028
23.756012
23.872405
24.039609
24.054661
24.191585
24.204398
24.246611
24.253726
24.288865
24.214924
24.245310
24.174110
24.120363
24.050758
24.004370
23.875990
23.786683
24.069529
24.033812
24.300514
24.168442
24.414306
24.277192
24.429304
24.288878
24.436779
24.218248
24.362480
24.143335
24.209597
24.005328
23.778818
23.885962
24.011927
24.085083
24.196675
24.176886
24.277209
24.253721
24.265374
24.243944
24.252767
24.151572
24.155378
24.061870
23.757470
24.094425
24.039449
24.272474
24.196688
24.414292
24.246599
24.457479
24.288527
24.415434
24.247354
24.367453
24.125877
23.784256
23.859443
24.039452
24.085082
24.168432
24.204419
24.277851
24.227034
24.299842
24.247356
24.235238
24.183624
23.784268
24.094418
24.011925
24.300513
24.191595
24.384318
24.272491
24.458575
24.263334
24.446027
24.248794
23.757456
23.885975
24.033820
24.054642
24.197014
24.199328
24.253050
24.255358
24.302338
24.223532
23.778841
24.069485
24.039641
24.292338
24.158940
24.411841
24.265929
24.431533
24.286479
23.786699
23.872422
24.006105
24.081245
24.190150
24.167533
24.278590
24.247968
23.756000
24.103252
24.022524
24.262157
24.179937
24.401074
24.229848
23.769902
23.843456
24.038644
24.061503
24.157887
24.182790
23.792134
24.081602
23.986255
24.285991
24.154587
23.750136
23.874477
24.013860
24.020952
23.751221
24.056802
24.002614
23.799016
23.822875
23.745229
23.460273
23.424839
22.957009
22.790425
22.228762
21.850355
21.123852
20.630660
19.775664
19.300393
18.626541
18.337877
17.962885
17.982307
17.786386
17.988287
17.924439
18.136136
18.116190
18.383310
18.306764
18.584215
18.507791
18.610450
18.817607
18.636951
18.824019
18.672995
18.790140
18.634581
18.765223
18.547273
18.665990
18.466246
18.519588
18.315938
18.393757
18.129916
18.219913
17.991052
18.048733
17.841919
17.986941
17.783401
18.001839
17.906323
23.214899
23.138245
22.903664
22.717491
22.464825
22.213357
21.855354
21.569325
21.165238
20.775600
20.399131
19.998885
19.603597
19.298909
18.972667
18.695290
18.523153
18.311958
18.172746
18.079576
18.001459
17.888393
23.003689
22.985474
22.548456
22.476913
21.946433
21.828971
21.254417
21.017506
20.460547
20.201217
19.619490
19.448295
18.942479
18.807461
18.452709
18.409548
18.096719
18.194021
17.934660
18.033062
17.876589
22.668704
22.434427
22.075289
21.797278
21.386980
20.986729
20.574928
20.141619
19.690261
19.332704
18.958396
18.636738
18.426404
18.211225
18.049680
17.971364
17.886042
17.809848
17.839254
17.775452
22.275053
22.142767
21.563947
21.325746
20.739021
20.452354
19.817430
19.586497
19.024499
18.827613
18.438181
18.357191
18.030973
18.111827
17.868237
17.958941
17.820696
17.946672
17.784902
21.784688
21.399698
20.952821
20.505200
20.002675
19.590312
19.146787
18.762128
18.489181
18.228639
18.038849
17.951388
17.854286
17.794629
17.817366
17.792095
17.794403
17.830276
21.251612
20.929514
20.257159
19.963372
19.332576
19.057193
18.589126
18.443016
18.075519
18.114626
17.859583
17.951532
17.816182
17.953191
17.808913
18.016838
17.885272
20.564843
20.107080
19.577260
19.115978
18.740011
18.405620
18.140720
18.003009
17.874367
17.809170
17.811556
17.808246
17.817231
17.877813
17.906862
17.922141
19.922127
19.546037
18.968627
18.721337
18.255222
18.218116
17.912055
17.970842
17.814935
17.958471
17.819730
18.033201
17.925795
18.103811
18.036774
19.263753
18.821712
18.416407
18.189642
17.969751
17.858373
17.817058
17.811741
17.806980
17.881605
17.924341
17.963522
18.051741
18.097123
18.678962
18.508332
18.086512
18.059582
17.843258
17.954671
17.797546
18.010824
17.914510
18.101933
18.056887
18.259980
18.162112
18.255479
18.024998
17.885275
17.828155
17.779319
17.847217
17.881744
17.934055
18.033992
18.104583
18.158512
18.257545
17.998016
18.010373
17.789269
17.965933
17.852730
18.037721
18.003137
18.218095
18.141718
18.393908
18.324492
17.818036
17.818860
17.813629
17.851997
17.946543
18.027397
18.092774
18.215525
18.295069
18.361231
17.809644
17.947336
17.896806
18.105807
18.037116
18.302648
18.251614
18.468341
18.445249
17.837242
17.900533
17.956766
18.088252
18.175197
18.262409
18.386550
18.478778
17.885990
18.148062
18.095045
18.324107
18.315682
18.557171
18.495517
18.000059
18.087320
18.216643
18.323179
18.408275
18.547056
18.118477
18.366779
18.310707
18.601445
18.551304
18.198974
18.343434
18.440425
18.541517
18.322164
18.580797
18.561116
18.439529
18.545270
18.507931
23.623388
24.022572
23.800925
24.138545
23.977055
24.230450
24.085376
24.349145
24.150502
24.405758
24.235371
24.426732
24.255248
24.472563
24.243898
24.459570
24.261245
24.431039
24.222191
24.445079
24.177281
24.399557
24.158043
23.233227
23.209111
23.206044
23.178031
23.214870
23.223992
23.226461
23.289633
23.324780
23.357997
23.435893
23.504774
23.539726
23.649926
23.704325
23.771308
23.848795
23.937516
23.947750
24.069413
24.065907
24.159882
23.307315
23.453277
23.299669
23.465566
23.290724
23.496445
23.363929
23.533817
23.450039
23.655307
23.533345
23.781831
23.684519
23.894046
23.823193
24.059860
23.924890
24.205434
24.055511
24.298009
24.162684
23.430837
23.424587
23.407038
23.437151
23.452923
23.452939
23.507392
23.548625
23.561994
23.648677
23.688987
23.738736
23.808269
23.887232
23.898426
24.016184
24.030047
24.093898
24.132492
24.197248
23.490689
23.684964
23.521918
23.677045
23.554480
23.745678
23.589784
23.819847
23.699565
23.891348
23.804504
24.028251
23.887350
24.152513
24.016372
24.238056
24.120949
24.352957
24.169117
23.638771
23.619308
23.652668
23.671777
23.664606
23.722819
23.749186
23.772103
23.829403
23.888403
23.894204
23.993671
24.011215
24.065677
24.107499
24.173597
24.151181
24.251730
23.720004
23.901388
23.715678
23.930708
23.784223
23.958750
23.847804
24.057708
23.900222
24.149470
24.008521
24.215809
24.099239
24.324233
24.145895
24.407095
24.219951
23.813810
23.857537
23.866391
23.866924
23.908696
23.946619
23.939620
24.018622
24.029276
24.069436
24.105045
24.165197
24.144581
24.236889
24.217034
24.252870
23.913941
24.077377
23.944256
24.139975
23.961732
24.196113
24.040526
24.235876
24.106811
24.324357
24.141968
24.392461
24.213613
24.413517
24.258726
24.023907
24.046533
24.026592
24.085143
24.087246
24.108453
24.135086
24.181857
24.158095
24.236475
24.221509
24.250594
24.260334
24.292571
24.056227
24.276251
24.107034
24.287824
24.143999
24.352785
24.161288
24.399255
24.220636
24.410907
24.255501
24.455556
24.240993
24.168155
24.171627
24.189463
24.223261
24.191673
24.254180
24.239255
24.256067
24.264997
24.294216
24.247315
24.305864
24.198261
24.398945
24.193405
24.421965
24.237816
24.421121
24.259063
24.457438
24.240506
24.467593
24.250680
24.232649
24.283196
24.266293
24.270686
24.273351
24.298097
24.248532
24.302058
24.256485
24.259531
24.255185
24.432021
24.259629
24.460751
24.237061
24.463468
24.245195
24.422235
24.224069
24.280567
24.301771
24.248621
24.292634
24.249229
24.249651
24.225388
24.234936
24.217818
24.444879
24.227547
24.410211
24.206690
24.396976
24.135718
24.236921
24.228903
24.203704
24.211985
24.134300
24.168320
24.156526
24.367378
24.108318
24.330304
24.066410
24.105542
24.125899
24.059286
24.039542
24.007574
24.209294
23.948879
23.938222
23.924907
23.758892
23.438343
23.619143
23.181720
23.286524
22.854602
22.833647
22.406059
22.312366
21.790407
21.670997
21.111894
20.899988
20.382362
20.166364
19.631907
19.521439
19.043920
18.958105
18.616252
18.594200
18.264448
18.376646
18.088063
18.242001
18.787290
19.106155
19.919973
20.351940
21.194247
21.671125
22.370236
22.660713
23.246999
23.368418
23.769397
23.826678
24.125780
24.060144
24.346927
24.221504
24.423018
24.300338
24.465699
24.267642
24.462687
24.210956
23.630456
23.634078
23.823808
23.802215
23.965524
23.979175
24.066201
24.083811
24.186696
24.147725
24.240619
24.230635
24.261602
24.250068
24.305854
24.244386
24.291317
24.269549
24.260717
24.232391
24.265744
24.205603
23.442956
23.800365
23.656955
24.004513
23.819116
24.142070
23.993633
24.239454
24.094433
24.356332
24.154741
24.408216
24.233414
24.430155
24.247702
24.479825
24.238815
24.468601
24.259320
24.451463
24.221592
23.395730
23.447330
23.610023
23.657349
23.833223
23.818620
23.975574
23.992249
24.073613
24.090136
24.190069
24.150489
24.236936
24.232004
24.256861
24.247105
24.300327
24.242768
24.283587
24.266653
23.160480
23.556522
23.453589
23.775989
23.666585
24.001649
23.829223
24.141999
24.001014
24.242512
24.091782
24.359153
24.148472
24.406472
24.222870
24.428560
24.231901
24.478300
24.233023
23.080461
23.145159
23.373780
23.449990
23.606298
23.663578
23.834514
23.827947
23.973323
23.997587
24.071718
24.088469
24.184972
24.145862
24.225601
24.222937
24.248815
24.233143
22.824284
23.228315
23.141570
23.531858
23.455620
23.770002
23.670929
24.001279
23.832341
24.140592
23.998447
24.240759
24.080151
24.353580
24.134883
24.395563
24.215353
22.626547
22.800433
23.050614
23.133536
23.361779
23.454394
23.601515
23.666595
23.831960
23.830642
23.966844
23.994899
24.064237
24.076409
24.177836
24.133892
22.371038
22.766662
22.791110
23.209159
23.138384
23.523779
23.460896
23.770393
23.671074
24.000698
23.828662
24.132763
23.988426
24.230793
24.070084
22.107958
22.347297
22.591937
22.783369
23.040784
23.136163
23.356209
23.460109
23.600380
23.666901
23.827809
23.824492
23.959475
23.985796
21.757295
22.251936
22.344309
22.754453
22.790237
23.213671
23.147214
23.527530
23.465669
23.769385
23.666093
23.994306
23.821716
21.483304
21.743463
22.084098
22.346348
22.594485
22.791303
23.049975
23.147787
23.360144
23.464912
23.601883
23.664447
21.098403
21.648693
21.757601
22.265499
22.368741
22.780753
22.809481
23.231748
23.160016
23.533520
23.468529
20.739711
21.110524
21.505014
21.776505
22.115586
22.383651
22.628986
22.818949
23.073296
23.163789
20.410343
20.943876
21.154856
21.721236
21.824697
22.324162
22.417776
22.821791
22.833574
20.046576
20.463423
20.829416
21.199489
21.596445
21.860949
22.182910
22.434419
19.706950
20.297987
20.554350
21.088423
21.273107
21.824884
21.898571
19.440478
19.795047
20.209873
20.632919
20.981579
21.314681
19.152135
19.745812
19.924986
20.492216
20.705533
18.888648
19.258905
19.674195
20.005947
18.756659
19.224999
19.372536
18.507139
18.855633
18.418780
23.460165
23.424877
22.957000
22.790421
22.228660
21.850418
21.123733
20.630647
19.775644
19.300373
18.626502
18.337993
17.962870
17.982381
17.786434
17.988341
17.924458
18.136204
18.116198
18.383350
18.306781
18.584240
18.507801
18.610468
18.817628
18.636977
18.824041
18.673003
18.790199
18.634574
18.765261
18.547308
18.666028
18.466233
18.519698
18.315909
18.393818
18.129961
18.219974
17.991015
18.048900
17.841865
17.987028
17.783444
18.001936
17.906242
23.214929
23.138150
22.903565
22.717493
22.464744
22.213216
21.855378
21.569204
21.165124
20.775593
20.399051
19.998749
19.603642
19.298811
18.972587
18.695319
18.523102
18.311858
18.172811
18.079497
18.001387
17.888429
23.003602
22.985596
22.548383
22.476906
21.946458
21.828985
21.254316
21.017630
20.460480
20.201226
19.619544
19.448348
18.942419
18.807641
18.452681
18.409612
18.096803
18.194110
17.934613
18.033269
17.876543
22.668632
22.434300
22.075301
21.797165
21.386872
20.986711
20.574848
20.141489
19.690295
19.332614
18.958324
18.636768
18.426366
18.211145
18.049750
17.971306
17.885988
17.809896
17.839204
17.775383
22.275065
22.142773
21.563850
21.325840
20.738949
20.452348
19.817467
19.586535
19.024443
18.827770
18.438164
18.357250
18.031062
18.111913
17.868210
17.959132
17.820675
17.946752
17.784972
21.784591
21.399667
20.952742
20.505074
20.002692
19.590223
19.146720
18.762150
18.489154
18.228572
18.038923
17.951349
17.854251
17.794683
17.817340
17.792039
17.794461
17.830226
21.251543
20.929493
20.257173
19.963389
19.332517
19.057318
18.589112
18.443067
18.075606
18.114710
17.859571
17.951708
17.816182
17.953263
17.808991
18.016921
17.885243
20.564835
20.106987
19.577188
19.115981
18.739985
18.405560
18.140790
18.002983
17.874348
17.809228
17.811550
17.808204
17.817297
17.877780
17.906825
17.922183
19.922059
19.546113
18.968607
18.721372
18.255296
18.218193
17.912055
17.971001
17.814952
17.958539
17.819815
18.033282
17.925781
18.103963
18.036763
19.263723
18.821647
18.416460
18.189623
17.969743
17.858428
17.817070
17.811715
17.807052
17.881588
17.924321
17.963568
18.051724
18.097080
18.679010
18.508380
18.086522
18.059715
17.843291
17.954738
17.797635
18.010902
17.914514
18.102070
18.056893
18.260035
18.162175
18.255494
18.025033
17.885301
17.828144
17.779395
17.847214
17.881744
17.934103
18.033992
18.104553
18.158563
18.257519
17.998038
18.010435
17.789360
17.966009
17.852752
18.037845
18.003160
18.218149
18.141785
18.393967
18.324484
17.818110
17.818873
17.813647
17.852046
17.946561
18.027382
18.092830
18.215513
18.295055
18.361263
17.809687
17.947442
17.896848
18.105861
18.037187
18.302706
18.251621
18.468437
18.445256
17.837277
17.900536
17.956824
18.088255
18.175200
18.262442
18.386553
18.478756
17.886066
18.148121
18.095071
18.324190
18.315706
18.557207
18.495565
18.000081
18.087353
18.216662
18.323171
18.408313
18.547049
18.118520
18.366817
18.310760
18.601483
18.551315
18.199014
18.343440
18.440433
18.541538
18.322194
18.580843
18.561139
18.439549
18.545273
18.507966
23.623290
24.022635
23.800980
24.138574
23.976992
24.230662
24.085275
24.349216
24.150609
24.405787
24.235308
24.427002
24.255134
24.472645
24.244040
24.459608
24.261168
24.431362
24.222061
24.445180
24.177431
24.399634
24.157938
23.233250
23.209086
23.206016
23.178056
23.214848
23.223921
23.226536
23.289566
23.324713
23.358070
23.435833
23.504661
23.539848
23.649821
23.704225
23.771413
23.848707
23.937367
23.947894
24.069276
24.065777
24.159979
23.307286
23.453329
23.299649
23.465557
23.290777
23.496460
23.363857
23.533970
23.449973
23.655311
23.533439
23.781866
23.684404
23.894299
23.823088
24.059894
23.925006
24.205510
24.055359
24.298348
24.162561
23.430843
23.424530
23.407092
23.437105
23.452871
23.452992
23.507351
23.548528
23.562096
23.648592
23.688898
23.738829
23.808195
23.887096
23.898562
24.016067
24.029927
24.094007
24.132400
24.197068
23.490717
23.684982
23.521863
23.677155
23.554439
23.745676
23.589862
23.819877
23.699468
23.891558
23.804422
24.028269
23.887460
24.152572
24.016236
24.238354
24.120841
24.353003
24.169246
23.638740
23.619335
23.652652
23.671697
23.664685
23.722755
23.749112
23.772179
23.829346
23.888284
23.894325
23.993572
24.011106
24.065780
24.107419
24.173436
24.151328
24.251597
23.719989
23.901380
23.715732
23.930736
23.784147
23.958915
23.847745
24.057716
23.900320
24.149519
24.008404
24.216066
24.099149
24.324263
24.146019
24.407175
24.219809
23.813865
23.857499
23.866337
23.866978
23.908659
23.946518
23.939720
24.018542
24.029181
24.069528
24.104978
24.165056
24.144716
24.236776
24.216916
24.252967
23.913887
24.077491
23.944221
24.139978
23.961812
24.196156
24.040430
24.236090
24.106742
24.324377
24.142082
24.392528
24.213486
24.413805
24.258640
24.023894
24.046457
24.026668
24.085087
24.087169
24.108528
24.135035
24.181736
24.158211
24.236382
24.221402
24.250688
24.260267
24.292408
24.056284
24.276290
24.106962
24.287991
24.143952
24.352799
24.161388
24.399314
24.220528
24.411157
24.255429
24.455584
24.241117
24.168100
24.171681
24.189430
24.223166
24.191766
24.254108
24.239162
24.256151
24.264938
24.294077
24.247441
24.305758
24.198236
24.398955
24.193485
24.422017
24.237732
24.421330
24.259008
24.457461
24.240618
24.467665
24.250565
24.232717
24.283148
24.266219
24.270754
24.273302
24.297982
24.248637
24.301972
24.256381
24.259614
24.255123
24.432182
24.259591
24.460772
24.237158
24.463532
24.245100
24.422470
24.224008
24.280533
24.301685
24.248700
24.292566
24.249138
24.249724
24.225330
24.234806
24.217891
24.444933
24.227474
24.410409
24.206644
24.397004
24.135819
24.236850
24.228962
24.203651
24.211878
24.134385
24.168239
24.156489
24.367407
24.108404
24.330368
24.066323
24.105600
24.125832
24.059194
24.039600
24.007507
24.209476
23.948830
23.938155
23.924806
23.758952
23.438280
23.619167
23.181765
23.286561
22.854504
22.833792
22.405985
22.312363
21.790450
21.671024
21.111791
20.900144
20.382297
20.166387
19.631973
19.521504
19.043851
18.958304
18.616209
18.594271
18.264523
18.376744
18.087999
18.241888
18.787381
19.106167
19.920059
20.351789
21.194477
21.670993
22.370287
22.660744
23.247092
23.368238
23.769681
23.826541
24.125832
24.060208
24.347037
24.221300
24.423356
24.300185
24.465764
24.267717
24.462826
24.210734
23.630489
23.633989
23.823730
23.802291
23.965405
23.979117
24.066269
24.083707
24.186599
24.147840
24.240465
24.230563
24.261687
24.249939
24.305728
24.244521
24.291130
24.269455
24.260807
24.232242
24.265586
24.205741
23.442881
23.800543
23.656850
24.004575
23.819194
24.142098
23.993569
24.239696
24.094322
24.356413
24.154864
24.408252
24.233345
24.430457
24.247576
24.479923
24.238962
24.468655
24.259229
24.451821
24.221439
23.395612
23.447265
23.610068
23.657249
23.833131
23.818712
23.975433
23.992184
24.073684
24.090019
24.189953
24.150615
24.236759
24.231926
24.256942
24.246969
24.300179
24.242915
24.283375
24.266566
23.160524
23.556538
23.453514
23.776191
23.666474
24.001718
23.829319
24.142032
24.000946
24.242784
24.091662
24.359247
24.148605
24.406519
24.222791
24.428891
24.231759
24.478417
24.233164
23.080359
23.145220
23.373644
23.449922
23.606347
23.663469
23.834406
23.828052
23.973160
23.997517
24.071787
24.088344
24.184838
24.145998
24.225402
24.222860
24.248888
24.233004
22.824173
23.228358
23.141630
23.531878
23.455544
23.770232
23.670812
24.001361
23.832448
24.140634
23.998373
24.241058
24.080021
24.353688
24.135015
24.395619
24.215270
22.626558
22.800328
23.050501
23.133612
23.361625
23.454324
23.601563
23.666480
23.831836
23.830757
23.966661
23.994828
24.064300
24.076281
24.177692
24.134029
22.370952
22.766835
22.790992
23.209214
23.138459
23.523807
23.460820
23.770649
23.670952
24.000792
23.828777
24.132814
23.988349
24.231105
24.069951
22.107805
22.347223
22.591954
22.783259
23.040659
23.136251
23.356038
23.460038
23.600426
23.666781
23.827674
23.824613
23.959283
23.985721
21.757334
22.251944
22.344223
22.754656
22.790117
23.213742
23.147301
23.527572
23.465594
23.769662
23.665969
23.994408
23.821836
21.483177
21.743522
22.083934
22.346273
22.594505
22.791191
23.049840
23.147884
23.359964
23.464840
23.601931
23.664325
21.098286
21.648738
21.757656
22.265523
22.368659
22.780984
22.809365
23.231833
23.160114
23.533568
23.468456
20.739712
21.110421
21.504880
21.776576
22.115413
22.383576
22.629009
22.818836
23.073160
23.163891
20.410264
20.944062
21.154743
21.721300
21.824769
22.324203
22.417702
22.822041
22.833462
20.046430
20.463357
20.829422
21.199385
21.596306
21.861029
22.182737
22.434348
19.707006
20.298025
20.554275
21.088638
21.273004
21.824964
21.898655
19.440366
19.795118
20.209718
20.632847
20.981590
21.314581
19.152049
19.745888
19.925056
20.492272
20.705466
18.888669
19.258824
19.674069
20.006018
18.756598
19.225218
19.372456
18.507020
18.855568
18.418841
23.438291
23.619181
23.181783
23.286579
22.854526
22.833816
22.406010
22.312389
21.790480
21.671050
21.111821
20.900171
20.382318
20.166408
19.631993
19.521515
19.043860
18.958312
18.616214
18.594273
18.264523
18.376743
18.087999
18.507945
18.545252
18.561119
18.541519
18.551296
18.547032
18.495548
18.478739
18.445238
18.361247
18.324467
18.257503
18.162159
18.097067
18.036748
17.922166
17.885238
17.830209
17.784969
17.775383
17.876540
17.888426
18.439525
18.580821
18.440411
18.601461
18.408292
18.557185
18.386532
18.468416
18.295036
18.393945
18.158544
18.260016
18.051706
18.103947
17.906802
18.016913
17.794441
17.946747
17.839201
18.033264
18.001385
18.322167
18.343414
18.310734
18.323147
18.315680
18.262419
18.251597
18.215490
18.141761
18.104531
18.056870
17.963546
17.925764
17.877752
17.808982
17.792018
17.820664
17.809894
17.934608
18.079493
18.198983
18.366787
18.216632
18.324161
18.175171
18.302678
18.092802
18.218121
18.033965
18.102045
17.924294
18.033260
17.817269
17.953247
17.817318
17.959114
17.885984
18.194103
18.172807
18.118485
18.087320
18.095038
18.088222
18.037155
18.027352
18.003126
17.934076
17.914481
17.881560
17.819786
17.808180
17.816159
17.794664
17.868188
17.971299
18.096797
18.311855
18.000041
18.148083
17.956786
18.105823
17.946527
18.037806
17.881711
18.010867
17.807021
17.958507
17.811522
17.951684
17.854230
18.111893
18.049739
18.409610
18.523099
17.886022
17.900495
17.896805
17.852008
17.852710
17.847177
17.797598
17.811680
17.814921
17.809193
17.859550
17.951326
18.031048
18.211131
18.452683
18.695321
17.837234
17.947396
17.813602
17.965965
17.779356
17.954697
17.817032
17.970969
17.874312
18.114687
18.038901
18.357239
18.426356
18.807642
18.972597
17.809635
17.818831
17.789309
17.828103
17.843251
17.858388
17.912027
18.002953
18.075583
18.228556
18.438154
18.636770
18.942422
19.298823
17.818064
18.010389
17.885254
18.059681
17.969705
18.218165
18.140767
18.443049
18.489144
18.827766
18.958328
19.448362
19.603655
17.998019
18.025003
18.086490
18.189595
18.255276
18.405543
18.589106
18.762147
19.024451
19.332622
19.619565
19.998770
18.255446
18.508367
18.416441
18.721360
18.739980
19.057319
19.146727
19.586548
19.690315
20.201245
20.399076
18.679006
18.821645
18.968610
19.115990
19.332530
19.590241
19.817491
20.141513
20.460509
20.775618
19.263728
19.546134
19.577208
19.963414
20.002718
20.452377
20.574878
21.017661
21.165155
19.922093
20.107019
20.257207
20.505108
20.738984
20.986745
21.254350
21.569234
20.564874
20.929531
20.952780
21.325877
21.386907
21.829019
21.855408
21.251586
21.399707
21.563890
21.797201
21.946491
22.213245
21.784630
22.142809
22.075336
22.476937
22.464770
22.275099
22.434331
22.548413
22.717517
22.668660
22.985621
22.903589
23.003624
23.138169
23.214945
23.761337
24.073190
23.980968
24.256926
24.169387
24.367909
24.267077
24.454359
24.278809
24.449159
24.271622
24.355096
24.173399
24.252040
23.998348
24.082097
23.836016
23.862608
23.636428
23.691345
23.416100
23.495478
23.230820
23.116493
23.260587
23.066406
23.241856
23.074901
23.217432
23.112297
23.287645
23.158227
23.383969
23.290977
23.485026
23.433222
23.660217
23.562055
23.830033
23.742230
23.970795
23.898558
24.148314
24.001046
24.294871
24.115267
23.758956
23.924807
23.948832
24.039599
24.066321
24.168237
24.135817
24.234801
24.224004
24.259611
24.250563
24.305756
24.241116
24.292407
24.258643
24.252971
24.219814
24.251599
24.169249
24.197069
24.162562
24.159979
23.938156
24.209475
24.059192
24.330366
24.134380
24.397000
24.225327
24.422465
24.256376
24.467661
24.247438
24.455582
24.260264
24.413802
24.216914
24.407178
24.151332
24.353007
24.132401
24.298349
24.065778
24.007507
24.125828
24.108401
24.211875
24.206639
24.249719
24.245097
24.301969
24.240615
24.294073
24.255426
24.250688
24.213487
24.236774
24.146017
24.173436
24.120845
24.094011
24.055364
24.069279
24.105597
24.367403
24.203646
24.410404
24.249132
24.463527
24.248632
24.457456
24.264934
24.411154
24.221398
24.392525
24.144716
24.324262
24.107414
24.238349
24.029923
24.205507
23.947893
24.156485
24.228957
24.227469
24.292561
24.237152
24.297977
24.259005
24.256147
24.220526
24.236382
24.142082
24.165053
24.099150
24.065784
24.016240
24.016067
23.925004
23.937365
24.236844
24.444928
24.248694
24.460767
24.273296
24.421324
24.239158
24.399309
24.158204
24.324375
24.104979
24.216062
24.011102
24.152572
23.898566
24.059901
23.848712
24.217885
24.301679
24.259585
24.270750
24.237727
24.254105
24.161385
24.181734
24.106737
24.069524
24.008406
23.993572
23.887456
23.887091
23.823086
23.771414
24.280526
24.432176
24.266213
24.422011
24.191761
24.352796
24.135033
24.236089
24.029178
24.149515
23.894322
24.028269
23.808194
23.894295
23.704218
24.255117
24.283143
24.193480
24.223161
24.143947
24.108525
24.040429
24.018542
23.900322
23.888287
23.804424
23.738831
23.684409
23.649829
24.232711
24.398950
24.189427
24.287987
24.087165
24.196154
23.939717
24.057710
23.829341
23.891556
23.688897
23.781860
23.539839
24.198228
24.171675
24.106961
24.085087
23.961810
23.946521
23.847749
23.772181
23.699468
23.648593
23.533444
23.504666
24.168095
24.276283
24.026664
24.139974
23.908655
23.958913
23.749113
23.819878
23.562097
23.655312
23.435834
24.056282
24.046454
23.944222
23.866979
23.784143
23.722754
23.589862
23.548528
23.449974
23.358071
24.023892
24.077488
23.866338
23.930739
23.664687
23.745679
23.507356
23.533972
23.324717
23.913885
23.857492
23.715731
23.671697
23.554435
23.452992
23.363858
23.289565
23.813868
23.901381
23.652654
23.677159
23.452874
23.496463
23.226543
23.719990
23.619335
23.521864
23.437109
23.290778
23.223922
23.638741
23.684981
23.407092
23.465558
23.214850
23.490722
23.424533
23.299651
23.178061
23.430844
23.453330
23.206019
23.307288
23.209090
23.233254
23.623297
24.022640
23.800984
24.138576
23.976991
24.230661
24.085273
24.349211
24.150604
24.405785
24.235305
24.426998
24.255130
24.472645
24.244041
24.459610
24.261169
24.431363
24.222061
24.445180
24.177431
24.399634
24.157937
18.418841
18.855569
19.372457
20.006021
20.705468
21.314585
21.898657
22.434351
22.833462
23.163893
23.468456
23.664326
23.821834
23.985722
24.069950
24.134031
24.215269
24.233006
24.233164
24.266569
24.221439
24.205743
18.507020
19.225220
19.674073
20.492278
20.981595
21.824969
22.182741
22.822043
23.073162
23.533569
23.601931
23.994408
23.959283
24.231105
24.177692
24.395620
24.248890
24.478419
24.283378
24.451824
24.265588
18.756599
19.258829
19.925062
20.632856
21.273012
21.861036
22.417707
22.818840
23.160116
23.464842
23.665969
23.824614
23.988348
24.076283
24.135015
24.222864
24.231761
24.242920
24.259232
24.232246
18.888674
19.745898
20.209729
21.088650
21.596316
22.324212
22.629015
23.231838
23.359966
23.769663
23.827674
24.132814
24.064300
24.353689
24.225405
24.428894
24.300184
24.468659
24.260810
19.152060
19.795134
20.554291
21.199401
21.824780
22.383586
22.809370
23.147889
23.465595
23.666784
23.828776
23.994830
24.080021
24.146002
24.222794
24.246974
24.238965
24.269458
19.440381
20.298044
20.829440
21.721316
22.115425
22.780993
23.049846
23.527576
23.600428
24.000794
23.966663
24.241060
24.184841
24.406522
24.256945
24.479925
24.291132
19.707021
20.463376
21.154759
21.776591
22.368669
22.791200
23.147306
23.460044
23.670955
23.830762
23.998375
24.088347
24.148605
24.231928
24.247576
24.244523
20.046447
20.944082
21.504898
22.265538
22.594517
23.213753
23.356045
23.770654
23.831838
24.140634
24.071786
24.359245
24.236757
24.430456
24.305729
20.410285
21.110445
21.757674
22.346291
22.790128
23.136259
23.460823
23.666481
23.832446
23.997515
24.091658
24.150614
24.233344
24.249941
20.739736
21.648760
22.083950
22.754668
23.040666
23.523811
23.601565
24.001361
23.973160
24.242784
24.189954
24.408253
24.261689
21.098307
21.743542
22.344239
22.783273
23.138467
23.454333
23.670816
23.828056
24.000947
24.090020
24.154862
24.230562
21.483204
22.251968
22.591974
23.209230
23.361635
23.770238
23.834407
24.142030
24.073680
24.356408
24.240461
21.757358
22.347244
22.791005
23.133621
23.455546
23.663468
23.829314
23.992180
24.094316
24.147836
22.107826
22.766852
23.050512
23.531885
23.606351
24.001720
23.975433
24.239695
24.186598
22.370976
22.800348
23.141643
23.449932
23.666478
23.818714
23.993567
24.083705
22.626578
23.228373
23.373653
23.776196
23.833132
24.142097
24.066265
22.824191
23.145234
23.453522
23.657254
23.819195
23.979117
23.080377
23.556551
23.610076
24.004580
23.965406
23.160538
23.447276
23.656855
23.802294
23.395624
23.800551
23.823734
23.442893
23.633997
23.630498
18.610469
18.817624
18.636968
18.824036
18.673012
18.790156
18.634596
18.765237
18.547288
18.666003
18.466262
18.519602
18.315952
18.393771
18.129930
18.219924
17.991061
18.048748
17.841924
17.986954
17.783410
18.001843
17.906324
18.727811
18.735252
18.784244
18.750783
18.772215
18.766914
18.715227
18.701355
18.661702
18.581159
18.530389
18.469913
18.350689
18.293491
18.199093
18.089175
18.005864
17.950690
17.825941
17.825179
17.783473
17.851770
18.833323
19.002344
18.858711
19.042841
18.842060
19.001590
18.825359
18.909179
18.726328
18.822423
18.569733
18.662844
18.427401
18.458367
18.227929
18.296871
18.005106
18.116434
17.865247
17.971065
17.783477
18.922024
18.962380
18.950498
18.963886
18.969329
18.915408
18.901646
18.864105
18.772357
18.731103
18.648434
18.540473
18.457248
18.372075
18.224062
18.161515
18.042090
17.940339
17.865248
17.825184
18.997887
19.196624
19.056534
19.185196
19.028505
19.167805
18.941795
19.066585
18.851018
18.900409
18.682145
18.745708
18.457777
18.534291
18.264336
18.290928
18.042092
18.116438
17.825944
19.114614
19.109651
19.132444
19.135848
19.085444
19.074182
19.029263
18.946848
18.890293
18.816984
18.684026
18.617997
18.496828
18.367840
18.264337
18.161518
18.005110
17.950700
19.178993
19.362498
19.177559
19.342495
19.163491
19.252479
19.062718
19.155625
18.892524
18.981437
18.723517
18.744170
18.496830
18.534293
18.224067
18.296877
18.005870
19.231761
19.268460
19.264878
19.225873
19.207444
19.169027
19.072049
19.028626
18.933303
18.817638
18.723518
18.617998
18.457780
18.372080
18.227936
18.089183
19.310125
19.444791
19.298667
19.434382
19.212206
19.336042
19.110484
19.157774
18.933305
18.981437
18.684031
18.745711
18.457254
18.458374
18.199104
19.347937
19.360177
19.308438
19.308496
19.253067
19.174151
19.110484
19.028628
18.892527
18.816986
18.682152
18.540478
18.427410
18.293501
19.354947
19.523680
19.345605
19.438106
19.253067
19.336045
19.072050
19.155629
18.890299
18.900411
18.648445
18.662851
18.350700
19.393635
19.365119
19.345606
19.308496
19.212207
19.169032
19.062719
18.946853
18.851026
18.731107
18.569745
18.469925
19.393636
19.523680
19.308439
19.434381
19.207446
19.252486
19.029265
19.066591
18.772367
18.822430
18.530402
19.354950
19.360176
19.298669
19.225874
19.163496
19.074189
18.941800
18.864113
18.726340
18.581169
19.347941
19.444788
19.264882
19.342500
19.085450
19.167811
18.901654
18.909188
18.661716
19.310128
19.268457
19.177566
19.135856
19.028511
18.915416
18.825371
18.701366
19.231764
19.362502
19.132454
19.185203
18.969338
19.001599
18.715241
19.179000
19.109660
19.056543
18.963895
18.842070
18.766928
19.114624
19.196633
18.950507
19.042852
18.772229
18.997895
18.962390
18.858722
18.750797
18.922035
19.002355
18.784258
18.833336
18.735266
18.727827
18.676362
18.945612
18.872693
19.154307
19.068601
19.290022
19.239325
19.440450
19.323913
19.528508
19.404711
19.532967
19.404709
19.528506
19.323911
19.440449
19.239321
19.290014
19.068591
19.154297
18.872681
18.945598
18.676344
18.610450
18.817610
18.636960
18.824024
18.672985
18.790183
18.634558
18.765246
18.547294
18.666013
18.466220
18.519684
18.315896
18.393804
18.129950
18.219962
17.991001
18.048895
17.841854
17.987026
17.783443
18.001936
17.906240
18.727825
18.735265
18.784245
18.750814
18.772205
18.766924
18.715248
18.701352
18.661683
18.581206
18.530355
18.469907
18.350719
18.293472
18.199052
18.089235
18.005809
17.950663
17.825977
17.825138
17.783400
17.851830
18.833335
19.002369
18.858713
19.042863
18.842082
19.001612
18.825352
18.909252
18.726308
18.822465
18.569765
18.662886
18.427371
18.458492
18.227885
18.296934
18.005142
18.116503
17.865185
17.971249
17.783399
18.922029
18.962389
18.950510
18.963888
18.969319
18.915438
18.901624
18.864103
18.772376
18.731091
18.648403
18.540519
18.457204
18.372057
18.224090
18.161487
18.042032
17.940398
17.865181
17.825139
18.997899
19.196637
19.056535
19.185235
19.028494
19.167829
18.941815
19.066613
18.850997
18.900496
18.682111
18.745752
18.457803
18.534340
18.264286
18.291067
18.042030
18.116502
17.825970
19.114619
19.109668
19.132440
19.135852
19.085457
19.074176
19.029241
18.946880
18.890262
18.816971
18.684045
18.617977
18.496783
18.367887
18.264284
18.161485
18.005136
17.950659
19.178997
19.362510
19.177569
19.342512
19.163481
19.252533
19.062696
19.155654
18.892542
18.981470
18.723479
18.744271
18.496782
18.534338
18.224087
18.296928
18.005800
19.231763
19.268457
19.264868
19.225889
19.207427
19.169021
19.072061
19.028613
18.933271
18.817673
18.723478
18.617975
18.457799
18.372051
18.227878
18.089226
19.310123
19.444808
19.298655
19.434394
19.212215
19.336062
19.110459
19.157841
18.933271
18.981467
18.684044
18.745747
18.457199
18.458485
18.199043
19.347934
19.360175
19.308441
19.308489
19.253048
19.174172
19.110458
19.028613
18.892540
18.816966
18.682109
18.540512
18.427362
18.293462
19.354950
19.523687
19.345594
19.438139
19.253048
19.336061
19.072058
19.155651
18.890259
18.900488
18.648399
18.662876
18.350709
19.393631
19.365126
19.345594
19.308489
19.212213
19.169019
19.062691
18.946876
18.850992
18.731080
18.569758
18.469895
19.393631
19.523685
19.308444
19.434393
19.207423
19.252530
19.029235
19.066606
18.772372
18.822452
18.530346
19.354950
19.360172
19.298658
19.225886
19.163473
19.074173
18.941808
18.864094
18.726300
18.581192
19.347935
19.444804
19.264870
19.342505
19.085450
19.167824
18.901616
18.909241
18.661672
19.310124
19.268453
19.177566
19.135842
19.028487
18.915430
18.825341
18.701339
19.231764
19.362503
19.132432
19.185227
18.969311
19.001602
18.715235
19.178991
19.109658
19.056526
18.963879
18.842072
18.766910
19.114610
19.196629
18.950501
19.042852
18.772191
18.997889
18.962378
18.858701
18.750801
18.922018
19.002358
18.784232
18.833322
18.735249
18.727810
23.063985
23.102058
22.835489
22.867067
22.621472
22.606694
22.398036
22.423616
22.201617
22.276837
22.122182
22.197028
22.122185
22.276839
22.201616
22.423620
22.398042
22.606697
22.621473
22.867072
22.835492
23.102062
23.063989
23.116488
23.260595
23.066378
23.241851
23.074939
23.217340
23.112338
23.287646
23.158156
23.383950
23.291066
23.484830
23.433307
23.660208
23.561940
23.829996
23.742356
23.970498
23.898687
24.148252
24.000932
24.294764
24.115437
23.017639
23.003465
22.974820
22.952071
22.981031
22.990904
22.996360
23.059076
23.105754
23.138497
23.235609
23.299861
23.363729
23.463723
23.553864
23.607645
23.725868
23.792260
23.862874
23.937087
24.016620
24.037474
22.898307
23.002915
22.856723
22.994294
22.832036
23.024300
22.910184
23.076462
23.018630
23.225321
23.138623
23.390527
23.332376
23.550980
23.516930
23.767363
23.673351
23.958116
23.867554
24.109825
24.016620
22.792199
22.768166
22.721643
22.751746
22.758594
22.763646
22.833204
22.883120
22.930502
23.028469
23.116978
23.179455
23.305055
23.395642
23.475356
23.592251
23.688114
23.753109
23.867553
23.937087
22.651252
22.783782
22.627358
22.743647
22.653867
22.822228
22.716380
22.943470
22.885567
23.086204
23.071977
23.311293
23.252010
23.529462
23.484975
23.724862
23.688113
23.958116
23.862876
22.561583
22.518264
22.528916
22.540249
22.543456
22.615811
22.676575
22.728377
22.845323
22.938010
23.022804
23.152371
23.265074
23.350520
23.484973
23.592254
23.673347
23.792259
22.452585
22.556469
22.400985
22.573414
22.482616
22.645683
22.617521
22.834753
22.783184
23.048774
23.029984
23.261897
23.265074
23.529463
23.475355
23.767369
23.725863
22.329562
22.343686
22.343847
22.352258
22.424750
22.494748
22.557193
22.681122
22.792105
22.884028
23.029984
23.152371
23.252010
23.395644
23.516926
23.607653
22.264780
22.357860
22.275406
22.438267
22.353482
22.584708
22.559629
22.773471
22.792105
23.048774
23.022808
23.311293
23.305056
23.550985
23.553857
22.197061
22.204782
22.205545
22.285997
22.356531
22.428139
22.559629
22.681124
22.783183
22.938011
23.071981
23.179456
23.332375
23.463731
22.120378
22.281376
22.203917
22.366957
22.356534
22.584707
22.557193
22.834757
22.845323
23.086205
23.116983
23.390530
23.363728
22.116991
22.129103
22.203919
22.285993
22.353489
22.494746
22.617522
22.728380
22.885570
23.028469
23.138626
23.299864
22.116994
22.281373
22.205551
22.438263
22.424759
22.645680
22.676580
22.943468
22.930509
23.225320
23.235612
22.120382
22.204776
22.275415
22.352255
22.482622
22.615809
22.716388
22.883117
23.018636
23.138499
22.197064
22.357856
22.343857
22.573416
22.543455
22.822231
22.833212
23.076464
23.105755
22.264784
22.343688
22.400990
22.540251
22.653871
22.763645
22.910191
23.059079
22.329567
22.556478
22.528911
22.743652
22.758601
23.024300
22.996365
22.452587
22.518269
22.627357
22.751751
22.832038
22.990911
22.561581
22.783786
22.721650
22.994296
22.981033
22.651256
22.768169
22.856727
22.952077
22.792206
23.002915
22.974826
22.898313
23.003468
23.017644
23.116491
23.260585
23.066404
23.241856
23.074896
23.217432
23.112294
23.287642
23.158227
23.383966
23.290975
23.485026
23.433218
23.660224
23.562046
23.830041
23.742224
23.970792
23.898559
24.148314
24.001043
24.294871
24.115266
23.017642
23.003467
22.974790
22.952119
22.980996
22.990869
22.996415
23.059041
23.105672
23.138597
23.235527
23.299787
23.363820
23.463653
23.553739
23.607785
23.725743
23.792157
23.862982
23.936987
24.016457
24.037626
22.898306
23.002948
22.856710
22.994291
22.832082
23.024309
22.910127
23.076601
23.018570
23.225327
23.138710
23.390553
23.332269
23.551219
23.516819
23.767399
23.673459
23.958176
23.867404
24.110163
24.016456
22.792192
22.768159
22.721669
22.751733
22.758548
22.763714
22.833147
22.883070
22.930573
23.028419
23.116880
23.179576
23.304951
23.395561
23.475457
23.592167
23.687976
23.753265
23.867404
23.936988
22.651267
22.783785
22.627334
22.743716
22.653832
22.822231
22.716443
22.943479
22.885490
23.086381
23.071890
23.311311
23.252105
23.529495
23.484851
23.725138
23.687975
23.958176
23.862983
22.561571
22.518286
22.528888
22.540221
22.543490
22.615776
22.676510
22.728464
22.845245
22.937951
23.022886
23.152306
23.264963
23.350657
23.484849
23.592170
23.673455
23.792156
22.452583
22.556472
22.401015
22.573418
22.482569
22.645784
22.617461
22.834758
22.783254
23.048788
23.029888
23.262108
23.264963
23.529495
23.475454
23.767404
23.725737
22.329573
22.343676
22.343818
22.352302
22.424702
22.494706
22.557245
22.681074
22.792024
22.884134
23.029889
23.152304
23.252104
23.395562
23.516814
23.607793
22.264772
22.357893
22.275377
22.438264
22.353521
22.584708
22.559562
22.773611
22.792023
23.048786
23.022888
23.311308
23.304951
23.551222
23.553731
22.197048
22.204764
22.205562
22.285966
22.356479
22.428201
22.559562
22.681075
22.783253
22.937948
23.071893
23.179573
23.332268
23.463658
22.120385
22.281370
22.203881
22.367021
22.356479
22.584706
22.557245
22.834758
22.845245
23.086375
23.116884
23.390552
23.363818
22.116979
22.129119
22.203883
22.285961
22.353523
22.494703
22.617460
22.728463
22.885490
23.028413
23.138711
23.299787
22.116978
22.281366
22.205568
22.438254
22.424705
22.645783
22.676507
22.943478
22.930572
23.225325
23.235525
22.120385
22.204759
22.275382
22.352292
22.482571
22.615775
22.716441
22.883064
23.018567
23.138596
22.197051
22.357886
22.343818
22.573411
22.543492
22.822223
22.833152
23.076593
23.105671
22.264772
22.343670
22.401009
22.540224
22.653829
22.763706
22.910128
23.059037
22.329567
22.556469
22.528883
22.743716
22.758545
23.024305
22.996410
22.452575
22.518291
22.627328
22.751728
22.832080
22.990866
22.561568
22.783784
22.721664
22.994288
22.980990
22.651263
22.768151
22.856709
22.952116
22.792190
23.002943
22.974786
22.898304
23.003461
23.017640

