Tension at each vertex
23.769521
23.769525
23.769754
23.769755
18.741511
23.286475
18.741507
23.286470
18.123040
18.123319
24.345758
24.346336
23.395351
23.374719
22.921876
22.779315
22.237351
21.881559
21.167807
20.672158
19.798150
19.287190
18.576706
18.258359
17.871996
17.889617
17.703185
17.915824
17.861570
18.082231
18.066502
18.338190
18.260451
18.541417
18.459640
23.341120
23.079229
22.884589
22.487029
22.130466
21.622461
21.030830
20.367466
19.701760
18.998548
18.483642
18.080184
17.823557
17.728321
17.727652
17.749178
17.861733
17.964705
18.042172
18.176326
18.266671
18.376448
23.384795
23.282290
22.854564
22.690712
22.070593
21.729491
20.980562
20.426310
19.604370
19.107691
18.406188
18.194104
17.837809
17.855808
17.729287
17.931120
17.844102
18.118455
18.068711
18.313679
18.266654
23.325904
23.088097
22.800066
22.435729
22.047033
21.461820
20.894910
20.199274
19.497914
18.865194
18.374306
17.981954
17.816720
17.731618
17.707072
17.783393
17.872142
17.943283
18.068728
18.176332
23.320539
23.273583
22.831568
22.590851
22.004537
21.628000
20.817248
20.300716
19.464323
18.954087
18.333895
18.140139
17.782807
17.880259
17.736573
17.909415
17.872121
18.118457
18.042151
23.354927
23.029535
22.792494
22.400914
21.946000
21.392751
20.792183
20.050682
19.407624
18.776638
18.282671
17.967464
17.801917
17.703259
17.736590
17.783404
17.844118
17.964708
23.328518
23.272769
22.761334
22.567953
21.951425
21.520049
20.751496
20.213725
19.353813
18.915933
18.296517
18.093952
17.801884
17.880260
17.707048
17.931105
17.861732
23.309327
23.038325
22.782849
22.332656
21.923031
21.338723
20.699414
20.014184
19.362310
18.719628
18.296536
17.967475
17.782831
17.731623
17.729329
17.749171
23.337463
23.222349
22.764085
22.546111
21.884921
21.505240
20.713729
20.155055
19.362283
18.915936
18.282642
18.140125
17.816715
17.855769
17.727642
23.326371
23.041487
22.737779
22.339623
21.904761
21.289769
20.713746
20.014196
19.353830
18.776637
18.333940
17.981941
17.837844
17.728351
23.304137
23.238258
22.760549
22.507550
21.904740
21.505242
20.699387
20.213706
19.407623
18.954048
18.374294
18.194097
17.823524
23.329497
23.011474
22.760564
22.339633
21.884934
21.338724
20.751540
20.050668
19.464357
18.865217
18.406198
18.080196
23.329487
23.238256
22.737757
22.546094
21.923034
21.520003
20.792172
20.300703
19.497874
19.107661
18.483657
23.304143
23.041491
22.764122
22.332637
21.951460
21.392776
20.817254
20.199286
19.604431
18.998520
23.326379
23.222300
22.782852
22.567937
21.945961
21.627963
20.894927
20.426225
19.701761
23.337500
23.038346
22.761332
22.400929
22.004601
21.461789
20.980612
20.367503
23.309296
23.272736
22.792519
22.590754
22.047041
21.729460
21.030780
23.328573
23.029496
22.831623
22.435769
22.070587
21.622485
23.354959
23.273548
22.800016
22.690655
22.130504
23.320522
23.088128
22.854649
22.486982
23.325955
23.282137
22.884619
23.384872
23.079291
23.341065
23.468314
23.692981
23.454039
23.741012
23.470619
23.688845
23.498798
23.700951
23.467258
23.707300
23.492891
23.678653
23.492885
23.707312
23.467281
23.700972
23.498778
23.688948
23.470586
23.741061
23.454098
23.693043
23.468260
23.679945
23.987862
23.888878
24.166335
24.075667
24.276760
24.175790
24.365751
24.191316
24.363936
24.187379
24.272454
24.090480
24.170087
23.915306
23.999858
23.752061
23.780592
23.551949
23.610401
23.333266
23.418396
23.150532
23.661495
23.732093
23.911530
23.925886
24.062366
24.089060
24.139999
24.158095
24.200342
24.137596
24.165541
24.099786
24.043561
23.977836
23.922161
23.790818
23.742254
23.626259
23.525434
23.436923
23.349135
23.250322
23.715485
23.970249
23.921839
24.194226
24.064722
24.309807
24.187942
24.343283
24.215234
24.360789
24.150684
24.283746
24.070902
24.125573
23.918311
23.985469
23.715200
23.799388
23.544069
23.596742
23.349130
23.667922
23.782770
23.894369
23.966220
24.087348
24.074549
24.176580
24.166428
24.177819
24.161639
24.163648
24.066840
24.058985
23.964364
23.882286
23.805132
23.733869
23.602002
23.544008
23.436936
23.667551
23.993959
23.946555
24.169730
24.097312
24.320305
24.163250
24.370156
24.213101
24.329677
24.167514
24.277152
24.034416
24.142085
23.905137
23.955559
23.733867
23.799417
23.525477
23.708857
23.752738
23.930637
23.986844
24.067030
24.107466
24.183816
24.139275
24.203037
24.158270
24.133901
24.088264
24.055738
23.935535
23.905089
23.805148
23.715187
23.626217
23.687985
24.015629
23.915335
24.199831
24.105340
24.293032
24.188959
24.368865
24.179452
24.350167
24.160209
24.248427
24.055724
24.142110
23.882319
23.985453
23.742264
23.674032
23.782401
23.948520
23.961492
24.100175
24.113547
24.158631
24.166357
24.203262
24.129365
24.160171
24.088275
24.034414
23.964327
23.918277
23.790867
23.705156
23.982622
23.943520
24.208193
24.077788
24.322763
24.188995
24.340808
24.203249
24.350189
24.133925
24.277144
24.058989
24.125651
23.922111
23.697425
23.796298
23.921854
23.992065
24.105747
24.086653
24.188974
24.166365
24.179453
24.158238
24.167489
24.066875
24.070818
23.977824
23.676653
24.007545
23.949307
24.180624
24.105733
24.322780
24.158644
24.368861
24.203033
24.329749
24.163598
24.283785
24.043618
23.703150
23.770327
23.949302
23.992066
24.077796
24.113523
24.188941
24.139306
24.213036
24.161626
24.150706
24.099724
23.703136
24.007553
23.921857
24.208198
24.100160
24.293096
24.183773
24.370193
24.177859
24.360794
24.165510
23.676668
23.796286
23.943508
23.961518
24.105297
24.107452
24.163271
24.166376
24.215182
24.137661
23.697398
23.982677
23.948481
24.199861
24.067056
24.320320
24.176546
24.343416
24.200265
23.705135
23.782385
23.915359
23.986808
24.097268
24.074604
24.187855
24.158063
23.674044
24.015655
23.930593
24.169847
24.087282
24.309858
24.140052
23.687950
23.752784
23.946494
23.966189
24.064757
24.088994
23.708798
23.994004
23.894405
24.194262
24.062310
23.667588
23.782725
23.921774
23.925955
23.667854
23.970414
23.911448
23.715414
23.732045
23.661531
23.367289
23.560955
23.127082
23.246008
22.823199
22.816479
22.398579
22.318853
21.804570
21.692492
21.134087
20.920779
20.393292
20.167304
19.616602
19.492043
18.997879
18.899739
18.545465
18.516875
18.178861
18.291501
18.001242
18.458776
18.498454
18.515470
18.496178
18.507245
18.503766
18.453112
18.435824
18.402590
18.316741
18.279127
18.207849
18.110786
18.039453
17.976029
17.853477
17.813346
17.749387
17.702673
17.684217
17.788715
17.786632
18.393684
18.537325
18.396224
18.560545
18.366082
18.516555
18.344308
18.426941
18.250776
18.348195
18.109047
18.207817
17.993434
18.041385
17.837773
17.942556
17.714110
17.860714
17.753947
17.941597
17.913421
18.276902
18.299109
18.267796
18.280474
18.273830
18.220374
18.208879
18.170431
18.095338
18.054280
18.002844
17.902980
17.861640
17.804476
17.732787
17.706191
17.735147
17.718317
17.845949
17.988034
18.152782
18.321913
18.172361
18.280791
18.131053
18.257032
18.045829
18.168329
17.980493
18.043325
17.861866
17.963280
17.742799
17.871472
17.733571
17.869161
17.799115
18.107831
18.090457
18.068805
18.038041
18.046619
18.038987
17.987546
17.976017
17.948770
17.875643
17.852894
17.813148
17.746571
17.728360
17.732375
17.705757
17.779495
17.881953
18.015354
18.232534
17.945983
18.092565
17.901917
18.048969
17.888314
17.975230
17.817701
17.939768
17.732983
17.877760
17.728479
17.862438
17.766918
18.023482
17.967454
18.334129
18.457873
17.822817
17.836593
17.831497
17.784700
17.783261
17.773797
17.720758
17.730814
17.731078
17.720328
17.773010
17.862122
17.950196
18.133749
18.388167
18.639717
17.764303
17.871354
17.737774
17.885658
17.698325
17.868736
17.731382
17.879672
17.788694
18.025518
17.961038
18.282069
18.366584
18.756417
18.935736
17.725839
17.733381
17.701882
17.740344
17.754793
17.768936
17.827284
17.918340
18.000983
18.160152
18.383006
18.592739
18.911216
19.277242
17.726897
17.918954
17.795663
17.969400
17.887872
18.136134
18.073098
18.381471
18.444204
18.793830
18.939209
19.438976
19.602610
17.908139
17.940024
18.008385
18.117062
18.196434
18.357136
18.556354
18.743402
19.019269
19.338564
19.631439
20.013217
18.184627
18.444248
18.368633
18.684077
18.722632
19.053157
19.159919
19.609525
19.721393
20.232628
20.427813
18.641278
18.797512
18.963497
19.127824
19.362218
19.631876
19.866438
20.190966
20.504617
20.809999
19.266518
19.563630
19.615841
20.014684
20.066441
20.517327
20.637154
21.068462
21.202730
19.958425
20.156510
20.321711
20.576710
20.811201
21.050246
21.303701
21.600243
20.616583
20.990454
21.021115
21.392271
21.445462
21.870646
21.879340
21.299776
21.451531
21.616984
21.840663
21.975394
22.223910
21.816206
22.173955
22.100808
22.491855
22.461845
22.283611
22.439094
22.543539
22.699573
22.650674
22.965159
22.872402
22.966708
23.092457
23.156135
23.680032
23.987795
23.888838
24.166264
24.075772
24.276578
24.175864
24.365730
24.191276
24.363884
24.187488
24.272309
24.090545
24.170088
23.915283
23.999823
23.752155
23.780502
23.551993
23.610411
23.333280
23.418368
23.150593
23.037526
23.188639
22.989759
23.168749
22.998505
23.143621
23.035331
23.213260
23.081603
23.309196
23.215426
23.411189
23.358762
23.588086
23.488497
23.758490
23.668562
23.899116
23.822327
24.074407
23.921486
24.218536
24.031957
23.668339
23.834886
23.855030
23.946838
23.971184
24.075602
24.041355
24.144166
24.131445
24.170656
24.160867
24.218548
24.152704
24.207734
24.171157
24.168621
24.134634
24.167951
24.084068
24.115403
24.077437
24.077378
23.847604
24.118172
23.964226
24.238036
24.039179
24.306174
24.132323
24.333495
24.166597
24.380888
24.159535
24.371488
24.173663
24.330697
24.132477
24.325094
24.067263
24.274053
24.049098
24.220336
23.984215
23.911606
24.031557
24.011234
24.118128
24.111431
24.158467
24.153675
24.213960
24.152053
24.209505
24.169214
24.167508
24.129664
24.154655
24.062778
24.093370
24.038302
24.014648
23.974964
23.990656
24.011752
24.274522
24.109873
24.318665
24.158127
24.374922
24.160701
24.372446
24.179751
24.328069
24.138881
24.310842
24.062786
24.245140
24.026493
24.160526
23.950940
24.129133
23.869742
24.061383
24.135914
24.134050
24.202543
24.147111
24.212282
24.172815
24.173344
24.137771
24.155383
24.060328
24.086076
24.017951
23.987412
23.937507
23.939203
23.847199
23.861960
24.145430
24.354870
24.159824
24.373904
24.188260
24.337389
24.157663
24.317511
24.078054
24.244609
24.025273
24.137254
23.933198
24.075300
23.821610
23.985846
23.773836
24.126555
24.213130
24.171722
24.185913
24.153996
24.172757
24.080024
24.102879
24.026223
23.991088
23.928945
23.915656
23.808970
23.811610
23.746330
23.697298
24.193361
24.346387
24.182966
24.339434
24.111459
24.272553
24.056012
24.156219
23.950956
24.070001
23.816261
23.951051
23.731483
23.819669
23.630528
24.168546
24.198800
24.110191
24.142407
24.062969
24.029252
23.960627
23.939436
23.819957
23.810173
23.724643
23.662173
23.607579
23.575751
24.149459
24.316903
24.109024
24.207614
24.008440
24.115709
23.860439
23.977590
23.749849
23.812463
23.611499
23.705721
23.465199
24.114714
24.089856
24.025687
24.004580
23.880632
23.866642
23.765779
23.692218
23.618332
23.570064
23.454794
23.429816
24.087097
24.195261
23.946466
24.059400
23.827758
23.877431
23.668301
23.739009
23.482847
23.577842
23.359932
23.973830
23.964887
23.861746
23.784974
23.701261
23.640651
23.507144
23.468471
23.369780
23.281615
23.942735
23.995941
23.784958
23.848114
23.582717
23.663756
23.426687
23.455321
23.247927
23.831086
23.774182
23.632013
23.588284
23.470430
23.371796
23.282678
23.212118
23.731863
23.819306
23.569674
23.595623
23.371278
23.417461
23.149041
23.635576
23.536186
23.437456
23.354811
23.209435
23.146207
23.556104
23.603705
23.326078
23.387114
23.136974
23.407149
23.342154
23.217713
23.100327
23.349374
23.376103
23.128376
23.225382
23.130035
23.154398
23.542886
23.942271
23.712613
24.052624
23.885053
24.142186
23.992874
24.260124
24.058581
24.318066
24.144356
24.340092
24.166268
24.386773
24.155437
24.375930
24.172966
24.347994
24.135349
24.362470
24.089875
24.320173
24.070125
18.336320
18.781263
19.310154
19.957248
20.664983
21.276592
21.859106
22.387103
22.779315
23.100938
23.398157
23.589561
23.742421
23.902729
23.986055
24.047972
24.127348
24.145878
24.144253
24.177526
24.133351
24.117843
18.421508
19.158006
19.612673
20.444662
20.937741
21.784707
22.134560
22.771176
23.010272
23.468715
23.527564
23.918759
23.878804
24.151004
24.092604
24.313691
24.162382
24.393937
24.196700
24.368071
24.178464
18.685238
19.192539
19.872116
20.583704
21.227925
21.814082
22.366303
22.761137
23.096227
23.394140
23.591983
23.746136
23.906585
23.993507
24.049756
24.135704
24.144348
24.154396
24.169125
24.145272
18.818804
19.692673
20.158180
21.045968
21.548759
22.276257
22.571873
23.171004
23.290832
23.698399
23.749332
24.055747
23.982213
24.271815
24.141301
24.345215
24.212939
24.385120
24.174289
19.097382
19.748302
20.514693
21.156471
21.780353
22.331630
22.752202
23.083296
23.395490
23.592603
23.750954
23.913029
23.997430
24.060480
24.135076
24.159486
24.149531
24.180649
19.395204
20.265739
20.794936
21.686104
22.069350
22.729240
22.987361
23.461372
23.526762
23.924697
23.887209
24.160673
24.100709
24.323715
24.170830
24.394765
24.205652
19.678848
20.439122
21.129160
21.740255
22.324497
22.735987
23.085252
23.389675
23.597344
23.751791
23.916181
24.004366
24.062079
24.143576
24.159228
24.155872
20.029775
20.931310
21.481757
22.232516
22.546315
23.156943
23.289099
23.698985
23.753784
24.061842
23.989012
24.275434
24.151452
24.345192
24.218774
20.406927
21.100876
21.737800
22.309256
22.742240
23.075031
23.392459
23.591253
23.752985
23.913181
24.006083
24.062559
24.143783
24.161355
20.742923
21.644021
22.061007
22.716713
22.985874
23.460722
23.528276
23.924010
23.891667
24.159764
24.103430
24.323000
24.174256
21.107903
21.735422
22.319486
22.739243
23.082051
23.385054
23.596085
23.746057
23.915236
24.002140
24.065371
24.140112
21.490991
22.242785
22.559904
23.161060
23.298494
23.698979
23.754380
24.060543
23.987407
24.269834
24.152488
21.763324
22.328910
22.754561
23.078043
23.388253
23.586349
23.746239
23.903942
24.005010
24.056545
22.105551
22.743200
23.003864
23.473034
23.533052
23.922991
23.890561
24.153627
24.097016
22.360735
22.766212
23.089344
23.381160
23.589299
23.732972
23.904365
23.992125
22.604195
23.186482
23.312852
23.705628
23.751307
24.058333
23.977010
22.793388
23.091921
23.385603
23.577989
23.733266
23.887650
23.036587
23.498596
23.536437
23.924922
23.878250
23.107710
23.377384
23.577688
23.714343
23.334746
23.729170
23.740612
23.372962
23.552907
23.554502
23.468317
23.692984
23.454043
23.741016
23.470623
23.688848
23.498802
23.700954
23.467261
23.707303
23.492892
23.678655
23.492888
23.707314
23.467284
23.700975
23.498781
23.688951
23.470589
23.741063
23.454100
23.693046
23.468262
23.395241
23.374809
22.921894
22.779367
22.237284
21.881695
21.167728
20.672209
19.798154
19.287213
18.576656
18.258430
17.871932
17.889638
17.703168
17.915825
17.861532
18.082256
18.066460
18.338195
18.260432
18.541415
18.459621
23.341069
23.079296
22.884624
22.486988
22.130511
21.622491
21.030786
20.367509
19.701766
18.998524
18.483658
18.080195
17.823519
17.728341
17.727636
17.749163
17.861724
17.964702
18.042144
18.176327
18.266649
18.376444
23.384877
23.282142
22.854656
22.690660
22.070595
21.729466
20.980619
20.426230
19.604436
19.107662
18.406199
18.194094
17.837839
17.855768
17.729323
17.931100
17.844113
18.118452
18.068723
18.313674
18.266666
23.325960
23.088133
22.800023
22.435774
22.047048
21.461794
20.894934
20.199290
19.497879
18.865221
18.374294
17.981941
17.816715
17.731614
17.707040
17.783397
17.872112
17.943278
18.068705
18.176320
23.320526
23.273552
22.831629
22.590759
22.004608
21.627968
20.817260
20.300708
19.464360
18.954050
18.333940
18.140122
17.782821
17.880257
17.736584
17.909409
17.872138
18.118450
18.042167
23.354963
23.029500
22.792525
22.400934
21.945968
21.392781
20.792176
20.050673
19.407625
18.776641
18.282642
17.967474
17.801885
17.703254
17.736565
17.783387
17.844094
17.964699
23.328578
23.272741
22.761338
22.567942
21.951464
21.520008
20.751544
20.213711
19.353833
18.915938
18.296533
18.093951
17.801906
17.880252
17.707066
17.931112
17.861728
23.309301
23.038350
22.782856
22.332642
21.923038
21.338729
20.699390
20.014201
19.362283
18.719631
18.296516
17.967461
17.782807
17.731616
17.729281
17.749174
23.337503
23.222304
22.764128
22.546099
21.884939
21.505247
20.713749
20.155059
19.362312
18.915935
18.282668
18.140139
17.816712
17.855797
17.727646
23.326384
23.041495
22.737762
22.339638
21.904743
21.289774
20.713732
20.014188
19.353813
18.776638
18.333895
17.981950
17.837807
17.728321
23.304147
23.238260
22.760568
22.507555
21.904766
21.505244
20.699417
20.213729
19.407626
18.954090
18.374306
18.194103
17.823553
23.329491
23.011477
22.760554
22.339628
21.884925
21.338727
20.751498
20.050686
19.464325
18.865193
18.406188
18.080180
23.329502
23.238262
22.737784
22.546115
21.923034
21.520053
20.792185
20.300718
19.497915
19.107693
18.483642
23.304140
23.041490
22.764088
22.332660
21.951428
21.392754
20.817250
20.199276
19.604372
18.998548
23.326374
23.222353
22.782853
22.567957
21.946004
21.628002
20.894914
20.426312
19.701761
23.337467
23.038328
22.761337
22.400917
22.004542
21.461822
20.980564
20.367466
23.309330
23.272772
22.792498
22.590854
22.047037
21.729492
21.030833
23.328521
23.029539
22.831572
22.435730
22.070596
21.622462
23.354931
23.273586
22.800070
22.690714
22.130469
23.320541
23.088099
22.854567
22.487032
23.325906
23.282293
22.884592
23.384798
23.079232
23.341123
23.680035
23.987796
23.888840
24.166265
24.075772
24.276577
24.175863
24.365727
24.191273
24.363879
24.187484
24.272301
24.090538
24.170082
23.915277
23.999814
23.752151
23.780497
23.551987
23.610408
23.333275
23.418361
23.150589
23.661533
23.732046
23.911448
23.925955
24.062309
24.088993
24.140051
24.158059
24.200262
24.137655
24.165506
24.099718
24.043610
23.977816
23.922104
23.790856
23.742256
23.626212
23.525469
23.436932
23.349126
23.250315
23.715416
23.970415
23.921775
24.194262
24.064756
24.309856
24.187853
24.343411
24.215178
24.360789
24.150701
24.283778
24.070813
24.125647
23.918271
23.985450
23.715184
23.799409
23.544004
23.596736
23.349127
23.667854
23.782726
23.894405
23.966189
24.087280
24.074602
24.176544
24.166373
24.177856
24.161621
24.163593
24.066872
24.058982
23.964319
23.882313
23.805139
23.733856
23.601995
23.544060
23.436915
23.667590
23.994005
23.946494
24.169847
24.097267
24.320319
24.163270
24.370189
24.213032
24.329745
24.167484
24.277137
24.034406
24.142104
23.905081
23.955552
23.733867
23.799382
23.525429
23.708800
23.752786
23.930593
23.986808
24.067055
24.107450
24.183770
24.139302
24.203029
24.158233
24.133919
24.088271
24.055720
23.935529
23.905132
23.805128
23.715191
23.626250
23.687951
24.015656
23.915359
24.199860
24.105296
24.293093
24.188939
24.368858
24.179449
24.350185
24.160166
24.248422
24.055728
24.142077
23.882279
23.985459
23.742249
23.674046
23.782386
23.948482
23.961517
24.100160
24.113521
24.158642
24.166361
24.203244
24.129361
24.160202
24.088258
24.034411
23.964359
23.918305
23.790816
23.705138
23.982678
23.943509
24.208197
24.077796
24.322777
24.188971
24.340805
24.203258
24.350162
24.133896
24.277148
24.058979
24.125565
23.922155
23.697400
23.796287
23.921858
23.992065
24.105732
24.086651
24.188993
24.166354
24.179447
24.158266
24.167509
24.066832
24.070894
23.977831
23.676671
24.007553
23.949304
24.180623
24.105746
24.322761
24.158629
24.368861
24.203033
24.329673
24.163642
24.283741
24.043559
23.703140
23.770328
23.949308
23.992064
24.077788
24.113544
24.188956
24.139272
24.213097
24.161634
24.150680
24.099780
23.703153
24.007545
23.921856
24.208192
24.100175
24.293030
24.183815
24.370153
24.177815
24.360784
24.165537
23.676656
23.796299
23.943522
23.961491
24.105340
24.107464
24.163247
24.166424
24.215231
24.137591
23.697429
23.982622
23.948521
24.199831
24.067029
24.320303
24.176579
24.343280
24.200340
23.705158
23.782403
23.915336
23.986844
24.097311
24.074548
24.187941
24.158091
23.674035
24.015632
23.930637
24.169731
24.087347
24.309805
24.139997
23.687988
23.752740
23.946555
23.966221
24.064721
24.089058
23.708859
23.993962
23.894370
24.194227
24.062366
23.667554
23.782772
23.921840
23.925887
23.667925
23.970251
23.911532
23.715487
23.732095
23.661498
23.395356
23.374724
22.921882
22.779321
22.237357
21.881565
21.167814
20.672164
19.798154
19.287194
18.576707
18.258358
17.871995
17.889617
17.703177
17.915821
17.861564
18.082225
18.066496
18.338185
18.260446
18.541414
18.459635
18.560459
18.771742
18.586802
18.778809
18.625684
18.746408
18.588924
18.722659
18.502383
18.623255
18.420120
18.474156
18.265824
18.342534
18.072826
18.160177
17.924355
17.978574
17.764005
17.906976
17.697820
17.913846
17.816141
23.156141
23.092463
22.872408
22.699580
22.461853
22.223917
21.879347
21.600250
21.202733
20.810006
20.427812
20.013216
19.602611
19.277235
18.935728
18.639711
18.457868
18.232528
18.090452
17.988030
17.913418
17.786630
22.966714
22.965165
22.543543
22.491861
21.975401
21.870650
21.303706
21.068467
20.504616
20.232631
19.631434
19.438969
18.911213
18.756409
18.388155
18.334121
18.015348
18.107826
17.845944
17.941593
17.788711
22.650681
22.439101
22.100814
21.840670
21.445469
21.050252
20.637159
20.190969
19.721394
19.338566
18.939206
18.592733
18.366583
18.133745
17.967446
17.881941
17.799104
17.718305
17.753937
17.684210
22.283617
22.173962
21.616990
21.392275
20.811207
20.517330
19.866441
19.609526
19.019264
18.793829
18.383001
18.282058
17.950190
18.023479
17.779493
17.869155
17.735137
17.860703
17.702664
21.816213
21.451538
21.021122
20.576717
20.066447
19.631879
19.159920
18.743403
18.444200
18.160149
17.961036
17.862118
17.766911
17.705752
17.733572
17.706194
17.714115
17.749390
21.299783
20.990460
20.321717
20.014686
19.362222
19.053157
18.556351
18.381468
18.000977
18.025508
17.772998
17.862431
17.732367
17.871462
17.732774
17.942545
17.813338
20.616590
20.156516
19.615847
19.127826
18.722632
18.357136
18.073095
17.918338
17.788694
17.720327
17.728472
17.728356
17.742801
17.804479
17.837777
17.853478
19.958430
19.563634
18.963499
18.684076
18.196431
18.136128
17.827276
17.879663
17.731070
17.877758
17.746567
17.963272
17.861633
18.041381
17.976026
19.266521
18.797515
18.368634
18.117060
17.887873
17.768934
17.731376
17.730809
17.732977
17.813141
17.861863
17.902976
17.993430
18.039449
18.641278
18.444246
18.008381
17.969392
17.754786
17.868733
17.720751
17.939764
17.852891
18.043320
18.002839
18.207815
18.110784
18.184628
17.940024
17.795661
17.740336
17.698316
17.773791
17.817692
17.875634
17.980488
18.054277
18.109043
18.207845
17.908133
17.918950
17.701880
17.885655
17.783256
17.975227
17.948768
18.168325
18.095335
18.348193
18.279126
17.726890
17.733372
17.737766
17.784692
17.888305
17.976010
18.045823
18.170426
18.250772
18.316737
17.725835
17.871350
17.831493
18.048965
17.987541
18.257028
18.208876
18.426939
18.402588
17.764296
17.836585
17.901910
18.038981
18.131049
18.220369
18.344303
18.435820
17.822811
18.092560
18.046614
18.280787
18.273826
18.516553
18.453110
17.945977
18.038035
18.172355
18.280469
18.366078
18.503762
18.068799
18.321908
18.267792
18.560543
18.507242
18.152777
18.299104
18.396220
18.496174
18.276898
18.537321
18.515466
18.393680
18.498450
18.458772
23.542890
23.942274
23.712616
24.052625
23.885056
24.142186
23.992875
24.260126
24.058582
24.318064
24.144356
24.340091
24.166268
24.386769
24.155432
24.375924
24.172962
24.347990
24.135347
24.362468
24.089875
24.320172
24.070126
23.154393
23.130030
23.128372
23.100321
23.136969
23.146204
23.149032
23.212117
23.247921
23.281610
23.359929
23.429809
23.465205
23.575740
23.630534
23.697291
23.773831
23.861960
23.869742
23.990652
23.984214
24.077377
23.225374
23.376097
23.217705
23.387106
23.209429
23.417453
23.282673
23.455315
23.369775
23.577839
23.454785
23.705723
23.607570
23.819671
23.746327
23.985838
23.847198
24.129133
23.974956
24.220334
24.077434
23.349368
23.342146
23.326074
23.354805
23.371273
23.371794
23.426679
23.468468
23.482842
23.570058
23.611497
23.662168
23.731481
23.811612
23.821601
23.939201
23.950941
24.014640
24.049095
24.115401
23.407140
23.603700
23.437450
23.595613
23.470427
23.663747
23.507139
23.739003
23.618327
23.812460
23.724636
23.951047
23.808970
24.075295
23.937500
24.160528
24.038294
24.274047
24.084063
23.556097
23.536181
23.569666
23.588279
23.582712
23.640646
23.668295
23.692212
23.749849
23.810165
23.816259
23.915652
23.933198
23.987404
24.026495
24.093365
24.067257
24.167945
23.635568
23.819299
23.632009
23.848105
23.701256
23.877427
23.765769
23.977590
23.819948
24.070000
23.928936
24.137253
24.017944
24.245136
24.062775
24.325087
24.134625
23.731853
23.774180
23.784950
23.784967
23.827757
23.866633
23.860435
23.939431
23.950953
23.991085
24.025268
24.086073
24.062781
24.154653
24.132473
24.168613
23.831080
23.995937
23.861738
24.059395
23.880625
24.115704
23.960621
24.156212
24.026221
24.244603
24.060322
24.310838
24.129657
24.330695
24.171149
23.942728
23.964881
23.946462
24.004573
24.008437
24.029246
24.056006
24.102874
24.078053
24.155377
24.138880
24.167502
24.173661
24.207729
23.973821
24.195258
24.025679
24.207607
24.062964
24.272547
24.080017
24.317508
24.137765
24.328065
24.169209
24.371483
24.152700
24.087093
24.089852
24.109017
24.142403
24.111455
24.172752
24.157660
24.173341
24.179748
24.209502
24.159532
24.218544
24.114709
24.316898
24.110185
24.339430
24.153990
24.337386
24.172809
24.372442
24.152049
24.380885
24.160863
24.149456
24.198796
24.182963
24.185909
24.188257
24.212280
24.160699
24.213957
24.166597
24.170653
24.168542
24.346383
24.171717
24.373901
24.147108
24.374920
24.153671
24.333493
24.131444
24.193358
24.213127
24.159822
24.202541
24.158126
24.158466
24.132322
24.144166
24.126552
24.354867
24.134047
24.318663
24.111430
24.306173
24.041352
24.145429
24.135913
24.109873
24.118126
24.039180
24.075602
24.061382
24.274522
24.011233
24.238036
23.971184
24.011752
24.031558
23.964227
23.946839
23.911606
24.118174
23.855030
23.847607
23.834888
23.668342
23.367293
23.560960
23.127085
23.246013
22.823205
22.816484
22.398585
22.318859
21.804573
21.692498
21.134088
20.920778
20.393292
20.167298
19.616594
19.492036
18.997870
18.899729
18.545455
18.516869
18.178857
18.291499
18.001240
18.151226
18.708512
19.037230
19.867818
20.307028
21.161798
21.633023
22.331152
22.609065
23.189800
23.300539
23.698916
23.747177
24.047894
23.976285
24.264208
24.135753
24.339605
24.212064
24.382800
24.179835
24.380186
24.125950
23.554505
23.552909
23.740616
23.714346
23.878251
23.887651
23.977014
23.992125
24.097015
24.056545
24.152489
24.140109
24.174251
24.161348
24.218770
24.155867
24.205647
24.180643
24.174284
24.145267
24.178461
24.117840
23.372966
23.729174
23.577693
23.924924
23.733270
24.058337
23.904368
24.153627
24.005015
24.269836
24.065371
24.322996
24.143782
24.345190
24.159227
24.394760
24.149526
24.385114
24.169121
24.368068
24.133350
23.334752
23.377389
23.536440
23.577993
23.751312
23.732974
23.890564
23.903947
23.987410
24.002137
24.103427
24.062558
24.151451
24.143571
24.170824
24.159478
24.212932
24.154389
24.196696
24.177523
23.107717
23.498600
23.385610
23.705634
23.589303
23.922994
23.746248
24.060547
23.915237
24.159764
24.006086
24.275434
24.062077
24.323711
24.135072
24.345210
24.144345
24.393934
24.144253
23.036593
23.091927
23.312860
23.381163
23.533058
23.586357
23.754384
23.746056
23.891669
23.913183
23.989013
24.004361
24.100705
24.060474
24.141297
24.135699
24.162380
24.145875
22.793395
23.186489
23.089349
23.473041
23.388263
23.698982
23.596088
23.924014
23.752991
24.061843
23.916180
24.160670
23.997429
24.271813
24.049756
24.313690
24.127348
22.604203
22.766216
23.003873
23.078051
23.298497
23.385056
23.528282
23.591257
23.753785
23.751789
23.887208
23.913027
23.982212
23.993505
24.092603
24.047970
22.360741
22.743207
22.754570
23.161062
23.082057
23.460728
23.392466
23.698987
23.597346
23.924698
23.750956
24.055748
23.906587
24.151004
23.986057
22.105559
22.328915
22.559907
22.739247
22.985882
23.075035
23.289101
23.389676
23.526764
23.592603
23.749333
23.746136
23.878805
23.902728
21.763330
22.242785
22.319494
22.716719
22.742245
23.156945
23.085257
23.461374
23.395495
23.698401
23.591985
23.918760
23.742422
21.490992
21.735427
22.061012
22.309258
22.546319
22.735990
22.987365
23.083297
23.290834
23.394140
23.527566
23.589560
21.107909
21.644022
21.737803
22.232518
22.324503
22.729243
22.752205
23.171006
23.096230
23.468716
23.398159
20.742922
21.100874
21.481759
21.740257
22.069352
22.331630
22.571875
22.761137
23.010273
23.100937
20.406923
20.931309
21.129161
21.686103
21.780354
22.276258
22.366306
22.771178
22.779317
20.029772
20.439116
20.794932
21.156468
21.548758
21.814081
22.134561
22.387103
19.678841
20.265730
20.514688
21.045966
21.227926
21.784707
21.859107
19.395193
19.748293
20.158177
20.583701
20.937741
21.276590
19.097374
19.692668
19.872114
20.444660
20.664983
18.818798
19.192536
19.612672
19.957246
18.685236
19.158005
19.310154
18.421507
18.781261
18.336320
23.395239
23.374807
22.921892
22.779365
22.237282
21.881693
21.167727
20.672208
19.798152
19.287213
18.576658
18.258431
17.871939
17.889647
17.703172
17.915833
17.861539
18.082260
18.066466
18.338200
18.260436
18.541419
18.459625
18.560462
18.771748
18.586813
18.778816
18.625674
18.746457
18.588897
18.722686
18.502400
18.623282
18.420084
18.474260
18.265768
18.342586
18.072847
18.160229
17.924287
17.978740
17.763918
17.907063
17.697839
17.913954
17.816031
23.156194
23.092372
22.872325
22.699604
22.461801
22.223789
21.879416
21.600152
21.202648
20.810027
20.427759
20.013080
19.602678
19.277128
18.935640
18.639724
18.457801
18.232394
18.090503
17.987915
17.913321
17.786640
22.966642
22.965348
22.543502
22.491906
21.975473
21.870725
21.303640
21.068656
20.504583
20.232679
19.631516
19.439051
18.911149
18.756610
18.388114
18.334184
18.015419
18.107916
17.845872
17.941810
17.788641
22.650638
22.438989
22.100872
21.840583
21.445397
21.050269
20.637113
20.190851
19.721454
19.338475
18.939126
18.592748
18.366526
18.133625
17.967494
17.881842
17.799015
17.718321
17.753854
17.684104
22.283672
22.174028
21.616931
21.392437
20.811176
20.517370
19.866510
19.609595
19.019208
18.794002
18.382969
18.282107
17.950257
18.023555
17.779431
17.869340
17.735085
17.860775
17.702712
21.816154
21.451545
21.021085
20.576611
20.066499
19.631799
19.159853
18.743416
18.444154
18.160043
17.961081
17.862033
17.766833
17.705767
17.733506
17.706095
17.714142
17.749303
21.299758
20.990493
20.321772
20.014744
19.362173
19.053302
18.556326
18.381506
18.001039
18.025571
17.772947
17.862588
17.732331
17.871513
17.732825
17.942615
17.813282
20.616629
20.156447
19.615792
19.127831
18.722598
18.357042
18.073137
17.918265
17.788630
17.720339
17.728422
17.728265
17.742832
17.804404
17.837702
17.853490
19.958393
19.563748
18.963482
18.684105
18.196485
18.136181
17.827235
17.879795
17.731045
17.877796
17.746618
17.963329
17.861586
18.041522
17.975990
19.266495
18.797435
18.368669
18.116999
17.887822
17.768941
17.731340
17.730729
17.733008
17.813077
17.861802
17.902987
17.993378
18.039372
18.641323
18.444288
18.008352
17.969496
17.754774
17.868762
17.720799
17.939811
17.852855
18.043438
18.002814
18.207853
18.110827
18.184589
17.940024
17.795638
17.740268
17.698346
17.773738
17.817645
17.875641
17.980451
18.054208
18.109066
18.207788
17.908133
17.918970
17.701924
17.885694
17.783233
17.975321
17.948755
18.168354
18.095376
18.348235
18.279094
17.726913
17.733331
17.737733
17.784694
17.888282
17.975952
18.045847
18.170379
18.250729
18.316744
17.725827
17.871419
17.831494
18.048985
17.987580
18.257062
18.208855
18.427021
18.402574
17.764286
17.836538
17.901931
18.038944
18.131018
18.220372
18.344281
18.435772
17.822847
18.092587
18.046607
18.280847
18.273825
18.516571
18.453141
17.945960
18.038031
18.172344
18.280430
18.366094
18.503731
18.068813
18.321920
18.267821
18.560562
18.507234
18.152790
18.299081
18.396206
18.496174
18.276905
18.537350
18.515472
18.393680
18.498431
18.458791
23.542782
23.942369
23.712680
24.052675
23.884983
24.142445
23.992750
24.260222
24.058706
24.318103
24.144283
24.340425
24.166124
24.386885
24.155610
24.375978
24.172878
24.348413
24.135182
24.362624
24.090076
24.320287
24.070003
23.154441
23.129985
23.128335
23.100357
23.136935
23.146083
23.149159
23.212000
23.247826
23.281711
23.359852
23.429619
23.465402
23.575565
23.630404
23.697414
23.773727
23.861718
23.869955
23.990437
23.984046
24.077461
23.225345
23.376194
23.217689
23.387106
23.209531
23.417487
23.282573
23.455560
23.369681
23.577849
23.454923
23.705781
23.607387
23.820038
23.746162
23.985889
23.847329
24.129253
23.974715
24.220798
24.077251
23.349384
23.342052
23.326162
23.354723
23.371198
23.371864
23.426622
23.468309
23.483001
23.569918
23.611375
23.662283
23.731391
23.811394
23.821802
23.939017
23.950786
24.014750
24.048992
24.115118
23.407197
23.603739
23.437384
23.595790
23.470377
23.663753
23.507262
23.739053
23.618185
23.812766
23.724515
23.951072
23.809108
24.075385
23.937290
24.160934
24.038132
24.274114
24.084203
23.556056
23.536212
23.569642
23.588150
23.582828
23.640539
23.668190
23.692305
23.749774
23.809977
23.816432
23.915497
23.933054
23.987516
24.026403
24.093117
24.067457
24.167744
23.635557
23.819301
23.632100
23.848154
23.701156
23.877668
23.765689
23.977604
23.820080
24.070072
23.928765
24.137601
24.017813
24.245176
24.062915
24.325206
24.134415
23.731929
23.774111
23.784872
23.785027
23.827704
23.866477
23.860572
23.939306
23.950823
23.991186
24.025185
24.085859
24.062960
24.154483
24.132322
24.168702
23.831016
23.996104
23.861697
24.059406
23.880738
24.115768
23.960490
24.156501
24.026126
24.244627
24.060459
24.310933
24.129474
24.331065
24.171028
23.942705
23.964762
23.946559
24.004479
24.008329
24.029325
24.055937
24.102693
24.078202
24.155237
24.138738
24.167595
24.173582
24.207491
23.973903
24.195314
24.025587
24.207832
24.062903
24.272566
24.080142
24.317588
24.137617
24.328383
24.169111
24.371518
24.152840
24.087013
24.089905
24.108966
24.142258
24.111567
24.172639
24.157532
24.173423
24.179673
24.209300
24.159686
24.218393
24.114677
24.316913
24.110287
24.339499
24.153879
24.337650
24.172738
24.372470
24.152179
24.380982
24.160709
24.149532
24.198714
24.182858
24.185972
24.188189
24.212112
24.160819
24.213832
24.166463
24.170729
24.168464
24.346586
24.171670
24.373928
24.147224
24.375004
24.153548
24.333781
24.131369
24.193306
24.213000
24.159908
24.202439
24.158005
24.158531
24.132249
24.143987
24.126640
24.354938
24.133957
24.318905
24.111374
24.306210
24.041469
24.145332
24.135963
24.109801
24.117979
24.039273
24.075492
24.061339
24.274562
24.011335
24.238122
23.971082
24.011813
24.031464
23.964112
23.946892
23.911533
24.118398
23.854981
23.847527
23.834762
23.668420
23.367238
23.561019
23.127159
23.246096
22.823126
22.816692
22.398543
22.318907
21.804662
21.692585
21.134014
20.920998
20.393254
20.167359
19.616685
19.492133
18.997799
18.899959
18.545404
18.516954
18.178926
18.291612
18.001159
18.151078
18.708630
19.037225
19.867943
20.306849
21.162087
21.632869
22.331246
22.609083
23.189947
23.300312
23.699275
23.746996
24.047986
23.976321
24.264378
24.135461
24.340044
24.211835
24.382907
24.179871
24.380412
24.125594
23.554544
23.552819
23.740524
23.714440
23.878101
23.887589
23.977077
23.991998
24.096885
24.056674
24.152277
24.140017
24.174326
24.161171
24.218588
24.156015
24.205371
24.180512
24.174355
24.145049
24.178221
24.117999
23.372897
23.729403
23.577579
23.925018
23.733362
24.058383
23.904297
24.153923
24.004882
24.269948
24.065518
24.323048
24.143706
24.345570
24.159070
24.394905
24.149711
24.385196
24.169019
24.368547
24.133142
23.334626
23.377334
23.536492
23.577888
23.751204
23.733084
23.890384
23.903876
23.987474
24.001992
24.103271
24.062698
24.151203
24.143473
24.170886
24.159293
24.212718
24.154557
24.196375
24.177416
23.107786
23.498650
23.385541
23.705890
23.589184
23.923100
23.746362
24.060600
23.915165
24.160099
24.005944
24.275568
24.062237
24.323783
24.134987
24.345635
24.144165
24.394117
24.144419
23.036495
23.092019
23.312711
23.381105
23.533110
23.586239
23.754254
23.746180
23.891459
23.913105
23.989067
24.004206
24.100521
24.060628
24.141015
24.135609
24.162420
24.145695
22.793298
23.186579
23.089437
23.473094
23.388196
23.699270
23.595962
23.924136
23.753122
24.061911
23.916106
24.161044
23.997275
24.271975
24.049912
24.313783
24.127254
22.604236
22.766126
23.003760
23.078156
23.298322
23.384994
23.528329
23.591129
23.753630
23.751924
23.886968
23.912950
23.982252
23.993349
24.092401
24.048129
22.360683
22.743445
22.754464
23.161167
23.082160
23.460793
23.392398
23.699309
23.597214
23.924842
23.751095
24.055834
23.906507
24.151400
23.985897
22.105413
22.328869
22.559940
22.739148
22.985750
23.075151
23.288899
23.389612
23.526799
23.592471
23.749158
23.746279
23.878548
23.902650
21.763410
22.242842
22.319433
22.716989
22.742134
23.157069
23.085372
23.461455
23.395426
23.698751
23.591849
23.918918
23.742564
21.490880
21.735527
22.060845
22.309207
22.546346
22.735883
22.987212
23.083421
23.290611
23.394074
23.527595
23.589425
21.107813
21.644125
21.737894
22.232591
22.324441
22.729544
22.752092
23.171147
23.096354
23.468808
23.398090
20.742942
21.100792
21.481628
21.740363
22.069163
22.331572
22.571893
22.761024
23.010109
23.101063
20.406865
20.931560
21.129063
21.686224
21.780458
22.276347
22.366246
22.771497
22.779203
20.029618
20.439071
20.794945
21.156377
21.548608
21.814188
22.134360
22.387042
19.678917
20.265809
20.514629
21.046245
21.227832
21.784841
21.859216
19.395067
19.748385
20.158005
20.583642
20.937747
21.276494
19.097284
19.692782
19.872204
20.444758
20.664925
18.818805
19.192453
19.612526
19.957333
18.685167
19.158266
19.310072
18.421356
18.781190
18.336378
23.367240
23.561021
23.127162
23.246096
22.823127
22.816693
22.398543
22.318906
21.804664
21.692583
21.134016
20.921001
20.393255
20.167367
19.616693
19.492139
18.997807
18.899969
18.545412
18.516959
18.178929
18.291614
18.001160
18.458786
18.498427
18.515468
18.496171
18.507231
18.503730
18.453138
18.435770
18.402571
18.316743
18.279092
18.207787
18.110824
18.039373
17.975987
17.853485
17.813287
17.749297
17.702719
17.684110
17.788642
17.786641
18.393676
18.537347
18.396202
18.560559
18.366092
18.516567
18.344278
18.427018
18.250728
18.348232
18.109065
18.207851
17.993378
18.041521
17.837695
17.942622
17.714134
17.860783
17.753860
17.941812
17.913322
18.276901
18.299078
18.267817
18.280427
18.273820
18.220369
18.208852
18.170377
18.095372
18.054206
18.002812
17.902984
17.861588
17.804395
17.732833
17.706088
17.735090
17.718329
17.845875
17.987917
18.152784
18.321915
18.172340
18.280843
18.131015
18.257058
18.045844
18.168350
17.980448
18.043436
17.861798
17.963331
17.742824
17.871519
17.733500
17.869342
17.799023
18.107917
18.090506
18.068807
18.038026
18.046602
18.038941
17.987575
17.975950
17.948749
17.875642
17.852850
17.813076
17.746615
17.728264
17.732331
17.705766
17.779429
17.881850
18.015422
18.232398
17.945954
18.092581
17.901926
18.048979
17.888280
17.975315
17.817644
17.939807
17.733006
17.877792
17.728421
17.862589
17.766834
18.023550
17.967499
18.334190
18.457804
17.822840
17.836534
17.831487
17.784691
17.783227
17.773734
17.720797
17.730726
17.731045
17.720333
17.772951
17.862032
17.950260
18.133626
18.388124
18.639729
17.764282
17.871412
17.737729
17.885687
17.698345
17.868756
17.731337
17.879796
17.788622
18.025573
17.961080
18.282113
18.366524
18.756617
18.935648
17.725818
17.733329
17.701916
17.740266
17.754771
17.768935
17.827237
17.918262
18.001041
18.160042
18.382970
18.592754
18.911151
19.277135
17.726912
17.918966
17.795631
17.969498
17.887815
18.136181
18.073137
18.381505
18.444155
18.794002
18.939130
19.439057
19.602678
17.908132
17.940019
18.008352
18.116997
18.196485
18.357040
18.556328
18.743415
19.019213
19.338472
19.631522
20.013084
18.184587
18.444287
18.368667
18.684106
18.722597
19.053303
19.159852
19.609595
19.721456
20.232678
20.427761
18.641324
18.797435
18.963482
19.127833
19.362173
19.631799
19.866513
20.190849
20.504585
20.810025
19.266496
19.563748
19.615791
20.014746
20.066497
20.517370
20.637111
21.068656
21.202648
19.958395
20.156448
20.321773
20.576611
20.811176
21.050269
21.303640
21.600151
20.616629
20.990493
21.021085
21.392438
21.445395
21.870726
21.879413
21.299760
21.451546
21.616933
21.840584
21.975474
22.223790
21.816155
22.174028
22.100873
22.491907
22.461800
22.283674
22.438990
22.543505
22.699605
22.650639
22.965349
22.872327
22.966644
23.092374
23.156195
23.679947
23.987863
23.888879
24.166335
24.075666
24.276758
24.175788
24.365748
24.191314
24.363931
24.187376
24.272449
24.090477
24.170081
23.915300
23.999854
23.752052
23.780583
23.551943
23.610391
23.333259
23.418389
23.150525
23.037537
23.188620
22.989810
23.168754
22.998443
23.143774
23.035262
23.213251
23.081716
23.309221
23.215273
23.411489
23.358612
23.588105
23.488629
23.758559
23.668338
23.899538
23.822116
24.074501
23.921597
24.218708
24.031687
23.668421
23.834762
23.854982
23.946892
23.971081
24.075492
24.041470
24.143985
24.131367
24.170728
24.160710
24.218392
24.152839
24.207492
24.171032
24.168706
24.134419
24.167746
24.084205
24.115119
24.077252
24.077461
23.847527
24.118397
23.964111
24.238122
24.039270
24.306209
24.132248
24.333779
24.166459
24.380979
24.159684
24.371518
24.173580
24.331062
24.132320
24.325208
24.067460
24.274117
24.048992
24.220798
23.984046
23.911533
24.031463
24.011334
24.117978
24.111373
24.158530
24.153547
24.213830
24.152178
24.209298
24.169110
24.167595
24.129475
24.154480
24.062913
24.093117
24.038135
24.014754
23.974720
23.990439
24.011812
24.274561
24.109799
24.318903
24.158002
24.375001
24.160817
24.372468
24.179670
24.328380
24.138733
24.310930
24.062959
24.245173
24.026397
24.160928
23.950781
24.129250
23.869953
24.061338
24.135961
24.133955
24.202437
24.147221
24.212110
24.172735
24.173420
24.137615
24.155236
24.060457
24.085854
24.017812
23.987518
23.937291
23.939013
23.847326
23.861714
24.145330
24.354935
24.159905
24.373925
24.188185
24.337645
24.157529
24.317582
24.078194
24.244624
24.025183
24.137594
23.933047
24.075383
23.821804
23.985892
23.773728
24.126637
24.212997
24.171667
24.185970
24.153876
24.172636
24.080139
24.102689
24.026118
23.991180
23.928764
23.915493
23.809100
23.811386
23.746159
23.697415
24.193302
24.346582
24.182854
24.339494
24.111562
24.272562
24.055933
24.156497
23.950817
24.070064
23.816426
23.951068
23.731385
23.820029
23.630392
24.168460
24.198710
24.110282
24.142253
24.062896
24.029320
23.960486
23.939302
23.820078
23.809975
23.724512
23.662280
23.607388
23.575569
24.149527
24.316909
24.108962
24.207826
24.008322
24.115762
23.860564
23.977593
23.749764
23.812759
23.611368
23.705770
23.465389
24.114671
24.089898
24.025583
24.004476
23.880732
23.866474
23.765689
23.692301
23.618180
23.569914
23.454922
23.429618
24.087008
24.195306
23.946552
24.059398
23.827694
23.877660
23.668184
23.739048
23.482995
23.577844
23.359847
23.973899
23.964756
23.861693
23.785023
23.701147
23.640532
23.507255
23.468301
23.369675
23.281705
23.942698
23.996096
23.784867
23.848151
23.582823
23.663749
23.426619
23.455555
23.247822
23.831009
23.774099
23.632091
23.588143
23.470366
23.371856
23.282566
23.211991
23.731927
23.819296
23.569637
23.595786
23.371193
23.417481
23.149157
23.635551
23.536203
23.437376
23.354718
23.209522
23.146075
23.556050
23.603731
23.326154
23.387099
23.136930
23.407193
23.342047
23.217682
23.100353
23.349377
23.376186
23.128329
23.225338
23.129980
23.154436
23.542783
23.942371
23.712681
24.052675
23.884982
24.142445
23.992750
24.260220
24.058703
24.318103
24.144281
24.340423
24.166122
24.386886
24.155612
24.375980
24.172879
24.348413
24.135181
24.362624
24.090075
24.320287
24.070002
18.336378
18.781190
19.310072
19.957335
20.664925
21.276495
21.859215
22.387043
22.779202
23.101064
23.398089
23.589426
23.742563
23.902651
23.985896
24.048131
24.127254
24.145697
24.144419
24.177418
24.133142
24.118001
18.421356
19.158267
19.612527
20.444759
20.937748
21.784841
22.134360
22.771496
23.010109
23.468807
23.527594
23.918917
23.878548
24.151400
24.092401
24.313784
24.162422
24.394119
24.196378
24.368549
24.178223
18.685168
19.192456
19.872205
20.583645
21.227832
21.814189
22.366245
22.761025
23.096352
23.394074
23.591848
23.746280
23.906506
23.993351
24.049912
24.135613
24.144167
24.154563
24.169021
24.145053
18.818810
19.692787
20.158009
21.046248
21.548610
22.276348
22.571894
23.171147
23.290611
23.698751
23.749157
24.055834
23.982253
24.271977
24.141018
24.345639
24.212723
24.385200
24.174358
19.097292
19.748394
20.514634
21.156381
21.780459
22.331574
22.752091
23.083421
23.395424
23.592472
23.751094
23.912952
23.997276
24.060633
24.134990
24.159299
24.149714
24.180516
19.395078
20.265819
20.794951
21.686227
22.069163
22.729543
22.987211
23.461455
23.526799
23.924843
23.886970
24.161047
24.100525
24.323787
24.170890
24.394908
24.205373
19.678924
20.439077
21.129064
21.740364
22.324438
22.735883
23.085371
23.389613
23.597214
23.751927
23.916108
24.004210
24.062238
24.143476
24.159071
24.156018
20.029622
20.931562
21.481629
22.232591
22.546346
23.157071
23.288901
23.699310
23.753631
24.061911
23.989068
24.275568
24.151203
24.345570
24.218590
20.406869
21.100796
21.737895
22.309209
22.742132
23.075151
23.392395
23.591128
23.753118
23.913104
24.005941
24.062698
24.143706
24.161175
20.742945
21.644126
22.060843
22.716987
22.985746
23.460789
23.528326
23.924135
23.891459
24.160100
24.103273
24.323050
24.174328
21.107811
21.735527
22.319430
22.739147
23.082159
23.384996
23.595963
23.746183
23.915166
24.001994
24.065517
24.140018
21.490882
22.242845
22.559943
23.161170
23.298324
23.699271
23.754253
24.060598
23.987471
24.269945
24.152274
21.763409
22.328869
22.754460
23.078153
23.388190
23.586234
23.746356
23.903872
24.004877
24.056673
22.105410
22.743443
23.003757
23.473092
23.533108
23.923099
23.890384
24.153923
24.096885
22.360683
22.766128
23.089437
23.381107
23.589183
23.733085
23.904296
23.991998
22.604234
23.186578
23.312709
23.705889
23.751202
24.058381
23.977074
22.793296
23.092019
23.385540
23.577888
23.733361
23.887589
23.036496
23.498651
23.536493
23.925020
23.878102
23.107786
23.377336
23.577579
23.714441
23.334626
23.729403
23.740525
23.372899
23.552821
23.554546
18.560462
18.771744
18.586805
18.778811
18.625687
18.746410
18.588926
18.722659
18.502386
18.623256
18.420123
18.474157
18.265826
18.342535
18.072829
18.160177
17.924354
17.978580
17.764001
17.906983
17.697824
17.913848
17.816141
18.675785
18.682921
18.733171
18.699773
18.722844
18.719131
18.668444
18.656158
18.615734
18.536031
18.483375
18.422452
18.299373
18.240813
18.140537
18.028140
17.937737
17.879863
17.746881
17.745243
17.695783
17.764665
18.777503
18.950470
18.803282
18.992120
18.789191
18.953594
18.775473
18.863964
18.678686
18.777090
18.520609
18.615022
18.373862
18.404892
18.167644
18.235147
17.935928
18.045827
17.786440
17.892266
17.695785
18.865847
18.905167
18.895090
18.909617
18.916526
18.864864
18.851417
18.815506
18.723883
18.683751
18.598190
18.490050
18.402331
18.315516
18.161932
18.097092
17.971525
17.868070
17.786440
17.745246
18.940239
19.142342
18.998825
19.132785
18.974548
19.118839
18.891262
19.019016
18.800229
18.852889
18.630423
18.694468
18.401213
18.477406
18.200868
18.227187
17.971526
18.045828
17.746880
19.054356
19.049299
19.072835
19.078270
19.030358
19.022597
18.978757
18.898535
18.839719
18.767121
18.632236
18.564942
18.439521
18.309440
18.200868
18.097092
17.935928
17.879867
19.116724
19.303594
19.116760
19.286410
19.106612
19.201330
19.011468
19.107861
18.841895
18.931646
18.670825
18.691830
18.439521
18.477406
18.161934
18.235147
17.937737
19.169960
19.207642
19.204950
19.168390
19.150810
19.115483
19.020690
18.980066
18.882684
18.767257
18.670826
18.564941
18.401213
18.315517
18.167645
18.028141
19.249303
19.388701
19.240308
19.380097
19.156592
19.283672
19.058454
19.110083
18.882685
18.931644
18.632238
18.694467
18.402332
18.404893
18.140540
19.287726
19.301175
19.251165
19.252886
19.197632
19.120926
19.058453
18.980065
18.841897
18.767119
18.630425
18.490050
18.373863
18.240814
19.294050
19.467484
19.288149
19.385359
19.197632
19.283673
19.020689
19.107861
18.839723
18.852886
18.598194
18.615022
18.299375
19.331611
19.305861
19.288149
19.252885
19.156591
19.115487
19.011464
18.898535
18.800234
18.683747
18.520613
18.422453
19.331612
19.467483
19.251166
19.380095
19.150810
19.201334
18.978753
19.019016
18.723886
18.777088
18.483378
19.294052
19.301172
19.240307
19.168390
19.106614
19.022598
18.891261
18.815507
18.678688
18.536031
19.287727
19.388696
19.204952
19.286413
19.030359
19.118837
18.851420
18.863964
18.615736
19.249303
19.207638
19.116764
19.078274
18.974546
18.864863
18.775477
18.656158
19.169961
19.303595
19.072840
19.132785
18.916527
18.953595
18.668447
19.116727
19.049303
18.998825
18.909616
18.789193
18.719133
19.054359
19.142342
18.895091
18.992122
18.722846
18.940238
18.905168
18.803284
18.699775
18.865849
18.950472
18.733174
18.777506
18.682923
18.675789
18.623720
18.896588
18.815688
19.100316
19.009717
19.231944
19.176709
19.382767
19.263970
19.470930
19.342800
19.474055
19.342799
19.470929
19.263972
19.382770
19.176708
19.231940
19.009715
19.100316
18.815686
18.896586
18.623717
18.560459
18.771745
18.586810
18.778814
18.625670
18.746454
18.588896
18.722684
18.502399
18.623279
18.420083
18.474257
18.265767
18.342583
18.072847
18.160227
17.924283
17.978744
17.763913
17.907067
17.697841
17.913955
17.816030
18.675784
18.682922
18.733156
18.699792
18.722816
18.719126
18.668448
18.656140
18.615693
18.536064
18.483318
18.422429
18.299382
18.240775
18.140469
18.028185
17.937652
17.879814
17.746891
17.745182
17.695679
17.764713
18.777504
18.950488
18.803273
18.992134
18.789202
18.953610
18.775452
18.864033
18.678648
18.777126
18.520625
18.615059
18.373811
18.405017
18.167576
18.235208
17.935943
18.045898
17.786349
17.892463
17.695679
18.865841
18.905166
18.895090
18.909608
18.916502
18.864885
18.851382
18.815494
18.723888
18.683726
18.598140
18.490087
18.402268
18.315483
18.161942
18.097049
17.971443
17.868118
17.786348
17.745185
18.940242
19.142347
18.998815
19.132819
18.974525
19.118858
18.891271
19.019042
18.800195
18.852977
18.630373
18.694512
18.401226
18.477456
18.200798
18.227336
17.971443
18.045899
17.746889
19.054353
19.049311
19.072823
19.078267
19.030363
19.022582
18.978723
18.898562
18.839676
18.767100
18.632244
18.564913
18.439460
18.309482
18.200797
18.097048
17.935942
17.879816
19.116723
19.303604
19.116767
19.286426
19.106596
19.201384
19.011435
19.107889
18.841905
18.931680
18.670776
18.691939
18.439460
18.477456
18.161942
18.235207
17.937650
19.169959
19.207636
19.204935
19.168404
19.150788
19.115473
19.020695
18.980047
18.882643
18.767289
18.670776
18.564912
18.401225
18.315482
18.167576
18.028183
19.249297
19.388717
19.240292
19.380110
19.156597
19.283693
19.058423
19.110155
18.882644
18.931679
18.632246
18.694510
18.402267
18.405016
18.140469
19.287720
19.301170
19.251166
19.252876
19.197609
19.120946
19.058422
18.980048
18.841905
18.767097
18.630375
18.490085
18.373810
18.240773
19.294052
19.467491
19.288135
19.385395
19.197609
19.283694
19.020695
19.107890
18.839678
18.852974
18.598143
18.615058
18.299381
19.331606
19.305868
19.288136
19.252877
19.156595
19.115473
19.011434
18.898561
18.800196
18.683722
18.520626
18.422427
19.331607
19.467490
19.251169
19.380111
19.150784
19.201386
18.978723
19.019039
18.723891
18.777122
18.483319
19.294053
19.301169
19.240296
19.168403
19.106590
19.022585
18.891271
18.815490
18.678649
18.536061
19.287723
19.388716
19.204939
19.286423
19.030360
19.118860
18.851381
18.864030
18.615694
19.249301
19.207635
19.116766
19.078263
18.974526
18.864884
18.775450
18.656138
19.169962
19.303600
19.072820
19.132819
18.916504
18.953607
18.668447
19.116721
19.049307
18.998814
18.909608
18.789200
18.719124
19.054350
19.142347
18.895090
18.992132
18.722814
18.940241
18.905165
18.803271
18.699790
18.865840
18.950485
18.733155
18.777502
18.682919
18.675783
22.988296
23.032730
22.764743
22.800524
22.552904
22.539498
22.329893
22.355127
22.129012
22.202991
22.048138
22.125449
22.048138
22.202991
22.129007
22.355123
22.329892
22.539493
22.552896
22.800520
22.764737
23.032725
22.988290
23.037520
23.188632
22.989752
23.168743
22.998497
23.143617
23.035325
23.213252
23.081600
23.309192
23.215421
23.411186
23.358757
23.588091
23.488485
23.758498
23.668553
23.899113
23.822326
24.074406
23.921482
24.218536
24.031955
22.943024
22.929491
22.902760
22.879606
22.908264
22.918146
22.923050
22.985140
23.032498
23.065239
23.163040
23.228008
23.292653
23.392993
23.483783
23.537256
23.654753
23.720817
23.788905
23.861044
23.938439
23.956017
22.826034
22.934787
22.785254
22.926129
22.760059
22.953400
22.837305
23.004468
22.945258
23.153900
23.066805
23.320695
23.262585
23.483153
23.448326
23.700331
23.603843
23.890097
23.794189
24.037320
23.938438
22.722447
22.699459
22.653484
22.682495
22.689489
22.692713
22.761898
22.811711
22.859594
22.958101
23.048075
23.111611
23.238261
23.329587
23.409871
23.525776
23.620708
23.684002
23.794188
23.861044
22.582422
22.717535
22.559502
22.676010
22.583504
22.752099
22.644428
22.872187
22.814587
23.016944
23.003293
23.245227
23.186266
23.465201
23.420575
23.660041
23.620707
23.890097
23.788905
22.493936
22.449909
22.460894
22.470990
22.473072
22.544333
22.605246
22.657345
22.775319
22.870047
22.955792
23.087455
23.200774
23.286424
23.420574
23.525778
23.603837
23.720817
22.384316
22.489546
22.331868
22.503547
22.410610
22.572907
22.544818
22.763076
22.712901
22.980546
22.963208
23.197065
23.200774
23.465200
23.409869
23.700334
23.654745
22.261255
22.274357
22.274073
22.280707
22.351954
22.421011
22.484028
22.609697
22.722152
22.816565
22.963208
23.087453
23.186265
23.329587
23.448319
23.537262
22.194231
22.286911
22.202714
22.365330
22.279645
22.509932
22.485841
22.701190
22.722151
22.980545
22.955793
23.245224
23.238260
23.483154
23.483774
22.123287
22.129796
22.130396
22.210802
22.282026
22.353522
22.485840
22.609698
22.712897
22.870045
23.003294
23.111608
23.262581
23.392997
22.045118
22.205462
22.127033
22.291461
22.282028
22.509929
22.484026
22.763077
22.775314
23.016941
23.048076
23.320693
23.292649
22.042578
22.052100
22.127034
22.210796
22.279649
22.421006
22.544815
22.657343
22.814585
22.958095
23.066805
23.228005
22.042579
22.205458
22.130398
22.365322
22.351960
22.572899
22.605246
22.872179
22.859597
23.153893
23.163038
22.045121
22.129786
22.202717
22.280701
22.410610
22.544327
22.644428
22.811701
22.945256
23.065235
22.123287
22.286900
22.274077
22.503544
22.473065
22.752094
22.761897
23.004463
23.032493
22.194228
22.274353
22.331867
22.470984
22.583501
22.692703
22.837303
22.985135
22.261253
22.489550
22.460882
22.676006
22.689487
22.953392
22.923046
22.384311
22.449905
22.559493
22.682490
22.760052
22.918144
22.493926
22.717531
22.653481
22.926123
22.908257
22.582418
22.699451
22.785249
22.879603
22.722443
22.934779
22.902757
22.826030
22.929485
22.943020
23.037544
23.188626
22.989817
23.168762
22.998447
23.143782
23.035268
23.213255
23.081723
23.309225
23.215278
23.411495
23.358614
23.588116
23.488623
23.758570
23.668333
23.899538
23.822118
24.074502
23.921594
24.218709
24.031686
22.943006
22.929479
22.902682
22.879672
22.908174
22.918075
22.923113
22.985074
23.032337
23.065402
23.162883
23.227896
23.292765
23.392900
23.483560
23.537480
23.654539
23.720686
23.789019
23.860926
23.938174
23.956234
22.826033
22.934835
22.785232
22.926118
22.760138
22.953407
22.837203
23.004692
22.945145
23.153901
23.066930
23.320730
23.262392
23.483517
23.448130
23.700383
23.603967
23.890193
23.793939
24.037805
23.938174
22.722407
22.699430
22.653499
22.682455
22.689380
22.692823
22.761773
22.811625
22.859688
22.958025
23.047888
23.111819
23.238070
23.329480
23.409992
23.525674
23.620470
23.684248
23.793939
23.860927
22.582450
22.717533
22.559463
22.676128
22.583440
22.752095
22.644527
22.872197
22.814440
23.017233
23.003130
23.245251
23.186391
23.465251
23.420355
23.660458
23.620469
23.890194
23.789020
22.493892
22.449940
22.460820
22.470936
22.473118
22.544276
22.605110
22.657505
22.775164
22.869961
22.955905
23.087370
23.200571
23.286662
23.420354
23.525677
23.603963
23.720687
22.384314
22.489546
22.331926
22.503550
22.410523
22.573091
22.544704
22.763081
22.713009
22.980568
22.963028
23.197408
23.200572
23.465252
23.409992
23.700389
23.654534
22.261252
22.274331
22.273998
22.280796
22.351853
22.420948
22.484110
22.609632
22.721993
22.816768
22.963029
23.087369
23.186393
23.329482
23.448127
23.537490
22.194218
22.286971
22.202657
22.365323
22.279715
22.509936
22.485711
22.701442
22.721993
22.980569
22.955909
23.245250
23.238073
23.483521
23.483557
22.123251
22.129762
22.130421
22.210756
22.281921
22.353659
22.485712
22.609634
22.713010
22.869961
23.003137
23.111819
23.262396
23.392907
22.045134
22.205455
22.126960
22.291593
22.281923
22.509936
22.484112
22.763084
22.775168
23.017232
23.047896
23.320733
23.292768
22.042547
22.052141
22.126963
22.210754
22.279718
22.420948
22.544706
22.657510
22.814445
22.958024
23.066935
23.227901
22.042547
22.205452
22.130430
22.365317
22.351858
22.573095
22.605110
22.872202
22.859693
23.153904
23.162886
22.045136
22.129760
22.202668
22.280789
22.410529
22.544280
22.644533
22.811626
22.945149
23.065406
22.123257
22.286972
22.274004
22.503549
22.473127
22.752093
22.761787
23.004691
23.032342
22.194226
22.274332
22.331924
22.470946
22.583445
22.692824
22.837211
22.985078
22.261253
22.489549
22.460823
22.676135
22.689386
22.953412
22.923116
22.384313
22.449953
22.559466
22.682460
22.760145
22.918081
22.493898
22.717540
22.653505
22.926124
22.908176
22.582456
22.699433
22.785240
22.879677
22.722416
22.934838
22.902688
22.826040
22.929482
22.943013

