Tension at each vertex
-25.215999
-25.216019
-25.212872
-25.212923
-28.949545
-26.572144
-28.949547
-26.572142
-27.115076
-27.110604
-25.460573
-25.452490
-30.283567
-26.792578
-30.193793
-27.215065
-30.396125
-27.463732
-30.556287
-27.846707
-30.729341
-28.242502
-31.020276
-28.629663
-31.343405
-29.034279
-31.618245
-29.344369
-31.866940
-29.496623
-32.026145
-29.576773
-32.037949
-29.562574
-32.310760
-30.744435
-31.955559
-31.088416
-31.718422
-31.228250
-31.764195
-31.286636
-31.834657
-31.437218
-31.905664
-31.601556
-32.040938
-31.742775
-32.166230
-31.909978
-32.230014
-32.028847
-32.296760
-32.073713
-32.296678
-32.236183
-32.050052
-30.349387
-26.953484
-30.442915
-27.286987
-30.456711
-27.616716
-30.623294
-27.925841
-30.853170
-28.317850
-31.120691
-28.724315
-31.455033
-29.063980
-31.743507
-29.351954
-31.928897
-29.499768
-32.121165
-29.465701
-32.236397
-30.774523
-31.845299
-30.894676
-31.830074
-31.047201
-31.799403
-31.197843
-31.861605
-31.337406
-31.956740
-31.527412
-32.041543
-31.714433
-32.165052
-31.859130
-32.237283
-32.019566
-32.223262
-32.120947
-32.296595
-30.611909
-27.006417
-30.532471
-27.303737
-30.598306
-27.635130
-30.723172
-27.993314
-30.960602
-28.361593
-31.259267
-28.769790
-31.543398
-29.110988
-31.829560
-29.323943
-32.019855
-29.499782
-32.073963
-30.538742
-31.925959
-30.754054
-31.859513
-30.914542
-31.857149
-31.087527
-31.885465
-31.267249
-31.967383
-31.431660
-32.065193
-31.646886
-32.141596
-31.829359
-32.237155
-31.928664
-32.296723
-30.602792
-27.023015
-30.630026
-27.324712
-30.687882
-27.649308
-30.836679
-28.013095
-31.055322
-28.408099
-31.359186
-28.768177
-31.647206
-29.110975
-31.859405
-29.352183
-32.028877
-30.596662
-31.878900
-30.673993
-31.888426
-30.830072
-31.888287
-30.994523
-31.918665
-31.169475
-31.956535
-31.359009
-32.065034
-31.543173
-32.165035
-31.743017
-32.230075
-30.526405
-27.142458
-30.637350
-27.356589
-30.754842
-27.658049
-30.919813
-28.009559
-31.169784
-28.408076
-31.431946
-28.770052
-31.714425
-29.064451
-31.910099
-30.582379
-31.823745
-30.677197
-31.870316
-30.782724
-31.901286
-30.919669
-31.918491
-31.055130
-31.967367
-31.258748
-32.041629
-31.454659
-32.165913
-30.558147
-27.172865
-30.643542
-27.391210
-30.782928
-27.658033
-30.994780
-28.013369
-31.267200
-28.362125
-31.527529
-28.724526
-31.743105
-30.554024
-31.836753
-30.643397
-31.870187
-30.754726
-31.888233
-30.836161
-31.885573
-30.960227
-31.956386
-31.120559
-32.040754
-30.554067
-27.172916
-30.677406
-27.356789
-30.829957
-27.649888
-31.087576
-27.993528
-31.337775
-28.318365
-31.601315
-30.558121
-31.823624
-30.636934
-31.888611
-30.687473
-31.856753
-30.723073
-31.861386
-30.852429
-31.905882
-30.582246
-27.143095
-30.673864
-27.324933
-30.914923
-27.635616
-31.197524
-27.926939
-31.437111
-30.525947
-31.878597
-30.630078
-31.859225
-30.597521
-31.799659
-30.622641
-31.834089
-30.596999
-27.023392
-30.753664
-27.304982
-31.046996
-27.617136
-31.287094
-30.602146
-31.926380
-30.531756
-31.829448
-30.456750
-31.763762
-30.538217
-27.006897
-30.895224
-27.287736
-31.227659
-30.612167
-31.844726
-30.441822
-31.718886
-30.773800
-26.955485
-31.087910
-30.348341
-31.954629
-30.745072
-32.313362
-26.844873
-32.029677
-26.598036
-31.950741
-26.902357
-31.766211
-27.002301
-31.781775
-27.013105
-31.764754
-27.049064
-31.764784
-27.013015
-31.781517
-27.001993
-31.766613
-26.901006
-31.951235
-26.597464
-32.029036
-26.844019
-32.314284
-30.225474
-26.642627
-29.973257
-26.891241
-29.985671
-26.925027
-29.907723
-27.042979
-29.783071
-27.106976
-29.722814
-27.120865
-29.665453
-27.164121
-29.606373
-27.180055
-29.625281
-27.158612
-29.654496
-27.177591
-29.638338
-27.151247
-29.942447
-30.659316
-31.807311
-30.839685
-31.397431
-30.787396
-31.229677
-30.607719
-31.033138
-30.460050
-30.779564
-30.268116
-30.547578
-30.037201
-30.314073
-29.878496
-30.102012
-29.765052
-30.008600
-29.688929
-29.938447
-29.821452
-29.708275
-30.278126
-26.792019
-30.202370
-26.940277
-30.016484
-27.046156
-29.934058
-27.076536
-29.853342
-27.128666
-29.760548
-27.158681
-29.725125
-27.146988
-29.692540
-27.169344
-29.660860
-27.158347
-29.745903
-27.056854
-29.821476
-30.686595
-31.687102
-30.636346
-31.491208
-30.586823
-31.239761
-30.486740
-31.023742
-30.316033
-30.781242
-30.146439
-30.498845
-29.964297
-30.280705
-29.795908
-30.091003
-29.750186
-29.923442
-29.746824
-29.938166
-30.536911
-26.837299
-30.280743
-26.943240
-30.138264
-27.040606
-30.003901
-27.107294
-29.923521
-27.131474
-29.859576
-27.171298
-29.780451
-27.171511
-29.763431
-27.126635
-29.750286
-27.157892
-29.688314
-30.449661
-31.762486
-30.487800
-31.508434
-30.439060
-31.276070
-30.352745
-31.019628
-30.216558
-30.764848
-30.021845
-30.499648
-29.880209
-30.242457
-29.764220
-30.090741
-29.661048
-30.009182
-30.522870
-26.848279
-30.369021
-26.951193
-30.211628
-27.035294
-30.096005
-27.106497
-29.996663
-27.159104
-29.944307
-27.155811
-29.880401
-27.171068
-29.795399
-27.169571
-29.764807
-30.507489
-31.709656
-30.401913
-31.527280
-30.343593
-31.294763
-30.246621
-31.040589
-30.107754
-30.743191
-29.944938
-30.499405
-29.780527
-30.281315
-29.692942
-30.101409
-30.442678
-26.963183
-30.367875
-26.974869
-30.268205
-27.035096
-30.170737
-27.095158
-30.108009
-27.158696
-30.021469
-27.171526
-29.964088
-27.145885
-29.879179
-30.492548
-31.651066
-30.402370
-31.504319
-30.293386
-31.303388
-30.171161
-31.040396
-29.996644
-30.765424
-29.859810
-30.498365
-29.726333
-30.314191
-30.471562
-26.990805
-30.369756
-27.006420
-30.293638
-27.034781
-30.246393
-27.106670
-30.216440
-27.130498
-30.147129
-27.158053
-30.036383
-30.465304
-31.662899
-30.369934
-31.504226
-30.268109
-31.295215
-30.096143
-31.019246
-29.924501
-30.781358
-29.760234
-30.548556
-30.465498
-26.990632
-30.402285
-26.974924
-30.343642
-27.034452
-30.353389
-27.106717
-30.315397
-27.128701
-30.268353
-30.471407
-31.651333
-30.367995
-31.526968
-30.212323
-31.276212
-30.003590
-31.024608
-29.853927
-30.778741
-30.492802
-26.962466
-30.402466
-26.950739
-30.438632
-27.040542
-30.487022
-27.074763
-30.461110
-30.443063
-31.709860
-30.368712
-31.509081
-30.138763
-31.239102
-29.935331
-31.033550
-30.507278
-26.848057
-30.488238
-26.941695
-30.587744
-27.045411
-30.606882
-30.523325
-31.761951
-30.281662
-31.491640
-30.016002
-31.230758
-30.450453
-26.836681
-30.635790
-26.939934
-30.787996
-30.536464
-31.687897
-30.203192
-31.396600
-30.687413
-26.789849
-30.840823
-30.279189
-31.808024
-30.658797
-32.205714
-26.162552
-31.696665
-26.830033
-31.581760
-27.112048
-31.604276
-27.328714
-31.603912
-27.541959
-31.654738
-27.693361
-31.742799
-27.844156
-31.818317
-27.974672
-31.924133
-28.030184
-32.066127
-28.008973
-32.181133
-27.982462
-32.420125
-31.993206
-32.138334
-32.066948
-32.033460
-32.071854
-31.980320
-32.077070
-31.978346
-32.114295
-31.955933
-32.169192
-31.954773
-32.196528
-31.936153
-32.228994
-31.877923
-32.232359
-31.792853
-32.248721
-31.639432
-32.354326
-31.449085
-32.374296
-29.600594
-32.347944
-29.707538
-32.298940
-29.778113
-32.276407
-29.764837
-32.279636
-29.725146
-32.254192
-29.633571
-32.241839
-29.456197
-32.206565
-29.209653
-32.158781
-28.847458
-32.124251
-28.408867
-32.046083
-32.125053
-32.053306
-32.059553
-32.028324
-32.078293
-31.962646
-32.134414
-31.926416
-32.157908
-31.895250
-32.198112
-31.821860
-32.220312
-31.733966
-32.221424
-31.590919
-32.225244
-31.435979
-32.204538
-31.317835
-32.315745
-29.658565
-32.337460
-29.661523
-32.344176
-29.664536
-32.303097
-29.633848
-32.284801
-29.515693
-32.258681
-29.352906
-32.205320
-29.102168
-32.157028
-28.781197
-32.080040
-28.419279
-32.004778
-32.076241
-31.948574
-32.092375
-31.914314
-32.092326
-31.874868
-32.131563
-31.786193
-32.166592
-31.703512
-32.163761
-31.579887
-32.167514
-31.419318
-32.139946
-31.256517
-32.109593
-31.101967
-32.334487
-29.537932
-32.309888
-29.535652
-32.301877
-29.457812
-32.280932
-29.361463
-32.217679
-29.195765
-32.172716
-28.950231
-32.099987
-28.671056
-32.021302
-28.343845
-31.929387
-32.007052
-31.817449
-32.041197
-31.728492
-32.075165
-31.657380
-32.069988
-31.555637
-32.086342
-31.401730
-32.070035
-31.254734
-32.033739
-31.081294
-31.995228
-30.944159
-32.261236
-29.294521
-32.258246
-29.244257
-32.196668
-29.143312
-32.157403
-28.960589
-32.093623
-28.763629
-32.007479
-28.503158
-31.940543
-28.234012
-31.835020
-31.936233
-31.560149
-31.933830
-31.480404
-31.962890
-31.346490
-31.969013
-31.229356
-31.936550
-31.072618
-31.924996
-30.914938
-31.866865
-30.795601
-32.132831
-28.968267
-32.115843
-28.835564
-32.062558
-28.705033
-31.970546
-28.517739
-31.919875
-28.292099
-31.834536
-28.086336
-31.759231
-31.794488
-31.232323
-31.820890
-31.151174
-31.805906
-31.035856
-31.826080
-30.883011
-31.797206
-30.771803
-31.760054
-30.627215
-32.016623
-28.539682
-31.937070
-28.410083
-31.885684
-28.223984
-31.810768
-28.078751
-31.738616
-27.876200
-31.710849
-31.633172
-30.940613
-31.679003
-30.824188
-31.700907
-30.749500
-31.680380
-30.611142
-31.699036
-30.484597
-31.876433
-28.090334
-31.812619
-27.969828
-31.703619
-27.809674
-31.696674
-27.650949
-31.640335
-31.532370
-30.672581
-31.551158
-30.611885
-31.638517
-30.479435
-31.617195
-30.393990
-31.754112
-27.718305
-31.700125
-27.511633
-31.623312
-27.450530
-31.604687
-31.433416
-30.445392
-31.556100
-30.463507
-31.569473
-30.277667
-31.754293
-27.325357
-31.560512
-27.141431
-31.639309
-31.330370
-30.403914
-31.634607
-30.236665
-31.756586
-26.762718
-31.615477
-31.507040
-30.376391
-31.722575
-30.224306
-26.643446
-29.973772
-26.892234
-29.984137
-26.927458
-29.906818
-27.043140
-29.783652
-27.107774
-29.721280
-27.122864
-29.664708
-27.164055
-29.606664
-27.180680
-29.623876
-27.159842
-29.653882
-27.177410
-29.638035
-27.151711
-29.941428
-30.071203
-27.311107
-29.931354
-27.369898
-29.918757
-27.464306
-29.887141
-27.487893
-29.848064
-27.463538
-29.831481
-27.385588
-29.826329
-27.292512
-29.841627
-27.159158
-29.909581
-27.002910
-29.989126
-26.813136
-30.141198
-26.420387
-30.469579
-31.610601
-30.202735
-31.402102
-29.950893
-31.308506
-29.863332
-31.140102
-29.834481
-31.020949
-29.760207
-30.923629
-29.720934
-30.788241
-29.709519
-30.676319
-29.674382
-30.607172
-29.657424
-30.524092
-29.748376
-30.431785
-29.739445
-31.292884
-26.494826
-31.299711
-26.745930
-31.102135
-26.908653
-30.995062
-26.941609
-30.905108
-26.978398
-30.775595
-26.995614
-30.683424
-26.943661
-30.633166
-26.863877
-30.576102
-26.791558
-30.522303
-26.642273
-30.598966
-31.474592
-30.047711
-31.149973
-29.962639
-31.061639
-29.812857
-30.960787
-29.752931
-30.803746
-29.708632
-30.684419
-29.634433
-30.586624
-29.589528
-30.472256
-29.594359
-30.358875
-29.619664
-30.291667
-29.698058
-30.932667
-26.851200
-31.005322
-26.873695
-30.913323
-26.979460
-30.753639
-27.036259
-30.647216
-27.019600
-30.555715
-27.001346
-30.451592
-26.976063
-30.371608
-26.917468
-30.328061
-26.844474
-30.247139
-31.269589
-29.864246
-31.045627
-29.841460
-30.850585
-29.765019
-30.729064
-29.658820
-30.601557
-29.599823
-30.452183
-29.562632
-30.331012
-29.534909
-30.232830
-29.553525
-30.110508
-29.665460
-30.807224
-26.987756
-30.725894
-27.026295
-30.645346
-27.036541
-30.524352
-27.069045
-30.381947
-27.074434
-30.281892
-27.048168
-30.203325
-27.029975
-30.122159
-27.034223
-30.035681
-31.014289
-29.806949
-30.847617
-29.716479
-30.672124
-29.659105
-30.490141
-29.590599
-30.354439
-29.523018
-30.227457
-29.506635
-30.100788
-29.536584
-29.987158
-29.599110
-30.616867
-27.040355
-30.511918
-27.088533
-30.363328
-27.107249
-30.249748
-27.101909
-30.136657
-27.121055
-30.034673
-27.137707
-29.966848
-27.150277
-29.910617
-30.819114
-29.721917
-30.604358
-29.648973
-30.441662
-29.562474
-30.278920
-29.525607
-30.128784
-29.504219
-30.021487
-29.511916
-29.925899
-29.563987
-30.370302
-27.112721
-30.259638
-27.111830
-30.121119
-27.149472
-29.990636
-27.173745
-29.916862
-27.201332
-29.859691
-27.251840
-29.811289
-30.587675
-29.627184
-30.392690
-29.584306
-30.208351
-29.532538
-30.088683
-29.501221
-29.978228
-29.520273
-29.886623
-29.554875
-30.151503
-27.151673
-29.997651
-27.167597
-29.901607
-27.191775
-29.817688
-27.260028
-29.770861
-27.324409
-29.759324
-30.334223
-29.596386
-30.193346
-29.538210
-30.058813
-29.537745
-29.955996
-29.536094
-29.892614
-29.555099
-29.938723
-27.162370
-29.821177
-27.219726
-29.735214
-27.274375
-29.721704
-27.359824
-29.718347
-30.161622
-29.586320
-30.034095
-29.565508
-29.975905
-29.564547
-29.903668
-29.587240
-29.758617
-27.210648
-29.708293
-27.256192
-29.669243
-27.372158
-29.687843
-30.040940
-29.587688
-29.979965
-29.625695
-29.929358
-29.619122
-29.695891
-27.242517
-29.637020
-27.320787
-29.677198
-29.953270
-29.672589
-29.975751
-29.674393
-29.686638
-27.199336
-29.685315
-30.033079
-29.772793
-29.563456
-32.148711
-26.075112
-31.545840
-26.636485
-31.324958
-26.802965
-31.227337
-26.888201
-31.092163
-26.956790
-30.991501
-26.947067
-30.921779
-26.925159
-30.828627
-26.892179
-30.765410
-26.779930
-30.767966
-26.603538
-30.746673
-26.474988
-30.896324
-31.851369
-32.154470
-31.802393
-31.863086
-31.752505
-31.748289
-31.639459
-31.675715
-31.595275
-31.582709
-31.538245
-31.490063
-31.426984
-31.334589
-31.301946
-31.147176
-31.119685
-30.996099
-30.950808
-30.740474
-30.933146
-30.477010
-31.269261
-27.683866
-30.942056
-27.546026
-30.532498
-27.380258
-30.244478
-27.161440
-30.013713
-27.006234
-29.847105
-26.900227
-29.800645
-26.835773
-29.792824
-26.807885
-29.813802
-26.683446
-29.921582
-26.509630
-29.908781
-31.878508
-32.041858
-31.678055
-31.899411
-31.625834
-31.725155
-31.592749
-31.631513
-31.535641
-31.532636
-31.477217
-31.383093
-31.358911
-31.217178
-31.213828
-30.989198
-31.113571
-30.751389
-30.936210
-30.631821
-31.030003
-27.751343
-30.732401
-27.476390
-30.435342
-27.280011
-30.140235
-27.099906
-29.945920
-26.950464
-29.837405
-26.884308
-29.805714
-26.822051
-29.844888
-26.745401
-29.839796
-26.708895
-29.812707
-31.803200
-31.908158
-31.681756
-31.790093
-31.576490
-31.683292
-31.542738
-31.568415
-31.498219
-31.453887
-31.401629
-31.278318
-31.288785
-31.068742
-31.127262
-30.891703
-30.945545
-30.678905
-30.850152
-27.702567
-30.534604
-27.449797
-30.271714
-27.209661
-30.043555
-27.041427
-29.878398
-26.932455
-29.824796
-26.872989
-29.806756
-26.853556
-29.790778
-26.795844
-29.785944
-31.747749
-31.822213
-31.636452
-31.693491
-31.573517
-31.611087
-31.517055
-31.515282
-31.453823
-31.365524
-31.328168
-31.192296
-31.165270
-30.983393
-31.008002
-30.784496
-30.659639
-27.621019
-30.393219
-27.366577
-30.128314
-27.152707
-29.935849
-26.995273
-29.826580
-26.932525
-29.790336
-26.898945
-29.794886
-26.870532
-29.748160
-31.712271
-31.720237
-31.599210
-31.641214
-31.550973
-31.559883
-31.497920
-31.456159
-31.388122
-31.287503
-31.239647
-31.088911
-31.046887
-30.911335
-30.499109
-27.533626
-30.240339
-27.265877
-30.008828
-27.068243
-29.846833
-26.959056
-29.790522
-26.927334
-29.776851
-26.933091
-29.752615
-31.648892
-31.643958
-31.585470
-31.591668
-31.541619
-31.526566
-31.462076
-31.393944
-31.307910
-31.209272
-31.114946
-31.001083
-30.374694
-27.396387
-30.109220
-27.150348
-29.892344
-26.987333
-29.785736
-26.932692
-29.777534
-26.934779
-29.784980
-31.606333
-31.607345
-31.567670
-31.582782
-31.530966
-31.492364
-31.412181
-31.313778
-31.211650
-31.109890
-30.236717
-27.249958
-29.988201
-27.001765
-29.821598
-26.896373
-29.776914
-26.920892
-29.789104
-31.597289
-31.578855
-31.597672
-31.574207
-31.509101
-31.457611
-31.303810
-31.236998
-30.136865
-27.063375
-29.865657
-26.877618
-29.764840
-26.854228
-29.820812
-31.582292
-31.635012
-31.606483
-31.570319
-31.470789
-31.343092
-30.039702
-26.802268
-29.833444
-26.703391
-29.840310
-31.684073
-31.685545
-31.622504
-31.552749
-29.887893
-26.534559
-29.795334
-31.886602
-31.851836
-29.683390
-32.313330
-26.844867
-32.029677
-26.598035
-31.950737
-26.902351
-31.766210
-27.002301
-31.781775
-27.013104
-31.764754
-27.049062
-31.764784
-27.013014
-31.781516
-27.001994
-31.766611
-26.901002
-31.951229
-26.597462
-32.029023
-26.844009
-32.314253
-30.285060
-26.791427
-30.193636
-27.214384
-30.397050
-27.462004
-30.557313
-27.845938
-30.729369
-28.242084
-31.020845
-28.628678
-31.344101
-29.033801
-31.618418
-29.344152
-31.867309
-29.496207
-32.026569
-29.576593
-32.038152
-29.562524
-32.310957
-30.745067
-31.954622
-31.087909
-31.718884
-31.227658
-31.763759
-31.287092
-31.834086
-31.437106
-31.905879
-31.601310
-32.040751
-31.743102
-32.165912
-31.910098
-32.230076
-32.028876
-32.296724
-32.073962
-32.296596
-32.236395
-32.050053
-30.348343
-26.955492
-30.441822
-27.287734
-30.456748
-27.617134
-30.622636
-27.926936
-30.852422
-28.318360
-31.120554
-28.724523
-31.454657
-29.064452
-31.743015
-29.352186
-31.928664
-29.499784
-32.120947
-29.465704
-32.236182
-30.773812
-31.844719
-30.895224
-31.829445
-31.046993
-31.799656
-31.197519
-31.861382
-31.337770
-31.956381
-31.527525
-32.041628
-31.714423
-32.165036
-31.859403
-32.237157
-32.019853
-32.223264
-32.121163
-32.296679
-30.612166
-27.006898
-30.531750
-27.304982
-30.597516
-27.635614
-30.723067
-27.993525
-30.960223
-28.362122
-31.258745
-28.770052
-31.543170
-29.110976
-31.829357
-29.323946
-32.019566
-29.499770
-32.073713
-30.538213
-31.926375
-30.753663
-31.859221
-30.914921
-31.856749
-31.087573
-31.885571
-31.267197
-31.967364
-31.431941
-32.065033
-31.647203
-32.141597
-31.829559
-32.237285
-31.928896
-32.296761
-30.602146
-27.023390
-30.630074
-27.324933
-30.687469
-27.649886
-30.836158
-28.013366
-31.055124
-28.408072
-31.359003
-28.768177
-31.646884
-29.110990
-31.859130
-29.351957
-32.028847
-30.596998
-31.878597
-30.673862
-31.888609
-30.829957
-31.888229
-30.994776
-31.918485
-31.169776
-31.956531
-31.359182
-32.065195
-31.543398
-32.165055
-31.743507
-32.230016
-30.525946
-27.143093
-30.636933
-27.356786
-30.754723
-27.658026
-30.919662
-28.009553
-31.169470
-28.408099
-31.431661
-28.769793
-31.714434
-29.063983
-31.909979
-30.582244
-31.823622
-30.677404
-31.870183
-30.782923
-31.901278
-30.919806
-31.918661
-31.055320
-31.967385
-31.259269
-32.041545
-31.455033
-32.166231
-30.558119
-27.172913
-30.643394
-27.391204
-30.782720
-27.658040
-30.994517
-28.013093
-31.267249
-28.361596
-31.527415
-28.724317
-31.742778
-30.554065
-31.836751
-30.643540
-31.870312
-30.754837
-31.888277
-30.836668
-31.885459
-30.960601
-31.956743
-31.120695
-32.040941
-30.554023
-27.172863
-30.677196
-27.356586
-30.830069
-27.649296
-31.087510
-27.993304
-31.337408
-28.317856
-31.601564
-30.558146
-31.823744
-30.637349
-31.888424
-30.687875
-31.857131
-30.723143
-31.861590
-30.853172
-31.905675
-30.582379
-27.142457
-30.673993
-27.324713
-30.914539
-27.635111
-31.197804
-27.925820
-31.437221
-30.526405
-31.878900
-30.630026
-31.859513
-30.598304
-31.799384
-30.623246
-31.834625
-30.596663
-27.023016
-30.754059
-27.303744
-31.047206
-27.616703
-31.286591
-30.602794
-31.925956
-30.532471
-31.830077
-30.456718
-31.764185
-30.538741
-27.006422
-30.894684
-27.286995
-31.228258
-30.611911
-31.845293
-30.442921
-31.718427
-30.774534
-26.953495
-31.088422
-30.349383
-31.955552
-30.744438
-30.224315
-26.643439
-29.973775
-26.892234
-29.984138
-26.927460
-29.906818
-27.043142
-29.783652
-27.107775
-29.721280
-27.122864
-29.664707
-27.164056
-29.606662
-27.180680
-29.623876
-27.159841
-29.653883
-27.177410
-29.638037
-27.151710
-29.941431
-30.658800
-31.808016
-30.840827
-31.396601
-30.787998
-31.230760
-30.606884
-31.033552
-30.461113
-30.778742
-30.268353
-30.548558
-30.036381
-30.314191
-29.879179
-30.101408
-29.764808
-30.009182
-29.688315
-29.938166
-29.821479
-29.708274
-30.279184
-26.789859
-30.203195
-26.939936
-30.016004
-27.045411
-29.935332
-27.074763
-29.853926
-27.128703
-29.760231
-27.158053
-29.726332
-27.145883
-29.692943
-27.169570
-29.661047
-27.157891
-29.746824
-27.056852
-29.821454
-30.687424
-31.687888
-30.635796
-31.491636
-30.587747
-31.239101
-30.487023
-31.024609
-30.315395
-30.781359
-30.147129
-30.498364
-29.964089
-30.281315
-29.795399
-30.090741
-29.750287
-29.923441
-29.745906
-29.938447
-30.536464
-26.836683
-30.281660
-26.941697
-30.138762
-27.040543
-30.003588
-27.106718
-29.924500
-27.130499
-29.859811
-27.171527
-29.780528
-27.171067
-29.764220
-27.126633
-29.750187
-27.158346
-29.688929
-30.450451
-31.761946
-30.488243
-31.509078
-30.438635
-31.276212
-30.353391
-31.019247
-30.216443
-30.765426
-30.021471
-30.499405
-29.880402
-30.242456
-29.763431
-30.091003
-29.660860
-30.008600
-30.523328
-26.848056
-30.368712
-26.950740
-30.212322
-27.034454
-30.096144
-27.106672
-29.996646
-27.158697
-29.944939
-27.155809
-29.880209
-27.171510
-29.795908
-27.169343
-29.765052
-30.507280
-31.709860
-30.402467
-31.526968
-30.343644
-31.295216
-30.246396
-31.040396
-30.108010
-30.743190
-29.944307
-30.499648
-29.780451
-30.280705
-29.692541
-30.102011
-30.443063
-26.962466
-30.367994
-26.974926
-30.268109
-27.034783
-30.171161
-27.095157
-30.107754
-27.159104
-30.021845
-27.171298
-29.964298
-27.146987
-29.878496
-30.492802
-31.651334
-30.402285
-31.504228
-30.293638
-31.303388
-30.170737
-31.040588
-29.996664
-30.764849
-29.859578
-30.498845
-29.725125
-30.314074
-30.471406
-26.990632
-30.369932
-27.006420
-30.293384
-27.035096
-30.246621
-27.106499
-30.216559
-27.131476
-30.146439
-27.158682
-30.037199
-30.465496
-31.662900
-30.369755
-31.504321
-30.268204
-31.294764
-30.096006
-31.019630
-29.923521
-30.781244
-29.760546
-30.547580
-30.465302
-26.990805
-30.402368
-26.974870
-30.343594
-27.035296
-30.352746
-27.107296
-30.316031
-27.128667
-30.268115
-30.471560
-31.651067
-30.367875
-31.527282
-30.211627
-31.276071
-30.003900
-31.023743
-29.853341
-30.779564
-30.492547
-26.963182
-30.401913
-26.951194
-30.439062
-27.040606
-30.486740
-27.076536
-30.460052
-30.442678
-31.709657
-30.369020
-31.508432
-30.138263
-31.239761
-29.934058
-31.033139
-30.507489
-26.848278
-30.487803
-26.943240
-30.586825
-27.046157
-30.607720
-30.522871
-31.762482
-30.280740
-31.491205
-30.016485
-31.229678
-30.449658
-26.837301
-30.636348
-26.940278
-30.787396
-30.536910
-31.687095
-30.202371
-31.397432
-30.686608
-26.792027
-30.839685
-30.278128
-31.807305
-30.659311
-30.283574
-26.792571
-30.193793
-27.215064
-30.396123
-27.463730
-30.556284
-27.846704
-30.729337
-28.242500
-31.020271
-28.629661
-31.343402
-29.034277
-31.618244
-29.344369
-31.866939
-29.496625
-32.026145
-29.576775
-32.037948
-29.562576
-32.310758
-32.390990
-29.626797
-32.249053
-29.704915
-32.222743
-29.789824
-32.220580
-29.826882
-32.196545
-29.841941
-32.203242
-29.783679
-32.217296
-29.690719
-32.204306
-29.518632
-32.189197
-29.249421
-32.129478
-28.886698
-32.069241
-28.296117
-32.153089
-31.722574
-30.376393
-31.615475
-30.236664
-31.639310
-30.277667
-31.604684
-30.393984
-31.640330
-30.484594
-31.710850
-30.627214
-31.759227
-30.795597
-31.835017
-30.944156
-31.929386
-31.101966
-32.004776
-31.317834
-32.046080
-31.449086
-31.507034
-26.762717
-31.634604
-27.141430
-31.569473
-27.450530
-31.617192
-27.650944
-31.699032
-27.876197
-31.760053
-28.086335
-31.866861
-28.234008
-31.995225
-28.343843
-32.109591
-28.419278
-32.204536
-28.408866
-32.354325
-31.756581
-30.403911
-31.560509
-30.463504
-31.623311
-30.479434
-31.696672
-30.611137
-31.738612
-30.771800
-31.834535
-30.914937
-31.940541
-31.081291
-32.021300
-31.256516
-32.080038
-31.435978
-32.124250
-31.639431
-31.330368
-27.325354
-31.556096
-27.511630
-31.638516
-27.809673
-31.680377
-28.078748
-31.797201
-28.292096
-31.924994
-28.503157
-32.033737
-28.671054
-32.139944
-28.781196
-32.225243
-28.847457
-32.248721
-31.754290
-30.445388
-31.700122
-30.611881
-31.703617
-30.749498
-31.810766
-30.883007
-31.919872
-31.072615
-32.007478
-31.254733
-32.099985
-31.419317
-32.157028
-31.590918
-32.158780
-31.792853
-31.433414
-27.718301
-31.551153
-27.969825
-31.700904
-28.223982
-31.826079
-28.517736
-31.936546
-28.763627
-32.070033
-28.950231
-32.167513
-29.102166
-32.221424
-29.209653
-32.232358
-31.754109
-30.672576
-31.812615
-30.824183
-31.885682
-31.035854
-31.970545
-31.229353
-32.093621
-31.401729
-32.172715
-31.579887
-32.205320
-31.733966
-32.206565
-31.877924
-31.532367
-28.090330
-31.678999
-28.410079
-31.805903
-28.705032
-31.969011
-28.960588
-32.086340
-29.195764
-32.163760
-29.352906
-32.220312
-29.456197
-32.228993
-31.876430
-30.940610
-31.937067
-31.151170
-32.062556
-31.346488
-32.157403
-31.555636
-32.217679
-31.703512
-32.258681
-31.821860
-32.241840
-31.936154
-31.633169
-28.539680
-31.820887
-28.835561
-31.962887
-29.143312
-32.069987
-29.361464
-32.166591
-29.515693
-32.198112
-29.633571
-32.196527
-32.016621
-31.232320
-32.115842
-31.480401
-32.196667
-31.657379
-32.280932
-31.786192
-32.284802
-31.895250
-32.254192
-31.954774
-31.794485
-28.968267
-31.933828
-29.244257
-32.075163
-29.457812
-32.131563
-29.633848
-32.157908
-29.725147
-32.169191
-32.132830
-31.560147
-32.258247
-31.728491
-32.301878
-31.874867
-32.303098
-31.926416
-32.279636
-31.955932
-31.936233
-29.294522
-32.041196
-29.535653
-32.092324
-29.664537
-32.134413
-29.764837
-32.114295
-32.261234
-31.817450
-32.309888
-31.914314
-32.344177
-31.962644
-32.276408
-31.978344
-32.007052
-29.537932
-32.092375
-29.661524
-32.078292
-29.778114
-32.077068
-32.334487
-31.948575
-32.337459
-32.028324
-32.298940
-31.980318
-32.076240
-29.658566
-32.059554
-29.707537
-32.071854
-32.315745
-32.053305
-32.347943
-32.033460
-32.125053
-29.600595
-32.066947
-32.374296
-32.138333
-31.993204
-32.148718
-26.075110
-31.545845
-26.636489
-31.324960
-26.802968
-31.227336
-26.888196
-31.092161
-26.956792
-30.991505
-26.947070
-30.921778
-26.925156
-30.828627
-26.892179
-30.765410
-26.779929
-30.767965
-26.603537
-30.746672
-26.474987
-30.896323
-29.563457
-29.772794
-29.685316
-29.674391
-29.677198
-29.619123
-29.687843
-29.587240
-29.718348
-29.555100
-29.759324
-29.554875
-29.811289
-29.563987
-29.910616
-29.599110
-30.035680
-29.665460
-30.247138
-29.698057
-30.598965
-29.739444
-30.033080
-27.199335
-29.975754
-27.320790
-29.929360
-27.372158
-29.903670
-27.359824
-29.892615
-27.324410
-29.886624
-27.251840
-29.925900
-27.150278
-29.987158
-27.034223
-30.110509
-26.844473
-30.291668
-26.642273
-30.431786
-29.686639
-29.672590
-29.637018
-29.625694
-29.669244
-29.564547
-29.721704
-29.536094
-29.770861
-29.520273
-29.859690
-29.511916
-29.966848
-29.536583
-30.122159
-29.553524
-30.328060
-29.619663
-30.522303
-29.748375
-29.953270
-27.242518
-29.979968
-27.256192
-29.975906
-27.274375
-29.955997
-27.260028
-29.978229
-27.201332
-30.021488
-27.137707
-30.100789
-27.029974
-30.232831
-26.917468
-30.358875
-26.791557
-30.524092
-29.695890
-29.587687
-29.708291
-29.565508
-29.735213
-29.537745
-29.817688
-29.501221
-29.916862
-29.504218
-30.034673
-29.506635
-30.203325
-29.534908
-30.371608
-29.594359
-30.576102
-29.657424
-30.040941
-27.210650
-30.034096
-27.219725
-30.058813
-27.191774
-30.088684
-27.173745
-30.128785
-27.121055
-30.227458
-27.048168
-30.331013
-26.976061
-30.472257
-26.863877
-30.607172
-29.758615
-29.586318
-29.821176
-29.538210
-29.901606
-29.532538
-29.990636
-29.525607
-30.136656
-29.523018
-30.281892
-29.562632
-30.451592
-29.589527
-30.633165
-29.674382
-30.161623
-27.162370
-30.193346
-27.167596
-30.208351
-27.149472
-30.278921
-27.101909
-30.354439
-27.074433
-30.452184
-27.001346
-30.586624
-26.943659
-30.676319
-29.938721
-29.596386
-29.997651
-29.584305
-30.121119
-29.562475
-30.249749
-29.590598
-30.381946
-29.599822
-30.555715
-29.634434
-30.683424
-29.709517
-30.334224
-27.151673
-30.392691
-27.111829
-30.441663
-27.107249
-30.490142
-27.069044
-30.601557
-27.019600
-30.684421
-26.995616
-30.788241
-30.151504
-29.627185
-30.259637
-29.648972
-30.363329
-29.659105
-30.524352
-29.658819
-30.647215
-29.708632
-30.775597
-29.720936
-30.587675
-27.112722
-30.604358
-27.088532
-30.672125
-27.036543
-30.729065
-27.036258
-30.803746
-26.978399
-30.923633
-30.370303
-29.721916
-30.511917
-29.716478
-30.645346
-29.765020
-30.753639
-29.752929
-30.905106
-29.760208
-30.819116
-27.040356
-30.847617
-27.026295
-30.850587
-26.979462
-30.960788
-26.941608
-31.020947
-30.616867
-29.806948
-30.725894
-29.841460
-30.913324
-29.812858
-30.995062
-29.834478
-31.014291
-26.987756
-31.045628
-26.873697
-31.061641
-26.908655
-31.140102
-30.807225
-29.864246
-31.005321
-29.962639
-31.102137
-29.863333
-31.269590
-26.851200
-31.149974
-26.745931
-31.308509
-30.932668
-30.047710
-31.299710
-29.950894
-31.474590
-26.494827
-31.402102
-31.292878
-30.202738
-31.610603
-32.205722
-26.162552
-31.696670
-26.830036
-31.581762
-27.112050
-31.604274
-27.328707
-31.603907
-27.541959
-31.654740
-27.693361
-31.742795
-27.844151
-31.818314
-27.974670
-31.924131
-28.030182
-32.066125
-28.008971
-32.181131
-27.982463
-32.420125
-31.593679
-27.697931
-31.010821
-27.670822
-30.676133
-27.433768
-30.386133
-27.253023
-30.087721
-27.084191
-29.893725
-26.938849
-29.788319
-26.875899
-29.764322
-26.812127
-29.818739
-26.733926
-29.821318
-26.681213
-29.845236
-26.392916
-30.105068
-29.683373
-31.851846
-29.795328
-31.552755
-29.840312
-31.343090
-29.820805
-31.236994
-29.789107
-31.109898
-29.784984
-31.001080
-29.752611
-30.911334
-29.748162
-30.784498
-29.785944
-30.678904
-29.812707
-30.631821
-29.908780
-30.477011
-31.886610
-26.534550
-31.622520
-26.703387
-31.470787
-26.854220
-31.303805
-26.920896
-31.211660
-26.934784
-31.114942
-26.933083
-31.046884
-26.870535
-31.008004
-26.795844
-30.945543
-26.708894
-30.936209
-26.509630
-30.933146
-29.887888
-31.685560
-29.833433
-31.570322
-29.764827
-31.457606
-29.776920
-31.313792
-29.777540
-31.209265
-29.776839
-31.088908
-29.794891
-30.983398
-29.790778
-30.891700
-29.839794
-30.751390
-29.921582
-30.740475
-31.684078
-26.802264
-31.606486
-26.877601
-31.509098
-26.896378
-31.412198
-26.932699
-31.307900
-26.927317
-31.239642
-26.898953
-31.165279
-26.853556
-31.127257
-26.745398
-31.113571
-26.683447
-30.950809
-30.039703
-31.635010
-29.865643
-31.574205
-29.821601
-31.492384
-29.785744
-31.393931
-29.790499
-31.287496
-29.790349
-31.192311
-29.806757
-31.068734
-29.844882
-30.989198
-29.813805
-30.996101
-31.582289
-27.063366
-31.597666
-27.001769
-31.530987
-26.987339
-31.462062
-26.959028
-31.388113
-26.932543
-31.328189
-26.872992
-31.288772
-26.822040
-31.213828
-26.807891
-31.119689
-30.136857
-31.578848
-29.988206
-31.582798
-29.892351
-31.526552
-29.846803
-31.456150
-29.826600
-31.365551
-29.824801
-31.278301
-29.805698
-31.217178
-29.792833
-31.147183
-31.597284
-27.249961
-31.567683
-27.150355
-31.541606
-27.068215
-31.497911
-26.995294
-31.453854
-26.932460
-31.401607
-26.884286
-31.358909
-26.835787
-31.301957
-30.236717
-31.607355
-30.109225
-31.591657
-30.008803
-31.559874
-29.935868
-31.515313
-29.878404
-31.453863
-29.837378
-31.383091
-29.800663
-31.334606
-31.606339
-27.396390
-31.585462
-27.265858
-31.550965
-27.152724
-31.517082
-27.041432
-31.498194
-26.950436
-31.477214
-26.900248
-31.427003
-30.374696
-31.643952
-30.240325
-31.641208
-30.128326
-31.611108
-30.043558
-31.568393
-29.945893
-31.532634
-29.847127
-31.490086
-31.648887
-27.533616
-31.599205
-27.366585
-31.573531
-27.209662
-31.542720
-27.099883
-31.535638
-27.006255
-31.538267
-30.499102
-31.720233
-30.393223
-31.693500
-30.271714
-31.683279
-30.140218
-31.631511
-30.013731
-31.582729
-31.712268
-27.621020
-31.636455
-27.449796
-31.576481
-27.279999
-31.592748
-27.161454
-31.595291
-30.659638
-31.822213
-30.534602
-31.790086
-30.435335
-31.725155
-30.244487
-31.675726
-31.747748
-27.702565
-31.681752
-27.476385
-31.625833
-27.380263
-31.639465
-30.850150
-31.908155
-30.732398
-31.899410
-30.532500
-31.748293
-31.803197
-27.751341
-31.678054
-27.546026
-31.752506
-31.030001
-32.041857
-30.942056
-31.863087
-31.878507
-27.683865
-31.802392
-31.269261
-32.154470
-31.851368
-30.285024
-26.791418
-30.193625
-27.214378
-30.397043
-27.462009
-30.557349
-27.845978
-30.729370
-28.242072
-31.020836
-28.628670
-31.344097
-29.033799
-31.618416
-29.344151
-31.867310
-29.496204
-32.026570
-29.576591
-32.038154
-29.562521
-32.310960
-32.390979
-29.626724
-32.249000
-29.704757
-32.222918
-29.789212
-32.220923
-29.826374
-32.196518
-29.841353
-32.203726
-29.782267
-32.217992
-29.689661
-32.204318
-29.517419
-32.190101
-29.246929
-32.130618
-28.884807
-32.069435
-28.293734
-32.154728
-31.721912
-30.377587
-31.616568
-30.236427
-31.639995
-30.279381
-31.603910
-30.395357
-31.641441
-30.484602
-31.711546
-30.629105
-31.758582
-30.797169
-31.836145
-30.944407
-31.930282
-31.103839
-32.004438
-31.319514
-32.047370
-31.449450
-31.508044
-26.760229
-31.635276
-27.140641
-31.568748
-27.449315
-31.618197
-27.648334
-31.699629
-27.875210
-31.759331
-28.084882
-31.867794
-28.231171
-31.995876
-28.342413
-32.109033
-28.417472
-32.205495
-28.405584
-32.355319
-31.757195
-30.405337
-31.559853
-30.464649
-31.624259
-30.479382
-31.697276
-30.612738
-31.738025
-30.773082
-31.835538
-30.915053
-31.941297
-31.082906
-32.020954
-31.257894
-32.081173
-31.436150
-32.125409
-31.640817
-31.329777
-27.324349
-31.556948
-27.509439
-31.639019
-27.808892
-31.679744
-28.077563
-31.798031
-28.289705
-31.925527
-28.502059
-32.033198
-28.669589
-32.140775
-28.778483
-32.225995
-28.845786
-32.248443
-31.755081
-30.445351
-31.700625
-30.613217
-31.703103
-30.750546
-31.811634
-30.883056
-31.920489
-31.073995
-32.007127
-31.255866
-32.100964
-31.419426
-32.157922
-31.592171
-32.158760
-31.794020
-31.433804
-27.717696
-31.550618
-27.968857
-31.701594
-28.222005
-31.826492
-28.516907
-31.936044
-28.762450
-32.070739
-28.948004
-32.168066
-29.100932
-32.221090
-29.208179
-32.233068
-31.753719
-30.673421
-31.813329
-30.824219
-31.886159
-31.037024
-31.970215
-31.230283
-32.094449
-31.401799
-32.173398
-31.581004
-32.205214
-31.734934
-32.207502
-31.878064
-31.532879
-28.088772
-31.679283
-28.409455
-31.805443
-28.704086
-31.969587
-28.958789
-32.086734
-29.194862
-32.163397
-29.351745
-32.220910
-29.454175
-32.229482
-31.876774
-30.941573
-31.936783
-31.151926
-32.063231
-31.346557
-32.157909
-31.556616
-32.217528
-31.704316
-32.259460
-31.821954
-32.242525
-31.937103
-31.632753
-28.538949
-31.821315
-28.834154
-31.963128
-29.142660
-32.069622
-29.360562
-32.167067
-29.514074
-32.198459
-29.632677
-32.196230
-32.017137
-31.232415
-32.116192
-31.481251
-32.196509
-31.658044
-32.281556
-31.786281
-32.285313
-31.896076
-32.254145
-31.955487
-31.794562
-28.967832
-31.933475
-29.243568
-32.075502
-29.456562
-32.131770
-29.633210
-32.157607
-29.724327
-32.169565
-32.132691
-31.560680
-32.258724
-31.728614
-32.302229
-31.875584
-32.303020
-31.927000
-32.280191
-31.956027
-31.936417
-29.293637
-32.041247
-29.535225
-32.092022
-29.663928
-32.134677
-29.763753
-32.114477
-32.261427
-31.818067
-32.309812
-31.914796
-32.344592
-31.962754
-32.276744
-31.978925
-32.006751
-29.537506
-32.092494
-29.660761
-32.078350
-29.777727
-32.076825
-32.334764
-31.948746
-32.337660
-32.028819
-32.298889
-31.980711
-32.076134
-29.658348
-32.059299
-29.707209
-32.071956
-32.315710
-32.053635
-32.348155
-32.033559
-32.124996
-29.600256
-32.066915
-32.374358
-32.138608
-31.993037
-32.150155
-26.073772
-31.544963
-26.635817
-31.325863
-26.799421
-31.229036
-26.886776
-31.090464
-26.956214
-30.992366
-26.942458
-30.923710
-26.923416
-30.826154
-26.891372
-30.766395
-26.774089
-30.770135
-26.601230
-30.743856
-26.473294
-30.897808
-29.562840
-29.773577
-29.685940
-29.674090
-29.677793
-29.621067
-29.686121
-29.588943
-29.719684
-29.553828
-29.760195
-29.557584
-29.808463
-29.566373
-29.912206
-29.597532
-30.036858
-29.668770
-30.244114
-29.700974
-30.601074
-29.738395
-30.033555
-27.198032
-29.975927
-27.320800
-29.927897
-27.371629
-29.905094
-27.356437
-29.893890
-27.324268
-29.884847
-27.250931
-29.928495
-27.145230
-29.989438
-27.033400
-30.108833
-26.842664
-30.294970
-26.635862
-30.434222
-29.686428
-29.674097
-29.635891
-29.626947
-29.670367
-29.563719
-29.722427
-29.538406
-29.768658
-29.522178
-29.861274
-29.510434
-29.967874
-29.539572
-30.119324
-29.556016
-30.330005
-29.618259
-30.523504
-29.752278
-29.952541
-27.241954
-29.980917
-27.253790
-29.976560
-27.274356
-29.954383
-27.259273
-29.980251
-27.197185
-30.023150
-27.137321
-30.099038
-27.028612
-30.235752
-26.911888
-30.361078
-26.790539
-30.522241
-29.696525
-29.587429
-29.708597
-29.567427
-29.733636
-29.539211
-29.819136
-29.500033
-29.917738
-29.506829
-30.032259
-29.508698
-30.205165
-29.533466
-30.372661
-29.597782
-30.573285
-29.660163
-30.041094
-27.210701
-30.032921
-27.219009
-30.060298
-27.188551
-30.089752
-27.173597
-30.127104
-27.119985
-30.229883
-27.043435
-30.332798
-26.975471
-30.470447
-26.862103
-30.610114
-29.757609
-29.587304
-29.822297
-29.537476
-29.902219
-29.534753
-29.988758
-29.527253
-30.138370
-29.521707
-30.282837
-29.565606
-30.449074
-29.591820
-30.635148
-29.673269
-30.162636
-27.160155
-30.193907
-27.167547
-30.206941
-27.148551
-30.280827
-27.098038
-30.355748
-27.074124
-30.450436
-26.999942
-30.589223
-26.938565
-30.677991
-29.938960
-29.598138
-29.996321
-29.585535
-30.122594
-29.561458
-30.250543
-29.593128
-30.379878
-29.601687
-30.557583
-29.633261
-30.684341
-29.712876
-30.333238
-27.150873
-30.394112
-27.108849
-30.442519
-27.107074
-30.488578
-27.067888
-30.603718
-27.015267
-30.685783
-26.995103
-30.786475
-30.152629
-29.626526
-30.260199
-29.651041
-30.361761
-29.660570
-30.526051
-29.657762
-30.648082
-29.711483
-30.773454
-29.723021
-30.588134
-27.112638
-30.603112
-27.087542
-30.673822
-27.032992
-30.730081
-27.035923
-30.802111
-26.976963
-30.925884
-30.369227
-29.722961
-30.513355
-29.715653
-30.646104
-29.767382
-30.751938
-29.754626
-30.906922
-29.759290
-30.820384
-27.037652
-30.848302
-27.026035
-30.849166
-26.978254
-30.962648
-26.937672
-31.022044
-30.617428
-29.808796
-30.724657
-29.842789
-30.914955
-29.812025
-30.995928
-29.837059
-31.013214
-26.986755
-31.047066
-26.870449
-31.062466
-26.908180
-31.138675
-30.808559
-29.863588
-31.006140
-29.964740
-31.100836
-29.864832
-31.270204
-26.850757
-31.148737
-26.744689
-31.310084
-30.931767
-30.048939
-31.301270
-29.950228
-31.475780
-26.491798
-31.402866
-31.293840
-30.204507
-31.609664
-32.206570
-26.161645
-31.695888
-26.828788
-31.582944
-27.109179
-31.604993
-27.327823
-31.603056
-27.540501
-31.655858
-27.690298
-31.743472
-27.842903
-31.817526
-27.972913
-31.925161
-28.026856
-32.066926
-28.007123
-32.180611
-27.980167
-32.421210
-31.596014
-27.695453
-31.011563
-27.668486
-30.678837
-27.429640
-30.388528
-27.251313
-30.088001
-27.081856
-29.897069
-26.933870
-29.790981
-26.874452
-29.764110
-26.809606
-29.822898
-26.727827
-29.824534
-26.679594
-29.844913
-26.389581
-30.110070
-29.682883
-31.853231
-29.796572
-31.551642
-29.842442
-31.344052
-29.820081
-31.238928
-29.790925
-31.108313
-29.788025
-31.002408
-29.751754
-30.913891
-29.750677
-30.782593
-29.789823
-30.680683
-29.811840
-30.634832
-29.912064
-30.474847
-31.887534
-26.531439
-31.624029
-26.701997
-31.469557
-26.853544
-31.304700
-26.916804
-31.213445
-26.933090
-31.112951
-26.932320
-31.047809
-26.865273
-31.010096
-26.793696
-30.942993
-26.707687
-30.937478
-26.503005
-30.935943
-29.889580
-31.686415
-29.832849
-31.571938
-29.766373
-31.456353
-29.779469
-31.314865
-29.776844
-31.211462
-29.779063
-31.087201
-29.798402
-30.984809
-29.790088
-30.894357
-29.842758
-30.749188
-29.926063
-30.741875
-31.683207
-26.801449
-31.607384
-26.874090
-31.510727
-26.894760
-31.410652
-26.931849
-31.308828
-26.922727
-31.241578
-26.896923
-31.163097
-26.852488
-31.128333
-26.739555
-31.116005
-26.680778
-30.948557
-30.041034
-31.634044
-29.867743
-31.575161
-29.821065
-31.494150
-29.787593
-31.392567
-29.793560
-31.288703
-29.789781
-31.194598
-29.809349
-31.066859
-29.848890
-30.990476
-29.813421
-30.998591
-31.583582
-27.061960
-31.596593
-27.000832
-31.531820
-26.983337
-31.463812
-26.957216
-31.386420
-26.931429
-31.329098
-26.867847
-31.290910
-26.819673
-31.211754
-26.806483
-31.120945
-30.136630
-31.580225
-29.989792
-31.581662
-29.894829
-31.527613
-29.846496
-31.458111
-29.828770
-31.363965
-29.828253
-31.279533
-29.805442
-31.219443
-29.795701
-31.145128
-31.598044
-27.246653
-31.569057
-27.148665
-31.540377
-27.067166
-31.498806
-26.990782
-31.455599
-26.930266
-31.399908
-26.882970
-31.359996
-26.830262
-31.304188
-30.238756
-31.608122
-30.109071
-31.593214
-30.010774
-31.558677
-29.938716
-31.516308
-29.878258
-31.455925
-29.839996
-31.381420
-29.804334
-31.335718
-31.605428
-27.395298
-31.586272
-27.262148
-31.552465
-27.150704
-31.515650
-27.040062
-31.499194
-26.945628
-31.479131
-26.897785
-31.425251
-30.376329
-31.643014
-30.242756
-31.642083
-30.128323
-31.612694
-30.045821
-31.567158
-29.949195
-31.533690
-29.847068
-31.492028
-31.650122
-27.531898
-31.598199
-27.365220
-31.574331
-27.205482
-31.544323
-27.097664
-31.534217
-27.004649
-31.539242
-30.499254
-31.721487
-30.395169
-31.692472
-30.274470
-31.684251
-30.140486
-31.633199
-30.016163
-31.581330
-31.713058
-27.617494
-31.637734
-27.447764
-31.575399
-27.278398
-31.593596
-27.156952
-31.596894
-30.661853
-31.822997
-30.534932
-31.791459
-30.437628
-31.724141
-30.247457
-31.676660
-31.747023
-27.700987
-31.682584
-27.472449
-31.627110
-27.377978
-31.638332
-30.852057
-31.907371
-30.734940
-31.900357
-30.533014
-31.749695
-31.804376
-27.749254
-31.677199
-27.544114
-31.753348
-31.030458
-32.043051
-30.944335
-31.862357
-31.879479
-27.680005
-31.803486
-31.271483
-32.155556
-31.850968
-32.206587
-26.161641
-31.695883
-26.828795
-31.582951
-27.109187
-31.604987
-27.327805
-31.603041
-27.540505
-31.655871
-27.690305
-31.743466
-27.842893
-31.817522
-27.972916
-31.925163
-28.026857
-32.066925
-28.007122
-32.180611
-27.980169
-32.421210
-31.993036
-32.138606
-32.066915
-32.033560
-32.071957
-31.980709
-32.076823
-31.978923
-32.114476
-31.956026
-32.169565
-31.955486
-32.196231
-31.937101
-32.229483
-31.878063
-32.233069
-31.794021
-32.248444
-31.640817
-32.355319
-31.449451
-32.374358
-29.600257
-32.348153
-29.707208
-32.298888
-29.777729
-32.276744
-29.763755
-32.280191
-29.724328
-32.254145
-29.632678
-32.242526
-29.454176
-32.207501
-29.208180
-32.158761
-28.845787
-32.125409
-28.405585
-32.047369
-32.124997
-32.053634
-32.059301
-32.028819
-32.078349
-31.962753
-32.134677
-31.926999
-32.157607
-31.896075
-32.198460
-31.821954
-32.220910
-31.734934
-32.221090
-31.592171
-32.225996
-31.436151
-32.205495
-31.319515
-32.315710
-29.658349
-32.337658
-29.660763
-32.344593
-29.663930
-32.303020
-29.633212
-32.285313
-29.514075
-32.259460
-29.351748
-32.205214
-29.100932
-32.157921
-28.778485
-32.081173
-28.417474
-32.004437
-32.076135
-31.948746
-32.092497
-31.914795
-32.092022
-31.875583
-32.131772
-31.786280
-32.167067
-31.704315
-32.163398
-31.581004
-32.168067
-31.419424
-32.140774
-31.257895
-32.109034
-31.103839
-32.334764
-29.537507
-32.309813
-29.535227
-32.302230
-29.456565
-32.281558
-29.360564
-32.217528
-29.194862
-32.173400
-28.948006
-32.100964
-28.669588
-32.020952
-28.342414
-31.930284
-32.006754
-31.818069
-32.041249
-31.728613
-32.075503
-31.658045
-32.069625
-31.556615
-32.086733
-31.401796
-32.070741
-31.255868
-32.033198
-31.082902
-31.995874
-30.944408
-32.261427
-29.293640
-32.258726
-29.243569
-32.196510
-29.142664
-32.157913
-28.958789
-32.094446
-28.762450
-32.007129
-28.502061
-31.941297
-28.231167
-31.836142
-31.936420
-31.560681
-31.933476
-31.481249
-31.963129
-31.346559
-31.969590
-31.230281
-31.936040
-31.073992
-31.925530
-30.915055
-31.867792
-30.797162
-32.132696
-28.967837
-32.116194
-28.834155
-32.063233
-28.704092
-31.970218
-28.516905
-31.920484
-28.289704
-31.835541
-28.084885
-31.758578
-31.794568
-31.232418
-31.821317
-31.151926
-31.805446
-31.037028
-31.826494
-30.883050
-31.798023
-30.773080
-31.759336
-30.629108
-32.017146
-28.538955
-31.936785
-28.409457
-31.886162
-28.222008
-31.811632
-28.077556
-31.738016
-27.875209
-31.711554
-31.632763
-30.941578
-31.679284
-30.824216
-31.701593
-30.750545
-31.679740
-30.612726
-31.699619
-30.484601
-31.876782
-28.088772
-31.813322
-27.968849
-31.703097
-27.808890
-31.697271
-27.648322
-31.641427
-31.532868
-30.673401
-31.550597
-30.613202
-31.639013
-30.479378
-31.618190
-30.395341
-31.753680
-27.717666
-31.700604
-27.509428
-31.624256
-27.449317
-31.603903
-31.433781
-30.445335
-31.556937
-30.464645
-31.568749
-30.279384
-31.755076
-27.324346
-31.559848
-27.140642
-31.640000
-31.329780
-30.405337
-31.635274
-30.236429
-31.757193
-26.760232
-31.616564
-31.508046
-30.377591
-31.721920
-30.225510
-26.642633
-29.973267
-26.891243
-29.985675
-26.925030
-29.907724
-27.042982
-29.783073
-27.106978
-29.722815
-27.120866
-29.665452
-27.164123
-29.606371
-27.180055
-29.625280
-27.158610
-29.654496
-27.177590
-29.638339
-27.151246
-29.942449
-30.070822
-27.311255
-29.930386
-27.369615
-29.919350
-27.461831
-29.887834
-27.487865
-29.846326
-27.462948
-29.833585
-27.381281
-29.828318
-27.292073
-29.839883
-27.157964
-29.912674
-26.996978
-29.992019
-26.811597
-30.139788
-26.417762
-30.473289
-31.609672
-30.204511
-31.402863
-29.950231
-31.310092
-29.864839
-31.138673
-29.837049
-31.022036
-29.759294
-30.925895
-29.723027
-30.786473
-29.712871
-30.677990
-29.673270
-30.610117
-29.660164
-30.522241
-29.752277
-30.434223
-29.738394
-31.293841
-26.491801
-31.301268
-26.744693
-31.100842
-26.908188
-30.995927
-26.937666
-30.906915
-26.976965
-30.773462
-26.995108
-30.684340
-26.938563
-30.635147
-26.862104
-30.573287
-26.790539
-30.523504
-26.635862
-30.601075
-31.475777
-30.048940
-31.148736
-29.964741
-31.062472
-29.812030
-30.962649
-29.754620
-30.802107
-29.711483
-30.685789
-29.633264
-30.589224
-29.591817
-30.470447
-29.597782
-30.361080
-29.618258
-30.294971
-29.700973
-30.931769
-26.850757
-31.006139
-26.870451
-30.914959
-26.978260
-30.751939
-27.035920
-30.648078
-27.015268
-30.557587
-26.999945
-30.449075
-26.975470
-30.372660
-26.911888
-30.330006
-26.842664
-30.244114
-31.270203
-29.863588
-31.047064
-29.842789
-30.849170
-29.767386
-30.730083
-29.657759
-30.603714
-29.601686
-30.450439
-29.565607
-30.332798
-29.533464
-30.235751
-29.556015
-30.108833
-29.668769
-30.808561
-26.986755
-30.724657
-27.026036
-30.646107
-27.032997
-30.526053
-27.067886
-30.379875
-27.074122
-30.282839
-27.043437
-30.205166
-27.028611
-30.119324
-27.033399
-30.036858
-31.013216
-29.808795
-30.848301
-29.715653
-30.673824
-29.660573
-30.488580
-29.593125
-30.355746
-29.521705
-30.229885
-29.508697
-30.099038
-29.539571
-29.989438
-29.597531
-30.617429
-27.037652
-30.513353
-27.087541
-30.361763
-27.107076
-30.250545
-27.098037
-30.138368
-27.119983
-30.032260
-27.137322
-29.967873
-27.145229
-29.912206
-30.820387
-29.722960
-30.603111
-29.651039
-30.442520
-29.561460
-30.280830
-29.527251
-30.127104
-29.506827
-30.023150
-29.510434
-29.928496
-29.566371
-30.369230
-27.112639
-30.260197
-27.108847
-30.122594
-27.148552
-29.988760
-27.173597
-29.917736
-27.197185
-29.861275
-27.250931
-29.808463
-30.588136
-29.626525
-30.394112
-29.585533
-30.206941
-29.534752
-30.089754
-29.500032
-29.980251
-29.522176
-29.884847
-29.557583
-30.152632
-27.150873
-29.996320
-27.167545
-29.902219
-27.188551
-29.819136
-27.259274
-29.768659
-27.324268
-29.760195
-30.333240
-29.598139
-30.193908
-29.537474
-30.060299
-29.539210
-29.954383
-29.538405
-29.893891
-29.553828
-29.938959
-27.160155
-29.822297
-27.219008
-29.733637
-27.274356
-29.722428
-27.356438
-29.719684
-30.162639
-29.587303
-30.032922
-29.567426
-29.976560
-29.563719
-29.905095
-29.588943
-29.757608
-27.210702
-29.708597
-27.253791
-29.670368
-27.371630
-29.686122
-30.041095
-29.587426
-29.980920
-29.626945
-29.927898
-29.621068
-29.696526
-27.241956
-29.635890
-27.320803
-29.677793
-29.952542
-29.674097
-29.975930
-29.674088
-29.686430
-27.198032
-29.685941
-30.033556
-29.773579
-29.562842
-32.150171
-26.073767
-31.544960
-26.635824
-31.325871
-26.799431
-31.229032
-26.886762
-31.090453
-26.956221
-30.992382
-26.942468
-30.923706
-26.923408
-30.826152
-26.891376
-30.766399
-26.774090
-30.770135
-26.601230
-30.743857
-26.473294
-30.897808
-31.850967
-32.155557
-31.803487
-31.862360
-31.753354
-31.749709
-31.638355
-31.676698
-31.596947
-31.581398
-31.539318
-31.492104
-31.425318
-31.335772
-31.304226
-31.145152
-31.120958
-30.998598
-30.948559
-30.741876
-30.935943
-30.474848
-31.271483
-27.680007
-30.944338
-27.544120
-30.533024
-27.377998
-30.247488
-27.156999
-30.016224
-27.004721
-29.847143
-26.897857
-29.804395
-26.830309
-29.795733
-26.806503
-29.813432
-26.680783
-29.926065
-26.503006
-29.912064
-31.879479
-32.043052
-31.677199
-31.900358
-31.627111
-31.724141
-31.593595
-31.633195
-31.534210
-31.533682
-31.479123
-31.381414
-31.359992
-31.219442
-31.211755
-30.990477
-31.116006
-30.749190
-30.937478
-30.634833
-31.030456
-27.749252
-30.734934
-27.472438
-30.437607
-27.278362
-30.140432
-27.097591
-29.949107
-26.945534
-29.839908
-26.882897
-29.805388
-26.819638
-29.848870
-26.739545
-29.842753
-26.707685
-29.811839
-31.804373
-31.907367
-31.682575
-31.791443
-31.575371
-31.684209
-31.544264
-31.567086
-31.499113
-31.455845
-31.399836
-31.279476
-31.290869
-31.066834
-31.128318
-30.894350
-30.942990
-30.680682
-30.852057
-27.700988
-30.534933
-27.447767
-30.274476
-27.205493
-30.045837
-27.040082
-29.878278
-26.930286
-29.828268
-26.867859
-29.809356
-26.852492
-29.790090
-26.793698
-29.789823
-31.747028
-31.823007
-31.637752
-31.692503
-31.574381
-31.612766
-31.515742
-31.516412
-31.455702
-31.364056
-31.329170
-31.194649
-31.163129
-30.984828
-31.010106
-30.782600
-30.661856
-27.617503
-30.395186
-27.365249
-30.128366
-27.150763
-29.938784
-26.990855
-29.828840
-26.931488
-29.789825
-26.896953
-29.798419
-26.865284
-29.750682
-31.713052
-31.721478
-31.598186
-31.642065
-31.552441
-31.558648
-31.498775
-31.458080
-31.386392
-31.288680
-31.241562
-31.087191
-31.047802
-30.913888
-30.499237
-27.531873
-30.242715
-27.262090
-30.010697
-27.067076
-29.846399
-26.957127
-29.793485
-26.922671
-29.779024
-26.932297
-29.751740
-31.650111
-31.642997
-31.586246
-31.593178
-31.540331
-31.527563
-31.463762
-31.392522
-31.308793
-31.211438
-31.112936
-31.002399
-30.376339
-27.395314
-30.109092
-27.148693
-29.894858
-26.983367
-29.787623
-26.931877
-29.776866
-26.933107
-29.788037
-31.605450
-31.608156
-31.569102
-31.581719
-31.531886
-31.494216
-31.410710
-31.314912
-31.213481
-31.108338
-30.238762
-27.246667
-29.989811
-27.000855
-29.821085
-26.894782
-29.779489
-26.916820
-29.790934
-31.598027
-31.580205
-31.596571
-31.575143
-31.510708
-31.456332
-31.304681
-31.238913
-30.136605
-27.061934
-29.867707
-26.874050
-29.766337
-26.853519
-29.820060
-31.583573
-31.634034
-31.607380
-31.571934
-31.469548
-31.344045
-30.041043
-26.801455
-29.832845
-26.702003
-29.842452
-31.683217
-31.686436
-31.624051
-31.551653
-29.889576
-26.531428
-29.796567
-31.887530
-31.853229
-29.682854
-32.390990
-29.626797
-32.249055
-29.704917
-32.222747
-29.789825
-32.220581
-29.826882
-32.196546
-29.841941
-32.203241
-29.783679
-32.217295
-29.690718
-32.204305
-29.518632
-32.189196
-29.249421
-32.129478
-28.886698
-32.069241
-28.296117
-32.153089
-31.953723
-32.091770
-31.986296
-32.033122
-31.959844
-32.015016
-31.933138
-32.057252
-31.944972
-32.081812
-31.984516
-32.134955
-32.002319
-32.182061
-32.026707
-32.200447
-32.014183
-32.215024
-31.976965
-32.191260
-32.008336
-32.179552
-32.190513
-29.704951
-32.178261
-29.781199
-32.132271
-29.867072
-32.111275
-29.875139
-32.137892
-29.870404
-32.147885
-29.830582
-32.179249
-29.716026
-32.189000
-29.543931
-32.160091
-29.248109
-32.130806
-28.812499
-32.008336
-32.056682
-31.911175
-31.910798
-31.956490
-31.862504
-31.948614
-31.904747
-31.980921
-31.931614
-32.046535
-31.993568
-32.095798
-32.054974
-32.155132
-32.089932
-32.177607
-32.127848
-32.151728
-32.130806
-32.191260
-32.006842
-29.859115
-31.991981
-29.859445
-32.028823
-29.876086
-32.019989
-29.910940
-32.053785
-29.889635
-32.102702
-29.847217
-32.131436
-29.735192
-32.158970
-29.525641
-32.127848
-29.248109
-31.976965
-31.890641
-31.815377
-31.864439
-31.814017
-31.826967
-31.877473
-31.862773
-31.918716
-31.939317
-32.001087
-32.009548
-32.080363
-32.098534
-32.130034
-32.158970
-32.177607
-32.160091
-32.215024
-31.925412
-29.844955
-31.887118
-29.895766
-31.895939
-29.891659
-31.947111
-29.913989
-31.985808
-29.910139
-32.052919
-29.845273
-32.098534
-29.735192
-32.089932
-29.543931
-32.014183
-31.803417
-31.749561
-31.772145
-31.736833
-31.812621
-31.801008
-31.852435
-31.893612
-31.951070
-31.980485
-32.052919
-32.080363
-32.131436
-32.155132
-32.189000
-32.200447
-31.796055
-29.834943
-31.820360
-29.867728
-31.816938
-29.907875
-31.881196
-29.913871
-31.951070
-29.910140
-32.009548
-29.847217
-32.054973
-29.716026
-32.026706
-31.765209
-31.663950
-31.731211
-31.712409
-31.795142
-31.774699
-31.881196
-31.893613
-31.985807
-32.001088
-32.102702
-32.095798
-32.179250
-32.182061
-31.726514
-29.830207
-31.758589
-29.849473
-31.795141
-29.907876
-31.852434
-29.913990
-31.939317
-29.889636
-31.993569
-29.830581
-32.002320
-31.750053
-31.625479
-31.758588
-31.712411
-31.816937
-31.801009
-31.947111
-31.918717
-32.053787
-32.046534
-32.147886
-32.134956
-31.750053
-29.830207
-31.731215
-29.867725
-31.812625
-29.891657
-31.862776
-29.910939
-31.931616
-29.870403
-31.984516
-31.726514
-31.663951
-31.820364
-31.736831
-31.895941
-31.877473
-32.019991
-31.980922
-32.137893
-32.081814
-31.765212
-29.834947
-31.772141
-29.895771
-31.826966
-29.876089
-31.904747
-29.875140
-31.944973
-31.796059
-31.749560
-31.887121
-31.814018
-32.028826
-31.948615
-32.111278
-32.057253
-31.803414
-29.844957
-31.864441
-29.859444
-31.862507
-29.867072
-31.933140
-31.925417
-31.815377
-31.991984
-31.956492
-32.132272
-32.015018
-31.890642
-29.859118
-31.910799
-29.781201
-31.959845
-32.006845
-31.911176
-32.178264
-32.033122
-32.056683
-29.704952
-31.986297
-32.190516
-32.091771
-31.953724
-32.197549
-29.690461
-31.882075
-29.748681
-31.876621
-29.820485
-31.736639
-29.861173
-31.653408
-29.808458
-31.656584
-29.729491
-31.656584
-29.808459
-31.653404
-29.861170
-31.736638
-29.820485
-31.876618
-29.748680
-31.882073
-29.690461
-32.197546
-32.390979
-29.626724
-32.248998
-29.704756
-32.222914
-29.789212
-32.220923
-29.826374
-32.196517
-29.841354
-32.203726
-29.782267
-32.217991
-29.689661
-32.204317
-29.517420
-32.190101
-29.246930
-32.130618
-28.884807
-32.069435
-28.293734
-32.154728
-31.953785
-32.091775
-31.986499
-32.032963
-31.960185
-32.015088
-31.933214
-32.057455
-31.945459
-32.081565
-31.985192
-32.135245
-32.002432
-32.182512
-32.027586
-32.200135
-32.015278
-32.215637
-31.977199
-32.192005
-32.009815
-32.179268
-32.190527
-29.704760
-32.178394
-29.780971
-32.132248
-29.866749
-32.111577
-29.874254
-32.138362
-29.869710
-32.147904
-29.829760
-32.179918
-29.714250
-32.189871
-29.542593
-32.160225
-29.246488
-32.132059
-28.809409
-32.009815
-32.056771
-31.911190
-31.910844
-31.956570
-31.862784
-31.948441
-31.905171
-31.981075
-31.931692
-32.046801
-31.994181
-32.095520
-32.055760
-32.155517
-32.090079
-32.178105
-32.128933
-32.151351
-32.132059
-32.192005
-32.006827
-29.859012
-31.992107
-29.859018
-32.029078
-29.875702
-32.020001
-29.910438
-32.054232
-29.888462
-32.103310
-29.846327
-32.131520
-29.734102
-32.159870
-29.523452
-32.128933
-29.246488
-31.977199
-31.890710
-31.815316
-31.864626
-31.814081
-31.827013
-31.877608
-31.863155
-31.918510
-31.939836
-32.001316
-32.009636
-32.080679
-32.099293
-32.129712
-32.159870
-32.178105
-32.160225
-32.215637
-31.925458
-29.844829
-31.887125
-29.895529
-31.896183
-29.890987
-31.947484
-29.913448
-31.985856
-29.909446
-32.053532
-29.843790
-32.099293
-29.734102
-32.090079
-29.542593
-32.015277
-31.803433
-31.749601
-31.772305
-31.736722
-31.812908
-31.801126
-31.852488
-31.893793
-31.951566
-31.980234
-32.053532
-32.080679
-32.131521
-32.155517
-32.189871
-32.200135
-31.796101
-29.834726
-31.820521
-29.867462
-31.816966
-29.907485
-31.881570
-29.912949
-31.951566
-29.909446
-32.009636
-29.846326
-32.055760
-29.714250
-32.027585
-31.765273
-31.663986
-31.731241
-31.712491
-31.795410
-31.774540
-31.881571
-31.893791
-31.985857
-32.001314
-32.103311
-32.095520
-32.179918
-32.182512
-31.726518
-29.830077
-31.758748
-29.849026
-31.795411
-29.907484
-31.852488
-29.913446
-31.939836
-29.888461
-31.994180
-29.829760
-32.002431
-31.750108
-31.625423
-31.758748
-31.712489
-31.816966
-31.801125
-31.947483
-31.918509
-32.054230
-32.046801
-32.147904
-32.135244
-31.750108
-29.830078
-31.731237
-29.867465
-31.812904
-29.890989
-31.863152
-29.910438
-31.931691
-29.869710
-31.985191
-31.726518
-31.663985
-31.820518
-31.736724
-31.896181
-31.877607
-32.020000
-31.981072
-32.138362
-32.081563
-31.765270
-29.834722
-31.772308
-29.895524
-31.827014
-29.875698
-31.905171
-29.874253
-31.945458
-31.796097
-31.749601
-31.887123
-31.814080
-32.029075
-31.948440
-32.111575
-32.057454
-31.803435
-29.844827
-31.864623
-29.859019
-31.862781
-29.866749
-31.933212
-31.925454
-31.815317
-31.992104
-31.956567
-32.132248
-32.015085
-31.890709
-29.859009
-31.910844
-29.780969
-31.960184
-32.006825
-31.911189
-32.178390
-32.032963
-32.056769
-29.704759
-31.986497
-32.190524
-32.091773
-31.953783
-29.840956
-27.415429
-29.630526
-27.621972
-29.741481
-27.833227
-29.763332
-28.009480
-29.812308
-28.073396
-29.881563
-28.032292
-29.881562
-28.073394
-29.812305
-28.009488
-29.763331
-27.833228
-29.741484
-27.621974
-29.630528
-27.415430
-29.840959
-30.071204
-27.311108
-29.931356
-27.369901
-29.918762
-27.464307
-29.887143
-27.487895
-29.848066
-27.463539
-29.831482
-27.385589
-29.826330
-27.292512
-29.841629
-27.159156
-29.909583
-27.002910
-29.989127
-26.813136
-30.141198
-26.420386
-30.469580
-29.664299
-29.743474
-29.722294
-29.723900
-29.667026
-29.712731
-29.630831
-29.720511
-29.610732
-29.718363
-29.601807
-29.742702
-29.598774
-29.779879
-29.637501
-29.847868
-29.694885
-29.980551
-29.801899
-30.136487
-30.045584
-30.375744
-29.952830
-27.486666
-29.934004
-27.580246
-29.905625
-27.633185
-29.864932
-27.610420
-29.836013
-27.551629
-29.799011
-27.451025
-29.793289
-27.313068
-29.801710
-27.169709
-29.844399
-26.970271
-29.959987
-26.703154
-30.045583
-29.847360
-29.707150
-29.743790
-29.747476
-29.690799
-29.738031
-29.681798
-29.728295
-29.654167
-29.725008
-29.649844
-29.721225
-29.658192
-29.756647
-29.693181
-29.812308
-29.804671
-29.898912
-29.959988
-30.136487
-29.877701
-27.757737
-29.889334
-27.781356
-29.900937
-27.766021
-29.853604
-27.722581
-29.812942
-27.617804
-29.776174
-27.493365
-29.747241
-27.333274
-29.766150
-27.143912
-29.804671
-26.970271
-29.801899
-29.831208
-29.743559
-29.811874
-29.747558
-29.762851
-29.761839
-29.732939
-29.732901
-29.711066
-29.721344
-29.690154
-29.717897
-29.712698
-29.730647
-29.766151
-29.812307
-29.844399
-29.980551
-29.920289
-27.905982
-29.911475
-27.938530
-29.884975
-27.878326
-29.847800
-27.793378
-29.782277
-27.666219
-29.740509
-27.499228
-29.712697
-27.333275
-29.693181
-27.169709
-29.694885
-29.876869
-29.805450
-29.853186
-29.783762
-29.837585
-29.771383
-29.780995
-29.747039
-29.752824
-29.715385
-29.740509
-29.717897
-29.747241
-29.756648
-29.801710
-29.847868
-29.935002
-28.027078
-29.948406
-28.015325
-29.879328
-27.950583
-29.820559
-27.818195
-29.752823
-27.666220
-29.690153
-27.493366
-29.658191
-27.313069
-29.637502
-29.951424
-29.837832
-29.904888
-29.826973
-29.869584
-29.777516
-29.820559
-29.747040
-29.782277
-29.721346
-29.776174
-29.721226
-29.793290
-29.779878
-29.951946
-28.092042
-29.946691
-28.040790
-29.869582
-27.950585
-29.780994
-27.793380
-29.711065
-27.617806
-29.649844
-27.451026
-29.598775
-29.991444
-29.835716
-29.946689
-29.826976
-29.879328
-29.771385
-29.847800
-29.732902
-29.812943
-29.725009
-29.799012
-29.742703
-29.991444
-28.092042
-29.904889
-28.015324
-29.837587
-27.878328
-29.732939
-27.722582
-29.654168
-27.551630
-29.601807
-29.951948
-29.837826
-29.948414
-29.783760
-29.884978
-29.761840
-29.853606
-29.728297
-29.836015
-29.718364
-29.951422
-28.027083
-29.853184
-27.938534
-29.762850
-27.766023
-29.681798
-27.610422
-29.610733
-29.935006
-29.805453
-29.911475
-29.747561
-29.900938
-29.738031
-29.864934
-29.720512
-29.876868
-27.905983
-29.811878
-27.781354
-29.690802
-27.633186
-29.630831
-29.920294
-29.743559
-29.889335
-29.747480
-29.905626
-29.712734
-29.831208
-27.757742
-29.743790
-27.580249
-29.667026
-29.877703
-29.707150
-29.934008
-29.723899
-29.847362
-27.486668
-29.722295
-29.952832
-29.743476
-29.664300
-30.070821
-27.311254
-29.930385
-27.369611
-29.919346
-27.461830
-29.887833
-27.487864
-29.846325
-27.462948
-29.833583
-27.381281
-29.828318
-27.292072
-29.839884
-27.157963
-29.912674
-26.996978
-29.992018
-26.811597
-30.139787
-26.417762
-30.473288
-29.664622
-29.743611
-29.723522
-29.722974
-29.668518
-29.713846
-29.629998
-29.721275
-29.613095
-29.715860
-29.603947
-29.744010
-29.597275
-29.780789
-29.640596
-29.844527
-29.697816
-29.982043
-29.800438
-30.137834
-30.049211
-30.372664
-29.952572
-27.485800
-29.934008
-27.580082
-29.903965
-27.632764
-29.866296
-27.607006
-29.837482
-27.551488
-29.797297
-27.450247
-29.796066
-27.307847
-29.804445
-27.168744
-29.842830
-26.968703
-29.963446
-26.696344
-30.049211
-29.848096
-29.707556
-29.743786
-29.748295
-29.692767
-29.736261
-29.683602
-29.729427
-29.652912
-29.725685
-29.652654
-29.717944
-29.660898
-29.757779
-29.691652
-29.813327
-29.807997
-29.895314
-29.963446
-30.137834
-29.876899
-27.757557
-29.889368
-27.778943
-29.901547
-27.766020
-29.851963
-27.722039
-29.815261
-27.613390
-29.778553
-27.492823
-29.745676
-27.332270
-29.769327
-27.137975
-29.807998
-26.968703
-29.800439
-29.832111
-29.743092
-29.813594
-29.748643
-29.762126
-29.762369
-29.735412
-29.730017
-29.713426
-29.722217
-29.688757
-29.718570
-29.715792
-29.726933
-29.769326
-29.813327
-29.842830
-29.982043
-29.919869
-27.905555
-29.909664
-27.938065
-29.886503
-27.874877
-29.849586
-27.793118
-29.780890
-27.665430
-29.743511
-27.493964
-29.715792
-27.332270
-29.691653
-27.168743
-29.697817
-29.877430
-29.806403
-29.855267
-29.781812
-29.839462
-29.772125
-29.779953
-29.747237
-29.755858
-29.711602
-29.743510
-29.718570
-29.745676
-29.757779
-29.804445
-29.844527
-29.934382
-28.024809
-29.949006
-28.015331
-29.878196
-27.949664
-29.823585
-27.813332
-29.755858
-27.665429
-29.688759
-27.492823
-29.660899
-27.307846
-29.640597
-29.952915
-29.838887
-29.904401
-29.826692
-29.872730
-29.773573
-29.823584
-29.747236
-29.780890
-29.722215
-29.778553
-29.717944
-29.796065
-29.780788
-29.950805
-28.090869
-29.949398
-28.036243
-29.872731
-27.949662
-29.779954
-27.793116
-29.713427
-27.613389
-29.652653
-27.450247
-29.597275
-29.993069
-29.833213
-29.949399
-29.826689
-29.878196
-29.772124
-29.849585
-29.730016
-29.815259
-29.725685
-29.797296
-29.744010
-29.993069
-28.090869
-29.904400
-28.015332
-29.839460
-27.874876
-29.735411
-27.722039
-29.652911
-27.551488
-29.603948
-29.950803
-29.838893
-29.948998
-29.781814
-29.886499
-29.762369
-29.851961
-29.729426
-29.837480
-29.715859
-29.952918
-28.024804
-29.855269
-27.938061
-29.762127
-27.766018
-29.683602
-27.607005
-29.613094
-29.934378
-29.806400
-29.909663
-29.748640
-29.901545
-29.736261
-29.866293
-29.721274
-29.877431
-27.905554
-29.813590
-27.778944
-29.692764
-27.632763
-29.629998
-29.919864
-29.743092
-29.889366
-29.748292
-29.903964
-29.713844
-29.832112
-27.757553
-29.743786
-27.580080
-29.668517
-29.876896
-29.707555
-29.934004
-29.722975
-29.848094
-27.485798
-29.723522
-29.952570
-29.743609
-29.664621

