Tension at each vertex
-49.369186
-49.369200
-49.357436
-49.357426
-50.790431
-50.347611
-50.790432
-50.347616
-50.028321
-50.013067
-49.508024
-49.473869
-52.833775
-50.128044
-52.853104
-50.396934
-52.959171
-50.512079
-53.050128
-50.716046
-53.059790
-50.880097
-53.155476
-50.956100
-53.219131
-51.076460
-53.222983
-51.137206
-53.297714
-51.117209
-53.332968
-51.159947
-53.270332
-51.172491
-53.490240
-52.980780
-53.885571
-53.135355
-53.724070
-53.259604
-53.744743
-53.258137
-53.778836
-53.344291
-53.736869
-53.395841
-53.769139
-53.373383
-53.757822
-53.413207
-53.684828
-53.414918
-53.694042
-53.354195
-53.672587
-53.438289
-53.446595
-52.923502
-50.292396
-53.061093
-50.469239
-53.023334
-50.671471
-53.090767
-50.761233
-53.159455
-50.915832
-53.169187
-51.025775
-53.255942
-51.056539
-53.301333
-51.138664
-53.292684
-51.166404
-53.374611
-51.086588
-53.439168
-53.128521
-53.660512
-53.078079
-53.755077
-53.152019
-53.717387
-53.253419
-53.760388
-53.267713
-53.779524
-53.341681
-53.735366
-53.374906
-53.753900
-53.337518
-53.721141
-53.374853
-53.634310
-53.373668
-53.672246
-52.982677
-50.462537
-52.998009
-50.544171
-53.095013
-50.701788
-53.099403
-50.851219
-53.181291
-50.920075
-53.239548
-51.041237
-53.254976
-51.112182
-53.335932
-51.103651
-53.376083
-51.166395
-53.355362
-52.960734
-53.670498
-53.106357
-53.695178
-53.123435
-53.756370
-53.213648
-53.739030
-53.277416
-53.774980
-53.270191
-53.770111
-53.328168
-53.717092
-53.334985
-53.720644
-53.291756
-53.693890
-53.052620
-50.444074
-53.018917
-50.635470
-53.080404
-50.726180
-53.159206
-50.878362
-53.187100
-50.982132
-53.270598
-51.017292
-53.329505
-51.112076
-53.338822
-51.139422
-53.415079
-52.967695
-53.703489
-53.037309
-53.677688
-53.136422
-53.734783
-53.165191
-53.772098
-53.246226
-53.746650
-53.269712
-53.769519
-53.254039
-53.753818
-53.299204
-53.685339
-52.973669
-50.479271
-53.056981
-50.629989
-53.068447
-50.772537
-53.170487
-50.862476
-53.247486
-50.982024
-53.271511
-51.042100
-53.374965
-51.058445
-53.413721
-53.006580
-53.646512
-53.009359
-53.704004
-53.105967
-53.707427
-53.169730
-53.771495
-53.186273
-53.774874
-53.237299
-53.735952
-53.254180
-53.756571
-52.948351
-50.539289
-53.037804
-50.614766
-53.106806
-50.772505
-53.166367
-50.879265
-53.277298
-50.922201
-53.342137
-51.026359
-53.375115
-52.981994
-53.616112
-53.037202
-53.703541
-53.067937
-53.734593
-53.157044
-53.739717
-53.179490
-53.778156
-53.168690
-53.768376
-52.982214
-50.539437
-53.010204
-50.630759
-53.136002
-50.728560
-53.213798
-50.851902
-53.269463
-50.917502
-53.394919
-52.948234
-53.646186
-53.055198
-53.678627
-53.078584
-53.754983
-53.099094
-53.759520
-53.156205
-53.738127
-53.005808
-50.481866
-53.036723
-50.636298
-53.125073
-50.703547
-53.252218
-50.765686
-53.343807
-52.971839
-53.702400
-53.019066
-53.694177
-53.091730
-53.718860
-53.087948
-53.776628
-52.968891
-50.445617
-53.104648
-50.549178
-53.151073
-50.672988
-53.260415
-53.049785
-53.672508
-52.994997
-53.752781
-53.023538
-53.743094
-52.958553
-50.464317
-53.080273
-50.472024
-53.257224
-52.983571
-53.658590
-53.056513
-53.726308
-53.125384
-50.300307
-53.133323
-52.919298
-53.882120
-52.983343
-54.053074
-50.269923
-53.689416
-50.174786
-53.736051
-50.325077
-53.598939
-50.440332
-53.570957
-50.425496
-53.601131
-50.408693
-53.601339
-50.424939
-53.569725
-50.439206
-53.600093
-50.319652
-53.737795
-50.172411
-53.686379
-50.266865
-54.056070
-52.801381
-50.022855
-52.710891
-50.187562
-52.720618
-50.194028
-52.713920
-50.314505
-52.637871
-50.405393
-52.682415
-50.431735
-52.710060
-50.538033
-52.701375
-50.596124
-52.789477
-50.589636
-52.837672
-50.662998
-52.797789
-50.698085
-53.045175
-52.923817
-53.787903
-52.971951
-53.530962
-52.995960
-53.450931
-52.907015
-53.401292
-52.913178
-53.300761
-52.909846
-53.289341
-52.860626
-53.259694
-52.888128
-53.192572
-52.894743
-53.216162
-52.850506
-53.217440
-52.955059
-53.020363
-52.876912
-50.192190
-52.908833
-50.255366
-52.769545
-50.352843
-52.736037
-50.355848
-52.725263
-50.438403
-52.684213
-50.504630
-52.737615
-50.518466
-52.773083
-50.600511
-52.772897
-50.642705
-52.870764
-50.583729
-52.954912
-53.064688
-53.557347
-52.912751
-53.548507
-52.879300
-53.416734
-52.887074
-53.373607
-52.830109
-53.332140
-52.851754
-53.256038
-52.857958
-53.258787
-52.813531
-53.230558
-52.858349
-53.158096
-52.875273
-53.215930
-52.937433
-50.352796
-52.839070
-50.325056
-52.827795
-50.373096
-52.737461
-50.431487
-52.739005
-50.436019
-52.746040
-50.517453
-52.736727
-50.571477
-52.808899
-50.563676
-52.858388
-50.640659
-52.847794
-52.897246
-53.567263
-52.934186
-53.483559
-52.848731
-53.446511
-52.842863
-53.348612
-52.831866
-53.323469
-52.777387
-53.287870
-52.811767
-53.222021
-52.812247
-53.229516
-52.774313
-53.217876
-53.000542
-50.330909
-52.857496
-50.407696
-52.807989
-50.393773
-52.790102
-50.454472
-52.741617
-50.491903
-52.774674
-50.490905
-52.812066
-50.569863
-52.811390
-50.600729
-52.894574
-52.908129
-53.595155
-52.864937
-53.464990
-52.858258
-53.423238
-52.795034
-53.379491
-52.800866
-53.293803
-52.777075
-53.287121
-52.737454
-53.260532
-52.776078
-53.188912
-52.919447
-50.364842
-52.888919
-50.398296
-52.792549
-50.435538
-52.799593
-50.436898
-52.801302
-50.490627
-52.775836
-50.517739
-52.857807
-50.513137
-52.891278
-52.946047
-53.536842
-52.837759
-53.487647
-52.828146
-53.394746
-52.801080
-53.379023
-52.741892
-53.325023
-52.748049
-53.253356
-52.743158
-53.259874
-52.892737
-50.420787
-52.866629
-50.380396
-52.828632
-50.434658
-52.794078
-50.454596
-52.831972
-50.431728
-52.854452
-50.502098
-52.857420
-52.923787
-53.505778
-52.867212
-53.487520
-52.792447
-53.424371
-52.791518
-53.346609
-52.743116
-53.332472
-52.683581
-53.292259
-52.924286
-50.420323
-52.837375
-50.398097
-52.858874
-50.390273
-52.845158
-50.429412
-52.827731
-50.437833
-52.911657
-52.892286
-53.537486
-52.889983
-53.463437
-52.810781
-53.447029
-52.736733
-53.376064
-52.728789
-53.296532
-52.947298
-50.361906
-52.866926
-50.406127
-52.847189
-50.372276
-52.888869
-50.348412
-52.917409
-52.921027
-53.595915
-52.856606
-53.485335
-52.830610
-53.413504
-52.741351
-53.402661
-52.907406
-50.329694
-52.936415
-50.318806
-52.882843
-50.350064
-52.903919
-53.002833
-53.564695
-52.842779
-53.549995
-52.768116
-53.454262
-52.900375
-50.350561
-52.910788
-50.253595
-52.998910
-52.935893
-53.559731
-52.912722
-53.527116
-53.068358
-50.183639
-52.976380
-52.881070
-53.790412
-52.921928
-53.831382
-49.902020
-53.571603
-50.161513
-53.588321
-50.283923
-53.578642
-50.459079
-53.544882
-50.567125
-53.609170
-50.600820
-53.650323
-50.690270
-53.637838
-50.733824
-53.704552
-50.668792
-53.794064
-50.628609
-53.777926
-50.626241
-54.050889
-53.206201
-53.412463
-53.389970
-53.325772
-53.373115
-53.323507
-53.365737
-53.316742
-53.436925
-53.269378
-53.488475
-53.302366
-53.503970
-53.297680
-53.604530
-53.255478
-53.668453
-53.277818
-53.729971
-53.231090
-53.931778
-53.073551
-53.646055
-51.159359
-53.569884
-51.256272
-53.528013
-51.283457
-53.539869
-51.250068
-53.535045
-51.269570
-53.494262
-51.234388
-53.539569
-51.137279
-53.550970
-51.084992
-53.550009
-50.939863
-53.636434
-50.741831
-53.660852
-53.406650
-53.343068
-53.355212
-53.319038
-53.397507
-53.270048
-53.438895
-53.288422
-53.446940
-53.279235
-53.537847
-53.226862
-53.595857
-53.243493
-53.632255
-53.199252
-53.743706
-53.145581
-53.784049
-53.190970
-53.599317
-51.231441
-53.608123
-51.226526
-53.599044
-51.262731
-53.551268
-51.256998
-53.580972
-51.186345
-53.584303
-51.167866
-53.562078
-51.076656
-53.621423
-50.941356
-53.624232
-50.855592
-53.635275
-53.399551
-53.281871
-53.414681
-53.285797
-53.406743
-53.275636
-53.478122
-53.220026
-53.530117
-53.237173
-53.549242
-53.206997
-53.648674
-53.144305
-53.691501
-53.151370
-53.727816
-53.096024
-53.682525
-51.205881
-53.620898
-51.232619
-53.635553
-51.190443
-53.633920
-51.198780
-53.593210
-51.146963
-53.636072
-51.037226
-53.634128
-50.980744
-53.620335
-50.839391
-53.684941
-53.376784
-53.294141
-53.432261
-53.224253
-53.478080
-53.234062
-53.481508
-53.213484
-53.569389
-53.148366
-53.616018
-53.156960
-53.635370
-53.100244
-53.730173
-53.047643
-53.709048
-51.127138
-53.700470
-51.163519
-53.643582
-51.153289
-53.671768
-51.068845
-53.665834
-51.041716
-53.627816
-50.940298
-53.675556
-50.803158
-53.655224
-53.433033
-53.245775
-53.422469
-53.221668
-53.497857
-53.149268
-53.546756
-53.159692
-53.553286
-53.119895
-53.643261
-53.044311
-53.666864
-53.063101
-53.702783
-51.089470
-53.725702
-51.031746
-53.717618
-51.035716
-53.660465
-50.974671
-53.692799
-50.852272
-53.674936
-50.806309
-53.626387
-53.435400
-53.155040
-53.479900
-53.156703
-53.473915
-53.128635
-53.560243
-53.050547
-53.597386
-53.059087
-53.590542
-53.010787
-53.768034
-50.966882
-53.711990
-50.942443
-53.733750
-50.840884
-53.714223
-50.812430
-53.651648
-50.722691
-53.680112
-53.400503
-53.129987
-53.475207
-53.044345
-53.522824
-53.056195
-53.515884
-53.018384
-53.595729
-52.931096
-53.772463
-50.781637
-53.774246
-50.768120
-53.695711
-50.700995
-53.715964
-50.578520
-53.686440
-53.435898
-53.037579
-53.427841
-53.016744
-53.520283
-52.932990
-53.556419
-52.931036
-53.747303
-50.659372
-53.771762
-50.522423
-53.742853
-50.497325
-53.662717
-53.394092
-52.910584
-53.483122
-52.936684
-53.478290
-52.881866
-53.828076
-50.441692
-53.724758
-50.355044
-53.740139
-53.324978
-52.902626
-53.499951
-52.783948
-53.845213
-50.136006
-53.800828
-53.414385
-52.809843
-53.843395
-52.796431
-50.026075
-52.712615
-50.191209
-52.714407
-50.203825
-52.709370
-50.315715
-52.639564
-50.408549
-52.675547
-50.440688
-52.705436
-50.538630
-52.701825
-50.599104
-52.782280
-50.596346
-52.833202
-50.663102
-52.795368
-50.700778
-53.038976
-53.232635
-50.815696
-53.043757
-50.790908
-53.091491
-50.830870
-53.066097
-50.863332
-53.008142
-50.852039
-53.013052
-50.780610
-52.997284
-50.744689
-52.958545
-50.646942
-52.987656
-50.500256
-52.981482
-50.375507
-52.971665
-50.130918
-53.114294
-53.772720
-52.697067
-53.669263
-52.603804
-53.544476
-52.633564
-53.405394
-52.619228
-53.367941
-52.562855
-53.311556
-52.589090
-53.216987
-52.604148
-53.207552
-52.560409
-53.219348
-52.578072
-53.155250
-52.664886
-53.161503
-52.528011
-53.277143
-49.961343
-53.295949
-50.110516
-53.210083
-50.186138
-53.224856
-50.208990
-53.211758
-50.299343
-53.165890
-50.346458
-53.205643
-50.318095
-53.252298
-50.329613
-53.241143
-50.342307
-53.283492
-50.222044
-53.448493
-53.673709
-52.685560
-53.491878
-52.650563
-53.446766
-52.585458
-53.363118
-52.612218
-53.252181
-52.608296
-53.232132
-52.560856
-53.207464
-52.584450
-53.136209
-52.622610
-53.120025
-52.607345
-53.135161
-52.673857
-53.087559
-50.158882
-53.180331
-50.175336
-53.156643
-50.293450
-53.102613
-50.358275
-53.140144
-50.366127
-53.160553
-50.426070
-53.140193
-50.457917
-53.181438
-50.416679
-53.239186
-50.402263
-53.235204
-53.560152
-52.593187
-53.443370
-52.635873
-53.314741
-52.622936
-53.284617
-52.578283
-53.230306
-52.612665
-53.145580
-52.632708
-53.131602
-52.612469
-53.117059
-52.651088
-53.048897
-52.733776
-53.060864
-50.279516
-53.038471
-50.332200
-53.081450
-50.363594
-53.082936
-50.462963
-53.055917
-50.515142
-53.101369
-50.508353
-53.135329
-50.540001
-53.128428
-50.556755
-53.161196
-53.392709
-52.631548
-53.366676
-52.591432
-53.285023
-52.635347
-53.185209
-52.643771
-53.167279
-52.623053
-53.132199
-52.668652
-53.062294
-52.707593
-53.043525
-52.730550
-53.021313
-50.325494
-53.015174
-50.443180
-52.983346
-50.512134
-53.032345
-50.537598
-53.050872
-50.608513
-53.038908
-50.638848
-53.085216
-50.625519
-53.106117
-53.346079
-52.658408
-53.251118
-52.653947
-53.227574
-52.631501
-53.170679
-52.682432
-53.094126
-52.709228
-53.081176
-52.710720
-53.044699
-52.780974
-52.927114
-50.456552
-52.974124
-50.503193
-52.978024
-50.613010
-52.964298
-50.665614
-53.013877
-50.671536
-53.036718
-50.727663
-53.024506
-53.293314
-52.648538
-53.231292
-52.697486
-53.144800
-52.709766
-53.131044
-52.707245
-53.088704
-52.770254
-53.019461
-52.808187
-52.922797
-50.553275
-52.900743
-50.625563
-52.952982
-50.666513
-52.967467
-50.744122
-52.959894
-50.780661
-53.012754
-53.207527
-52.724138
-53.196782
-52.708873
-53.139926
-52.765602
-53.072984
-52.797332
-53.064969
-52.802681
-52.904742
-50.593589
-52.908122
-50.706825
-52.901704
-50.761848
-52.949543
-50.781175
-52.975194
-53.209087
-52.777832
-53.132530
-52.787360
-53.120874
-52.795889
-53.085017
-52.857231
-52.854390
-50.686135
-52.902324
-50.734635
-52.914397
-50.815545
-52.916862
-53.193202
-52.790244
-53.140463
-52.844632
-53.085855
-52.879995
-52.890100
-50.734618
-52.871380
-50.798826
-52.915032
-53.136318
-52.878995
-53.124153
-52.890732
-52.912697
-50.698812
-52.935308
-53.213951
-52.972134
-52.732362
-53.791291
-49.841238
-53.472893
-50.031369
-53.425087
-50.085402
-53.350224
-50.192001
-53.255794
-50.239316
-53.262234
-50.221317
-53.259406
-50.263578
-53.213545
-50.279048
-53.248496
-50.192227
-53.327408
-50.126444
-53.300665
-50.122848
-53.576011
-53.616678
-53.859456
-53.694681
-53.686078
-53.702820
-53.667846
-53.586039
-53.631903
-53.574735
-53.517041
-53.523364
-53.492472
-53.416009
-53.410114
-53.408198
-53.311903
-53.337392
-53.338092
-53.281619
-53.257666
-53.397006
-53.149464
-53.171570
-50.530257
-53.127299
-50.571708
-52.927446
-50.543914
-52.838833
-50.403415
-52.736371
-50.361608
-52.598720
-50.288988
-52.595694
-50.199471
-52.566933
-50.226177
-52.555770
-50.160176
-52.673597
-50.064336
-52.654623
-53.727501
-53.754743
-53.618005
-53.742173
-53.628636
-53.615247
-53.605356
-53.588978
-53.500512
-53.523029
-53.485851
-53.403078
-53.415603
-53.383045
-53.329666
-53.298224
-53.363048
-53.214825
-53.302154
-53.271431
-53.094126
-50.647545
-53.036080
-50.541718
-52.941065
-50.509378
-52.759487
-50.434497
-52.694090
-50.305964
-52.619457
-50.293240
-52.549080
-50.236838
-52.611512
-50.170307
-52.607823
-50.199791
-52.608860
-53.654346
-53.684993
-53.663639
-53.676492
-53.574405
-53.634873
-53.568276
-53.516631
-53.515036
-53.487779
-53.406841
-53.402887
-53.397297
-53.294699
-53.327980
-53.290282
-53.264312
-53.209358
-53.103345
-50.623255
-52.947422
-50.583890
-52.866786
-50.451348
-52.759519
-50.407894
-52.619308
-50.332995
-52.614364
-50.239779
-52.586665
-50.253515
-52.565846
-50.198343
-52.645199
-53.623868
-53.697115
-53.625749
-53.601341
-53.601928
-53.587982
-53.501900
-53.526034
-53.483410
-53.405349
-53.405486
-53.376073
-53.303320
-53.289691
-53.307230
-53.214674
-53.023768
-50.580469
-52.933761
-50.535057
-52.762021
-50.453348
-52.696277
-50.322923
-52.620655
-50.307722
-52.548177
-50.255445
-52.600985
-50.200542
-52.596627
-53.670393
-53.644575
-53.579283
-53.615379
-53.573210
-53.514846
-53.517635
-53.492584
-53.400692
-53.408859
-53.372496
-53.299238
-53.292952
-53.296611
-52.935841
-50.595641
-52.856022
-50.446907
-52.740275
-50.393741
-52.598800
-50.318645
-52.595984
-50.233774
-52.579247
-50.263184
-52.557527
-53.649306
-53.581049
-53.617874
-53.588756
-53.521182
-53.541834
-53.497492
-53.427535
-53.406966
-53.396050
-53.283752
-53.318258
-52.920739
-50.527597
-52.742449
-50.421532
-52.667728
-50.285271
-52.594439
-50.277328
-52.533519
-50.250976
-52.593937
-53.603474
-53.609168
-53.607759
-53.539788
-53.556029
-53.532456
-53.427479
-53.449475
-53.370259
-53.330433
-52.846993
-50.403946
-52.704898
-50.329656
-52.556829
-50.257115
-52.565458
-50.195577
-52.579759
-53.648304
-53.605494
-53.572119
-53.591657
-53.548064
-53.482920
-53.430622
-53.435070
-52.730302
-50.339820
-52.616317
-50.185983
-52.547371
-50.200831
-52.531358
-53.660673
-53.587150
-53.632437
-53.609734
-53.480614
-53.511622
-52.689696
-50.200531
-52.492171
-50.132357
-52.558397
-53.657563
-53.686527
-53.645549
-53.573846
-52.590254
-49.971134
-52.527278
-53.820476
-53.798660
-52.344039
-54.053073
-50.269923
-53.689419
-50.174789
-53.736052
-50.325082
-53.598940
-50.440336
-53.570960
-50.425496
-53.601132
-50.408695
-53.601336
-50.424940
-53.569724
-50.439203
-53.600092
-50.319651
-53.737792
-50.172410
-53.686378
-50.266865
-54.056072
-52.839878
-50.123704
-52.852454
-50.394486
-52.963058
-50.505123
-53.054531
-50.713511
-53.059773
-50.878817
-53.158080
-50.952105
-53.222189
-51.074920
-53.223531
-51.136628
-53.299388
-51.115472
-53.334818
-51.159331
-53.271109
-51.172331
-53.491070
-52.983353
-53.882119
-53.133328
-53.726309
-53.257227
-53.743095
-53.260419
-53.776629
-53.343806
-53.738127
-53.394922
-53.768377
-53.375113
-53.756570
-53.413727
-53.685337
-53.415081
-53.693893
-53.355360
-53.672249
-53.439168
-53.446594
-52.919301
-50.300313
-53.056517
-50.472026
-53.023542
-50.672991
-53.087950
-50.765690
-53.156207
-50.917508
-53.168695
-51.026360
-53.254184
-51.058452
-53.299203
-51.139424
-53.291760
-51.166392
-53.373667
-51.086589
-53.438289
-53.125389
-53.658590
-53.080279
-53.752782
-53.151075
-53.718863
-53.252220
-53.759525
-53.269466
-53.778158
-53.342132
-53.735953
-53.374963
-53.753809
-53.338818
-53.720642
-53.376075
-53.634308
-53.374611
-53.672584
-52.983577
-50.464319
-52.995001
-50.549182
-53.091733
-50.703551
-53.099096
-50.851904
-53.179485
-50.922197
-53.237300
-51.042097
-53.254035
-51.112083
-53.334987
-51.103651
-53.374861
-51.166406
-53.354195
-52.958556
-53.672509
-53.104651
-53.694177
-53.125076
-53.754983
-53.213795
-53.739713
-53.277298
-53.774875
-53.271514
-53.769520
-53.329511
-53.717092
-53.335927
-53.721140
-53.292679
-53.694036
-53.049788
-50.445618
-53.019069
-50.636300
-53.078584
-50.728560
-53.157044
-50.879266
-53.186278
-50.982022
-53.269712
-51.017292
-53.328160
-51.112176
-53.337518
-51.138661
-53.414916
-52.968895
-53.702401
-53.036724
-53.678628
-53.136001
-53.734591
-53.166370
-53.771493
-53.247486
-53.746649
-53.270601
-53.770106
-53.254976
-53.753907
-53.301331
-53.684828
-52.971839
-50.481870
-53.055196
-50.630759
-53.067938
-50.772507
-53.169732
-50.862478
-53.246232
-50.982132
-53.270188
-51.041237
-53.374904
-51.056532
-53.413202
-53.005807
-53.646185
-53.010204
-53.703544
-53.106807
-53.707428
-53.170490
-53.772095
-53.187097
-53.774971
-53.239542
-53.735363
-53.255935
-53.757819
-52.948235
-50.539441
-53.037202
-50.614769
-53.105966
-50.772536
-53.165189
-50.878355
-53.277411
-50.920077
-53.341681
-51.025775
-53.373388
-52.982214
-53.616114
-53.037802
-53.704003
-53.068446
-53.734779
-53.159202
-53.739029
-53.181291
-53.779524
-53.169182
-53.769136
-52.981993
-50.539289
-53.009358
-50.629990
-53.136419
-50.726179
-53.213648
-50.851221
-53.267708
-50.915830
-53.395838
-52.948351
-53.646513
-53.056979
-53.677686
-53.080403
-53.756369
-53.099401
-53.760388
-53.159450
-53.736870
-53.006578
-50.479271
-53.037307
-50.635469
-53.123435
-50.701789
-53.253415
-50.761235
-53.344289
-52.973666
-53.703485
-53.018916
-53.695177
-53.095010
-53.717387
-53.090763
-53.778832
-52.967693
-50.444070
-53.106353
-50.544168
-53.152016
-50.671470
-53.258134
-53.052615
-53.670491
-52.998002
-53.755072
-53.023330
-53.744741
-52.960727
-50.462528
-53.078070
-50.469236
-53.259600
-52.982669
-53.660504
-53.061082
-53.724067
-53.128511
-50.292387
-53.135345
-52.923494
-53.885564
-52.980768
-52.796446
-50.026081
-52.712627
-50.191214
-52.714413
-50.203831
-52.709376
-50.315720
-52.639572
-50.408553
-52.675545
-50.440695
-52.705437
-50.538626
-52.701822
-50.599106
-52.782272
-50.596347
-52.833202
-50.663098
-52.795368
-50.700782
-53.038975
-52.921919
-53.790414
-52.976373
-53.527117
-52.998902
-53.454259
-52.903913
-53.402656
-52.917404
-53.296533
-52.911649
-53.292256
-52.857421
-53.259871
-52.891268
-53.188915
-52.894566
-53.217870
-52.847795
-53.215925
-52.954907
-53.020367
-52.881066
-50.183640
-52.912716
-50.253594
-52.768110
-50.350061
-52.741345
-50.348411
-52.728782
-50.437827
-52.683575
-50.502096
-52.743146
-50.513132
-52.776073
-50.600726
-52.774306
-50.640662
-52.875268
-50.583733
-52.955054
-53.068353
-53.559733
-52.910783
-53.549993
-52.882837
-53.413502
-52.888863
-53.376057
-52.827725
-53.332467
-52.854448
-53.253354
-52.857804
-53.260537
-52.811391
-53.229516
-52.858391
-53.158099
-52.870760
-53.217441
-52.935889
-50.350563
-52.842774
-50.318806
-52.830604
-50.372273
-52.736728
-50.429409
-52.743113
-50.431731
-52.748042
-50.517740
-52.737456
-50.569856
-52.812241
-50.563679
-52.858336
-50.642704
-52.850504
-52.900370
-53.564698
-52.936409
-53.485335
-52.847185
-53.447026
-52.845154
-53.346611
-52.831964
-53.325019
-52.775832
-53.287118
-52.812055
-53.222022
-52.808899
-53.230556
-52.772900
-53.216166
-53.002828
-50.329697
-52.856602
-50.406126
-52.810775
-50.390274
-52.791511
-50.454594
-52.741886
-50.490630
-52.777071
-50.490909
-52.811770
-50.571482
-52.813530
-50.600514
-52.894741
-52.907402
-53.595915
-52.866920
-53.463437
-52.858868
-53.424370
-52.794074
-53.379026
-52.801300
-53.293807
-52.774667
-53.287872
-52.736724
-53.258777
-52.773080
-53.192573
-52.921022
-50.361907
-52.889979
-50.398098
-52.792445
-50.434659
-52.801077
-50.436903
-52.800856
-50.491904
-52.777387
-50.517450
-52.857955
-50.518476
-52.888129
-52.947295
-53.537486
-52.837374
-53.487518
-52.828630
-53.394749
-52.799587
-53.379491
-52.741617
-53.323473
-52.746039
-53.256043
-52.737618
-53.259696
-52.892285
-50.420322
-52.867211
-50.380399
-52.828144
-50.435540
-52.795034
-50.454477
-52.831865
-50.436021
-52.851750
-50.504632
-52.860621
-52.924285
-53.505779
-52.866630
-53.487648
-52.792550
-53.423239
-52.790102
-53.348614
-52.739001
-53.332141
-52.684219
-53.289342
-52.923789
-50.420790
-52.837762
-50.398297
-52.858259
-50.393778
-52.842862
-50.431488
-52.830116
-50.438407
-52.909846
-52.892741
-53.536841
-52.888920
-53.464994
-52.807990
-53.446512
-52.737468
-53.373609
-52.725266
-53.300763
-52.946049
-50.364848
-52.864939
-50.407700
-52.848736
-50.373099
-52.887078
-50.355852
-52.913177
-52.919450
-53.595159
-52.857500
-53.483561
-52.827800
-53.416737
-52.736040
-53.401294
-52.908134
-50.330913
-52.934189
-50.325063
-52.879304
-50.352847
-52.907021
-53.000545
-53.567269
-52.839074
-53.548509
-52.769553
-53.450933
-52.897249
-50.352801
-52.912758
-50.255370
-52.995965
-52.937440
-53.557349
-52.908839
-53.530965
-53.064692
-50.192197
-52.971957
-52.876916
-53.787903
-52.923827
-52.833788
-50.128051
-52.853113
-50.396937
-52.959177
-50.512081
-53.050133
-50.716047
-53.059796
-50.880099
-53.155476
-50.956101
-53.219138
-51.076454
-53.222980
-51.137208
-53.297710
-51.117206
-53.332971
-51.159945
-53.270333
-51.172493
-53.490243
-53.643948
-51.236435
-53.457005
-51.217379
-53.503386
-51.247364
-53.490885
-51.293931
-53.434833
-51.301204
-53.464685
-51.239936
-53.470694
-51.234476
-53.441622
-51.159442
-53.494429
-51.018921
-53.501230
-50.909712
-53.482374
-50.671960
-53.626425
-53.843395
-52.809847
-53.800827
-52.783951
-53.740135
-52.881865
-53.662715
-52.931036
-53.686430
-52.931095
-53.680111
-53.010783
-53.626373
-53.063095
-53.655223
-53.047648
-53.684942
-53.096024
-53.635270
-53.190971
-53.660847
-53.073553
-53.414390
-50.136007
-53.499953
-50.355045
-53.478290
-50.497322
-53.556420
-50.578520
-53.595725
-50.722684
-53.590542
-50.806308
-53.666856
-50.803147
-53.730169
-50.839391
-53.727819
-50.855596
-53.784051
-50.741832
-53.931781
-53.845213
-52.902630
-53.724755
-52.936687
-53.742851
-52.932989
-53.715962
-53.018390
-53.651647
-53.059083
-53.674932
-53.044317
-53.675554
-53.100238
-53.620323
-53.151366
-53.624226
-53.145582
-53.636433
-53.231091
-53.324984
-50.441693
-53.483124
-50.522423
-53.520284
-50.700993
-53.515883
-50.812433
-53.597391
-50.852269
-53.643257
-50.940300
-53.635377
-50.980745
-53.691493
-50.941342
-53.743694
-50.939850
-53.729962
-53.828077
-52.910589
-53.771761
-53.016748
-53.695711
-53.056196
-53.714219
-53.050551
-53.692804
-53.119902
-53.627814
-53.156962
-53.634136
-53.144320
-53.621433
-53.199259
-53.550008
-53.277820
-53.394096
-50.659373
-53.427846
-50.768122
-53.522827
-50.840883
-53.560240
-50.974666
-53.553287
-51.041719
-53.616022
-51.037223
-53.648673
-51.076658
-53.632263
-51.085003
-53.668463
-53.747304
-53.037582
-53.774245
-53.044353
-53.733752
-53.128639
-53.660467
-53.159695
-53.665830
-53.148367
-53.636073
-53.207002
-53.562074
-53.243487
-53.550957
-53.255469
-53.435899
-50.781636
-53.475206
-50.942445
-53.473920
-51.035715
-53.546759
-51.068853
-53.569393
-51.146962
-53.549245
-51.167876
-53.595870
-51.137289
-53.604537
-53.772466
-53.129989
-53.711988
-53.156708
-53.717617
-53.149267
-53.671763
-53.213489
-53.593214
-53.237177
-53.584302
-53.226864
-53.539572
-53.297689
-53.400508
-50.966884
-53.479902
-51.031752
-53.497864
-51.153286
-53.481505
-51.198776
-53.530114
-51.186343
-53.537846
-51.234386
-53.503965
-53.768034
-53.155041
-53.725698
-53.221676
-53.643589
-53.234068
-53.633927
-53.220037
-53.580978
-53.279241
-53.494267
-53.302378
-53.435401
-51.089468
-53.422464
-51.163514
-53.478080
-51.190437
-53.478117
-51.256997
-53.446939
-51.269565
-53.488470
-53.702791
-53.245781
-53.700472
-53.224259
-53.635559
-53.275640
-53.551269
-53.288427
-53.535048
-53.269384
-53.433035
-51.127139
-53.432258
-51.232620
-53.406747
-51.262732
-53.438896
-51.250068
-53.436925
-53.709048
-53.294142
-53.620893
-53.285797
-53.599044
-53.270048
-53.539867
-53.316746
-53.376788
-51.205887
-53.414684
-51.226526
-53.397509
-51.283461
-53.365738
-53.682526
-53.281873
-53.608119
-53.319041
-53.528014
-53.323508
-53.399548
-51.231443
-53.355211
-51.256271
-53.373115
-53.599318
-53.343072
-53.569885
-53.325774
-53.406648
-51.159358
-53.389966
-53.646052
-53.412468
-53.206197
-53.791291
-49.841239
-53.472895
-50.031372
-53.425086
-50.085402
-53.350224
-50.191998
-53.255788
-50.239314
-53.262233
-50.221309
-53.259391
-50.263572
-53.213546
-50.279048
-53.248491
-50.192220
-53.327400
-50.126437
-53.300660
-50.122847
-53.576010
-52.732358
-52.972135
-52.935300
-52.890736
-52.915030
-52.879993
-52.916862
-52.857231
-52.975190
-52.802687
-53.012746
-52.808197
-53.024503
-52.780980
-53.106126
-52.730541
-53.161204
-52.733779
-53.235195
-52.673857
-53.448495
-52.528013
-53.213949
-50.698817
-53.124155
-50.798824
-53.085858
-50.815548
-53.085015
-50.781179
-53.064974
-50.780656
-53.019469
-50.727663
-53.044700
-50.625533
-53.043512
-50.556763
-53.048900
-50.402251
-53.135159
-50.222046
-53.161499
-52.912690
-52.878995
-52.871377
-52.844629
-52.914396
-52.795891
-52.949541
-52.797333
-52.959892
-52.770258
-53.036716
-52.710721
-53.085230
-52.707587
-53.128434
-52.651098
-53.239175
-52.607344
-53.283494
-52.664889
-53.136322
-50.734622
-53.140460
-50.734642
-53.120875
-50.761846
-53.072989
-50.744122
-53.088710
-50.671537
-53.081175
-50.638858
-53.062294
-50.540000
-53.117071
-50.416669
-53.120017
-50.342311
-53.155249
-52.890094
-52.790246
-52.902323
-52.787355
-52.901707
-52.765606
-52.967459
-52.707256
-53.013873
-52.709230
-53.038910
-52.668658
-53.135324
-52.612485
-53.181434
-52.622603
-53.241146
-52.578075
-53.193200
-50.686140
-53.132528
-50.706827
-53.139932
-50.666509
-53.131052
-50.665612
-53.094133
-50.608515
-53.132200
-50.508353
-53.131609
-50.457922
-53.136199
-50.329613
-53.219351
-52.854396
-52.777833
-52.908116
-52.708880
-52.952980
-52.709768
-52.964297
-52.682436
-53.050877
-52.623054
-53.101372
-52.632708
-53.140204
-52.584447
-53.252292
-52.560415
-53.209086
-50.593591
-53.196785
-50.625561
-53.144809
-50.613010
-53.170674
-50.537610
-53.167278
-50.515144
-53.145581
-50.426073
-53.207466
-50.318087
-53.207551
-52.904742
-52.724142
-52.900739
-52.697491
-52.978028
-52.631501
-53.032348
-52.643776
-53.055918
-52.612673
-53.160547
-52.560864
-53.205638
-52.604142
-53.207538
-50.553276
-53.231289
-50.503203
-53.227575
-50.512133
-53.185216
-50.462962
-53.230312
-50.366129
-53.232129
-50.346460
-53.216977
-52.922797
-52.648541
-52.974126
-52.653950
-52.983350
-52.635352
-53.082934
-52.578288
-53.140150
-52.608293
-53.165891
-52.589090
-53.293316
-50.456554
-53.251120
-50.443183
-53.285025
-50.363598
-53.284616
-50.358280
-53.252184
-50.299337
-53.311556
-52.927121
-52.658413
-53.015173
-52.591442
-53.081453
-52.622937
-53.102613
-52.612225
-53.211754
-52.562856
-53.346083
-50.325496
-53.366678
-50.332203
-53.314744
-50.293451
-53.363118
-50.208994
-53.367935
-53.021316
-52.631551
-53.038477
-52.635879
-53.156644
-52.585460
-53.224858
-52.619229
-53.392713
-50.279519
-53.443370
-50.175340
-53.446767
-50.186137
-53.405395
-53.060867
-52.593195
-53.180334
-52.650569
-53.210085
-52.633565
-53.560155
-50.158885
-53.491879
-50.110520
-53.544475
-53.087567
-52.685567
-53.295952
-52.603811
-53.673710
-49.961347
-53.669264
-53.277149
-52.697072
-53.772722
-53.831386
-49.902018
-53.571604
-50.161514
-53.588318
-50.283920
-53.578641
-50.459073
-53.544875
-50.567122
-53.609166
-50.600807
-53.650308
-50.690262
-53.637836
-50.733820
-53.704543
-50.668780
-53.794054
-50.628601
-53.777920
-50.626240
-54.050888
-53.234484
-50.520051
-53.049575
-50.608083
-52.999602
-50.487459
-52.908818
-50.456663
-52.726966
-50.390574
-52.665378
-50.266650
-52.592925
-50.254143
-52.523241
-50.192975
-52.590477
-50.128565
-52.584817
-50.172859
-52.571875
-50.033551
-52.695534
-52.344038
-53.798664
-52.527281
-53.573846
-52.558398
-53.511622
-52.531355
-53.435063
-52.579760
-53.330429
-52.593925
-53.318242
-52.557524
-53.296605
-52.596621
-53.214658
-52.645187
-53.209344
-52.608854
-53.271423
-52.654622
-53.149458
-53.820480
-49.971132
-53.645549
-50.132355
-53.480613
-50.200825
-53.430615
-50.195576
-53.370250
-50.250957
-53.283736
-50.263176
-53.292942
-50.200524
-53.307209
-50.198326
-53.264300
-50.199785
-53.302150
-50.064334
-53.397006
-52.590255
-53.686528
-52.492170
-53.609734
-52.547366
-53.482913
-52.565457
-53.449463
-52.533501
-53.396034
-52.579240
-53.299220
-52.600961
-53.289666
-52.565830
-53.290268
-52.607817
-53.214817
-52.673597
-53.257661
-53.657560
-50.200527
-53.632436
-50.185975
-53.548056
-50.257111
-53.427465
-50.277305
-53.406950
-50.233761
-53.372471
-50.255415
-53.303295
-50.253495
-53.327967
-50.170297
-53.363040
-50.160173
-53.281617
-52.689695
-53.587147
-52.616311
-53.591651
-52.556827
-53.532440
-52.594417
-53.427520
-52.595969
-53.408830
-52.548147
-53.376045
-52.586646
-53.294681
-52.611498
-53.298212
-52.555762
-53.338085
-53.660669
-50.339812
-53.572111
-50.329650
-53.556014
-50.285247
-53.497476
-50.318625
-53.400659
-50.307687
-53.405458
-50.239756
-53.397276
-50.236819
-53.329650
-50.226165
-53.337388
-52.730297
-53.605486
-52.704896
-53.539773
-52.667705
-53.541819
-52.598782
-53.492550
-52.620621
-53.405320
-52.614339
-53.402862
-52.549058
-53.383024
-52.566920
-53.311895
-53.648296
-50.403943
-53.607744
-50.421508
-53.521166
-50.393720
-53.517600
-50.322887
-53.483380
-50.332968
-53.406815
-50.293213
-53.415581
-50.199455
-53.408191
-52.846992
-53.609157
-52.742428
-53.588740
-52.740259
-53.514812
-52.696243
-53.526004
-52.619283
-53.487749
-52.619430
-53.403055
-52.595677
-53.410105
-53.603465
-50.527575
-53.617857
-50.446891
-53.573178
-50.453313
-53.501870
-50.407866
-53.515007
-50.305937
-53.485825
-50.288970
-53.416001
-52.920725
-53.581033
-52.856012
-53.615352
-52.761990
-53.587954
-52.759495
-53.516603
-52.694063
-53.523004
-52.598703
-53.492462
-53.649288
-50.595631
-53.579260
-50.535025
-53.601900
-50.451323
-53.568250
-50.434470
-53.500488
-50.361590
-53.523354
-52.935836
-53.644561
-52.933735
-53.601315
-52.866767
-53.634850
-52.759464
-53.588955
-52.736353
-53.517032
-53.670386
-50.580446
-53.625723
-50.583870
-53.574385
-50.509357
-53.605334
-50.403398
-53.574725
-53.023757
-53.697093
-52.947406
-53.676477
-52.941048
-53.615230
-52.838818
-53.631894
-53.623849
-50.623237
-53.663626
-50.541705
-53.628621
-50.543901
-53.586031
-53.103332
-53.684980
-53.036072
-53.742165
-52.927437
-53.667840
-53.654331
-50.647538
-53.617997
-50.571702
-53.702814
-53.094119
-53.754738
-53.127298
-53.686075
-53.727494
-50.530254
-53.694676
-53.171568
-53.859457
-53.616672
-52.839899
-50.123712
-52.852468
-50.394492
-52.963064
-50.505123
-53.054535
-50.713513
-53.059780
-50.878820
-53.158082
-50.952107
-53.222195
-51.074917
-53.223528
-51.136631
-53.299386
-51.115469
-53.334823
-51.159328
-53.271110
-51.172333
-53.491074
-53.643904
-51.236213
-53.456584
-51.216985
-53.504069
-51.244832
-53.492346
-51.292397
-53.434089
-51.299665
-53.466605
-51.234381
-53.473569
-51.231441
-53.440568
-51.156256
-53.497883
-51.009671
-53.505679
-50.904474
-53.481391
-50.665610
-53.632189
-53.840512
-52.814615
-53.805302
-52.782554
-53.743031
-52.888636
-53.659188
-52.936233
-53.691228
-52.929962
-53.683191
-53.018122
-53.623052
-53.068843
-53.660182
-53.046957
-53.688595
-53.103139
-53.632682
-53.196933
-53.665998
-53.072945
-53.418238
-50.126322
-53.502318
-50.352697
-53.474576
-50.493398
-53.560245
-50.568395
-53.597833
-50.720157
-53.586494
-50.801905
-53.670582
-50.792316
-53.732530
-50.835751
-53.724229
-50.850393
-53.787920
-50.729888
-53.935425
-53.847575
-52.908420
-53.721773
-52.941210
-53.746879
-52.931994
-53.718578
-53.024708
-53.648648
-53.063954
-53.679352
-53.043476
-53.678701
-53.106586
-53.617870
-53.156459
-53.628937
-53.144701
-53.640739
-53.236469
-53.322170
-50.438176
-53.486362
-50.513814
-53.522097
-50.698891
-53.512365
-50.808767
-53.600636
-50.843012
-53.645149
-50.937556
-53.631926
-50.976474
-53.694813
-50.931209
-53.746367
-50.935522
-53.727386
-53.831213
-52.910050
-53.773839
-53.022157
-53.693114
-53.060366
-53.717965
-53.049801
-53.695388
-53.125492
-53.625503
-53.161333
-53.638284
-53.143511
-53.624853
-53.204354
-53.548553
-53.282216
-53.395554
-50.657465
-53.424989
-50.764997
-53.525520
-50.833132
-53.561718
-50.972570
-53.550146
-51.038228
-53.618820
-51.028702
-53.650599
-51.073553
-53.629563
-51.080833
-53.671332
-53.745253
-53.041145
-53.777208
-53.043943
-53.735751
-53.133511
-53.658390
-53.163449
-53.669340
-53.147716
-53.638754
-53.211690
-53.560507
-53.247294
-53.554791
-53.254779
-53.437900
-50.775423
-53.476258
-50.940756
-53.471209
-51.032833
-53.549028
-51.061825
-53.570752
-51.144720
-53.546612
-51.164532
-53.598284
-51.129563
-53.606383
-53.773917
-53.134116
-53.710261
-53.159923
-53.720427
-53.148927
-53.673781
-53.217694
-53.591686
-53.240475
-53.587541
-53.226303
-53.542249
-53.301606
-53.398281
-50.964563
-53.481555
-51.026168
-53.498688
-51.151635
-53.479103
-51.196107
-53.532033
-51.180015
-53.539117
-51.232085
-53.501767
-53.770120
-53.155126
-53.727105
-53.225363
-53.642247
-53.236911
-53.636526
-53.219737
-53.582986
-53.282784
-53.493179
-53.305263
-53.435654
-51.088300
-53.420368
-51.161399
-53.479426
-51.185459
-53.478853
-51.255372
-53.444882
-51.267150
-53.490060
-53.701749
-53.248173
-53.702428
-53.224361
-53.636951
-53.278780
-53.550252
-53.290890
-53.537379
-53.269096
-53.433727
-51.123560
-53.432399
-51.231513
-53.404888
-51.260885
-53.440013
-51.245719
-53.437631
-53.709810
-53.296869
-53.620093
-53.287895
-53.600781
-53.270062
-53.541204
-53.319281
-53.375163
-51.204532
-53.415186
-51.223421
-53.397704
-51.282463
-53.364215
-53.683656
-53.282357
-53.608909
-53.321230
-53.527362
-53.325186
-53.399097
-51.230871
-53.353836
-51.255242
-53.373600
-53.598925
-53.344504
-53.570785
-53.325954
-53.406445
-51.157933
-53.389835
-53.646294
-53.413676
-53.205416
-53.796922
-49.836455
-53.469404
-50.029045
-53.428934
-50.071776
-53.356924
-50.187059
-53.248917
-50.237566
-53.265813
-50.203247
-53.266950
-50.257132
-53.202917
-50.276204
-53.251921
-50.168111
-53.335616
-50.116822
-53.287374
-50.116178
-53.580769
-52.729282
-52.978188
-52.939665
-52.890445
-52.920567
-52.893300
-52.907787
-52.868225
-52.983240
-52.796821
-53.016382
-52.823992
-53.008671
-52.793663
-53.112713
-52.723983
-53.164532
-52.750609
-53.219281
-52.687828
-53.456137
-52.524167
-53.215264
-50.690694
-53.124054
-50.797401
-53.075482
-50.811756
-53.091509
-50.762184
-53.070662
-50.780146
-53.009945
-50.722781
-53.058087
-50.601088
-53.054526
-50.553394
-53.041764
-50.394053
-53.150761
-50.194097
-53.172413
-52.912735
-52.887904
-52.866369
-52.853389
-52.921524
-52.792725
-52.953998
-52.810653
-52.948512
-52.780534
-53.044276
-52.704282
-53.088802
-52.722789
-53.113863
-52.663099
-53.246533
-52.601934
-53.287036
-52.682565
-53.131417
-50.731315
-53.143515
-50.721068
-53.122961
-50.761177
-53.063499
-50.740144
-53.098095
-50.651465
-53.088552
-50.637607
-53.054033
-50.533979
-53.130595
-50.392227
-53.129893
-50.338342
-53.147738
-52.893653
-52.790078
-52.905327
-52.798077
-52.894497
-52.774103
-52.974898
-52.702302
-53.017839
-52.722387
-53.027082
-52.678606
-53.142928
-52.606593
-53.184900
-52.638108
-53.227941
-52.590082
-53.193317
-50.685255
-53.125289
-50.703084
-53.145691
-50.650746
-53.135198
-50.665047
-53.085569
-50.603913
-53.142835
-50.487657
-53.139233
-50.455916
-53.128424
-50.322428
-53.232029
-52.850253
-52.784122
-52.913889
-52.706385
-52.956580
-52.720845
-52.955709
-52.690685
-53.058417
-52.617669
-53.105076
-52.646102
-53.128696
-52.594478
-53.260030
-52.555906
-53.212283
-50.582671
-53.198554
-50.624788
-53.137218
-50.609027
-53.178274
-50.520597
-53.172472
-50.514205
-53.137609
-50.420604
-53.218284
-50.297170
-53.214500
-52.906889
-52.732744
-52.895173
-52.704196
-52.984687
-52.627638
-53.036047
-52.655152
-53.046801
-52.620994
-53.168127
-52.556034
-53.209135
-52.618002
-53.202055
-50.549787
-53.236206
-50.489960
-53.230649
-50.511330
-53.177718
-50.458506
-53.238804
-50.348380
-53.237539
-50.344842
-53.209420
-52.927767
-52.646495
-52.977250
-52.663260
-52.976810
-52.642285
-53.089979
-52.574080
-53.143804
-52.620063
-53.156898
-52.597661
-53.294764
-50.455649
-53.244894
-50.439313
-53.291141
-50.348961
-53.288406
-50.357136
-53.244927
-50.294162
-53.320249
-52.922913
-52.663863
-53.021124
-52.588486
-53.085015
-52.632761
-53.095656
-52.619394
-53.218961
-52.559011
-53.350159
-50.314203
-53.369051
-50.330977
-53.308250
-50.289078
-53.369919
-50.193520
-53.372003
-53.024250
-52.639302
-53.033630
-52.641882
-53.163164
-52.582207
-53.228586
-52.629368
-53.387649
-50.275780
-53.448233
-50.162463
-53.449718
-50.184492
-53.399071
-53.066125
-52.590934
-53.184031
-52.658943
-53.204975
-52.639749
-53.562287
-50.156957
-53.486346
-50.106123
-53.550033
-53.084164
-52.690926
-53.302043
-52.601221
-53.677619
-49.949591
-53.671907
-53.281237
-52.704046
-53.768497
-53.834326
-49.899026
-53.567821
-50.157243
-53.592742
-50.272878
-53.581149
-50.456650
-53.540415
-50.562563
-53.613516
-50.589092
-53.652711
-50.687043
-53.633406
-50.728544
-53.708741
-50.656336
-53.797058
-50.623765
-53.774492
-50.619732
-54.055316
-53.242237
-50.513462
-53.050072
-50.601176
-53.009586
-50.472056
-52.917507
-50.451918
-52.726571
-50.382958
-52.678346
-50.247632
-52.603397
-50.249374
-52.522118
-50.183588
-52.607383
-50.104135
-52.598336
-50.166294
-52.571301
-50.019246
-52.718048
-52.342046
-53.803543
-52.532368
-53.568803
-52.566723
-53.514999
-52.528173
-53.442111
-52.587008
-53.323584
-52.605869
-53.323335
-52.553766
-53.306749
-52.606933
-53.206787
-52.661327
-53.216908
-52.605530
-53.284489
-52.668874
-53.140281
-53.824111
-49.959231
-53.651563
-50.127656
-53.475597
-50.198781
-53.434302
-50.180042
-53.377356
-50.245221
-53.275466
-50.260808
-53.296535
-50.179883
-53.315288
-50.190199
-53.253138
-50.195229
-53.306588
-50.036868
-53.408239
-52.597049
-53.689490
-52.489598
-53.615486
-52.553370
-53.477122
-52.575351
-53.453440
-52.530291
-53.404185
-52.587878
-53.291838
-52.614861
-53.295271
-52.562835
-53.300947
-52.620072
-53.205729
-52.692587
-53.263191
-53.653869
-50.198155
-53.636044
-50.172661
-53.554470
-50.251929
-53.421213
-50.275006
-53.410605
-50.216165
-53.380004
-50.248481
-53.294209
-50.249988
-53.331985
-50.147079
-53.372508
-50.149541
-53.271979
-52.694908
-53.582416
-52.624420
-53.594892
-52.554205
-53.539004
-52.601601
-53.421088
-52.607583
-53.413224
-52.545447
-53.384859
-52.596906
-53.286580
-52.627545
-53.303203
-52.554394
-53.348007
-53.666002
-50.335205
-53.567462
-50.327242
-53.559596
-50.270286
-53.504269
-50.312590
-53.393504
-50.304645
-53.409256
-50.220043
-53.405495
-50.228205
-53.320867
-50.221118
-53.342180
-52.728530
-53.610576
-52.710981
-53.534362
-52.677290
-53.545353
-52.596490
-53.499740
-52.629181
-53.398318
-52.627763
-53.407236
-52.547433
-53.391750
-52.578585
-53.303271
-53.651525
-50.391417
-53.613606
-50.416237
-53.515693
-50.390843
-53.521239
-50.306142
-53.490584
-50.325715
-53.399342
-50.289024
-53.419784
-50.178193
-53.416875
-52.854904
-53.611921
-52.740721
-53.594440
-52.747459
-53.508859
-52.707371
-53.529725
-52.617737
-53.495234
-52.629350
-53.395611
-52.610324
-53.414420
-53.599391
-50.524789
-53.621272
-50.432770
-53.579429
-50.447111
-53.495845
-50.404127
-53.518794
-50.287595
-53.493355
-50.280750
-53.408500
-52.926799
-53.576041
-52.865178
-53.618404
-52.760716
-53.594102
-52.767930
-53.510323
-52.706520
-53.526865
-52.597787
-53.500065
-53.654657
-50.590296
-53.574633
-50.531556
-53.605447
-50.435650
-53.574703
-50.427293
-53.494126
-50.357092
-53.527266
-52.934875
-53.649422
-52.940856
-53.596012
-52.877159
-53.638250
-52.758808
-53.595463
-52.745673
-53.510640
-53.673802
-50.567182
-53.631341
-50.577676
-53.569252
-50.505037
-53.608872
-50.386607
-53.581273
-53.032160
-53.699964
-52.946852
-53.681832
-52.949235
-53.609936
-52.850099
-53.635544
-53.620115
-50.619161
-53.667127
-50.527040
-53.634152
-50.536937
-53.580613
-53.110105
-53.680525
-53.045470
-53.745671
-52.927427
-53.673541
-53.659442
-50.641373
-53.613673
-50.566652
-53.706279
-53.093846
-53.759574
-53.135213
-53.681858
-53.731360
-50.516196
-53.699462
-53.179620
-53.863477
-53.613729
-53.834322
-49.899026
-53.567819
-50.157241
-53.592738
-50.272882
-53.581147
-50.456655
-53.540420
-50.562567
-53.613516
-50.589105
-53.652726
-50.687050
-53.633407
-50.728549
-53.708749
-50.656348
-53.797068
-50.623773
-53.774497
-50.619734
-54.055317
-53.205419
-53.413671
-53.389839
-53.325949
-53.373598
-53.325183
-53.364214
-53.319278
-53.437631
-53.269090
-53.490066
-53.305252
-53.501770
-53.301597
-53.606375
-53.254789
-53.671322
-53.282215
-53.727394
-53.236467
-53.935423
-53.072942
-53.646295
-51.157932
-53.570781
-51.255244
-53.527361
-51.282461
-53.541205
-51.245717
-53.537374
-51.267154
-53.493173
-51.232087
-53.542245
-51.129552
-53.554803
-51.080822
-53.548552
-50.935534
-53.640741
-50.729886
-53.666003
-53.406447
-53.344500
-53.353838
-53.321228
-53.397702
-53.270060
-53.440011
-53.290886
-53.444883
-53.282778
-53.539118
-53.226300
-53.598270
-53.247301
-53.629555
-53.204348
-53.746380
-53.144699
-53.787918
-53.196931
-53.598923
-51.230869
-53.608909
-51.223418
-53.600779
-51.260886
-53.550250
-51.255372
-53.582980
-51.180017
-53.587542
-51.164522
-53.560509
-51.073551
-53.624843
-50.931221
-53.628943
-50.850389
-53.632686
-53.399098
-53.282353
-53.415184
-53.287896
-53.404885
-53.278774
-53.478858
-53.219725
-53.532034
-53.240471
-53.546609
-53.211685
-53.650600
-53.143494
-53.694821
-53.156464
-53.724225
-53.103138
-53.683656
-51.204528
-53.620096
-51.231511
-53.636944
-51.185466
-53.636518
-51.196109
-53.591681
-51.144722
-53.638752
-51.028704
-53.638275
-50.976471
-53.617881
-50.835751
-53.688594
-53.375156
-53.296863
-53.432400
-53.224354
-53.479427
-53.236903
-53.479104
-53.217688
-53.570745
-53.147716
-53.618818
-53.161329
-53.631917
-53.106592
-53.732534
-53.046952
-53.709810
-51.123559
-53.702424
-51.161403
-53.642239
-51.151635
-53.673782
-51.061814
-53.669345
-51.038224
-53.625505
-50.937552
-53.678701
-50.792326
-53.660183
-53.433723
-53.248163
-53.420373
-53.225356
-53.498683
-53.148929
-53.549022
-53.163443
-53.550145
-53.125484
-53.645154
-53.043469
-53.670588
-53.068849
-53.701738
-51.088300
-53.727105
-51.026163
-53.720426
-51.032831
-53.658385
-50.972570
-53.695383
-50.843016
-53.679353
-50.801905
-53.623063
-53.435650
-53.155122
-53.481551
-53.159919
-53.471205
-53.133506
-53.561719
-53.049798
-53.600628
-53.063959
-53.586492
-53.018124
-53.770115
-50.964560
-53.710263
-50.940754
-53.735747
-50.833131
-53.717966
-50.808763
-53.648649
-50.720162
-53.683191
-53.398274
-53.134111
-53.476258
-53.043936
-53.525516
-53.060365
-53.512366
-53.024701
-53.597837
-52.929963
-53.773911
-50.775425
-53.777206
-50.764995
-53.693112
-50.698891
-53.718578
-50.568396
-53.691234
-53.437896
-53.041141
-53.424986
-53.022151
-53.522095
-52.931994
-53.560242
-52.936234
-53.745252
-50.657465
-53.773838
-50.513814
-53.746876
-50.493400
-53.659187
-53.395551
-52.910044
-53.486359
-52.941204
-53.474575
-52.888633
-53.831210
-50.438175
-53.721773
-50.352693
-53.743029
-53.322164
-52.908411
-53.502314
-52.782547
-53.847571
-50.126321
-53.805296
-53.418228
-52.814607
-53.840509
-52.801364
-50.022852
-52.710882
-50.187561
-52.720609
-50.194028
-52.713912
-50.314500
-52.637863
-50.405390
-52.682408
-50.431736
-52.710049
-50.538038
-52.701375
-50.596122
-52.789475
-50.589642
-52.837664
-50.663001
-52.797786
-50.698084
-53.045167
-53.229732
-50.815794
-53.036283
-50.788586
-53.092653
-50.813740
-53.068267
-50.862591
-52.996641
-50.847707
-53.025159
-50.756638
-53.007783
-50.742720
-52.950392
-50.640338
-53.004303
-50.471567
-52.996010
-50.368614
-52.966220
-50.119435
-53.131283
-53.768499
-52.704040
-53.671905
-52.601218
-53.550031
-52.639746
-53.399070
-52.629366
-53.372008
-52.559013
-53.320246
-52.597660
-53.209430
-52.618006
-53.214500
-52.555900
-53.232025
-52.590077
-53.147740
-52.682560
-53.172417
-52.524163
-53.281229
-49.949594
-53.302039
-50.106121
-53.204972
-50.184495
-53.228580
-50.193519
-53.218960
-50.294167
-53.156895
-50.344838
-53.209137
-50.297180
-53.260032
-50.322428
-53.227938
-50.338337
-53.287034
-50.194094
-53.456134
-53.677618
-52.690918
-53.486348
-52.658936
-53.449716
-52.582205
-53.369918
-52.619383
-53.244926
-52.620063
-53.237540
-52.556026
-53.218279
-52.594479
-53.128435
-52.638113
-53.129901
-52.601934
-53.150764
-52.687828
-53.084156
-50.156956
-53.184025
-50.162464
-53.163158
-50.289078
-53.095655
-50.357130
-53.143792
-50.348381
-53.168128
-50.420600
-53.128685
-50.455908
-53.184903
-50.392236
-53.246543
-50.394065
-53.219288
-53.562284
-52.590927
-53.448231
-52.641873
-53.308248
-52.632756
-53.288406
-52.574075
-53.238797
-52.620982
-53.137610
-52.646096
-53.139227
-52.606575
-53.130580
-52.663088
-53.041761
-52.750603
-53.066117
-50.275777
-53.033622
-50.330973
-53.085007
-50.348960
-53.089975
-50.458506
-53.046798
-50.514199
-53.105071
-50.487658
-53.142928
-50.533979
-53.113857
-50.553385
-53.164522
-53.387647
-52.639295
-53.369048
-52.588476
-53.291135
-52.642277
-53.177713
-52.655140
-53.172474
-52.617667
-53.142830
-52.678598
-53.054034
-52.722791
-53.054537
-52.723992
-53.024242
-50.314204
-53.021118
-50.439310
-52.976804
-50.511328
-53.036040
-50.520587
-53.058404
-50.603912
-53.027078
-50.637596
-53.088785
-50.601076
-53.112701
-53.350151
-52.663854
-53.244895
-52.663249
-53.230646
-52.627639
-53.178275
-52.690678
-53.085566
-52.722379
-53.088552
-52.704280
-53.058083
-52.793653
-52.922905
-50.455644
-52.977242
-50.489956
-52.984675
-50.609026
-52.955709
-50.665046
-53.017837
-50.651468
-53.044272
-50.722781
-53.008674
-53.294759
-52.646491
-53.236205
-52.704183
-53.137212
-52.720835
-53.135189
-52.702290
-53.098087
-52.780525
-53.009941
-52.823977
-52.927759
-50.549786
-52.895176
-50.624790
-52.956577
-50.650755
-52.974899
-50.740145
-52.948512
-50.780149
-53.016384
-53.202047
-52.732732
-53.198549
-52.706374
-53.145681
-52.774094
-53.063498
-52.810642
-53.070657
-52.796815
-52.906883
-50.582671
-52.913887
-50.703084
-52.894493
-50.761175
-52.953993
-50.762186
-52.983235
-53.212279
-52.784115
-53.125294
-52.798070
-53.122959
-52.792724
-53.091508
-52.868217
-52.850247
-50.685248
-52.905320
-50.721070
-52.921515
-50.811752
-52.907785
-53.193315
-52.790074
-53.143516
-52.853381
-53.075484
-52.893294
-52.893650
-50.731313
-52.866368
-50.797401
-52.920563
-53.131417
-52.887893
-53.124050
-52.890442
-52.912732
-50.690700
-52.939663
-53.215264
-52.978178
-52.729284
-53.796917
-49.836457
-53.469404
-50.029043
-53.428934
-50.071783
-53.356919
-50.187064
-53.248921
-50.237569
-53.265810
-50.203257
-53.266960
-50.257138
-53.202916
-50.276203
-53.251923
-50.168119
-53.335622
-50.116829
-53.287378
-50.116179
-53.580769
-53.613735
-53.863477
-53.699467
-53.681859
-53.706285
-53.673546
-53.580621
-53.635552
-53.581282
-53.510649
-53.527275
-53.500074
-53.408509
-53.414429
-53.416883
-53.303279
-53.342186
-53.348011
-53.271979
-53.263195
-53.408238
-53.140288
-53.179621
-50.516198
-53.135215
-50.566658
-52.927435
-50.536949
-52.850112
-50.386624
-52.745689
-50.357109
-52.597806
-50.280767
-52.610339
-50.178209
-52.578597
-50.221129
-52.554400
-50.149547
-52.692588
-50.036870
-52.668875
-53.731368
-53.759577
-53.613681
-53.745680
-53.634167
-53.609954
-53.608894
-53.595485
-53.494151
-53.526890
-53.493378
-53.395636
-53.419805
-53.391769
-53.320883
-53.303218
-53.372513
-53.205736
-53.306591
-53.284497
-53.093852
-50.641381
-53.045476
-50.527053
-52.949250
-50.505060
-52.758833
-50.427321
-52.706548
-50.287627
-52.629376
-50.289049
-52.547455
-50.228225
-52.627557
-50.147090
-52.620079
-50.195237
-52.605536
-53.659455
-53.680536
-53.667141
-53.681847
-53.569273
-53.638273
-53.574729
-53.510352
-53.518823
-53.495262
-53.399371
-53.407261
-53.405514
-53.286598
-53.331999
-53.300960
-53.253147
-53.216920
-53.110119
-50.619178
-52.946868
-50.577695
-52.877178
-50.435675
-52.767954
-50.404154
-52.617763
-50.325741
-52.627784
-50.220067
-52.596924
-50.250006
-52.562850
-50.190216
-52.661338
-53.620134
-53.699986
-53.631365
-53.596038
-53.605473
-53.594128
-53.495874
-53.529753
-53.490611
-53.398347
-53.409281
-53.384884
-53.294233
-53.295294
-53.315307
-53.206802
-53.032171
-50.567204
-52.940881
-50.531586
-52.760747
-50.447145
-52.707402
-50.306178
-52.629212
-50.304677
-52.545477
-50.248510
-52.614883
-50.179902
-52.606939
-53.673809
-53.649435
-53.574656
-53.618430
-53.579459
-53.508894
-53.521273
-53.499774
-53.393537
-53.413253
-53.380027
-53.291857
-53.296543
-53.306751
-52.934879
-50.590306
-52.865187
-50.432788
-52.747475
-50.390863
-52.596509
-50.312609
-52.607597
-50.216181
-52.587885
-50.260815
-52.553770
-53.654672
-53.576057
-53.621287
-53.594453
-53.515710
-53.545367
-53.504282
-53.421106
-53.410618
-53.404200
-53.275481
-53.323348
-52.926814
-50.524808
-52.740741
-50.416260
-52.677308
-50.270311
-52.601620
-50.275028
-52.530310
-50.245239
-52.605880
-53.599397
-53.611930
-53.613616
-53.534378
-53.559608
-53.539017
-53.421228
-53.453450
-53.377362
-53.323588
-52.854902
-50.391421
-52.710979
-50.327244
-52.554207
-50.251931
-52.575348
-50.180045
-52.587005
-53.651532
-53.610580
-53.567471
-53.594896
-53.554473
-53.477132
-53.434306
-53.442117
-52.728534
-50.335211
-52.624421
-50.172673
-52.553372
-50.198786
-52.528177
-53.666001
-53.582419
-53.636042
-53.615484
-53.475601
-53.514999
-52.694904
-50.198156
-52.489599
-50.127660
-52.566717
-53.653871
-53.689488
-53.651559
-53.568808
-52.597041
-49.959237
-52.532362
-53.824104
-53.803536
-52.342047
-53.643949
-51.236433
-53.457004
-51.217378
-53.503385
-51.247364
-53.490887
-51.293931
-53.434832
-51.301206
-53.464682
-51.239942
-53.470682
-51.234483
-53.441613
-51.159441
-53.494437
-51.018914
-53.501233
-50.909717
-53.482376
-50.671961
-53.626427
-53.304719
-53.329891
-53.396903
-53.313670
-53.324400
-53.346989
-53.272381
-53.392081
-53.303554
-53.388114
-53.316180
-53.473863
-53.286692
-53.534365
-53.341124
-53.567422
-53.355181
-53.692152
-53.335543
-53.796532
-53.422321
-53.860619
-53.480796
-51.254771
-53.443782
-51.322631
-53.430283
-51.357744
-53.433355
-51.313516
-53.435217
-51.340225
-53.390253
-51.318331
-53.432069
-51.225363
-53.436808
-51.179142
-53.402123
-51.054446
-53.438929
-50.835425
-53.422318
-53.444182
-53.239565
-53.325633
-53.272252
-53.280070
-53.273980
-53.304318
-53.349807
-53.263021
-53.407765
-53.313794
-53.421837
-53.338562
-53.525559
-53.327024
-53.599486
-53.398148
-53.644694
-53.438930
-53.796536
-53.377013
-51.366138
-53.382996
-51.375111
-53.412426
-51.380639
-53.339001
-51.396006
-53.371218
-51.338719
-53.382331
-51.344463
-53.348971
-51.285104
-53.393199
-51.151012
-53.398146
-51.054444
-53.335544
-53.350576
-53.197210
-53.308622
-53.196567
-53.249059
-53.293110
-53.285911
-53.289783
-53.305462
-53.386374
-53.281486
-53.457817
-53.350468
-53.489739
-53.393198
-53.599489
-53.402125
-53.692147
-53.389490
-51.364658
-53.356553
-51.438423
-53.330816
-51.368020
-53.339171
-51.414552
-53.287709
-51.411931
-53.333085
-51.328337
-53.350466
-51.285106
-53.327018
-51.179145
-53.355184
-53.282302
-53.209136
-53.240830
-53.164045
-53.307232
-53.265203
-53.239187
-53.339582
-53.289115
-53.359898
-53.333085
-53.457817
-53.348969
-53.525563
-53.436800
-53.567424
-53.356039
-51.315907
-53.394928
-51.381838
-53.240154
-51.449653
-53.268297
-51.413534
-53.289112
-51.411930
-53.281483
-51.344463
-53.338555
-51.225370
-53.341111
-53.359549
-53.221479
-53.214173
-53.279566
-53.250797
-53.261491
-53.268299
-53.339582
-53.287709
-53.386374
-53.382330
-53.421838
-53.432060
-53.534373
-53.279255
-51.251222
-53.329331
-51.341970
-53.250796
-51.449650
-53.239185
-51.414552
-53.305459
-51.338719
-53.313789
-51.318335
-53.286679
-53.534611
-53.151160
-53.329331
-53.279566
-53.240161
-53.265195
-53.339176
-53.289779
-53.371220
-53.407764
-53.390251
-53.473867
-53.534607
-51.251219
-53.214167
-51.381840
-53.307233
-51.368011
-53.285914
-51.395999
-53.263021
-51.340224
-53.316174
-53.279254
-53.221472
-53.394930
-53.164052
-53.330812
-53.293108
-53.339004
-53.349802
-53.435220
-53.388115
-53.359538
-51.315905
-53.240835
-51.438422
-53.249049
-51.380642
-53.304310
-51.313517
-53.303550
-53.356039
-53.209143
-53.356559
-53.196557
-53.412431
-53.273977
-53.433355
-53.392079
-53.282308
-51.364661
-53.308610
-51.375112
-53.280066
-51.357741
-53.272379
-53.389492
-53.197203
-53.382998
-53.272251
-53.430283
-53.346988
-53.350567
-51.366138
-53.325628
-51.322631
-53.324394
-53.377016
-53.239564
-53.443782
-53.313671
-53.444176
-51.254771
-53.396899
-53.480800
-53.329892
-53.304714
-53.346356
-51.280848
-53.167582
-51.276288
-53.241984
-51.289060
-53.197563
-51.338226
-53.159218
-51.152926
-53.461872
-50.422655
-53.461874
-51.152932
-53.159225
-51.338223
-53.197556
-51.289064
-53.241987
-51.276289
-53.167584
-51.280847
-53.346357
-53.643907
-51.236216
-53.456584
-51.216987
-53.504070
-51.244832
-53.492346
-51.292396
-53.434088
-51.299667
-53.466601
-51.234388
-53.473556
-51.231448
-53.440559
-51.156254
-53.497891
-51.009665
-53.505681
-50.904480
-53.481392
-50.665609
-53.632192
-53.304942
-53.329948
-53.397773
-53.312772
-53.325909
-53.347285
-53.272265
-53.393008
-53.305569
-53.386427
-53.319036
-53.475032
-53.286208
-53.536293
-53.344532
-53.565066
-53.359457
-53.694568
-53.334863
-53.799605
-53.427610
-53.858081
-53.480806
-51.253968
-53.444323
-51.321938
-53.429819
-51.356905
-53.434541
-51.309954
-53.437174
-51.338220
-53.389500
-51.316168
-53.434676
-51.218580
-53.440254
-51.175456
-53.401268
-51.050128
-53.443521
-50.824395
-53.427609
-53.444591
-53.239631
-53.325658
-53.272641
-53.281243
-53.272885
-53.306143
-53.350468
-53.262706
-53.408978
-53.316242
-53.419917
-53.341725
-53.527171
-53.326397
-53.601609
-53.402215
-53.642067
-53.443522
-53.799608
-53.376839
-51.365860
-53.383468
-51.373372
-53.413479
-51.379516
-53.338510
-51.394673
-53.372981
-51.334114
-53.384782
-51.342007
-53.348266
-51.282198
-53.396641
-51.142895
-53.402214
-51.050126
-53.334864
-53.350882
-53.196831
-53.309432
-53.196853
-53.248908
-53.293764
-53.287474
-53.288432
-53.307605
-53.387397
-53.280985
-53.459237
-53.353430
-53.487548
-53.396640
-53.601611
-53.401270
-53.694562
-53.389639
-51.364282
-53.356332
-51.437772
-53.331774
-51.365327
-53.340698
-51.413040
-53.287198
-51.410069
-53.335512
-51.322641
-53.353428
-51.282200
-53.326391
-51.175460
-53.359459
-53.282340
-53.209352
-53.241528
-53.163363
-53.308427
-53.265758
-53.238875
-53.340442
-53.291109
-53.358255
-53.335513
-53.459237
-53.348264
-53.527175
-53.440246
-53.565068
-53.356190
-51.315010
-53.395570
-51.381095
-53.239882
-51.448584
-53.269813
-51.409894
-53.291108
-51.410068
-53.280984
-51.342007
-53.341719
-51.218587
-53.344520
-53.359814
-53.221648
-53.214058
-53.279968
-53.251901
-53.260480
-53.269816
-53.340440
-53.287203
-53.387395
-53.384783
-53.419917
-53.434668
-53.536300
-53.279183
-51.250857
-53.329981
-51.340172
-53.251900
-51.448584
-53.238876
-51.413038
-53.307607
-51.334112
-53.316240
-51.316170
-53.286196
-53.534843
-53.150815
-53.329985
-53.279967
-53.239882
-53.265762
-53.340699
-53.288433
-53.372983
-53.408978
-53.389497
-53.475036
-53.534841
-51.250860
-53.214060
-51.381092
-53.308424
-51.365332
-53.287469
-51.394677
-53.262703
-51.338223
-53.319029
-53.279188
-53.221656
-53.395572
-53.163355
-53.331784
-53.293762
-53.338511
-53.350470
-53.437172
-53.386429
-53.359819
-51.315013
-53.241518
-51.437771
-53.248914
-51.379511
-53.306145
-51.309952
-53.305567
-53.356193
-53.209345
-53.356330
-53.196863
-53.413477
-53.272887
-53.434543
-53.393005
-53.282329
-51.364278
-53.309438
-51.373371
-53.281240
-51.356907
-53.272262
-53.389641
-53.196839
-53.383470
-53.272642
-53.429820
-53.347287
-53.350885
-51.365860
-53.325655
-51.321941
-53.325905
-53.376841
-53.239635
-53.444324
-53.312774
-53.444589
-51.253968
-53.397769
-53.480809
-53.329948
-53.304937
-52.900851
-50.879419
-52.769376
-50.924386
-52.879779
-50.978899
-52.882830
-51.065201
-52.876637
-50.907592
-53.190078
-50.192783
-53.190071
-50.907591
-52.876629
-51.065201
-52.882833
-50.978902
-52.879770
-50.924386
-52.769373
-50.879421
-52.900844
-53.232630
-50.815694
-53.043759
-50.790907
-53.091489
-50.830875
-53.066097
-50.863332
-53.008145
-50.852038
-53.013056
-50.780605
-52.997297
-50.744682
-52.958554
-50.646946
-52.987646
-50.500264
-52.981481
-50.375502
-52.971663
-50.130917
-53.114292
-52.900037
-52.893643
-52.998749
-52.896988
-52.911404
-52.928530
-52.861485
-52.963540
-52.868738
-52.958050
-52.857557
-53.018447
-52.814094
-53.060791
-52.836443
-53.090296
-52.829658
-53.201126
-52.806375
-53.305810
-52.882442
-53.397063
-53.095542
-50.875483
-53.053422
-50.948177
-53.053424
-50.971553
-53.039845
-50.924677
-53.020579
-50.919123
-52.961487
-50.867613
-52.965505
-50.754915
-52.942467
-50.672126
-52.895278
-50.525261
-52.909406
-50.301423
-52.882443
-53.063786
-52.855380
-52.961354
-52.883822
-52.905409
-52.897387
-52.912077
-52.952337
-52.859858
-52.990169
-52.871483
-52.992238
-52.866011
-53.063734
-52.837499
-53.120380
-52.879158
-53.165255
-52.909405
-53.305806
-53.028853
-51.020922
-53.038889
-51.048279
-53.057170
-51.034291
-52.979931
-51.026459
-52.973421
-50.949453
-52.951721
-50.906858
-52.894926
-50.811279
-52.897571
-50.654792
-52.879158
-50.525264
-52.806375
-53.013563
-52.856622
-52.966416
-52.851287
-52.914519
-52.938932
-52.918851
-52.929533
-52.908452
-52.985029
-52.861219
-53.026842
-52.883400
-53.042118
-52.897573
-53.120378
-52.895276
-53.201132
-53.072227
-51.069820
-53.056025
-51.138203
-53.003082
-51.064501
-52.986057
-51.065770
-52.912235
-51.023706
-52.903693
-50.908013
-52.883401
-50.811277
-52.837505
-50.672124
-52.829654
-52.982104
-52.896342
-52.932183
-52.866596
-52.985160
-52.935085
-52.902045
-52.982949
-52.898369
-52.979924
-52.903692
-53.026842
-52.894929
-53.063729
-52.942474
-53.090296
-53.079554
-51.069200
-53.108790
-51.109331
-52.944048
-51.153465
-52.916877
-51.091485
-52.898368
-51.023707
-52.861220
-50.906858
-52.866018
-50.754909
-52.836453
-53.073767
-52.933433
-52.939463
-52.994190
-52.932883
-52.965356
-52.916874
-52.982951
-52.912232
-52.985030
-52.951721
-52.992238
-52.965513
-53.060782
-53.024655
-51.014068
-53.034897
-51.109760
-52.932884
-51.153466
-52.902045
-51.065771
-52.908450
-50.949456
-52.871485
-50.867611
-52.814108
-53.256056
-52.901615
-53.034892
-52.994189
-52.944053
-52.935079
-52.986058
-52.929533
-52.973417
-52.990168
-52.961492
-53.018440
-53.256054
-51.014068
-52.939461
-51.109333
-52.985163
-51.064498
-52.918854
-51.026457
-52.859861
-50.919120
-52.857563
-53.024657
-52.933419
-53.108787
-52.866605
-53.003073
-52.938931
-52.979932
-52.952331
-53.020580
-52.958047
-53.073755
-51.069204
-52.932187
-51.138208
-52.914513
-51.034297
-52.912072
-50.924683
-52.868737
-53.079547
-52.896341
-53.056034
-52.851272
-53.057172
-52.897385
-53.039841
-52.963540
-52.982116
-51.069826
-52.966407
-51.048285
-52.905407
-50.971553
-52.861488
-53.072225
-52.856615
-53.038886
-52.883816
-53.053426
-52.928523
-53.013558
-51.020923
-52.961357
-50.948175
-52.911404
-53.028854
-52.855371
-53.053420
-52.896986
-53.063784
-50.875488
-52.998750
-53.095536
-52.893638
-52.900043
-53.229733
-50.815795
-53.036281
-50.788586
-53.092656
-50.813736
-53.068266
-50.862592
-52.996640
-50.847705
-53.025164
-50.756631
-53.007796
-50.742715
-52.950399
-50.640341
-53.004295
-50.471573
-52.996009
-50.368609
-52.966218
-50.119436
-53.131280
-52.903096
-52.895592
-53.007848
-52.892313
-52.923892
-52.937708
-52.857916
-52.968347
-52.885285
-52.942517
-52.870645
-53.024989
-52.807284
-53.062984
-52.854634
-53.070774
-52.845467
-53.206038
-52.800824
-53.309530
-52.900144
-53.381154
-53.092130
-50.868924
-53.051762
-50.945245
-53.038652
-50.967029
-53.047972
-50.901731
-53.028628
-50.918593
-52.951861
-50.861834
-52.982998
-50.725780
-52.958180
-50.666862
-52.889109
-50.516998
-52.927510
-50.269560
-52.900146
-53.070884
-52.858927
-52.963386
-52.892449
-52.923113
-52.885456
-52.925656
-52.960374
-52.853384
-52.991636
-52.891449
-52.970093
-52.883049
-53.067289
-52.831447
-53.122200
-52.898045
-53.144583
-52.927510
-53.309527
-53.020594
-51.019090
-53.035869
-51.026445
-53.058789
-51.034417
-52.967335
-51.020642
-52.991109
-50.919677
-52.967647
-50.903026
-52.888129
-50.804059
-52.917362
-50.622736
-52.898047
-50.517000
-52.800825
-53.022976
-52.853752
-52.984997
-52.863606
-52.910696
-52.941244
-52.941307
-52.906176
-52.926292
-52.988378
-52.855121
-53.026376
-52.904946
-53.017017
-52.917363
-53.122197
-52.889106
-53.206044
-53.066150
-51.064145
-53.034303
-51.131082
-53.017349
-51.034488
-52.999893
-51.063622
-52.904901
-51.015288
-52.927375
-50.872942
-52.904950
-50.804056
-52.831454
-50.666860
-52.845464
-52.990154
-52.908772
-52.959150
-52.847151
-53.002838
-52.940843
-52.896593
-52.978456
-52.926118
-52.947731
-52.927374
-53.026376
-52.888131
-53.067285
-52.958188
-53.070773
-53.069692
-51.039589
-53.110967
-51.110893
-52.934603
-51.140202
-52.949417
-51.047796
-52.926122
-51.015288
-52.855124
-50.903026
-52.883058
-50.725771
-52.854648
-53.096610
-52.950059
-52.936655
-52.984113
-52.973577
-52.919398
-52.949415
-52.978456
-52.904899
-52.988380
-52.967649
-52.970091
-52.983008
-53.062977
-53.004183
-50.994909
-53.076536
-51.049883
-52.973580
-51.140204
-52.896595
-51.063623
-52.926297
-50.919676
-52.891458
-50.861830
-52.807299
-53.285627
-52.857548
-53.076536
-52.984115
-52.934594
-52.940852
-52.999887
-52.906179
-52.991108
-52.991639
-52.951863
-53.024987
-53.285635
-50.994910
-52.936662
-51.110892
-53.002837
-51.034494
-52.941307
-51.020648
-52.853385
-50.918593
-52.870654
-53.004177
-52.950073
-53.110965
-52.847144
-53.017353
-52.941249
-52.967330
-52.960382
-53.028627
-52.942516
-53.096627
-51.039586
-52.959151
-51.131080
-52.910705
-51.034413
-52.925667
-50.901728
-52.885293
-53.069694
-52.908773
-53.034290
-52.863621
-53.058783
-52.885459
-53.047974
-52.968352
-52.990146
-51.064138
-52.985012
-51.026439
-52.923121
-50.967031
-52.857918
-53.066148
-52.853758
-53.035868
-52.892455
-53.038649
-52.937714
-53.022987
-51.019089
-52.963390
-50.945244
-52.923902
-53.020588
-52.858934
-53.051764
-52.892312
-53.070894
-50.868919
-53.007856
-53.092129
-52.895596
-52.903099

