Tension at each vertex
-3.628485
-3.628487
-3.627832
-3.627832
-4.488177
-3.390159
-4.488177
-3.390159
-4.514846
-4.513959
-3.268713
-3.267447
-3.779588
-3.781899
-3.890165
-3.931904
-4.043217
-4.083935
-4.218508
-4.253574
-4.376045
-4.413952
-4.511895
-4.523609
-4.604531
-4.588608
-4.641262
-4.612566
-4.646497
-4.598490
-4.632219
-4.573270
-4.591379
-4.557791
-4.577512
-3.786947
-3.920955
-3.925423
-4.035758
-4.090074
-4.188484
-4.248439
-4.356892
-4.407425
-4.494451
-4.539736
-4.597551
-4.616142
-4.654547
-4.651553
-4.663781
-4.655432
-4.651450
-4.631720
-4.627061
-4.611173
-4.560279
-3.772507
-3.797888
-3.926966
-3.939320
-4.073330
-4.115506
-4.240360
-4.280245
-4.406740
-4.429704
-4.530508
-4.539093
-4.611852
-4.592188
-4.649053
-4.609200
-4.647663
-4.600824
-4.632942
-4.569805
-4.611215
-3.822386
-3.898069
-3.942985
-4.055680
-4.095489
-4.209890
-4.270793
-4.371334
-4.423927
-4.514086
-4.546866
-4.606031
-4.623375
-4.655044
-4.650568
-4.666467
-4.651309
-4.649921
-4.632904
-4.627034
-3.795872
-3.813666
-3.924998
-3.957345
-4.095240
-4.125045
-4.261498
-4.300731
-4.421079
-4.442877
-4.546396
-4.543822
-4.617941
-4.596707
-4.650459
-4.608171
-4.651367
-4.600812
-4.631784
-3.795873
-3.913803
-3.952759
-4.055565
-4.107951
-4.225949
-4.277351
-4.384873
-4.436209
-4.521152
-4.551399
-4.612853
-4.622472
-4.655074
-4.650419
-4.666431
-4.647635
-4.651437
-3.811331
-3.802282
-3.941148
-3.968593
-4.101422
-4.137314
-4.277443
-4.308207
-4.432293
-4.451770
-4.552012
-4.545390
-4.622537
-4.596690
-4.650639
-4.609229
-4.655417
-3.803569
-3.922952
-3.945604
-4.065638
-4.115790
-4.230683
-4.283503
-4.393267
-4.437558
-4.523693
-4.551971
-4.612813
-4.617911
-4.655031
-4.648936
-4.663825
-3.801384
-3.809088
-3.951166
-3.968030
-4.111131
-4.144576
-4.283439
-4.311634
-4.437624
-4.451755
-4.551477
-4.543856
-4.623357
-4.592301
-4.651560
-3.809836
-3.916812
-3.949015
-4.071951
-4.115242
-4.234050
-4.283395
-4.393228
-4.432265
-4.521138
-4.546273
-4.606083
-4.611760
-4.654456
-3.803106
-3.815041
-3.950934
-3.970040
-4.115293
-4.144568
-4.283582
-4.308243
-4.436193
-4.443004
-4.546877
-4.539093
-4.616261
-3.806277
-3.916536
-3.950888
-4.071920
-4.111110
-4.230661
-4.277322
-4.384927
-4.420981
-4.513993
-4.530530
-4.597491
-3.806301
-3.815046
-3.949086
-3.968058
-4.115773
-4.137454
-4.277353
-4.300740
-4.424055
-4.429761
-4.539661
-3.803098
-3.916776
-3.951062
-4.065697
-4.101315
-4.225852
-4.261524
-4.371265
-4.406561
-4.494558
-3.809817
-3.809235
-3.945581
-3.968615
-4.108084
-4.125107
-4.270714
-4.280507
-4.407376
-3.801271
-3.922869
-3.941187
-4.055478
-4.095058
-4.210001
-4.240205
-4.356741
-3.803688
-3.802333
-3.952677
-3.957635
-4.095426
-4.115541
-4.248617
-3.811174
-3.913923
-3.924825
-4.055522
-4.073413
-4.188359
-3.795767
-3.813727
-3.943169
-3.939416
-4.089926
-3.795972
-3.897914
-3.926723
-4.035923
-3.822234
-3.798337
-3.925292
-3.772269
-3.920729
-3.787164
-3.801503
-3.707239
-3.789236
-3.659535
-3.804983
-3.673714
-3.785177
-3.684110
-3.786261
-3.677170
-3.789453
-3.676080
-3.789467
-3.677157
-3.786197
-3.684068
-3.785282
-3.673412
-3.805119
-3.659456
-3.789063
-3.707114
-3.801733
-3.689726
-3.582538
-3.587689
-3.509489
-3.517204
-3.432185
-3.458801
-3.383107
-3.407033
-3.346541
-3.380487
-3.323349
-3.364620
-3.321528
-3.363229
-3.325572
-3.380126
-3.339167
-3.397127
-3.368591
-3.414371
-3.401690
-3.469363
-3.676863
-3.713749
-3.602195
-3.607700
-3.537294
-3.534447
-3.469365
-3.479326
-3.425296
-3.434618
-3.393260
-3.412068
-3.374367
-3.399716
-3.374932
-3.400050
-3.380354
-3.419086
-3.391506
-3.440519
-3.426227
-3.441907
-3.669696
-3.575204
-3.597530
-3.489536
-3.511171
-3.429530
-3.450545
-3.374731
-3.407123
-3.343349
-3.376711
-3.324337
-3.367463
-3.318122
-3.367250
-3.330582
-3.375316
-3.345738
-3.400459
-3.358135
-3.426252
-3.707274
-3.679228
-3.600282
-3.605121
-3.520857
-3.526895
-3.463811
-3.472509
-3.415787
-3.433495
-3.388951
-3.407362
-3.372975
-3.401404
-3.368072
-3.404290
-3.381776
-3.412367
-3.400555
-3.440493
-3.685002
-3.581680
-3.582152
-3.488137
-3.511924
-3.420249
-3.446746
-3.372921
-3.405697
-3.338794
-3.379757
-3.325294
-3.365542
-3.321685
-3.370313
-3.325929
-3.381814
-3.345680
-3.391434
-3.678808
-3.684759
-3.599173
-3.592082
-3.515253
-3.524591
-3.454882
-3.466673
-3.411714
-3.431283
-3.381934
-3.409351
-3.371052
-3.397273
-3.370404
-3.404259
-3.375304
-3.419183
-3.695407
-3.565381
-3.586929
-3.488449
-3.506370
-3.416920
-3.447778
-3.369657
-3.403609
-3.339680
-3.381679
-3.322078
-3.371104
-3.321623
-3.368010
-3.330625
-3.380342
-3.684321
-3.688328
-3.586957
-3.591743
-3.513450
-3.520403
-3.449431
-3.466507
-3.407544
-3.427887
-3.381756
-3.409320
-3.365519
-3.401507
-3.367284
-3.399959
-3.683122
-3.567864
-3.590521
-3.482418
-3.506786
-3.417427
-3.448286
-3.367303
-3.407602
-3.339622
-3.381885
-3.325335
-3.372970
-3.317945
-3.375059
-3.689122
-3.679062
-3.585458
-3.593090
-3.509410
-3.518973
-3.448337
-3.466485
-3.403575
-3.431382
-3.379778
-3.407277
-3.367627
-3.399756
-3.682463
-3.571141
-3.587043
-3.480975
-3.509467
-3.417380
-3.449399
-3.369688
-3.411724
-3.338620
-3.389087
-3.324256
-3.374234
-3.684932
-3.676734
-3.587055
-3.593084
-3.506741
-3.520488
-3.447794
-3.466595
-3.405840
-3.433537
-3.376604
-3.412243
-3.684983
-3.571115
-3.585447
-3.482429
-3.513489
-3.416752
-3.455015
-3.372842
-3.415674
-3.343368
-3.393337
-3.682406
-3.679120
-3.590538
-3.591673
-3.506479
-3.524643
-3.446638
-3.472674
-3.407211
-3.434458
-3.689196
-3.567708
-3.587080
-3.488384
-3.515163
-3.420248
-3.463904
-3.374395
-3.425510
-3.683185
-3.688394
-3.586820
-3.592222
-3.512011
-3.526751
-3.450748
-3.479434
-3.684261
-3.565352
-3.599292
-3.487815
-3.521056
-3.429429
-3.469196
-3.695495
-3.684630
-3.582313
-3.605241
-3.511003
-3.534668
-3.678989
-3.581592
-3.600145
-3.489495
-3.537460
-3.684841
-3.679416
-3.597686
-3.607500
-3.707471
-3.574738
-3.602454
-3.669903
-3.713931
-3.676702
-3.829959
-3.725445
-3.877556
-3.808180
-3.965357
-3.905649
-4.050177
-4.015507
-4.149809
-4.115195
-4.256931
-4.217342
-4.345806
-4.314182
-4.428871
-4.383598
-4.501309
-4.441861
-4.546401
-4.487348
-4.581844
-4.521648
-4.614619
-4.556461
-4.564117
-4.565061
-4.554295
-4.566913
-4.558060
-4.569624
-4.573035
-4.584892
-4.586704
-4.609753
-4.608686
-4.629205
-4.633784
-4.650123
-4.645912
-4.666733
-4.651150
-4.660370
-4.649473
-4.643562
-4.602752
-4.587006
-4.538048
-4.588958
-4.538964
-4.587664
-4.549356
-4.596374
-4.556899
-4.614767
-4.572453
-4.628022
-4.592845
-4.644995
-4.601627
-4.660408
-4.605239
-4.656018
-4.600709
-4.638176
-4.564400
-4.612435
-4.613079
-4.592740
-4.604475
-4.599507
-4.606201
-4.601683
-4.619882
-4.612481
-4.629726
-4.630944
-4.645541
-4.640091
-4.662696
-4.647718
-4.662696
-4.650059
-4.651841
-4.626835
-4.632908
-4.586214
-4.620791
-4.581446
-4.622087
-4.579420
-4.633083
-4.584877
-4.637771
-4.598401
-4.648089
-4.602728
-4.661439
-4.607198
-4.659721
-4.607405
-4.650194
-4.583655
-4.631904
-4.541994
-4.585480
-4.634690
-4.626052
-4.642215
-4.627613
-4.642265
-4.638204
-4.649255
-4.640565
-4.661756
-4.645424
-4.661262
-4.648554
-4.655790
-4.630616
-4.642627
-4.598333
-4.602944
-4.554366
-4.656378
-4.602078
-4.653652
-4.610144
-4.656952
-4.608426
-4.665536
-4.609180
-4.661383
-4.609114
-4.654309
-4.589523
-4.640722
-4.558330
-4.602062
-4.514463
-4.547722
-4.653279
-4.649280
-4.656046
-4.644445
-4.662941
-4.643673
-4.658273
-4.644242
-4.653005
-4.627420
-4.642750
-4.601958
-4.608886
-4.565440
-4.560657
-4.500983
-4.664728
-4.608509
-4.667710
-4.606911
-4.659616
-4.605077
-4.651420
-4.585721
-4.639033
-4.559642
-4.604569
-4.523451
-4.558677
-4.459951
-4.500680
-4.654165
-4.636923
-4.646904
-4.633275
-4.640144
-4.614524
-4.630454
-4.592157
-4.599694
-4.561514
-4.559316
-4.504707
-4.507664
-4.435153
-4.645490
-4.585441
-4.636307
-4.567000
-4.624223
-4.544105
-4.591276
-4.513272
-4.550929
-4.457292
-4.500977
-4.390461
-4.424808
-4.608705
-4.586239
-4.599478
-4.564282
-4.571121
-4.537319
-4.536929
-4.487007
-4.493826
-4.427680
-4.424532
-4.358733
-4.586742
-4.504646
-4.558650
-4.479399
-4.523392
-4.429850
-4.480082
-4.372585
-4.412793
-4.307057
-4.337741
-4.517532
-4.489630
-4.489134
-4.444809
-4.454451
-4.394825
-4.395873
-4.337491
-4.330155
-4.255827
-4.469024
-4.376412
-4.436854
-4.329444
-4.377678
-4.274915
-4.313914
-4.197649
-4.245108
-4.386789
-4.336403
-4.339472
-4.291508
-4.288052
-4.223549
-4.230786
-4.150713
-4.319007
-4.220079
-4.269797
-4.155077
-4.213370
-4.087520
-4.136369
-4.216730
-4.166485
-4.179259
-4.112007
-4.116935
-4.050896
-4.165198
-4.040384
-4.102286
-3.984635
-4.038587
-4.052260
-4.009631
-4.014925
-3.943041
-4.008318
-3.872610
-3.960289
-3.921782
-3.854544
-3.876824
-3.689499
-3.582641
-3.587895
-3.509624
-3.516942
-3.432670
-3.458648
-3.383113
-3.407213
-3.346643
-3.380259
-3.323693
-3.364523
-3.321500
-3.363330
-3.325647
-3.379956
-3.339342
-3.397078
-3.368555
-3.414375
-3.401736
-3.469276
-3.494486
-3.461241
-3.485737
-3.430343
-3.502393
-3.437529
-3.484159
-3.435194
-3.473692
-3.411922
-3.459061
-3.392164
-3.431944
-3.372808
-3.412225
-3.344837
-3.399832
-3.326664
-3.381766
-3.317446
-3.376688
-3.295992
-3.397955
-3.715475
-3.620619
-3.655053
-3.560485
-3.597320
-3.516208
-3.542155
-3.478649
-3.501869
-3.437464
-3.474917
-3.409276
-3.441110
-3.398404
-3.418890
-3.373928
-3.420157
-3.357658
-3.398723
-3.375468
-3.384280
-3.328842
-3.638682
-3.513479
-3.588229
-3.473082
-3.536039
-3.433879
-3.497769
-3.392507
-3.469650
-3.364429
-3.437415
-3.350904
-3.418268
-3.327136
-3.419649
-3.311537
-3.405298
-3.321589
-3.396455
-3.301840
-3.433076
-3.628717
-3.538918
-3.562716
-3.492199
-3.519304
-3.447501
-3.483983
-3.417106
-3.447119
-3.399162
-3.423527
-3.374539
-3.417224
-3.360013
-3.398689
-3.367126
-3.384952
-3.356027
-3.398553
-3.345106
-3.545896
-3.452700
-3.510520
-3.406431
-3.475494
-3.375873
-3.440095
-3.354924
-3.418278
-3.330308
-3.411656
-3.316452
-3.397197
-3.320806
-3.390373
-3.311162
-3.405984
-3.302422
-3.404589
-3.552826
-3.464337
-3.502820
-3.431768
-3.460594
-3.405736
-3.433683
-3.378995
-3.419540
-3.364152
-3.400570
-3.365385
-3.389938
-3.356873
-3.397306
-3.352540
-3.390485
-3.367306
-3.485798
-3.396601
-3.447807
-3.365594
-3.423864
-3.337546
-3.409089
-3.322605
-3.392485
-3.321705
-3.386022
-3.314111
-3.396051
-3.312004
-3.395972
-3.325532
-3.397590
-3.484478
-3.418356
-3.451860
-3.387861
-3.428079
-3.371113
-3.405890
-3.366303
-3.395059
-3.357887
-3.398856
-3.356873
-3.394357
-3.370354
-3.392601
-3.374215
-3.436546
-3.350823
-3.412145
-3.332293
-3.391787
-3.324166
-3.383490
-3.315739
-3.388748
-3.316200
-3.388951
-3.330483
-3.394567
-3.336104
-3.409712
-3.443429
-3.382866
-3.416372
-3.369855
-3.402403
-3.359304
-3.400674
-3.358768
-3.396593
-3.371616
-3.398773
-3.377550
-3.411073
-3.388591
-3.398464
-3.329955
-3.384979
-3.317743
-3.382810
-3.316990
-3.381499
-3.329417
-3.388285
-3.337539
-3.407078
-3.351542
-3.415984
-3.413462
-3.363505
-3.403976
-3.360122
-3.397379
-3.368909
-3.399911
-3.375973
-3.414741
-3.389483
-3.421211
-3.412789
-3.382204
-3.318223
-3.375192
-3.324248
-3.379643
-3.331740
-3.397226
-3.347138
-3.409933
-3.374807
-3.428050
-3.398966
-3.365512
-3.398879
-3.369984
-3.410512
-3.383175
-3.419817
-3.409509
-3.434588
-3.426943
-3.373698
-3.322610
-3.383785
-3.335669
-3.395545
-3.362703
-3.414636
-3.384361
-3.447302
-3.403813
-3.373695
-3.410806
-3.396270
-3.425531
-3.415955
-3.454858
-3.441007
-3.378824
-3.343367
-3.395148
-3.363375
-3.426719
-3.390754
-3.451381
-3.413008
-3.396040
-3.438049
-3.420011
-3.458419
-3.461759
-3.400074
-3.362625
-3.421523
-3.404640
-3.450449
-3.433924
-3.433335
-3.458307
-3.460854
-3.416893
-3.391146
-3.463728
-3.477598
-3.460956
-3.412513
-3.769319
-3.596449
-3.685625
-3.552459
-3.629533
-3.500971
-3.579440
-3.458492
-3.528164
-3.425418
-3.491027
-3.386433
-3.470386
-3.359562
-3.440590
-3.352334
-3.422952
-3.326534
-3.433707
-3.306697
-3.410951
-3.337033
-3.424729
-4.541674
-4.525645
-4.466776
-4.390588
-4.314308
-4.239318
-4.141459
-4.054664
-3.973838
-3.884659
-3.806843
-3.747061
-3.677103
-3.622232
-3.586289
-3.536423
-3.499355
-3.487092
-3.448927
-3.429562
-3.438421
-3.396600
-4.536733
-4.409700
-4.402777
-4.283385
-4.239735
-4.104114
-4.065520
-3.920623
-3.876777
-3.758440
-3.718933
-3.609075
-3.602805
-3.502808
-3.499118
-3.435171
-3.433456
-3.366329
-3.403911
-3.332602
-3.357273
-4.523678
-4.484843
-4.396322
-4.327122
-4.243831
-4.151116
-4.057144
-3.979545
-3.885031
-3.809410
-3.745618
-3.677114
-3.619530
-3.583815
-3.532713
-3.496430
-3.482812
-3.446924
-3.427200
-3.432493
-4.483411
-4.360451
-4.346264
-4.201232
-4.160435
-4.026150
-3.971682
-3.836019
-3.804675
-3.676828
-3.651922
-3.559024
-3.542561
-3.454888
-3.472959
-3.389870
-3.405679
-3.358773
-3.376370
-4.483857
-4.417773
-4.328343
-4.258713
-4.152802
-4.067377
-3.979495
-3.891379
-3.808024
-3.748069
-3.673915
-3.618782
-3.579095
-3.529588
-3.493784
-3.477220
-3.447772
-3.418871
-4.424960
-4.303043
-4.260885
-4.118323
-4.079582
-3.929721
-3.884988
-3.761305
-3.721932
-3.607143
-3.600868
-3.496629
-3.496922
-3.426285
-3.433562
-3.359120
-3.403341
-4.416910
-4.343795
-4.255588
-4.164794
-4.064464
-3.987428
-3.888391
-3.812736
-3.744121
-3.675445
-3.615538
-3.577795
-3.528101
-3.491181
-3.477452
-3.440748
-4.358667
-4.216528
-4.170757
-4.033430
-3.978801
-3.838612
-3.807143
-3.675127
-3.652024
-3.553651
-3.542076
-3.450675
-3.472471
-3.385642
-3.407052
-4.340227
-4.264185
-4.158974
-4.071344
-3.981382
-3.893935
-3.808465
-3.748079
-3.672931
-3.618607
-3.576135
-3.528246
-3.491266
-3.473447
-4.265681
-4.123471
-4.080369
-3.930319
-3.885145
-3.758566
-3.722006
-3.604713
-3.600978
-3.494849
-3.499470
-3.423788
-3.433627
-4.257341
-4.163200
-4.064507
-3.985908
-3.889107
-3.814355
-3.744930
-3.678264
-3.616846
-3.578967
-3.526053
-3.493670
-4.167964
-4.030114
-3.975368
-3.834949
-3.804399
-3.672393
-3.652689
-3.551972
-3.544354
-3.452524
-3.472943
-4.154499
-4.065692
-3.978807
-3.893303
-3.810542
-3.751117
-3.675956
-3.624049
-3.575579
-3.532127
-4.071894
-3.922994
-3.879854
-3.752511
-3.719853
-3.602940
-3.601551
-3.496451
-3.504565
-4.056732
-3.979277
-3.888101
-3.816567
-3.747941
-3.684639
-3.621225
-3.584232
-3.964976
-3.825656
-3.798437
-3.667038
-3.652765
-3.551320
-3.549397
-3.971799
-3.890644
-3.813720
-3.756922
-3.681814
-3.633491
-3.869889
-3.741740
-3.715304
-3.599154
-3.604537
-3.886076
-3.821269
-3.755556
-3.695268
-3.789339
-3.652324
-3.653124
-3.826445
-3.774939
-3.688265
-3.801505
-3.707239
-3.789238
-3.659536
-3.804985
-3.673716
-3.785178
-3.684111
-3.786262
-3.677171
-3.789453
-3.676080
-3.789467
-3.677158
-3.786197
-3.684068
-3.785282
-3.673412
-3.805119
-3.659456
-3.789063
-3.707113
-3.801733
-3.779896
-3.781742
-3.890029
-3.931835
-4.043427
-4.083531
-4.218749
-4.253492
-4.375969
-4.413935
-4.512039
-4.523372
-4.604705
-4.588558
-4.641241
-4.612563
-4.646578
-4.598382
-4.632316
-4.573245
-4.591398
-4.557793
-4.577544
-3.787165
-3.920731
-3.925294
-4.035925
-4.089928
-4.188361
-4.248618
-4.356742
-4.407377
-4.494559
-4.539661
-4.597491
-4.616261
-4.654455
-4.651560
-4.663825
-4.655417
-4.651436
-4.631784
-4.627034
-4.611214
-4.560279
-3.772270
-3.798339
-3.926724
-3.939417
-4.073415
-4.115542
-4.240207
-4.280509
-4.406562
-4.429762
-4.530530
-4.539093
-4.611759
-4.592301
-4.648935
-4.609228
-4.647634
-4.600811
-4.632903
-4.569804
-4.611173
-3.822235
-3.897915
-3.943171
-4.055523
-4.095428
-4.210003
-4.270716
-4.371266
-4.424056
-4.513993
-4.546877
-4.606082
-4.623357
-4.655030
-4.650638
-4.666430
-4.651366
-4.649920
-4.632941
-4.627060
-3.795974
-3.813729
-3.924827
-3.957636
-4.095060
-4.125108
-4.261526
-4.300741
-4.420982
-4.443004
-4.546273
-4.543856
-4.617910
-4.596689
-4.650418
-4.608169
-4.651308
-4.600822
-4.631718
-3.795769
-3.913924
-3.952678
-4.055479
-4.108085
-4.225853
-4.277355
-4.384928
-4.436193
-4.521139
-4.551477
-4.612813
-4.622536
-4.655072
-4.650456
-4.666464
-4.647660
-4.651447
-3.811175
-3.802334
-3.941188
-3.968617
-4.101316
-4.137456
-4.277323
-4.308244
-4.432265
-4.451755
-4.551970
-4.545389
-4.622470
-4.596705
-4.650565
-4.609196
-4.655428
-3.803689
-3.922870
-3.945582
-4.065699
-4.115774
-4.230662
-4.283583
-4.393229
-4.437624
-4.523693
-4.552011
-4.612853
-4.617939
-4.655041
-4.649049
-4.663775
-3.801272
-3.809237
-3.951063
-3.968059
-4.111111
-4.144569
-4.283396
-4.311635
-4.437558
-4.451771
-4.551399
-4.543821
-4.623373
-4.592185
-4.651548
-3.809818
-3.916777
-3.949087
-4.071922
-4.115295
-4.234051
-4.283440
-4.393268
-4.432294
-4.521153
-4.546397
-4.606032
-4.611851
-4.654545
-3.803099
-3.815047
-3.950889
-3.970042
-4.115243
-4.144577
-4.283504
-4.308208
-4.436210
-4.442879
-4.546867
-4.539094
-4.616142
-3.806302
-3.916537
-3.950935
-4.071952
-4.111132
-4.230685
-4.277445
-4.384874
-4.421080
-4.514088
-4.530510
-4.597554
-3.806278
-3.815042
-3.949016
-3.968031
-4.115791
-4.137316
-4.277352
-4.300733
-4.423929
-4.429706
-4.539739
-3.803106
-3.916813
-3.951167
-4.065639
-4.101423
-4.225950
-4.261499
-4.371336
-4.406742
-4.494454
-3.809836
-3.809089
-3.945605
-3.968594
-4.107952
-4.125047
-4.270794
-4.280247
-4.407426
-3.801384
-3.922953
-3.941149
-4.055566
-4.095241
-4.209892
-4.240361
-4.356894
-3.803569
-3.802283
-3.952759
-3.957346
-4.095489
-4.115507
-4.248440
-3.811331
-3.913804
-3.924999
-4.055681
-4.073331
-4.188485
-3.795873
-3.813666
-3.942986
-3.939321
-4.090074
-3.795872
-3.898069
-3.926967
-4.035759
-3.822385
-3.797888
-3.925423
-3.772507
-3.920955
-3.786947
-3.689500
-3.582642
-3.587895
-3.509625
-3.516942
-3.432670
-3.458648
-3.383113
-3.407213
-3.346643
-3.380259
-3.323693
-3.364522
-3.321500
-3.363330
-3.325646
-3.379955
-3.339342
-3.397077
-3.368554
-3.414375
-3.401736
-3.469275
-3.676701
-3.713930
-3.602453
-3.607499
-3.537459
-3.534667
-3.469195
-3.479434
-3.425509
-3.434457
-3.393336
-3.412242
-3.374234
-3.399754
-3.375058
-3.399959
-3.380341
-3.419182
-3.391433
-3.440492
-3.426251
-3.441906
-3.669902
-3.574738
-3.597685
-3.489495
-3.511002
-3.429428
-3.450747
-3.374394
-3.407210
-3.343368
-3.376603
-3.324255
-3.367625
-3.317945
-3.367282
-3.330624
-3.375303
-3.345680
-3.400554
-3.358134
-3.426227
-3.707470
-3.679415
-3.600144
-3.605241
-3.521056
-3.526750
-3.463902
-3.472673
-3.415673
-3.433536
-3.389086
-3.407276
-3.372969
-3.401506
-3.368009
-3.404258
-3.381814
-3.412366
-3.400458
-3.440518
-3.684841
-3.581591
-3.582313
-3.487814
-3.512010
-3.420247
-3.446637
-3.372841
-3.405839
-3.338619
-3.379777
-3.325335
-3.365518
-3.321622
-3.370403
-3.325929
-3.381774
-3.345737
-3.391505
-3.678989
-3.684630
-3.599292
-3.592221
-3.515163
-3.524643
-3.455015
-3.466595
-3.411724
-3.431381
-3.381884
-3.409319
-3.371103
-3.397272
-3.370312
-3.404289
-3.375316
-3.419086
-3.695494
-3.565352
-3.586820
-3.488384
-3.506478
-3.416752
-3.447793
-3.369687
-3.403575
-3.339621
-3.381755
-3.322078
-3.371051
-3.321684
-3.368071
-3.330581
-3.380354
-3.684261
-3.688394
-3.587080
-3.591673
-3.513488
-3.520487
-3.449399
-3.466484
-3.407602
-3.427887
-3.381679
-3.409351
-3.365541
-3.401403
-3.367250
-3.400049
-3.683184
-3.567708
-3.590537
-3.482428
-3.506740
-3.417380
-3.448336
-3.367303
-3.407544
-3.339680
-3.381933
-3.325293
-3.372974
-3.318122
-3.374931
-3.689196
-3.679120
-3.585447
-3.593084
-3.509467
-3.518972
-3.448285
-3.466507
-3.403608
-3.431282
-3.379756
-3.407362
-3.367463
-3.399715
-3.682406
-3.571116
-3.587056
-3.480975
-3.509410
-3.417426
-3.449431
-3.369656
-3.411713
-3.338794
-3.388951
-3.324337
-3.374366
-3.684984
-3.676734
-3.587043
-3.593090
-3.506786
-3.520403
-3.447778
-3.466673
-3.405697
-3.433495
-3.376711
-3.412067
-3.684933
-3.571141
-3.585459
-3.482418
-3.513450
-3.416920
-3.454882
-3.372920
-3.415787
-3.343349
-3.393259
-3.682464
-3.679063
-3.590521
-3.591743
-3.506370
-3.524591
-3.446747
-3.472509
-3.407123
-3.434618
-3.689122
-3.567865
-3.586957
-3.488449
-3.515253
-3.420250
-3.463811
-3.374731
-3.425296
-3.683122
-3.688328
-3.586930
-3.592082
-3.511924
-3.526896
-3.450545
-3.479326
-3.684322
-3.565382
-3.599174
-3.488138
-3.520857
-3.429530
-3.469365
-3.695408
-3.684760
-3.582152
-3.605121
-3.511172
-3.534447
-3.678809
-3.581681
-3.600283
-3.489536
-3.537294
-3.685003
-3.679229
-3.597531
-3.607701
-3.707275
-3.575205
-3.602196
-3.669697
-3.713750
-3.676863
-3.779590
-3.781900
-3.890167
-3.931906
-4.043218
-4.083937
-4.218510
-4.253575
-4.376046
-4.413953
-4.511896
-4.523610
-4.604531
-4.588608
-4.641262
-4.612565
-4.646497
-4.598489
-4.632218
-4.573270
-4.591379
-4.557791
-4.577512
-4.559026
-4.511016
-4.538742
-4.498642
-4.541177
-4.497439
-4.551431
-4.508567
-4.560899
-4.529928
-4.581957
-4.548804
-4.610078
-4.573070
-4.630790
-4.596350
-4.649391
-4.602865
-4.660066
-4.597883
-4.640764
-4.589087
-4.625527
-3.876825
-3.854545
-3.960290
-3.943043
-4.038588
-4.050897
-4.136370
-4.150714
-4.245108
-4.255828
-4.337741
-4.358732
-4.424808
-4.435152
-4.500679
-4.500981
-4.547720
-4.554365
-4.585479
-4.586214
-4.612434
-4.602752
-3.921783
-3.872611
-4.014927
-3.984636
-4.116936
-4.087521
-4.230787
-4.197649
-4.330156
-4.307058
-4.424532
-4.390460
-4.507664
-4.459951
-4.560656
-4.514462
-4.602943
-4.541993
-4.632907
-4.564399
-4.643562
-4.008320
-4.009632
-4.102287
-4.112009
-4.213371
-4.223550
-4.313915
-4.337491
-4.412793
-4.427681
-4.500977
-4.504706
-4.558676
-4.565440
-4.602062
-4.598333
-4.631904
-4.626835
-4.638175
-4.649472
-4.052262
-4.040385
-4.179260
-4.155079
-4.288053
-4.274916
-4.395874
-4.372585
-4.493826
-4.457292
-4.559316
-4.523451
-4.608885
-4.558329
-4.642627
-4.583655
-4.651842
-4.600709
-4.660370
-4.165200
-4.166486
-4.269798
-4.291509
-4.377679
-4.394825
-4.480082
-4.487007
-4.550929
-4.561513
-4.604569
-4.601958
-4.640722
-4.630615
-4.650192
-4.650058
-4.656017
-4.651149
-4.216732
-4.220081
-4.339473
-4.329445
-4.454452
-4.429850
-4.536929
-4.513272
-4.599694
-4.559642
-4.642750
-4.589523
-4.655791
-4.607406
-4.662697
-4.605239
-4.666732
-4.319008
-4.336404
-4.436855
-4.444810
-4.523392
-4.537319
-4.591276
-4.592157
-4.639033
-4.627420
-4.654309
-4.648554
-4.659721
-4.647718
-4.660408
-4.645912
-4.386790
-4.376413
-4.489135
-4.479399
-4.571121
-4.544105
-4.630453
-4.585720
-4.653005
-4.609114
-4.661261
-4.607197
-4.662695
-4.601627
-4.650122
-4.469024
-4.489631
-4.558651
-4.564283
-4.624223
-4.614524
-4.651420
-4.644242
-4.661383
-4.645423
-4.661439
-4.640092
-4.644996
-4.633784
-4.517533
-4.504647
-4.599478
-4.567000
-4.640144
-4.605076
-4.658272
-4.609180
-4.661755
-4.602728
-4.645540
-4.592844
-4.629204
-4.586743
-4.586239
-4.636307
-4.633275
-4.659617
-4.643673
-4.665536
-4.640565
-4.648089
-4.630944
-4.628022
-4.608686
-4.608705
-4.585442
-4.646904
-4.606911
-4.662941
-4.608426
-4.649254
-4.598401
-4.629726
-4.572452
-4.609753
-4.645490
-4.636923
-4.667709
-4.644444
-4.656952
-4.638204
-4.637770
-4.612481
-4.614767
-4.586704
-4.654165
-4.608509
-4.656046
-4.610144
-4.642265
-4.584877
-4.619882
-4.556899
-4.584893
-4.664727
-4.649280
-4.653652
-4.627612
-4.633082
-4.601683
-4.596373
-4.573034
-4.653279
-4.602078
-4.642215
-4.579420
-4.606201
-4.549356
-4.569624
-4.656378
-4.626052
-4.622086
-4.599507
-4.587664
-4.558060
-4.634690
-4.581445
-4.604474
-4.538964
-4.566913
-4.620791
-4.592740
-4.588958
-4.554295
-4.613079
-4.538048
-4.565061
-4.587006
-4.564116
-4.556461
-3.769319
-3.596451
-3.685626
-3.552460
-3.629534
-3.500972
-3.579441
-3.458493
-3.528164
-3.425418
-3.491027
-3.386434
-3.470387
-3.359562
-3.440589
-3.352333
-3.422951
-3.326533
-3.433707
-3.306697
-3.410951
-3.337033
-3.424729
-3.412512
-3.460955
-3.463727
-3.460854
-3.450449
-3.461758
-3.451381
-3.441006
-3.447301
-3.426943
-3.428050
-3.412789
-3.415984
-3.388590
-3.409713
-3.374214
-3.397590
-3.367306
-3.404590
-3.345105
-3.433075
-3.328842
-3.477597
-3.391145
-3.458306
-3.404639
-3.458418
-3.390753
-3.454857
-3.384361
-3.434587
-3.374807
-3.421210
-3.351542
-3.411073
-3.336104
-3.392602
-3.325531
-3.390485
-3.302422
-3.398552
-3.301839
-3.384279
-3.416892
-3.433335
-3.421522
-3.420011
-3.426719
-3.415954
-3.414636
-3.409509
-3.409932
-3.389483
-3.407078
-3.377550
-3.394567
-3.370355
-3.395971
-3.352540
-3.405984
-3.356026
-3.396454
-3.375467
-3.433924
-3.362624
-3.438048
-3.363375
-3.425531
-3.362702
-3.419817
-3.347138
-3.414740
-3.337539
-3.398773
-3.330482
-3.394358
-3.312003
-3.397305
-3.311163
-3.384952
-3.321588
-3.398722
-3.400073
-3.396039
-3.395147
-3.396270
-3.395545
-3.383175
-3.397225
-3.375973
-3.388285
-3.371616
-3.388951
-3.356873
-3.396051
-3.356873
-3.390373
-3.367127
-3.405297
-3.357658
-3.413008
-3.343367
-3.410806
-3.335669
-3.410512
-3.331739
-3.399910
-3.329417
-3.396593
-3.316200
-3.398855
-3.314111
-3.389938
-3.320806
-3.398690
-3.311536
-3.420157
-3.378824
-3.373694
-3.383784
-3.369984
-3.379643
-3.368908
-3.381499
-3.358768
-3.388749
-3.357887
-3.386022
-3.365385
-3.397197
-3.360014
-3.419649
-3.373927
-3.403812
-3.322609
-3.398878
-3.324248
-3.397379
-3.316990
-3.400673
-3.315739
-3.395060
-3.321704
-3.400570
-3.316451
-3.417224
-3.327137
-3.418890
-3.373697
-3.365512
-3.375192
-3.360122
-3.382809
-3.359304
-3.383489
-3.366304
-3.392485
-3.364152
-3.411656
-3.374539
-3.418268
-3.398404
-3.398966
-3.318222
-3.403976
-3.317743
-3.402403
-3.324166
-3.405890
-3.322606
-3.419540
-3.330308
-3.423527
-3.350904
-3.441110
-3.382204
-3.363504
-3.384979
-3.369855
-3.391787
-3.371113
-3.409089
-3.378995
-3.418277
-3.399162
-3.437415
-3.409276
-3.413462
-3.329955
-3.416372
-3.332293
-3.428079
-3.337546
-3.433683
-3.354924
-3.447120
-3.364430
-3.474917
-3.398464
-3.382866
-3.412145
-3.387861
-3.423864
-3.405736
-3.440096
-3.417106
-3.469650
-3.437464
-3.443429
-3.350824
-3.451860
-3.365594
-3.460594
-3.375873
-3.483983
-3.392507
-3.501869
-3.436546
-3.418356
-3.447807
-3.431769
-3.475494
-3.447501
-3.497769
-3.478649
-3.484479
-3.396602
-3.502820
-3.406432
-3.519305
-3.433879
-3.542156
-3.485798
-3.464338
-3.510521
-3.492200
-3.536039
-3.516208
-3.552827
-3.452701
-3.562717
-3.473083
-3.597320
-3.545896
-3.538919
-3.588230
-3.560486
-3.628718
-3.513480
-3.655054
-3.638683
-3.620620
-3.715475
-3.829959
-3.725446
-3.877557
-3.808182
-3.965358
-3.905650
-4.050178
-4.015507
-4.149810
-4.115195
-4.256930
-4.217341
-4.345805
-4.314181
-4.428870
-4.383597
-4.501307
-4.441860
-4.546400
-4.487347
-4.581844
-4.521648
-4.614619
-4.573787
-4.473702
-4.451674
-4.344484
-4.325885
-4.185825
-4.145941
-4.015984
-3.962271
-3.830965
-3.800354
-3.675999
-3.651038
-3.562040
-3.544917
-3.459951
-3.477157
-3.395434
-3.406161
-3.368269
-3.367597
-3.330525
-3.366696
-3.688267
-3.774941
-3.653125
-3.695269
-3.604537
-3.633492
-3.549397
-3.584232
-3.504565
-3.532127
-3.472943
-3.493669
-3.433626
-3.473447
-3.407052
-3.440748
-3.403342
-3.418871
-3.376370
-3.432493
-3.357273
-3.396600
-3.826447
-3.652326
-3.755557
-3.599154
-3.681815
-3.551321
-3.621225
-3.496451
-3.575580
-3.452524
-3.526052
-3.423788
-3.491265
-3.385643
-3.477453
-3.359120
-3.447772
-3.358773
-3.427200
-3.332602
-3.438421
-3.789340
-3.821270
-3.715305
-3.756922
-3.652766
-3.684639
-3.601552
-3.624049
-3.544354
-3.578966
-3.499470
-3.528246
-3.472471
-3.491181
-3.433562
-3.477219
-3.405678
-3.446923
-3.403911
-3.429562
-3.886077
-3.741741
-3.813721
-3.667038
-3.747941
-3.602940
-3.675956
-3.551971
-3.616845
-3.494849
-3.576135
-3.450674
-3.528100
-3.426284
-3.493783
-3.389869
-3.482812
-3.366329
-3.448927
-3.869890
-3.890645
-3.798438
-3.816567
-3.719854
-3.751117
-3.652688
-3.678263
-3.600978
-3.618606
-3.542074
-3.577793
-3.496920
-3.529587
-3.472958
-3.496429
-3.433455
-3.487092
-3.971800
-3.825656
-3.888101
-3.752511
-3.810541
-3.672392
-3.744930
-3.604713
-3.672930
-3.553649
-3.615536
-3.496627
-3.579093
-3.454887
-3.532713
-3.435171
-3.499355
-3.964976
-3.979277
-3.879854
-3.893302
-3.804398
-3.814355
-3.722005
-3.748077
-3.652021
-3.675443
-3.600866
-3.618781
-3.542560
-3.583815
-3.499118
-3.536423
-4.056733
-3.922995
-3.978806
-3.834948
-3.889107
-3.758565
-3.808463
-3.675124
-3.744119
-3.607141
-3.673914
-3.559023
-3.619529
-3.502807
-3.586289
-4.071894
-4.065691
-3.975367
-3.985907
-3.885144
-3.893932
-3.807140
-3.812734
-3.721931
-3.748067
-3.651920
-3.677113
-3.602804
-3.622232
-4.154499
-4.030113
-4.064506
-3.930317
-3.981379
-3.838609
-3.888389
-3.761303
-3.808022
-3.676826
-3.745616
-3.609074
-3.677103
-4.167963
-4.163199
-4.080368
-4.071342
-3.978799
-3.987426
-3.884986
-3.891377
-3.804673
-3.809408
-3.718931
-3.747061
-4.257341
-4.123469
-4.158972
-4.033428
-4.064462
-3.929719
-3.979492
-3.836016
-3.885029
-3.758439
-3.806842
-4.265680
-4.264183
-4.170755
-4.164793
-4.079580
-4.067374
-3.971679
-3.979543
-3.876775
-3.884658
-4.340225
-4.216526
-4.255587
-4.118321
-4.152799
-4.026148
-4.057142
-3.920621
-3.973838
-4.358665
-4.343793
-4.260883
-4.258711
-4.160433
-4.151114
-4.065518
-4.054663
-4.416909
-4.303042
-4.328341
-4.201230
-4.243829
-4.104113
-4.141459
-4.424958
-4.417772
-4.346262
-4.327121
-4.239734
-4.239318
-4.483856
-4.360450
-4.396321
-4.283384
-4.314308
-4.483410
-4.484842
-4.402776
-4.390587
-4.523677
-4.409699
-4.466776
-4.536733
-4.525645
-4.541674
-3.779897
-3.781742
-3.890029
-3.931835
-4.043427
-4.083530
-4.218747
-4.253490
-4.375967
-4.413933
-4.512037
-4.523369
-4.604702
-4.588559
-4.641247
-4.612570
-4.646584
-4.598385
-4.632318
-4.573246
-4.591399
-4.557794
-4.577544
-4.559034
-4.511008
-4.538704
-4.498641
-4.541224
-4.497275
-4.551531
-4.508515
-4.560801
-4.529892
-4.582084
-4.548452
-4.610266
-4.572969
-4.630634
-4.596257
-4.649611
-4.602301
-4.660344
-4.597704
-4.640571
-4.588865
-4.625869
-3.876614
-3.854796
-3.960570
-3.942842
-4.038795
-4.051252
-4.136095
-4.150992
-4.245419
-4.255610
-4.337964
-4.359124
-4.424517
-4.435461
-4.501002
-4.500767
-4.547971
-4.554754
-4.585212
-4.586539
-4.612768
-4.602551
-3.922014
-3.872054
-4.015098
-3.984579
-4.116658
-4.087388
-4.231044
-4.197043
-4.330328
-4.307009
-4.424220
-4.390316
-4.507932
-4.459297
-4.560853
-4.514370
-4.602644
-4.541814
-4.633189
-4.563683
-4.643821
-4.008493
-4.009935
-4.102057
-4.112254
-4.213632
-4.223368
-4.314105
-4.337835
-4.412536
-4.427949
-4.501267
-4.504509
-4.558896
-4.565792
-4.601813
-4.598616
-4.632212
-4.626628
-4.638451
-4.649789
-4.052040
-4.040263
-4.179474
-4.154564
-4.288199
-4.274873
-4.395604
-4.372463
-4.494061
-4.456725
-4.559480
-4.523390
-4.608607
-4.558185
-4.642877
-4.583035
-4.652050
-4.600576
-4.660124
-4.165407
-4.166352
-4.269951
-4.291805
-4.377461
-4.395058
-4.480330
-4.486841
-4.551114
-4.561829
-4.604344
-4.602205
-4.640996
-4.630430
-4.650420
-4.650356
-4.655818
-4.651409
-4.216842
-4.220039
-4.339251
-4.329339
-4.454646
-4.429375
-4.537060
-4.513231
-4.599447
-4.559525
-4.642965
-4.588994
-4.655955
-4.607323
-4.662460
-4.605097
-4.666949
-4.318840
-4.336599
-4.437054
-4.444685
-4.523538
-4.537595
-4.591082
-4.592371
-4.639269
-4.627266
-4.654494
-4.648828
-4.659534
-4.647943
-4.660656
-4.645753
-4.386930
-4.376038
-4.489229
-4.479369
-4.570911
-4.544008
-4.630631
-4.585282
-4.653130
-4.609063
-4.661044
-4.607085
-4.662886
-4.601146
-4.650274
-4.469133
-4.489860
-4.558495
-4.564463
-4.624415
-4.614409
-4.651565
-4.644489
-4.661217
-4.645617
-4.661654
-4.639954
-4.645172
-4.634023
-4.517362
-4.504569
-4.599609
-4.566656
-4.640231
-4.605047
-4.658083
-4.609091
-4.661912
-4.602329
-4.645656
-4.592786
-4.629014
-4.586887
-4.586168
-4.636412
-4.633489
-4.659484
-4.643838
-4.665714
-4.640460
-4.648226
-4.631158
-4.627882
-4.608861
-4.608747
-4.585428
-4.646749
-4.606843
-4.663060
-4.608114
-4.649334
-4.598368
-4.629558
-4.572371
-4.609887
-4.645395
-4.637058
-4.667850
-4.644383
-4.657053
-4.638391
-4.637653
-4.612625
-4.614923
-4.586610
-4.654240
-4.608294
-4.656087
-4.610130
-4.642123
-4.584815
-4.619984
-4.556621
-4.584965
-4.664791
-4.649439
-4.653569
-4.627730
-4.633203
-4.601620
-4.596464
-4.573189
-4.653171
-4.602034
-4.642275
-4.579223
-4.606238
-4.549340
-4.569504
-4.656461
-4.626032
-4.622142
-4.599635
-4.587588
-4.558156
-4.634683
-4.581442
-4.604377
-4.538929
-4.566966
-4.620749
-4.592812
-4.589023
-4.554266
-4.613088
-4.537958
-4.565067
-4.587022
-4.564183
-4.556416
-3.769654
-3.596261
-3.685390
-3.552402
-3.629784
-3.500249
-3.579828
-3.458327
-3.527802
-3.425390
-3.491299
-3.385567
-3.470818
-3.359375
-3.440141
-3.352276
-3.423263
-3.325525
-3.434167
-3.306450
-3.410483
-3.336842
-3.425108
-3.412443
-3.461018
-3.463808
-3.460766
-3.450522
-3.461957
-3.451166
-3.441190
-3.447507
-3.426710
-3.428235
-3.413113
-3.415628
-3.388897
-3.410030
-3.373877
-3.397883
-3.367753
-3.404150
-3.345526
-3.433507
-3.328494
-3.477678
-3.390982
-3.458361
-3.404660
-3.458252
-3.390703
-3.455066
-3.383901
-3.434778
-3.374798
-3.420922
-3.351449
-3.411423
-3.335350
-3.392927
-3.325454
-3.390119
-3.302233
-3.399032
-3.300804
-3.384691
-3.416882
-3.433495
-3.421370
-3.420136
-3.426883
-3.415783
-3.414769
-3.409787
-3.409638
-3.389727
-3.407365
-3.377247
-3.394815
-3.370755
-3.395565
-3.352896
-3.406387
-3.355650
-3.396790
-3.376011
-3.433834
-3.362566
-3.438207
-3.363045
-3.425652
-3.362714
-3.419580
-3.347057
-3.415036
-3.336912
-3.399029
-3.330452
-3.394014
-3.311859
-3.397735
-3.310256
-3.385314
-3.321489
-3.398301
-3.400181
-3.395946
-3.395211
-3.396502
-3.395319
-3.383357
-3.397471
-3.375724
-3.388481
-3.371968
-3.388595
-3.357169
-3.396418
-3.356517
-3.390667
-3.367611
-3.404845
-3.358070
-3.413053
-3.343394
-3.410636
-3.335589
-3.410750
-3.331246
-3.400096
-3.329414
-3.396290
-3.316081
-3.399228
-3.313332
-3.390240
-3.320758
-3.398292
-3.311347
-3.420632
-3.378677
-3.373807
-3.383976
-3.369806
-3.379778
-3.369209
-3.381209
-3.359003
-3.389074
-3.357575
-3.386271
-3.365814
-3.396789
-3.360364
-3.420074
-3.373559
-3.403987
-3.322265
-3.398992
-3.324261
-3.397136
-3.316884
-3.400984
-3.315092
-3.395298
-3.321687
-3.400208
-3.316297
-3.417652
-3.326242
-3.419208
-3.373765
-3.365750
-3.374977
-3.360293
-3.383083
-3.359053
-3.383689
-3.366675
-3.392138
-3.364442
-3.412045
-3.374192
-3.418548
-3.398910
-3.398797
-3.318127
-3.404222
-3.317239
-3.402576
-3.324165
-3.405579
-3.322472
-3.419910
-3.329533
-3.423798
-3.350876
-3.440698
-3.382415
-3.363323
-3.385122
-3.370160
-3.391514
-3.371342
-3.409434
-3.378692
-3.418524
-3.399603
-3.437020
-3.409615
-3.413570
-3.329964
-3.416130
-3.332173
-3.428385
-3.336900
-3.433899
-3.354910
-3.446752
-3.364268
-3.475331
-3.398270
-3.383026
-3.412432
-3.387618
-3.424071
-3.406109
-3.439772
-3.417387
-3.470046
-3.437132
-3.443668
-3.350325
-3.452021
-3.365582
-3.460284
-3.375727
-3.484337
-3.391751
-3.502117
-3.436699
-3.418649
-3.447563
-3.431993
-3.475846
-3.447215
-3.498017
-3.479076
-3.484248
-3.396473
-3.503106
-3.405795
-3.519504
-3.433850
-3.541804
-3.486082
-3.464108
-3.510742
-3.492557
-3.535753
-3.516474
-3.552986
-3.452660
-3.562421
-3.472923
-3.597650
-3.545688
-3.539140
-3.588580
-3.560223
-3.628977
-3.512854
-3.655245
-3.638924
-3.620949
-3.715222
-3.830157
-3.725350
-3.877286
-3.808032
-3.965637
-3.905008
-4.050368
-4.015460
-4.149479
-4.115046
-4.257224
-4.216647
-4.346004
-4.314114
-4.428526
-4.383425
-4.501607
-4.441121
-4.546633
-4.487207
-4.581542
-4.521410
-4.614933
-4.574195
-4.473486
-4.451482
-4.344256
-4.326382
-4.184953
-4.146356
-4.015883
-3.961986
-3.830737
-3.800926
-3.675008
-3.651472
-3.561956
-3.544569
-3.459694
-3.477787
-3.394342
-3.406639
-3.368133
-3.367274
-3.330170
-3.367362
-3.688041
-3.775248
-3.653364
-3.694956
-3.604924
-3.633723
-3.549085
-3.584620
-3.504881
-3.531727
-3.473436
-3.493957
-3.433270
-3.473905
-3.407451
-3.440296
-3.403914
-3.419216
-3.376011
-3.432988
-3.357764
-3.396150
-3.826689
-3.651653
-3.755922
-3.598984
-3.681502
-3.551280
-3.621493
-3.495631
-3.576003
-3.452340
-3.525633
-3.423746
-3.491565
-3.384672
-3.477921
-3.358893
-3.447298
-3.358669
-3.427555
-3.331478
-3.438943
-3.789681
-3.821485
-3.715022
-3.757274
-3.653050
-3.684272
-3.602003
-3.624312
-3.544015
-3.579397
-3.499841
-3.527802
-3.473028
-3.491492
-3.433202
-3.477700
-3.406138
-3.446429
-3.404556
-3.429898
-3.885808
-3.741686
-3.813978
-3.666286
-3.748339
-3.602761
-3.675584
-3.551928
-3.617135
-3.493935
-3.576590
-3.450462
-3.527646
-3.426214
-3.494113
-3.388807
-3.483323
-3.366049
-3.448455
-3.870160
-3.890315
-3.798838
-3.816803
-3.719545
-3.751507
-3.653024
-3.677849
-3.601493
-3.618892
-3.541726
-3.578252
-3.497345
-3.529105
-3.473574
-3.496744
-3.433108
-3.487588
-3.972135
-3.825500
-3.887778
-3.752463
-3.810813
-3.671556
-3.745355
-3.604515
-3.672512
-3.553590
-3.615845
-3.495631
-3.579580
-3.454639
-3.532245
-3.435076
-3.499693
-3.964729
-3.979600
-3.880163
-3.892926
-3.804861
-3.814612
-3.721684
-3.748498
-3.652409
-3.674993
-3.601440
-3.619079
-3.542216
-3.584289
-3.499571
-3.535937
-4.056969
-3.922266
-3.979179
-3.834773
-3.888736
-3.758509
-3.808749
-3.674209
-3.744568
-3.606916
-3.673469
-3.558944
-3.619851
-3.501766
-3.586781
-4.072303
-4.065905
-3.975094
-3.986269
-3.885499
-3.893521
-3.807661
-3.813010
-3.721611
-3.748510
-3.652347
-3.676646
-3.603406
-3.622546
-4.154182
-4.030060
-4.064763
-3.929505
-3.981779
-3.838409
-3.887980
-3.761228
-3.808318
-3.675853
-3.746078
-3.608833
-3.676642
-4.168281
-4.162830
-4.080830
-4.071582
-3.978518
-3.987819
-3.885386
-3.890945
-3.805236
-3.809700
-3.718609
-3.747520
-4.257688
-4.123296
-4.158616
-4.033356
-4.064732
-3.928834
-3.979905
-3.835793
-3.884597
-3.758352
-3.807142
-4.265443
-4.264512
-4.171117
-4.164402
-4.080091
-4.067642
-3.971399
-3.979958
-3.877197
-3.884221
-4.340472
-4.215750
-4.255953
-4.118120
-4.152408
-4.026051
-4.057416
-3.919695
-3.974257
-4.359104
-4.344024
-4.260642
-4.259075
-4.160837
-4.150717
-4.066055
-4.054944
-4.416586
-4.302945
-4.328599
-4.200382
-4.244197
-4.103892
-4.141054
-4.425313
-4.417417
-4.346746
-4.327390
-4.239497
-4.239697
-4.484193
-4.360244
-4.395961
-4.283251
-4.314571
-4.483198
-4.485179
-4.403180
-4.390237
-4.523943
-4.408877
-4.467104
-4.537169
-4.525929
-4.541385
-3.830157
-3.725350
-3.877286
-3.808032
-3.965637
-3.905008
-4.050369
-4.015461
-4.149480
-4.115047
-4.257225
-4.216649
-4.346005
-4.314115
-4.428528
-4.383427
-4.501609
-4.441122
-4.546633
-4.487208
-4.581542
-4.521410
-4.614933
-4.556416
-4.564184
-4.565067
-4.554266
-4.566967
-4.558156
-4.569504
-4.573189
-4.584965
-4.586610
-4.609887
-4.608860
-4.629014
-4.634021
-4.650275
-4.645752
-4.666949
-4.651410
-4.660123
-4.649788
-4.643821
-4.602551
-4.587022
-4.537958
-4.589023
-4.538929
-4.587588
-4.549340
-4.596464
-4.556621
-4.614922
-4.572371
-4.627881
-4.592786
-4.645171
-4.601146
-4.660655
-4.605097
-4.655819
-4.600575
-4.638451
-4.563684
-4.612769
-4.613088
-4.592811
-4.604377
-4.599634
-4.606237
-4.601620
-4.619983
-4.612624
-4.629557
-4.631157
-4.645656
-4.639953
-4.662886
-4.647941
-4.662459
-4.650356
-4.652049
-4.626628
-4.633190
-4.586539
-4.620748
-4.581441
-4.622141
-4.579221
-4.633201
-4.584813
-4.637652
-4.598366
-4.648225
-4.602328
-4.661653
-4.607084
-4.659533
-4.607321
-4.650421
-4.583035
-4.632212
-4.541815
-4.585212
-4.634681
-4.626029
-4.642272
-4.627727
-4.642120
-4.638388
-4.649331
-4.640457
-4.661911
-4.645615
-4.661043
-4.648828
-4.655954
-4.630430
-4.642877
-4.598615
-4.602645
-4.554755
-4.656456
-4.602028
-4.653563
-4.610123
-4.657048
-4.608110
-4.665711
-4.609088
-4.661216
-4.609062
-4.654493
-4.588993
-4.640995
-4.558185
-4.601813
-4.514370
-4.547972
-4.653164
-4.649431
-4.656079
-4.644376
-4.663054
-4.643834
-4.658080
-4.644486
-4.653129
-4.627265
-4.642965
-4.602204
-4.608607
-4.565792
-4.560853
-4.500769
-4.664783
-4.608286
-4.667843
-4.606838
-4.659480
-4.605045
-4.651562
-4.585281
-4.639267
-4.559524
-4.604344
-4.523390
-4.558897
-4.459297
-4.501003
-4.654234
-4.637054
-4.646746
-4.633487
-4.640230
-4.614408
-4.630630
-4.592370
-4.599446
-4.561829
-4.559480
-4.504510
-4.507933
-4.435461
-4.645395
-4.585429
-4.636413
-4.566657
-4.624415
-4.544009
-4.591082
-4.513231
-4.551114
-4.456726
-4.501268
-4.390317
-4.424518
-4.608750
-4.586171
-4.599611
-4.564465
-4.570912
-4.537596
-4.537061
-4.486841
-4.494061
-4.427949
-4.424221
-4.359126
-4.586890
-4.504572
-4.558498
-4.479371
-4.523539
-4.429375
-4.480331
-4.372463
-4.412537
-4.307009
-4.337965
-4.517365
-4.489863
-4.489231
-4.444687
-4.454647
-4.395058
-4.395605
-4.337836
-4.330329
-4.255611
-4.469135
-4.376040
-4.437056
-4.329340
-4.377462
-4.274874
-4.314106
-4.197044
-4.245419
-4.386932
-4.336600
-4.339252
-4.291806
-4.288200
-4.223369
-4.231045
-4.150992
-4.318841
-4.220040
-4.269952
-4.154565
-4.213632
-4.087389
-4.136096
-4.216843
-4.166353
-4.179474
-4.112254
-4.116659
-4.051253
-4.165408
-4.040264
-4.102057
-3.984579
-4.038796
-4.052041
-4.009936
-4.015098
-3.942842
-4.008493
-3.872054
-3.960570
-3.922014
-3.854796
-3.876614
-3.689725
-3.582538
-3.587688
-3.509489
-3.517202
-3.432184
-3.458800
-3.383106
-3.407032
-3.346540
-3.380485
-3.323347
-3.364619
-3.321527
-3.363227
-3.325571
-3.380126
-3.339166
-3.397126
-3.368591
-3.414370
-3.401690
-3.469362
-3.494470
-3.461261
-3.485650
-3.430318
-3.502506
-3.437243
-3.484275
-3.435198
-3.473472
-3.411868
-3.459324
-3.391583
-3.432205
-3.372767
-3.411903
-3.344718
-3.400233
-3.325783
-3.382164
-3.317291
-3.376328
-3.295712
-3.398492
-3.715221
-3.620948
-3.655245
-3.560222
-3.597649
-3.516473
-3.541803
-3.479074
-3.502116
-3.437131
-3.475330
-3.409614
-3.440697
-3.398909
-3.419208
-3.373559
-3.420632
-3.358071
-3.398301
-3.376011
-3.384691
-3.328494
-3.638923
-3.512853
-3.588579
-3.472922
-3.535752
-3.433850
-3.498016
-3.391750
-3.470045
-3.364267
-3.437020
-3.350875
-3.418547
-3.326240
-3.420073
-3.311347
-3.404846
-3.321489
-3.396791
-3.300805
-3.433507
-3.628976
-3.539139
-3.562420
-3.492556
-3.519503
-3.447214
-3.484337
-3.417386
-3.446751
-3.399601
-3.423797
-3.374191
-3.417652
-3.360363
-3.398290
-3.367610
-3.385313
-3.355650
-3.399032
-3.345526
-3.545688
-3.452659
-3.510741
-3.405794
-3.475845
-3.375726
-3.439771
-3.354909
-3.418523
-3.329532
-3.412044
-3.316296
-3.396788
-3.320757
-3.390666
-3.310255
-3.406386
-3.302232
-3.404149
-3.552985
-3.464107
-3.503105
-3.431991
-3.460283
-3.406108
-3.433898
-3.378690
-3.419910
-3.364441
-3.400206
-3.365812
-3.390240
-3.356517
-3.397735
-3.352895
-3.390118
-3.367752
-3.486081
-3.396472
-3.447562
-3.365581
-3.424069
-3.336899
-3.409432
-3.322470
-3.392137
-3.321687
-3.386270
-3.313331
-3.396417
-3.311858
-3.395565
-3.325454
-3.397884
-3.484247
-3.418647
-3.452020
-3.387616
-3.428384
-3.371341
-3.405578
-3.366673
-3.395296
-3.357574
-3.399227
-3.357168
-3.394012
-3.370754
-3.392926
-3.373877
-3.436698
-3.350324
-3.412430
-3.332172
-3.391513
-3.324164
-3.383688
-3.315091
-3.389072
-3.316080
-3.388595
-3.330451
-3.394814
-3.335348
-3.410028
-3.443666
-3.383025
-3.416128
-3.370159
-3.402574
-3.359052
-3.400983
-3.359003
-3.396290
-3.371967
-3.399028
-3.377246
-3.411422
-3.388896
-3.398269
-3.329964
-3.385121
-3.317238
-3.383082
-3.316883
-3.381208
-3.329413
-3.388480
-3.336911
-3.407364
-3.351448
-3.415626
-3.413568
-3.363322
-3.404221
-3.360292
-3.397135
-3.369208
-3.400095
-3.375723
-3.415034
-3.389726
-3.420922
-3.413112
-3.382413
-3.318126
-3.374976
-3.324260
-3.379777
-3.331246
-3.397470
-3.347056
-3.409638
-3.374798
-3.428235
-3.398796
-3.365749
-3.398991
-3.369804
-3.410748
-3.383356
-3.419579
-3.409785
-3.434777
-3.426709
-3.373764
-3.322265
-3.383976
-3.335588
-3.395318
-3.362713
-3.414768
-3.383900
-3.447507
-3.403985
-3.373806
-3.410636
-3.396500
-3.425651
-3.415783
-3.455065
-3.441189
-3.378675
-3.343393
-3.395210
-3.363044
-3.426881
-3.390702
-3.451165
-3.413053
-3.395945
-3.438207
-3.420136
-3.458251
-3.461956
-3.400180
-3.362565
-3.421369
-3.404659
-3.450521
-3.433833
-3.433494
-3.458360
-3.460765
-3.416881
-3.390982
-3.463808
-3.477678
-3.461017
-3.412442
-3.769653
-3.596261
-3.685389
-3.552401
-3.629784
-3.500249
-3.579827
-3.458325
-3.527801
-3.425390
-3.491299
-3.385566
-3.470817
-3.359375
-3.440141
-3.352276
-3.423263
-3.325524
-3.434167
-3.306450
-3.410483
-3.336842
-3.425108
-4.541385
-4.525929
-4.467105
-4.390238
-4.314572
-4.239697
-4.141055
-4.054945
-3.974258
-3.884221
-3.807143
-3.747520
-3.676642
-3.622546
-3.586781
-3.535937
-3.499693
-3.487588
-3.448455
-3.429898
-3.438943
-3.396150
-4.537169
-4.408877
-4.403181
-4.283252
-4.239498
-4.103894
-4.066056
-3.919697
-3.877198
-3.758354
-3.718610
-3.608834
-3.603406
-3.501766
-3.499571
-3.435076
-3.433108
-3.366049
-3.404556
-3.331478
-3.357764
-4.523943
-4.485180
-4.395962
-4.327391
-4.244198
-4.150719
-4.057419
-3.979961
-3.884599
-3.809702
-3.746079
-3.676647
-3.619851
-3.584290
-3.532246
-3.496745
-3.483323
-3.446429
-3.427554
-3.432988
-4.483199
-4.360245
-4.346747
-4.200384
-4.160839
-4.026054
-3.971402
-3.835795
-3.805238
-3.675855
-3.652348
-3.558945
-3.542217
-3.454640
-3.473575
-3.388807
-3.406138
-3.358669
-3.376010
-4.484195
-4.417419
-4.328601
-4.259077
-4.152411
-4.067645
-3.979907
-3.890947
-3.808320
-3.748512
-3.673470
-3.619080
-3.579581
-3.529106
-3.494114
-3.477700
-3.447298
-3.419216
-4.425313
-4.302947
-4.260643
-4.118122
-4.080094
-3.928836
-3.885388
-3.761230
-3.721612
-3.606918
-3.601442
-3.495633
-3.497346
-3.426214
-3.433202
-3.358892
-3.403913
-4.416587
-4.344026
-4.255955
-4.164404
-4.064734
-3.987821
-3.887983
-3.813012
-3.744570
-3.674995
-3.615847
-3.578253
-3.527646
-3.491492
-3.477920
-3.440296
-4.359106
-4.215752
-4.171119
-4.033359
-3.978520
-3.838412
-3.807664
-3.674212
-3.652412
-3.553592
-3.541727
-3.450462
-3.473027
-3.384671
-3.407451
-4.340474
-4.264515
-4.158619
-4.071585
-3.981782
-3.893524
-3.808751
-3.748500
-3.672513
-3.618892
-3.576590
-3.527801
-3.491565
-3.473904
-4.265445
-4.123298
-4.080832
-3.929507
-3.885501
-3.758510
-3.721685
-3.604515
-3.601493
-3.493936
-3.499841
-3.423746
-3.433270
-4.257689
-4.162831
-4.064764
-3.986270
-3.888737
-3.814613
-3.745356
-3.677850
-3.617135
-3.579397
-3.525634
-3.493956
-4.168282
-4.030061
-3.975096
-3.834774
-3.804863
-3.671558
-3.653025
-3.551929
-3.544015
-3.452340
-3.473435
-4.154184
-4.065907
-3.979180
-3.892927
-3.810814
-3.751507
-3.675583
-3.624312
-3.576002
-3.531726
-4.072304
-3.922266
-3.880164
-3.752463
-3.719545
-3.602761
-3.602002
-3.495631
-3.504881
-4.056969
-3.979600
-3.887778
-3.816803
-3.748339
-3.684272
-3.621493
-3.584619
-3.964730
-3.825500
-3.798839
-3.666286
-3.653050
-3.551280
-3.549084
-3.972135
-3.890315
-3.813978
-3.757274
-3.681501
-3.633722
-3.870160
-3.741685
-3.715022
-3.598984
-3.604923
-3.885808
-3.821485
-3.755922
-3.694956
-3.789681
-3.651653
-3.653364
-3.826689
-3.775247
-3.688040
-4.559026
-4.511016
-4.538742
-4.498642
-4.541177
-4.497439
-4.551431
-4.508567
-4.560899
-4.529928
-4.581957
-4.548805
-4.610078
-4.573070
-4.630789
-4.596350
-4.649391
-4.602866
-4.660066
-4.597883
-4.640765
-4.589088
-4.625527
-4.502808
-4.531291
-4.513002
-4.515994
-4.515766
-4.518862
-4.518412
-4.535844
-4.536092
-4.554102
-4.564611
-4.583249
-4.590939
-4.617053
-4.620518
-4.641339
-4.646272
-4.659991
-4.653518
-4.667611
-4.652118
-4.628685
-4.505767
-4.453269
-4.502868
-4.449996
-4.496878
-4.461316
-4.506661
-4.472881
-4.530367
-4.498248
-4.555750
-4.531419
-4.588987
-4.559843
-4.622772
-4.586420
-4.644354
-4.603762
-4.656089
-4.598996
-4.652118
-4.490634
-4.469884
-4.468531
-4.474513
-4.467710
-4.477687
-4.485237
-4.497874
-4.506529
-4.530651
-4.541244
-4.565216
-4.581046
-4.604229
-4.614746
-4.638765
-4.642879
-4.659553
-4.656089
-4.667611
-4.455010
-4.419282
-4.447175
-4.409878
-4.457554
-4.419768
-4.470178
-4.445890
-4.500013
-4.475907
-4.538847
-4.515773
-4.577060
-4.554764
-4.615416
-4.584161
-4.642879
-4.603762
-4.653518
-4.432756
-4.426221
-4.431207
-4.426796
-4.431175
-4.445489
-4.452151
-4.470146
-4.488217
-4.511088
-4.528216
-4.557542
-4.574715
-4.600233
-4.615416
-4.638766
-4.644354
-4.659991
-4.419388
-4.371019
-4.407592
-4.378425
-4.418635
-4.391086
-4.446298
-4.423391
-4.481305
-4.466278
-4.527983
-4.510305
-4.574715
-4.554764
-4.614746
-4.586421
-4.646272
-4.392298
-4.394197
-4.390987
-4.394885
-4.407430
-4.418967
-4.433466
-4.457538
-4.477935
-4.504010
-4.527984
-4.557542
-4.577060
-4.604229
-4.622771
-4.641339
-4.378107
-4.338786
-4.382447
-4.350653
-4.396229
-4.377902
-4.432177
-4.415236
-4.477935
-4.466278
-4.528216
-4.515773
-4.581046
-4.559843
-4.620517
-4.367617
-4.364608
-4.368012
-4.380654
-4.393541
-4.409172
-4.432178
-4.457538
-4.481305
-4.511088
-4.538847
-4.565216
-4.588987
-4.617053
-4.354080
-4.324840
-4.366554
-4.339956
-4.393541
-4.377901
-4.433466
-4.423391
-4.488217
-4.475907
-4.541244
-4.531419
-4.590939
-4.352432
-4.353162
-4.366554
-4.380654
-4.396229
-4.418967
-4.446299
-4.470146
-4.500013
-4.530651
-4.555751
-4.583249
-4.352432
-4.324840
-4.368011
-4.350653
-4.407431
-4.391086
-4.452151
-4.445890
-4.506529
-4.498248
-4.564611
-4.354080
-4.364608
-4.382446
-4.394885
-4.418636
-4.445489
-4.470178
-4.497874
-4.530367
-4.554102
-4.367617
-4.338786
-4.390987
-4.378425
-4.431176
-4.419768
-4.485237
-4.472881
-4.536092
-4.378106
-4.394197
-4.407592
-4.426796
-4.457553
-4.477687
-4.506662
-4.535844
-4.392297
-4.371019
-4.431207
-4.409878
-4.467709
-4.461316
-4.518412
-4.419389
-4.426221
-4.447175
-4.474512
-4.496877
-4.518863
-4.432757
-4.419282
-4.468531
-4.449996
-4.515766
-4.455010
-4.469884
-4.502868
-4.515994
-4.490634
-4.453269
-4.513002
-4.505767
-4.531291
-4.502808
-4.544566
-4.490380
-4.478792
-4.423336
-4.449124
-4.381629
-4.399585
-4.351708
-4.365976
-4.322866
-4.351976
-4.311639
-4.351976
-4.322866
-4.365976
-4.351709
-4.399586
-4.381629
-4.449124
-4.423336
-4.478792
-4.490380
-4.544566
-4.559034
-4.511008
-4.538704
-4.498641
-4.541225
-4.497276
-4.551531
-4.508515
-4.560801
-4.529892
-4.582084
-4.548452
-4.610266
-4.572969
-4.630633
-4.596257
-4.649610
-4.602301
-4.660344
-4.597703
-4.640571
-4.588865
-4.625869
-4.502806
-4.531307
-4.513047
-4.515926
-4.515857
-4.518899
-4.518355
-4.535929
-4.536215
-4.553960
-4.564789
-4.583354
-4.590821
-4.617209
-4.620727
-4.641126
-4.646533
-4.660178
-4.653349
-4.667838
-4.652432
-4.628431
-4.505774
-4.453214
-4.502912
-4.449972
-4.496822
-4.461298
-4.506742
-4.472649
-4.530499
-4.498180
-4.555637
-4.531357
-4.589156
-4.559416
-4.622992
-4.586296
-4.644194
-4.603619
-4.656369
-4.598337
-4.652432
-4.490655
-4.469895
-4.468506
-4.474553
-4.467779
-4.477597
-4.485353
-4.497940
-4.506449
-4.530757
-4.541399
-4.565048
-4.581246
-4.604365
-4.614610
-4.638934
-4.643131
-4.659313
-4.656369
-4.667838
-4.454997
-4.419276
-4.447211
-4.409761
-4.457628
-4.419728
-4.470106
-4.445852
-4.500131
-4.475607
-4.539009
-4.515690
-4.576936
-4.554669
-4.615635
-4.583656
-4.643130
-4.603619
-4.653349
-4.432772
-4.426190
-4.431257
-4.426828
-4.431131
-4.445551
-4.452250
-4.470030
-4.488356
-4.511181
-4.528115
-4.557663
-4.574905
-4.600038
-4.615635
-4.638934
-4.644193
-4.660178
-4.419403
-4.371005
-4.407562
-4.378406
-4.418702
-4.390907
-4.446402
-4.423338
-4.481219
-4.466217
-4.528143
-4.509937
-4.574905
-4.554669
-4.614610
-4.586296
-4.646532
-4.392289
-4.394217
-4.391030
-4.394826
-4.407508
-4.419022
-4.433402
-4.457616
-4.478067
-4.503867
-4.528143
-4.557663
-4.576936
-4.604365
-4.622991
-4.641126
-4.378119
-4.338725
-4.382491
-4.350626
-4.396181
-4.377866
-4.432279
-4.414994
-4.478066
-4.466218
-4.528115
-4.515689
-4.581246
-4.559416
-4.620726
-4.367633
-4.364625
-4.367984
-4.380693
-4.393615
-4.409085
-4.432279
-4.457616
-4.481219
-4.511181
-4.539009
-4.565048
-4.589156
-4.617209
-4.354071
-4.324827
-4.366598
-4.339835
-4.393615
-4.377866
-4.433402
-4.423338
-4.488356
-4.475607
-4.541399
-4.531357
-4.590821
-4.352447
-4.353132
-4.366598
-4.380693
-4.396182
-4.419021
-4.446402
-4.470031
-4.500131
-4.530757
-4.555637
-4.583354
-4.352447
-4.324827
-4.367984
-4.350626
-4.407508
-4.390906
-4.452250
-4.445852
-4.506449
-4.498180
-4.564790
-4.354071
-4.364626
-4.382492
-4.394827
-4.418702
-4.445551
-4.470106
-4.497940
-4.530499
-4.553959
-4.367633
-4.338726
-4.391030
-4.378405
-4.431131
-4.419729
-4.485353
-4.472649
-4.536215
-4.378120
-4.394218
-4.407562
-4.426827
-4.457628
-4.477597
-4.506742
-4.535929
-4.392289
-4.371005
-4.431257
-4.409762
-4.467780
-4.461299
-4.518355
-4.419403
-4.426190
-4.447211
-4.474553
-4.496822
-4.518899
-4.432772
-4.419276
-4.468507
-4.449972
-4.515857
-4.454998
-4.469895
-4.502912
-4.515927
-4.490655
-4.453214
-4.513047
-4.505774
-4.531307
-4.502806
-3.480035
-3.476816
-3.505743
-3.524225
-3.563547
-3.575119
-3.626437
-3.626445
-3.671719
-3.669728
-3.699732
-3.683182
-3.699732
-3.669728
-3.671719
-3.626445
-3.626437
-3.575118
-3.563547
-3.524225
-3.505743
-3.476816
-3.480034
-3.494485
-3.461241
-3.485736
-3.430342
-3.502393
-3.437528
-3.484158
-3.435193
-3.473691
-3.411921
-3.459061
-3.392164
-3.431945
-3.372808
-3.412224
-3.344837
-3.399831
-3.326663
-3.381766
-3.317446
-3.376688
-3.295991
-3.397955
-3.479994
-3.475527
-3.518347
-3.492969
-3.496692
-3.500716
-3.491089
-3.482963
-3.477959
-3.468956
-3.448970
-3.452692
-3.425040
-3.428058
-3.405910
-3.412552
-3.381719
-3.409929
-3.366785
-3.408126
-3.369109
-3.415991
-3.532882
-3.485821
-3.523386
-3.497280
-3.531826
-3.480345
-3.525613
-3.467649
-3.497910
-3.446406
-3.472017
-3.411660
-3.446329
-3.381180
-3.415321
-3.358005
-3.391577
-3.333085
-3.380652
-3.309740
-3.369109
-3.541108
-3.537176
-3.554848
-3.534998
-3.551681
-3.536339
-3.526803
-3.522997
-3.502583
-3.492188
-3.474099
-3.463831
-3.438506
-3.441122
-3.408974
-3.418866
-3.391552
-3.404609
-3.380652
-3.408126
-3.567623
-3.535496
-3.580031
-3.544081
-3.568744
-3.533074
-3.553403
-3.500845
-3.525477
-3.465544
-3.484911
-3.429036
-3.446536
-3.390245
-3.416925
-3.355696
-3.391552
-3.333085
-3.366785
-3.597023
-3.587897
-3.597912
-3.592161
-3.591184
-3.573456
-3.566500
-3.546818
-3.525655
-3.512409
-3.484041
-3.473972
-3.447854
-3.440233
-3.416925
-3.418867
-3.391577
-3.409929
-3.615779
-3.596092
-3.625152
-3.588686
-3.612943
-3.567530
-3.578894
-3.529146
-3.536371
-3.479804
-3.491066
-3.430704
-3.447854
-3.390245
-3.408974
-3.358005
-3.381719
-3.643701
-3.637567
-3.647504
-3.633140
-3.624617
-3.606418
-3.586858
-3.562891
-3.539348
-3.515807
-3.491066
-3.473972
-3.446536
-3.441122
-3.415321
-3.412553
-3.667658
-3.640381
-3.662758
-3.627364
-3.637840
-3.588447
-3.593020
-3.536033
-3.539348
-3.479805
-3.484041
-3.429036
-3.438507
-3.381180
-3.405910
-3.683817
-3.679550
-3.676706
-3.657546
-3.643547
-3.615830
-3.593020
-3.562891
-3.536371
-3.512409
-3.484911
-3.463831
-3.446330
-3.428058
-3.698678
-3.668199
-3.684289
-3.639221
-3.643546
-3.588447
-3.586858
-3.529145
-3.525655
-3.465545
-3.474099
-3.411659
-3.425041
-3.706189
-3.692817
-3.684289
-3.657547
-3.637840
-3.606417
-3.578894
-3.546817
-3.525477
-3.492187
-3.472018
-3.452692
-3.706189
-3.668199
-3.676705
-3.627364
-3.624616
-3.567529
-3.566500
-3.500845
-3.502583
-3.446406
-3.448971
-3.698678
-3.679551
-3.662757
-3.633141
-3.612941
-3.573457
-3.553402
-3.522997
-3.497909
-3.468955
-3.683816
-3.640382
-3.647504
-3.588685
-3.591184
-3.533074
-3.526802
-3.467649
-3.477959
-3.667657
-3.637567
-3.625151
-3.592160
-3.568744
-3.536339
-3.525613
-3.482963
-3.643701
-3.596091
-3.597911
-3.544082
-3.551680
-3.480345
-3.491089
-3.615778
-3.587896
-3.580031
-3.534998
-3.531825
-3.500716
-3.597023
-3.535496
-3.554847
-3.497280
-3.496692
-3.567623
-3.537175
-3.523386
-3.492968
-3.541107
-3.485821
-3.518347
-3.532882
-3.475527
-3.479993
-3.494470
-3.461262
-3.485651
-3.430318
-3.502507
-3.437243
-3.484276
-3.435199
-3.473472
-3.411868
-3.459325
-3.391583
-3.432206
-3.372767
-3.411903
-3.344719
-3.400233
-3.325782
-3.382165
-3.317292
-3.376328
-3.295712
-3.398492
-3.479995
-3.475541
-3.518451
-3.492851
-3.496808
-3.500843
-3.490937
-3.483086
-3.478200
-3.468676
-3.449214
-3.452929
-3.424764
-3.428285
-3.406280
-3.412139
-3.382096
-3.410261
-3.366439
-3.408457
-3.369610
-3.415521
-3.532891
-3.485729
-3.523425
-3.497286
-3.531684
-3.480315
-3.525782
-3.467249
-3.498094
-3.446393
-3.471763
-3.411595
-3.446651
-3.380478
-3.415657
-3.357913
-3.391243
-3.332927
-3.381109
-3.308721
-3.369610
-3.541146
-3.537218
-3.554794
-3.535062
-3.551831
-3.536157
-3.526968
-3.523154
-3.502376
-3.492345
-3.474385
-3.463484
-3.438814
-3.441377
-3.408668
-3.419131
-3.391968
-3.404145
-3.381109
-3.408457
-3.567582
-3.535486
-3.580089
-3.543870
-3.568845
-3.533077
-3.553223
-3.500804
-3.525699
-3.465021
-3.485163
-3.428989
-3.446257
-3.390159
-3.417298
-3.354874
-3.391968
-3.332927
-3.366439
-3.597064
-3.587831
-3.597995
-3.592247
-3.591078
-3.573560
-3.566698
-3.546559
-3.525871
-3.512577
-3.483788
-3.474166
-3.448185
-3.439832
-3.417298
-3.419131
-3.391243
-3.410261
-3.615778
-3.596075
-3.625051
-3.588673
-3.613080
-3.567214
-3.579071
-3.529136
-3.536165
-3.479749
-3.491340
-3.430072
-3.448186
-3.390159
-3.408668
-3.357913
-3.382096
-3.643686
-3.637606
-3.647609
-3.633006
-3.624746
-3.606525
-3.586715
-3.563046
-3.539605
-3.515479
-3.491341
-3.474166
-3.446257
-3.441377
-3.415657
-3.412139
-3.667667
-3.640272
-3.662840
-3.627343
-3.637684
-3.588409
-3.593247
-3.535635
-3.539605
-3.479749
-3.483789
-3.428988
-3.438815
-3.380478
-3.406281
-3.683879
-3.679631
-3.676642
-3.657564
-3.643647
-3.615596
-3.593247
-3.563046
-3.536165
-3.512577
-3.485163
-3.463484
-3.446652
-3.428286
-3.698683
-3.668224
-3.684391
-3.638923
-3.643647
-3.588410
-3.586715
-3.529136
-3.525871
-3.465022
-3.474385
-3.411595
-3.424765
-3.706283
-3.692789
-3.684391
-3.657565
-3.637684
-3.606525
-3.579071
-3.546560
-3.525699
-3.492346
-3.471764
-3.452930
-3.706283
-3.668225
-3.676642
-3.627343
-3.624746
-3.567214
-3.566698
-3.500804
-3.502376
-3.446393
-3.449215
-3.698683
-3.679632
-3.662839
-3.633006
-3.613081
-3.573559
-3.553223
-3.523154
-3.498095
-3.468676
-3.683879
-3.640273
-3.647608
-3.588674
-3.591078
-3.533077
-3.526969
-3.467249
-3.478201
-3.667667
-3.637606
-3.625051
-3.592248
-3.568844
-3.536158
-3.525782
-3.483087
-3.643686
-3.596076
-3.597997
-3.543870
-3.551832
-3.480316
-3.490938
-3.615779
-3.587832
-3.580089
-3.535063
-3.531684
-3.500844
-3.597065
-3.535486
-3.554795
-3.497287
-3.496809
-3.567582
-3.537219
-3.523426
-3.492852
-3.541146
-3.485729
-3.518451
-3.532891
-3.475542
-3.479996

