Tension at each vertex
-69.675824
-69.675888
-69.651762
-69.651715
-76.466801
-71.208305
-76.466806
-71.208314
-75.306299
-75.275924
-68.278938
-68.200325
-76.567712
-71.324633
-77.598192
-72.475760
-78.640325
-73.620307
-79.682433
-74.842126
-80.467210
-75.807607
-81.108291
-76.337352
-81.444640
-76.654425
-81.462108
-76.740601
-81.457592
-76.608665
-81.397362
-76.539688
-81.185663
-76.531754
-81.175958
-77.317231
-79.158722
-78.244851
-79.755165
-79.284778
-80.641304
-80.174505
-81.498375
-81.046643
-82.023987
-81.621300
-82.369245
-81.806142
-82.436875
-81.877346
-82.235857
-81.810250
-82.052217
-81.588417
-81.819432
-81.489325
-81.347796
-77.014141
-71.763333
-78.028971
-72.834948
-78.892340
-74.089611
-79.884559
-75.116610
-80.733542
-76.000246
-81.213579
-76.537490
-81.525253
-76.706017
-81.618756
-76.788075
-81.524838
-76.755258
-81.501183
-76.575384
-81.491091
-77.524388
-78.750543
-78.213227
-79.770088
-79.187627
-80.637965
-80.240066
-81.512211
-80.993835
-82.118200
-81.540676
-82.322869
-81.772278
-82.378500
-81.721928
-82.237877
-81.656677
-81.954745
-81.499234
-81.818784
-77.151016
-72.076212
-77.959506
-73.090802
-79.050409
-74.278137
-79.977946
-75.386450
-80.825622
-76.124144
-81.363311
-76.614202
-81.554508
-76.815506
-81.674145
-76.778878
-81.659127
-76.755297
-81.590734
-77.260133
-78.798235
-78.286295
-79.686686
-79.211315
-80.717575
-80.221734
-81.511877
-81.028110
-82.118931
-81.450166
-82.374149
-81.670836
-82.331932
-81.672201
-82.236913
-81.522898
-82.051934
-77.290625
-72.054332
-78.045073
-73.293981
-79.068039
-74.415859
-80.110755
-75.496823
-80.877688
-76.257993
-81.430228
-76.614686
-81.673538
-76.815379
-81.724510
-76.789671
-81.810608
-77.267716
-78.870328
-78.173226
-79.700931
-79.250278
-80.706343
-80.176881
-81.564967
-80.974412
-82.088619
-81.428378
-82.373002
-81.552521
-82.378324
-81.614440
-82.236843
-77.183646
-72.138007
-78.149253
-73.327077
-79.116035
-74.535079
-80.166233
-75.510542
-80.976914
-76.257835
-81.452784
-76.616014
-81.772440
-76.709927
-81.878391
-77.313182
-78.796331
-78.135994
-79.764787
-79.200899
-80.689846
-80.164680
-81.563793
-80.875926
-82.118746
-81.358750
-82.324015
-81.521617
-82.434447
-77.178488
-72.245772
-78.155308
-73.330446
-79.202535
-74.535082
-80.179145
-75.498710
-81.027858
-76.128452
-81.541581
-76.538910
-81.809506
-77.252227
-78.762804
-78.154136
-79.763909
-79.114940
-80.706007
-80.106337
-81.513205
-80.821849
-82.115550
-81.212337
-82.367799
-77.252546
-72.246157
-78.137540
-73.328751
-79.249329
-74.420711
-80.221914
-75.387991
-80.997136
-76.003858
-81.619499
-77.178255
-78.795775
-78.145609
-79.702866
-79.064257
-80.714894
-79.976993
-81.510451
-80.726757
-82.026428
-77.311364
-72.143422
-78.171830
-73.295906
-79.214315
-74.281947
-80.237532
-75.125550
-81.045516
-77.179869
-78.868310
-78.045133
-79.684844
-79.043625
-80.640867
-79.878611
-81.493884
-77.269716
-72.057828
-78.282582
-73.101119
-79.185566
-74.093093
-80.178753
-77.284716
-78.802430
-77.953249
-79.765651
-78.892250
-80.638096
-77.255354
-72.080296
-78.217209
-72.841124
-79.279861
-77.152462
-78.746958
-78.019404
-79.759560
-77.517625
-71.779772
-78.240605
-77.005405
-79.151908
-77.321995
-78.890555
-70.991587
-78.138555
-70.873012
-78.204300
-71.094268
-77.986116
-71.265151
-77.957299
-71.236456
-78.008004
-71.214800
-78.008370
-71.235124
-77.954664
-71.262521
-77.988170
-71.082850
-78.207528
-70.867551
-78.132155
-70.984694
-78.896223
-76.074381
-69.900898
-75.676908
-69.594885
-75.311001
-69.263739
-75.006146
-69.248117
-74.726232
-69.306765
-74.739729
-69.373007
-74.812842
-69.643367
-74.902953
-69.891186
-75.170544
-70.090795
-75.387870
-70.448165
-75.507416
-70.804056
-75.775661
-76.491837
-77.870964
-76.023796
-77.082873
-75.672525
-76.650542
-75.297837
-76.384931
-75.175937
-76.162529
-75.144316
-76.159357
-75.126069
-76.200682
-75.264629
-76.233388
-75.388712
-76.391974
-75.433538
-76.513023
-75.617326
-76.403677
-76.480054
-70.313907
-76.063146
-69.878866
-75.454531
-69.652120
-75.094458
-69.431222
-74.894907
-69.448715
-74.764323
-69.547117
-74.852097
-69.655712
-74.990253
-69.926649
-75.121572
-70.190829
-75.387687
-70.378676
-75.616279
-76.650502
-77.367143
-75.890652
-76.962140
-75.433262
-76.491127
-75.198653
-76.269269
-75.003902
-76.175831
-75.027100
-76.123464
-75.091476
-76.225909
-75.122656
-76.326273
-75.281877
-76.361210
-75.399774
-76.508936
-76.583433
-70.568492
-75.890429
-70.019858
-75.466127
-69.708797
-75.042783
-69.568311
-74.875541
-69.483670
-74.841602
-69.613722
-74.868141
-69.770879
-75.063900
-69.908460
-75.281227
-70.185655
-75.426403
-76.383125
-77.371850
-75.927301
-76.817143
-75.401076
-76.495273
-75.127154
-76.211415
-74.985586
-76.150355
-74.899414
-76.176493
-74.996379
-76.189566
-75.072427
-76.323746
-75.126094
-76.395567
-76.667685
-70.500767
-75.886756
-70.143557
-75.385151
-69.766140
-75.082166
-69.624370
-74.859734
-69.578742
-74.878034
-69.595723
-74.996358
-69.767054
-75.117206
-69.926551
-75.388208
-76.414975
-77.418844
-75.815748
-76.792777
-75.420696
-76.452990
-75.070122
-76.250349
-74.936515
-76.107788
-74.883915
-76.174776
-74.870704
-76.229541
-74.998618
-76.224169
-76.506231
-70.544012
-75.901464
-70.118037
-75.340903
-69.835373
-75.080437
-69.614069
-74.936985
-69.575877
-74.895601
-69.613928
-75.090991
-69.642772
-75.271731
-76.485668
-77.324214
-75.782860
-76.823175
-75.377129
-76.414084
-75.083994
-76.249318
-74.860990
-76.153460
-74.847091
-76.117036
-74.865830
-76.200704
-76.442738
-70.621044
-75.838099
-70.090277
-75.377840
-69.833449
-75.067850
-69.624298
-74.985691
-69.473797
-75.032877
-69.540873
-75.118685
-76.465484
-77.279218
-75.839547
-76.822858
-75.341141
-76.455151
-75.085890
-76.206847
-74.885329
-76.176247
-74.764089
-76.165347
-76.466341
-70.620009
-75.781955
-70.117377
-75.421933
-69.758432
-75.131934
-69.563394
-74.998680
-69.446710
-75.148357
-76.442106
-77.325368
-75.904116
-76.789342
-75.391575
-76.496090
-75.042098
-76.274122
-74.903716
-76.152817
-76.488235
-70.537736
-75.819850
-70.139934
-75.397930
-69.706492
-75.202525
-69.414567
-75.185096
-76.509831
-77.420164
-75.885524
-76.820463
-75.472792
-76.483988
-75.106755
-76.387467
-76.413675
-70.497812
-75.932051
-70.006391
-75.440749
-69.645531
-75.291355
-76.672856
-77.366312
-75.898688
-76.964851
-75.452511
-76.657203
-76.389674
-70.563362
-75.886893
-69.874462
-75.678751
-76.580930
-77.371623
-76.071890
-77.074708
-76.658261
-70.295835
-76.033044
-76.488991
-77.875782
-76.488303
-78.693995
-70.539697
-78.730493
-71.403421
-79.220865
-72.145358
-79.725069
-73.034702
-80.226997
-73.786331
-80.858110
-74.388387
-81.336044
-74.971382
-81.677506
-75.307357
-82.046131
-75.458276
-82.266597
-75.589814
-82.397000
-75.604254
-82.646314
-81.296715
-81.144810
-81.340900
-81.069131
-81.358366
-81.071261
-81.319190
-81.213367
-81.448436
-81.222272
-81.655480
-81.396881
-81.757133
-81.578782
-82.006372
-81.642322
-82.227815
-81.785005
-82.329631
-81.853870
-82.518582
-81.662617
-81.550437
-76.414850
-81.595376
-76.442963
-81.553045
-76.561088
-81.577262
-76.524439
-81.676584
-76.605533
-81.656961
-76.671866
-81.793643
-76.576360
-81.927256
-76.539171
-81.960522
-76.393451
-82.080635
-76.019130
-82.183411
-81.636701
-81.140560
-81.520012
-81.211246
-81.508067
-81.184993
-81.630911
-81.287548
-81.662574
-81.436844
-81.864633
-81.468355
-82.082195
-81.613958
-82.189073
-81.699257
-82.370436
-81.626815
-82.476434
-81.570845
-81.801600
-76.658054
-81.796134
-76.650309
-81.860860
-76.715356
-81.804059
-76.803072
-81.884827
-76.728285
-81.986718
-76.731358
-81.981323
-76.649373
-82.084987
-76.376251
-82.148739
-76.071606
-82.101220
-81.712688
-81.270367
-81.762205
-81.292143
-81.715819
-81.396381
-81.818813
-81.383707
-81.979458
-81.498141
-82.044240
-81.587998
-82.228404
-81.528285
-82.357737
-81.497362
-82.339169
-81.370668
-82.137409
-76.732396
-82.031483
-76.860502
-82.047371
-76.823758
-82.112451
-76.857285
-82.063103
-76.829721
-82.133767
-76.610156
-82.168288
-76.399161
-82.082160
-76.032572
-82.047741
-81.814007
-81.472634
-81.864969
-81.394850
-81.962111
-81.452133
-81.959849
-81.515449
-82.099016
-81.440335
-82.220290
-81.434545
-82.203732
-81.321915
-82.225843
-81.062719
-82.302188
-76.756289
-82.299785
-76.845569
-82.198144
-76.881272
-82.227831
-76.714648
-82.236474
-76.574117
-82.106570
-76.294401
-82.047271
-75.806415
-81.887939
-81.961868
-81.489281
-81.908551
-81.494901
-81.990327
-81.375886
-82.074202
-81.353870
-82.033447
-81.257856
-82.070780
-80.988595
-81.994871
-80.776700
-82.362849
-76.724339
-82.341518
-76.630103
-82.317941
-76.563956
-82.157616
-76.365807
-82.072391
-75.946448
-81.892842
-75.534709
-81.562543
-81.877919
-81.332087
-81.899596
-81.266376
-81.816184
-81.151631
-81.836147
-80.884869
-81.777112
-80.674241
-81.554168
-80.348830
-82.348473
-76.316034
-82.173831
-76.198539
-82.085384
-75.860832
-81.899162
-75.526947
-81.547177
-75.041954
-81.267080
-81.560065
-80.998234
-81.531799
-80.703981
-81.457430
-80.499341
-81.247183
-80.194060
-81.118852
-79.719803
-81.982932
-75.528074
-81.841364
-75.278151
-81.512854
-74.870626
-81.243618
-74.273053
-80.862184
-81.069437
-80.232386
-80.841252
-79.933674
-80.729118
-79.500374
-80.542297
-79.135192
-81.339395
-74.510209
-81.163585
-73.969730
-80.837605
-73.509486
-80.331206
-80.232695
-79.167581
-80.097217
-78.867115
-79.826409
-78.453843
-80.691492
-73.167417
-80.324526
-72.645892
-79.961521
-79.271078
-78.165614
-79.266547
-77.674992
-79.962014
-71.739471
-79.603932
-78.540173
-77.105801
-79.254610
-76.063611
-69.908254
-75.679485
-69.603345
-75.297039
-69.285140
-74.995388
-69.251610
-74.728603
-69.314563
-74.723158
-69.393988
-74.800798
-69.645670
-74.902523
-69.898930
-75.151809
-70.107964
-75.375151
-70.449113
-75.499845
-70.811496
-75.757937
-76.409625
-71.276943
-76.288909
-71.174825
-76.335613
-71.202143
-76.284676
-71.152085
-76.119407
-71.041698
-76.032325
-70.787117
-75.910524
-70.565722
-75.740730
-70.227496
-75.679146
-69.823002
-75.560415
-69.462484
-75.495658
-68.945905
-75.469026
-78.320561
-75.565390
-77.873755
-75.191505
-77.380344
-75.036731
-76.883488
-74.847776
-76.598608
-74.608992
-76.349363
-74.543208
-76.065248
-74.513816
-75.964261
-74.385911
-75.973943
-74.373289
-75.833330
-74.521703
-75.820012
-74.288267
-76.691585
-69.282687
-76.527371
-69.201778
-76.163309
-69.134399
-76.012265
-69.050417
-75.893876
-69.141192
-75.761080
-69.230587
-75.815463
-69.200733
-75.935931
-69.257040
-75.942820
-69.369908
-76.054746
-69.186319
-76.490932
-77.687866
-75.175740
-77.217824
-74.932492
-76.885384
-74.684138
-76.544753
-74.613437
-76.195896
-74.546962
-76.043942
-74.420474
-75.956890
-74.433910
-75.797937
-74.514518
-75.761502
-74.453123
-75.857662
-74.553447
-76.040728
-69.191462
-75.991821
-69.048725
-75.800233
-69.146060
-75.617879
-69.241626
-75.640303
-69.278101
-75.704860
-69.424023
-75.715889
-69.563700
-75.845027
-69.542087
-76.058299
-69.530849
-76.160715
-77.092398
-74.758164
-76.786646
-74.676055
-76.405789
-74.591212
-76.209332
-74.483865
-76.039979
-74.528200
-75.853518
-74.588868
-75.815829
-74.571585
-75.837037
-74.636268
-75.752121
-74.849788
-75.708876
-69.152119
-75.549414
-69.191938
-75.516888
-69.258176
-75.507603
-69.468281
-75.500540
-69.642833
-75.644853
-69.713296
-75.809427
-69.831697
-75.897537
-69.934226
-76.053712
-76.555585
-74.658751
-76.413367
-74.532717
-76.188133
-74.586945
-75.965615
-74.631156
-75.910985
-74.639538
-75.876970
-74.762627
-75.793368
-74.891752
-75.787798
-75.005124
-75.448070
-69.166801
-75.382990
-69.388844
-75.322598
-69.593450
-75.448869
-69.742747
-75.581641
-69.964586
-75.674341
-70.124372
-75.859437
-70.180071
-76.025887
-76.308567
-74.659054
-76.111050
-74.660202
-76.035774
-74.669217
-75.953027
-74.814766
-75.860478
-74.949388
-75.879988
-75.039212
-75.873570
-75.244117
-75.217588
-69.420333
-75.289065
-69.612830
-75.363609
-69.922809
-75.453306
-70.154766
-75.658062
-70.294031
-75.831604
-70.477754
-75.952358
-76.161908
-74.706435
-76.054458
-74.836832
-75.942812
-74.946561
-75.961192
-75.052646
-75.956990
-75.263514
-75.913085
-75.443134
-75.211033
-69.703548
-75.237271
-69.992813
-75.434659
-70.237285
-75.605863
-70.511238
-75.750201
-70.687998
-75.987266
-76.061635
-74.941376
-76.050822
-75.026839
-76.017947
-75.229470
-75.993233
-75.412056
-76.059276
-75.570719
-75.253514
-69.962649
-75.355972
-70.345152
-75.513891
-70.617895
-75.753289
-70.802425
-75.955957
-76.140563
-75.179241
-76.062962
-75.324744
-76.113089
-75.494595
-76.144329
-75.759293
-75.297361
-70.316807
-75.490005
-70.636918
-75.686809
-70.941446
-75.880653
-76.225081
-75.381716
-76.183750
-75.607417
-76.202199
-75.837147
-75.468169
-70.629914
-75.601675
-70.966989
-75.848286
-76.267803
-75.673821
-76.265315
-75.895038
-75.606338
-70.866220
-75.823274
-76.444913
-75.953869
-75.505710
-78.142506
-69.686683
-77.396393
-69.580606
-77.009490
-69.341338
-76.621034
-69.275710
-76.243041
-69.199509
-76.092796
-69.060211
-76.007081
-69.066537
-75.874200
-69.105704
-75.908359
-68.968431
-76.080709
-68.891423
-76.052034
-68.959378
-76.589543
-82.085353
-82.260666
-81.893598
-81.611038
-81.251552
-80.883920
-80.261929
-79.838483
-79.268800
-78.692630
-78.210043
-77.815443
-77.310964
-77.035251
-76.796727
-76.500659
-76.343977
-76.313260
-76.085046
-76.070010
-76.134524
-75.964059
-81.421113
-75.190903
-80.759580
-74.664764
-79.738572
-73.687337
-78.627183
-72.439010
-77.339994
-71.337344
-76.163821
-70.321692
-75.423986
-69.582577
-74.859204
-69.258420
-74.564929
-68.944881
-74.574601
-68.807581
-74.426035
-82.046365
-82.070460
-81.511620
-81.384719
-80.823319
-80.365056
-79.777338
-79.332011
-78.615035
-78.236477
-77.722999
-77.314765
-76.939078
-76.792832
-76.401417
-76.341079
-76.197558
-76.093441
-75.944495
-76.125870
-81.117828
-75.108091
-80.415501
-74.260852
-79.304491
-73.237270
-77.960604
-71.983395
-76.795970
-70.806076
-75.761187
-70.041823
-75.040612
-69.430201
-74.755517
-69.063604
-74.509115
-69.002415
-74.452240
-81.882948
-81.725667
-81.252367
-80.993241
-80.271844
-79.911135
-79.237685
-78.723173
-78.128901
-77.816413
-77.189781
-77.029159
-76.644887
-76.484666
-76.172147
-76.275950
-75.932842
-76.010722
-80.850711
-74.859142
-79.878358
-73.884569
-78.734685
-72.620780
-77.400137
-71.482279
-76.182154
-70.438391
-75.418223
-69.667979
-74.845196
-69.304622
-74.559318
-68.985525
-74.585571
-81.575108
-81.417709
-80.859716
-80.428725
-79.792932
-79.386152
-78.596470
-78.277666
-77.664338
-77.337298
-76.846125
-76.795305
-76.274077
-76.338144
-76.070393
-76.080602
-80.443913
-74.392002
-79.353225
-73.346489
-77.992998
-72.070684
-76.797034
-70.861331
-75.746731
-70.068648
-75.017350
-69.440393
-74.751567
-69.069519
-74.543070
-81.289272
-80.982473
-80.289592
-79.932874
-79.239991
-78.758526
-78.118571
-77.851058
-77.151066
-77.062116
-76.585403
-76.508120
-76.119764
-76.294441
-79.845489
-73.915763
-78.699660
-72.625622
-77.361767
-71.466801
-76.137793
-70.417511
-75.387518
-69.638370
-74.853861
-69.285112
-74.571258
-80.870898
-80.389702
-79.803948
-79.392837
-78.618404
-78.329919
-77.690492
-77.401145
-76.868297
-76.860794
-76.260098
-76.416209
-79.272669
-73.283951
-77.901631
-71.998084
-76.716118
-70.785588
-75.700443
-70.004782
-74.997632
-69.407590
-74.759736
-80.290331
-79.895256
-79.273803
-78.795400
-78.200473
-77.940870
-77.229573
-77.176014
-76.623993
-76.605749
-78.580521
-72.483509
-77.233985
-71.327097
-76.030783
-70.310963
-75.325301
-69.552840
-74.879124
-79.826824
-79.378088
-78.704569
-78.427280
-77.818434
-77.533351
-76.982011
-76.996303
-77.765444
-71.802622
-76.547383
-70.605795
-75.594172
-69.872437
-75.007191
-79.349686
-78.848900
-78.374559
-78.097496
-77.394848
-77.368419
-77.099837
-71.073503
-75.837691
-70.118961
-75.303505
-78.876222
-78.594583
-78.046869
-77.762915
-76.388488
-70.262690
-75.522684
-78.732184
-78.446369
-75.569650
-78.890517
-70.991444
-78.138491
-70.873031
-78.204316
-71.094282
-77.986108
-71.265146
-77.957302
-71.236466
-78.007999
-71.214804
-78.008378
-71.235130
-77.954674
-71.262533
-77.988178
-71.082867
-78.207542
-70.867567
-78.132191
-70.984843
-78.896212
-76.580586
-71.315069
-77.597567
-72.470162
-78.648507
-73.606007
-79.691610
-74.836541
-80.467614
-75.804621
-81.113786
-76.329251
-81.450956
-76.651132
-81.463483
-76.739240
-81.461080
-76.605115
-81.401146
-76.538367
-81.187322
-76.531354
-81.177702
-77.321927
-79.151863
-78.240596
-79.759562
-79.279871
-80.638110
-80.178766
-81.493890
-81.045523
-82.026428
-81.619504
-82.367809
-81.809511
-82.434467
-81.878397
-82.236850
-81.810618
-82.051933
-81.590737
-81.818788
-81.491091
-81.347797
-77.005372
-71.779744
-78.019425
-72.841144
-78.892273
-74.093097
-79.878617
-75.125550
-80.726761
-76.003872
-81.212353
-76.538921
-81.521636
-76.709933
-81.614446
-76.789685
-81.522900
-76.755310
-81.499242
-76.575392
-81.489332
-77.517607
-78.746979
-78.217227
-79.765658
-79.185568
-80.640858
-80.237526
-81.510459
-80.997158
-82.115575
-81.541609
-82.324043
-81.772447
-82.378346
-81.724526
-82.236921
-81.659143
-81.954752
-81.501184
-81.819439
-77.152500
-72.080314
-77.953272
-73.101117
-79.043625
-74.281951
-79.977012
-75.388015
-80.821881
-76.128487
-81.358771
-76.616024
-81.552531
-76.815387
-81.672200
-76.778891
-81.656677
-76.755264
-81.588424
-77.255378
-78.802431
-78.282575
-79.684840
-79.214323
-80.714907
-80.221935
-81.513218
-81.027862
-82.118751
-81.452777
-82.373014
-81.673541
-82.331950
-81.674166
-82.237889
-81.524852
-82.052230
-77.284713
-72.057828
-78.045138
-73.295912
-79.064282
-74.420724
-80.106336
-75.498702
-80.875910
-76.257837
-81.428395
-76.614710
-81.670853
-76.815533
-81.721933
-76.788085
-81.810257
-77.269711
-78.868303
-78.171845
-79.702874
-79.249331
-80.705994
-80.179118
-81.563766
-80.976904
-82.088637
-81.430239
-82.374175
-81.554522
-82.378508
-81.618771
-82.235872
-77.179877
-72.143433
-78.145617
-73.328751
-79.114926
-74.535053
-80.164663
-75.510546
-80.974432
-76.258029
-81.450201
-76.614232
-81.772297
-76.706047
-81.877364
-77.311369
-78.795779
-78.137538
-79.763889
-79.202523
-80.689839
-80.166240
-81.564992
-80.877703
-82.118948
-81.363322
-82.322881
-81.525269
-82.436889
-77.178262
-72.246152
-78.154136
-73.330446
-79.200910
-74.535100
-80.176893
-75.496821
-81.028094
-76.124131
-81.540690
-76.537528
-81.806180
-77.252548
-78.762805
-78.155314
-79.764802
-79.116052
-80.706342
-80.110732
-81.511830
-80.825562
-82.118185
-81.213619
-82.369291
-77.252231
-72.245786
-78.136011
-73.327085
-79.250279
-74.415838
-80.221684
-75.386370
-80.993765
-76.000242
-81.621357
-77.178497
-78.796338
-78.149257
-79.700928
-79.068015
-80.717548
-79.977890
-81.512098
-80.733426
-82.023998
-77.313189
-72.138017
-78.173217
-73.293982
-79.211311
-74.278139
-80.240036
-75.116464
-81.046478
-77.183638
-78.870338
-78.045067
-79.686693
-79.050419
-80.637978
-79.884534
-81.498199
-77.267716
-72.054345
-78.286308
-73.090830
-79.187643
-74.089619
-80.174478
-77.290627
-78.798254
-77.959499
-79.770105
-78.892339
-80.641301
-77.260132
-72.076238
-78.213237
-72.834962
-79.284785
-77.151004
-78.750538
-78.028948
-79.755169
-77.524413
-71.763378
-78.244852
-77.014124
-79.158733
-77.317289
-76.063697
-69.908276
-75.679504
-69.603341
-75.297053
-69.285153
-74.995399
-69.251617
-74.728607
-69.314562
-74.723156
-69.393990
-74.800782
-69.645671
-74.902521
-69.898923
-75.151804
-70.107973
-75.375138
-70.449116
-75.499844
-70.811494
-75.757928
-76.488356
-77.875797
-76.033032
-77.074702
-75.678732
-76.657193
-75.291344
-76.387463
-75.185077
-76.152812
-75.148342
-76.165338
-75.118667
-76.200692
-75.271716
-76.224160
-75.388192
-76.395564
-75.426393
-76.508934
-75.616269
-76.403681
-76.488983
-70.295868
-76.071864
-69.874458
-75.452494
-69.645529
-75.106735
-69.414561
-74.903697
-69.446700
-74.764078
-69.540860
-74.865817
-69.642780
-74.998602
-69.926553
-75.126094
-70.185648
-75.399764
-70.378681
-75.617308
-76.658270
-77.371607
-75.886888
-76.964847
-75.440736
-76.483984
-75.202511
-76.274111
-74.998675
-76.176238
-75.032861
-76.117040
-75.090981
-76.229525
-75.117203
-76.323734
-75.281203
-76.361213
-75.387668
-76.513015
-76.580919
-70.563374
-75.898672
-70.006397
-75.472779
-69.706484
-75.042090
-69.563387
-74.885309
-69.473791
-74.847078
-69.613914
-74.870688
-69.767053
-75.072410
-69.908461
-75.281875
-70.190827
-75.433535
-76.389665
-77.366321
-75.932046
-76.820456
-75.397922
-76.496083
-75.131916
-76.206840
-74.985681
-76.153458
-74.895593
-76.174777
-74.996357
-76.189567
-75.063893
-76.326273
-75.121560
-76.391966
-76.672856
-70.497814
-75.885517
-70.139933
-75.391559
-69.758431
-75.085882
-69.624301
-74.860989
-69.575875
-74.883903
-69.595725
-74.996355
-69.770870
-75.122649
-69.926636
-75.388700
-76.413670
-77.420170
-75.819837
-76.789345
-75.421927
-76.455153
-75.067850
-76.249316
-74.936968
-76.107790
-74.878020
-76.176483
-74.868145
-76.225912
-74.990244
-76.233401
-76.509825
-70.537744
-75.904116
-70.117381
-75.341143
-69.833452
-75.083980
-69.614072
-74.936509
-69.578740
-74.899409
-69.613727
-75.091464
-69.655708
-75.264617
-76.488237
-77.325372
-75.781957
-76.822862
-75.377828
-76.414085
-75.080431
-76.250347
-74.859726
-76.150350
-74.841595
-76.123459
-74.852086
-76.200685
-76.442113
-70.620016
-75.839542
-70.090280
-75.377124
-69.835371
-75.070115
-69.624367
-74.985582
-69.483679
-75.027096
-69.547119
-75.126076
-76.466339
-77.279220
-75.838096
-76.823171
-75.340900
-76.452990
-75.082165
-76.211427
-74.875546
-76.175827
-74.764325
-76.159355
-76.465486
-70.621045
-75.782864
-70.118044
-75.420696
-69.766152
-75.127162
-69.568310
-75.003901
-69.448714
-75.144311
-76.442743
-77.324220
-75.901465
-76.792785
-75.385159
-76.495273
-75.042787
-76.269267
-74.894910
-76.162535
-76.485672
-70.544023
-75.815753
-70.143557
-75.401078
-69.708797
-75.198654
-69.431231
-75.175938
-76.506233
-77.418834
-75.886754
-76.817139
-75.466130
-76.491131
-75.094466
-76.384930
-76.414970
-70.500767
-75.927297
-70.019863
-75.433269
-69.652126
-75.297843
-76.667681
-77.371853
-75.890451
-76.962149
-75.454551
-76.650550
-76.383153
-70.568514
-75.890677
-69.878884
-75.672530
-76.583474
-77.367167
-76.063165
-77.082873
-76.650493
-70.313879
-76.023778
-76.480009
-77.870906
-76.491761
-76.567800
-71.324662
-77.598221
-72.475762
-78.640347
-73.620322
-79.682454
-74.842145
-80.467231
-75.807615
-81.108299
-76.337359
-81.444648
-76.654430
-81.462124
-76.740614
-81.457600
-76.608682
-81.397367
-76.539698
-81.185669
-76.531758
-81.175964
-81.298073
-76.287762
-81.289464
-76.245878
-81.286387
-76.234543
-81.372290
-76.288744
-81.289537
-76.425685
-81.389989
-76.401358
-81.542007
-76.497838
-81.595717
-76.534710
-81.784054
-76.406986
-81.937421
-76.291025
-81.965779
-76.012230
-82.055138
-79.254688
-77.105910
-79.603927
-77.675005
-79.961524
-78.453868
-80.331205
-79.135177
-80.862142
-79.719801
-81.267095
-80.348826
-81.562523
-80.776693
-81.887923
-81.062702
-82.047712
-81.370640
-82.101189
-81.570827
-82.183388
-81.662610
-78.540216
-71.739523
-79.266555
-72.645902
-79.826424
-73.509511
-80.542300
-74.273051
-81.118835
-75.041948
-81.554180
-75.534711
-81.994857
-75.806408
-82.225843
-76.032567
-82.339157
-76.071591
-82.476416
-76.019119
-82.518576
-79.962032
-78.165642
-80.324520
-78.867133
-80.837612
-79.500393
-81.243623
-80.194060
-81.547156
-80.674225
-81.892840
-80.988597
-82.047254
-81.321898
-82.082147
-81.497362
-82.148734
-81.626817
-82.080633
-81.853871
-79.271089
-73.167431
-80.097217
-73.969739
-80.729131
-74.870642
-81.247188
-75.526950
-81.777114
-75.946436
-82.070776
-76.294407
-82.203733
-76.399148
-82.357713
-76.376231
-82.370425
-76.393443
-82.329628
-80.691497
-79.167600
-81.163584
-79.933683
-81.512850
-80.499350
-81.899159
-80.884873
-82.072395
-81.257852
-82.106551
-81.434540
-82.168290
-81.528290
-82.084976
-81.699239
-81.960497
-81.784988
-80.232711
-74.510222
-80.841260
-75.278150
-81.457427
-75.860838
-81.836155
-76.365808
-82.033456
-76.574125
-82.220293
-76.610154
-82.228410
-76.649388
-82.189097
-76.539196
-82.227835
-81.339407
-80.232405
-81.841355
-80.703982
-82.085377
-81.151633
-82.157615
-81.353871
-82.236464
-81.440326
-82.133758
-81.587995
-81.981309
-81.613943
-81.927234
-81.642307
-81.069451
-75.528084
-81.531804
-76.198533
-81.816189
-76.563961
-82.074211
-76.714663
-82.099032
-76.829723
-82.044240
-76.731370
-82.082214
-76.576377
-82.006385
-81.982944
-80.998253
-82.173832
-81.266376
-82.317932
-81.375886
-82.227821
-81.515450
-82.063109
-81.498150
-81.986713
-81.468353
-81.793643
-81.578789
-81.560082
-76.316055
-81.899613
-76.630109
-81.990338
-76.881274
-81.959848
-76.857286
-81.979457
-76.728285
-81.864636
-76.671867
-81.757132
-82.348472
-81.332104
-82.341526
-81.494907
-82.198150
-81.452145
-82.112454
-81.383720
-81.884837
-81.436851
-81.656964
-81.396891
-81.877924
-76.724350
-81.908559
-76.845567
-81.962111
-76.823756
-81.818806
-76.803068
-81.662573
-76.605533
-81.655476
-82.362855
-81.489300
-82.299800
-81.394863
-82.047385
-81.396397
-81.804066
-81.287559
-81.676590
-81.222282
-81.961860
-76.756291
-81.864973
-76.860498
-81.715818
-76.715357
-81.630909
-76.524437
-81.448436
-82.302197
-81.472645
-82.031494
-81.292152
-81.860867
-81.185004
-81.577268
-81.213375
-81.814008
-76.732402
-81.762212
-76.650310
-81.508069
-76.561090
-81.319191
-82.137410
-81.270370
-81.796138
-81.211251
-81.553048
-81.071268
-81.712696
-76.658060
-81.520018
-76.442968
-81.358367
-81.801602
-81.140562
-81.595378
-81.069135
-81.636706
-76.414854
-81.340902
-81.550440
-81.144815
-81.296717
-78.142617
-69.686828
-77.396392
-69.580587
-77.009468
-69.341367
-76.621037
-69.275705
-76.243023
-69.199506
-76.092805
-69.060228
-76.007067
-69.066511
-75.874177
-69.105692
-75.908346
-68.968419
-76.080691
-68.891408
-76.052022
-68.959371
-76.589540
-75.505703
-75.953857
-75.823259
-75.895035
-75.848270
-75.837138
-75.880648
-75.759289
-75.955947
-75.570718
-75.987265
-75.443121
-75.952378
-75.244097
-76.025906
-75.005112
-76.053704
-74.849793
-76.160710
-74.553434
-76.490930
-74.288265
-76.444906
-70.866228
-76.265313
-70.966985
-76.202211
-70.941443
-76.144330
-70.802424
-76.059280
-70.687996
-75.913081
-70.477768
-75.873557
-70.180090
-75.787796
-69.934212
-75.752133
-69.530841
-75.857646
-69.186316
-75.820006
-75.606325
-75.673808
-75.601673
-75.607408
-75.686791
-75.494600
-75.753274
-75.412054
-75.750201
-75.263506
-75.831605
-75.039208
-75.859441
-74.891759
-75.897520
-74.636278
-76.058292
-74.453102
-76.054736
-74.521696
-76.267801
-70.629911
-76.183751
-70.636916
-76.113097
-70.617890
-75.993236
-70.511238
-75.956988
-70.294037
-75.879983
-70.124370
-75.793383
-69.831684
-75.837041
-69.542089
-75.761474
-69.369894
-75.833322
-75.468154
-75.381719
-75.489991
-75.324737
-75.513886
-75.229464
-75.605856
-75.052640
-75.658069
-74.949376
-75.674343
-74.762627
-75.809423
-74.571579
-75.845035
-74.514491
-75.942798
-74.373277
-76.225076
-70.316800
-76.062972
-70.345144
-76.017950
-70.237295
-75.961178
-70.154777
-75.860473
-69.964593
-75.876961
-69.713304
-75.815815
-69.563709
-75.797923
-69.257010
-75.973926
-75.297346
-75.179241
-75.355962
-75.026831
-75.434661
-74.946548
-75.453311
-74.814757
-75.581645
-74.639536
-75.644849
-74.588860
-75.715884
-74.433908
-75.935900
-74.385888
-76.140562
-69.962656
-76.050816
-69.992816
-75.942813
-69.922813
-75.953020
-69.742749
-75.910994
-69.642824
-75.853523
-69.424011
-75.956889
-69.200722
-75.964228
-75.253502
-74.941371
-75.237278
-74.836818
-75.363612
-74.669220
-75.448858
-74.631161
-75.500539
-74.528196
-75.704856
-74.420461
-75.815462
-74.513790
-76.061632
-69.703555
-76.054452
-69.612833
-76.035778
-69.593447
-75.965614
-69.468290
-76.039969
-69.278112
-76.043928
-69.230583
-76.065243
-75.211031
-74.706442
-75.289059
-74.660203
-75.322602
-74.586943
-75.507605
-74.483866
-75.640301
-74.546964
-75.761067
-74.543212
-76.161910
-69.420333
-76.111055
-69.388842
-76.188135
-69.258182
-76.209335
-69.241625
-76.195902
-69.141190
-76.349356
-75.217593
-74.659059
-75.382992
-74.532720
-75.516894
-74.591217
-75.617884
-74.613434
-75.893878
-74.608985
-76.308570
-69.166812
-76.413363
-69.191943
-76.405796
-69.146070
-76.544755
-69.050422
-76.598601
-75.448078
-74.658761
-75.549416
-74.676064
-75.800240
-74.684154
-76.012266
-74.847776
-76.555596
-69.152122
-76.786648
-69.048739
-76.885388
-69.134418
-76.883491
-75.708886
-74.758176
-75.991825
-74.932506
-76.163319
-75.036752
-77.092397
-69.191474
-77.217832
-69.201788
-77.380342
-76.040737
-75.175768
-76.527384
-75.191515
-77.687881
-69.282746
-77.873759
-76.691630
-75.565505
-78.320656
-78.694098
-70.539828
-78.730485
-71.403406
-79.220848
-72.145392
-79.725071
-73.034670
-80.226952
-73.786334
-80.858131
-74.388393
-81.336038
-74.971372
-81.677488
-75.307335
-82.046104
-75.458254
-82.266577
-75.589797
-82.396987
-75.604247
-82.646310
-81.498474
-75.347163
-80.927326
-74.892828
-80.228468
-73.998908
-79.147308
-72.994297
-77.843933
-71.789257
-76.729139
-70.657749
-75.729915
-69.916094
-75.029875
-69.309093
-74.766255
-68.950352
-74.521459
-68.896793
-74.410857
-68.770407
-74.264265
-75.569809
-78.446313
-75.522618
-77.762859
-75.303534
-77.368425
-75.007179
-76.996269
-74.879128
-76.605782
-74.759757
-76.416188
-74.571229
-76.294423
-74.543062
-76.080586
-74.585545
-76.010690
-74.452212
-76.125846
-74.426020
-75.964050
-78.732126
-70.262604
-78.046775
-70.118991
-77.394858
-69.872419
-76.981961
-69.552862
-76.624052
-69.407626
-76.260067
-69.285077
-76.119749
-69.069519
-76.070374
-68.985495
-75.932807
-69.002386
-75.944470
-68.807566
-76.134517
-76.388425
-78.594494
-75.837725
-78.097505
-75.594148
-77.533290
-75.325338
-77.176107
-74.997681
-76.860744
-74.853799
-76.508098
-74.751572
-76.338134
-74.559290
-76.275914
-74.509086
-76.093419
-74.574586
-76.069999
-78.876170
-71.073536
-78.374566
-70.605767
-77.818360
-70.311017
-77.229696
-70.004848
-76.868220
-69.638266
-76.585359
-69.440424
-76.274100
-69.304606
-76.172108
-69.063579
-76.197544
-68.944873
-76.085041
-77.099874
-78.848907
-76.547346
-78.427201
-76.030844
-77.941016
-75.700521
-77.401037
-75.387347
-77.062045
-75.017419
-76.795382
-74.845194
-76.484611
-74.755479
-76.341071
-74.564933
-76.313259
-79.349685
-71.802581
-78.704489
-71.327154
-78.200623
-70.785677
-77.690356
-70.417279
-77.150965
-70.068772
-76.846276
-69.667997
-76.644795
-69.430134
-76.401415
-69.258445
-76.343990
-77.765406
-79.378014
-77.234029
-78.795539
-76.716205
-78.329777
-76.137517
-77.850934
-75.746902
-77.337527
-75.418255
-77.029014
-75.040490
-76.792827
-74.859261
-76.500695
-79.826763
-72.483538
-79.273909
-71.998162
-78.618273
-71.466524
-78.118433
-70.861534
-77.664623
-70.438439
-77.189574
-70.041633
-76.939065
-69.582679
-76.796801
-78.580531
-79.895330
-77.901690
-79.392741
-77.361523
-78.758395
-76.797230
-78.277969
-76.182205
-77.816157
-75.760930
-77.314743
-75.424138
-77.035375
-80.290373
-73.283989
-79.803883
-72.625442
-79.239872
-72.070846
-78.596741
-71.482325
-78.128622
-70.805780
-77.722965
-70.321891
-77.311140
-79.272688
-80.389673
-78.699542
-79.932781
-77.993104
-79.386359
-77.400164
-78.722913
-76.795672
-78.236441
-76.164046
-77.815660
-80.870880
-73.915704
-80.289520
-73.346546
-79.793058
-72.620791
-79.237466
-71.983141
-78.615000
-71.337569
-78.210272
-79.845461
-80.982424
-79.353240
-80.428787
-78.734678
-79.910980
-77.960414
-79.331988
-77.340188
-78.692845
-81.289237
-74.391994
-80.859730
-73.884555
-80.271740
-73.237149
-79.777322
-72.439156
-79.268967
-80.443889
-81.417706
-79.878341
-80.993183
-79.304424
-80.365052
-78.627275
-79.838601
-81.575087
-74.859127
-81.252333
-74.260822
-80.823314
-73.687392
-80.261992
-80.850694
-81.725650
-80.415486
-81.384722
-79.738599
-80.883955
-81.882924
-75.108081
-81.511613
-74.664774
-81.251562
-81.117816
-82.070454
-80.759582
-81.611045
-82.046349
-75.190900
-81.893592
-81.421106
-82.260668
-82.085342
-76.580699
-71.315091
-77.597597
-72.470157
-78.648514
-73.605998
-79.691640
-74.836659
-80.467809
-75.804638
-81.113725
-76.329185
-81.450920
-76.651096
-81.463475
-76.739226
-81.461074
-76.605114
-81.401142
-76.538363
-81.187322
-76.531348
-81.177702
-81.297935
-76.287269
-81.288674
-76.244922
-81.287791
-76.229366
-81.375246
-76.285377
-81.288300
-76.422221
-81.393907
-76.390056
-81.547835
-76.491249
-81.594016
-76.527740
-81.791042
-76.388199
-81.946405
-76.279798
-81.964325
-75.998815
-82.066715
-79.249032
-77.115861
-79.613008
-77.672945
-79.967263
-78.467993
-80.324402
-79.146038
-80.871782
-79.718409
-81.273154
-80.364104
-81.556250
-80.788714
-81.897877
-81.062324
-82.054987
-81.385446
-82.096438
-81.583308
-82.193594
-81.662269
-78.548032
-71.719530
-79.271222
-72.640485
-79.819232
-73.500804
-80.549957
-74.252320
-81.122925
-75.036138
-81.546324
-75.525041
-82.002176
-75.784330
-82.230325
-76.024495
-82.332162
-76.060414
-82.483842
-75.994977
-82.525606
-79.966696
-78.177692
-80.318817
-78.876523
-80.845709
-79.499077
-81.248779
-80.207132
-81.541470
-80.684345
-81.901676
-80.987725
-82.053471
-81.335058
-82.077600
-81.508002
-82.158088
-81.625961
-82.089194
-81.864972
-79.265744
-73.159673
-80.103708
-73.952152
-80.732651
-74.865842
-81.240358
-75.518960
-81.783490
-75.927653
-82.074354
-76.288306
-82.196994
-76.389950
-82.364098
-76.355758
-82.375495
-76.384127
-82.324717
-80.697753
-79.167141
-81.167705
-79.944851
-81.507930
-80.507973
-81.906627
-80.884002
-82.077481
-81.269374
-82.102236
-81.443613
-82.176526
-81.527422
-82.091738
-81.709776
-81.957991
-81.794035
-80.235653
-74.505873
-80.835792
-75.271376
-81.462744
-75.845137
-81.838949
-76.361117
-82.027324
-76.566625
-82.225698
-76.592971
-82.232022
-76.642644
-82.183865
-76.530248
-82.233424
-81.335534
-80.239868
-81.847260
-80.703712
-82.089318
-81.161631
-82.153697
-81.361602
-82.243416
-81.439617
-82.139051
-81.597645
-81.978492
-81.621797
-81.934922
-81.641500
-81.073518
-75.515461
-81.533844
-76.194732
-81.810939
-76.557783
-82.078599
-76.700488
-82.101557
-76.824812
-82.039119
-76.724216
-82.086873
-76.560740
-82.009936
-81.985795
-81.006730
-82.170529
-81.273005
-82.323481
-81.375681
-82.231791
-81.524049
-82.060295
-81.504932
-81.993174
-81.467730
-81.799027
-81.586785
-81.555773
-76.311007
-81.902812
-76.618817
-81.991883
-76.877621
-81.955183
-76.851575
-81.983147
-76.715512
-81.867045
-76.666806
-81.752917
-82.352517
-81.332643
-82.344246
-81.502424
-82.195635
-81.457986
-82.117612
-81.383522
-81.888846
-81.444068
-81.655097
-81.402795
-81.878385
-76.721674
-81.904489
-76.841028
-81.964709
-76.813711
-81.820189
-76.799462
-81.658604
-76.600314
-81.658558
-82.360852
-81.494232
-82.303631
-81.395378
-82.050135
-81.402782
-81.802243
-81.292603
-81.681276
-81.222042
-81.963195
-76.749022
-81.865216
-76.857995
-81.712225
-76.711377
-81.633060
-76.515607
-81.449787
-82.303675
-81.478198
-82.030005
-81.296459
-81.864315
-81.185297
-81.579980
-81.218521
-81.810851
-76.729481
-81.763172
-76.644000
-81.508429
-76.558805
-81.316258
-82.139614
-81.271541
-81.797712
-81.215694
-81.551897
-81.074707
-81.711791
-76.656712
-81.517354
-76.440710
-81.359292
-81.800863
-81.143518
-81.597159
-81.069651
-81.636269
-76.411924
-81.340638
-81.550931
-81.147270
-81.295158
-78.153985
-69.676243
-77.389403
-69.574982
-77.017243
-69.312299
-76.634924
-69.264045
-76.228480
-69.194749
-76.099561
-69.020506
-76.022704
-69.050635
-75.850225
-69.097968
-75.913873
-68.913496
-76.097466
-68.867198
-76.020459
-68.943083
-76.597201
-75.497229
-75.971383
-75.834971
-75.895445
-75.863530
-75.874676
-75.856427
-75.789655
-75.977087
-75.557161
-75.994592
-75.485722
-75.910703
-75.276817
-76.040266
-74.991397
-76.058519
-74.892360
-76.120895
-74.587888
-76.506191
-74.282576
-76.447602
-70.844348
-76.264311
-70.962502
-76.173749
-70.930525
-76.160832
-70.752450
-76.073165
-70.686500
-75.889644
-70.464077
-75.908151
-70.119557
-75.815238
-69.925234
-75.737278
-69.509552
-75.895764
-69.120918
-75.845483
-75.606442
-75.698078
-75.588834
-75.631688
-75.705476
-75.488043
-75.764210
-75.447765
-75.720938
-75.290123
-75.849451
-75.025295
-75.865668
-74.930449
-75.861035
-74.665986
-76.073271
-74.443416
-76.059703
-74.564709
-76.254669
-70.620972
-76.190502
-70.601631
-76.117423
-70.615607
-75.968965
-70.500273
-75.980412
-70.244424
-75.897726
-70.120950
-75.774849
-69.815900
-75.870107
-69.484643
-75.784873
-69.359593
-75.818229
-75.476812
-75.382813
-75.497726
-75.353016
-75.496026
-75.251801
-75.624002
-75.042170
-75.666428
-74.982792
-75.645156
-74.787193
-75.825861
-74.560068
-75.850498
-74.552167
-75.911324
-74.401837
-76.224825
-70.313677
-76.044398
-70.335156
-76.031365
-70.198412
-75.970508
-70.152976
-75.840311
-69.952574
-75.902524
-69.664704
-75.833595
-69.558292
-75.781712
-69.238841
-76.003731
-75.287322
-75.196104
-75.369872
-75.022411
-75.443019
-74.974536
-75.432654
-74.835264
-75.598662
-74.628753
-75.651759
-74.621276
-75.688698
-74.457695
-75.951900
-74.378164
-76.147367
-69.935852
-76.054336
-69.990201
-75.924515
-69.912534
-75.970630
-69.702845
-75.922648
-69.640087
-75.836150
-69.410245
-75.982018
-69.153314
-75.980029
-75.258623
-74.962959
-75.224288
-74.853795
-75.378868
-74.661865
-75.456570
-74.658602
-75.479373
-74.547910
-75.721021
-74.411507
-75.821628
-74.545998
-76.048378
-69.694671
-76.065193
-69.581792
-76.042253
-69.590953
-75.948760
-69.457170
-76.059252
-69.238067
-76.055905
-69.226052
-76.049761
-75.222260
-74.703294
-75.295968
-74.682624
-75.307780
-74.603529
-75.522943
-74.476031
-75.647388
-74.574189
-75.741010
-74.562783
-76.164652
-69.417424
-76.096815
-69.379267
-76.201524
-69.225227
-76.217391
-69.238347
-76.180577
-69.128596
-76.368632
-75.208289
-74.672394
-75.396025
-74.527610
-75.524259
-74.613893
-75.602614
-74.629811
-75.909029
-74.602240
-76.317052
-69.141360
-76.418112
-69.188480
-76.391792
-69.135556
-76.559489
-69.016598
-76.607189
-75.454367
-74.676724
-75.539012
-74.689910
-75.814040
-74.678483
-76.019682
-74.870411
-76.544503
-69.143163
-76.796834
-69.020690
-76.891407
-69.130074
-76.870461
-75.720057
-74.754588
-75.999429
-74.951142
-76.152661
-75.050470
-77.096551
-69.186584
-77.206303
-69.191604
-77.391938
-76.033813
-75.187718
-76.539998
-75.187204
-77.695785
-69.257794
-77.879023
-76.699991
-75.580526
-78.311996
-78.699844
-70.533070
-78.723073
-71.393857
-79.229857
-72.122528
-79.730032
-73.028925
-80.218349
-73.776126
-80.866846
-74.364263
-81.340681
-74.963928
-81.668904
-75.295671
-82.054357
-75.432769
-82.272363
-75.579146
-82.390332
-75.590503
-82.654783
-81.514503
-75.332960
-80.929638
-74.877539
-80.249715
-73.966754
-79.166196
-72.982832
-77.845463
-71.771417
-76.757815
-70.616844
-75.753666
-69.903646
-75.030752
-69.286064
-74.805217
-68.895580
-74.553228
-68.879579
-74.413616
-68.734524
-74.319108
-75.566570
-78.456135
-75.533740
-77.752718
-75.321601
-77.375255
-75.001784
-77.011273
-74.895196
-76.591934
-74.786524
-76.427217
-74.565035
-76.317241
-74.566741
-76.064838
-74.623216
-76.027967
-74.447634
-76.156527
-74.459670
-75.944473
-78.739290
-70.237934
-78.058997
-70.108337
-77.384595
-69.867272
-76.989129
-69.519688
-76.638578
-69.393994
-76.242298
-69.278778
-76.126178
-69.023950
-76.086888
-68.965480
-75.907605
-68.990558
-75.952185
-68.744868
-76.159066
-76.402930
-78.600343
-75.833553
-78.109220
-75.607181
-77.521738
-75.346904
-77.184271
-74.992472
-76.878302
-74.873086
-76.493386
-74.782922
-76.350377
-74.555230
-76.299999
-74.537372
-76.074877
-74.619269
-76.081535
-78.868960
-71.067901
-78.381545
-70.577980
-77.831318
-70.299130
-77.216723
-69.998960
-76.875084
-69.600570
-76.600665
-69.423833
-76.254448
-69.295444
-76.179317
-69.012008
-76.217355
-68.918479
-76.064248
-77.110884
-78.839578
-76.564632
-78.433656
-76.026743
-77.954548
-75.716120
-77.388337
-75.412911
-77.071224
-75.013689
-76.814392
-74.868294
-76.468414
-74.792061
-76.351575
-74.565333
-76.334870
-79.360418
-71.792193
-78.695257
-71.321306
-78.207411
-70.754252
-77.704071
-70.403402
-77.136151
-70.060954
-76.853219
-69.625361
-76.661635
-69.409343
-76.382819
-69.245171
-76.353384
-77.762790
-79.388383
-77.246975
-78.784855
-76.736691
-78.336893
-76.134532
-77.865957
-75.765622
-77.323540
-75.447980
-77.038047
-75.039796
-76.811409
-74.885980
-76.482986
-79.833106
-72.457613
-79.285615
-71.986164
-78.607367
-71.459607
-78.125396
-70.826057
-77.679008
-70.421396
-77.174295
-70.030991
-76.947100
-69.536171
-76.814850
-78.597147
-79.900716
-77.899395
-79.404351
-77.377097
-78.746747
-76.821170
-78.285190
-76.181074
-77.831774
-75.783171
-77.299846
-75.456923
-77.043901
-80.282455
-73.277336
-79.810543
-72.596197
-79.252471
-72.056580
-78.584573
-71.473091
-78.136007
-70.766817
-77.738268
-70.302218
-77.295858
-79.285448
-80.379973
-78.718986
-79.938741
-77.992003
-79.398671
-77.418467
-78.710635
-76.823006
-78.244009
-76.164663
-77.831169
-80.881662
-73.903769
-80.280583
-73.338273
-79.799895
-72.588026
-79.250572
-71.966690
-78.602367
-71.326222
-78.217775
-79.844672
-80.992127
-79.368338
-80.418370
-78.756833
-79.917601
-77.961094
-79.345087
-77.360641
-78.680107
-81.296000
-74.364626
-80.871012
-73.870632
-80.261869
-73.226950
-79.784213
-72.403687
-79.282100
-80.461505
-81.423217
-79.878616
-81.003800
-79.321960
-80.354671
-78.651539
-79.845633
-81.568059
-74.849794
-81.259293
-74.230493
-80.834435
-73.671568
-80.251434
-80.864943
-81.716992
-80.435244
-81.391433
-79.740228
-80.895288
-81.893193
-75.094526
-81.503458
-74.653276
-81.258359
-81.118416
-82.079894
-80.776245
-81.602894
-82.054119
-75.162140
-81.903167
-81.437766
-82.268484
-82.079881
-78.699794
-70.532975
-78.723078
-71.393845
-79.229857
-72.122515
-79.730033
-73.028934
-80.218360
-73.776108
-80.866830
-74.364271
-81.340686
-74.963924
-81.668905
-75.295684
-82.054372
-75.432782
-82.272373
-75.579157
-82.390341
-75.590510
-82.654786
-81.295163
-81.147270
-81.340642
-81.069650
-81.359296
-81.074705
-81.316264
-81.218518
-81.449793
-81.222037
-81.658567
-81.402789
-81.752923
-81.586781
-82.009929
-81.641518
-82.233406
-81.794054
-82.324721
-81.864972
-82.525611
-81.662278
-81.550931
-76.411928
-81.597161
-76.440714
-81.551899
-76.558811
-81.579978
-76.515616
-81.681273
-76.600323
-81.655097
-76.666811
-81.799031
-76.560728
-81.934946
-76.530228
-81.958016
-76.384135
-82.089193
-75.994989
-82.193610
-81.636274
-81.143522
-81.517357
-81.215696
-81.508436
-81.185293
-81.633071
-81.292599
-81.658611
-81.444067
-81.867050
-81.467737
-82.086859
-81.621817
-82.183846
-81.709798
-82.375508
-81.625961
-82.483856
-81.583327
-81.800869
-76.656716
-81.797713
-76.644007
-81.864315
-76.711387
-81.802241
-76.799476
-81.888842
-76.715522
-81.993183
-76.724212
-81.978509
-76.642634
-82.091750
-76.355781
-82.158089
-76.060429
-82.096462
-81.711795
-81.271548
-81.763178
-81.296461
-81.712237
-81.402776
-81.820206
-81.383517
-81.983157
-81.504932
-82.039127
-81.597653
-82.232022
-81.527421
-82.364123
-81.508003
-82.332172
-81.385469
-82.139627
-76.729492
-82.030005
-76.858015
-82.050133
-76.813727
-82.117617
-76.851587
-82.060298
-76.824821
-82.139065
-76.592980
-82.176524
-76.389968
-82.077610
-76.024498
-82.055009
-81.810865
-81.478201
-81.865230
-81.395382
-81.964726
-81.457990
-81.955197
-81.524059
-82.101553
-81.439636
-82.225702
-81.443621
-82.196996
-81.335074
-82.230321
-81.062336
-82.303690
-76.749046
-82.303633
-76.841054
-82.195646
-76.877636
-82.231811
-76.700489
-82.243435
-76.566626
-82.102258
-76.288304
-82.053485
-75.784335
-81.897876
-81.963229
-81.494239
-81.904512
-81.502447
-81.991899
-81.375700
-82.078605
-81.361611
-82.027327
-81.269383
-82.074363
-80.987723
-82.002186
-80.788711
-82.360881
-76.721701
-82.344270
-76.618846
-82.323510
-76.557794
-82.153707
-76.361125
-82.077479
-75.927669
-81.901675
-75.525042
-81.556259
-81.878430
-81.332681
-81.902846
-81.273035
-81.810951
-81.161632
-81.838946
-80.884002
-81.783488
-80.684351
-81.546314
-80.364109
-82.352582
-76.311045
-82.170558
-76.194745
-82.089313
-75.845129
-81.906621
-75.518950
-81.541474
-75.036140
-81.273148
-81.555819
-81.006719
-81.533813
-80.703681
-81.462724
-80.507942
-81.240347
-80.207122
-81.122935
-79.718401
-81.985710
-75.515377
-81.847206
-75.271352
-81.507910
-74.865823
-81.248776
-74.252320
-80.871791
-81.073382
-80.239787
-80.835754
-79.944833
-80.732631
-79.499055
-80.549950
-79.146036
-81.335479
-74.505853
-81.167698
-73.952151
-80.845697
-73.500793
-80.324403
-80.235637
-79.167127
-80.103708
-78.876509
-79.819219
-78.467972
-80.697763
-73.159678
-80.318824
-72.640475
-79.967255
-79.265749
-78.177673
-79.271216
-77.672918
-79.966686
-71.719505
-79.613012
-78.548015
-77.115774
-79.248988
-76.074276
-69.900870
-75.676875
-69.594879
-75.310968
-69.263730
-75.006121
-69.248107
-74.726220
-69.306761
-74.739708
-69.373009
-74.812833
-69.643360
-74.902940
-69.891188
-75.170520
-70.090794
-75.387855
-70.448154
-75.507409
-70.804052
-75.775643
-76.400868
-71.277150
-76.267340
-71.168402
-76.337810
-71.154247
-76.289291
-71.149744
-76.088032
-71.028591
-76.065392
-70.723847
-75.937906
-70.560244
-75.722182
-70.208998
-75.722571
-69.751970
-75.597125
-69.444294
-75.485563
-68.916815
-75.509983
-78.311940
-75.580430
-77.879021
-75.187174
-77.391927
-75.050443
-76.870459
-74.870395
-76.607181
-74.602238
-76.368635
-74.562773
-76.049766
-74.546013
-75.980057
-74.378183
-76.003745
-74.401843
-75.818240
-74.564710
-75.845491
-74.282575
-76.699962
-69.257755
-76.539975
-69.191586
-76.152643
-69.130056
-76.019670
-69.016590
-75.909008
-69.128590
-75.741017
-69.226050
-75.821619
-69.153323
-75.951920
-69.238866
-75.911343
-69.359601
-76.059707
-69.120919
-76.506190
-77.695767
-75.187686
-77.206296
-74.951114
-76.891397
-74.678463
-76.559481
-74.629800
-76.180567
-74.574171
-76.055913
-74.411515
-75.982013
-74.457686
-75.781726
-74.552184
-75.784899
-74.443434
-75.895779
-74.587897
-76.033796
-69.186569
-75.999411
-69.020676
-75.814019
-69.135543
-75.602602
-69.238341
-75.647376
-69.238054
-75.721011
-69.410251
-75.688698
-69.558275
-75.850482
-69.484640
-76.073270
-69.509557
-76.120898
-77.096542
-74.754569
-76.796825
-74.689886
-76.391783
-74.613874
-76.217381
-74.476022
-76.059252
-74.547899
-75.836146
-74.621270
-75.833604
-74.560069
-75.870097
-74.665969
-75.737269
-74.892347
-75.720031
-69.143154
-75.539000
-69.188467
-75.524238
-69.225220
-75.522924
-69.457154
-75.479366
-69.640087
-75.651750
-69.664695
-75.825852
-69.815908
-75.861048
-69.925241
-76.058521
-76.544491
-74.676699
-76.418107
-74.527598
-76.201512
-74.603516
-75.948761
-74.658578
-75.922632
-74.628748
-75.902526
-74.787180
-75.774836
-74.930429
-75.815238
-74.991405
-75.454344
-69.141348
-75.396005
-69.379260
-75.307767
-69.590945
-75.456564
-69.702844
-75.598640
-69.952560
-75.645147
-70.120943
-75.865652
-70.119539
-76.040236
-76.317039
-74.672374
-76.096809
-74.682602
-76.042240
-74.661854
-75.970626
-74.835255
-75.840318
-74.982787
-75.897726
-75.025294
-75.908158
-75.276827
-75.208278
-69.417412
-75.295956
-69.581790
-75.378843
-69.912520
-75.432640
-70.152954
-75.666403
-70.244419
-75.849433
-70.464057
-75.910678
-76.164640
-74.703279
-76.065186
-74.853786
-75.924518
-74.974526
-75.970514
-75.042166
-75.980405
-75.290114
-75.889652
-75.485719
-75.222239
-69.694652
-75.224272
-69.990189
-75.442993
-70.198406
-75.623986
-70.500266
-75.720929
-70.686492
-75.994578
-76.048385
-74.962942
-76.054331
-75.022405
-76.031355
-75.251784
-75.968965
-75.447744
-76.073157
-75.557156
-75.258608
-69.935848
-75.369857
-70.335158
-75.496016
-70.615604
-75.764205
-70.752456
-75.977072
-76.147360
-75.196079
-76.044390
-75.352996
-76.117411
-75.488027
-76.160820
-75.789640
-75.287322
-70.313673
-75.497716
-70.601643
-75.705462
-70.930525
-75.856425
-76.224819
-75.382802
-76.190488
-75.631671
-76.173751
-75.874654
-75.476798
-70.620966
-75.588826
-70.962501
-75.863514
-76.254676
-75.698065
-76.264305
-75.895437
-75.606427
-70.844353
-75.834952
-76.447597
-75.971369
-75.497225
-78.153920
-69.676132
-77.389398
-69.574967
-77.017239
-69.312281
-76.634917
-69.264038
-76.228476
-69.194745
-76.099548
-69.020496
-76.022707
-69.050654
-75.850241
-69.097974
-75.913879
-68.913507
-76.097477
-68.867210
-76.020469
-68.943087
-76.597202
-82.079885
-82.268486
-81.903173
-81.602899
-81.258364
-80.895288
-80.251424
-79.845611
-79.282064
-78.680062
-78.217723
-77.831121
-77.295817
-77.043876
-76.814832
-76.482982
-76.353381
-76.334876
-76.064251
-76.081548
-76.159070
-75.944486
-81.437771
-75.162145
-80.776253
-74.653286
-79.740236
-73.671565
-78.651520
-72.403656
-77.360595
-71.326167
-76.164607
-70.302168
-75.456885
-69.536146
-74.885966
-69.245166
-74.565337
-68.918488
-74.619282
-68.744883
-74.459682
-82.054125
-82.079899
-81.503470
-81.391444
-80.834445
-80.354676
-79.784217
-79.345090
-78.602369
-78.244011
-77.738268
-77.299848
-76.947098
-76.811411
-76.382820
-76.351585
-76.217365
-76.074901
-75.952206
-76.156552
-81.118421
-75.094529
-80.435257
-74.230511
-79.321985
-73.226985
-77.961146
-71.966757
-76.823082
-70.766894
-75.783235
-70.031038
-75.039826
-69.409360
-74.792073
-69.012024
-74.537396
-68.990583
-74.447659
-81.893197
-81.716994
-81.259306
-81.003822
-80.261910
-79.917659
-79.250651
-78.710728
-78.136102
-77.831861
-77.174362
-77.038095
-76.661662
-76.468438
-76.179337
-76.300029
-75.907634
-76.027999
-80.864947
-74.849795
-79.878622
-73.870644
-78.756853
-72.588052
-77.418491
-71.473112
-76.181090
-70.421405
-75.447986
-69.625367
-74.868304
-69.295460
-74.555255
-68.965507
-74.623236
-81.568069
-81.423216
-80.871009
-80.418357
-79.799870
-79.398628
-78.584513
-78.285119
-77.678939
-77.323487
-76.853183
-76.814382
-76.254453
-76.350397
-76.086903
-76.064855
-80.461518
-74.364633
-79.368335
-73.338257
-77.991967
-72.056524
-76.821101
-70.825987
-75.765561
-70.060912
-75.013669
-69.423826
-74.782921
-69.023952
-74.566743
-81.296011
-80.992140
-80.280605
-79.938763
-79.252498
-78.746774
-78.125419
-77.865979
-77.136167
-77.071233
-76.600664
-76.493387
-76.126174
-76.317250
-79.844678
-73.903787
-78.719022
-72.596254
-77.377168
-71.459689
-76.134610
-70.403464
-75.412950
-69.600594
-74.873097
-69.278789
-74.565052
-80.881671
-80.379987
-79.810568
-79.404395
-78.607426
-78.336957
-77.704132
-77.388389
-76.875119
-76.878329
-76.242316
-76.427232
-79.285453
-73.277339
-77.899396
-71.986161
-76.736687
-70.754249
-75.716111
-69.998952
-74.992462
-69.393982
-74.786509
-80.282440
-79.900686
-79.285575
-78.784805
-78.207352
-77.954490
-77.216670
-77.184227
-76.638541
-76.591915
-78.597120
-72.457581
-77.246925
-71.321251
-76.026684
-70.299077
-75.346860
-69.519665
-74.895181
-79.833121
-79.388399
-78.695279
-78.433677
-77.831338
-77.521757
-76.989136
-77.011276
-77.762805
-71.792212
-76.564645
-70.577994
-75.607184
-69.867277
-75.001780
-79.360428
-78.839597
-78.381570
-78.109246
-77.384609
-77.375261
-77.110860
-71.067882
-75.833524
-70.108315
-75.321573
-78.868984
-78.600397
-78.059050
-77.752744
-76.402930
-70.237950
-75.533740
-78.739352
-78.456200
-75.566438
-81.298072
-76.287759
-81.289463
-76.245874
-81.286385
-76.234542
-81.372288
-76.288744
-81.289532
-76.425688
-81.389980
-76.401365
-81.541997
-76.497842
-81.595710
-76.534706
-81.784066
-76.406970
-81.937439
-76.291026
-81.965781
-76.012234
-82.055145
-81.001388
-81.091688
-80.973163
-81.042396
-80.986528
-81.037473
-80.933615
-81.231418
-81.054453
-81.265185
-81.244865
-81.481622
-81.315905
-81.717962
-81.537382
-81.860294
-81.731080
-82.115437
-81.814740
-82.331952
-81.964254
-82.419186
-81.056114
-76.167191
-81.128669
-76.139292
-81.089823
-76.288446
-81.072812
-76.222618
-81.202876
-76.355051
-81.214797
-76.504435
-81.414725
-76.506180
-81.609975
-76.579434
-81.710128
-76.538359
-81.881174
-76.304180
-81.964252
-81.073292
-80.642431
-80.809379
-80.763377
-80.687707
-80.756072
-80.890742
-80.933440
-80.890729
-81.176370
-81.094915
-81.302579
-81.316339
-81.589012
-81.457102
-81.845726
-81.707797
-82.026686
-81.881177
-82.331953
-80.858718
-76.133163
-80.819106
-76.119298
-80.969254
-76.107457
-80.822719
-76.288375
-80.961817
-76.316142
-81.158824
-76.498122
-81.271733
-76.606521
-81.519832
-76.571134
-81.707796
-76.538356
-81.814749
-80.721964
-80.421122
-80.655650
-80.344927
-80.551047
-80.681797
-80.693936
-80.737145
-80.887427
-81.027584
-80.986162
-81.318487
-81.267617
-81.531593
-81.519830
-81.845730
-81.710130
-82.115427
-80.802266
-75.864094
-80.737828
-76.112809
-80.630537
-75.981509
-80.764629
-76.213409
-80.779013
-76.423338
-81.029557
-76.487563
-81.267614
-76.606523
-81.457095
-76.579436
-81.731086
-80.509084
-80.290577
-80.322068
-80.205399
-80.620904
-80.495589
-80.535092
-80.799397
-80.762891
-80.986320
-81.029556
-81.318489
-81.271729
-81.589015
-81.609968
-81.860294
-80.641849
-75.634321
-80.781717
-75.800186
-80.385182
-76.122592
-80.534012
-76.230727
-80.762888
-76.423340
-80.986157
-76.498124
-81.316331
-76.506185
-81.537370
-80.603668
-80.195460
-80.227990
-80.485752
-80.367689
-80.526306
-80.534014
-80.799397
-80.779014
-81.027586
-81.158819
-81.302584
-81.414715
-81.717968
-80.410149
-75.271641
-80.487848
-75.714401
-80.367686
-76.122591
-80.535092
-76.213407
-80.887422
-76.316147
-81.094904
-76.504441
-81.315891
-81.186834
-80.042169
-80.487847
-80.485753
-80.385186
-80.495583
-80.764634
-80.737145
-80.961812
-81.176376
-81.214789
-81.481628
-81.186827
-75.271641
-80.227980
-75.800190
-80.620901
-75.981507
-80.693933
-76.288376
-80.890720
-76.355056
-81.244854
-80.410148
-80.195453
-80.781715
-80.205407
-80.630532
-80.681799
-80.822716
-80.933442
-81.202870
-81.265189
-80.603652
-75.634323
-80.322066
-76.112810
-80.551038
-76.107463
-80.890731
-76.222622
-81.054442
-80.641846
-80.290581
-80.737833
-80.344922
-80.969254
-80.756076
-81.072806
-81.231420
-80.509089
-75.864096
-80.655642
-76.119302
-80.687699
-76.288447
-80.933608
-80.802269
-80.421119
-80.819107
-80.763377
-81.089822
-81.037471
-80.721960
-76.133161
-80.809375
-76.139291
-80.986521
-80.858721
-80.642429
-81.128668
-81.042394
-81.073286
-76.167191
-80.973158
-81.056114
-81.091688
-81.001383
-80.940960
-76.356172
-80.650660
-75.971669
-80.595475
-75.769873
-80.298624
-75.667981
-80.124542
-74.916508
-81.031893
-72.363977
-81.031898
-74.916513
-80.124550
-75.667982
-80.298620
-75.769873
-80.595477
-75.971672
-80.650662
-76.356175
-80.940962
-81.297938
-76.287274
-81.288675
-76.244926
-81.287793
-76.229368
-81.375244
-76.285383
-81.288297
-76.422229
-81.393902
-76.390068
-81.547827
-76.491258
-81.594010
-76.527739
-81.791056
-76.388186
-81.946422
-76.279800
-81.964326
-75.998818
-82.066718
-81.001913
-81.091766
-80.974968
-81.040661
-80.989592
-81.038045
-80.933596
-81.233216
-81.058571
-81.261960
-81.250661
-81.483885
-81.315326
-81.721724
-81.544325
-81.855832
-81.739775
-82.120170
-81.813934
-82.338016
-81.974968
-82.414411
-81.056098
-76.165568
-81.129727
-76.137771
-81.089020
-76.286538
-81.075233
-76.215366
-81.206835
-76.350687
-81.213593
-76.499673
-81.420016
-76.492424
-81.616942
-76.571504
-81.708862
-76.529103
-81.890436
-76.281849
-81.974967
-81.074152
-80.642552
-80.809551
-80.764119
-80.690117
-80.753979
-80.894457
-80.934723
-80.890361
-81.178732
-81.099895
-81.298931
-81.322744
-81.592169
-81.456252
-81.849910
-81.715999
-82.021769
-81.890439
-82.338016
-80.858370
-76.132529
-80.820053
-76.115755
-80.971374
-76.104986
-80.821928
-76.285423
-80.965397
-76.306797
-81.163780
-76.492808
-81.270657
-76.600252
-81.526765
-76.554734
-81.715999
-76.529100
-81.813944
-80.722622
-80.420406
-80.657328
-80.345488
-80.550920
-80.683066
-80.697117
-80.734576
-80.891775
-81.029580
-80.985460
-81.321274
-81.273593
-81.527468
-81.526763
-81.849914
-81.708865
-82.120161
-80.802550
-75.863259
-80.737459
-76.111350
-80.632495
-75.976040
-80.767722
-76.210099
-80.778240
-76.419274
-81.034460
-76.476043
-81.273591
-76.600255
-81.456247
-76.571508
-81.739781
-80.509203
-80.290984
-80.323494
-80.204084
-80.623337
-80.496674
-80.534673
-80.801076
-80.766931
-80.983209
-81.034460
-81.321276
-81.270654
-81.592174
-81.616935
-81.855836
-80.642142
-75.632493
-80.783020
-75.798543
-80.384777
-76.120235
-80.537089
-76.223337
-80.766930
-76.419276
-80.985456
-76.492812
-81.322737
-76.492432
-81.544315
-80.604226
-80.195789
-80.227860
-80.486530
-80.369937
-80.524379
-80.537091
-80.801074
-80.778241
-81.029584
-81.163776
-81.298937
-81.420008
-81.721733
-80.410031
-75.270835
-80.489176
-75.710736
-80.369935
-76.120235
-80.534673
-76.210098
-80.891773
-76.306803
-81.099886
-76.499683
-81.315315
-81.187314
-80.041503
-80.489179
-80.486532
-80.384775
-80.496676
-80.767722
-80.734578
-80.965394
-81.178741
-81.213587
-81.483895
-81.187314
-75.270840
-80.227860
-75.798543
-80.623334
-75.976043
-80.697113
-76.285429
-80.890353
-76.350697
-81.250653
-80.410032
-80.195803
-80.783019
-80.204081
-80.632499
-80.683067
-80.821924
-80.934731
-81.206829
-81.261968
-80.604234
-75.632497
-80.323487
-76.111352
-80.550919
-76.104989
-80.894453
-76.215372
-81.058565
-80.642145
-80.290984
-80.737454
-80.345497
-80.971368
-80.753985
-81.075230
-81.233221
-80.509194
-75.863257
-80.657331
-76.115755
-80.690111
-76.286545
-80.933591
-80.802552
-80.420407
-80.820054
-80.764123
-81.089018
-81.038050
-80.722623
-76.132530
-80.809548
-76.137775
-80.989592
-80.858371
-80.642555
-81.129729
-81.040664
-81.074152
-76.165570
-80.974966
-81.056100
-81.091770
-81.001909
-75.487853
-71.565118
-75.807288
-71.720510
-76.138859
-71.972237
-76.334731
-72.239453
-76.468617
-71.725957
-77.725194
-68.920471
-77.725170
-71.725966
-76.468624
-72.239453
-76.334709
-71.972251
-76.138842
-71.720506
-75.807289
-71.565113
-75.487837
-76.409620
-71.276939
-76.288916
-71.174824
-76.335613
-71.202151
-76.284679
-71.152080
-76.119416
-71.041694
-76.032323
-70.787125
-75.910519
-70.565739
-75.740714
-70.227518
-75.679131
-69.823002
-75.560419
-69.462480
-75.495652
-68.945904
-75.469025
-76.191012
-75.793654
-76.255743
-75.946533
-76.089537
-75.999626
-75.963987
-76.095779
-75.880149
-76.051099
-75.756658
-76.096232
-75.540691
-76.118956
-75.423872
-76.135529
-75.258253
-76.305069
-75.087412
-76.486001
-75.038668
-76.717893
-76.388495
-71.603438
-76.397360
-71.663106
-76.461958
-71.681874
-76.355986
-71.489406
-76.255139
-71.333463
-76.020846
-71.085833
-75.869822
-70.690557
-75.671850
-70.316448
-75.437715
-69.844414
-75.292362
-69.313223
-75.038665
-76.510900
-75.952424
-76.386063
-76.039547
-76.188118
-76.094859
-76.181666
-76.160630
-75.959420
-76.198005
-75.816712
-76.132802
-75.655356
-76.185970
-75.455438
-76.248853
-75.364419
-76.332951
-75.292364
-76.485998
-76.570292
-71.959846
-76.589714
-72.092823
-76.640858
-71.948911
-76.375256
-71.854078
-76.213126
-71.544375
-76.027329
-71.247185
-75.751563
-70.846559
-75.560640
-70.329556
-75.364413
-69.844417
-75.087412
-76.609588
-76.175850
-76.493220
-76.096644
-76.372528
-76.345798
-76.267984
-76.256416
-76.119734
-76.253027
-75.851774
-76.242319
-75.695731
-76.195997
-75.560641
-76.248857
-75.437707
-76.305071
-76.844091
-72.223732
-76.902608
-72.440088
-76.615485
-72.163908
-76.476896
-72.015131
-76.149066
-71.761696
-75.918569
-71.315003
-75.695730
-70.846557
-75.455434
-70.316457
-75.258236
-76.737503
-76.369661
-76.484196
-76.339818
-76.661292
-76.432621
-76.310424
-76.455718
-76.087444
-76.319668
-75.918571
-76.242317
-75.751571
-76.185966
-75.671846
-76.135546
-77.074481
-72.382318
-77.173620
-72.396378
-76.571217
-72.469104
-76.297298
-72.173532
-76.087442
-71.761695
-75.851777
-71.247180
-75.655361
-70.690560
-75.423855
-77.058637
-76.567884
-76.629387
-76.827135
-76.482000
-76.652751
-76.297300
-76.455712
-76.149076
-76.253019
-76.027338
-76.132797
-75.869829
-76.118964
-77.077486
-72.159429
-76.899473
-72.519233
-76.481993
-72.469103
-76.310427
-72.015120
-76.119739
-71.544372
-75.816715
-71.085830
-75.540692
-77.897939
-76.651560
-76.899475
-76.827134
-76.571220
-76.432613
-76.476900
-76.256410
-76.213130
-76.197999
-76.020855
-76.096229
-77.897927
-72.159434
-76.629389
-72.396378
-76.661277
-72.163917
-76.267974
-71.854078
-75.959422
-71.333457
-75.756657
-77.077506
-76.567865
-77.173629
-76.339811
-76.615484
-76.345786
-76.375266
-76.160619
-76.255143
-76.051093
-77.058616
-72.382356
-76.484173
-72.440080
-76.372540
-71.948897
-76.181668
-71.489405
-75.880147
-77.074489
-76.369634
-76.902621
-76.096625
-76.640857
-76.094858
-76.355987
-76.095767
-76.737510
-72.223721
-76.493214
-72.092833
-76.188104
-71.681874
-75.963989
-76.844078
-76.175849
-76.589711
-76.039528
-76.461973
-75.999606
-76.609586
-71.959838
-76.386067
-71.663103
-76.089530
-76.570294
-75.952414
-76.397354
-75.946528
-76.510892
-71.603450
-76.255732
-76.388482
-75.793639
-76.191016
-76.400875
-71.277151
-76.267334
-71.168403
-76.337816
-71.154236
-76.289296
-71.149747
-76.088032
-71.028593
-76.065397
-70.723850
-75.937903
-70.560268
-75.722162
-70.209024
-75.722557
-69.751971
-75.597127
-69.444294
-75.485555
-68.916815
-75.509978
-76.200544
-75.799160
-76.282259
-75.933200
-76.126008
-76.025890
-75.955708
-76.107965
-75.927907
-76.007886
-75.792462
-76.112178
-75.525063
-76.121106
-75.472698
-76.083851
-75.299133
-76.314098
-75.076806
-76.491625
-75.082594
-76.678717
-76.377604
-71.584768
-76.391764
-71.654846
-76.418181
-71.667955
-76.378966
-71.424410
-76.276595
-71.332285
-75.995965
-71.068557
-75.918310
-70.613941
-75.713704
-70.301854
-75.425265
-69.822012
-75.338536
-69.235627
-75.082595
-76.532739
-75.962537
-76.392662
-76.064602
-76.242202
-76.059731
-76.221677
-76.183389
-75.943051
-76.198780
-75.874284
-76.070293
-75.702124
-76.192269
-75.442611
-76.249591
-75.413961
-76.279308
-75.338537
-76.491623
-76.544560
-71.954992
-76.580349
-72.026782
-76.643950
-71.949915
-76.338075
-71.835555
-76.265688
-71.460006
-76.072219
-71.236337
-75.735844
-70.825828
-75.614292
-70.246982
-75.413960
-69.822014
-75.076808
-76.639182
-76.165822
-76.551018
-76.135411
-76.362288
-76.350513
-76.338139
-76.185510
-76.172218
-76.260417
-75.837061
-76.237027
-75.756239
-76.126371
-75.614292
-76.249595
-75.425253
-76.314104
-76.824691
-72.207515
-76.832565
-72.416215
-76.661297
-72.070933
-76.518316
-72.009559
-76.129062
-71.736254
-75.987555
-71.217573
-75.756244
-70.825827
-75.442610
-70.301868
-75.299120
-76.762811
-76.408535
-76.575239
-76.275841
-76.717501
-76.450524
-76.294758
-76.438863
-76.171536
-76.223507
-75.987555
-76.237027
-75.735846
-76.192273
-75.713696
-76.083872
-77.042761
-72.282346
-77.178237
-72.403800
-76.540076
-72.426545
-76.400148
-72.040630
-76.171542
-71.736253
-75.837066
-71.236340
-75.702134
-70.613946
-75.472689
-77.138510
-76.626487
-76.620653
-76.790372
-76.617809
-76.502965
-76.400146
-76.438863
-76.129060
-76.260422
-76.072220
-76.070294
-75.918317
-76.121123
-77.000798
-72.093226
-77.047425
-72.315214
-76.617819
-72.426544
-76.294763
-72.009560
-76.172227
-71.460003
-75.874299
-71.068558
-75.525068
-78.009171
-76.485183
-77.047420
-76.790373
-76.540071
-76.450529
-76.518322
-76.185504
-76.265697
-76.198781
-75.995970
-76.112189
-78.009187
-72.093221
-76.620652
-72.403803
-76.717520
-72.070917
-76.338166
-71.835545
-75.943063
-71.332283
-75.792476
-77.000773
-76.626510
-77.178223
-76.275850
-76.661302
-76.350519
-76.338074
-76.183397
-76.276601
-76.007886
-77.138531
-72.282313
-76.575264
-72.416219
-76.362288
-71.949925
-76.221684
-71.424406
-75.927925
-77.042750
-76.408560
-76.832557
-76.135421
-76.643955
-76.059732
-76.378973
-76.107974
-76.762810
-72.207518
-76.551038
-72.026766
-76.242224
-71.667950
-75.955718
-76.824707
-76.165815
-76.580357
-76.064620
-76.418172
-76.025904
-76.639192
-71.954998
-76.392664
-71.654846
-76.126029
-76.544554
-75.962552
-76.391768
-75.933202
-76.532747
-71.584761
-76.282275
-76.377609
-75.799177
-76.200546

