Tension at each vertex
-14.496044
-14.497333
-14.492308
-14.491736
-18.473946
-15.227693
-18.473933
-15.227681
-14.928661
-14.922410
-12.942170
-12.923029
-14.584454
-14.334026
-15.145254
-13.925313
-15.617900
-13.958151
-15.917552
-14.236449
-16.245671
-14.586418
-16.657594
-15.018388
-17.099192
-15.538214
-17.515045
-16.031214
-17.882219
-16.407843
-18.124993
-16.757956
-18.225824
-17.197596
-18.046984
-16.134731
-16.979713
-16.555463
-17.209303
-16.668646
-17.436108
-16.794651
-17.550790
-16.972599
-17.681025
-17.191272
-17.922369
-17.503106
-18.238660
-17.907686
-18.509129
-18.243960
-18.684602
-18.410677
-18.686846
-18.444369
-18.588053
-15.538348
-14.839956
-15.747480
-14.605653
-15.983429
-14.507716
-16.222839
-14.598884
-16.465402
-14.864857
-16.785965
-15.251223
-17.214837
-15.703016
-17.654238
-16.190757
-17.994677
-16.604374
-18.259925
-16.922517
-18.444719
-16.141777
-16.619362
-16.439061
-16.900509
-16.597765
-17.172598
-16.716223
-17.401059
-16.875686
-17.612396
-17.128940
-17.877184
-17.474170
-18.224819
-17.821831
-18.507143
-18.118864
-18.625756
-18.259489
-18.686791
-15.904660
-14.636124
-15.875691
-14.625866
-16.018281
-14.640121
-16.252010
-14.753407
-16.548182
-15.000400
-16.907017
-15.380504
-17.310660
-15.825631
-17.757137
-16.242052
-18.119329
-16.604446
-18.410996
-16.046542
-16.848306
-16.373262
-16.978082
-16.578846
-17.151559
-16.703562
-17.346589
-16.837732
-17.575632
-17.058107
-17.884712
-17.408765
-18.212287
-17.756689
-18.506918
-17.994197
-18.684599
-16.000394
-14.372681
-16.031872
-14.492850
-16.129978
-14.645016
-16.336893
-14.828560
-16.632762
-15.088199
-16.995757
-15.410714
-17.409451
-15.825765
-17.822231
-16.191185
-18.244024
-16.118595
-16.961477
-16.303203
-17.092565
-16.472218
-17.193628
-16.609131
-17.332405
-16.747598
-17.550194
-16.995225
-17.884318
-17.310204
-18.224590
-17.653642
-18.509071
-16.008652
-14.285910
-16.109972
-14.421459
-16.269747
-14.614218
-16.470409
-14.846128
-16.748333
-15.088459
-17.058708
-15.381161
-17.474188
-15.703780
-17.907857
-16.115837
-17.011872
-16.270734
-17.118298
-16.366857
-17.221684
-16.470364
-17.332208
-16.632190
-17.575411
-16.906024
-17.877115
-17.214371
-18.238156
-16.072063
-14.219973
-16.183826
-14.420921
-16.367256
-14.614317
-16.609416
-14.829164
-16.837618
-15.001201
-17.129034
-15.251751
-17.503363
-16.087936
-17.054254
-16.183518
-17.117986
-16.269395
-17.193612
-16.336132
-17.346673
-16.547531
-17.612285
-16.785613
-17.922247
-16.087849
-14.219875
-16.270889
-14.421873
-16.472181
-14.645874
-16.703502
-14.753775
-16.875943
-14.865691
-17.190855
-16.071845
-17.011788
-16.109285
-17.092839
-16.129412
-17.151204
-16.252018
-17.401194
-16.464298
-17.681236
-16.115425
-14.286925
-16.303065
-14.493271
-16.579248
-14.640801
-16.715428
-14.600195
-16.972551
-16.007911
-16.961215
-16.031703
-16.977906
-16.017050
-17.172995
-16.221867
-17.549873
-16.118640
-14.373487
-16.372601
-14.627865
-16.597508
-14.508868
-16.795459
-15.999472
-16.849402
-15.874711
-16.899914
-15.982543
-17.435394
-16.045904
-14.637198
-16.439551
-14.607766
-16.668162
-15.904875
-16.618719
-15.744936
-17.209518
-16.140272
-14.842940
-16.554790
-15.536649
-16.978735
-16.135248
-17.193722
-15.053541
-16.536430
-14.550821
-16.704853
-14.356861
-16.764478
-14.177052
-16.899236
-14.049699
-16.943014
-14.034621
-16.943230
-14.049414
-16.898720
-14.176401
-16.764723
-14.354458
-16.705378
-14.549907
-16.536026
-15.051942
-17.194242
-14.487649
-14.102271
-14.814372
-13.455831
-15.033896
-13.218281
-15.048188
-13.189780
-15.040621
-13.169021
-15.048287
-13.152227
-15.016682
-13.183879
-14.961851
-13.240568
-14.969629
-13.327257
-15.008222
-13.544011
-15.033149
-13.942765
-14.843385
-16.021945
-16.761351
-16.191481
-16.738462
-16.034645
-16.678304
-15.856971
-16.473218
-15.683732
-16.235177
-15.492494
-16.036480
-15.333287
-15.880929
-15.271678
-15.751086
-15.258604
-15.675368
-15.232388
-15.580190
-15.191524
-15.470233
-15.407635
-14.597262
-15.376867
-14.101789
-15.350451
-13.725872
-15.294174
-13.500104
-15.191978
-13.380103
-15.094847
-13.307193
-15.040823
-13.269825
-15.017467
-13.337816
-15.016475
-13.482933
-15.090793
-13.683416
-15.191237
-16.038810
-16.385627
-16.076780
-16.407794
-15.945185
-16.386560
-15.745746
-16.281597
-15.544925
-16.109737
-15.372476
-15.930658
-15.243976
-15.817834
-15.149424
-15.729394
-15.124270
-15.624807
-15.093967
-15.578987
-15.765860
-14.388772
-15.485133
-14.112989
-15.359239
-13.835071
-15.289671
-13.617100
-15.224501
-13.469012
-15.154437
-13.382245
-15.079190
-13.346370
-15.079971
-13.368424
-15.124253
-13.481440
-15.230889
-15.939600
-16.602415
-15.998325
-16.457778
-15.908358
-16.332091
-15.706826
-16.193263
-15.476294
-16.035674
-15.273456
-15.904231
-15.157670
-15.788977
-15.082002
-15.728791
-15.017708
-15.676066
-15.859258
-14.121430
-15.633614
-13.972082
-15.451334
-13.826374
-15.345269
-13.669157
-15.277096
-13.530197
-15.210390
-13.393673
-15.157792
-13.345194
-15.148397
-13.337470
-15.258889
-16.005294
-16.703521
-15.914567
-16.554458
-15.786593
-16.352401
-15.601274
-16.160083
-15.378583
-15.998866
-15.211812
-15.903916
-15.079708
-15.818896
-15.019333
-15.748783
-15.869021
-14.032952
-15.706924
-13.894184
-15.580337
-13.786568
-15.463509
-13.679435
-15.378751
-13.529152
-15.272681
-13.381973
-15.244130
-13.266382
-15.273874
-15.994210
-16.746178
-15.872782
-16.570090
-15.674833
-16.374092
-15.464010
-16.159690
-15.277419
-16.036645
-15.155670
-15.929288
-15.043982
-15.880805
-15.937143
-13.964860
-15.780688
-13.891358
-15.675143
-13.785949
-15.601070
-13.669055
-15.476496
-13.466634
-15.374272
-13.305233
-15.332151
-15.958998
-16.786066
-15.781037
-16.570070
-15.580392
-16.352936
-15.345753
-16.192323
-15.226717
-16.109300
-15.094818
-16.037713
-15.959456
-13.964774
-15.872853
-13.894068
-15.786752
-13.824774
-15.708302
-13.615824
-15.544240
-13.379544
-15.493706
-15.937093
-16.746440
-15.707297
-16.553809
-15.452582
-16.331965
-15.289192
-16.282332
-15.193677
-16.232983
-15.994866
-14.031717
-15.915499
-13.971194
-15.907975
-13.834816
-15.746973
-13.496721
-15.686016
-15.869696
-16.703597
-15.633485
-16.458401
-15.360408
-16.385033
-15.296834
-16.473661
-16.005473
-14.120777
-15.999275
-14.110163
-15.946969
-13.723903
-15.855643
-15.859980
-16.601006
-15.486704
-16.407923
-15.350784
-16.679921
-15.940714
-14.387399
-16.076385
-14.100172
-16.035509
-15.765404
-16.386548
-15.379209
-16.737284
-16.040525
-14.593873
-16.193419
-15.409440
-16.761872
-16.021666
-17.348880
-13.128438
-17.628542
-12.763537
-17.698374
-12.709871
-17.697505
-12.878421
-17.659070
-13.105201
-17.706923
-13.301976
-17.773800
-13.555058
-17.798573
-13.807981
-17.870824
-13.990252
-17.975774
-14.214263
-17.990577
-14.513826
-18.073079
-18.730358
-18.328323
-18.637074
-18.424343
-18.687085
-18.432582
-18.650139
-18.540531
-18.675072
-18.502829
-18.742854
-18.482693
-18.714374
-18.396061
-18.695707
-18.176029
-18.586263
-17.906010
-18.434572
-17.490941
-18.336027
-17.133690
-18.641873
-16.890514
-18.849319
-16.736652
-18.857957
-16.739535
-18.824887
-16.609230
-18.820817
-16.491349
-18.697320
-16.322627
-18.588871
-16.024291
-18.415714
-15.695751
-18.206284
-15.251099
-18.069673
-14.826196
-17.869711
-18.726030
-18.190895
-18.670329
-18.317669
-18.589495
-18.321541
-18.616536
-18.326454
-18.570795
-18.309387
-18.576103
-18.164421
-18.541180
-17.982681
-18.438543
-17.663168
-18.357028
-17.298924
-18.168410
-17.031718
-18.752862
-16.725149
-18.776375
-16.638142
-18.825649
-16.546311
-18.748381
-16.436278
-18.677361
-16.182243
-18.553475
-15.897197
-18.343744
-15.501030
-18.165054
-15.058003
-17.935146
-14.689352
-17.807301
-18.549921
-18.088860
-18.540647
-18.119615
-18.443527
-18.147209
-18.406900
-18.044032
-18.384008
-17.924522
-18.301508
-17.704511
-18.256301
-17.400352
-18.146345
-17.131339
-18.043922
-16.808693
-18.719874
-16.420630
-18.644271
-16.390589
-18.615541
-16.202413
-18.567480
-15.977403
-18.413536
-15.654529
-18.267745
-15.238139
-18.057154
-14.859957
-17.858973
-14.418941
-17.812075
-18.255741
-17.899548
-18.202694
-17.827465
-18.164997
-17.748752
-18.075664
-17.604001
-18.044701
-17.363654
-17.987976
-17.144248
-17.928508
-16.854412
-17.955499
-16.597662
-18.478744
-15.997288
-18.417161
-15.890772
-18.328978
-15.661784
-18.266311
-15.304901
-18.138814
-14.956980
-17.964771
-14.550538
-17.867733
-14.148919
-17.768107
-17.886807
-17.501952
-17.783820
-17.393096
-17.764673
-17.198450
-17.737173
-17.038066
-17.703014
-16.821450
-17.761492
-16.585746
-17.794001
-16.430077
-18.159968
-15.470381
-18.128747
-15.237377
-18.102952
-14.963348
-18.020164
-14.603205
-17.972578
-14.216586
-17.869995
-13.905368
-17.786034
-17.491165
-16.983676
-17.454747
-16.841960
-17.437310
-16.670208
-17.508327
-16.490984
-17.567054
-16.374415
-17.648237
-16.209888
-17.953630
-14.862342
-17.970916
-14.592535
-18.029332
-14.242578
-18.005171
-13.935665
-17.938540
-13.599313
-17.904170
-17.225475
-16.478242
-17.283828
-16.290689
-17.338075
-16.213346
-17.411889
-16.108699
-17.574683
-15.987708
-17.903663
-14.259208
-18.060517
-13.976879
-18.098684
-13.623567
-18.124199
-13.297365
-18.014614
-17.158115
-15.983258
-17.238584
-15.852394
-17.373056
-15.809268
-17.477155
-15.798016
-17.969678
-13.761040
-18.285418
-13.364030
-18.290984
-13.088694
-18.149126
-17.166795
-15.467204
-17.312867
-15.504123
-17.413606
-15.493090
-18.155227
-13.363309
-18.450467
-12.907721
-18.351687
-17.074671
-15.064743
-17.429898
-15.087353
-18.352153
-13.021618
-18.432882
-17.010043
-14.719958
-18.059073
-14.486235
-14.103939
-14.814539
-13.458466
-15.030294
-13.223346
-15.045755
-13.191096
-15.040653
-13.171435
-15.044047
-13.157530
-15.013657
-13.184926
-14.961439
-13.243089
-14.964694
-13.332223
-15.004539
-13.544812
-15.030708
-13.945049
-14.838198
-15.183936
-13.903776
-15.653161
-13.686573
-15.621863
-13.585437
-15.686722
-13.467607
-15.576766
-13.432526
-15.520409
-13.285767
-15.499607
-13.173767
-15.437728
-13.046158
-15.445462
-12.886207
-15.463480
-12.774394
-15.524228
-12.674656
-15.421240
-17.887442
-14.476120
-18.100795
-14.693442
-17.839216
-14.926636
-17.455681
-15.039366
-17.130584
-15.034762
-16.821547
-15.049911
-16.505522
-15.060558
-16.282673
-15.021119
-16.129366
-15.029212
-15.944363
-15.074565
-15.838986
-15.033904
-16.675741
-12.658348
-16.909268
-12.383282
-16.719259
-12.379191
-16.596114
-12.395868
-16.489449
-12.485839
-16.350052
-12.568240
-16.267579
-12.585063
-16.202269
-12.630067
-16.083279
-12.696792
-16.022340
-12.660663
-16.054755
-17.917999
-14.584210
-17.835045
-14.835978
-17.482507
-14.939355
-17.103989
-15.014233
-16.698096
-15.039584
-16.391344
-15.002322
-16.146435
-15.016311
-15.908712
-15.055207
-15.772410
-15.023511
-15.734285
-15.055865
-16.471979
-12.734926
-16.508654
-12.544977
-16.361214
-12.585294
-16.179187
-12.655552
-16.085204
-12.676726
-16.013288
-12.734847
-15.916839
-12.780258
-15.885174
-12.753714
-15.894602
-12.756593
-15.836677
-17.445043
-14.705308
-17.362344
-14.869156
-16.951628
-14.979219
-16.602040
-14.981374
-16.290490
-15.010046
-15.998977
-15.033313
-15.816516
-15.025259
-15.698839
-15.064846
-15.571010
-15.157808
-16.269720
-12.829604
-16.112003
-12.804132
-15.957909
-12.797181
-15.843387
-12.848697
-15.733955
-12.882270
-15.708851
-12.872521
-15.709107
-12.889633
-15.691982
-12.909968
-15.700518
-16.952278
-14.887378
-16.789710
-14.922986
-16.473000
-14.982802
-16.147502
-15.004774
-15.930507
-14.999517
-15.760069
-15.052165
-15.611574
-15.120055
-15.523574
-15.189060
-15.931543
-12.962721
-15.771906
-12.984204
-15.608512
-13.003729
-15.556394
-12.993510
-15.529562
-13.027171
-15.519646
-13.039050
-15.567740
-13.026401
-15.608112
-16.527702
-14.979645
-16.282926
-14.991635
-16.055701
-14.972544
-15.854470
-15.019486
-15.694177
-15.064483
-15.613576
-15.128298
-15.520306
-15.255469
-15.608871
-13.110942
-15.480059
-13.107104
-15.408244
-13.149308
-15.374922
-13.156711
-15.422852
-13.161619
-15.457978
-13.190618
-15.522200
-16.153619
-15.000719
-15.943391
-15.009612
-15.763778
-15.010900
-15.690038
-15.055581
-15.605883
-15.173464
-15.536697
-15.277288
-15.404428
-13.205210
-15.296479
-13.238854
-15.324364
-13.257631
-15.332565
-13.315471
-15.379699
-13.297150
-15.503466
-15.876413
-15.014152
-15.741717
-14.997467
-15.644756
-15.082996
-15.610161
-15.149558
-15.614886
-15.291290
-15.308209
-13.262975
-15.273344
-13.370114
-15.301096
-13.379798
-15.382406
-13.399926
-15.428337
-15.744758
-15.016200
-15.626861
-15.028011
-15.652557
-15.137228
-15.610015
-15.336992
-15.285911
-13.367747
-15.350316
-13.453170
-15.334286
-13.526112
-15.406390
-15.688490
-14.990896
-15.602606
-15.134205
-15.646334
-15.249143
-15.352332
-13.526082
-15.390513
-13.533018
-15.431647
-15.595339
-15.026401
-15.641966
-15.253088
-15.433598
-13.673945
-15.372803
-15.477532
-15.161151
-15.440735
-17.251998
-13.002385
-17.377825
-12.487167
-17.289811
-12.282973
-17.118135
-12.287204
-16.907437
-12.333460
-16.771217
-12.348340
-16.645108
-12.407743
-16.479952
-12.468958
-16.361318
-12.467189
-16.290214
-12.513731
-16.152570
-12.657996
-16.100739
-17.937701
-17.856881
-17.877162
-17.803595
-17.849920
-17.803976
-17.796770
-17.786309
-17.751908
-17.674493
-17.629557
-17.547786
-17.426245
-17.343825
-17.210569
-17.064701
-16.903915
-16.789155
-16.571381
-16.471652
-16.265791
-16.171047
-16.639123
-13.982330
-16.306012
-13.564273
-15.945742
-13.240880
-15.668137
-12.944851
-15.441792
-12.761055
-15.240525
-12.607340
-15.127793
-12.480512
-15.039393
-12.459786
-14.992973
-12.452917
-15.004505
-12.516672
-14.956719
-17.912372
-17.788611
-17.837144
-17.759392
-17.794850
-17.708585
-17.747561
-17.668973
-17.611890
-17.555486
-17.465178
-17.364831
-17.244838
-17.166001
-16.951641
-16.882081
-16.662343
-16.584364
-16.332176
-16.292887
-16.552430
-13.799654
-16.170897
-13.421982
-15.853777
-13.142297
-15.556625
-12.917430
-15.371177
-12.716164
-15.212147
-12.600481
-15.075748
-12.508232
-15.043659
-12.460859
-15.016174
-12.485771
-15.026751
-17.831399
-17.770501
-17.827423
-17.723311
-17.749105
-17.694302
-17.678035
-17.578841
-17.533382
-17.454407
-17.314778
-17.260412
-17.089174
-16.994725
-16.777765
-16.730279
-16.471032
-16.373714
-16.432257
-13.574603
-16.028825
-13.287133
-15.722192
-13.007105
-15.487642
-12.831102
-15.282592
-12.672676
-15.161481
-12.528073
-15.069409
-12.480801
-15.037445
-12.425396
-15.075116
-17.805167
-17.774275
-17.785010
-17.698277
-17.736731
-17.651712
-17.588630
-17.531671
-17.432979
-17.340969
-17.211085
-17.146021
-16.915490
-16.854855
-16.639897
-16.523947
-16.229942
-13.378220
-15.910755
-13.112890
-15.593037
-12.906808
-15.402941
-12.713848
-15.240520
-12.586185
-15.101535
-12.471516
-15.083850
-12.403279
-15.053006
-17.833528
-17.734369
-17.762223
-17.707901
-17.690030
-17.585187
-17.535258
-17.458102
-17.315187
-17.271491
-17.092859
-17.003187
-16.776010
-16.728090
-16.042679
-13.221630
-15.743716
-12.940480
-15.504698
-12.782445
-15.300869
-12.625755
-15.177636
-12.464808
-15.090691
-12.419089
-15.051666
-17.831310
-17.701524
-17.790425
-17.670411
-17.625126
-17.553577
-17.453899
-17.379961
-17.231309
-17.204323
-16.922042
-16.909092
-15.900714
-13.019804
-15.571370
-12.822131
-15.393111
-12.643398
-15.234535
-12.509290
-15.089303
-12.394752
-15.089051
-17.847484
-17.724348
-17.771879
-17.617086
-17.586041
-17.510759
-17.352013
-17.363703
-17.122253
-17.106040
-15.698096
-12.828020
-15.444303
-12.697942
-15.257006
-12.548381
-15.129579
-12.371595
-15.070423
-17.917807
-17.714888
-17.712875
-17.613140
-17.513254
-17.478952
-17.290411
-17.353880
-15.466201
-12.731487
-15.276060
-12.591652
-15.127719
-12.435551
-15.011887
-17.921351
-17.687419
-17.670973
-17.604618
-17.428501
-17.538843
-15.254122
-12.690566
-15.048082
-12.552705
-14.962773
-17.855941
-17.696497
-17.591998
-17.643636
-14.950118
-12.729739
-14.818221
-17.775538
-17.720037
-14.483463
-17.193320
-15.053426
-16.537554
-14.551300
-16.705009
-14.356488
-16.764486
-14.176964
-16.899233
-14.049661
-16.943290
-14.034569
-16.943107
-14.049340
-16.898794
-14.176352
-16.764788
-14.354584
-16.705308
-14.549528
-16.535372
-15.051884
-17.194517
-14.586880
-14.331740
-15.145673
-13.923706
-15.619587
-13.955450
-15.919423
-14.234980
-16.246225
-14.585456
-16.658620
-15.016879
-17.100345
-15.537302
-17.515572
-16.030728
-17.882911
-16.407201
-18.125692
-16.757606
-18.226230
-17.197454
-18.047349
-16.135313
-16.978522
-16.554778
-17.210135
-16.667662
-17.435856
-16.794953
-17.550179
-16.972476
-17.681163
-17.191061
-17.922079
-17.503527
-18.238240
-17.907907
-18.509131
-18.244103
-18.684519
-18.411071
-18.686737
-18.444710
-18.588054
-15.536755
-14.843112
-15.745987
-14.606937
-15.983210
-14.508656
-16.221680
-14.600712
-16.464006
-14.865902
-16.785411
-15.251780
-17.214168
-15.703801
-17.653454
-16.191195
-17.994225
-16.604458
-18.259532
-16.922530
-18.444355
-16.140490
-16.619063
-16.439516
-16.899829
-16.597543
-17.172876
-16.715988
-17.400708
-16.876264
-17.611835
-17.129230
-17.877204
-17.474183
-18.224807
-17.822215
-18.506986
-18.119340
-18.625749
-18.259884
-18.686892
-15.904543
-14.637128
-15.874548
-14.627726
-16.016969
-14.641325
-16.251431
-14.754015
-16.547513
-15.001163
-16.906258
-15.380902
-17.310263
-15.825643
-17.756788
-16.242020
-18.118882
-16.604345
-18.410624
-16.045539
-16.848897
-16.372592
-16.977992
-16.579216
-17.151023
-16.703690
-17.346686
-16.837677
-17.575721
-17.058385
-17.884610
-17.409221
-18.212339
-17.757076
-18.507069
-17.994683
-18.684651
-15.999153
-14.373622
-16.031724
-14.493252
-16.129258
-14.645918
-16.336100
-14.829049
-16.632467
-15.088095
-16.995521
-15.410689
-17.408922
-15.825738
-17.821771
-16.190818
-18.243875
-16.118922
-16.961121
-16.302936
-17.092933
-16.471968
-17.193700
-16.609475
-17.332180
-16.748022
-17.550313
-16.995580
-17.884582
-17.310734
-18.224573
-17.654506
-18.509039
-16.007904
-14.286947
-16.109285
-14.421859
-16.269582
-14.614267
-16.470177
-14.846093
-16.747863
-15.088404
-17.058218
-15.380719
-17.474019
-15.703173
-17.907570
-16.115564
-17.011812
-16.271015
-17.118264
-16.367178
-17.221624
-16.470616
-17.332459
-16.632644
-17.575441
-16.906915
-17.877037
-17.215108
-18.238535
-16.071962
-14.220178
-16.183666
-14.420864
-16.366941
-14.614384
-16.609104
-14.828687
-16.837645
-15.000388
-17.128839
-15.251316
-17.502966
-16.088081
-17.054201
-16.183716
-17.118258
-16.269708
-17.193610
-16.337014
-17.346551
-16.548194
-17.612766
-16.786125
-17.922434
-16.087738
-14.219872
-16.270674
-14.421445
-16.472400
-14.645023
-16.703368
-14.753348
-16.875663
-14.864742
-17.191168
-16.071992
-17.011783
-16.109995
-17.092577
-16.129969
-17.151600
-16.252416
-17.401374
-16.465476
-17.681059
-16.115751
-14.285972
-16.303235
-14.492748
-16.578901
-14.639940
-16.715916
-14.598591
-16.972635
-16.008656
-16.961435
-16.031852
-16.978142
-16.018349
-17.172640
-16.222937
-17.550614
-16.118410
-14.372728
-16.373362
-14.625986
-16.597841
-14.507893
-16.794894
-16.000595
-16.848577
-15.875847
-16.900664
-15.983097
-17.435912
-16.046702
-14.636264
-16.439089
-14.606056
-16.668959
-15.904725
-16.619175
-15.747032
-17.209122
-16.141544
-14.839855
-16.555441
-15.538252
-16.979869
-16.134614
-14.485153
-14.104184
-14.814279
-13.457979
-15.030888
-13.222783
-15.045964
-13.190821
-15.040733
-13.171370
-15.044282
-13.157393
-15.013798
-13.184946
-14.961382
-13.243150
-14.964621
-13.332154
-15.004588
-13.544785
-15.030737
-13.945083
-14.838161
-16.021633
-16.762017
-16.193435
-16.737085
-16.035805
-16.679746
-15.855861
-16.473504
-15.686054
-16.233023
-15.493602
-16.037783
-15.332009
-15.880700
-15.273772
-15.748708
-15.258809
-15.676118
-15.230835
-15.579045
-15.191223
-15.470235
-15.409454
-14.593778
-15.378791
-14.100543
-15.350471
-13.724050
-15.296958
-13.496416
-15.193765
-13.379434
-15.094983
-13.305332
-15.044249
-13.266528
-15.019596
-13.337528
-15.017721
-13.481411
-15.093925
-13.683432
-15.191522
-16.040401
-16.386376
-16.076411
-16.408070
-15.947027
-16.385076
-15.746676
-16.282631
-15.544243
-16.109648
-15.374188
-15.929141
-15.243997
-15.818654
-15.148348
-15.728712
-15.124281
-15.624805
-15.090842
-15.580129
-15.765558
-14.387551
-15.486852
-14.110270
-15.360468
-13.834637
-15.289591
-13.615778
-15.226718
-13.466637
-15.155565
-13.382191
-15.079793
-13.345308
-15.081955
-13.368394
-15.124276
-13.482947
-15.232474
-15.940928
-16.601275
-15.999377
-16.458445
-15.908029
-16.331993
-15.708122
-16.192278
-15.476428
-16.036464
-15.272796
-15.903793
-15.157931
-15.789024
-15.080067
-15.729473
-15.016504
-15.675284
-15.860200
-14.120829
-15.633459
-13.971083
-15.452575
-13.824775
-15.345881
-13.669175
-15.277303
-13.529349
-15.211661
-13.393658
-15.157473
-13.346251
-15.149408
-13.337832
-15.258692
-16.005298
-16.703555
-15.915530
-16.553816
-15.786931
-16.352921
-15.601050
-16.159754
-15.379023
-15.998986
-15.210666
-15.904508
-15.079244
-15.818055
-15.017283
-15.751138
-15.869705
-14.031777
-15.707321
-13.894050
-15.580362
-13.786111
-15.464220
-13.679400
-15.378282
-13.529850
-15.273155
-13.381990
-15.243968
-13.269860
-15.271733
-15.994779
-16.746348
-15.872799
-16.570031
-15.675235
-16.374033
-15.463329
-16.160052
-15.277375
-16.035976
-15.154685
-15.930756
-15.040630
-15.880997
-15.937018
-13.964671
-15.780929
-13.891299
-15.674759
-13.786523
-15.601342
-13.669051
-15.476349
-13.468955
-15.372659
-13.307219
-15.333467
-15.959254
-16.786012
-15.780844
-16.570366
-15.580519
-16.352479
-15.345236
-16.193289
-15.224520
-16.109324
-15.094661
-16.036307
-15.959228
-13.965163
-15.872907
-13.894174
-15.786395
-13.826432
-15.707012
-13.617318
-15.545216
-13.380307
-15.492711
-15.937258
-16.746204
-15.706929
-16.554551
-15.451182
-16.331924
-15.289112
-16.281143
-15.191687
-16.235104
-15.994350
-14.032978
-15.914446
-13.972066
-15.908329
-13.835584
-15.746295
-13.500637
-15.683668
-15.869009
-16.703426
-15.633646
-16.457871
-15.359172
-16.386436
-15.293957
-16.473498
-16.005575
-14.121560
-15.998318
-14.112844
-15.945245
-13.725706
-15.856515
-15.858941
-16.601922
-15.484994
-16.407702
-15.351082
-16.678717
-15.939232
-14.388707
-16.076757
-14.100993
-16.034178
-15.765528
-16.385972
-15.377882
-16.739078
-16.039026
-14.597464
-16.191421
-15.407698
-16.761195
-16.021984
-14.583287
-14.334330
-15.144936
-13.924873
-15.618463
-13.957605
-15.917749
-14.236169
-16.245744
-14.586353
-16.657823
-15.018261
-17.099323
-15.538236
-17.514981
-16.031263
-17.882143
-16.407769
-18.125042
-16.757926
-18.225848
-17.197626
-18.046950
-18.318209
-17.076797
-18.825027
-16.845485
-18.789810
-16.740080
-18.867003
-16.641682
-18.766537
-16.630748
-18.727057
-16.490619
-18.698205
-16.360044
-18.573550
-16.141907
-18.450363
-15.798281
-18.238603
-15.419343
-17.998944
-14.995902
-17.585376
-18.056760
-14.720914
-18.433245
-15.087140
-18.351908
-15.493201
-18.148946
-15.798132
-18.014615
-15.987628
-17.904235
-16.209919
-17.785931
-16.430129
-17.768140
-16.597649
-17.812043
-16.808727
-17.807298
-17.031739
-17.869693
-17.133711
-17.011552
-13.021554
-17.429122
-12.908525
-17.413281
-13.088577
-17.477308
-13.297473
-17.574437
-13.599513
-17.648206
-13.905359
-17.793942
-14.148970
-17.955479
-14.418958
-18.043879
-14.689385
-18.168422
-14.826193
-18.336022
-18.350885
-15.063990
-18.451704
-15.503367
-18.290957
-15.809599
-18.124126
-16.108526
-17.938785
-16.374283
-17.870076
-16.585775
-17.867715
-16.854371
-17.859076
-17.131268
-17.935163
-17.298913
-18.069698
-17.490899
-17.074931
-13.364347
-17.311936
-13.364194
-17.373452
-13.623025
-17.412128
-13.935778
-17.566829
-14.216669
-17.761632
-14.550408
-17.928555
-14.859990
-18.146318
-15.058008
-18.357062
-15.251083
-18.434578
-18.155240
-15.466291
-18.285933
-15.852779
-18.097710
-16.214005
-18.005110
-16.490744
-17.972660
-16.821575
-17.964568
-17.144413
-18.057098
-17.400358
-18.165049
-17.663209
-18.206257
-17.906036
-17.166592
-13.761803
-17.238658
-13.976043
-17.338976
-14.242190
-17.508192
-14.603536
-17.702842
-14.956872
-17.988203
-15.238000
-18.256310
-15.501093
-18.438506
-15.695751
-18.586321
-17.969999
-15.982972
-18.060234
-16.291477
-18.028720
-16.670193
-18.020688
-17.037593
-18.138954
-17.363790
-18.267546
-17.704572
-18.343814
-17.982575
-18.415752
-18.176070
-17.157731
-14.259450
-17.284252
-14.591896
-17.437499
-14.963810
-17.736458
-15.305411
-18.044673
-15.654320
-18.301659
-15.897253
-18.541008
-16.024441
-18.695634
-17.903847
-16.478159
-17.970619
-16.842263
-18.103124
-17.197798
-18.266990
-17.603717
-18.413435
-17.924784
-18.553324
-18.164381
-18.589021
-18.395948
-17.225359
-14.862300
-17.455013
-15.237275
-17.764373
-15.662325
-18.075255
-15.977362
-18.384408
-16.181811
-18.576277
-16.322722
-18.714199
-17.953686
-16.983688
-18.128571
-17.393199
-18.329250
-17.748362
-18.567626
-18.044289
-18.676892
-18.309735
-18.697241
-18.482578
-17.491132
-15.470363
-17.783887
-15.890833
-18.164815
-16.202570
-18.407027
-16.435854
-18.571274
-16.491069
-18.742808
-18.160013
-17.501938
-18.417029
-17.827540
-18.615612
-18.147162
-18.748255
-18.326773
-18.820544
-18.502854
-17.886630
-15.997413
-18.202656
-16.390628
-18.443436
-16.546334
-18.616668
-16.609018
-18.675177
-18.478897
-17.899525
-18.644187
-18.119680
-18.825646
-18.321512
-18.824840
-18.540601
-18.255629
-16.420693
-18.540721
-16.638103
-18.589469
-16.739559
-18.650150
-18.719913
-18.088908
-18.776265
-18.317737
-18.857966
-18.432525
-18.549931
-16.725068
-18.670441
-16.736583
-18.687068
-18.752815
-18.190939
-18.849270
-18.424321
-18.726004
-16.890500
-18.637087
-18.641919
-18.328279
-18.730285
-17.252680
-13.001243
-17.378352
-12.487232
-17.289612
-12.282761
-17.118462
-12.286988
-16.907479
-12.333410
-16.771286
-12.348246
-16.645156
-12.407680
-16.480024
-12.468923
-16.361324
-12.467150
-16.290255
-12.513732
-16.152565
-12.657978
-16.100752
-15.440659
-15.161110
-15.372823
-15.253071
-15.431629
-15.249083
-15.406398
-15.337057
-15.428439
-15.291303
-15.503407
-15.277167
-15.522017
-15.255355
-15.608034
-15.189096
-15.700577
-15.157831
-15.836686
-15.055823
-16.054753
-15.033927
-15.477581
-13.673930
-15.641913
-13.532944
-15.646351
-13.526147
-15.609974
-13.399717
-15.614608
-13.296870
-15.536618
-13.190717
-15.520463
-13.026558
-15.523619
-12.909975
-15.570981
-12.756577
-15.734312
-12.660657
-15.838969
-15.433571
-15.026448
-15.390635
-15.134278
-15.334251
-15.137189
-15.382544
-15.149886
-15.380198
-15.173834
-15.458156
-15.128262
-15.567560
-15.119944
-15.691941
-15.064883
-15.894636
-15.023497
-16.022346
-15.074583
-15.595298
-13.526000
-15.602492
-13.453134
-15.652567
-13.379828
-15.610025
-13.315025
-15.605383
-13.161165
-15.613418
-13.039103
-15.611647
-12.889702
-15.698832
-12.753727
-15.772430
-12.696826
-15.944365
-15.352338
-14.990948
-15.350398
-15.028078
-15.301007
-15.082946
-15.332714
-15.055866
-15.423281
-15.064769
-15.519802
-15.052227
-15.709119
-15.025264
-15.885148
-15.055132
-16.083233
-15.029248
-15.688540
-13.367815
-15.626773
-13.370145
-15.644830
-13.257784
-15.690170
-13.156651
-15.694064
-13.026948
-15.759868
-12.872380
-15.816450
-12.780292
-15.908811
-12.630084
-16.129338
-15.285784
-15.016181
-15.273325
-14.997552
-15.324189
-15.010506
-15.374514
-15.019204
-15.529535
-14.999658
-15.709083
-15.033481
-15.916901
-15.016273
-16.202251
-15.021110
-15.744922
-13.263100
-15.741571
-13.238904
-15.764055
-13.149870
-15.855172
-12.994038
-15.930665
-12.882162
-15.998766
-12.734715
-16.146410
-12.585114
-16.282707
-15.308024
-15.014143
-15.296568
-15.009724
-15.407927
-14.971856
-15.555641
-15.004279
-15.733771
-15.010170
-16.013434
-15.002347
-16.267526
-15.060617
-15.876468
-13.205195
-15.943203
-13.107010
-16.055898
-13.004231
-16.148064
-12.849051
-16.290584
-12.676814
-16.391423
-12.568240
-16.505422
-15.404384
-15.000725
-15.480333
-14.991938
-15.608679
-14.982762
-15.843232
-14.981132
-16.084980
-15.039447
-16.350018
-15.049933
-16.153698
-13.110920
-16.282627
-12.983561
-16.472394
-12.796794
-16.601977
-12.655660
-16.698344
-12.486054
-16.821620
-15.608734
-14.979545
-15.772344
-14.923806
-15.958839
-14.979909
-16.179444
-15.014063
-16.489204
-15.034679
-16.527910
-12.962984
-16.789402
-12.803245
-16.950615
-12.584724
-17.103900
-12.395977
-17.130582
-15.931158
-14.887081
-16.112110
-14.869600
-16.361652
-14.939705
-16.596278
-15.039481
-16.952594
-12.830383
-17.362840
-12.545108
-17.482469
-12.379086
-17.455501
-16.269535
-14.704377
-16.507705
-14.835216
-16.718916
-14.926734
-17.445065
-12.736008
-17.836352
-12.384113
-17.839452
-16.472212
-14.583422
-16.908405
-14.693199
-17.916798
-12.658317
-18.101202
-16.677232
-14.477100
-17.885070
-17.349460
-13.127310
-17.629055
-12.763603
-17.698185
-12.709635
-17.697821
-12.878204
-17.659103
-13.105146
-17.706991
-13.301877
-17.773856
-13.555000
-17.798646
-13.807956
-17.870833
-13.990215
-17.975822
-14.214263
-17.990574
-14.513806
-18.073084
-16.611493
-14.190112
-16.416927
-13.664094
-16.077638
-13.257021
-15.767728
-12.969123
-15.468358
-12.744401
-15.281494
-12.548508
-15.130709
-12.442619
-15.012614
-12.365331
-15.000690
-12.342913
-14.987058
-12.416148
-14.980933
-12.577655
-14.795696
-14.484828
-17.720426
-14.818278
-17.643836
-14.962491
-17.538768
-15.011962
-17.353760
-15.070375
-17.106099
-15.089051
-16.909063
-15.051699
-16.728132
-15.053014
-16.523928
-15.075112
-16.373762
-15.026764
-16.292882
-14.956699
-16.171070
-17.775992
-12.729808
-17.591890
-12.552626
-17.428404
-12.435596
-17.290284
-12.371624
-17.122188
-12.394883
-16.921972
-12.419150
-16.776018
-12.403335
-16.639814
-12.425436
-16.471044
-12.485793
-16.332129
-12.516705
-16.265771
-14.950195
-17.696361
-15.047541
-17.604543
-15.127819
-17.478798
-15.129556
-17.363772
-15.089399
-17.204308
-15.090722
-17.003242
-15.083837
-16.854796
-15.037465
-16.730296
-15.016178
-16.584348
-15.004507
-16.471642
-17.856149
-12.690481
-17.670884
-12.591710
-17.513106
-12.548332
-17.352118
-12.509397
-17.231349
-12.464794
-17.092975
-12.471462
-16.915463
-12.480777
-16.777838
-12.460834
-16.662367
-12.452886
-16.571405
-15.253852
-17.687317
-15.276152
-17.613007
-15.257049
-17.510843
-15.234666
-17.380010
-15.177615
-17.271573
-15.101463
-17.145948
-15.069358
-16.994789
-15.043661
-16.882046
-14.992951
-16.789203
-17.921259
-12.731532
-17.712724
-12.697896
-17.586127
-12.643568
-17.453960
-12.625717
-17.315272
-12.586137
-17.210944
-12.528038
-17.089234
-12.508277
-16.951586
-12.459817
-16.903963
-15.466273
-17.714762
-15.444268
-17.617191
-15.393240
-17.553631
-15.300817
-17.458186
-15.240459
-17.340794
-15.161419
-17.260500
-15.075812
-17.165933
-15.039450
-17.064743
-17.917693
-12.828057
-17.771953
-12.822241
-17.625180
-12.782408
-17.535349
-12.713762
-17.432775
-12.672598
-17.314857
-12.600566
-17.244791
-12.480554
-17.210624
-15.698043
-17.724280
-15.571459
-17.670459
-15.504684
-17.585260
-15.402888
-17.531474
-15.282525
-17.454507
-15.212261
-17.364813
-15.127841
-17.343914
-17.847537
-13.019938
-17.790411
-12.940463
-17.690108
-12.906749
-17.588451
-12.831019
-17.533468
-12.716293
-17.465152
-12.607376
-17.426326
-15.900719
-17.701468
-15.743746
-17.708015
-15.592978
-17.651570
-15.487588
-17.578929
-15.371286
-17.555467
-15.240573
-17.547879
-17.831271
-13.221693
-17.762271
-13.112826
-17.736660
-13.007063
-17.678120
-12.917518
-17.611873
-12.761097
-17.629656
-16.042707
-17.734381
-15.910743
-17.698248
-15.722145
-17.694353
-15.556683
-17.668931
-15.441832
-17.674571
-17.833563
-13.378280
-17.784958
-13.287105
-17.749175
-13.142348
-17.747503
-12.944902
-17.752000
-16.229944
-17.774193
-16.028839
-17.723371
-15.853778
-17.708527
-15.668188
-17.786366
-17.805147
-13.574646
-17.827446
-13.421958
-17.794820
-13.240917
-17.796806
-16.432248
-17.770509
-16.170904
-17.759416
-15.945724
-17.804028
-17.831443
-13.799672
-17.837129
-13.564235
-17.849960
-16.552448
-17.788569
-16.306021
-17.803623
-17.912364
-13.982355
-17.877149
-16.639107
-17.856857
-17.937730
-14.586271
-14.331857
-15.145461
-13.923504
-15.619850
-13.955087
-15.919405
-14.234755
-16.246268
-14.585453
-16.658773
-15.016819
-17.100432
-15.537331
-17.515533
-16.030720
-17.882810
-16.407131
-18.125722
-16.757592
-18.226277
-17.197458
-18.047337
-18.318149
-17.076670
-18.825002
-16.845150
-18.790039
-16.739179
-18.867487
-16.640755
-18.766728
-16.629563
-18.727737
-16.488432
-18.699173
-16.358068
-18.573979
-16.139560
-18.451734
-15.794469
-18.240295
-15.415802
-17.999748
-14.991626
-17.587766
-18.056863
-14.722573
-18.434681
-15.087675
-18.352671
-15.496081
-18.148233
-15.800464
-18.016015
-15.988683
-17.905040
-16.213096
-17.785363
-16.432866
-17.769570
-16.599120
-17.813168
-16.811881
-17.807278
-17.034760
-17.871335
-17.135201
-17.012354
-13.017753
-17.430054
-12.906488
-17.412602
-13.086152
-17.478545
-13.293429
-17.575206
-13.597272
-17.647532
-13.902496
-17.795111
-14.144617
-17.956240
-14.416029
-18.043403
-14.686050
-18.169418
-14.821250
-18.337278
-18.352018
-15.066659
-18.450664
-15.505497
-18.292237
-15.810183
-18.124849
-16.111207
-17.938163
-16.376519
-17.871362
-16.586836
-17.868624
-16.857076
-17.858939
-17.133743
-17.936575
-17.300088
-18.071324
-17.493169
-17.074186
-13.361926
-17.313312
-13.360834
-17.373808
-13.621555
-17.411441
-13.933427
-17.567906
-14.213105
-17.762144
-14.548218
-17.928060
-14.857242
-18.147238
-15.053945
-18.357931
-15.247936
-18.434561
-18.156286
-15.467184
-18.286357
-15.854825
-18.097581
-16.215521
-18.006254
-16.491578
-17.973333
-16.823754
-17.964485
-17.146302
-18.058326
-17.401283
-18.166267
-17.665238
-18.206714
-17.907872
-17.167050
-13.760197
-17.238053
-13.974460
-17.339476
-14.239441
-17.508687
-14.601772
-17.702419
-14.954778
-17.988916
-15.234789
-18.256937
-15.498719
-18.438319
-15.693004
-18.587196
-17.969514
-15.984535
-18.061275
-16.291820
-18.029509
-16.672049
-18.020325
-17.039289
-18.139914
-17.364421
-18.268511
-17.706322
-18.343971
-17.984156
-18.417071
-18.176815
-17.158434
-14.257056
-17.284379
-14.590805
-17.436951
-14.961924
-17.737346
-15.302671
-18.045112
-15.652668
-18.301339
-15.895130
-18.541784
-16.021396
-18.696258
-17.904165
-16.479766
-17.970582
-16.843415
-18.103929
-17.198601
-18.267426
-17.605320
-18.413537
-17.925936
-18.554423
-18.165005
-18.589944
-18.397394
-17.224948
-14.860915
-17.455417
-15.235274
-17.764675
-15.660841
-18.075075
-15.975739
-18.384842
-16.179600
-18.576626
-16.320970
-18.714092
-17.954322
-16.984232
-18.129077
-17.394518
-18.329159
-17.749555
-18.568427
-18.044701
-18.677784
-18.310816
-18.697527
-18.483707
-17.491160
-15.469449
-17.783474
-15.889590
-18.165216
-16.200698
-18.407198
-16.434735
-18.570891
-16.489670
-18.743254
-18.159919
-17.502863
-18.417640
-17.828047
-18.616055
-18.148248
-18.748431
-18.327559
-18.821428
-18.503266
-17.886842
-15.996106
-18.202632
-16.389800
-18.443159
-16.545243
-18.616895
-16.607506
-18.675348
-18.479077
-17.900519
-18.644216
-18.120438
-18.826178
-18.321925
-18.825354
-18.541416
-18.255319
-16.419917
-18.540777
-16.637040
-18.589520
-16.738791
-18.649926
-18.720237
-18.089349
-18.776556
-18.318441
-18.858015
-18.433139
-18.549744
-16.724628
-18.670122
-16.736022
-18.687174
-18.752839
-18.191486
-18.849547
-18.424609
-18.725860
-16.890008
-18.637017
-18.642008
-18.328707
-18.730053
-17.254654
-12.998897
-17.377195
-12.485380
-17.290989
-12.276578
-17.121069
-12.283397
-16.904742
-12.331321
-16.771943
-12.339123
-16.647971
-12.402479
-16.474431
-12.465827
-16.361034
-12.453733
-16.292954
-12.506101
-16.144375
-12.653169
-16.100591
-15.438548
-15.166391
-15.376846
-15.253621
-15.437283
-15.260811
-15.400593
-15.346037
-15.435013
-15.288487
-15.504843
-15.289810
-15.510536
-15.264704
-15.610784
-15.187167
-15.700196
-15.169695
-15.826092
-15.065244
-16.057164
-15.034713
-15.477961
-13.667402
-15.641072
-13.530944
-15.637427
-13.521975
-15.614114
-13.385240
-15.618029
-13.295766
-15.531067
-13.185560
-15.530411
-13.009930
-15.531504
-12.906148
-15.569227
-12.749374
-15.744809
-12.644172
-15.845312
-15.434059
-15.033379
-15.387943
-15.141418
-15.340496
-15.136096
-15.385938
-15.160116
-15.372747
-15.181032
-15.462652
-15.125842
-15.568208
-15.130774
-15.682309
-15.073052
-15.896970
-15.023269
-16.021486
-15.086549
-15.591566
-13.522983
-15.603764
-13.442940
-15.652944
-13.378493
-15.603470
-13.311126
-15.611792
-13.147875
-15.618086
-13.037186
-15.608187
-12.884135
-15.707926
-12.739075
-15.778488
-12.693144
-15.942411
-15.355083
-14.991684
-15.353072
-15.036040
-15.297212
-15.089066
-15.337952
-15.053875
-15.425113
-15.073796
-15.512565
-15.058760
-15.712462
-15.024139
-15.884895
-15.065568
-16.075183
-15.036824
-15.688142
-13.366324
-15.621673
-13.366688
-15.647927
-13.247219
-15.692055
-13.155431
-15.689505
-13.022790
-15.766614
-12.860127
-15.820873
-12.777889
-15.906343
-12.624015
-16.137159
-15.283891
-15.020746
-15.277436
-14.997038
-15.326630
-15.018165
-15.370147
-15.024598
-15.533742
-14.998160
-15.709831
-15.042152
-15.910265
-15.022549
-16.205037
-15.021293
-15.746332
-13.255907
-15.742006
-13.237585
-15.759484
-13.146103
-15.859166
-12.983851
-15.933063
-12.880747
-15.995581
-12.730088
-16.152784
-12.573612
-16.286541
-15.309655
-15.019789
-15.294004
-15.014017
-15.412073
-14.971168
-15.557522
-15.011627
-15.729162
-15.015127
-16.016689
-15.001834
-16.267802
-15.069048
-15.873217
-13.202263
-15.945674
-13.099272
-16.056911
-13.002810
-16.144274
-12.845239
-16.295074
-12.667236
-16.394039
-12.566169
-16.503056
-15.407450
-15.000516
-15.481949
-14.997543
-15.605673
-14.986806
-15.846858
-14.980544
-16.086069
-15.046474
-16.345667
-15.054822
-16.153949
-13.109715
-16.279606
-12.980671
-16.475571
-12.789186
-16.603458
-12.654096
-16.695462
-12.481837
-16.826124
-15.607117
-14.982710
-15.775388
-14.923148
-15.959927
-14.985295
-16.176396
-15.018052
-16.492351
-15.034704
-16.529633
-12.956963
-16.790173
-12.802214
-16.948165
-12.581620
-17.107126
-12.388297
-17.132179
-15.932568
-14.891565
-16.110244
-14.872637
-16.364493
-14.939421
-16.597378
-15.044949
-16.950208
-12.827429
-17.364763
-12.538861
-17.483379
-12.377446
-17.453351
-16.272136
-14.704649
-16.509447
-14.839818
-16.717248
-14.929878
-17.445597
-12.734125
-17.833803
-12.380846
-17.841655
-16.471062
-14.586276
-16.911252
-14.693287
-17.918712
-12.653196
-18.101810
-16.678208
-14.480028
-17.884416
-17.350141
-13.125816
-17.627903
-12.760905
-17.699865
-12.705182
-17.698542
-12.876120
-17.658294
-13.102080
-17.708514
-13.297126
-17.774696
-13.552245
-17.797935
-13.804406
-17.872139
-13.985001
-17.976718
-14.210587
-17.990063
-14.509780
-18.074134
-16.615478
-14.185459
-16.419524
-13.659283
-16.082735
-13.249989
-15.772650
-12.964627
-15.471289
-12.738549
-15.288680
-12.539141
-15.137015
-12.437744
-15.015582
-12.357938
-15.010882
-12.329745
-14.995573
-12.410286
-14.984325
-12.566936
-14.810823
-14.484423
-17.722113
-14.820680
-17.642208
-14.966737
-17.539998
-15.012055
-17.356985
-15.074275
-17.104032
-15.095670
-16.911427
-15.052127
-16.733732
-15.059081
-16.521768
-15.085112
-16.377994
-15.027902
-16.300945
-14.965475
-16.167464
-17.777002
-12.724813
-17.594165
-12.549553
-17.426812
-12.433571
-17.291272
-12.364380
-17.124815
-12.390511
-16.918392
-12.416502
-16.776205
-12.392734
-16.642584
-12.418993
-16.465055
-12.481704
-16.332191
-12.501540
-16.270792
-14.953263
-17.697332
-15.048016
-17.606840
-15.130745
-17.477279
-15.134610
-17.365322
-15.089856
-17.208228
-15.095442
-17.001369
-15.091701
-16.857605
-15.038737
-16.736311
-15.023404
-16.581634
-15.016280
-16.473881
-17.855144
-12.688560
-17.671942
-12.586000
-17.515366
-12.544703
-17.349843
-12.506961
-17.231939
-12.456442
-17.095362
-12.466213
-16.911273
-12.477248
-16.778004
-12.448783
-16.665864
-12.444738
-16.567087
-15.256331
-17.686207
-15.279907
-17.614191
-15.257617
-17.513590
-15.238297
-17.378458
-15.183764
-17.273538
-15.102632
-17.150418
-15.075200
-16.992722
-15.052954
-16.884262
-14.995655
-16.793958
-17.923107
-12.728437
-17.711433
-12.695630
-17.586869
-12.636939
-17.456091
-12.621270
-17.312443
-12.583054
-17.211358
-12.518475
-17.091892
-12.501723
-16.947895
-12.454935
-16.905205
-15.466921
-17.716753
-15.447216
-17.616041
-15.397819
-17.555016
-15.302043
-17.461348
-15.245020
-17.339337
-15.168683
-17.262408
-15.077992
-17.169975
-15.046456
-17.061860
-17.918533
-12.822822
-17.773684
-12.818569
-17.623417
-12.779528
-17.535939
-12.706221
-17.435012
-12.667286
-17.312017
-12.596432
-17.245640
-12.469772
-17.214009
-15.701642
-17.725315
-15.572495
-17.672715
-15.508379
-17.584037
-15.408448
-17.532996
-15.284464
-17.457708
-15.217782
-17.362868
-15.136111
-17.345304
-17.846537
-13.017349
-17.791101
-12.934442
-17.691933
-12.902385
-17.586652
-12.827447
-17.534167
-12.707640
-17.467681
-12.601085
-17.423902
-15.903592
-17.700680
-15.748000
-17.709044
-15.594639
-17.653947
-15.492108
-17.577571
-15.377747
-17.556793
-15.243268
-17.550772
-17.832761
-13.218066
-17.761148
-13.109685
-17.737464
-13.000141
-17.680073
-12.912268
-17.610051
-12.756675
-17.630644
-16.044115
-17.736054
-15.914298
-17.697319
-15.727284
-17.695441
-15.559043
-17.671291
-15.447123
-17.672993
-17.834422
-13.372701
-17.786528
-13.282769
-17.747978
-13.138398
-17.748348
-12.937100
-17.754117
-16.233798
-17.775204
-16.030866
-17.725095
-15.858136
-17.707537
-15.674038
-17.787432
-17.804442
-13.571150
-17.828414
-13.415575
-17.796448
-13.235858
-17.795619
-16.435712
-17.769771
-16.175407
-17.760445
-15.948351
-17.805813
-17.832947
-13.795519
-17.836456
-13.560072
-17.850940
-16.554401
-17.789898
-16.310160
-17.802925
-17.913722
-13.976337
-17.878576
-16.642855
-17.858068
-17.937609
-17.349843
-13.126488
-17.627732
-12.760866
-17.699987
-12.705314
-17.698337
-12.876233
-17.658308
-13.102081
-17.708475
-13.297219
-17.774689
-13.552274
-17.797896
-13.804430
-17.872168
-13.985046
-17.976687
-14.210557
-17.990084
-14.509798
-18.074138
-18.730101
-18.328721
-18.637013
-18.424609
-18.687165
-18.433166
-18.649910
-18.541384
-18.675286
-18.503264
-18.743265
-18.483762
-18.714204
-18.397412
-18.696321
-18.176768
-18.587151
-17.907877
-18.434527
-17.493194
-18.337277
-17.135198
-18.641979
-16.890007
-18.849561
-16.736059
-18.858009
-16.738776
-18.825369
-16.607603
-18.821526
-16.489834
-18.697545
-16.320904
-18.589888
-16.021283
-18.417079
-15.692991
-18.206731
-15.247960
-18.071299
-14.821241
-17.871350
-18.725870
-18.191442
-18.670055
-18.318408
-18.589532
-18.321926
-18.616823
-18.327434
-18.570606
-18.310679
-18.576533
-18.165002
-18.541921
-17.984194
-18.438356
-17.665210
-18.357906
-17.300099
-18.169399
-17.034730
-18.752872
-16.724681
-18.776623
-16.637030
-18.826202
-16.545214
-18.748472
-16.434996
-18.677952
-16.179870
-18.554495
-15.895067
-18.343955
-15.498667
-18.166272
-15.053940
-17.936592
-14.686042
-17.807261
-18.549721
-18.089323
-18.540767
-18.120357
-18.443232
-18.148275
-18.407090
-18.044624
-18.384586
-17.925840
-18.301256
-17.706282
-18.256965
-17.401311
-18.147234
-17.133793
-18.043451
-16.811877
-18.720213
-16.419857
-18.644332
-16.389690
-18.616064
-16.200657
-18.568313
-15.975808
-18.413566
-15.652814
-18.268609
-15.234840
-18.058370
-14.857232
-17.858847
-14.416028
-17.813207
-18.255373
-17.900456
-18.202761
-17.827931
-18.165326
-17.749770
-18.075231
-17.605462
-18.045134
-17.364360
-17.988768
-17.146222
-17.928057
-16.857118
-17.956224
-16.599141
-18.479018
-15.995974
-18.417830
-15.889490
-18.329056
-15.660618
-18.267071
-15.302402
-18.139891
-14.954832
-17.964592
-14.548294
-17.868668
-14.144589
-17.769511
-17.886994
-17.502811
-17.783509
-17.394422
-17.764844
-17.198946
-17.737703
-17.039504
-17.702566
-16.823668
-17.762032
-16.586810
-17.795181
-16.432825
-18.159950
-15.469475
-18.129176
-15.235296
-18.103870
-14.961719
-18.020032
-14.601587
-17.973353
-14.213053
-17.871324
-13.902523
-17.785448
-17.491229
-16.984262
-17.455224
-16.843313
-17.436898
-16.672083
-17.508732
-16.491735
-17.568064
-16.376586
-17.647515
-16.213079
-17.954306
-14.860989
-17.970669
-14.591150
-18.029819
-14.239653
-18.006229
-13.933401
-17.938059
-13.597165
-17.904981
-17.225063
-16.479852
-17.284113
-16.291490
-17.339069
-16.215181
-17.411297
-16.111362
-17.575359
-15.988749
-17.904159
-14.256916
-18.061433
-13.974888
-18.098114
-13.621835
-18.124899
-13.293375
-18.016021
-17.158727
-15.984648
-17.237999
-15.854628
-17.373675
-15.809974
-17.478474
-15.800433
-17.969426
-13.759790
-18.286135
-13.360817
-18.292290
-13.086229
-18.148370
-17.167114
-15.467651
-17.313749
-15.505920
-17.412795
-15.496039
-18.156297
-13.361435
-18.450065
-12.906165
-18.352537
-17.074055
-15.067047
-17.430530
-15.087833
-18.352720
-13.017783
-18.434532
-17.011638
-14.722167
-18.058017
-14.488251
-14.102205
-14.814554
-13.456052
-15.033614
-13.218652
-15.048199
-13.190008
-15.040580
-13.169029
-15.048144
-13.152298
-15.016602
-13.183857
-14.961887
-13.240568
-14.969730
-13.327327
-15.008197
-13.544029
-15.033098
-13.942762
-14.843401
-15.181189
-13.903592
-15.646335
-13.684243
-15.621544
-13.570091
-15.686837
-13.466084
-15.567513
-13.427331
-15.530349
-13.267298
-15.507642
-13.171041
-15.434580
-13.039229
-15.458485
-12.866602
-15.474203
-12.767866
-15.523819
-12.665491
-15.432236
-17.885625
-14.479632
-18.101635
-14.693460
-17.841518
-14.929845
-17.453486
-15.044915
-17.132178
-15.034773
-16.826060
-15.054810
-16.503149
-15.069005
-16.286482
-15.021321
-16.137198
-15.036822
-15.942402
-15.086522
-15.845325
-15.034711
-16.677504
-12.653193
-16.911776
-12.380508
-16.717445
-12.377514
-16.597307
-12.388248
-16.492516
-12.481730
-16.345661
-12.566201
-16.267872
-12.573589
-16.205028
-12.624012
-16.075234
-12.693137
-16.021465
-12.644163
-16.057165
-17.919374
-14.586693
-17.833162
-14.840242
-17.483443
-14.939213
-17.107186
-15.018211
-16.695356
-15.046544
-16.394002
-15.001807
-16.152832
-15.022590
-15.906248
-15.065621
-15.778503
-15.023279
-15.744787
-15.065272
-16.470950
-12.733599
-16.509894
-12.538869
-16.364341
-12.581907
-16.176247
-12.654073
-16.086233
-12.667190
-16.016583
-12.730174
-15.910261
-12.777881
-15.884899
-12.739069
-15.896947
-12.749401
-15.826058
-17.445589
-14.705133
-17.364554
-14.872405
-16.948721
-14.984957
-16.603440
-14.980711
-16.295093
-15.015043
-15.995694
-15.042071
-15.820918
-15.024168
-15.707928
-15.073024
-15.569244
-15.169698
-16.272203
-12.827012
-16.110177
-12.802684
-15.959514
-12.789394
-15.846918
-12.845042
-15.729312
-12.880807
-15.709685
-12.860183
-15.712491
-12.884079
-15.682352
-12.906139
-15.700150
-16.950118
-14.891690
-16.790351
-14.922798
-16.475876
-14.986865
-16.143968
-15.011859
-15.933034
-14.998102
-15.766716
-15.058725
-15.608170
-15.130818
-15.531506
-15.187123
-15.932872
-12.956815
-15.775120
-12.981030
-15.605648
-13.002584
-15.557902
-12.983576
-15.533760
-13.022942
-15.512482
-13.037123
-15.568348
-13.009814
-15.610846
-16.529615
-14.982813
-16.279699
-14.997442
-16.056833
-14.971537
-15.858804
-15.024742
-15.689545
-15.073691
-15.618164
-15.125844
-15.530354
-15.264727
-15.607253
-13.109779
-15.481760
-13.099294
-15.412269
-13.145871
-15.370308
-13.155515
-15.424844
-13.148151
-15.462563
-13.185491
-15.510651
-16.153921
-15.000559
-15.945786
-15.013920
-15.759373
-15.018385
-15.691952
-15.053783
-15.611982
-15.180884
-15.531086
-15.289872
-15.407535
-13.202286
-15.294030
-13.237498
-15.326744
-13.247185
-15.337837
-13.311402
-15.372460
-13.295929
-15.504866
-15.873243
-15.019745
-15.742207
-14.996926
-15.647930
-15.089097
-15.603517
-15.159984
-15.618129
-15.288491
-15.309819
-13.255779
-15.277549
-13.366592
-15.297286
-13.378467
-15.385867
-13.385341
-15.434959
-15.746272
-15.020692
-15.621794
-15.035968
-15.652959
-15.136106
-15.614127
-15.346008
-15.283967
-13.366262
-15.353058
-13.442930
-15.340520
-13.521954
-15.400584
-15.688113
-14.991664
-15.603838
-15.141388
-15.637416
-15.260843
-15.355071
-13.523039
-15.387871
-13.530985
-15.437279
-15.591592
-15.033339
-15.641091
-15.253623
-15.434076
-13.667407
-15.376838
-15.477933
-15.166401
-15.438605
-17.254304
-12.999573
-17.377038
-12.485347
-17.291118
-12.276702
-17.120866
-12.283519
-16.904765
-12.331325
-16.771911
-12.339215
-16.647964
-12.402514
-16.474393
-12.465849
-16.361066
-12.453777
-16.292920
-12.506075
-16.144397
-12.653186
-16.100595
-17.937603
-17.858103
-17.878589
-17.802914
-17.850918
-17.805773
-17.795583
-17.787395
-17.754063
-17.672967
-17.630610
-17.550734
-17.423878
-17.345248
-17.213971
-17.061826
-16.905161
-16.793938
-16.567074
-16.473893
-16.270829
-16.167455
-16.642880
-13.976325
-16.310171
-13.560101
-15.948365
-13.235839
-15.674006
-12.937075
-15.447100
-12.756671
-15.243254
-12.601076
-15.136092
-12.469741
-15.046428
-12.454917
-14.995669
-12.444769
-15.016288
-12.501530
-14.965500
-17.913723
-17.789931
-17.836474
-17.760429
-17.796492
-17.707578
-17.748394
-17.671325
-17.610049
-17.556798
-17.467685
-17.362872
-17.245677
-17.170024
-16.947940
-16.884305
-16.665850
-16.581653
-16.332225
-16.300947
-16.554371
-13.795502
-16.175396
-13.415598
-15.858149
-13.138383
-15.559036
-12.912234
-15.377694
-12.707581
-15.217733
-12.596398
-15.077987
-12.501708
-15.052967
-12.448810
-15.023390
-12.481692
-15.027870
-17.832906
-17.769743
-17.828393
-17.725042
-17.747943
-17.695421
-17.680023
-17.577547
-17.534129
-17.457673
-17.311992
-17.262355
-17.091875
-16.992680
-16.777956
-16.736288
-16.465029
-16.377958
-16.435722
-13.571138
-16.030855
-13.282758
-15.727305
-13.000142
-15.492138
-12.827499
-15.284484
-12.667337
-15.168710
-12.518478
-15.075221
-12.477237
-15.038730
-12.418979
-15.085129
-17.804474
-17.775273
-17.786570
-17.697337
-17.737493
-17.654011
-17.586725
-17.533092
-17.435104
-17.339411
-17.211421
-17.150446
-16.911297
-16.857649
-16.642659
-16.521801
-16.233805
-13.372675
-15.914334
-13.109721
-15.594686
-12.902415
-15.408456
-12.706278
-15.245025
-12.583091
-15.102675
-12.466254
-15.091737
-12.392709
-15.059094
-17.834402
-17.736046
-17.761130
-17.708973
-17.691915
-17.583996
-17.535901
-17.461305
-17.312403
-17.273518
-17.095288
-17.001357
-16.776193
-16.733718
-16.044086
-13.218042
-15.747998
-12.934447
-15.508392
-12.779555
-15.302096
-12.621300
-15.183776
-12.456451
-15.095437
-12.416483
-15.052097
-17.832797
-17.700711
-17.791125
-17.672701
-17.623408
-17.554973
-17.456059
-17.378443
-17.231935
-17.208254
-16.918426
-16.911469
-15.903604
-13.017310
-15.572473
-12.818526
-15.397797
-12.636883
-15.238279
-12.506910
-15.089843
-12.390463
-15.095693
-17.846507
-17.725386
-17.773641
-17.616008
-17.586808
-17.513538
-17.349808
-17.365284
-17.124889
-17.103997
-15.701666
-12.822797
-15.447237
-12.695677
-15.257602
-12.544750
-15.134630
-12.364358
-15.074298
-17.918598
-17.716810
-17.711492
-17.614244
-17.515416
-17.477347
-17.291330
-17.357050
-15.466905
-12.728445
-15.279848
-12.586011
-15.130677
-12.433591
-15.012026
-17.923196
-17.686228
-17.671977
-17.606863
-17.426843
-17.540074
-15.256455
-12.688508
-15.048312
-12.549503
-14.966863
-17.855062
-17.697347
-17.594172
-17.642130
-14.953223
-12.724771
-14.820645
-17.776769
-17.721890
-14.483819
-18.318143
-17.076777
-18.824983
-16.845482
-18.789736
-16.740047
-18.866998
-16.641703
-18.766516
-16.630626
-18.726844
-16.490407
-18.698081
-16.359965
-18.573541
-16.141902
-18.450384
-15.798331
-18.238635
-15.419353
-17.998923
-14.995890
-17.585403
-18.594239
-18.453354
-18.475199
-18.554177
-18.570314
-18.532013
-18.552826
-18.693942
-18.576670
-18.689048
-18.623397
-18.738148
-18.539709
-18.770343
-18.455316
-18.715331
-18.278762
-18.672039
-18.003321
-18.592259
-17.707351
-18.503607
-18.550342
-17.028660
-18.782873
-16.821293
-18.810168
-16.875286
-18.730589
-16.738165
-18.778235
-16.706738
-18.703536
-16.682765
-18.678701
-16.524647
-18.597825
-16.309997
-18.389879
-15.943068
-18.116585
-15.456837
-17.707362
-18.721542
-18.261347
-18.615535
-18.419633
-18.468259
-18.453477
-18.628554
-18.545895
-18.563205
-18.677052
-18.568066
-18.690631
-18.556898
-18.739848
-18.450075
-18.743205
-18.319851
-18.681131
-18.116589
-18.592244
-18.666329
-16.969134
-18.656000
-16.942157
-18.816215
-16.801244
-18.655851
-16.869437
-18.657353
-16.795398
-18.687077
-16.762001
-18.614465
-16.642311
-18.522008
-16.357771
-18.319878
-15.943065
-18.003311
-18.625869
-18.252218
-18.582087
-18.158326
-18.503437
-18.491599
-18.538341
-18.504584
-18.603573
-18.622250
-18.558565
-18.726214
-18.563101
-18.745954
-18.521955
-18.743206
-18.389852
-18.672030
-18.734082
-16.795110
-18.778178
-17.003636
-18.585350
-16.792546
-18.650836
-16.853872
-18.570807
-16.902569
-18.583857
-16.808237
-18.563107
-16.642334
-18.450085
-16.310007
-18.278772
-18.598155
-18.180391
-18.313481
-18.181560
-18.633746
-18.393533
-18.484940
-18.592051
-18.516449
-18.654592
-18.583825
-18.726137
-18.614522
-18.739793
-18.597861
-18.715320
-18.737302
-16.733246
-18.899184
-16.727006
-18.441511
-16.954992
-18.443888
-16.945547
-18.516403
-16.902701
-18.558540
-16.762126
-18.556782
-16.524722
-18.455263
-18.673937
-18.125303
-18.341704
-18.537244
-18.362148
-18.531706
-18.444058
-18.591874
-18.570873
-18.622078
-18.687147
-18.690537
-18.678805
-18.770316
-18.700317
-16.270347
-18.533508
-16.775283
-18.362051
-16.955147
-18.484806
-16.854102
-18.603531
-16.795474
-18.568069
-16.682739
-18.539717
-19.499659
-18.194868
-18.533486
-18.537171
-18.441554
-18.393325
-18.650907
-18.504471
-18.657311
-18.677175
-18.703387
-18.738326
-19.499699
-16.270359
-18.341759
-16.727125
-18.633775
-16.792697
-18.538353
-16.869365
-18.563392
-16.706446
-18.623677
-18.700282
-18.125275
-18.899105
-18.181452
-18.585296
-18.491571
-18.655799
-18.546107
-18.777986
-18.689357
-18.673961
-16.733304
-18.313550
-17.003722
-18.503463
-16.801205
-18.628607
-16.737973
-18.576859
-18.737314
-18.180331
-18.778175
-18.158290
-18.816261
-18.453527
-18.730597
-18.694023
-18.598113
-16.795160
-18.582041
-16.942161
-18.468203
-16.875272
-18.552808
-18.734156
-18.252232
-18.656062
-18.419687
-18.810180
-18.532033
-18.625794
-16.969083
-18.615531
-16.821226
-18.570393
-18.666407
-18.261421
-18.782837
-18.554241
-18.721493
-17.028639
-18.475260
-18.550356
-18.453359
-18.594294
-17.988874
-17.342916
-18.270033
-16.915698
-18.303779
-16.762453
-18.191232
-16.636079
-18.189034
-15.818124
-19.305311
-12.599697
-19.305297
-15.818136
-18.189027
-16.636068
-18.191229
-16.762458
-18.303758
-16.915692
-18.270044
-17.342884
-17.988882
-18.318086
-17.076633
-18.824957
-16.845130
-18.789988
-16.739164
-18.867473
-16.640755
-18.766709
-16.629493
-18.727624
-16.488319
-18.699111
-16.358014
-18.574004
-16.139554
-18.451744
-15.794517
-18.240293
-15.415833
-17.999751
-14.991636
-17.587807
-18.594389
-18.453310
-18.475541
-18.554034
-18.570829
-18.532087
-18.553105
-18.694189
-18.577457
-18.688952
-18.624478
-18.738556
-18.540214
-18.770876
-18.456640
-18.715194
-18.280400
-18.672861
-18.004236
-18.593310
-17.709575
-18.503629
-18.550351
-17.028403
-18.783010
-16.820885
-18.810242
-16.874685
-18.731017
-16.736844
-18.778816
-16.705402
-18.703776
-16.681261
-18.679711
-16.522038
-18.599089
-16.307554
-18.390512
-15.940079
-18.118387
-15.452156
-17.709564
-18.721684
-18.261373
-18.615696
-18.419705
-18.468663
-18.453334
-18.629182
-18.546121
-18.563609
-18.677397
-18.568947
-18.690415
-18.558000
-18.740326
-18.450677
-18.743878
-18.321438
-18.681040
-18.118380
-18.593292
-18.666316
-16.968933
-18.656187
-16.941580
-18.816563
-16.800570
-18.656008
-16.868508
-18.657975
-16.793756
-18.687966
-16.760452
-18.614920
-16.640343
-18.523304
-16.354481
-18.321468
-15.940091
-18.004250
-18.625976
-18.252166
-18.582341
-18.158381
-18.503633
-18.491728
-18.538896
-18.504389
-18.604273
-18.622470
-18.558930
-18.726592
-18.564174
-18.745785
-18.523269
-18.743876
-18.390481
-18.672841
-18.734148
-16.794903
-18.778248
-17.003230
-18.585686
-16.791647
-18.651382
-16.853010
-18.571109
-16.901386
-18.584709
-16.806108
-18.564192
-16.640350
-18.450680
-16.307563
-18.280418
-18.598204
-18.180437
-18.313728
-18.181449
-18.634144
-18.393607
-18.485109
-18.592208
-18.517117
-18.654436
-18.584680
-18.726550
-18.614941
-18.740295
-18.599114
-18.715187
-18.737348
-16.732949
-18.899387
-16.726580
-18.441678
-16.954369
-18.444462
-16.944262
-18.517095
-16.901454
-18.558922
-16.760516
-18.557936
-16.522078
-18.456587
-18.674047
-18.125332
-18.341830
-18.537301
-18.362503
-18.531556
-18.444553
-18.592115
-18.571137
-18.622377
-18.688005
-18.690359
-18.679772
-18.770867
-18.700335
-16.270121
-18.533731
-16.774667
-18.362447
-16.954440
-18.485039
-16.853122
-18.604249
-16.793784
-18.568938
-16.681243
-18.540203
-19.499743
-18.194816
-18.533707
-18.537269
-18.441701
-18.393506
-18.651410
-18.504332
-18.657955
-18.677460
-18.703701
-18.738642
-19.499784
-16.270137
-18.341855
-16.726635
-18.634149
-16.791720
-18.538897
-16.868461
-18.563691
-16.705240
-18.624616
-18.700305
-18.125302
-18.899349
-18.181383
-18.585654
-18.491703
-18.655982
-18.546220
-18.778699
-18.689100
-18.674050
-16.732984
-18.313755
-17.003282
-18.503637
-16.800547
-18.629193
-16.736739
-18.577541
-18.737361
-18.180389
-18.778228
-18.158350
-18.816575
-18.453355
-18.731013
-18.694219
-18.598168
-16.794934
-18.582325
-16.941569
-18.468630
-16.874669
-18.553098
-18.734185
-18.252152
-18.656199
-18.419733
-18.810230
-18.532084
-18.625917
-16.968901
-18.615684
-16.820838
-18.570864
-18.666371
-18.261413
-18.782978
-18.554058
-18.721630
-17.028366
-18.475578
-18.550346
-18.453327
-18.594436
-14.776856
-14.200962
-15.166473
-13.893912
-15.304946
-13.870483
-15.324420
-13.870834
-15.435663
-13.136466
-16.653335
-9.876447
-16.653318
-13.136479
-15.435655
-13.870824
-15.324416
-13.870489
-15.304925
-13.893907
-15.166488
-14.200931
-14.776865
-15.184012
-13.903798
-15.653203
-13.686574
-15.621944
-13.585469
-15.686728
-13.467590
-15.576794
-13.432667
-15.520643
-13.285999
-15.499741
-13.173848
-15.437741
-13.046161
-15.445443
-12.886155
-15.463447
-12.774378
-15.524253
-12.674663
-15.421210
-15.463345
-15.252544
-15.365017
-15.368991
-15.441817
-15.344000
-15.408955
-15.489298
-15.395046
-15.467673
-15.408411
-15.499169
-15.321093
-15.556686
-15.278152
-15.605122
-15.238945
-15.747620
-15.205152
-15.945577
-15.210605
-16.173918
-15.453028
-13.936918
-15.683839
-13.754253
-15.725229
-13.795108
-15.620558
-13.629129
-15.629300
-13.541392
-15.516818
-13.472776
-15.463061
-13.311655
-15.415891
-13.159183
-15.341139
-12.973606
-15.304353
-12.781576
-15.210599
-15.657895
-15.181358
-15.583401
-15.330683
-15.422250
-15.359935
-15.548095
-15.409341
-15.434661
-15.494301
-15.375592
-15.477694
-15.335633
-15.527255
-15.268933
-15.620375
-15.262846
-15.759968
-15.304346
-15.945592
-15.673388
-13.981266
-15.682283
-13.987985
-15.827599
-13.810775
-15.629127
-13.819092
-15.551988
-13.672355
-15.511685
-13.559095
-15.401645
-13.413614
-15.328090
-13.199834
-15.262817
-12.973609
-15.205165
-15.682842
-15.295006
-15.645357
-15.188231
-15.562601
-15.491433
-15.529035
-15.446497
-15.513518
-15.475643
-15.393665
-15.522350
-15.341508
-15.542850
-15.328143
-15.620377
-15.341164
-15.747633
-15.860526
-13.947388
-15.939592
-14.155823
-15.691290
-13.897902
-15.681212
-13.852444
-15.507698
-13.796877
-15.413305
-13.620598
-15.341502
-13.413587
-15.268923
-13.159172
-15.238932
-15.781646
-15.332980
-15.484353
-15.336122
-15.773771
-15.468865
-15.540817
-15.571996
-15.443028
-15.539159
-15.413341
-15.522432
-15.401587
-15.527316
-15.415851
-15.605138
-15.997305
-14.022451
-16.155608
-13.960670
-15.625689
-14.110528
-15.491968
-13.986591
-15.443077
-13.796737
-15.393691
-13.558963
-15.335755
-13.311573
-15.278209
-15.955123
-15.371052
-15.613399
-15.767248
-15.526263
-15.671450
-15.491793
-15.572183
-15.507627
-15.475826
-15.511614
-15.477793
-15.462956
-15.556714
-16.059849
-13.616842
-15.798605
-14.088687
-15.526355
-14.110365
-15.540956
-13.852199
-15.513568
-13.672272
-15.375589
-13.472804
-15.321085
-16.854220
-15.535026
-15.798631
-15.767324
-15.625650
-15.469085
-15.681133
-15.446624
-15.552026
-15.494176
-15.516975
-15.498981
-16.854179
-13.616833
-15.613336
-13.960549
-15.773734
-13.897740
-15.529028
-13.819163
-15.434471
-13.541701
-15.408112
-16.059886
-15.371073
-16.155697
-15.336231
-15.691350
-15.491467
-15.629175
-15.409125
-15.629559
-15.467346
-15.955099
-14.022398
-15.484278
-14.155735
-15.562575
-13.810811
-15.548047
-13.629331
-15.394844
-15.997291
-15.333038
-15.939597
-15.188269
-15.827549
-15.359888
-15.620545
-15.489214
-15.781690
-13.947337
-15.645407
-13.987978
-15.422316
-13.795116
-15.408979
-15.860449
-15.294989
-15.682217
-15.330628
-15.725215
-15.343985
-15.682915
-13.981324
-15.583408
-13.754322
-15.441738
-15.673310
-15.181276
-15.683878
-15.368925
-15.657945
-13.936945
-15.364955
-15.453012
-15.252544
-15.463284
-15.181260
-13.903631
-15.646373
-13.684260
-15.621598
-13.570107
-15.686849
-13.466086
-15.567537
-13.427410
-15.530474
-13.267419
-15.507708
-13.171095
-15.434556
-13.039233
-15.458474
-12.866551
-15.474204
-12.767838
-15.523817
-12.665486
-15.432195
-15.466338
-15.254703
-15.373164
-15.365901
-15.453795
-15.353598
-15.407500
-15.493162
-15.410157
-15.455246
-15.419046
-15.503063
-15.318294
-15.555439
-15.292971
-15.590046
-15.250990
-15.748180
-15.204554
-15.945281
-15.222825
-16.163538
-15.449397
-13.930917
-15.681600
-13.750753
-15.710075
-13.789189
-15.627169
-13.608799
-15.635210
-13.540398
-15.510793
-13.465943
-15.478421
-13.289061
-15.428748
-13.153457
-15.340107
-12.965681
-15.317662
-12.760687
-15.222836
-15.664901
-15.184977
-15.585912
-15.340253
-15.441215
-15.350121
-15.560764
-15.416820
-15.431011
-15.492885
-15.394319
-15.458237
-15.350253
-15.527166
-15.267603
-15.618318
-15.277699
-15.744697
-15.317667
-15.945296
-15.664869
-13.979443
-15.678224
-13.964474
-15.826522
-13.810638
-15.617504
-13.811346
-15.569650
-13.645579
-15.526113
-13.554371
-15.399425
-13.405467
-15.345000
-13.175838
-15.277667
-12.965672
-15.204541
-15.692659
-15.292222
-15.666036
-15.204113
-15.560605
-15.492197
-15.553596
-15.423203
-15.530763
-15.476429
-15.391600
-15.517881
-15.361490
-15.520892
-15.345037
-15.618319
-15.340138
-15.748197
-15.853882
-13.941127
-15.912832
-14.144504
-15.707441
-13.865897
-15.694716
-13.849609
-15.503676
-13.785970
-15.437321
-13.589234
-15.361469
-13.405459
-15.267600
-13.153446
-15.250973
-15.790282
-15.348608
-15.520641
-15.315094
-15.792846
-15.474900
-15.538003
-15.562738
-15.473826
-15.505512
-15.437353
-15.517926
-15.399403
-15.527199
-15.428721
-15.590055
-15.985422
-13.982131
-16.153290
-13.963107
-15.616727
-14.091367
-15.531629
-13.938470
-15.473849
-13.785898
-15.391607
-13.554303
-15.350320
-13.289018
-15.293024
-15.987312
-15.397923
-15.613889
-15.748370
-15.581516
-15.613225
-15.531535
-15.562836
-15.503645
-15.476528
-15.526073
-15.458295
-15.478356
-15.555451
-16.026407
-13.585041
-15.862769
-14.005170
-15.581569
-14.091292
-15.538077
-13.849488
-15.530791
-13.645546
-15.394327
-13.465960
-15.318304
-16.904812
-15.461703
-15.862798
-15.748403
-15.616708
-15.475007
-15.694685
-15.423267
-15.569666
-15.492822
-15.510872
-15.502971
-16.904771
-13.585026
-15.613860
-13.963050
-15.792838
-13.865817
-15.553598
-13.811391
-15.430928
-13.540565
-15.418898
-16.026434
-15.397955
-16.153330
-15.315163
-15.707477
-15.492226
-15.617526
-15.416715
-15.635335
-15.455084
-15.987312
-13.982096
-15.520613
-14.144450
-15.560600
-13.810660
-15.560755
-13.608908
-15.410062
-15.985408
-15.348654
-15.912855
-15.204145
-15.826508
-15.350102
-15.627169
-15.493128
-15.790322
-13.941098
-15.666051
-13.964484
-15.441251
-13.789202
-15.407507
-15.853846
-15.292232
-15.678211
-15.340223
-15.710085
-15.353604
-15.692718
-13.979480
-15.585925
-13.750801
-15.453753
-15.664816
-15.184929
-15.681632
-15.365876
-15.664956
-13.930957
-15.373126
-15.449402
-15.254687
-15.466285

