Tension at each vertex
46.236639
46.236639
46.236713
46.236718
40.003040
45.479641
40.003039
45.479640
39.009033
39.009138
46.806817
46.806979
45.949366
45.832512
45.413668
45.173400
44.626874
44.076661
43.236084
42.448271
41.286257
40.468375
39.598422
39.139417
38.829177
38.885289
38.776352
39.027029
39.069738
39.273535
39.340083
39.597676
39.552977
39.801224
39.783255
45.858200
45.546078
45.379289
44.882311
44.481519
43.826545
43.025084
42.093430
41.150047
40.131573
39.474760
39.001762
38.757132
38.739628
38.834730
38.876945
39.062917
39.208773
39.292684
39.461939
39.573582
39.685514
45.949225
45.713340
45.339717
45.082288
44.399411
43.888559
42.978313
42.080804
41.012314
40.221794
39.366494
39.090616
38.802739
38.826437
38.834075
39.068460
39.027198
39.330767
39.345546
39.544352
39.573576
45.829129
45.588348
45.246595
44.832882
44.374993
43.595858
42.844799
41.861137
40.848784
39.980017
39.360813
38.887112
38.784385
38.750032
38.788273
38.944782
39.081396
39.158306
39.345554
39.461942
45.822034
45.722258
45.321276
44.941509
44.326713
43.757400
42.733268
41.918723
40.824300
40.017414
39.320054
39.062132
38.740675
38.878494
38.841845
39.024474
39.081388
39.330769
39.292673
45.890328
45.483410
45.251680
44.796411
44.223065
43.519361
42.706433
41.642345
40.743967
39.876166
39.243851
38.911768
38.789052
38.701412
38.841841
38.944783
39.027202
39.208771
45.835642
45.743471
45.204799
44.932984
44.258411
43.597739
42.655183
41.798251
40.654427
39.988037
39.281652
38.997157
38.789047
38.878494
38.788271
39.068457
39.062915
45.802653
45.505250
45.248533
44.687145
44.211138
43.451950
42.564041
41.605235
40.680782
39.782902
39.281661
38.911770
38.740670
38.750030
38.834080
38.876934
45.856873
45.659951
45.221611
44.913169
44.149840
43.597470
42.602030
41.699024
40.680767
39.988036
39.243830
39.062113
38.784383
38.826420
38.834727
45.835284
45.516484
45.171935
44.713309
44.191263
43.370187
42.602035
41.605237
40.654431
39.876160
39.320064
38.887102
38.802737
38.739630
45.794120
45.697289
45.219196
44.845911
44.191252
43.597470
42.564030
41.798243
40.743957
40.017391
39.360793
39.090590
38.757109
45.842658
45.460188
45.219202
44.713312
44.149847
43.451952
42.655196
41.642334
40.824304
39.980016
39.366483
39.001757
45.842654
45.697288
45.171927
44.913164
44.211138
43.597721
42.706424
41.918715
40.848758
40.221769
39.474749
45.794124
45.516487
45.221627
44.687139
44.258424
43.519371
42.733269
41.861135
41.012324
40.131549
45.835287
45.659935
45.248535
44.932980
44.223051
43.757386
42.844798
42.080766
41.150035
45.856889
45.505261
45.204802
44.796420
44.326735
43.595847
42.978328
42.093436
45.802644
45.743462
45.251690
44.941477
44.374994
43.888547
43.025059
45.835665
45.483402
45.321298
44.832900
44.399410
43.826552
45.890342
45.722249
45.246579
45.082270
44.481530
45.822033
45.588366
45.339749
44.882297
45.829150
45.713290
45.379300
45.949256
45.546104
45.858185
45.967837
46.129150
45.933764
46.249117
45.956873
46.155303
46.008793
46.181714
45.945432
46.199359
45.993059
46.145796
45.993056
46.199361
45.945436
46.181719
46.008780
46.155333
45.956854
46.249129
45.933775
46.129168
45.967809
46.252208
46.469987
46.445467
46.670907
46.656151
46.787864
46.770307
46.920381
46.768856
46.909424
46.759242
46.752428
46.604524
46.604568
46.328416
46.356064
46.113312
46.050804
45.860303
45.855602
45.591051
45.622067
45.397689
46.187118
46.234598
46.460120
46.439529
46.625515
46.651758
46.701124
46.734064
46.790476
46.685082
46.729632
46.628633
46.525449
46.440107
46.352864
46.155104
46.099137
45.951609
45.810703
45.716967
45.618696
45.511868
46.297493
46.434329
46.485961
46.710892
46.622154
46.848016
46.788379
46.874770
46.812245
46.902304
46.690809
46.777629
46.573034
46.528206
46.349530
46.339870
46.050927
46.088010
45.854109
45.819899
45.618693
46.183336
46.320011
46.411351
46.509493
46.657158
46.617285
46.763186
46.749048
46.743957
46.731139
46.722482
46.563818
46.553903
46.415785
46.284999
46.190732
46.093147
45.900813
45.854102
45.716972
46.189495
46.484014
46.518375
46.660760
46.678983
46.865166
46.737194
46.925558
46.808959
46.845237
46.727938
46.767044
46.505585
46.559414
46.330789
46.284074
46.093136
46.088018
45.810706
46.257332
46.247802
46.472940
46.536194
46.607804
46.675666
46.772979
46.697546
46.793851
46.728277
46.668006
46.607660
46.549465
46.359017
46.330770
46.190732
46.050931
45.951595
46.216190
46.525976
46.443525
46.717753
46.685074
46.810092
46.784034
46.924252
46.747597
46.890138
46.720009
46.713420
46.549466
46.559422
46.285011
46.339871
46.099135
46.181953
46.294118
46.499597
46.476217
46.667562
46.682624
46.722321
46.749767
46.794919
46.674023
46.719999
46.607664
46.505578
46.415768
46.349518
46.155103
46.243349
46.461226
46.490978
46.733639
46.625584
46.867663
46.781850
46.870079
46.794913
46.890144
46.668010
46.767034
46.553906
46.528228
46.352848
46.224239
46.317622
46.445550
46.533090
46.678310
46.628767
46.781841
46.749768
46.747597
46.728263
46.727931
46.563828
46.573008
46.440095
46.185696
46.511430
46.500141
46.680281
46.678304
46.867667
46.722324
46.924249
46.793847
46.845255
46.722464
46.777633
46.525457
46.235608
46.266240
46.500139
46.533089
46.625586
46.682613
46.784027
46.697549
46.808936
46.731130
46.690811
46.628608
46.235601
46.511431
46.445549
46.733638
46.667555
46.810108
46.772960
46.925566
46.743965
46.902299
46.729619
46.185700
46.317615
46.490973
46.476220
46.685056
46.675656
46.737198
46.749024
46.812225
46.685092
46.224227
46.461241
46.499579
46.717759
46.607808
46.865164
46.763169
46.874804
46.790445
46.243339
46.294107
46.443530
46.536175
46.678965
46.617292
46.788346
46.734046
46.181953
46.525979
46.472921
46.660792
46.657129
46.848026
46.701133
46.216175
46.247809
46.518350
46.509474
46.622160
46.651726
46.257306
46.484024
46.411355
46.710896
46.625489
46.189502
46.319985
46.485935
46.439541
46.183307
46.434378
46.460084
46.297465
46.234573
46.187122
45.854836
46.068508
45.601855
45.723995
45.292873
45.221569
44.811277
44.649618
44.062777
43.863630
43.190872
42.802927
42.156124
41.744607
41.028104
40.774037
40.153709
39.932983
39.562211
39.460013
39.106011
39.205086
38.936380
39.767382
39.824119
39.841966
39.795791
39.829023
39.835553
39.748700
39.754073
39.729006
39.604679
39.583525
39.517555
39.373726
39.308699
39.233936
39.051112
38.993737
38.895690
38.780343
38.695247
38.783065
38.708333
39.711253
39.788040
39.708250
39.846527
39.649914
39.792376
39.659602
39.675948
39.544828
39.622598
39.368324
39.445312
39.256277
39.218101
39.035224
39.082278
38.808373
38.897603
38.775045
38.845392
38.850641
39.577865
39.617360
39.545545
39.587232
39.585505
39.498578
39.502217
39.473216
39.356226
39.321203
39.270969
39.115476
39.070494
38.986863
38.852677
38.782176
38.796471
38.671870
38.781694
38.918836
39.419573
39.574953
39.466964
39.509127
39.408556
39.512443
39.290280
39.395110
39.234993
39.223748
39.062436
39.125730
38.862050
38.945681
38.796334
38.828283
38.758981
39.012950
38.993645
39.343494
39.289614
39.311551
39.313891
39.221654
39.227214
39.194527
39.080454
39.052181
39.002710
38.874921
38.834132
38.814104
38.704000
38.754035
38.835458
38.912950
39.166811
39.181395
39.299728
39.107318
39.242754
39.103144
39.126820
38.996308
39.081393
38.849145
38.946430
38.808597
38.833200
38.754252
38.948596
38.875710
39.240555
39.438522
39.005712
39.035968
39.017401
38.946763
38.944356
38.924589
38.826540
38.816813
38.808170
38.717678
38.765744
38.821238
38.863569
39.065643
39.362203
39.671376
38.899580
38.961887
38.850623
38.964333
38.767242
38.894111
38.780520
38.830262
38.766278
38.953869
38.865338
39.194151
39.325631
39.750660
40.068465
38.792272
38.808354
38.738770
38.765299
38.781999
38.731174
38.796424
38.871424
38.907368
39.109904
39.343776
39.617005
40.032435
40.566461
38.696644
38.867249
38.776287
38.867409
38.828043
39.043311
38.970632
39.307873
39.407544
39.801982
40.060853
40.695370
40.997547
38.862860
38.851463
38.945272
39.054275
39.115200
39.334141
39.551718
39.814655
40.171757
40.644019
41.036688
41.619443
39.113622
39.364630
39.307308
39.656045
39.756026
40.139502
40.352145
40.926000
41.152154
41.828878
42.191507
39.662640
39.883974
40.096445
40.329979
40.644107
41.053410
41.362775
41.861232
42.299702
42.738922
40.516585
40.845404
40.995746
41.498519
41.635005
42.218288
42.472139
42.994522
43.270893
41.511443
41.810171
42.019625
42.403233
42.724141
43.057584
43.409445
43.819378
42.433821
42.883325
43.003773
43.421809
43.584394
44.076713
44.146649
43.411933
43.601879
43.828079
44.117645
44.275657
44.600368
44.067487
44.451662
44.416110
44.844418
44.874583
44.665793
44.858877
44.980729
45.148523
45.077985
45.385021
45.329272
45.459527
45.608901
45.610945
46.252240
46.469971
46.445459
46.670892
46.656192
46.787814
46.770336
46.920384
46.768850
46.909415
46.759281
46.752392
46.604539
46.604571
46.328412
46.356047
46.113338
46.050783
45.860308
45.855611
45.591052
45.622063
45.397703
45.279980
45.384161
45.213139
45.375162
45.244742
45.332564
45.275919
45.431915
45.305530
45.526397
45.471671
45.618633
45.625314
45.838873
45.758364
46.037966
46.003451
46.195941
46.210690
46.450688
46.343581
46.635078
46.523712
46.153726
46.388887
46.379466
46.490713
46.511690
46.650434
46.581535
46.723981
46.711100
46.741749
46.740237
46.818681
46.712647
46.792589
46.745648
46.719041
46.684679
46.720107
46.593603
46.634625
46.593155
46.569837
46.389247
46.616783
46.508274
46.770477
46.580253
46.846349
46.712332
46.866088
46.747849
46.946002
46.717512
46.924747
46.747287
46.845330
46.678368
46.840180
46.569420
46.750914
46.547786
46.644351
46.450036
46.431328
46.607045
46.540296
46.698360
46.684325
46.727909
46.733333
46.814321
46.709769
46.800226
46.740495
46.716693
46.676183
46.699261
46.560213
46.598868
46.534184
46.467029
46.438271
46.440900
46.558974
46.801642
46.688421
46.843422
46.742398
46.934442
46.722653
46.928020
46.752558
46.846105
46.684979
46.820273
46.559408
46.712220
46.511584
46.568958
46.399590
46.532159
46.266258
46.613549
46.708110
46.704926
46.803641
46.704285
46.809123
46.744854
46.732347
46.684187
46.704033
46.556794
46.584473
46.501754
46.425436
46.376427
46.363189
46.230889
46.258517
46.730906
46.904292
46.727438
46.929216
46.769325
46.861320
46.712619
46.834914
46.579260
46.711278
46.512391
46.538008
46.367280
46.462735
46.195921
46.334091
46.138494
46.677502
46.818246
46.744686
46.757785
46.710684
46.736460
46.585467
46.614297
46.516247
46.428842
46.364980
46.335598
46.176480
46.185556
46.104943
46.020206
46.781504
46.876799
46.757150
46.868114
46.633417
46.755125
46.558067
46.564876
46.395761
46.456881
46.185422
46.291579
46.085875
46.101091
45.951233
46.739932
46.781959
46.635382
46.680834
46.572235
46.490227
46.413204
46.370628
46.193873
46.188654
46.077386
45.975567
45.924625
45.882782
46.695757
46.829126
46.639241
46.644650
46.480320
46.521181
46.248594
46.327415
46.110334
46.095501
45.929643
45.977648
45.731850
46.651731
46.591537
46.509358
46.470024
46.281497
46.268790
46.134724
46.019100
45.938559
45.879744
45.721397
45.711792
46.599047
46.642666
46.372533
46.440450
46.215498
46.178743
46.000478
46.021067
45.755636
45.827573
45.628225
46.418323
46.413144
46.265864
46.146524
46.045674
45.973084
45.784780
45.759353
45.639833
45.525013
46.377948
46.341521
46.151945
46.157688
45.874088
45.927706
45.706665
45.668266
45.508793
46.221889
46.146829
45.941256
45.907218
45.760751
45.627735
45.546183
45.466014
46.071149
46.114539
45.877895
45.821832
45.645241
45.642013
45.378775
45.965369
45.821856
45.725489
45.628877
45.442482
45.401884
45.859291
45.850055
45.566336
45.610871
45.383778
45.667826
45.618447
45.473443
45.328568
45.613283
45.568933
45.377085
45.484269
45.381440
45.392909
46.028006
46.465841
46.208726
46.570671
46.417618
46.645928
46.537816
46.798453
46.600680
46.863631
46.723619
46.877658
46.746171
46.951255
46.714928
46.927013
46.748239
46.866192
46.686879
46.886723
46.608539
46.802362
46.591791
39.309880
39.887196
40.611477
41.541502
42.565196
43.395838
44.140542
44.803076
45.236472
45.573456
45.911313
46.096763
46.243461
46.439921
46.523897
46.584428
46.702632
46.717925
46.707261
46.760300
46.692809
46.660853
39.415158
40.296464
41.076215
42.155009
42.944701
44.001449
44.502899
45.178562
45.518169
45.950121
46.035378
46.428814
46.415419
46.650335
46.662938
46.849501
46.729519
46.953667
46.783883
46.892240
46.748742
39.755718
40.453095
41.416589
42.460511
43.334179
44.090447
44.780419
45.219000
45.568434
45.906765
46.098129
46.245134
46.442454
46.529996
46.586850
46.710413
46.718976
46.716150
46.750523
46.703704
39.928939
41.077909
41.857986
42.997558
43.782311
44.610477
45.008566
45.648525
45.803206
46.174707
46.289478
46.559720
46.514171
46.808984
46.714155
46.878044
46.811432
46.935329
46.732604
40.307113
41.238259
42.354451
43.242901
44.045596
44.743095
45.210050
45.556440
45.908035
46.098838
46.250171
46.449341
46.537095
46.599842
46.713730
46.736994
46.711239
46.760440
40.745031
41.894591
42.742203
43.876724
44.428127
45.136053
45.496209
45.945618
46.035280
46.436113
46.426576
46.664315
46.674845
46.867345
46.740531
46.959476
46.790771
41.117445
42.239118
43.196377
43.996426
44.733075
45.195854
45.559607
45.904731
46.107024
46.254265
46.455873
46.548000
46.604352
46.724484
46.737856
46.717293
41.650005
42.827566
43.686522
44.558243
44.980660
45.636408
45.805715
46.179222
46.297967
46.573211
46.526040
46.818722
46.729238
46.881705
46.816602
42.180544
43.156426
43.986033
44.715032
45.201485
45.550196
45.907535
46.103226
46.255199
46.452898
46.549587
46.604493
46.723407
46.740782
42.656174
43.812027
44.413876
45.120886
45.495662
45.949206
46.039285
46.437374
46.434383
46.664375
46.677785
46.868471
46.743642
43.156926
43.983512
44.722053
45.200267
45.554371
45.899354
46.106159
46.247769
46.453068
46.546903
46.606979
46.720805
43.685759
44.562728
44.991499
45.637004
45.817683
46.179031
46.299755
46.574021
46.525573
46.812724
46.733302
44.009850
44.733973
45.214147
45.553211
45.901278
46.100420
46.247649
46.443542
46.550245
46.598870
44.461702
45.143702
45.511820
45.961380
46.045722
46.435777
46.437487
46.657584
46.671819
44.762256
45.228908
45.559122
45.894577
46.100725
46.235322
46.441740
46.538882
45.041283
45.662356
45.838242
46.187166
46.300072
46.573702
46.516026
45.252800
45.564312
45.892262
46.090469
46.230629
46.423484
45.549270
45.993186
46.056008
46.441292
46.432003
45.572082
45.883959
46.083099
46.210228
45.870730
46.221145
46.296494
45.859200
46.050562
46.104454
45.967835
46.129150
45.933763
46.249117
45.956872
46.155301
46.008792
46.181714
45.945432
46.199361
45.993061
46.145799
45.993060
46.199365
45.945441
46.181723
46.008785
46.155339
45.956861
46.249135
45.933783
46.129173
45.967816
45.949330
45.832542
45.413676
45.173420
44.626853
44.076712
43.236062
42.448295
41.286264
40.468387
39.598408
39.139444
38.829156
38.885297
38.776348
39.027031
39.069726
39.273545
39.340070
39.597678
39.552972
39.801223
39.783250
45.858186
45.546108
45.379306
44.882305
44.481541
43.826567
43.025077
42.093455
41.150055
40.131567
39.474762
39.001758
38.757112
38.739631
38.834723
38.876939
39.062914
39.208773
39.292675
39.461941
39.573576
39.685514
45.949256
45.713294
45.339751
45.082279
44.399417
43.888561
42.978342
42.080784
41.012343
40.221785
39.366495
39.090602
38.802746
38.826419
38.834087
39.068453
39.027202
39.330766
39.345552
39.544351
39.573582
45.829149
45.588368
45.246582
44.832907
44.375004
43.595859
42.844816
41.861152
40.848777
39.980026
39.360807
38.887098
38.784380
38.750029
38.788262
38.944783
39.081386
39.158304
39.345548
39.461939
45.822031
45.722252
45.321301
44.941482
44.326744
43.757397
42.733282
41.918727
40.824319
40.017400
39.320068
39.062119
38.740677
38.878492
38.841849
39.024472
39.081395
39.330767
39.292681
45.890343
45.483402
45.251695
44.796424
44.223060
43.519378
42.706440
41.642347
40.743972
39.876168
39.243839
38.911767
38.789039
38.701410
38.841833
38.944778
39.027195
39.208769
45.835665
45.743463
45.204806
44.932983
44.258432
43.597730
42.655208
41.798253
40.654438
39.988042
39.281657
38.997153
38.789055
38.878490
38.788279
39.068460
39.062915
45.802646
45.505262
45.248540
44.687144
44.211146
43.451958
42.564039
41.605247
40.680777
39.782906
39.281654
38.911764
38.740662
38.750027
38.834065
38.876936
45.856890
45.659937
45.221630
44.913168
44.149852
43.597477
42.602044
41.699032
40.680783
39.988039
39.243841
39.062117
38.784384
38.826429
38.834731
45.835290
45.516490
45.171932
44.713317
44.191261
43.370193
42.602036
41.605241
40.654431
39.876163
39.320051
38.887104
38.802726
38.739620
45.794125
45.697291
45.219206
44.845915
44.191267
43.597476
42.564047
41.798257
40.743966
40.017407
39.360802
39.090592
38.757121
45.842657
45.460192
45.219201
44.713313
44.149848
43.451957
42.655189
41.642345
40.824300
39.980010
39.366484
39.001753
45.842661
45.697293
45.171940
44.913173
44.211144
43.597743
42.706437
41.918726
40.848781
40.221784
39.474747
45.794124
45.516488
45.221618
44.687149
44.258419
43.519367
42.733276
41.861136
41.012310
40.131564
45.835288
45.659955
45.248539
44.932988
44.223072
43.757404
42.844801
42.080803
41.150040
45.856880
45.505255
45.204807
44.796416
44.326720
43.595864
42.978316
42.093430
45.802658
45.743474
45.251686
44.941514
44.374996
43.888564
43.025082
45.835650
45.483416
45.321282
44.832889
44.399416
43.826549
45.890333
45.722264
45.246598
45.082293
44.481520
45.822040
45.588355
45.339722
44.882316
45.829134
45.713345
45.379290
45.949230
45.546084
45.858204
46.252239
46.469968
46.445454
46.670885
46.656186
46.787805
46.770328
46.920374
46.768842
46.909406
46.759273
46.752385
46.604538
46.604570
46.328406
46.356054
46.113335
46.050783
45.860310
45.855607
45.591052
45.622060
45.397703
46.187131
46.234580
46.460093
46.439548
46.625499
46.651732
46.701143
46.734051
46.790453
46.685099
46.729624
46.628613
46.525463
46.440104
46.352848
46.155115
46.099140
45.951597
45.810713
45.716972
45.618694
45.511868
46.297470
46.434384
46.485942
46.710903
46.622168
46.848032
46.788353
46.874811
46.812231
46.902306
46.690815
46.777643
46.573009
46.528229
46.349522
46.339866
46.050925
46.088018
45.854093
45.819900
45.618694
46.183314
46.319993
46.411364
46.509480
46.657137
46.617300
46.763176
46.749031
46.743967
46.731137
46.722465
46.563829
46.553904
46.415774
46.285007
46.190737
46.093143
45.900815
45.854115
45.716970
46.189508
46.484030
46.518356
46.660798
46.678971
46.865171
46.737201
46.925571
46.808938
46.845260
46.727931
46.767040
46.505583
46.559422
46.330775
46.284074
46.093138
46.088011
45.810694
46.257314
46.247816
46.472928
46.536181
46.607812
46.675662
46.772963
46.697555
46.793849
46.728267
46.668012
46.607664
46.549460
46.359017
46.330783
46.190728
46.050932
45.951608
46.216181
46.525984
46.443534
46.717764
46.685060
46.810113
46.784028
46.924251
46.747596
46.890146
46.719997
46.713420
46.549470
46.559414
46.285001
46.339876
46.099130
46.181959
46.294112
46.499584
46.476226
46.667557
46.682616
46.722324
46.749771
46.794913
46.674024
46.720009
46.607661
46.505577
46.415782
46.349523
46.155094
46.243344
46.461246
46.490975
46.733641
46.625586
46.867670
46.781842
46.870079
46.794917
46.890137
46.668001
46.767039
46.553902
46.528208
46.352860
46.224231
46.317619
46.445551
46.533092
46.678304
46.628768
46.781848
46.749766
46.747594
46.728276
46.727934
46.563821
46.573028
46.440101
46.185702
46.511435
46.500140
46.680283
46.678308
46.867662
46.722318
46.924252
46.793845
46.845235
46.722476
46.777623
46.525439
46.235604
46.266242
46.500141
46.533090
46.625582
46.682624
46.784029
46.697542
46.808952
46.731137
46.690800
46.628631
46.235608
46.511430
46.445549
46.733640
46.667558
46.810089
46.772972
46.925555
46.743949
46.902300
46.729626
46.185696
46.317623
46.490976
46.476215
46.685069
46.675663
46.737188
46.749044
46.812237
46.685075
46.224238
46.461225
46.499593
46.717750
46.607798
46.865162
46.763178
46.874763
46.790469
46.243349
46.294115
46.443522
46.536191
46.678977
46.617279
46.788373
46.734056
46.181952
46.525974
46.472936
46.660755
46.657152
46.848009
46.701117
46.216189
46.247798
46.518371
46.509487
46.622148
46.651749
46.257329
46.484011
46.411345
46.710885
46.625509
46.189492
46.320006
46.485957
46.439522
46.183332
46.434325
46.460115
46.297492
46.234595
46.187114
45.949366
45.832515
45.413671
45.173409
44.626884
44.076677
43.236102
42.448294
41.286278
40.468395
39.598439
39.139433
38.829181
38.885290
38.776356
39.027022
39.069738
39.273531
39.340081
39.597675
39.552978
39.801223
39.783256
39.880221
40.050741
39.889145
40.067290
39.955048
40.010501
39.908886
40.020505
39.795791
39.909625
39.743021
39.729084
39.568784
39.615536
39.328434
39.390236
39.167636
39.121655
38.924933
38.995277
38.728546
38.861142
38.782056
45.610948
45.608907
45.329280
45.148536
44.874600
44.600389
44.146675
43.819407
43.270921
42.738948
42.191522
41.619437
40.997496
40.566402
40.068380
39.671252
39.438395
39.166716
38.993575
38.918791
38.850610
38.708318
45.459534
45.385033
44.980743
44.844437
44.275681
44.076741
43.409478
42.994553
42.299732
41.828894
41.036694
40.695349
40.032377
39.750592
39.362133
39.240459
38.912858
39.012880
38.781651
38.845364
38.783052
45.077993
44.858890
44.416126
44.117665
43.584419
43.057612
42.472167
41.861255
41.152171
40.644017
40.060831
39.616978
39.325567
39.065572
38.875655
38.835406
38.758931
38.671831
38.775016
38.695230
44.665804
44.451681
43.828103
43.421833
42.724171
42.218319
41.362805
40.926017
40.171773
39.801975
39.343746
39.194128
38.863531
38.948548
38.753999
38.828261
38.796463
38.897600
38.780342
44.067501
43.601897
43.003799
42.403258
41.635029
41.053434
40.352163
39.814658
39.407545
39.109894
38.865298
38.821210
38.754232
38.703973
38.796300
38.782144
38.808341
38.895667
43.411953
42.883350
42.019654
41.498547
40.644132
40.139519
39.551732
39.307872
38.907365
38.953871
38.765734
38.833182
38.814098
38.945685
38.852686
39.082285
38.993742
42.433842
41.810194
40.995771
40.329999
39.756043
39.334148
38.970628
38.871416
38.766260
38.717664
38.808586
38.834120
38.862033
38.986851
39.035214
39.051108
41.511468
40.845428
40.096468
39.656058
39.115214
39.043321
38.796425
38.830261
38.808170
38.946424
38.874915
39.125728
39.070497
39.218102
39.233937
40.516606
39.883992
39.307323
39.054277
38.828038
38.731174
38.780514
38.816806
38.849143
39.002712
39.062432
39.115473
39.256276
39.308702
39.662658
39.364643
38.945289
38.867416
38.782001
38.894112
38.826538
39.081387
39.052176
39.223744
39.270967
39.445309
39.373724
39.113628
38.851464
38.776291
38.765300
38.767240
38.924594
38.996308
39.080457
39.234995
39.321207
39.368326
39.517559
38.862873
38.867248
38.738774
38.964329
38.944351
39.126816
39.194524
39.395105
39.356222
39.622597
39.583525
38.696648
38.808356
38.850627
38.946769
39.103146
39.227219
39.290282
39.473220
39.544828
39.604679
38.792273
38.961879
39.017399
39.242750
39.221650
39.512440
39.502215
39.675948
39.729011
38.899588
39.035970
39.107321
39.313895
39.408557
39.498582
39.659603
39.754072
39.005710
39.299724
39.311548
39.509126
39.585503
39.792372
39.748703
39.181399
39.289615
39.466962
39.587234
39.649916
39.835556
39.343494
39.574952
39.545545
39.846526
39.829022
39.419572
39.617361
39.708250
39.795790
39.577865
39.788039
39.841967
39.711253
39.824119
39.767382
46.028003
46.465841
46.208721
46.570671
46.417614
46.645923
46.537812
46.798450
46.600668
46.863630
46.723613
46.877641
46.746161
46.951253
46.714915
46.926997
46.748222
46.866180
46.686865
46.886712
46.608528
46.802356
46.591785
45.392908
45.381440
45.377081
45.328567
45.383774
45.401882
45.378774
45.466010
45.508794
45.525007
45.628223
45.711787
45.731848
45.882786
45.951217
46.020218
46.138467
46.258517
46.266248
46.440888
46.450023
46.569831
45.484272
45.568929
45.473446
45.610870
45.442480
45.642012
45.546178
45.668265
45.639828
45.827572
45.721393
45.977640
45.924636
46.101070
46.104959
46.334067
46.230887
46.532150
46.438261
46.644332
46.593150
45.613279
45.618444
45.566331
45.628872
45.645238
45.627731
45.706665
45.759343
45.755637
45.879736
45.929636
45.975567
46.085859
46.185563
46.195903
46.363175
46.399581
46.467013
46.547762
46.634615
45.667831
45.850050
45.725491
45.821831
45.760745
45.927710
45.784767
46.021069
45.938552
46.095500
46.077379
46.291571
46.176479
46.462728
46.376413
46.568950
46.534176
46.750889
46.593595
45.859287
45.821850
45.877895
45.907205
45.874088
45.973076
46.000475
46.019089
46.110331
46.188649
46.185409
46.335590
46.367274
46.425421
46.511570
46.598863
46.569395
46.720093
45.965366
46.114537
45.941254
46.157689
46.045665
46.178742
46.134717
46.327406
46.193875
46.456866
46.364978
46.537994
46.501751
46.712201
46.560214
46.840165
46.684666
46.071149
46.146816
46.151947
46.146508
46.215495
46.268785
46.248580
46.370624
46.395748
46.428839
46.512372
46.584469
46.559388
46.699251
46.678360
46.719026
46.221878
46.341521
46.265862
46.440442
46.281493
46.521171
46.413200
46.564862
46.516243
46.711270
46.556784
46.820266
46.676170
46.845322
46.745646
46.377942
46.413137
46.372524
46.470016
46.480310
46.490221
46.558055
46.614283
46.579255
46.704019
46.684971
46.716685
46.747266
46.792588
46.418317
46.642658
46.509357
46.644637
46.572229
46.755116
46.585456
46.834900
46.684186
46.846087
46.740497
46.924733
46.712639
46.599034
46.591530
46.639231
46.680823
46.633406
46.736450
46.712605
46.732338
46.752546
46.800214
46.717507
46.818666
46.651721
46.829121
46.635372
46.868104
46.710674
46.861310
46.744842
46.928012
46.709759
46.945993
46.740239
46.695748
46.781949
46.757139
46.757775
46.769311
46.809115
46.722637
46.814316
46.747834
46.741744
46.739923
46.876789
46.744677
46.929203
46.704275
46.934432
46.733323
46.866083
46.711090
46.781494
46.818237
46.727428
46.803629
46.742387
46.727899
46.712321
46.723977
46.677492
46.904283
46.704917
46.843410
46.684319
46.846339
46.581531
46.730896
46.708102
46.688411
46.698351
46.580245
46.650426
46.613540
46.801635
46.540287
46.770470
46.511687
46.558965
46.607039
46.508265
46.490708
46.431322
46.616779
46.379461
46.389241
46.388883
46.153724
45.854838
46.068513
45.601861
45.724008
45.292890
45.221586
44.811306
44.649647
44.062810
43.863670
43.190908
42.802947
42.156120
41.744585
41.028049
40.773934
40.153601
39.932887
39.562133
39.459942
39.105960
39.205053
38.936369
39.102972
39.687067
40.236880
41.323169
42.063103
43.149383
43.883525
44.670770
45.046633
45.666971
45.812351
46.176227
46.289439
46.553344
46.509458
46.801044
46.706972
46.869592
46.810819
46.928415
46.750347
46.904797
46.662750
46.104454
46.050563
46.296496
46.210229
46.432001
46.423488
46.516024
46.538879
46.671821
46.598871
46.733291
46.720808
46.743643
46.740779
46.816592
46.717291
46.790766
46.760438
46.732599
46.703705
46.748738
46.660855
45.859202
46.221150
46.083100
46.441294
46.230632
46.573704
46.441736
46.657590
46.550243
46.812716
46.606980
46.868473
46.723397
46.881697
46.737849
46.959470
46.711229
46.935323
46.750513
46.892235
46.692804
45.870737
45.883967
46.056012
46.090481
46.300077
46.235327
46.437497
46.443550
46.525571
46.546918
46.677791
46.604496
46.729238
46.724491
46.740531
46.736995
46.811428
46.716152
46.783882
46.760304
45.572090
45.993197
45.892273
46.187175
46.100731
46.435794
46.247656
46.574027
46.453081
46.664386
46.549588
46.818727
46.604355
46.867347
46.713723
46.878040
46.718971
46.953665
46.707255
45.549283
45.564331
45.838255
45.894594
46.045743
46.100440
46.299768
46.247798
46.434402
46.452916
46.526054
46.548019
46.674852
46.599849
46.714156
46.710419
46.729521
46.717931
45.252820
45.662376
45.559139
45.961409
45.901298
46.179054
46.106190
46.437402
46.255217
46.573235
46.455890
46.664329
46.537097
46.808988
46.586850
46.849503
46.702628
45.041305
45.228936
45.511853
45.553244
45.817714
45.899400
46.039321
46.103263
46.298001
46.254301
46.426597
46.449359
46.514183
46.530008
46.662943
46.584436
44.762282
45.143742
45.214181
45.637044
45.554418
45.949254
45.907574
46.179268
46.107061
46.436144
46.250188
46.559737
46.442462
46.650344
46.523895
44.461742
44.734016
44.991542
45.200329
45.495715
45.550252
45.805771
45.904787
46.035320
46.098873
46.289502
46.245157
46.415430
46.439931
44.009885
44.562775
44.722107
45.120943
45.201539
45.636474
45.559664
45.945667
45.908068
46.174738
46.098148
46.428829
46.243463
43.685793
43.983563
44.413927
44.715093
44.980726
45.195925
45.496264
45.556489
45.803242
45.906799
46.035397
46.096777
43.156948
43.812064
43.986073
44.558304
44.733132
45.136106
45.210092
45.648566
45.568462
45.950144
45.911320
42.656179
43.156448
43.686554
43.996475
44.428168
44.743138
45.008602
45.219040
45.518194
45.573473
42.180517
42.827560
43.196386
43.876743
44.045612
44.610504
44.780442
45.178585
45.236482
41.649944
42.239090
42.742185
43.242897
43.782311
44.090464
44.502916
44.803092
41.117361
41.894539
42.354397
42.997524
43.334161
44.001451
44.140543
40.744943
41.238182
41.857910
42.460463
42.944679
43.395839
40.307012
41.077807
41.416497
42.154959
42.565173
39.928835
40.452995
41.076139
41.541472
39.755625
40.296384
40.611430
39.415094
39.887159
39.309847
45.949324
45.832538
45.413672
45.173416
44.626851
44.076711
43.236063
42.448301
41.286270
40.468400
39.598423
39.139469
38.829170
38.885304
38.776358
39.027027
39.069730
39.273544
39.340070
39.597680
39.552973
39.801224
39.783250
39.880222
40.050743
39.889149
40.067293
39.955044
40.010520
39.908879
40.020515
39.795798
39.909635
39.743008
39.729123
39.568766
39.615555
39.328445
39.390257
39.167614
39.121719
38.924906
38.995313
38.728559
38.861185
38.782021
45.610961
45.608872
45.329243
45.148539
44.874571
44.600336
44.146687
43.819362
43.270878
42.738949
42.191492
41.619381
40.997515
40.566364
40.068348
39.671263
39.438376
39.166679
38.993604
38.918761
38.850584
38.708332
45.459503
45.385089
44.980719
44.844442
44.275696
44.076754
43.409443
42.994609
42.299709
41.828901
41.036713
40.695374
40.032349
39.750668
39.362122
39.240492
38.912895
39.012923
38.781633
38.845450
38.783031
45.077969
44.858845
44.416135
44.117624
43.584380
43.057608
42.472139
41.861203
41.152184
40.643978
40.060799
39.616982
39.325548
39.065543
38.875684
38.835383
38.758908
38.671847
38.774991
38.695200
44.665815
44.451693
43.828071
43.421879
42.724149
42.218322
41.362820
40.926036
40.171750
39.802034
39.343737
39.194157
38.863569
38.948584
38.753985
38.828336
38.796450
38.897631
38.780365
44.067469
43.601891
43.003774
42.403213
41.635036
41.053399
40.352136
39.814664
39.407531
39.109864
38.865326
38.821189
38.754211
38.703988
38.796283
38.782115
38.808357
38.895641
43.411934
42.883350
42.019663
41.498558
40.644110
40.139571
39.551725
39.307894
38.907398
38.953903
38.765722
38.833246
38.814090
38.945709
38.852709
39.082314
38.993726
42.433845
41.810160
40.995743
40.330000
39.756031
39.334122
38.970654
38.871402
38.766245
38.717677
38.808573
38.834094
38.862050
38.986829
39.035192
39.051117
41.511446
40.845464
40.096462
39.656072
39.115241
39.043352
38.796419
38.830316
38.808166
38.946444
38.874937
39.125753
39.070483
39.218156
39.233925
40.516593
39.883965
39.307340
39.054267
38.828031
38.731184
38.780507
38.816783
38.849159
39.002693
39.062413
39.115481
39.256260
39.308678
39.662675
39.364665
38.945289
38.867463
38.782002
38.894129
38.826559
39.081408
39.052165
39.223790
39.270959
39.445325
39.373741
39.113623
38.851474
38.776289
38.765281
38.767255
38.924578
38.996295
39.080462
39.234984
39.321185
39.368336
39.517540
38.862880
38.867263
38.738794
38.964347
38.944344
39.126853
39.194520
39.395117
39.356238
39.622614
39.583514
38.696662
38.808345
38.850619
38.946772
39.103139
39.227199
39.290292
39.473204
39.544813
39.604683
38.792273
38.961907
39.017399
39.242759
39.221665
39.512453
39.502207
39.675979
39.729006
38.899585
39.035954
39.107329
39.313882
39.408546
39.498583
39.659595
39.754054
39.005724
39.299734
39.311545
39.509148
39.585502
39.792379
39.748712
39.181392
39.289614
39.466959
39.587220
39.649922
39.835544
39.343498
39.574957
39.545554
39.846533
39.829019
39.419576
39.617351
39.708245
39.795791
39.577867
39.788050
39.841968
39.711251
39.824111
39.767387
46.027963
46.465871
46.208739
46.570685
46.417586
46.646007
46.537768
46.798480
46.600704
46.863642
46.723585
46.877746
46.746113
46.951288
46.714964
46.927014
46.748190
46.866305
46.686811
46.886756
46.608580
46.802390
46.591742
45.392918
45.381432
45.377073
45.328577
45.383768
45.401854
45.378801
45.465984
45.508767
45.525032
45.628200
45.711741
45.731891
45.882744
45.951177
46.020253
46.138432
46.258456
46.266299
46.440832
46.449970
46.569861
45.484260
45.568949
45.473437
45.610866
45.442499
45.642021
45.546150
45.668324
45.639803
45.827576
45.721426
45.977656
45.924589
46.101167
46.104917
46.334082
46.230925
46.532183
46.438198
46.644463
46.593100
45.613284
45.618423
45.566353
45.628857
45.645220
45.627748
45.706649
45.759304
45.755674
45.879702
45.929600
45.975598
46.085830
46.185508
46.195950
46.363127
46.399532
46.467048
46.547724
46.634541
45.667840
45.850057
45.725468
45.821871
45.760728
45.927711
45.784794
46.021082
45.938513
46.095580
46.077346
46.291579
46.176516
46.462753
46.376357
46.569064
46.534131
46.750910
46.593638
45.859276
45.821859
45.877891
45.907176
45.874117
45.973050
46.000445
46.019114
46.110308
46.188601
46.185451
46.335549
46.367229
46.425455
46.511537
46.598798
46.569447
46.720038
45.965360
46.114535
45.941271
46.157699
46.045634
46.178805
46.134692
46.327409
46.193908
46.456886
46.364930
46.538092
46.501713
46.712213
46.560256
46.840199
46.684607
46.071168
46.146801
46.151927
46.146527
46.215480
46.268744
46.248615
46.370591
46.395709
46.428869
46.512344
46.584411
46.559434
46.699204
46.678310
46.719058
46.221855
46.341563
46.265845
46.440442
46.281520
46.521189
46.413160
46.564943
46.516214
46.711278
46.556822
46.820294
46.676117
46.845432
46.745609
46.377936
46.413106
46.372552
46.469992
46.480277
46.490244
46.558033
46.614233
46.579294
46.703980
46.684925
46.716716
46.747237
46.792521
46.418335
46.642672
46.509325
46.644700
46.572208
46.755120
46.585490
46.834923
46.684141
46.846182
46.740466
46.924745
46.712681
46.599010
46.591548
46.639216
46.680782
46.633437
46.736419
46.712564
46.732365
46.752520
46.800155
46.717550
46.818622
46.651709
46.829123
46.635398
46.868124
46.710637
46.861389
46.744818
46.928021
46.709797
46.946022
46.740191
46.695770
46.781928
46.757106
46.757796
46.769288
46.809066
46.722671
46.814279
46.747789
46.741771
46.739896
46.876850
46.744660
46.929211
46.704308
46.934458
46.733282
46.866173
46.711064
46.781477
46.818199
46.727453
46.803599
46.742347
46.727922
46.712294
46.723922
46.677516
46.904305
46.704885
46.843486
46.684298
46.846351
46.581566
46.730863
46.708119
46.688386
46.698304
46.580273
46.650391
46.613524
46.801646
46.540317
46.770497
46.511649
46.558983
46.607009
46.508224
46.490726
46.431293
46.616851
46.379441
46.389212
46.388840
46.153745
45.854814
46.068529
45.601880
45.724029
45.292854
45.221650
44.811280
44.649653
44.062830
43.863688
43.190870
42.803014
42.156095
41.744597
41.028074
40.773966
40.153575
39.932971
39.562115
39.459977
39.105992
39.205099
38.936346
39.102925
39.687107
40.236879
41.323204
42.063035
43.149474
43.883467
44.670793
45.046641
45.667012
45.812277
46.176342
46.289382
46.553369
46.509477
46.801091
46.706887
46.869725
46.810755
46.928443
46.750368
46.904856
46.662658
46.104466
46.050527
46.296464
46.210257
46.431951
46.423464
46.516046
46.538835
46.671780
46.598911
46.733226
46.720777
46.743671
46.740725
46.816540
46.717337
46.790689
46.760400
46.732627
46.703643
46.748673
46.660902
45.859172
46.221224
46.083057
46.441323
46.230658
46.573717
46.441708
46.657686
46.550196
46.812750
46.607023
46.868489
46.723367
46.881815
46.737797
46.959513
46.711280
46.935346
46.750475
46.892376
46.692740
45.870692
45.883942
46.056029
46.090440
46.300039
46.235361
46.437439
46.443522
46.525595
46.546869
46.677743
46.604540
46.729165
46.724458
46.740556
46.736939
46.811368
46.716204
46.783794
46.760268
45.572107
45.993208
45.892243
46.187259
46.100685
46.435825
46.247689
46.574043
46.453052
46.664495
46.549538
46.818768
46.604402
46.867368
46.713689
46.878170
46.718911
46.953715
46.707304
45.549244
45.564356
45.838202
45.894568
46.045760
46.100395
46.299724
46.247836
46.434335
46.452887
46.526077
46.547968
46.674798
46.599898
46.714074
46.710387
46.729542
46.717873
45.252778
45.662400
45.559162
45.961422
45.901267
46.179148
46.106141
46.437438
46.255256
46.573255
46.455860
46.664448
46.537044
46.809035
46.586896
46.849529
46.702593
45.041311
45.228896
45.511810
45.553274
45.817653
45.899373
46.039338
46.103216
46.297950
46.254344
46.426523
46.449331
46.514202
46.529957
46.662884
46.584485
44.762251
45.143816
45.214135
45.637072
45.554447
45.949270
45.907544
46.179372
46.107011
46.436185
46.250230
46.559761
46.442430
46.650467
46.523840
44.461683
44.733989
44.991549
45.200287
45.495667
45.550286
45.805703
45.904759
46.035335
46.098824
46.289446
46.245201
46.415352
46.439900
44.009902
44.562784
44.722075
45.121028
45.201492
45.636508
45.559697
45.945688
45.908037
46.174850
46.098097
46.428874
46.243506
43.685745
43.983588
44.413863
44.715065
44.980733
45.195880
45.496209
45.556525
45.803169
45.906770
46.035412
46.096727
43.156904
43.812088
43.986095
44.558318
44.733101
45.136201
45.210044
45.648603
45.568497
45.950168
45.911289
42.656181
43.156409
43.686502
43.996503
44.428099
44.743109
45.008608
45.218992
45.518137
45.573511
42.180487
42.827640
43.196341
43.876774
44.045639
44.610524
44.780411
45.178687
45.236434
41.649886
42.239065
42.742188
43.242856
43.782255
44.090493
44.502844
44.803062
41.117383
41.894558
42.354369
42.997614
43.334118
44.001486
44.140572
40.744900
41.238209
41.857846
42.460435
42.944678
43.395796
40.306981
41.077843
41.416522
42.154983
42.565141
39.928845
40.452964
41.076085
41.541495
39.755599
40.296475
40.611395
39.415045
39.887131
39.309869
45.854817
46.068531
45.601880
45.724025
45.292847
45.221643
44.811262
44.649635
44.062807
43.863659
43.190843
42.803002
42.156105
41.744623
41.028129
40.774064
40.153677
39.933060
39.562188
39.460038
39.106033
39.205127
38.936353
39.767387
39.824111
39.841967
39.795790
39.829018
39.835542
39.748712
39.754056
39.729001
39.604682
39.583514
39.517535
39.373742
39.308672
39.233924
39.051119
38.993719
38.895661
38.780362
38.695214
38.783042
38.708341
39.711251
39.788048
39.708244
39.846533
39.649919
39.792381
39.659592
39.675977
39.544812
39.622613
39.368333
39.445326
39.256259
39.218153
39.035199
39.082305
38.808386
38.897630
38.775019
38.845470
38.850608
39.577867
39.617351
39.545555
39.587218
39.585503
39.498579
39.502209
39.473199
39.356240
39.321179
39.270960
39.115481
39.070478
38.986838
38.852697
38.782142
38.796454
38.671878
38.781667
38.918796
39.419575
39.574955
39.466957
39.509147
39.408545
39.512453
39.290288
39.395119
39.234980
39.223790
39.062415
39.125750
38.862063
38.945700
38.796311
38.828350
38.758950
39.012982
38.993662
39.343496
39.289611
39.311547
39.313876
39.221667
39.227193
39.194521
39.080457
39.052168
39.002688
38.874939
38.834101
38.814090
38.704007
38.754012
38.835424
38.912974
39.166762
39.181388
39.299735
39.107323
39.242759
39.103134
39.126852
38.996290
39.081409
38.849157
38.946443
38.808579
38.833256
38.754224
38.948622
38.875727
39.240576
39.438494
39.005721
39.035950
39.017400
38.946763
38.944347
38.924570
38.826557
38.816784
38.808160
38.717682
38.765725
38.821208
38.863592
39.065599
39.362185
39.671379
38.899574
38.961908
38.850608
38.964344
38.767251
38.894120
38.780506
38.830308
38.766254
38.953890
38.865354
39.194167
39.325608
39.750728
40.068429
38.792267
38.808339
38.738785
38.765274
38.781993
38.731177
38.796407
38.871398
38.907389
39.109865
39.343762
39.617009
40.032408
40.566419
38.696650
38.867253
38.776277
38.867446
38.828023
39.043328
38.970647
39.307885
39.407526
39.802042
40.060822
40.695395
40.997567
38.862860
38.851464
38.945262
39.054254
39.115220
39.334108
39.551708
39.814660
40.171735
40.643985
41.036714
41.619394
39.113609
39.364645
39.307322
39.656057
39.756015
40.139555
40.352121
40.926023
41.152175
41.828893
42.191485
39.662660
39.883950
40.096442
40.329985
40.644091
41.053384
41.362800
41.861191
42.299688
42.738930
40.516581
40.845450
40.995731
41.498543
41.635027
42.218305
42.472123
42.994590
43.270862
41.511437
41.810153
42.019649
42.403202
42.724132
43.057594
43.409423
43.819346
42.433842
42.883344
43.003765
43.421870
43.584372
44.076742
44.146674
43.411930
43.601888
43.828062
44.117619
44.275684
44.600328
44.067472
44.451689
44.416134
44.844438
44.874566
44.665815
44.858844
44.980715
45.148536
45.077973
45.385088
45.329246
45.459505
45.608873
45.610966
46.252213
46.469994
46.445474
46.670914
46.656160
46.787870
46.770316
46.920389
46.768865
46.909430
46.759250
46.752434
46.604524
46.604570
46.328419
46.356059
46.113313
46.050806
45.860299
45.855608
45.591050
45.622069
45.397690
45.279983
45.384157
45.213150
45.375166
45.244727
45.332601
45.275904
45.431916
45.305554
45.526406
45.471637
45.618708
45.625279
45.838883
45.758398
46.037987
46.003398
46.196052
46.210638
46.450715
46.343616
46.635124
46.523641
46.153751
46.388847
46.379447
46.490732
46.511654
46.650400
46.581569
46.723926
46.711073
46.741774
46.740189
46.818635
46.712688
46.792521
46.745610
46.719070
46.684619
46.720051
46.593646
46.634551
46.593103
46.569867
46.389221
46.616857
46.508236
46.770504
46.580282
46.846360
46.712306
46.866178
46.747805
46.946030
46.717554
46.924758
46.747257
46.845439
46.678318
46.840213
46.569470
46.750933
46.547747
46.644481
46.449983
46.431301
46.607016
46.540325
46.698314
46.684303
46.727931
46.733292
46.814283
46.709806
46.800167
46.740463
46.716722
46.676130
46.699213
46.560254
46.598801
46.534139
46.467063
46.438209
46.440844
46.558993
46.801654
46.688398
46.843497
46.742358
46.934467
46.722688
46.928028
46.752531
46.846199
46.684934
46.820300
46.559453
46.712232
46.511551
46.569071
46.399541
46.532191
46.266307
46.613532
46.708127
46.704893
46.803611
46.704316
46.809074
46.744829
46.732373
46.684142
46.703993
46.556831
46.584414
46.501717
46.425469
46.376372
46.363140
46.230927
46.258457
46.730874
46.904313
46.727464
46.929223
46.769303
46.861398
46.712580
46.834936
46.579299
46.711286
46.512363
46.538105
46.367236
46.462760
46.195967
46.334107
46.138458
46.677525
46.818208
46.744668
46.757805
46.710648
46.736428
46.585499
46.614247
46.516218
46.428870
46.364933
46.335557
46.176517
46.185501
46.104901
46.020240
46.781488
46.876859
46.757117
46.868133
46.633447
46.755130
46.558045
46.564956
46.395723
46.456902
46.185463
46.291588
46.085845
46.101187
45.951194
46.739904
46.781935
46.635408
46.680793
46.572214
46.490249
46.413165
46.370594
46.193905
46.188606
46.077353
45.975597
45.924579
45.882740
46.695779
46.829129
46.639224
46.644712
46.480288
46.521199
46.248627
46.327420
46.110311
46.095580
45.929607
45.977664
45.731892
46.651718
46.591551
46.509329
46.469999
46.281523
46.268749
46.134701
46.019123
45.938521
45.879709
45.721429
45.711747
46.599023
46.642682
46.372556
46.440452
46.215483
46.178805
46.000448
46.021082
45.755672
45.827577
45.628202
46.418342
46.413110
46.265852
46.146539
46.045644
45.973058
45.784806
45.759314
45.639807
45.525037
46.377941
46.341565
46.151920
46.157703
45.874115
45.927706
45.706650
45.668325
45.508768
46.221867
46.146811
45.941278
45.907183
45.760737
45.627753
45.546154
45.465988
46.071167
46.114537
45.877887
45.821876
45.645221
45.642020
45.378802
45.965364
45.821864
45.725469
45.628857
45.442502
45.401856
45.859278
45.850065
45.566354
45.610870
45.383769
45.667838
45.618422
45.473438
45.328576
45.613285
45.568955
45.377074
45.484258
45.381431
45.392919
46.027970
46.465874
46.208748
46.570688
46.417593
46.646013
46.537773
46.798483
46.600717
46.863643
46.723591
46.877761
46.746122
46.951288
46.714976
46.927029
46.748205
46.866316
46.686824
46.886764
46.608591
46.802395
46.591748
39.309902
39.887166
40.611441
41.541522
42.565165
43.395794
44.140572
44.803046
45.236428
45.573493
45.911284
46.096712
46.243504
46.439888
46.523841
46.584476
46.702596
46.717867
46.707309
46.760263
46.692746
46.660899
39.415104
40.296550
41.076157
42.155032
42.944700
44.001484
44.502829
45.178665
45.518115
45.950145
46.035393
46.428858
46.415339
46.650459
46.662876
46.849525
46.729540
46.953715
46.783796
46.892378
46.748675
39.755690
40.453055
41.416611
42.460477
43.334138
44.090475
44.780390
45.218956
45.568472
45.906736
46.098079
46.245177
46.442421
46.529940
46.586896
46.710379
46.718917
46.716200
46.750484
46.703643
39.928937
41.077938
41.857920
42.997646
43.782254
44.610500
45.008574
45.648567
45.803133
46.174820
46.289422
46.559743
46.514191
46.809028
46.714071
46.878173
46.811369
46.935353
46.732631
40.307072
41.238281
42.354419
43.242860
44.045625
44.743067
45.210007
45.556478
45.908005
46.098789
46.250212
46.449309
46.537039
46.599889
46.713694
46.736936
46.711289
46.760398
40.744981
41.894609
42.742204
43.876757
44.428061
45.136151
45.496159
45.945640
46.035296
46.436154
46.426500
46.664434
46.674787
46.867365
46.740555
46.959515
46.790693
41.117464
42.239093
43.196336
43.996457
44.733047
45.195813
45.559643
45.904703
46.106975
46.254307
46.455841
46.547947
46.604397
46.724449
46.737802
46.717338
41.649947
42.827647
43.686474
44.558263
44.980671
45.636445
45.805649
46.179328
46.297916
46.573231
46.526060
46.818760
46.729163
46.881821
46.816547
42.180516
43.156392
43.986061
44.715009
45.201442
45.550232
45.907506
46.103180
46.255238
46.452869
46.549536
46.604536
46.723376
46.740727
42.656179
43.812058
44.413819
45.120976
45.495618
45.949225
46.039303
46.437411
46.434316
46.664482
46.677735
46.868486
46.743668
43.156890
43.983543
44.722028
45.200230
45.554403
45.899329
46.106114
46.247808
46.453039
46.546855
46.607021
46.720773
43.685719
44.562747
44.991513
45.637037
45.817626
46.179127
46.299712
46.574038
46.525596
46.812757
46.733237
44.009876
44.733953
45.214109
45.553245
45.901251
46.100378
46.247685
46.443515
46.550199
46.598909
44.461653
45.143784
45.511783
45.961398
46.045742
46.435811
46.437430
46.657680
46.671777
44.762235
45.228876
45.559151
45.894554
46.100683
46.235357
46.441714
46.538839
45.041298
45.662387
45.838194
46.187253
46.300037
46.573717
46.516048
45.252767
45.564343
45.892238
46.090432
46.230659
46.423461
45.549239
45.993205
46.056028
46.441323
46.431955
45.572107
45.883939
46.083061
46.210258
45.870690
46.221223
46.296465
45.859177
46.050530
46.104470
39.880221
40.050743
39.889146
40.067292
39.955045
40.010508
39.908883
40.020508
39.795789
39.909628
39.743014
39.729091
39.568778
39.615540
39.328429
39.390237
39.167640
39.121652
38.924951
38.995277
38.728559
38.861148
38.782063
39.997944
40.011782
40.069047
40.007133
40.052568
40.057802
39.972187
39.984852
39.950761
39.837630
39.806691
39.749241
39.587839
39.546733
39.436365
39.277517
39.183825
39.095153
38.897277
38.867837
38.749218
38.772994
40.115105
40.218194
40.132066
40.293575
40.092715
40.248737
40.110359
40.133918
40.003376
40.077792
39.818616
39.905622
39.693264
39.661075
39.461255
39.490005
39.165692
39.231930
38.973458
38.962924
38.749220
40.189533
40.251788
40.199761
40.245013
40.254404
40.174219
40.183074
40.157361
40.029715
40.015802
39.931403
39.793818
39.720680
39.637677
39.435459
39.382788
39.233695
39.060623
38.973463
38.867837
40.251138
40.434153
40.341850
40.404728
40.306670
40.421931
40.194489
40.317250
40.135605
40.126259
39.957185
39.996638
39.694315
39.766372
39.504771
39.456481
39.233694
39.231929
38.897285
40.398070
40.370601
40.408651
40.429963
40.341712
40.364413
40.316879
40.209058
40.172541
40.108165
39.934785
39.899265
39.763097
39.603783
39.504770
39.382789
39.165695
39.095149
40.452780
40.609734
40.428849
40.587425
40.449434
40.479111
40.346731
40.411629
40.146080
40.235414
40.001980
39.965238
39.763097
39.766373
39.435454
39.490006
39.183827
40.480465
40.549929
40.544668
40.485462
40.487012
40.464348
40.331152
40.321181
40.216336
40.079275
40.001980
39.899263
39.694316
39.637679
39.461249
39.277519
40.591784
40.665924
40.577801
40.684697
40.465162
40.589009
40.398123
40.385346
40.216332
40.235417
39.934784
39.996635
39.720679
39.661079
39.436356
40.631195
40.655266
40.565334
40.598825
40.534463
40.438945
40.398122
40.321187
40.146073
40.108168
39.957186
39.793815
39.693262
39.546737
40.615856
40.780229
40.632774
40.662573
40.534463
40.589010
40.331148
40.411638
40.172531
40.126263
39.931401
39.905624
39.587832
40.683468
40.635146
40.632777
40.598822
40.465163
40.464349
40.346726
40.209066
40.135598
40.015805
39.818611
39.749247
40.683467
40.780223
40.565341
40.684692
40.487008
40.479116
40.316872
40.317254
40.029712
40.077796
39.806680
40.615857
40.655258
40.577812
40.485455
40.449429
40.364421
40.194487
40.157358
40.003375
39.837636
40.631198
40.665920
40.544673
40.587420
40.341711
40.421932
40.183077
40.133915
39.950756
40.591791
40.549930
40.428841
40.429967
40.306673
40.174213
40.110361
39.984854
40.480465
40.609736
40.408640
40.404738
40.254403
40.248738
39.972181
40.452772
40.370610
40.341846
40.245016
40.092712
40.057807
40.398065
40.434161
40.199761
40.293575
40.052560
40.251141
40.251783
40.132071
40.007132
40.189536
40.218189
40.069047
40.115108
40.011780
39.997945
39.957964
40.165857
40.138709
40.399389
40.349183
40.508808
40.525613
40.682352
40.587243
40.785682
40.701559
40.763696
40.701562
40.785685
40.587243
40.682348
40.525614
40.508810
40.349180
40.399388
40.138711
40.165856
39.957964
39.880221
40.050743
39.889148
40.067293
39.955040
40.010523
39.908872
40.020517
39.795796
39.909637
39.743001
39.729129
39.568759
39.615560
39.328438
39.390257
39.167618
39.121715
38.924924
38.995310
38.728571
38.861189
38.782030
39.997944
40.011781
40.069040
40.007138
40.052556
40.057798
39.972189
39.984846
39.950747
39.837643
39.806672
39.749233
39.587845
39.546720
39.436343
39.277535
39.183799
39.095136
38.897286
38.867819
38.749186
38.773016
40.115104
40.218200
40.132063
40.293580
40.092719
40.248742
40.110351
40.133944
40.003363
40.077805
39.818623
39.905636
39.693248
39.661121
39.461233
39.490028
39.165701
39.231959
38.973429
38.962999
38.749187
40.189530
40.251786
40.199762
40.245011
40.254397
40.174225
40.183060
40.157356
40.029718
40.015793
39.931387
39.793832
39.720659
39.637666
39.435466
39.382774
39.233668
39.060643
38.973434
38.867817
40.251142
40.434158
40.341850
40.404744
40.306667
40.421941
40.194492
40.317259
40.135593
40.126292
39.957169
39.996654
39.694321
39.766392
39.504748
39.456536
39.233667
39.231957
38.897293
40.398069
40.370603
40.408644
40.429960
40.341716
40.364413
40.316869
40.209066
40.172526
40.108157
39.934790
39.899255
39.763077
39.603800
39.504748
39.382775
39.165703
39.095135
40.452775
40.609732
40.428846
40.587425
40.449422
40.479132
40.346723
40.411639
40.146084
40.235427
40.001962
39.965278
39.763076
39.766392
39.435460
39.490030
39.183798
40.480467
40.549930
40.544663
40.485465
40.486999
40.464342
40.331157
40.321175
40.216321
40.079287
40.001963
39.899253
39.694323
39.637668
39.461226
39.277537
40.591786
40.665933
40.577799
40.684703
40.465163
40.589016
40.398112
40.385373
40.216318
40.235429
39.934788
39.996651
39.720656
39.661125
39.436333
40.631192
40.655264
40.565336
40.598823
40.534455
40.438952
40.398110
40.321180
40.146077
40.108161
39.957168
39.793830
39.693244
39.546725
40.615853
40.780230
40.632769
40.662586
40.534455
40.589018
40.331148
40.411649
40.172515
40.126296
39.931383
39.905638
39.587836
40.683464
40.635149
40.632772
40.598818
40.465167
40.464347
40.346711
40.209077
40.135585
40.015796
39.818618
39.749239
40.683467
40.780227
40.565341
40.684696
40.487004
40.479134
40.316860
40.317263
40.029714
40.077808
39.806661
40.615861
40.655257
40.577805
40.485462
40.449426
40.364410
40.194493
40.157353
40.003362
39.837648
40.631197
40.665923
40.544667
40.587430
40.341710
40.421937
40.183065
40.133940
39.950742
40.591787
40.549926
40.428848
40.429966
40.306661
40.174222
40.110353
39.984847
40.480463
40.609742
40.408636
40.404746
40.254395
40.248743
39.972182
40.452773
40.370614
40.341839
40.245012
40.092716
40.057806
40.398062
40.434159
40.199761
40.293579
40.052552
40.251140
40.251783
40.132066
40.007140
40.189534
40.218194
40.069042
40.115108
40.011779
39.997943
45.228365
45.220981
44.995598
45.023521
44.809440
44.752231
44.619000
44.615731
44.408270
44.485671
44.370030
44.396105
44.370030
44.485675
44.408278
44.615728
44.619000
44.752231
44.809437
45.023519
44.995601
45.220979
45.228366
45.279980
45.384159
45.213140
45.375161
45.244743
45.332564
45.275918
45.431916
45.305525
45.526397
45.471666
45.618635
45.625308
45.838879
45.758362
46.037956
46.003463
46.195919
46.210695
46.450682
46.343578
46.635070
46.523715
45.180486
45.169465
45.149416
45.101665
45.149088
45.167210
45.145005
45.228169
45.283199
45.289577
45.412581
45.486480
45.531079
45.665112
45.771862
45.813543
45.983204
46.062532
46.147628
46.259791
46.374631
46.399434
45.073215
45.118868
45.024750
45.142617
44.980788
45.164441
45.084589
45.194760
45.186831
45.372380
45.286495
45.542557
45.519114
45.694877
45.728810
45.964578
45.901279
46.195454
46.173038
46.378056
46.374627
44.960250
44.958397
44.876594
44.932036
44.943800
44.920593
45.008498
45.062965
45.080311
45.205055
45.293167
45.336317
45.492408
45.591185
45.662990
45.815758
45.940003
45.993109
46.173042
46.259787
44.812468
44.934373
44.822503
44.877393
44.837712
44.981468
44.871443
45.092584
45.060087
45.210523
45.245191
45.462591
45.413536
45.694454
45.695802
45.894386
45.940002
46.195448
46.147628
44.760830
44.693795
44.721608
44.745090
44.711887
44.808921
44.864429
44.889582
45.021849
45.118909
45.175135
45.332375
45.452221
45.519921
45.695802
45.815758
45.901283
46.062519
44.652945
44.740263
44.583999
44.748718
44.685140
44.789133
44.805718
44.993454
44.936917
45.198670
45.207220
45.387729
45.452219
45.694455
45.662983
45.964577
45.983207
44.521349
44.563758
44.563522
44.546715
44.630667
44.700536
44.725122
44.871691
44.972621
45.040137
45.207221
45.332376
45.413536
45.591189
45.728805
45.813539
44.491300
44.531360
44.496197
44.632863
44.541594
44.760825
44.753932
44.909150
44.972620
45.198671
45.175133
45.462592
45.492403
45.694883
45.771855
44.422577
44.437894
44.405525
44.511688
44.571773
44.612729
44.753933
44.871690
44.936917
45.118911
45.245191
45.336320
45.519108
45.665120
44.331013
44.486621
44.429734
44.538682
44.571773
44.760825
44.725120
44.993454
45.021844
45.210527
45.293161
45.542564
45.531069
44.360394
44.343552
44.429738
44.511684
44.541597
44.700537
44.805713
44.889587
45.060079
45.205062
45.286487
45.486487
44.360394
44.486621
44.405528
44.632858
44.630668
44.789134
44.864421
45.092590
45.080302
45.372384
45.412572
44.331016
44.437898
44.496198
44.546710
44.685145
44.808917
44.871443
45.062966
45.186830
45.289578
44.422585
44.531358
44.563521
44.748718
44.711885
44.981464
45.008499
45.194760
45.283196
44.491304
44.563754
44.583998
44.745098
44.837701
44.920599
45.084584
45.228173
44.521346
44.740264
44.721608
44.877389
44.943799
45.164442
45.145000
44.652944
44.693802
44.822495
44.932037
44.980789
45.167210
44.760829
44.934365
44.876596
45.142616
45.149086
44.812465
44.958399
45.024752
45.101664
44.960254
45.118865
45.149418
45.073215
45.169464
45.180488
45.279982
45.384157
45.213150
45.375164
45.244725
45.332600
45.275901
45.431916
45.305552
45.526407
45.471630
45.618711
45.625273
45.838888
45.758398
46.037977
46.003408
46.196033
46.210642
46.450709
46.343613
46.635116
46.523644
45.180486
45.169466
45.149402
45.101681
45.149072
45.167194
45.145020
45.228157
45.283167
45.289611
45.412546
45.486451
45.531108
45.665084
45.771812
45.813592
45.983154
46.062491
46.147662
46.259751
46.374564
46.399487
45.073212
45.118879
45.024745
45.142616
44.980805
45.164446
45.084563
45.194809
45.186809
45.372385
45.286522
45.542570
45.519071
45.694967
45.728766
45.964594
45.901315
46.195481
46.172977
46.378186
46.374560
44.960248
44.958396
44.876602
44.932030
44.943781
44.920622
45.008480
45.062942
45.080331
45.205037
45.293127
45.336359
45.492367
45.591152
45.663023
45.815725
45.939947
45.993164
46.172980
46.259747
44.812469
44.934367
44.822487
44.877412
44.837690
44.981463
44.871466
45.092593
45.060053
45.210590
45.245158
45.462599
45.413569
45.694469
45.695752
45.894492
45.939946
46.195474
46.147663
44.760825
44.693807
44.721600
44.745083
44.711899
44.808902
44.864394
44.889616
45.021817
45.118884
45.175163
45.332349
45.452176
45.519970
45.695752
45.815725
45.901317
46.062478
44.652943
44.740261
44.584008
44.748719
44.685124
44.789174
44.805688
44.993456
44.936942
45.198677
45.207182
45.387810
45.452175
45.694471
45.663015
45.964595
45.983155
44.521348
44.563748
44.563503
44.546727
44.630642
44.700522
44.725137
44.871671
44.972588
45.040176
45.207182
45.332350
45.413566
45.591158
45.728758
45.813589
44.491299
44.531371
44.496179
44.632857
44.541604
44.760826
44.753904
44.909204
44.972587
45.198679
45.175159
45.462603
45.492360
45.694976
45.771803
44.422576
44.437890
44.405526
44.511670
44.571748
44.612751
44.753905
44.871672
44.936939
45.118889
45.245153
45.336364
45.519064
45.665092
44.331014
44.486617
44.429716
44.538703
44.571749
44.760824
44.725138
44.993458
45.021812
45.210594
45.293121
45.542575
45.531100
44.360386
44.343554
44.429715
44.511670
44.541607
44.700517
44.805693
44.889615
45.060050
45.205038
45.286518
45.486456
44.360386
44.486613
44.405527
44.632855
44.630646
44.789170
44.864397
45.092593
45.080326
45.372387
45.412538
44.331014
44.437880
44.496185
44.546725
44.685120
44.808909
44.871460
45.062947
45.186801
45.289614
44.422571
44.531368
44.563508
44.748719
44.711894
44.981472
45.008472
45.194813
45.283160
44.491297
44.563751
44.584006
44.745082
44.837693
44.920618
45.084562
45.228156
44.521349
44.740265
44.721591
44.877422
44.943776
45.164446
45.145016
44.652941
44.693805
44.822491
44.932028
44.980803
45.167195
44.760823
44.934373
44.876600
45.142614
45.149070
44.812473
44.958390
45.024746
45.101679
44.960246
45.118877
45.149402
45.073214
45.169462
45.180486

