Tension at each vertex
46.164463
46.164460
46.164553
46.164554
39.990207
45.415278
39.990205
45.415277
38.906280
38.906397
46.730284
46.730490
45.885626
45.775971
45.366639
45.138355
44.604275
44.063368
43.228935
42.431150
41.242590
40.392319
39.502395
39.036391
38.737165
38.814089
38.723528
38.989448
39.041236
39.253038
39.322239
39.584303
39.538458
39.789618
39.769162
45.794264
45.490035
45.334348
44.848972
44.461053
43.813745
43.016815
42.069863
41.099619
40.050567
39.370332
38.898898
38.668767
38.672417
38.784742
38.842458
39.036439
39.189613
39.275828
39.448687
39.559371
39.671603
45.886163
45.659580
45.296741
45.052305
44.380700
43.878304
42.967694
42.052946
40.957622
40.133469
39.256281
38.986931
38.715993
38.760539
38.785376
39.034588
39.001745
39.312488
39.328941
39.531711
39.559364
45.766286
45.534534
45.205790
44.804068
44.359048
43.586921
42.833188
41.832567
40.791320
39.887226
39.251523
38.786676
38.701249
38.687806
38.742327
38.913315
39.056919
39.141069
39.328950
39.448690
45.760167
45.669519
45.281922
44.913908
44.312506
43.747953
42.720231
41.887123
40.760799
39.918666
39.209788
38.960150
38.658855
38.816202
38.796462
38.992813
39.056910
39.312489
39.275817
45.828249
45.430905
45.212701
44.769080
44.209861
43.509431
42.692309
41.608815
40.675176
39.775576
39.132624
38.812135
38.708510
38.641371
38.796460
38.913318
39.001752
39.189612
45.773886
45.691620
45.166612
44.905641
44.245426
43.585058
42.638152
41.758581
40.580814
39.881875
39.168907
38.895591
38.708505
38.816203
38.742324
39.034586
39.036439
45.741082
45.453219
45.209837
44.660716
44.197654
43.438302
42.543772
41.563647
40.604462
39.677653
39.168918
38.812141
38.658854
38.687806
38.785386
38.842450
45.795236
45.608820
45.182919
44.886700
44.136622
43.580739
42.579049
41.654049
40.604446
39.881874
39.132606
38.960137
38.701252
38.760525
38.784742
45.773629
45.464905
45.133180
44.687452
44.177789
43.354341
42.579054
41.563649
40.580822
39.775573
39.209806
38.786675
38.716000
38.672425
45.732588
45.646278
45.180360
44.819877
44.177778
43.580738
42.543759
41.758571
40.675167
39.918643
39.251509
38.986915
38.668752
45.780983
45.408877
45.180367
44.687455
44.136629
43.438303
42.638166
41.608803
40.760808
39.887229
39.256279
38.898905
45.780978
45.646277
45.133171
44.886693
44.197653
43.585036
42.692298
41.887112
40.791295
40.133443
39.370328
45.732591
45.464907
45.182936
44.660709
44.245439
43.509440
42.720231
41.832562
40.957637
40.050546
45.773630
45.608800
45.209837
44.905634
44.209844
43.747933
42.833185
42.052902
41.099605
45.795250
45.453227
45.166614
44.769086
44.312529
43.586905
42.967708
42.069867
45.741069
45.691606
45.212710
44.913869
44.359046
43.878285
43.016783
45.773908
45.430891
45.281944
44.804083
44.380697
43.813748
45.828260
45.669502
45.205770
45.052278
44.461060
45.760162
45.534547
45.296774
44.848952
45.766305
45.659517
45.334355
45.886193
45.490058
45.794243
45.896746
46.059315
45.862938
46.179000
45.885861
46.085373
45.938043
46.111751
45.874989
46.129349
45.922482
46.075867
45.922478
46.129352
45.874994
46.111758
45.938030
46.085409
45.885842
46.179017
45.862953
46.059339
45.896718
46.178240
46.391047
46.363230
46.587399
46.571002
46.702671
46.685274
46.836381
46.686252
46.828120
46.679310
46.673826
46.526769
46.527715
46.252471
46.280768
46.038927
45.978060
45.787684
45.785157
45.521152
45.554596
45.330381
46.111588
46.154845
46.378396
46.354892
46.540992
46.566296
46.617042
46.650249
46.708608
46.604192
46.650399
46.549981
46.448068
46.362837
46.276526
46.079198
46.024208
45.877719
45.737730
45.645286
45.548162
45.442878
46.221825
46.354542
46.403287
46.626545
46.536827
46.762544
46.703738
46.791174
46.730030
46.821287
46.611182
46.698730
46.494776
46.450549
46.272028
46.263230
45.974864
46.013696
45.780522
45.748530
45.548159
46.107513
46.239295
46.328557
46.424159
46.572155
46.531748
46.679071
46.665647
46.662559
46.650487
46.643285
46.485112
46.475810
46.337802
46.207469
46.113272
46.016606
45.825783
45.780509
45.645293
46.113670
46.403307
46.435356
46.575538
46.593366
46.779523
46.652857
46.841938
46.727087
46.764298
46.648214
46.687698
46.427009
46.480780
46.252790
46.206646
46.016596
46.013706
45.737735
46.181420
46.166797
46.389703
46.451039
46.522731
46.590373
46.689177
46.614710
46.712521
46.647753
46.588685
46.528528
46.470815
46.280473
46.252766
46.113272
45.974865
45.877701
46.140275
46.445264
46.360654
46.632287
46.599999
46.724647
46.700106
46.840771
46.666141
46.808964
46.640336
46.633953
46.470816
46.480790
46.207484
46.263230
46.024206
46.106367
46.213029
46.416687
46.391415
46.582547
46.597902
46.638911
46.667194
46.713567
46.593617
46.640323
46.528533
46.427000
46.337782
46.272012
46.079199
46.167635
46.380692
46.408044
46.648425
46.540956
46.782209
46.698305
46.786811
46.713560
46.808972
46.588690
46.687688
46.475812
46.450576
46.276505
46.148585
46.236635
46.362885
46.448184
46.593506
46.544392
46.698294
46.667195
46.666139
46.647737
46.648203
46.485124
46.494741
46.362823
46.110119
46.430685
46.417256
46.595313
46.593498
46.782214
46.638913
46.840767
46.712517
46.764319
46.643263
46.698736
46.448078
46.159878
46.185409
46.417253
46.448183
46.540957
46.597890
46.700096
46.614714
46.727058
46.650476
46.611181
46.549951
46.159871
46.430687
46.362883
46.648424
46.582537
46.724666
46.689154
46.841946
46.662567
46.821281
46.650381
46.110124
46.236628
46.408036
46.391419
46.599977
46.590362
46.652858
46.665619
46.730003
46.604204
46.148572
46.380710
46.416666
46.632294
46.522734
46.779522
46.679050
46.791213
46.708569
46.167624
46.213018
46.360657
46.451018
46.593342
46.531757
46.703696
46.650227
46.106366
46.445270
46.389679
46.575575
46.572120
46.762555
46.617050
46.140257
46.166805
46.435325
46.424138
46.536829
46.566259
46.181391
46.403320
46.328560
46.626550
46.540959
46.113678
46.239268
46.403254
46.354907
46.107480
46.354599
46.378354
46.221793
46.154818
46.111593
45.787929
46.007322
45.543982
45.672895
45.247195
45.184736
44.780905
44.626068
44.043190
43.846253
43.173484
42.780472
42.126086
41.698427
40.965596
40.697498
40.061981
39.832547
39.460462
39.351956
38.998330
39.101668
38.837645
39.752572
39.809401
39.827876
39.781655
39.815692
39.821574
39.736364
39.740799
39.717222
39.591219
39.569564
39.501752
39.357519
39.287389
39.211646
39.021382
38.959463
38.852078
38.728926
38.626544
38.711494
38.611072
39.698177
39.776863
39.696314
39.835648
39.638634
39.781649
39.647550
39.663993
39.531260
39.609150
39.353096
39.426791
39.235740
39.192665
39.004307
39.044419
38.762748
38.838572
38.708454
38.763310
38.758448
39.563512
39.602865
39.532440
39.573547
39.572933
39.485225
39.489756
39.458815
39.341998
39.302569
39.252210
39.091027
39.042293
38.951217
38.810906
38.727347
38.735805
38.592769
38.695174
38.818949
39.405884
39.562011
39.454005
39.496268
39.394847
39.498076
39.275161
39.377574
39.215962
39.201101
39.035301
39.092810
38.823030
38.896001
38.739244
38.758096
38.676528
38.920595
38.892434
39.326086
39.272174
39.295144
39.296337
39.204712
39.206996
39.174404
39.056000
39.025217
38.968849
38.837626
38.784916
38.760274
38.634924
38.677149
38.743956
38.814366
39.058552
39.160529
39.278480
39.086294
39.219799
39.079717
39.099719
38.966604
39.046083
38.810382
38.897735
38.754446
38.767042
38.678881
38.862172
38.780426
39.138822
39.337118
38.977127
39.005514
38.987088
38.913035
38.909728
38.884217
38.784093
38.764745
38.751638
38.650169
38.690412
38.735493
38.770088
38.966106
39.259744
39.572753
38.861022
38.920410
38.808600
38.916760
38.717780
38.836320
38.718630
38.759588
38.689257
38.867761
38.772285
39.096668
39.226760
39.655183
39.978809
38.737996
38.748965
38.678699
38.698087
38.712864
38.654547
38.714966
38.782045
38.813020
39.013541
39.248885
39.523622
39.948340
40.492804
38.625142
38.789356
38.697373
38.782501
38.738517
38.950233
38.876025
39.214041
39.317589
39.714591
39.983358
40.629790
40.940890
38.771533
38.755852
38.849996
38.958664
39.021400
39.241938
39.466866
39.734353
40.102532
40.586916
40.987926
41.578772
39.015684
39.264971
39.211669
39.570277
39.678193
40.068723
40.293773
40.879370
41.114916
41.798546
42.169873
39.573805
39.798659
40.024476
40.270813
40.596196
41.018570
41.338477
41.843179
42.284057
42.723255
40.451535
40.793706
40.958609
41.473466
41.622839
42.210323
42.465579
42.989113
43.260186
41.481729
41.792797
42.009291
42.402788
42.727157
43.057891
43.404287
43.807470
42.424816
42.880021
43.006642
43.424711
43.583058
44.071815
44.129415
43.405921
43.600164
43.825996
44.111638
44.262294
44.576927
44.055999
44.439689
44.399999
44.822940
44.843906
44.641653
44.832682
44.949915
45.110248
45.039072
45.345320
45.283287
45.411215
45.555469
45.550149
46.178277
46.391026
46.363224
46.587379
46.571052
46.702614
46.685312
46.836384
46.686248
46.828109
46.679359
46.673782
46.526792
46.527719
46.252469
46.280749
46.038964
45.978032
45.787695
45.785168
45.521157
45.554589
45.330403
45.214022
45.320652
45.148108
45.311178
45.179922
45.268418
45.210376
45.367207
45.239997
45.460944
45.405228
45.552535
45.557873
45.771817
45.689943
45.969457
45.933569
46.125947
46.138380
46.378318
46.268775
46.560478
46.445945
46.074370
46.307868
46.296967
46.406567
46.426630
46.565099
46.495862
46.638551
46.626033
46.657220
46.656492
46.735439
46.630433
46.710822
46.664539
46.638584
46.604625
46.640436
46.514621
46.556260
46.514610
46.491424
46.308707
46.533645
46.423527
46.685625
46.494294
46.761150
46.626954
46.781825
46.663960
46.863284
46.635474
46.843984
46.666568
46.766129
46.599121
46.762084
46.491207
46.674166
46.470443
46.568734
46.374083
46.346612
46.521983
46.453763
46.612031
46.598110
46.642483
46.648745
46.730660
46.627340
46.718654
46.659807
46.637150
46.597161
46.620595
46.482549
46.521658
46.457243
46.390707
46.362558
46.365187
46.474140
46.715946
46.602708
46.757932
46.657704
46.850711
46.640179
46.846628
46.672189
46.767088
46.606455
46.742736
46.482545
46.636014
46.435694
46.494389
46.325146
46.458360
46.192608
46.527421
46.622314
46.619266
46.719047
46.620847
46.727002
46.663944
46.652871
46.605545
46.626345
46.479849
46.508009
46.426020
46.350196
46.302018
46.289078
46.157717
46.185576
46.645958
46.819600
46.644035
46.846541
46.688384
46.781475
46.634156
46.757223
46.502787
46.635216
46.437114
46.463147
46.293466
46.389315
46.123335
46.262494
46.067040
46.592960
46.734665
46.662405
46.676972
46.631242
46.658280
46.508491
46.538045
46.440729
46.353634
46.290714
46.261385
46.103395
46.113255
46.033288
45.949426
46.698914
46.795138
46.677312
46.789094
46.556363
46.678353
46.482651
46.489569
46.321602
46.382569
46.112432
46.219160
46.014177
46.030603
45.881553
46.658346
46.701652
46.556968
46.603135
46.495982
46.414578
46.338440
46.295957
46.120128
46.115309
46.004695
45.904054
45.854106
45.813190
46.616442
46.750365
46.562474
46.568279
46.405384
46.446077
46.174838
46.253580
46.037473
46.023454
45.858762
45.907756
45.663310
46.573183
46.513987
46.433146
46.394190
46.206978
46.194406
46.060999
45.946153
45.866393
45.808501
45.651541
45.643407
46.522101
46.566030
46.297680
46.365346
46.141598
46.105119
45.927948
45.949077
45.685171
45.758529
45.560263
46.341863
46.337189
46.191045
46.072069
45.972166
45.900068
45.712901
45.688885
45.570148
45.457421
46.302515
46.266541
46.078142
46.083890
45.801632
45.856263
45.636259
45.599728
45.441675
46.146922
46.072505
45.867688
45.834490
45.688934
45.557396
45.477540
45.398693
45.997561
46.041497
45.805172
45.750643
45.575393
45.573670
45.312342
45.891959
45.749450
45.654107
45.558665
45.373688
45.335923
45.787119
45.779059
45.496672
45.542849
45.317463
45.596806
45.548782
45.404544
45.262633
45.543400
45.501135
45.311205
45.415684
45.315087
45.325605
45.954870
46.390767
46.130140
46.490808
46.335574
46.563323
46.453588
46.714584
46.515862
46.779678
46.639280
46.794594
46.662863
46.869192
46.632851
46.846269
46.666758
46.786583
46.606390
46.807673
46.528643
46.724941
46.512138
39.199661
39.777776
40.511506
41.468768
42.511076
43.355524
44.101335
44.760149
45.183902
45.514450
45.845079
46.024123
46.167145
46.360619
46.442387
46.502187
46.619623
46.634994
46.624473
46.677785
46.610971
46.580174
39.297141
40.192875
40.986786
42.088043
42.894509
43.961854
44.458793
45.131615
45.461350
45.887045
45.964531
46.355513
46.336149
46.571304
46.580392
46.768107
46.646146
46.871938
46.700697
46.811811
46.666939
39.647979
40.350581
41.337668
42.402285
43.287741
44.047401
44.735666
45.165327
45.508994
45.840338
46.025849
46.169186
46.363555
46.448962
46.504977
46.627710
46.636066
46.633546
46.667730
46.622551
39.820544
40.993214
41.785465
42.948519
43.738196
44.567094
44.957703
45.593466
45.737658
46.105984
46.214007
46.482557
46.433373
46.728360
46.631110
46.796512
46.727921
46.854203
46.650779
40.211143
41.162108
42.299015
43.196142
44.004331
44.698520
45.156748
45.496770
45.841573
46.026471
46.174240
46.370196
46.455967
46.517699
46.630804
46.654033
46.628519
46.678233
40.661466
41.832734
42.697260
43.837340
44.384059
45.088249
45.439250
45.882247
45.964200
46.362244
46.347300
46.584859
46.592430
46.785694
46.657320
46.877630
46.708433
41.050743
42.190749
43.156052
43.958923
44.690510
45.143278
45.500402
45.838062
46.034646
46.177905
46.376534
46.466482
46.521946
46.641343
46.654822
46.634896
41.594439
42.792993
43.650966
44.520425
44.932465
45.582166
45.740613
46.109965
46.222141
46.495392
46.444843
46.737437
46.645941
46.799687
46.733514
42.141077
43.122716
43.953772
44.673998
45.150997
45.491152
45.841273
46.030605
46.178652
46.373099
46.467642
46.521486
46.639959
46.657559
42.626223
43.785462
44.379619
45.077308
45.440517
45.886472
45.968213
46.362958
46.354687
46.583935
46.594561
46.785802
46.659914
43.132938
43.956536
44.684226
45.151218
45.496322
45.833084
46.033590
46.170449
46.372716
46.464053
46.523254
46.636705
43.663209
44.534834
44.948969
45.584922
45.753902
46.109328
46.223512
46.495104
46.443092
46.730021
46.648802
43.987763
44.698776
45.167331
45.495531
45.835330
46.027426
46.169913
46.362370
46.466851
46.514406
44.435671
45.104388
45.459596
45.899840
45.974661
46.360478
46.356734
46.575698
46.587422
44.730552
45.183068
45.502126
45.828312
46.027744
46.157032
46.360211
46.454858
45.001635
45.612010
45.775819
46.117609
46.223100
46.493896
46.432712
45.207189
45.507408
45.826109
46.017136
46.152414
46.341441
45.497350
45.931831
45.985316
46.365570
46.351082
45.515059
45.817298
46.010044
46.131649
45.808310
46.151623
46.219702
45.792365
45.977203
46.033102
45.896741
46.059311
45.862933
46.178996
45.885856
46.085367
45.938038
46.111747
45.874985
46.129347
45.922481
46.075867
45.922480
46.129353
45.874996
46.111760
45.938033
46.085413
45.885847
46.179021
45.862959
46.059341
45.896723
45.885582
45.776008
45.366644
45.138379
44.604250
44.063426
43.228908
42.431177
41.242593
40.392331
39.502373
39.036416
38.737135
38.814094
38.723518
38.989448
39.041219
39.253048
39.322223
39.584304
39.538450
39.789617
39.769155
45.794241
45.490058
45.334360
44.848959
44.461072
43.813764
43.016804
42.069890
41.099628
40.050563
39.370335
38.898898
38.668746
38.672418
38.784730
38.842449
39.036432
39.189610
39.275816
39.448687
39.559362
39.671602
45.886190
45.659518
45.296774
45.052286
44.380703
43.878301
42.967724
42.052923
40.957656
40.133459
39.256285
38.986918
38.716002
38.760515
38.785387
39.034576
39.001748
39.312483
39.328946
39.531708
39.559369
45.766301
45.534547
45.205770
44.804089
44.359055
43.586918
42.833205
41.832581
40.791314
39.887236
39.251518
38.786663
38.701242
38.687798
38.742310
38.913313
39.056905
39.141064
39.328941
39.448685
45.760157
45.669502
45.281944
44.913873
44.312537
43.747943
42.720245
41.887123
40.760822
39.918648
39.209805
38.960135
38.658856
38.816195
38.796463
38.992807
39.056916
39.312485
39.275824
45.828257
45.430888
45.212712
44.769088
44.209853
43.509447
42.692315
41.608815
40.675181
39.775575
39.132610
38.812132
38.708491
38.641363
38.796446
38.913308
39.001740
39.189607
45.773905
45.691604
45.166615
44.905635
44.245446
43.585044
42.638178
41.758579
40.580827
39.881875
39.168911
38.895584
38.708510
38.816195
38.742329
39.034586
39.036437
45.741067
45.453225
45.209840
44.660711
44.197661
43.438308
42.543768
41.563657
40.604454
39.677652
39.168907
38.812129
38.658840
38.687798
38.785364
38.842449
45.795247
45.608798
45.182937
44.886695
44.136632
43.580745
42.579063
41.654054
40.604461
39.881871
39.132614
38.960135
38.701249
38.760530
38.784742
45.773629
45.464906
45.133172
44.687459
44.177785
43.354347
42.579053
41.563650
40.580817
39.775570
39.209786
38.786671
38.715981
38.672408
45.732589
45.646276
45.180368
44.819879
44.177792
43.580743
42.543777
41.758583
40.675173
39.918655
39.251513
38.986911
38.668760
45.780977
45.408877
45.180362
44.687455
44.136628
43.438307
42.638156
41.608812
40.760800
39.887217
39.256272
38.898895
45.780981
45.646278
45.133181
44.886703
44.197658
43.585058
42.692311
41.887121
40.791315
40.133457
39.370320
45.732588
45.464905
45.182924
44.660718
44.245431
43.509434
42.720235
41.832562
40.957616
40.050558
45.773628
45.608819
45.209840
44.905642
44.209865
43.747952
42.833185
42.052942
41.099609
45.795237
45.453219
45.166617
44.769081
44.312509
43.586922
42.967692
42.069859
45.741081
45.691619
45.212703
44.913910
44.359046
43.878305
43.016807
45.773888
45.430906
45.281923
44.804071
44.380700
43.813744
45.828248
45.669519
45.205789
45.052306
44.461048
45.760167
45.534535
45.296741
44.848973
45.766284
45.659579
45.334344
45.886162
45.490034
45.794262
46.178272
46.391019
46.363216
46.587369
46.571043
46.702602
46.685302
46.836371
46.686239
46.828098
46.679350
46.673773
46.526790
46.527716
46.252463
46.280754
46.038960
45.978031
45.787696
45.785163
45.521156
45.554586
45.330402
46.111599
46.154824
46.378364
46.354913
46.540971
46.566266
46.617061
46.650233
46.708579
46.604211
46.650388
46.549956
46.448085
46.362833
46.276506
46.079212
46.024211
45.877704
45.737742
45.645292
45.548159
45.442878
46.221796
46.354604
46.403262
46.626557
46.536839
46.762562
46.703705
46.791221
46.730011
46.821289
46.611186
46.698747
46.494743
46.450578
46.272016
46.263225
45.974860
46.013707
45.780500
45.748530
45.548159
46.107486
46.239274
46.328569
46.424144
46.572129
46.531765
46.679057
46.665627
46.662571
46.650484
46.643264
46.485126
46.475811
46.337788
46.207480
46.113278
46.016602
45.825784
45.780529
45.645289
46.113682
46.403324
46.435332
46.575581
46.593348
46.779529
46.652861
46.841953
46.727060
46.764326
46.648203
46.687695
46.427006
46.480790
46.252771
46.206646
46.016598
46.013696
45.737720
46.181396
46.166812
46.389686
46.451024
46.522739
46.590368
46.689157
46.614721
46.712519
46.647741
46.588692
46.528533
46.470810
46.280472
46.252784
46.113267
45.974868
45.877716
46.140261
46.445274
46.360661
46.632299
46.599980
46.724671
46.700097
46.840770
46.666139
46.808974
46.640321
46.633952
46.470820
46.480780
46.207471
46.263236
46.024201
46.106371
46.213022
46.416671
46.391424
46.582540
46.597892
46.638913
46.667198
46.713560
46.593618
46.640336
46.528529
46.427001
46.337798
46.272021
46.079186
46.167627
46.380713
46.408038
46.648427
46.540958
46.782216
46.698294
46.786811
46.713563
46.808963
46.588680
46.687693
46.475808
46.450550
46.276521
46.148574
46.236630
46.362884
46.448185
46.593499
46.544392
46.698302
46.667193
46.666137
46.647751
46.648208
46.485114
46.494769
46.362829
46.110124
46.430689
46.417253
46.595313
46.593503
46.782208
46.638906
46.840770
46.712515
46.764295
46.643278
46.698723
46.448057
46.159871
46.185409
46.417254
46.448183
46.540953
46.597900
46.700099
46.614706
46.727079
46.650484
46.611172
46.549977
46.159876
46.430683
46.362881
46.648423
46.582541
46.724643
46.689168
46.841934
46.662550
46.821280
46.650391
46.110117
46.236634
46.408040
46.391411
46.599992
46.590369
46.652848
46.665641
46.730021
46.604182
46.148582
46.380688
46.416681
46.632282
46.522724
46.779517
46.679061
46.791164
46.708599
46.167632
46.213024
46.360648
46.451034
46.593358
46.531739
46.703729
46.650238
46.106362
46.445259
46.389695
46.575530
46.572147
46.762533
46.617032
46.140270
46.166790
46.435349
46.424151
46.536819
46.566284
46.181413
46.403300
46.328549
46.626534
46.540982
46.113663
46.239287
46.403279
46.354882
46.107506
46.354534
46.378388
46.221820
46.154837
46.111580
45.885624
45.775973
45.366640
45.138364
44.604285
44.063386
43.228955
42.431177
41.242613
40.392339
39.502406
39.036400
38.737160
38.814080
38.723524
38.989435
39.041230
39.253031
39.322235
39.584299
39.538456
39.789615
39.769162
39.864505
40.038024
39.874651
40.054550
39.941085
39.998631
39.895469
40.008335
39.782509
39.896986
39.729626
39.716299
39.552951
39.599928
39.309226
39.368615
39.141055
39.089985
38.884923
38.947400
38.669106
38.790146
38.698391
45.550148
45.555473
45.283294
45.110261
44.843926
44.576951
44.129447
43.807507
43.260222
42.723291
42.169896
41.578768
40.940838
40.492741
39.978708
39.572610
39.336975
39.058442
38.892353
38.818896
38.758410
38.611054
45.411221
45.345331
44.949930
44.822960
44.262322
44.071848
43.404329
42.989151
42.284098
41.798567
40.987934
40.629762
39.948265
39.655103
39.259652
39.138702
38.814257
38.920513
38.695124
38.763275
38.711478
45.039079
44.832695
44.400017
44.111661
43.583088
43.057926
42.465617
41.843210
41.114938
40.586911
39.983329
39.523579
39.226673
38.966022
38.780354
38.743886
38.676462
38.592718
38.708417
38.626523
44.641665
44.439711
43.826024
43.424741
42.727195
42.210362
41.338514
40.879391
40.102547
39.714570
39.248843
39.096631
38.770032
38.862108
38.677103
38.758068
38.735791
38.838564
38.728921
44.056015
43.600185
43.006673
42.402819
41.622869
41.018598
40.293794
39.734350
39.317581
39.013515
38.772229
38.735452
38.678847
38.634884
38.739201
38.727306
38.762712
38.852053
43.405945
42.880050
42.009326
41.473499
40.596225
40.068738
39.466876
39.214031
38.813007
38.867750
38.690387
38.767013
38.760259
38.895997
38.810907
39.044420
38.959463
42.424841
41.792823
40.958638
40.270833
39.678208
39.241936
38.876012
38.782024
38.689227
38.650145
38.754424
38.784895
38.823007
38.951200
39.004294
39.021374
41.481758
40.793732
40.024498
39.570286
39.021406
38.950233
38.714957
38.759576
38.751627
38.897720
38.837613
39.092801
39.042290
39.192661
39.211642
40.451557
39.798673
39.211678
38.958656
38.738502
38.654535
38.718613
38.764729
38.810371
38.968843
39.035291
39.091019
39.235735
39.287390
39.573820
39.264977
38.850004
38.782498
38.712855
38.836310
38.784082
39.046069
39.025205
39.201093
39.252203
39.426784
39.357513
39.015683
38.755843
38.697367
38.698077
38.717769
38.884213
38.966598
39.055996
39.215959
39.302569
39.353095
39.501754
38.771536
38.789345
38.678693
38.916748
38.909715
39.099708
39.174395
39.377563
39.341991
39.609145
39.569561
38.625138
38.748958
38.808595
38.913033
39.079713
39.206995
39.275159
39.458815
39.531258
39.591219
38.737987
38.920394
38.987079
39.219789
39.204702
39.498068
39.489750
39.663990
39.717224
38.861023
39.005512
39.086290
39.296338
39.394845
39.485226
39.647548
39.740795
38.977119
39.278470
39.295138
39.496263
39.572927
39.781643
39.736365
39.160528
39.272172
39.454001
39.573546
39.638635
39.821576
39.326083
39.562006
39.532438
39.835645
39.815689
39.405880
39.602864
39.696312
39.781653
39.563510
39.776861
39.827875
39.698176
39.809399
39.752571
45.954864
46.390763
46.130131
46.490804
46.335566
46.563313
46.453581
46.714576
46.515846
46.779672
46.639269
46.794575
46.662851
46.869187
46.632836
46.846252
46.666740
46.786571
46.606376
46.807662
46.528632
46.724935
46.512133
45.325605
45.315085
45.311200
45.262630
45.317458
45.335920
45.312340
45.398687
45.441673
45.457414
45.560258
45.643401
45.663307
45.813191
45.881536
45.949437
46.067012
46.185576
46.192597
46.365174
46.374069
46.491417
45.415687
45.501132
45.404546
45.542848
45.373685
45.573668
45.477533
45.599725
45.570141
45.758525
45.651535
45.907747
45.854114
46.030582
46.033303
46.262468
46.157714
46.458349
46.362547
46.568714
46.514606
45.543395
45.548778
45.496667
45.558659
45.575388
45.557390
45.636258
45.688872
45.685170
45.808492
45.858753
45.904053
46.014159
46.113262
46.123314
46.289065
46.325137
46.390690
46.470418
46.556250
45.596810
45.779053
45.654108
45.750642
45.688926
45.856265
45.712887
45.949076
45.866384
46.023450
46.004687
46.219150
46.103392
46.389306
46.302003
46.494380
46.457234
46.674140
46.514612
45.787115
45.749443
45.805171
45.834475
45.801631
45.900059
45.927943
45.946141
46.037468
46.115302
46.112417
46.261375
46.293459
46.350179
46.435680
46.521652
46.491180
46.640422
45.891955
46.041494
45.867684
46.083889
45.972155
46.105116
46.060990
46.253568
46.120128
46.382552
46.290711
46.463131
46.426015
46.635993
46.482549
46.762067
46.604612
45.997560
46.072491
46.078143
46.072052
46.141593
46.194400
46.174822
46.295952
46.321586
46.353631
46.437093
46.508004
46.482523
46.620585
46.599111
46.638568
46.146909
46.266539
46.191042
46.365335
46.206972
46.446065
46.338434
46.489552
46.440724
46.635205
46.479838
46.742727
46.597147
46.766119
46.664535
46.302508
46.337180
46.297670
46.394181
46.405372
46.414571
46.482636
46.538031
46.502779
46.626329
46.606445
46.637140
46.666546
46.710820
46.341855
46.566021
46.433143
46.568263
46.495974
46.678341
46.508479
46.757207
46.605542
46.767068
46.659808
46.843967
46.630424
46.522087
46.513980
46.562463
46.603123
46.556351
46.658269
46.634140
46.652860
46.672175
46.718641
46.635467
46.735421
46.573172
46.750358
46.556955
46.789082
46.631229
46.781463
46.663930
46.846618
46.627328
46.863272
46.656491
46.616431
46.701641
46.677299
46.676960
46.688368
46.726991
46.640161
46.730653
46.663942
46.657212
46.658335
46.795126
46.662394
46.846525
46.620835
46.850698
46.648733
46.781816
46.626020
46.698901
46.734654
46.644023
46.719032
46.657691
46.642470
46.626940
46.638544
46.592948
46.819588
46.619254
46.757917
46.598101
46.761137
46.495855
46.645945
46.622303
46.602694
46.612019
46.494282
46.565088
46.527409
46.715935
46.453751
46.685614
46.426624
46.474128
46.521973
46.423515
46.406559
46.346603
46.533636
46.296958
46.308698
46.307861
46.074364
45.787929
46.007325
45.543987
45.672907
45.247211
45.184755
44.780937
44.626101
44.043231
43.846300
43.173531
42.780498
42.126088
41.698405
40.965533
40.697383
40.061860
39.832436
39.460368
39.351869
38.998268
39.101626
38.837631
38.991447
39.570766
40.132880
41.241039
42.000027
43.106099
43.845175
44.631662
44.998899
45.613236
45.747071
46.107724
46.213789
46.475885
46.428082
46.720129
46.623327
46.787935
46.726965
46.847316
46.667701
46.825421
46.582107
46.033099
45.977201
46.219700
46.131646
46.351076
46.341441
46.432706
46.454852
46.587422
46.514404
46.648787
46.636706
46.659912
46.657553
46.733502
46.634893
46.708428
46.678231
46.650774
46.622552
46.666936
46.580177
45.792364
46.151625
46.010042
46.365569
46.152413
46.493894
46.360203
46.575699
46.466847
46.730011
46.523252
46.785800
46.639947
46.799678
46.654813
46.877623
46.628507
46.854196
46.667721
46.811806
46.610966
45.808315
45.817303
45.985317
46.017144
46.223102
46.157034
46.356741
46.362375
46.443086
46.464065
46.594564
46.521487
46.645939
46.641348
46.657317
46.654033
46.727915
46.633546
46.700697
46.677789
45.515065
45.931839
45.826117
46.117615
46.027747
46.360491
46.169916
46.495107
46.372726
46.583943
46.467640
46.737439
46.521946
46.785693
46.630795
46.796508
46.636059
46.871935
46.624467
45.497362
45.507426
45.775831
45.828327
45.974679
46.027444
46.223523
46.170475
46.354703
46.373113
46.444855
46.466498
46.592435
46.517705
46.631110
46.627714
46.646147
46.634999
45.207210
45.612031
45.502141
45.899868
45.835349
46.109348
46.033618
46.362985
46.178668
46.495414
46.376548
46.584869
46.455967
46.728363
46.504976
46.768108
46.619618
45.001659
45.183097
45.459630
45.495564
45.753933
45.833131
45.968249
46.030640
46.222173
46.177939
46.347320
46.370213
46.433384
46.448973
46.580396
46.502195
44.730582
45.104430
45.167367
45.584964
45.496370
45.886520
45.841312
46.110011
46.034681
46.362273
46.174255
46.482572
46.363560
46.571313
46.442385
44.435716
44.698826
44.949016
45.151282
45.440573
45.491210
45.740669
45.838119
45.964240
46.026505
46.214030
46.169209
46.336159
46.360629
43.987804
44.534885
44.684284
45.077369
45.151053
45.582235
45.500460
45.882295
45.841606
46.106015
46.025865
46.355529
46.167147
43.663250
43.956594
44.379675
44.674064
44.932536
45.143351
45.439308
45.496821
45.737693
45.840374
45.964551
46.024138
43.132968
43.785505
43.953818
44.520491
44.690573
45.088306
45.156789
45.593510
45.509021
45.887068
45.845086
42.626234
43.122745
43.651005
43.958978
44.384106
44.698568
44.957743
45.165367
45.461376
45.514468
42.141053
42.792988
43.156068
43.837362
44.004350
44.567123
44.735691
45.131640
45.183911
41.594377
42.190722
42.697243
43.196141
43.738200
44.047423
44.458812
44.760165
41.050655
41.832678
42.298959
42.948482
43.287725
43.961858
44.101337
40.661369
41.162019
41.785385
42.402237
42.894487
43.355526
40.211029
40.993096
41.337568
42.087990
42.511052
39.820423
40.350467
40.986703
41.468737
39.647869
40.192783
40.511453
39.297066
39.777733
39.199621
45.885583
45.776011
45.366645
45.138381
44.604253
44.063431
43.228914
42.431188
41.242604
40.392344
39.502386
39.036434
38.737143
38.814099
38.723526
38.989444
39.041224
39.253047
39.322224
39.584307
39.538452
39.789618
39.769156
39.864506
40.038028
39.874655
40.054554
39.941081
39.998653
39.895461
40.008347
39.782517
39.897001
39.729614
39.716343
39.552932
39.599954
39.309237
39.368641
39.141033
39.090054
38.884892
38.947439
38.669114
38.790196
38.698347
45.550172
45.555440
45.283260
45.110268
44.843901
44.576896
44.129465
43.807461
43.260179
42.723290
42.169867
41.578707
40.940857
40.492695
39.978671
39.572614
39.336949
39.058393
38.892374
38.818852
38.758373
38.611061
45.411193
45.345403
44.949912
44.822976
44.262345
44.071874
43.404294
42.989220
42.284077
41.798582
40.987959
40.629793
39.948237
39.655184
39.259637
39.138733
38.814286
38.920554
38.695099
38.763368
38.711452
45.039061
44.832649
44.400034
44.111621
43.583051
43.057923
42.465590
41.843154
41.114953
40.586870
39.983295
39.523583
39.226652
38.965978
38.780375
38.743850
38.676430
38.592728
38.708384
38.626485
44.641683
44.439734
43.825995
43.424798
42.727174
42.210372
41.338534
40.879416
40.102521
39.714640
39.248831
39.096657
38.770062
38.862145
38.677082
38.758148
38.735773
38.838601
38.728945
44.055986
43.600181
43.006650
42.402769
41.622880
41.018559
40.293763
39.734353
39.317564
39.013476
38.772250
38.735423
38.678821
38.634893
38.739179
38.727272
38.762726
38.852021
43.405929
42.880057
42.009340
41.473517
40.596201
40.068794
39.466866
39.214051
38.813034
38.867782
38.690371
38.767082
38.760248
38.896026
38.810929
39.044454
38.959443
42.424847
41.792789
40.958609
40.270831
39.678193
39.241901
38.876031
38.782000
38.689207
38.650154
38.754409
38.784864
38.823022
38.951174
39.004269
39.021382
41.481737
40.793772
40.024490
39.570300
39.021429
38.950261
38.714945
38.759635
38.751622
38.897743
38.837636
39.092831
39.042274
39.192722
39.211630
40.451542
39.798640
39.211692
38.958636
38.738487
38.654542
38.718604
38.764703
38.810388
38.968822
39.035271
39.091026
39.235719
39.287363
39.573837
39.264999
38.849997
38.782546
38.712855
38.836330
38.784104
39.046094
39.025195
39.201144
39.252197
39.426805
39.357532
39.015672
38.755846
38.697363
38.698056
38.717785
38.884196
38.966584
39.056002
39.215948
39.302545
39.353106
39.501734
38.771540
38.789362
38.678715
38.916770
38.909710
39.099751
39.174393
39.377580
39.342009
39.609166
39.569550
38.625152
38.748945
38.808588
38.913036
39.079707
39.206974
39.275171
39.458799
39.531243
39.591223
38.737989
38.920428
38.987082
39.219802
39.204720
39.498086
39.489744
39.664026
39.717220
38.861023
39.005495
39.086302
39.296325
39.394835
39.485228
39.647542
39.740778
38.977137
39.278485
39.295136
39.496290
39.572929
39.781653
39.736377
39.160523
39.272171
39.454000
39.573532
39.638642
39.821564
39.326090
39.562014
39.532450
39.835654
39.815688
39.405886
39.602855
39.696307
39.781654
39.563514
39.776874
39.827878
39.698176
39.809392
39.752578
45.954823
46.390805
46.130154
46.490826
46.335537
46.563413
46.453531
46.714615
46.515888
46.779689
46.639239
46.794699
46.662794
46.869232
46.632894
46.846273
46.666705
46.786723
46.606312
46.807720
46.528696
46.724980
46.512083
45.325618
45.315071
45.311188
45.262640
45.317447
45.335878
45.312376
45.398648
45.441638
45.457444
45.560231
45.643337
45.663366
45.813132
45.881487
45.949475
46.066972
46.185493
46.192664
46.365099
46.374006
46.491446
45.415672
45.501159
45.404536
45.542844
45.373712
45.573681
45.477497
45.599804
45.570108
45.758531
45.651576
45.907769
45.854051
46.030707
46.033247
46.262489
46.157757
46.458394
46.362463
46.568879
46.514540
45.543401
45.548747
45.496694
45.558633
45.575362
45.557409
45.636237
45.688818
45.685218
45.808444
45.858708
45.904088
46.014125
46.113186
46.123376
46.289000
46.325078
46.390727
46.470376
46.556151
45.596824
45.779065
45.654080
45.750696
45.688905
45.856267
45.712923
45.949094
45.866332
46.023554
46.004643
46.219161
46.103436
46.389340
46.301929
46.494523
46.457176
46.674168
46.514660
45.787099
45.749450
45.805164
45.834432
45.801667
45.900021
45.927905
45.946169
46.037440
46.115236
46.112471
46.261320
46.293405
46.350215
46.435642
46.521564
46.491244
46.640350
45.891948
46.041493
45.867707
46.083904
45.972116
46.105197
46.060960
46.253573
46.120169
46.382579
46.290649
46.463253
46.425967
46.636010
46.482596
46.762112
46.604536
45.997584
46.072467
46.078116
46.072071
46.141573
46.194344
46.174865
46.295907
46.321537
46.353663
46.437060
46.507927
46.482580
46.620523
46.599052
46.638598
46.146883
46.266593
46.191022
46.365337
46.207006
46.446088
46.338384
46.489653
46.440687
46.635215
46.479883
46.742763
46.597079
46.766254
46.664489
46.302499
46.337138
46.297702
46.394147
46.405330
46.414595
46.482609
46.537964
46.502827
46.626277
46.606390
46.637170
46.666512
46.710733
46.341879
46.566039
46.433105
46.568341
46.495950
46.678348
46.508519
46.757237
46.605485
46.767183
46.659770
46.843982
46.630472
46.522057
46.513997
46.562444
46.603068
46.556387
46.658227
46.634090
46.652886
46.672144
46.718566
46.635518
46.735364
46.573157
46.750362
46.556987
46.789108
46.631185
46.781558
46.663901
46.846630
46.627372
46.863309
46.656432
46.616456
46.701611
46.677258
46.676980
46.688341
46.726928
46.640200
46.730605
46.663889
46.657237
46.658303
46.795199
46.662374
46.846536
46.620873
46.850731
46.648685
46.781924
46.625990
46.698881
46.734605
46.644051
46.718993
46.657643
46.642491
46.626910
46.638476
46.592977
46.819616
46.619218
46.758008
46.598079
46.761153
46.495895
46.645907
46.622321
46.602666
46.611963
46.494314
46.565045
46.527392
46.715952
46.453786
46.685649
46.426583
46.474148
46.521938
46.423469
46.406578
46.346573
46.533724
46.296939
46.308667
46.307812
46.074392
45.787911
46.007355
45.544018
45.672942
45.247180
45.184835
44.780917
44.626118
44.043258
43.846329
43.173494
42.780578
42.126066
41.698426
40.965562
40.697421
40.061831
39.832530
39.460347
39.351909
38.998297
39.101676
38.837602
38.991389
39.570817
40.132875
41.241089
41.999954
43.106209
43.845111
44.631698
44.998903
45.613293
45.746985
46.107861
46.213720
46.475920
46.428094
46.720192
46.623218
46.788096
46.726881
46.847355
46.667714
46.825502
46.581983
46.033114
45.977165
46.219667
46.131681
46.351019
46.341416
46.432729
46.454802
46.587371
46.514449
46.648706
46.636671
46.659937
46.657487
46.733435
46.634944
46.708327
46.678183
46.650797
46.622472
46.666849
46.580230
45.792339
46.151716
46.009997
46.365610
46.152446
46.493914
46.360174
46.575814
46.466794
46.730055
46.523302
46.785822
46.639915
46.799818
46.654752
46.877678
46.628568
46.854227
46.667678
46.811980
46.610886
45.808271
45.817285
45.985337
46.017102
46.223062
46.157075
46.356673
46.362346
46.443110
46.464009
46.594505
46.521536
46.645847
46.641310
46.657338
46.653963
46.727837
46.633605
46.700580
46.677747
45.515093
45.931866
45.826092
46.117717
46.027699
46.360535
46.169958
46.495130
46.372696
46.584072
46.467583
46.737492
46.522000
46.785722
46.630759
46.796664
46.635988
46.872003
46.624522
45.497325
45.507463
45.775777
45.828307
45.974699
46.027397
46.223474
46.170521
46.354623
46.373083
46.444875
46.466440
46.592366
46.517759
46.631006
46.627679
46.646161
46.634930
45.207170
45.612069
45.502175
45.899895
45.835324
46.109462
46.033567
46.363035
46.178715
46.495442
46.376517
46.585011
46.455907
46.728425
46.505028
46.768144
46.619579
45.001668
45.183061
45.459586
45.495606
45.753869
45.833109
45.968266
46.030590
46.222115
46.177989
46.347229
46.370183
46.433398
46.448914
46.580320
46.502250
44.730555
45.104521
45.167323
45.585008
45.496409
45.886551
45.841287
46.110137
46.034628
46.362331
46.174304
46.482606
46.363527
46.571461
46.442321
44.435654
44.698804
44.949025
45.151242
45.440522
45.491255
45.740595
45.838096
45.964253
46.026453
46.213964
46.169261
46.336062
46.360597
43.987827
44.534905
44.684256
45.077474
45.151008
45.582285
45.500503
45.882332
45.841579
46.106150
46.025810
46.355590
46.167196
43.663199
43.956627
44.379605
44.674041
44.932542
45.143308
45.439248
45.496868
45.737611
45.840348
45.964561
46.024083
43.132923
43.785541
43.953847
44.520518
44.690545
45.088421
45.156741
45.593565
45.509067
45.887107
45.845057
42.626233
43.122707
43.650948
43.959013
44.384028
44.698543
44.957747
45.165320
45.461312
45.514514
42.141024
42.793082
43.156023
43.837407
44.004383
44.567155
44.735663
45.131762
45.183862
41.594311
42.190700
42.697242
43.196101
43.738138
44.047459
44.458730
44.760139
41.050679
41.832709
42.298933
42.948589
43.287683
43.961909
44.101374
40.661318
41.162052
41.785314
42.402212
42.894485
43.355484
40.210994
40.993144
41.337599
42.088028
42.511026
39.820427
40.350437
40.986645
41.468767
39.647839
40.192889
40.511419
39.297009
39.777705
39.199643
45.787907
46.007350
45.544010
45.672932
45.247165
45.184821
44.780890
44.626092
44.043225
43.846292
43.173456
42.780560
42.126070
41.698454
40.965626
40.697538
40.061951
39.832637
39.460440
39.351991
38.998354
39.101717
38.837613
39.752578
39.809391
39.827876
39.781652
39.815688
39.821562
39.736378
39.740779
39.717217
39.591222
39.569553
39.501730
39.357536
39.287359
39.211633
39.021387
38.959443
38.852046
38.728946
38.626505
38.711468
38.611076
39.698175
39.776873
39.696306
39.835655
39.638640
39.781655
39.647539
39.664026
39.531244
39.609168
39.353104
39.426809
39.235720
39.192723
39.004279
39.044451
38.762759
38.838605
38.708423
38.763398
38.758411
39.563513
39.602854
39.532451
39.573529
39.572930
39.485225
39.489748
39.458795
39.342013
39.302542
39.252200
39.091030
39.042276
38.951188
38.810926
38.727308
38.735786
38.592774
38.695146
38.818904
39.405884
39.562012
39.453997
39.496290
39.394834
39.498088
39.275167
39.377585
39.215947
39.201148
39.035277
39.092834
38.823041
38.896024
38.739219
38.758171
38.676493
38.920634
38.892452
39.326088
39.272169
39.295140
39.296320
39.204724
39.206971
39.174398
39.056000
39.025202
38.968823
38.837645
38.784880
38.760259
38.634928
38.677124
38.743917
38.814392
39.058498
39.160518
39.278486
39.086296
39.219804
39.079705
39.099754
38.966583
39.046102
38.810392
38.897751
38.754425
38.767104
38.678849
38.862203
38.780443
39.138847
39.337090
38.977135
39.005492
38.987086
38.913031
38.909717
38.884193
38.784109
38.764711
38.751627
38.650170
38.690390
38.735458
38.770112
38.966058
39.259725
39.572759
38.861013
38.920430
38.808580
38.916771
38.717787
38.836329
38.718612
38.759638
38.689229
38.867786
38.772300
39.096687
39.226737
39.655261
39.978776
38.737987
38.748943
38.678712
38.698054
38.712855
38.654545
38.714946
38.782013
38.813042
39.013497
39.248871
39.523625
39.948314
40.492760
38.625144
38.789358
38.697358
38.782539
38.738493
38.950253
38.876039
39.214056
39.317570
39.714660
39.983326
40.629824
40.940914
38.771528
38.755846
38.849981
38.958636
39.021418
39.241898
39.466855
39.734357
40.102510
40.586880
40.987958
41.578718
39.015665
39.264985
39.211680
39.570290
39.678180
40.068782
40.293749
40.879402
41.114941
41.798570
42.169853
39.573823
39.798627
40.024471
40.270816
40.596180
41.018541
41.338507
41.843135
42.284046
42.723264
40.451529
40.793757
40.958594
41.473496
41.622863
42.210346
42.465565
42.989192
43.260155
41.481722
41.792775
42.009318
42.402752
42.727150
43.057901
43.404265
43.807435
42.424838
42.880044
43.006635
43.424782
43.583035
44.071851
44.129444
43.405918
43.600172
43.825978
44.111608
44.262325
44.576880
44.055983
44.439723
44.400026
44.822964
44.843889
44.641677
44.832642
44.949900
45.110259
45.039058
45.345396
45.283257
45.411189
45.555435
45.550169
46.178242
46.391053
46.363237
46.587406
46.571011
46.702680
46.685285
46.836390
46.686262
46.828128
46.679319
46.673833
46.526771
46.527718
46.252475
46.280763
46.038930
45.978061
45.787681
45.785163
45.521151
45.554598
45.330383
45.214026
45.320647
45.148124
45.311183
45.179903
45.268469
45.210355
45.367208
45.240030
45.460956
45.405180
45.552635
45.557824
45.771829
45.689984
45.969485
45.933495
46.126092
46.138309
46.378356
46.268812
46.560542
46.445850
46.074396
46.307818
46.296945
46.406584
46.426588
46.565056
46.495901
46.638482
46.626001
46.657243
46.656432
46.735380
46.630479
46.710734
46.664492
46.638612
46.604549
46.640363
46.514668
46.556161
46.514544
46.491452
46.308676
46.533730
46.423482
46.685658
46.494325
46.761164
46.626924
46.781931
46.663907
46.863320
46.635524
46.843998
46.666534
46.766261
46.599062
46.762128
46.491269
46.674192
46.470400
46.568898
46.374019
46.346581
46.521946
46.453796
46.611974
46.598086
46.642503
46.648696
46.730611
46.627382
46.718579
46.659768
46.637179
46.597094
46.620532
46.482594
46.521570
46.457185
46.390743
46.362475
46.365112
46.474160
46.715961
46.602680
46.758020
46.657657
46.850742
46.640219
46.846639
46.672158
46.767201
46.606401
46.742771
46.482601
46.636030
46.435657
46.494531
46.325087
46.458404
46.192673
46.527401
46.622330
46.619228
46.719007
46.620884
46.726938
46.663914
46.652896
46.605488
46.626292
46.479893
46.507932
46.425972
46.350232
46.301945
46.289014
46.157759
46.185494
46.645919
46.819626
46.644064
46.846549
46.688357
46.781569
46.634108
46.757252
46.502834
46.635226
46.437081
46.463267
46.293412
46.389349
46.123396
46.262515
46.066999
46.592987
46.734616
46.662383
46.676992
46.631197
46.658238
46.508529
46.537979
46.440692
46.353665
46.290652
46.261330
46.103438
46.113180
46.033231
45.949464
46.698893
46.795210
46.677272
46.789118
46.556399
46.678359
46.482623
46.489668
46.321554
46.382596
46.112484
46.219171
46.014142
46.030727
45.881505
46.658313
46.701620
46.556998
46.603081
46.495956
46.414601
46.338391
46.295912
46.120168
46.115243
46.004651
45.904088
45.854043
45.813130
46.616466
46.750370
46.562454
46.568355
46.405344
46.446099
46.174879
46.253585
46.037444
46.023556
45.858717
45.907778
45.663369
46.573168
46.514001
46.433110
46.394155
46.207010
46.194350
46.060970
45.946180
45.866342
45.808453
45.651581
45.643344
46.522071
46.566051
46.297708
46.365349
46.141578
46.105198
45.927909
45.949096
45.685217
45.758534
45.560234
46.341886
46.337143
46.191030
46.072084
45.972127
45.900031
45.712936
45.688829
45.570114
45.457449
46.302505
46.266597
46.078110
46.083909
45.801667
45.856264
45.636238
45.599806
45.441641
46.146895
46.072479
45.867716
45.834441
45.688915
45.557416
45.477503
45.398654
45.997584
46.041496
45.805161
45.750701
45.575364
45.573681
45.312379
45.891953
45.749457
45.654082
45.558635
45.373717
45.335881
45.787102
45.779072
45.496695
45.542849
45.317449
45.596822
45.548746
45.404538
45.262640
45.543402
45.501166
45.311190
45.415671
45.315070
45.325620
45.954828
46.390806
46.130162
46.490829
46.335545
46.563420
46.453539
46.714620
46.515903
46.779693
46.639249
46.794716
46.662806
46.869235
46.632909
46.846290
46.666721
46.786736
46.606326
46.807729
46.528707
46.724986
46.512089
39.199683
39.777746
40.511471
41.468795
42.511049
43.355482
44.101373
44.760120
45.183855
45.514494
45.845051
46.024067
46.167194
46.360584
46.442322
46.502241
46.619583
46.634924
46.624528
46.677742
46.610894
46.580227
39.297080
40.192976
40.986724
42.088081
42.894506
43.961905
44.458713
45.131738
45.461286
45.887081
45.964540
46.355573
46.336049
46.571452
46.580313
46.768141
46.646159
46.872003
46.700582
46.811983
46.666853
39.647950
40.350543
41.337696
42.402256
43.287702
44.047438
44.735639
45.165280
45.509036
45.840310
46.025791
46.169235
46.363518
46.448898
46.505030
46.627671
46.635995
46.633602
46.667688
46.622473
39.820540
40.993256
41.785395
42.948624
43.738134
44.567129
44.957708
45.593523
45.737569
46.106118
46.213937
46.482588
46.433386
46.728419
46.631003
46.796668
46.727839
46.854235
46.650803
40.211103
41.162138
42.298985
43.196104
44.004366
44.698495
45.156699
45.496813
45.841542
46.026415
46.174286
46.370161
46.455902
46.517752
46.630766
46.653962
46.628579
46.678183
40.661412
41.832766
42.697259
43.837385
44.383984
45.088365
45.439191
45.882278
45.964211
46.362298
46.347206
46.584998
46.592357
46.785721
46.657339
46.877682
46.708332
41.050767
42.190726
43.156013
43.958959
44.690484
45.143232
45.500442
45.838033
46.034590
46.177950
46.376499
46.466419
46.521998
46.641302
46.654759
46.634946
41.594376
42.793089
43.650912
44.520455
44.932472
45.582216
45.740532
46.110089
46.222078
46.495418
46.444859
46.737486
46.645846
46.799826
46.733444
42.141052
43.122683
43.953804
44.673975
45.150950
45.491192
45.841244
46.030552
46.178696
46.373065
46.467583
46.521533
46.639925
46.657491
42.626228
43.785503
44.379553
45.077414
45.440464
45.886499
45.968228
46.363006
46.354604
46.584060
46.594499
46.785822
46.659936
43.132901
43.956572
44.684201
45.151177
45.496358
45.833058
46.033539
46.170491
46.372684
46.463995
46.523303
46.636668
43.663165
44.534860
44.948980
45.584965
45.753833
46.109439
46.223460
46.495126
46.443111
46.730063
46.648720
43.987793
44.698758
45.167289
45.495568
45.835302
46.027378
46.169952
46.362339
46.466798
46.514449
44.435615
45.104483
45.459552
45.899863
45.974678
46.360519
46.356664
46.575809
46.587370
44.730531
45.183033
45.502157
45.828288
46.027696
46.157070
46.360181
46.454807
45.001648
45.612049
45.775761
46.117708
46.223057
46.493915
46.432732
45.207153
45.507442
45.826081
46.017093
46.152446
46.341414
45.497313
45.931854
45.985334
46.365609
46.351023
45.515085
45.817276
46.010000
46.131681
45.808262
46.151713
46.219666
45.792339
45.977167
46.033115
39.864506
40.038026
39.874651
40.054552
39.941083
39.998638
39.895467
40.008337
39.782509
39.896992
39.729621
39.716307
39.552947
39.599936
39.309222
39.368620
39.141060
39.089985
38.884943
38.947402
38.669121
38.790155
38.698400
39.982409
39.995905
40.053032
39.991687
40.036635
40.043236
39.957875
39.971572
39.936532
39.824475
39.791657
39.735753
39.571833
39.530400
39.416482
39.256800
39.155944
39.065424
38.857108
38.821643
38.688973
38.707405
40.096832
40.202319
40.113727
40.277765
40.075638
40.233325
40.093892
40.120405
39.989042
40.064842
39.803777
39.891362
39.677496
39.644716
39.441275
39.469083
39.138415
39.202036
38.934450
38.917004
38.688975
40.172301
40.234763
40.183322
40.228938
40.238612
40.159819
40.167003
40.141567
40.013817
40.002020
39.915928
39.778884
39.703640
39.620706
39.414819
39.360996
39.205919
39.030598
38.934455
38.821643
40.232116
40.415705
40.320636
40.386464
40.287339
40.406827
40.179685
40.303740
40.118706
40.112490
39.941524
39.981925
39.676911
39.749483
39.483871
39.434863
39.205919
39.202036
38.857117
40.375157
40.348442
40.386305
40.408472
40.320079
40.344571
40.299171
40.195700
40.156106
40.092805
39.918997
39.884098
39.744982
39.586675
39.483870
39.360997
39.138418
39.065423
40.433199
40.593708
40.411370
40.571605
40.430190
40.460556
40.326596
40.397788
40.130894
40.220255
39.985773
39.950839
39.744982
39.749484
39.414814
39.469086
39.155946
40.463968
40.533585
40.528416
40.471259
40.471192
40.446642
40.310586
40.305369
40.201249
40.063785
39.985773
39.884097
39.676912
39.620708
39.441271
39.256804
40.570306
40.646695
40.557719
40.670264
40.451026
40.574164
40.377461
40.370144
40.201246
40.220257
39.918995
39.981923
39.703638
39.644722
39.416475
40.603413
40.628706
40.541243
40.580599
40.519974
40.424001
40.377460
40.305373
40.130888
40.092808
39.941524
39.778883
39.677493
39.530407
40.585542
40.753059
40.606266
40.645048
40.519973
40.574167
40.310582
40.397792
40.156099
40.112492
39.915926
39.891365
39.571827
40.652664
40.606107
40.606270
40.580597
40.451024
40.446647
40.326590
40.195704
40.118703
40.002021
39.803773
39.735760
40.652665
40.753058
40.541252
40.670258
40.471187
40.460566
40.299160
40.303744
40.013814
40.064845
39.791648
40.585550
40.628705
40.557730
40.471250
40.430189
40.344580
40.179677
40.141568
39.989039
39.824482
40.603424
40.646695
40.528417
40.571601
40.320084
40.406822
40.167004
40.120406
39.936525
40.570316
40.533582
40.411363
40.408481
40.287341
40.159809
40.093897
39.971573
40.463965
40.593708
40.386300
40.386473
40.238606
40.233327
39.957870
40.433192
40.348454
40.320633
40.228936
40.075636
40.043242
40.375156
40.415711
40.183317
40.277766
40.036629
40.232115
40.234756
40.113732
39.991687
40.172302
40.202317
40.053032
40.096836
39.995904
39.982408
39.942237
40.151837
40.120977
40.384022
40.327522
40.489865
40.508988
40.665756
40.562381
40.758030
40.671525
40.736086
40.671523
40.758025
40.562372
40.665751
40.508991
40.489863
40.327518
40.384025
40.120977
40.151834
39.942237
39.864505
40.038027
39.874655
40.054554
39.941078
39.998656
39.895456
40.008350
39.782515
39.897003
39.729607
39.716350
39.552926
39.599960
39.309231
39.368645
39.141036
39.090055
38.884912
38.947442
38.669130
38.790203
38.698359
39.982407
39.995905
40.053025
39.991693
40.036623
40.043235
39.957876
39.971564
39.936515
39.824489
39.791637
39.735745
39.571838
39.530387
39.416459
39.256818
39.155914
39.065407
38.857114
38.821623
38.688934
38.707426
40.096833
40.202328
40.113725
40.277771
40.075643
40.233333
40.093887
40.120436
39.989027
40.064857
39.803785
39.891380
39.677478
39.644769
39.441252
39.469112
39.138423
39.202069
38.934417
38.917088
38.688937
40.172296
40.234758
40.183318
40.228931
40.238599
40.159822
40.166987
40.141565
40.013821
40.002009
39.915911
39.778900
39.703617
39.620695
39.414825
39.360982
39.205890
39.030620
38.934423
38.821622
40.232116
40.415710
40.320636
40.386482
40.287334
40.406834
40.179682
40.303751
40.118697
40.112526
39.941506
39.981946
39.676918
39.749507
39.483846
39.434926
39.205889
39.202069
38.857123
40.375159
40.348449
40.386303
40.408475
40.320088
40.344573
40.299156
40.195706
40.156092
40.092798
39.919000
39.884089
39.744961
39.586693
39.483845
39.360983
39.138425
39.065408
40.433195
40.593707
40.411367
40.571607
40.430183
40.460584
40.326587
40.397798
40.130898
40.220272
39.985754
39.950885
39.744960
39.749509
39.414819
39.469116
39.155914
40.463967
40.533583
40.528408
40.471260
40.471178
40.446639
40.310592
40.305362
40.201234
40.063798
39.985755
39.884088
39.676919
39.620698
39.441246
39.256823
40.570311
40.646709
40.557718
40.670270
40.451025
40.574174
40.377450
40.370174
40.201231
40.220273
39.919000
39.981944
39.703615
39.644774
39.416449
40.603418
40.628710
40.541248
40.580597
40.519965
40.424009
40.377447
40.305368
40.130892
40.092802
39.941507
39.778899
39.677475
39.530394
40.585547
40.753065
40.606262
40.645063
40.519965
40.574176
40.310582
40.397810
40.156081
40.112531
39.915908
39.891384
39.571831
40.652663
40.606109
40.606264
40.580593
40.451029
40.446642
40.326576
40.195720
40.118687
40.002015
39.803779
39.735753
40.652663
40.753058
40.541249
40.670266
40.471182
40.460582
40.299151
40.303757
40.013816
40.064863
39.791626
40.585547
40.628698
40.557722
40.471260
40.430182
40.344570
40.179688
40.141560
39.989026
39.824496
40.603415
40.646696
40.528415
40.571611
40.320078
40.406835
40.166992
40.120432
39.936512
40.570308
40.533581
40.411370
40.408474
40.287330
40.159824
40.093886
39.971568
40.463966
40.593716
40.386290
40.386482
40.238602
40.233333
39.957870
40.433193
40.348453
40.320626
40.228937
40.075640
40.043241
40.375149
40.415711
40.183321
40.277771
40.036618
40.232117
40.234760
40.113727
39.991696
40.172301
40.202321
40.053026
40.096834
39.995904
39.982407
45.163883
45.159884
44.934730
44.965600
44.750578
44.697594
44.562251
44.557022
44.352835
44.438812
44.321955
44.346495
44.321953
44.438808
44.352841
44.557024
44.562247
44.697599
44.750575
44.965598
44.934731
45.159881
45.163884
45.214020
45.320649
45.148107
45.311175
45.179920
45.268416
45.210371
45.367205
45.239990
45.460942
45.405221
45.552535
45.557865
45.771821
45.689940
45.969446
45.933578
46.125925
46.138385
46.378311
46.268771
46.560471
46.445947
45.116712
45.106259
45.087324
45.038892
45.086459
45.104597
45.082253
45.164836
45.219205
45.225329
45.347661
45.421323
45.465339
45.598773
45.704817
45.746047
45.913972
45.993285
46.076074
46.187414
46.299976
46.323930
45.011509
45.058484
44.963672
45.082791
44.919599
45.103452
45.022405
45.132959
45.123940
45.309647
45.222725
45.478927
45.454409
45.630303
45.662749
45.898809
45.833337
46.127606
46.102077
46.306691
46.299972
44.900121
44.899283
44.817824
44.872843
44.884529
44.860760
44.947957
45.002055
45.018747
45.143277
45.230568
45.273920
45.428687
45.527696
45.598040
45.750573
45.872823
45.925399
46.102080
46.187409
44.753809
44.876554
44.764396
44.819736
44.778752
44.922916
44.811792
45.032735
44.999338
45.149776
45.183620
45.401045
45.350813
45.631866
45.631422
45.830086
45.872821
46.127600
46.076074
44.703366
44.637387
44.665288
44.688447
44.654077
44.749955
44.805413
44.830314
44.962034
45.058346
45.114770
45.270845
45.390240
45.457258
45.631422
45.750573
45.833340
45.993271
44.597754
44.685563
44.528544
44.693718
44.629344
44.731803
44.746442
44.934562
44.877553
45.138489
45.147171
45.326506
45.390238
45.631868
45.598033
45.898807
45.913974
44.463264
44.505103
44.504854
44.488626
44.574151
44.644279
44.666477
44.812623
44.913415
44.980047
45.147172
45.270844
45.350812
45.527699
45.662743
45.746042
44.432344
44.473046
44.436311
44.572817
44.482991
44.704692
44.695653
44.850218
44.913414
45.138489
45.114768
45.401044
45.428683
45.630308
45.704807
44.370130
44.384969
44.348673
44.451091
44.512041
44.556226
44.695654
44.812623
44.877552
45.058347
45.183618
45.273922
45.454403
45.598780
44.284346
44.439140
44.376107
44.478897
44.512041
44.704691
44.666476
44.934563
44.962027
45.149779
45.230561
45.478932
45.465327
44.312405
44.296610
44.376111
44.451089
44.482991
44.644283
44.746435
44.830320
44.999327
45.143282
45.222716
45.421329
44.312404
44.439135
44.348680
44.572810
44.574151
44.731807
44.805402
45.032739
45.018737
45.309649
45.347650
44.284344
44.384969
44.436320
44.488613
44.629354
44.749950
44.811791
45.002050
45.123937
45.225328
44.370132
44.473050
44.504849
44.693718
44.654076
44.922911
44.947956
45.132954
45.219199
44.432354
44.505098
44.528539
44.688461
44.778737
44.860764
45.022397
45.164839
44.463259
44.685563
44.665289
44.819733
44.884525
45.103449
45.082246
44.597753
44.637397
44.764388
44.872841
44.919596
45.104597
44.703367
44.876545
44.817825
45.082786
45.086455
44.753804
44.899282
44.963671
45.038891
44.900124
45.058478
45.087324
45.011507
45.106257
45.116713
45.214027
45.320647
45.148124
45.311182
45.179901
45.268469
45.210351
45.367207
45.240027
45.460957
45.405171
45.552637
45.557817
45.771833
45.689983
45.969475
45.933504
46.126072
46.138314
46.378348
46.268809
46.560535
46.445853
45.116709
45.106257
45.087300
45.038913
45.086432
45.104574
45.082271
45.164818
45.219155
45.225377
45.347611
45.421286
45.465372
45.598741
45.704744
45.746115
45.913902
45.993236
46.076110
46.187368
46.299885
46.323998
45.011507
45.058498
44.963665
45.082789
44.919624
45.103457
45.022368
45.133028
45.123906
45.309653
45.222760
45.478945
45.454347
45.630423
45.662687
45.898830
45.833378
46.127644
46.101993
46.306860
46.299881
44.900112
44.899278
44.817829
44.872830
44.884495
44.860797
44.947923
45.002023
45.018770
45.143255
45.230507
45.273981
45.428628
45.527656
45.598078
45.750535
45.872744
45.925475
46.101996
46.187364
44.753813
44.876548
44.764380
44.819770
44.778724
44.922910
44.811824
45.032746
44.999286
45.149869
45.183569
45.401056
45.350851
45.631888
45.631350
45.830228
45.872743
46.127637
46.076112
44.703356
44.637404
44.665273
44.688440
44.654096
44.749931
44.805361
44.830365
44.961984
45.058315
45.114803
45.270815
45.390173
45.457330
45.631349
45.750536
45.833379
45.993222
44.597756
44.685562
44.528560
44.693721
44.629325
44.731868
44.746399
44.934568
44.877584
45.138501
45.147113
45.326619
45.390171
45.631891
45.598070
45.898832
45.913902
44.463258
44.505088
44.504821
44.488641
44.574113
44.644265
44.666497
44.812602
44.913363
44.980107
45.147113
45.270816
45.350848
45.527663
45.662677
45.746112
44.432352
44.473074
44.436295
44.572812
44.483002
44.704700
44.695609
44.850301
44.913361
45.138503
45.114799
45.401060
45.428619
45.630431
45.704735
44.370117
44.384958
44.348680
44.451076
44.512001
44.556268
44.695609
44.812603
44.877580
45.058320
45.183564
45.273985
45.454341
45.598747
44.284345
44.439138
44.376078
44.478940
44.512002
44.704696
44.666497
44.934569
44.961979
45.149873
45.230502
45.478948
45.465363
44.312389
44.296619
44.376078
44.451073
44.483010
44.644255
44.746404
44.830363
44.999285
45.143255
45.222755
45.421290
44.312390
44.439138
44.348679
44.572809
44.574118
44.731861
44.805363
45.032746
45.018767
45.309655
45.347600
44.284350
44.384951
44.436296
44.488645
44.629315
44.749940
44.811817
45.002027
45.123899
45.225379
44.370117
44.473064
44.504828
44.693722
44.654085
44.922920
44.947916
45.133031
45.219147
44.432345
44.505092
44.528559
44.688435
44.778727
44.860793
45.022369
45.164816
44.463260
44.685568
44.665259
44.819779
44.884492
45.103459
45.082265
44.597753
44.637400
44.764383
44.872830
44.919623
45.104575
44.703352
44.876555
44.817829
45.082789
45.086428
44.753820
44.899272
44.963669
45.038910
44.900111
45.058498
45.087300
45.011511
45.106254
45.116709

