Tension at each vertex
46.284740
46.284738
46.284806
46.284810
40.019677
45.524431
40.019674
45.524432
39.070885
39.070979
46.856827
46.856967
45.992015
45.870046
45.444711
45.194936
44.640522
44.080773
43.235725
42.452073
41.300581
40.502415
39.650824
39.198657
38.885364
38.932854
38.814729
39.058535
39.095214
39.294778
39.359410
39.615615
39.570266
39.818002
39.801249
45.900971
45.583633
45.408684
44.903865
44.492761
43.829305
43.024985
42.098709
41.167690
40.169756
39.528608
39.059180
38.810918
38.785655
38.871552
38.906622
39.087491
39.229282
39.311249
39.479900
39.590841
39.703421
45.991597
45.749054
45.368119
45.102007
44.409232
43.890213
42.979378
42.087657
41.034657
40.265064
39.423001
39.149789
38.855588
38.872022
38.870354
39.097957
39.051159
39.350946
39.363965
39.561836
39.590836
45.871409
45.624264
45.274038
44.851636
44.382401
43.597267
42.846101
41.869365
40.875457
40.025464
39.417227
38.944781
38.835831
38.793706
38.822984
38.972929
39.104863
39.177876
39.363972
39.479903
45.863766
45.757177
45.348482
44.959251
44.333790
43.759281
42.735773
41.930336
40.855819
40.065780
39.377187
39.121769
38.791756
38.922554
38.876330
39.052732
39.104855
39.350947
39.311239
45.932219
45.518446
45.278732
44.813790
44.230345
43.521469
42.709677
41.656141
40.778466
39.924559
39.301683
38.971328
38.840239
38.744024
38.876325
38.972930
39.051163
39.229280
45.877235
45.778344
45.231786
44.950423
44.266921
43.600910
42.659151
41.815982
40.691532
40.039863
39.342025
39.058083
38.840236
38.922554
38.822983
39.097954
39.087490
45.844101
45.540516
45.275869
44.704360
44.220396
43.453683
42.567961
41.624120
40.718655
39.834877
39.342034
38.971332
38.791752
38.793703
38.870356
38.906611
45.898456
45.694957
45.248977
44.930926
44.159240
43.598896
42.606184
41.719906
40.718643
40.039862
39.301665
39.121754
38.835831
38.872005
38.871549
45.876772
45.552068
45.199274
44.730988
44.200986
43.370098
42.606188
41.624121
40.691536
39.924554
39.377197
38.944776
38.855586
38.785656
45.835604
45.732568
45.246660
44.863767
44.200977
43.598896
42.567951
41.815974
40.778458
40.065759
39.417211
39.149769
38.810899
45.884237
45.495729
45.246666
44.730991
44.159246
43.453685
42.659164
41.656130
40.855823
40.025462
39.422991
39.059180
45.884233
45.732568
45.199267
44.930922
44.220396
43.600893
42.709670
41.930327
40.875433
40.265041
39.528599
45.835608
45.552072
45.248991
44.704356
44.266934
43.521478
42.735772
41.869362
41.034666
40.169733
45.876774
45.694944
45.275871
44.950420
44.230332
43.759269
42.846100
42.087622
41.167677
45.898471
45.540527
45.231788
44.813798
44.333811
43.597257
42.979391
42.098714
45.844093
45.778338
45.278742
44.959223
44.382403
43.890203
43.024962
45.877257
45.518440
45.348503
44.851653
44.409230
43.829313
45.932233
45.757170
45.274024
45.101993
44.492773
45.863765
45.624282
45.368149
44.903854
45.871429
45.749010
45.408696
45.991626
45.583658
45.900958
46.015123
46.175448
45.980924
46.295693
46.004179
46.201804
46.056002
46.228272
45.992406
46.245989
46.040073
46.192328
46.040070
46.245991
45.992408
46.228275
46.055989
46.201831
46.004161
46.295702
45.980933
46.175462
46.015096
46.301617
46.522019
46.499997
46.725624
46.712170
46.843423
46.825897
46.975026
46.822639
46.962298
46.811269
46.803654
46.655352
46.654920
46.378530
46.405843
46.163198
46.100080
45.909376
45.903727
45.638633
45.668540
45.443936
46.237462
46.287482
46.513957
46.495186
46.680832
46.707513
46.755942
46.788576
46.843668
46.737620
46.781169
46.679872
46.576025
46.490625
46.403181
46.205359
46.149229
46.001500
45.859978
45.765818
45.666628
45.559137
46.347908
46.486834
46.540596
46.766009
46.678133
46.903652
46.843641
46.929128
46.865809
46.955038
46.742726
46.829218
46.624322
46.579265
46.400496
46.390670
46.101820
46.138146
45.903891
45.868541
45.666624
46.233724
46.373273
46.465816
46.565417
46.712660
46.673016
46.817964
46.803221
46.796864
46.783573
46.774072
46.615275
46.605165
46.467172
46.336189
46.241928
46.144367
45.951292
45.903888
45.765823
46.239916
46.537057
46.573071
46.716384
46.735022
46.920817
46.792216
46.979902
46.862289
46.897943
46.779979
46.819005
46.557296
46.611245
46.382398
46.335365
46.144356
46.138153
45.859979
46.307775
46.301097
46.527657
46.591816
46.663302
46.731141
46.827488
46.751321
46.846746
46.780660
46.719785
46.659456
46.601252
46.410768
46.382381
46.241927
46.101826
46.001488
46.266596
46.578896
46.497974
46.773448
46.740610
46.865590
46.838748
46.978473
46.800653
46.943030
46.772040
46.765520
46.601254
46.611253
46.336201
46.390672
46.149227
46.232138
46.347294
46.554011
46.531472
46.722997
46.737634
46.776598
46.803359
46.847854
46.726388
46.772032
46.659461
46.557292
46.467158
46.400488
46.205357
46.293625
46.513906
46.545371
46.789102
46.680742
46.923180
46.836253
46.924178
46.847848
46.943037
46.719790
46.818998
46.605170
46.579286
46.403169
46.274451
46.370638
46.499717
46.588359
46.733573
46.683510
46.836245
46.803360
46.800655
46.780650
46.779976
46.615286
46.624302
46.490616
46.235842
46.564189
46.554449
46.735542
46.733567
46.923184
46.776601
46.978471
46.846745
46.897962
46.774059
46.829224
46.576035
46.285870
46.319088
46.554447
46.588358
46.680744
46.737624
46.838743
46.751326
46.862271
46.783569
46.742732
46.679853
46.285864
46.564191
46.499717
46.789101
46.722992
46.865604
46.827473
46.979911
46.796873
46.955037
46.781162
46.235847
46.370632
46.545367
46.531475
46.740595
46.731132
46.792222
46.803201
46.865794
46.737633
46.274441
46.513919
46.553996
46.773454
46.663307
46.920816
46.817951
46.929159
46.843643
46.293616
46.347285
46.497980
46.591798
46.735008
46.673024
46.843615
46.788561
46.232138
46.578899
46.527640
46.716414
46.712635
46.903661
46.755952
46.266583
46.301103
46.573050
46.565401
46.678141
46.707485
46.307752
46.537066
46.465821
46.766012
46.680810
46.239924
46.373250
46.540573
46.495198
46.233697
46.486877
46.513925
46.347882
46.287458
46.237467
45.899321
46.109160
45.640240
45.757555
45.323069
45.245862
44.831396
44.662966
44.072358
43.869171
43.197379
42.812178
42.170338
41.765197
41.057833
40.810793
40.198025
39.984792
39.618470
39.518994
39.165555
39.264241
38.994087
39.785500
39.841881
39.859136
39.812971
39.845609
39.852344
39.764617
39.771102
39.745467
39.622191
39.600799
39.536467
39.392967
39.331166
39.256723
39.078628
39.023651
38.930593
38.818641
38.742866
38.830182
38.767706
39.729156
39.804713
39.725523
39.862762
39.666712
39.808640
39.676164
39.691891
39.561909
39.640004
39.386960
39.465769
39.278115
39.242763
39.063345
39.113804
38.844091
38.940206
38.820606
38.897418
38.906520
39.595052
39.634643
39.561818
39.604021
39.601425
39.515420
39.518964
39.491160
39.373765
39.341645
39.291407
39.139283
39.096709
39.017048
38.886046
38.823020
38.838543
38.723700
38.835212
38.977964
39.437724
39.592756
39.484531
39.526204
39.425927
39.529806
39.308347
39.414933
39.255456
39.246348
39.088010
39.154181
38.894024
38.983410
38.837214
38.875261
38.812157
39.067770
39.052090
39.362543
39.309010
39.330597
39.333624
39.240922
39.248449
39.215283
39.104124
39.077278
39.031499
38.905471
38.871468
38.852872
38.750973
38.804040
38.890815
38.969654
39.226741
39.202862
39.321423
39.128886
39.265660
39.126097
39.151911
39.022773
39.110877
38.880515
38.983318
38.847594
38.878777
38.803259
39.001749
38.930786
39.299683
39.492677
39.031177
39.062705
39.043802
38.975422
38.973499
38.956918
38.859753
38.855418
38.848031
38.763545
38.814371
38.873639
38.918746
39.123707
39.416094
39.722997
38.930997
38.994910
38.883855
39.000560
38.803977
38.935479
38.822889
38.877100
38.816141
39.006230
38.920453
39.249912
39.378931
39.799522
40.112476
38.831810
38.850134
38.780615
38.811046
38.828109
38.781083
38.848112
38.924973
38.961693
39.163861
39.394237
39.664858
40.074179
40.602523
38.743887
38.918696
38.826666
38.921467
38.881820
39.097430
39.025235
39.358590
39.456483
39.845633
40.097354
40.727230
41.022808
38.917977
38.908914
39.001091
39.110238
39.168734
39.383164
39.598297
39.851715
40.203364
40.670196
41.056437
41.634233
39.171165
39.419367
39.357722
39.705308
39.795724
40.172104
40.378479
40.944332
41.165090
41.836345
42.200199
39.710336
39.926515
40.131799
40.356398
40.661883
41.063318
41.366628
41.864074
42.301227
42.742278
40.544822
40.867541
41.006768
41.501097
41.633331
42.214136
42.465981
42.991333
43.273312
41.520966
41.812932
42.015180
42.395650
42.715051
43.051337
43.407125
43.822834
42.432869
42.877340
42.995566
43.413296
43.579090
44.077392
44.154838
43.409224
43.598869
43.824572
44.117802
44.282560
44.613294
44.072412
44.456681
44.425074
44.856725
44.892814
44.679537
44.874664
45.000710
45.173326
45.103037
45.411062
45.359670
45.491649
45.644390
45.651513
46.301646
46.522007
46.499987
46.725610
46.712203
46.843378
46.825920
46.975027
46.822629
46.962286
46.811296
46.803619
46.655360
46.654919
46.378523
46.405825
46.163218
46.100061
45.909377
45.903735
45.638633
45.668537
45.443946
45.325480
45.428045
45.257876
45.419173
45.289393
45.376675
45.320709
45.476325
45.350802
45.571369
45.516866
45.663653
45.670848
45.884018
45.803979
46.083408
46.049747
46.241866
46.258145
46.497970
46.392679
46.683665
46.574582
46.206469
46.442618
46.433712
46.546156
46.567248
46.706406
46.637354
46.779752
46.766445
46.796784
46.794733
46.872889
46.766138
46.845886
46.798500
46.771508
46.736912
46.772116
46.645153
46.685924
46.644456
46.621072
46.442291
46.671465
46.563876
46.826128
46.636495
46.901947
46.767982
46.920962
46.802437
46.999803
46.770864
46.977386
46.799838
46.896952
46.730005
46.891139
46.620456
46.801058
46.598227
46.693706
46.499688
46.487058
46.663015
46.596862
46.754841
46.740457
46.783679
46.788335
46.868823
46.763280
46.853361
46.792989
46.768485
46.727701
46.750474
46.610832
46.649275
46.584357
46.516923
46.487872
46.490342
46.614564
46.857667
46.744388
46.899183
46.797591
46.988941
46.776247
46.980920
46.804802
46.897502
46.736119
46.870778
46.609492
46.761962
46.561004
46.617669
46.448181
46.580399
46.314444
46.669744
46.764200
46.760678
46.858797
46.758429
46.862521
46.797323
46.784021
46.735248
46.754496
46.606912
46.634338
46.551050
46.474607
46.425115
46.411633
46.278849
46.306166
46.786284
46.959471
46.781665
46.982918
46.821883
46.913173
46.763496
46.885395
46.629027
46.760935
46.561331
46.586943
46.415536
46.510732
46.243514
46.381184
46.185408
46.732449
46.872688
46.798054
46.810303
46.762105
46.787260
46.635397
46.663993
46.565402
46.477940
46.413550
46.384176
46.224534
46.233130
46.152164
46.066968
46.835153
46.929870
46.808915
46.919456
46.683402
46.805152
46.607084
46.614132
46.444197
46.505622
46.233371
46.339308
46.133140
46.147713
45.997348
46.792822
46.834180
46.686260
46.731411
46.621748
46.539628
46.462031
46.419609
46.242394
46.237001
46.125460
46.022981
45.971564
45.929176
46.747243
46.880351
46.689029
46.694605
46.529265
46.570506
46.297071
46.376168
46.158499
46.143388
45.976841
46.024343
45.777716
46.702730
46.642170
46.558966
46.519742
46.330470
46.317916
46.183503
46.067628
45.986678
45.927381
45.768329
45.757957
46.649169
46.692824
46.421756
46.490016
46.264387
46.227688
46.048755
46.069320
45.802927
45.874255
45.674145
46.468265
46.463029
46.315393
46.195924
46.094647
46.021969
45.833039
45.806970
45.686849
45.571075
46.427377
46.391112
46.201201
46.206939
45.922633
45.975762
45.754286
45.714955
45.554431
46.271686
46.196564
45.990494
45.955969
45.809595
45.675230
45.593215
45.511847
46.120493
46.163554
45.926698
45.869972
45.692731
45.688666
45.424644
46.014844
45.870622
45.773754
45.676818
45.489429
45.447818
45.907819
45.898232
45.613808
45.657082
45.429818
45.716111
45.665969
45.520410
45.374581
45.660826
45.615205
45.423104
45.531178
45.427610
45.439441
46.076487
46.515535
46.260703
46.623292
46.471616
46.700212
46.592918
46.853268
46.655894
46.918325
46.778472
46.931727
46.800304
47.004738
46.768262
46.979823
46.801248
46.918200
46.739418
46.938319
46.660695
46.853034
46.643686
39.370859
39.944988
40.663252
41.580907
42.594392
43.423206
44.166134
44.834127
45.272993
45.614025
45.955639
46.144872
46.293276
46.491549
46.576902
46.637738
46.756474
46.771898
46.761178
46.814071
46.746312
46.713598
39.480073
40.351791
41.121730
42.191705
42.974224
44.029239
44.534101
45.212088
45.557308
45.993388
46.082577
46.477370
46.467525
46.701929
46.716701
46.902536
46.783917
47.006901
46.838297
46.944772
46.802183
39.812889
40.506352
41.460054
42.493223
43.363722
44.119129
44.812612
45.256192
45.609159
45.951175
46.145943
46.294684
46.493681
46.582703
46.639897
46.764003
46.772970
46.769944
46.804475
46.756751
39.984083
41.121727
41.897560
43.028368
43.812303
44.641092
45.044191
45.686710
45.847991
46.220448
46.339248
46.610440
46.566835
46.861350
46.768269
46.931162
46.865873
46.988354
46.786062
40.354355
41.278837
42.384175
43.272872
44.074109
44.775601
45.246639
45.597259
45.952333
46.146707
46.299663
46.500616
46.589775
46.653009
46.767445
46.791005
46.765041
46.814000
40.787954
41.927746
42.771377
43.901020
44.458734
45.169345
45.535641
45.988780
46.082441
46.484798
46.478515
46.716041
46.728312
46.920554
46.794735
47.012834
46.844564
41.151495
42.262320
43.220642
44.022160
44.763359
45.231836
45.599862
45.949203
46.154708
46.304081
46.507203
46.601045
46.657646
46.778382
46.791805
46.770855
41.677886
42.849210
43.707705
44.584358
45.013682
45.673516
45.849806
46.225183
46.347877
46.624277
46.578981
46.871501
46.783410
46.935151
46.870769
42.198382
43.174443
44.006534
44.743475
45.235625
45.590359
45.951401
46.151156
46.305004
46.504831
46.602790
46.658289
46.777571
46.794863
42.672545
43.827016
44.438075
45.149740
45.532852
45.991294
46.086390
46.486462
46.486684
46.716886
46.731957
46.922227
46.798125
43.168129
43.999574
44.746929
45.233399
45.593365
45.943567
46.153735
46.298360
46.505363
46.600872
46.661216
46.775475
43.697267
44.582389
45.019411
45.671832
45.860276
46.225064
46.350109
46.625762
46.579488
46.866652
46.788303
44.021857
44.756710
45.245010
45.591936
45.944942
46.148525
46.298405
46.496584
46.604554
46.653715
44.479029
45.169037
45.546961
46.002467
46.092659
46.485492
46.490473
46.711135
46.727009
44.783629
45.258847
45.596884
45.938447
46.148912
46.286528
46.495140
46.593664
45.066619
45.696016
45.880182
46.233046
46.350876
46.626116
46.570757
45.282566
45.602195
45.936123
46.138821
46.282064
46.477161
45.583339
46.034121
46.102983
46.491300
46.485386
45.610057
45.928145
46.131530
46.261932
45.912767
46.267053
46.347567
45.903674
46.099291
46.152244
46.015119
46.175446
45.980920
46.295691
46.004176
46.201800
46.055999
46.228270
45.992404
46.245990
46.040073
46.192329
46.040073
46.245993
45.992412
46.228279
46.055993
46.201835
46.004167
46.295707
45.980940
46.175467
46.015102
45.991983
45.870070
45.444719
45.194952
44.640503
44.080819
43.235704
42.452092
41.300587
40.502423
39.650808
39.198678
38.885340
38.932856
38.814721
39.058532
39.095198
39.294784
39.359395
39.615614
39.570258
39.817999
39.801243
45.900955
45.583658
45.408699
44.903859
44.492780
43.829324
43.024976
42.098731
41.167696
40.169749
39.528609
39.059178
38.810899
38.785654
38.871541
38.906612
39.087484
39.229278
39.311237
39.479898
39.590832
39.703418
45.991623
45.749011
45.368148
45.101998
44.409234
43.890214
42.979402
42.087637
41.034682
40.265054
39.423001
39.149778
38.855592
38.872000
38.870360
39.097946
39.051158
39.350941
39.363966
39.561832
39.590837
45.871426
45.624282
45.274024
44.851657
44.382411
43.597265
42.846115
41.869376
40.875450
40.025470
39.417222
38.944768
38.835825
38.793698
38.822969
38.972926
39.104850
39.177870
39.363963
39.479897
45.863761
45.757170
45.348503
44.959226
44.333817
43.759276
42.735783
41.930336
40.855836
40.065765
39.377198
39.121756
38.791755
38.922548
38.876328
39.052725
39.104857
39.350941
39.311242
45.932231
45.518438
45.278744
44.813800
44.230339
43.521483
42.709682
41.656141
40.778470
39.924559
39.301670
38.971325
38.840223
38.744017
38.876313
38.972920
39.051152
39.229274
45.877255
45.778337
45.231789
44.950422
44.266940
43.600901
42.659172
41.815982
40.691541
40.039864
39.342026
39.058077
38.840238
38.922546
38.822984
39.097952
39.087485
45.844092
45.540525
45.275873
44.704359
44.220402
43.453690
42.567958
41.624129
40.718649
39.834877
39.342024
38.971322
38.791740
38.793695
38.870337
38.906609
45.898470
45.694943
45.248991
44.930925
44.159249
43.598903
42.606195
41.719911
40.718654
40.039861
39.301671
39.121753
38.835827
38.872009
38.871547
45.876775
45.552072
45.199268
44.730995
44.200983
43.370104
42.606188
41.624123
40.691533
39.924553
39.377182
38.944773
38.855572
38.785642
45.835607
45.732568
45.246666
44.863771
44.200988
43.598901
42.567966
41.815984
40.778463
40.065771
39.417215
39.149765
38.810906
45.884234
45.495729
45.246662
44.730992
44.159246
43.453689
42.659156
41.656139
40.855818
40.025453
39.422989
39.059172
45.884237
45.732570
45.199276
44.930930
44.220401
43.600912
42.709680
41.930334
40.875451
40.265051
39.528593
45.835606
45.552071
45.248981
44.704364
44.266928
43.521473
42.735778
41.869361
41.034651
40.169744
45.876774
45.694960
45.275873
44.950427
44.230351
43.759282
42.846101
42.087653
41.167679
45.898461
45.540520
45.231792
44.813793
44.333797
43.597270
42.979379
42.098707
45.844105
45.778347
45.278738
44.959255
44.382403
43.890217
43.024982
45.877242
45.518452
45.348487
44.851642
44.409236
43.829308
45.932224
45.757182
45.274041
45.102012
44.492762
45.863771
45.624271
45.368124
44.903871
45.871413
45.749059
45.408685
45.991602
45.583638
45.900975
46.301642
46.522002
46.499981
46.725602
46.712197
46.843369
46.825914
46.975018
46.822623
46.962280
46.811291
46.803616
46.655361
46.654922
46.378520
46.405835
46.163218
46.100062
45.909382
45.903733
45.638634
45.668536
45.443947
46.237473
46.287464
46.513933
46.495202
46.680816
46.707490
46.755959
46.788563
46.843648
46.737635
46.781162
46.679856
46.576038
46.490625
46.403169
46.205370
46.149233
46.001491
45.859987
45.765824
45.666626
45.559138
46.347886
46.486882
46.540579
46.766017
46.678146
46.903665
46.843619
46.929163
46.865796
46.955040
46.742731
46.829232
46.624302
46.579287
46.400492
46.390668
46.101820
46.138155
45.903879
45.868544
45.666627
46.233703
46.373256
46.465828
46.565405
46.712640
46.673029
46.817954
46.803206
46.796873
46.783572
46.774057
46.615285
46.605167
46.467163
46.336197
46.241934
46.144364
45.951294
45.903899
45.765823
46.239928
46.537069
46.573054
46.716418
46.735010
46.920820
46.792222
46.979914
46.862270
46.897963
46.779973
46.819003
46.557296
46.611253
46.382387
46.335366
46.144359
46.138148
45.859970
46.307757
46.301108
46.527644
46.591802
46.663308
46.731136
46.827474
46.751329
46.846744
46.780651
46.719790
46.659460
46.601248
46.410769
46.382393
46.241926
46.101826
46.001500
46.266587
46.578902
46.497982
46.773457
46.740596
46.865608
46.838742
46.978471
46.800652
46.943036
46.772029
46.765519
46.601258
46.611246
46.336193
46.390678
46.149224
46.232142
46.347288
46.553999
46.531479
46.722992
46.737626
46.776599
46.803361
46.847847
46.726386
46.772040
46.659458
46.557290
46.467170
46.400492
46.205350
46.293619
46.513922
46.545368
46.789102
46.680743
46.923185
46.836244
46.924178
46.847850
46.943028
46.719781
46.819002
46.605165
46.579269
46.403179
46.274443
46.370634
46.499717
46.588359
46.733566
46.683509
46.836249
46.803357
46.800650
46.780659
46.779975
46.615278
46.624318
46.490622
46.235847
46.564193
46.554446
46.735541
46.733570
46.923178
46.776594
46.978472
46.846741
46.897941
46.774067
46.829215
46.576017
46.285865
46.319089
46.554447
46.588357
46.680739
46.737633
46.838743
46.751319
46.862282
46.783572
46.742718
46.679872
46.285868
46.564188
46.499714
46.789101
46.722993
46.865586
46.827482
46.979901
46.796857
46.955035
46.781165
46.235841
46.370638
46.545368
46.531469
46.740605
46.731138
46.792210
46.803218
46.865801
46.737615
46.274449
46.513903
46.554007
46.773445
46.663296
46.920813
46.817956
46.929122
46.843663
46.293622
46.347291
46.497970
46.591812
46.735016
46.673010
46.843635
46.788568
46.232134
46.578893
46.527651
46.716378
46.712653
46.903645
46.755935
46.266593
46.301091
46.573066
46.565411
46.678127
46.707505
46.307770
46.537052
46.465809
46.766001
46.680825
46.239911
46.373268
46.540591
46.495178
46.233717
46.486828
46.513951
46.347904
46.287476
46.237456
45.992013
45.870047
45.444710
45.194941
44.640529
44.080786
43.235739
42.452093
41.300600
40.502434
39.650839
39.198672
38.885365
38.932852
38.814729
39.058524
39.095209
39.294772
39.359404
39.615612
39.570263
39.817998
39.801248
39.898636
40.067521
39.907553
40.084473
39.973154
40.027210
39.926633
40.036906
39.812608
39.926059
39.760266
39.746380
39.587438
39.634665
39.349596
39.413257
39.193151
39.150398
38.958093
39.032271
38.770935
38.908979
38.834508
45.651513
45.644392
45.359674
45.173334
44.892827
44.613310
44.154860
43.822860
43.273337
42.742303
42.200212
41.634228
41.022763
40.602471
40.112400
39.722887
39.492560
39.226654
39.052028
38.977925
38.906494
38.767693
45.491652
45.411070
45.000720
44.856740
44.282580
44.077415
43.407155
42.991360
42.301256
41.836361
41.056441
40.727215
40.074125
39.799463
39.416034
39.299600
38.969572
39.067708
38.835174
38.897394
38.830170
45.103041
44.874673
44.425086
44.117817
43.579111
43.051361
42.466007
41.864095
41.165106
40.670193
40.097333
39.664833
39.378873
39.123646
38.930737
38.890771
38.812114
38.723666
38.820580
38.742851
44.679544
44.456697
43.824592
43.413317
42.715077
42.214165
41.366657
40.944350
40.203381
39.845627
39.394210
39.249895
38.918718
39.001707
38.804008
38.875243
38.838537
38.940204
38.818640
44.072423
43.598883
42.995589
42.395672
41.633353
41.063341
40.378498
39.851720
39.456485
39.163854
38.920418
38.873613
38.803242
38.750952
38.837184
38.822989
38.844060
38.930571
43.409240
42.877361
42.015206
41.501124
40.661908
40.172123
39.598312
39.358593
38.961692
39.006234
38.814365
38.878762
38.852867
38.983416
38.886056
39.113812
39.023657
42.432887
41.812952
41.006791
40.356418
39.795742
39.383173
39.025234
38.924967
38.816126
38.763533
38.847585
38.871458
38.894008
39.017035
39.063334
39.078622
41.520989
40.867564
40.131822
39.705321
39.168748
39.097442
38.848116
38.877101
38.848033
38.983313
38.905465
39.154181
39.096712
39.242764
39.256724
40.544842
39.926532
39.357737
39.110241
38.881817
38.781083
38.822883
38.855411
38.880512
39.031500
39.088005
39.139280
39.278113
39.331168
39.710351
39.419380
39.001107
38.921474
38.828111
38.935479
38.859751
39.110870
39.077271
39.246344
39.291404
39.465766
39.392965
39.171170
38.908915
38.826669
38.811046
38.803974
38.956922
39.022772
39.104125
39.255457
39.341648
39.386961
39.536470
38.917987
38.918695
38.780618
39.000554
38.973492
39.151906
39.215279
39.414926
39.373760
39.640002
39.600798
38.743889
38.850134
38.883857
38.975425
39.126097
39.248451
39.308347
39.491162
39.561907
39.622190
38.831807
38.994899
39.043798
39.265653
39.240915
39.529801
39.518961
39.691890
39.745470
38.931002
39.062704
39.128885
39.333627
39.425926
39.515422
39.676163
39.771098
39.031172
39.321416
39.330593
39.526200
39.601420
39.808635
39.764618
39.202862
39.309008
39.484526
39.604021
39.666713
39.852345
39.362541
39.592752
39.561816
39.862760
39.845607
39.437720
39.634641
39.725520
39.812969
39.595049
39.804711
39.859135
39.729153
39.841878
39.785498
46.076482
46.515533
46.260696
46.623289
46.471609
46.700204
46.592913
46.853264
46.655881
46.918324
46.778467
46.931712
46.800295
47.004737
46.768251
46.979809
46.801233
46.918189
46.739405
46.938309
46.660685
46.853029
46.643681
45.439442
45.427611
45.423101
45.374581
45.429816
45.447819
45.424645
45.511844
45.554435
45.571072
45.674145
45.757955
45.777717
45.929183
45.997334
46.066983
46.185384
46.306167
46.314436
46.490331
46.499675
46.621066
45.531183
45.615204
45.520417
45.657083
45.489431
45.688668
45.593213
45.714957
45.686848
45.874256
45.768329
46.024338
45.971578
46.147695
46.152182
46.381163
46.278848
46.580391
46.487864
46.693688
46.644453
45.660824
45.665969
45.613805
45.676815
45.692730
45.675228
45.754289
45.806963
45.802931
45.927376
45.976837
46.022985
46.133128
46.233139
46.243500
46.411621
46.448175
46.516910
46.598204
46.685916
45.716118
45.898229
45.773759
45.869975
45.809593
45.975769
45.833030
46.069326
45.986673
46.143391
46.125456
46.339304
46.224535
46.510728
46.425103
46.617663
46.584352
46.801035
46.645146
45.907817
45.870619
45.926701
45.955959
45.922636
46.021964
46.048756
46.067620
46.158500
46.237000
46.233361
46.384172
46.415533
46.474595
46.560992
46.649273
46.620433
46.772104
46.014844
46.163555
45.990495
46.206943
46.094643
46.227691
46.183499
46.376163
46.242399
46.505611
46.413552
46.586932
46.551050
46.761946
46.610836
46.891127
46.736902
46.120495
46.196554
46.201207
46.195911
46.264388
46.317914
46.297061
46.419608
46.444188
46.477941
46.561316
46.634338
46.609475
46.750467
46.729999
46.771495
46.271678
46.391115
46.315395
46.490012
46.330470
46.570500
46.462031
46.614121
46.565401
46.760931
46.606905
46.870774
46.727691
46.896946
46.798500
46.427373
46.463025
46.421751
46.519737
46.529258
46.539626
46.607076
46.663983
46.629025
46.754485
46.736113
46.768480
46.799819
46.845887
46.468261
46.692820
46.558968
46.694596
46.621745
46.805146
46.635390
46.885385
46.735250
46.897487
46.792993
46.977375
46.766131
46.649160
46.642167
46.689022
46.731404
46.683395
46.787253
46.763484
46.784014
46.804793
46.853351
46.770862
46.872875
46.702723
46.880350
46.686253
46.919449
46.762097
46.913166
46.797313
46.980915
46.763273
46.999795
46.794736
46.747236
46.834173
46.808906
46.810296
46.821871
46.862515
46.776233
46.868819
46.802422
46.796780
46.792816
46.929862
46.798047
46.982908
46.758421
46.988933
46.788326
46.920957
46.766436
46.835144
46.872680
46.781656
46.858786
46.797581
46.783669
46.767971
46.779748
46.732440
46.959463
46.760670
46.899171
46.740451
46.901937
46.637350
46.786275
46.764192
46.744377
46.754832
46.636486
46.706397
46.669736
46.857660
46.596852
46.826120
46.567244
46.614554
46.663008
46.563866
46.546150
46.487051
46.671459
46.433705
46.442284
46.442612
46.206465
45.899321
46.109162
45.640243
45.757564
45.323081
45.245876
44.831420
44.662991
44.072388
43.869207
43.197412
42.812196
42.170333
41.765177
41.057784
40.810699
40.197925
39.984705
39.618401
39.518934
39.165511
39.264213
38.994078
39.165817
39.749567
40.292911
41.364947
42.098216
43.173184
43.910908
44.699088
45.080723
45.704112
45.856934
46.222049
46.339511
46.604303
46.562572
46.853770
46.761501
46.922781
46.865548
46.981403
46.804504
46.956593
46.715632
46.152241
46.099289
46.347566
46.261930
46.485381
46.477162
46.570753
46.593659
46.727011
46.653716
46.788291
46.775478
46.798127
46.794861
46.870759
46.770853
46.844560
46.813999
46.786058
46.756752
46.802180
46.713600
45.903672
46.267055
46.131528
46.491299
46.282064
46.626116
46.495134
46.711139
46.604551
46.866643
46.661217
46.922230
46.777562
46.935144
46.791799
47.012829
46.765032
46.988349
46.804466
46.944767
46.746307
45.912771
45.928149
46.102984
46.138829
46.350878
46.286531
46.490482
46.496590
46.579484
46.600886
46.731963
46.658292
46.783411
46.778389
46.794735
46.791007
46.865869
46.769945
46.838297
46.814074
45.610061
46.034127
45.936131
46.233052
46.148915
46.485506
46.298409
46.625766
46.505375
46.716896
46.602791
46.871506
46.657649
46.920556
46.767439
46.931160
46.772965
47.006899
46.761172
45.583348
45.602210
45.880192
45.938460
46.092676
46.148542
46.350120
46.298386
46.486701
46.504847
46.578994
46.601063
46.728319
46.653016
46.768270
46.764009
46.783918
46.771904
45.282582
45.696032
45.596897
46.002493
45.944959
46.225083
46.153763
46.486488
46.305020
46.624300
46.507220
46.716054
46.589777
46.861354
46.639897
46.902539
46.756470
45.066637
45.258871
45.546990
45.591965
45.860304
45.943610
46.086424
46.151191
46.347909
46.304115
46.478536
46.500633
46.566847
46.582715
46.716706
46.637746
44.783651
45.169073
45.245040
45.671869
45.593409
45.991338
45.951437
46.225226
46.154744
46.484828
46.299679
46.610456
46.493689
46.701938
46.576901
44.479065
44.756749
45.019451
45.233457
45.532902
45.590412
45.849858
45.949258
46.082478
46.146740
46.339270
46.294706
46.467537
46.491559
44.021888
44.582431
44.746979
45.149793
45.235675
45.673578
45.599916
45.988826
45.952365
46.220478
46.145961
46.477386
46.293278
43.697299
43.999621
44.438122
44.743532
45.013744
45.231904
45.535692
45.597305
45.848025
45.951208
46.082596
46.144886
43.168148
43.827050
44.006570
44.584415
44.763413
45.169395
45.246678
45.686749
45.609185
45.993410
45.955645
42.672549
43.174463
43.707735
44.022206
44.458773
44.775641
45.044224
45.256228
45.557331
45.614041
42.198358
42.849204
43.220649
43.901038
44.074123
44.641117
44.812633
45.212110
45.273002
41.677830
42.262294
42.771361
43.272868
43.812303
44.119145
44.534117
44.834142
41.151416
41.927697
42.384126
43.028336
43.363704
44.029239
44.166134
40.787875
41.278767
41.897490
42.493177
42.974201
43.423206
40.354265
41.121634
41.459969
42.191657
42.594369
39.983991
40.506259
41.121658
41.580878
39.812806
40.351717
40.663207
39.480016
39.944953
39.370829
45.991977
45.870067
45.444714
45.194947
44.640501
44.080818
43.235705
42.452099
41.300597
40.502439
39.650828
39.198703
38.885355
38.932869
38.814736
39.058533
39.095207
39.294787
39.359398
39.615620
39.570262
39.818002
39.801245
39.898638
40.067525
39.907558
40.084477
39.973152
40.027229
39.926627
40.036916
39.812616
39.926070
39.760257
39.746418
39.587424
39.634683
39.349609
39.413277
39.193132
39.150457
38.958069
39.032302
38.770948
38.909016
38.834476
45.651527
45.644363
45.359641
45.173340
44.892801
44.613264
44.154873
43.822820
43.273298
42.742304
42.200184
41.634180
41.022782
40.602437
40.112371
39.722899
39.492541
39.226619
39.052052
38.977896
38.906466
38.767707
45.491625
45.411121
45.000699
44.856744
44.282595
44.077427
43.407122
42.991411
42.301233
41.836367
41.056463
40.727236
40.074103
39.799532
39.416022
39.299624
38.969602
39.067740
38.835155
38.897471
38.830151
45.103019
44.874635
44.425096
44.117783
43.579076
43.051360
42.465980
41.864051
41.165121
40.670162
40.097307
39.664845
39.378858
39.123615
38.930761
38.890748
38.812092
38.723683
38.820558
38.742824
44.679557
44.456707
43.824564
43.413359
42.715056
42.214168
41.366674
40.944367
40.203360
39.845686
39.394202
39.249915
38.918748
39.001737
38.803994
38.875311
38.838524
38.940231
38.818664
44.072395
43.598881
42.995565
42.395632
41.633363
41.063312
40.378474
39.851729
39.456473
39.163828
38.920443
38.873595
38.803224
38.750968
38.837168
38.822965
38.844077
38.930549
43.409224
42.877361
42.015217
41.501136
40.661888
40.172170
39.598306
39.358610
38.961721
39.006261
38.814354
38.878822
38.852860
38.983439
38.886080
39.113838
39.023642
42.432892
41.812925
41.006768
40.356422
39.795732
39.383149
39.025256
38.924953
38.816113
38.763548
38.847575
38.871437
38.894027
39.017018
39.063315
39.078634
41.520972
40.867598
40.131816
39.705334
39.168773
39.097466
38.848110
38.877153
38.848031
38.983332
38.905489
39.154204
39.096701
39.242816
39.256714
40.544831
39.926509
39.357753
39.110229
38.881808
38.781096
38.822879
38.855393
38.880531
39.031486
39.087991
39.139291
39.278100
39.331148
39.710369
39.419399
39.001104
38.921518
38.828114
38.935497
38.859774
39.110892
39.077264
39.246389
39.291399
39.465782
39.392984
39.171164
38.908924
38.826669
38.811032
38.803992
38.956911
39.022763
39.104135
39.255449
39.341631
39.386974
39.536455
38.917993
38.918710
38.780639
39.000575
38.973489
39.151944
39.215279
39.414940
39.373778
39.640018
39.600789
38.743905
38.850127
38.883854
38.975433
39.126094
39.248437
39.308361
39.491151
39.561896
39.622197
38.831811
38.994930
39.043802
39.265665
39.240933
39.529816
39.518956
39.691921
39.745468
38.931004
39.062694
39.128898
39.333619
39.425919
39.515427
39.676159
39.771085
39.031190
39.321429
39.330593
39.526224
39.601423
39.808644
39.764630
39.202860
39.309012
39.484527
39.604011
39.666721
39.852336
39.362548
39.592760
39.561828
39.862768
39.845606
39.437727
39.634636
39.725518
39.812972
39.595053
39.804723
39.859139
39.729155
39.841874
39.785506
46.076447
46.515558
46.260715
46.623302
46.471585
46.700281
46.592875
46.853290
46.655915
46.918336
46.778443
46.931806
46.800253
47.004768
46.768297
46.979825
46.801207
46.918301
46.739362
46.938349
46.660732
46.853059
46.643644
45.439449
45.427605
45.423094
45.374591
45.429811
45.447797
45.424668
45.511824
45.554413
45.571094
45.674127
45.757919
45.777754
45.929150
45.997300
46.067015
46.185354
46.306118
46.314481
46.490286
46.499630
46.621097
45.531172
45.615218
45.520408
45.657079
45.489445
45.688675
45.593190
45.715007
45.686828
45.874260
45.768358
46.024352
45.971541
46.147778
46.152149
46.381177
46.278884
46.580420
46.487813
46.693802
46.644411
45.660827
45.665952
45.613824
45.676804
45.692715
45.675244
45.754276
45.806933
45.802962
45.927350
45.976807
46.023014
46.133103
46.233095
46.243541
46.411582
46.448133
46.516944
46.598172
46.685856
45.716124
45.898234
45.773739
45.870008
45.809578
45.975770
45.833053
46.069337
45.986641
46.143460
46.125429
46.339312
46.224569
46.510751
46.425058
46.617763
46.584316
46.801055
46.645188
45.907806
45.870627
45.926698
45.955936
45.922661
46.021944
46.048731
46.067645
46.158481
46.236961
46.233398
46.384139
46.415496
46.474628
46.560964
46.649221
46.620479
46.772061
46.014838
46.163552
45.990509
46.206951
46.094616
46.227745
46.183478
46.376166
46.242430
46.505629
46.413513
46.587018
46.551020
46.761959
46.610875
46.891157
46.736855
46.120511
46.196542
46.201190
46.195929
46.264375
46.317881
46.297092
46.419583
46.444154
46.477970
46.561293
46.634291
46.609517
46.750430
46.729959
46.771530
46.271659
46.391151
46.315380
46.490012
46.330495
46.570516
46.461997
46.614192
46.565378
46.760939
46.606942
46.870800
46.727649
46.897047
46.798472
46.427369
46.463000
46.421776
46.519720
46.529231
46.539650
46.607058
46.663942
46.629061
46.754455
46.736076
46.768513
46.799796
46.845834
46.468278
46.692832
46.558942
46.694651
46.621729
46.805152
46.635422
46.885408
46.735214
46.897575
46.792970
46.977387
46.766172
46.649140
46.642185
46.689012
46.731371
46.683424
46.787231
46.763453
46.784044
46.804773
46.853305
46.770903
46.872840
46.702714
46.880354
46.686279
46.919470
46.762069
46.913239
46.797296
46.980925
46.763310
46.999822
46.794696
46.747259
46.834159
46.808881
46.810319
46.821854
46.862476
46.776266
46.868790
46.802385
46.796808
46.792794
46.929918
46.798034
46.982917
46.758452
46.988957
46.788292
46.921040
46.766414
46.835132
46.872650
46.781681
46.858763
46.797548
46.783693
46.767949
46.779702
46.732464
46.959484
46.760643
46.899241
46.740434
46.901948
46.637384
46.786248
46.764211
46.744356
46.754793
46.636514
46.706370
46.669722
46.857671
46.596882
46.826146
46.567211
46.614573
46.662985
46.563831
46.546170
46.487026
46.671525
46.433687
46.442260
46.442577
46.206486
45.899300
46.109175
45.640263
45.757582
45.323049
45.245934
44.831397
44.662995
44.072406
43.869221
43.197376
42.812257
42.170310
41.765187
41.057810
40.810725
40.197900
39.984781
39.618383
39.518962
39.165540
39.264250
38.994054
39.165775
39.749601
40.292913
41.364977
42.098156
43.173265
43.910856
44.699104
45.080732
45.704144
45.856869
46.222150
46.339462
46.604322
46.562594
46.853809
46.761431
46.922899
46.865495
46.981427
46.804529
46.956643
46.715558
46.152255
46.099257
46.347540
46.261957
46.485340
46.477141
46.570778
46.593621
46.726977
46.653754
46.788238
46.775452
46.798157
46.794816
46.870718
46.770898
46.844499
46.813969
46.786089
46.756703
46.802129
46.713645
45.903646
46.267123
46.131490
46.491324
46.282091
46.626128
46.495109
46.711226
46.604510
46.866673
46.661257
46.922244
46.777536
46.935250
46.791754
47.012866
46.765080
46.988370
46.804434
46.944892
46.746254
45.912732
45.928127
46.103003
46.138794
46.350846
46.286563
46.490433
46.496566
46.579510
46.600843
46.731924
46.658334
46.783350
46.778361
46.794763
46.790960
46.865821
46.769995
46.838226
46.814044
45.610079
46.034138
45.936104
46.233128
46.148875
46.485533
46.298441
46.625780
46.505349
46.716994
46.602747
46.871540
46.657692
46.920575
46.767409
46.931275
46.772913
47.006942
46.761218
45.583315
45.602235
45.880146
45.938436
46.092696
46.148503
46.350083
46.298422
46.486645
46.504821
46.579019
46.601019
46.728274
46.653062
46.768202
46.763981
46.783944
46.771855
45.282544
45.696052
45.596920
46.002503
45.944931
46.225168
46.153720
46.486519
46.305056
46.624316
46.507192
46.716160
46.589730
46.861394
46.639940
46.902559
46.756439
45.066646
45.258835
45.546952
45.591993
45.860250
45.943585
46.086443
46.151149
46.347866
46.304155
46.478473
46.500608
46.566869
46.582670
46.716657
46.637791
44.783622
45.169140
45.244998
45.671892
45.593436
45.991351
45.951408
46.225319
46.154699
46.484863
46.299718
46.610476
46.493660
46.702047
46.576852
44.479013
44.756724
45.019460
45.233417
45.532859
45.590443
45.849798
45.949231
46.082496
46.146697
46.339223
46.294748
46.467471
46.491530
44.021904
44.582437
44.746949
45.149869
45.235631
45.673605
45.599946
45.988842
45.952336
46.220577
46.145915
46.477422
46.293318
43.697255
43.999644
44.438064
44.743505
45.013753
45.231862
45.535644
45.597339
45.847961
45.951179
46.082613
46.144840
43.168106
43.827069
44.006590
44.584425
44.763382
45.169481
45.246633
45.686779
45.609218
45.993427
45.955615
42.672552
43.174425
43.707688
44.022232
44.458710
44.775613
45.044234
45.256184
45.557281
45.614076
42.198329
42.849275
43.220607
43.901062
44.074147
44.641131
44.812603
45.212200
45.272957
41.677778
42.262268
42.771364
43.272827
43.812252
44.119171
44.534052
44.834112
41.151438
41.927713
42.384097
43.028414
43.363662
44.029267
44.166160
40.787835
41.278793
41.897432
42.493149
42.974203
43.423165
40.354234
41.121664
41.459992
42.191676
42.594338
39.984002
40.506230
41.121611
41.580901
39.812781
40.351800
40.663174
39.479973
39.944927
39.370850
45.899303
46.109178
45.640263
45.757579
45.323044
45.245928
44.831381
44.662980
44.072385
43.869194
43.197351
42.812244
42.170318
41.765210
41.057857
40.810815
40.197995
39.984862
39.618449
39.519017
39.165577
39.264277
38.994060
39.785503
39.841872
39.859134
39.812969
39.845603
39.852333
39.764627
39.771085
39.745460
39.622194
39.600787
39.536448
39.392982
39.331141
39.256710
39.078635
39.023632
38.930567
38.818659
38.742835
38.830160
38.767716
39.729152
39.804719
39.725515
39.862766
39.666716
39.808642
39.676153
39.691916
39.561893
39.640015
39.386968
39.465779
39.278097
39.242809
39.063320
39.113825
38.844103
38.940228
38.820581
38.897490
38.906490
39.595050
39.634633
39.561825
39.604005
39.601420
39.515420
39.518955
39.491143
39.373777
39.341621
39.291396
39.139288
39.096692
39.017023
38.886064
38.822988
38.838525
38.723709
38.835188
38.977930
39.437723
39.592754
39.484521
39.526219
39.425914
39.529812
39.308352
39.414938
39.255441
39.246385
39.087988
39.154197
38.894035
38.983425
38.837191
38.875322
38.812128
39.067797
39.052108
39.362542
39.309005
39.330591
39.333609
39.240931
39.248427
39.215276
39.104126
39.077262
39.031476
38.905486
38.871438
38.852857
38.750980
38.804017
38.890784
38.969676
39.226697
39.202851
39.321425
39.128887
39.265660
39.126085
39.151937
39.022753
39.110888
38.880523
38.983326
38.847575
38.878827
38.803232
39.001770
38.930802
39.299699
39.492652
39.031182
39.062684
39.043798
38.975419
38.973486
38.956897
38.859766
38.855389
38.848019
38.763548
38.814350
38.873610
38.918766
39.123668
39.416076
39.723003
38.930988
38.994925
38.883836
39.000565
38.803982
38.935482
38.822873
38.877139
38.816115
39.006246
38.920467
39.249924
39.378909
39.799584
40.112442
38.831800
38.850116
38.780625
38.811020
38.828100
38.781083
38.848094
38.924947
38.961711
39.163825
39.394222
39.664864
40.074152
40.602486
38.743889
38.918695
38.826653
38.921497
38.881799
39.097442
39.025247
39.358598
39.456465
39.845687
40.097325
40.727251
41.022826
38.917972
38.908913
39.001077
39.110216
39.168750
39.383133
39.598285
39.851721
40.203342
40.670165
41.056460
41.634188
39.171149
39.419377
39.357732
39.705315
39.795711
40.172152
40.378456
40.944352
41.165109
41.836357
42.200177
39.710351
39.926490
40.131793
40.356404
40.661867
41.063294
41.366651
41.864037
42.301213
42.742288
40.544816
40.867581
41.006753
41.501117
41.633351
42.214150
42.465965
42.991394
43.273283
41.520958
41.812914
42.015201
42.395621
42.715041
43.051348
43.407103
43.822805
42.432888
42.877355
42.995558
43.413351
43.579069
44.077415
44.154861
43.409219
43.598878
43.824556
44.117778
44.282584
44.613257
44.072398
44.456704
44.425096
44.856740
44.892797
44.679557
44.874634
45.000696
45.173338
45.103024
45.411121
45.359645
45.491627
45.644364
45.651531
46.301621
46.522025
46.500002
46.725629
46.712175
46.843428
46.825904
46.975030
46.822644
46.962299
46.811272
46.803657
46.655349
46.654921
46.378531
46.405837
46.163199
46.100081
45.909373
45.903734
45.638633
45.668543
45.443938
45.325484
45.428044
45.257887
45.419178
45.289383
45.376707
45.320699
45.476329
45.350824
45.571379
45.516841
45.663719
45.670822
45.884029
45.804012
46.083427
46.049707
46.241963
46.258104
46.497995
46.392714
46.683704
46.574525
46.206491
46.442582
46.433693
46.546174
46.567215
46.706376
46.637385
46.779704
46.766421
46.796809
46.794690
46.872850
46.766176
46.845829
46.798468
46.771537
46.736863
46.772070
46.645194
46.685864
46.644414
46.621103
46.442267
46.671531
46.563842
46.826150
46.636520
46.901956
46.767958
46.921041
46.802397
46.999827
46.770902
46.977396
46.799811
46.897048
46.729962
46.891167
46.620500
46.801076
46.598193
46.693818
46.499643
46.487033
46.662990
46.596888
46.754801
46.740438
46.783700
46.788299
46.868791
46.763314
46.853312
46.792962
46.768513
46.727657
46.750436
46.610870
46.649221
46.584321
46.516957
46.487822
46.490297
46.614581
46.857677
46.744366
46.899249
46.797556
46.988962
46.776278
46.980928
46.804778
46.897585
46.736080
46.870802
46.609532
46.761975
46.560976
46.617767
46.448140
46.580427
46.314488
46.669728
46.764217
46.760649
46.858772
46.758458
46.862480
46.797302
46.784046
46.735210
46.754464
46.606948
46.634291
46.551020
46.474639
46.425071
46.411595
46.278885
46.306119
46.786256
46.959489
46.781688
46.982924
46.821864
46.913242
46.763462
46.885416
46.629062
46.760944
46.561307
46.587028
46.415500
46.510755
46.243556
46.381199
46.185379
46.732470
46.872655
46.798038
46.810324
46.762074
46.787235
46.635428
46.663953
46.565379
46.477969
46.413513
46.384145
46.224569
46.233088
46.152131
46.067001
46.835139
46.929923
46.808887
46.919473
46.683430
46.805158
46.607066
46.614203
46.444166
46.505642
46.233408
46.339318
46.133117
46.147797
45.997317
46.792798
46.834161
46.686284
46.731379
46.621732
46.539651
46.462000
46.419584
46.242425
46.236965
46.125436
46.023011
45.971529
45.929145
46.747263
46.880355
46.689016
46.694660
46.529239
46.570524
46.297102
46.376175
46.158482
46.143458
45.976813
46.024359
45.777755
46.702720
46.642185
46.558943
46.519724
46.330495
46.317884
46.183486
46.067652
45.986649
45.927356
45.768360
45.757924
46.649150
46.692840
46.421778
46.490021
46.264376
46.227744
46.048733
46.069336
45.802960
45.874261
45.674128
46.468283
46.463002
46.315386
46.195940
46.094625
46.021951
45.833065
45.806941
45.686832
45.571100
46.427373
46.391152
46.201182
46.206955
45.922658
45.975765
45.754276
45.715007
45.554413
46.271670
46.196552
45.990515
45.955943
45.809587
45.675248
45.593194
45.511829
46.120511
46.163555
45.926694
45.870012
45.692716
45.688675
45.424669
46.014842
45.870632
45.773740
45.676804
45.489449
45.447799
45.907810
45.898242
45.613825
45.657084
45.429813
45.716123
45.665951
45.520409
45.374590
45.660829
45.615226
45.423096
45.531172
45.427605
45.439451
46.076454
46.515562
46.260723
46.623305
46.471592
46.700286
46.592880
46.853292
46.655926
46.918335
46.778446
46.931818
46.800261
47.004765
46.768305
46.979837
46.801218
46.918308
46.739371
46.938353
46.660741
46.853063
46.643649
39.370880
39.944960
40.663218
41.580927
42.594362
43.423164
44.166161
44.834096
45.272950
45.614058
45.955609
46.144825
46.293315
46.491518
46.576853
46.637783
46.756442
46.771848
46.761222
46.814038
46.746260
46.713641
39.480026
40.351870
41.121680
42.191724
42.974226
44.029266
44.534038
45.212177
45.557259
45.993405
46.082594
46.477406
46.467458
46.702039
46.716649
46.902556
46.783941
47.006941
46.838226
46.944892
46.802129
39.812864
40.506315
41.460077
42.493190
43.363683
44.119155
44.812582
45.256149
45.609192
45.951146
46.145896
46.294724
46.493650
46.582654
46.639939
46.763972
46.772918
46.769990
46.804441
46.756700
39.984085
41.121752
41.897503
43.028447
43.812252
44.641109
45.044200
45.686743
45.847926
46.220548
46.339199
46.610458
46.566858
46.861386
46.768198
46.931276
46.865821
46.988374
46.786090
40.354318
41.278859
42.384144
43.272833
44.074134
44.775572
45.246597
45.597292
45.952304
46.146661
46.299700
46.500586
46.589724
46.653052
46.767413
46.790956
46.765086
46.813964
40.787910
41.927760
42.771381
43.901045
44.458674
45.169431
45.535595
45.988796
46.082458
46.484832
46.478450
46.716145
46.728263
46.920570
46.794760
47.012866
46.844499
41.151514
42.262295
43.220603
44.022188
44.763330
45.231797
45.599893
45.949176
46.154663
46.304119
46.507173
46.600997
46.657687
46.778351
46.791757
46.770896
41.677834
42.849283
43.707661
44.584373
45.013694
45.673545
45.849747
46.225276
46.347833
46.624292
46.579003
46.871532
46.783347
46.935254
46.870723
42.198355
43.174409
44.006558
44.743451
45.235584
45.590392
45.951373
46.151114
46.305039
46.504803
46.602745
46.658328
46.777542
46.794815
42.672551
43.827040
44.438023
45.149820
45.532812
45.991308
46.086409
46.486493
46.486626
46.716981
46.731914
46.922240
46.798151
43.168093
43.999602
44.746904
45.233364
45.593394
45.943543
46.153693
46.298395
46.505335
46.600828
46.661254
46.775446
43.697230
44.582402
45.019425
45.671859
45.860225
46.225149
46.350072
46.625775
46.579511
46.866679
46.788247
44.021880
44.756690
45.244974
45.591967
45.944916
46.148487
46.298436
46.496558
46.604512
46.653751
44.478985
45.169111
45.546927
46.002481
46.092679
46.485519
46.490423
46.711220
46.726973
44.783608
45.258817
45.596911
45.938425
46.148873
46.286559
46.495115
46.593625
45.066634
45.696041
45.880140
46.233123
46.350845
46.626128
46.570779
45.282535
45.602223
45.936099
46.138787
46.282091
46.477138
45.583311
46.034135
46.103003
46.491325
46.485344
45.610080
45.928125
46.131495
46.261959
45.912731
46.267123
46.347541
45.903652
46.099261
46.152259
39.898638
40.067524
39.907554
40.084476
39.973152
40.027218
39.926630
40.036910
39.812606
39.926063
39.760260
39.746388
39.587434
39.634670
39.349592
39.413259
39.193156
39.150394
38.958110
39.032271
38.770946
38.908984
38.834515
40.017504
40.031299
40.087973
40.025511
40.071080
40.075533
39.990114
40.002413
39.968498
39.854445
39.824783
39.766714
39.607070
39.566002
39.458137
39.299947
39.210362
39.122871
38.930477
38.903977
38.792475
38.817429
40.134432
40.236124
40.152051
40.311821
40.111733
40.266136
40.128189
40.150504
40.021688
40.094766
39.836649
39.923235
39.712791
39.680217
39.483530
39.512354
39.192006
39.259939
39.006025
38.998847
38.792476
40.210843
40.273189
40.220795
40.265919
40.275083
40.193951
40.202641
40.174887
40.047522
40.033749
39.950165
39.811771
39.740839
39.657406
39.458238
39.405699
39.260435
39.088622
39.006030
38.903976
40.271519
40.452785
40.361387
40.422249
40.325686
40.439837
40.214219
40.335767
40.153763
40.143383
39.976345
40.014871
39.714302
39.786466
39.527583
39.479356
39.260434
39.259938
38.930485
40.418471
40.391308
40.429868
40.450024
40.360560
40.381876
40.335189
40.228062
40.191775
40.125740
39.953872
39.918299
39.783168
39.624227
39.527582
39.405701
39.192008
39.122868
40.477097
40.633164
40.453375
40.609895
40.471361
40.496821
40.364208
40.429375
40.165701
40.252788
40.021125
39.984031
39.783167
39.786468
39.458233
39.512355
39.210364
40.505272
40.574040
40.568915
40.509307
40.510945
40.484955
40.348711
40.338797
40.236281
40.096975
40.021125
39.918297
39.714304
39.657408
39.483525
39.299949
40.613279
40.685103
40.599018
40.705750
40.488883
40.610089
40.416294
40.402014
40.236277
40.252792
39.953870
40.014868
39.740839
39.680221
39.458129
40.650316
40.673697
40.584193
40.619098
40.557839
40.460906
40.416293
40.338802
40.165693
40.125745
39.976345
39.811769
39.712789
39.566007
40.635298
40.797522
40.651119
40.681042
40.557838
40.610089
40.348707
40.429383
40.191765
40.143388
39.950162
39.923238
39.607064
40.704294
40.653749
40.651122
40.619095
40.488883
40.484957
40.364204
40.228068
40.153758
40.033750
39.836645
39.766721
40.704294
40.797518
40.584203
40.705743
40.510941
40.496829
40.335182
40.335769
40.047521
40.094768
39.824773
40.635303
40.673693
40.599032
40.509297
40.471357
40.381886
40.214214
40.174884
40.021688
39.854450
40.650325
40.685103
40.568920
40.609888
40.360562
40.439836
40.202643
40.150502
39.968493
40.613290
40.574041
40.453366
40.450030
40.325690
40.193942
40.128193
40.002416
40.505272
40.633166
40.429857
40.422263
40.275079
40.266136
39.990109
40.477087
40.391320
40.361384
40.265920
40.111729
40.075540
40.418468
40.452794
40.220793
40.311820
40.071074
40.271522
40.273182
40.152056
40.025512
40.210845
40.236120
40.087975
40.134438
40.031299
40.017505
39.977198
40.183555
40.158886
40.419220
40.368970
40.529733
40.550793
40.703864
40.606390
40.803441
40.722098
40.783710
40.722098
40.803440
40.606383
40.703857
40.550794
40.529734
40.368965
40.419221
40.158887
40.183552
39.977197
39.898635
40.067523
39.907556
40.084475
39.973146
40.027231
39.926618
40.036917
39.812613
39.926069
39.760247
39.746422
39.587415
39.634685
39.349601
39.413275
39.193135
39.150451
38.958085
39.032298
38.770959
38.909019
38.834485
40.017505
40.031300
40.087969
40.025518
40.071071
40.075531
39.990119
40.002408
39.968485
39.854458
39.824767
39.766707
39.607078
39.565991
39.458119
39.299966
39.210339
39.122857
38.930488
38.903960
38.792446
38.817451
40.134434
40.236132
40.152048
40.311825
40.111736
40.266141
40.128183
40.150530
40.021677
40.094777
39.836658
39.923249
39.712776
39.680261
39.483511
39.512374
39.192017
39.259964
39.005999
38.998916
38.792447
40.210838
40.273186
40.220794
40.265915
40.275073
40.193954
40.202627
40.174884
40.047529
40.033740
39.950150
39.811786
39.740821
39.657396
39.458246
39.405687
39.260411
39.088642
39.006004
38.903958
40.271523
40.452792
40.361389
40.422268
40.325685
40.439845
40.214219
40.335773
40.153755
40.143414
39.976330
40.014885
39.714310
39.786484
39.527562
39.479407
39.260410
39.259961
38.930494
40.418473
40.391312
40.429864
40.450022
40.360567
40.381879
40.335180
40.228068
40.191763
40.125734
39.953877
39.918290
39.783150
39.624244
39.527561
39.405687
39.192018
39.122853
40.477092
40.633162
40.453371
40.609893
40.471351
40.496843
40.364203
40.429383
40.165706
40.252800
40.021109
39.984068
39.783149
39.786484
39.458239
39.512376
39.210337
40.505275
40.574041
40.568911
40.509309
40.510932
40.484951
40.348717
40.338791
40.236268
40.096987
40.021110
39.918288
39.714311
39.657398
39.483503
39.299966
40.613286
40.685117
40.599019
40.705755
40.488883
40.610095
40.416285
40.402039
40.236265
40.252802
39.953876
40.014882
39.740818
39.680264
39.458108
40.650319
40.673700
40.584198
40.619097
40.557831
40.460913
40.416283
40.338796
40.165699
40.125737
39.976329
39.811783
39.712772
39.565994
40.635299
40.797525
40.651115
40.681055
40.557832
40.610097
40.348707
40.429394
40.191751
40.143418
39.950147
39.923249
39.607069
40.704292
40.653752
40.651118
40.619091
40.488889
40.484954
40.364190
40.228082
40.153745
40.033743
39.836651
39.766713
40.704293
40.797519
40.584202
40.705747
40.510939
40.496843
40.335171
40.335779
40.047524
40.094780
39.824754
40.635303
40.673688
40.599024
40.509306
40.471355
40.381874
40.214223
40.174878
40.021676
39.854462
40.650319
40.685102
40.568915
40.609899
40.360559
40.439842
40.202635
40.150522
39.968481
40.613282
40.574036
40.453374
40.450027
40.325677
40.193954
40.128184
40.002409
40.505270
40.633174
40.429852
40.422268
40.275074
40.266141
39.990110
40.477090
40.391322
40.361375
40.265919
40.111734
40.075537
40.418463
40.452791
40.220796
40.311824
40.071064
40.271520
40.273184
40.152052
40.025518
40.210845
40.236123
40.087970
40.134436
40.031297
40.017503
45.273014
45.263853
45.037929
45.065067
44.849931
44.793574
44.658498
44.651409
44.446630
44.530937
44.415629
44.439199
44.415627
44.530933
44.446639
44.651413
44.658495
44.793577
44.849930
45.065064
45.037932
45.263852
45.273016
45.325482
45.428045
45.257880
45.419173
45.289396
45.376676
45.320710
45.476327
45.350800
45.571371
45.516864
45.663657
45.670844
45.884026
45.803980
46.083399
46.049761
46.241846
46.258151
46.497966
46.392676
46.683658
46.574584
45.224790
45.213597
45.192881
45.145156
45.192653
45.210926
45.189110
45.272385
45.327306
45.333708
45.457122
45.530649
45.575716
45.709535
45.816803
45.858285
46.028972
46.107984
46.194497
46.307153
46.423598
46.448793
45.116430
45.160964
45.067550
45.184664
45.023675
45.207060
45.127734
45.237804
45.230768
45.415743
45.330296
45.586154
45.562950
45.738357
45.773054
46.008338
45.946383
46.239927
46.219580
46.424741
46.423595
45.002454
45.000372
44.918194
44.973937
44.985749
44.962911
45.051265
45.105618
45.123163
45.248156
45.335999
45.379402
45.535284
45.634206
45.706317
45.859159
45.984619
46.037491
46.219584
46.307150
44.853858
44.974877
44.863284
44.917874
44.879232
45.023005
44.913842
45.134885
45.102601
45.252819
45.287849
45.504901
45.455926
45.736878
45.738717
45.937382
45.984618
46.239921
46.194498
44.801405
44.734729
44.762727
44.786151
44.752857
44.850011
44.906158
44.931623
45.064117
45.160670
45.217483
45.374181
45.494418
45.562163
45.738717
45.859159
45.946388
46.107971
44.694627
44.780876
44.625086
44.790282
44.727462
44.830608
44.847059
45.035203
44.978986
45.240251
45.249490
45.429280
45.494417
45.736880
45.706312
46.008337
46.028976
44.559187
44.601116
44.601167
44.585912
44.672330
44.743083
44.766463
44.913264
45.014540
45.081603
45.249491
45.374182
45.455925
45.634210
45.773050
45.858281
44.527123
44.567132
44.532300
44.669544
44.581433
44.803357
44.795578
44.950602
45.014539
45.240251
45.217481
45.504903
45.535281
45.738364
45.816798
44.463734
44.478897
44.443747
44.548220
44.610622
44.655124
44.795579
44.913263
44.978986
45.160671
45.287849
45.379406
45.562947
45.709544
44.377566
44.532034
44.470859
44.575207
44.610621
44.803358
44.766462
45.035203
45.064113
45.252823
45.335995
45.586162
45.575707
44.406231
44.390332
44.470862
44.548219
44.581432
44.743087
44.847054
44.931628
45.102594
45.248164
45.330290
45.530658
44.406229
44.532031
44.443753
44.669540
44.672329
44.830614
44.906147
45.134893
45.123153
45.415749
45.457116
44.377563
44.478901
44.532307
44.585904
44.727470
44.850008
44.913840
45.105619
45.230766
45.333711
44.463737
44.567138
44.601164
44.790280
44.752861
45.022999
45.051266
45.237804
45.327305
44.527133
44.601113
44.625082
44.786162
44.879222
44.962916
45.127730
45.272389
44.559185
44.780872
44.762732
44.917871
44.985747
45.207062
45.189107
44.694626
44.734738
44.863278
44.973936
45.023676
45.210927
44.801408
44.974871
44.918194
45.184664
45.192653
44.853853
45.000373
45.067552
45.145156
45.002458
45.160962
45.192883
45.116431
45.213596
45.224793
45.325483
45.428041
45.257886
45.419175
45.289381
45.376706
45.320696
45.476327
45.350823
45.571381
45.516834
45.663722
45.670817
45.884035
45.804013
46.083417
46.049718
46.241944
46.258109
46.497989
46.392711
46.683697
46.574527
45.224792
45.213598
45.192871
45.145171
45.192643
45.210914
45.189125
45.272377
45.327283
45.333738
45.457098
45.530628
45.575743
45.709513
45.816765
45.858327
46.028934
46.107950
46.194530
46.307120
46.423544
46.448839
45.116428
45.160973
45.067546
45.184664
45.023690
45.207066
45.127714
45.237845
45.230752
45.415750
45.330322
45.586168
45.562919
45.738434
45.773022
46.008352
45.946418
46.239951
46.219532
46.424853
46.423541
45.002454
45.000370
44.918200
44.973931
44.985733
44.962934
45.051252
45.105600
45.123180
45.248143
45.335970
45.379438
45.535255
45.634179
45.706349
45.859132
45.984575
46.037539
46.219535
46.307116
44.853856
44.974872
44.863271
44.917890
44.879213
45.022997
44.913860
45.134895
45.102574
45.252875
45.287825
45.504910
45.455956
45.736892
45.738679
45.937473
45.984575
46.239944
46.194531
44.801405
44.734743
44.762726
44.786151
44.752874
44.849996
44.906128
44.931651
45.064093
45.160649
45.217509
45.374160
45.494385
45.562205
45.738679
45.859132
45.946420
46.107936
44.694624
44.780870
44.625089
44.790281
44.727453
44.830646
44.847035
45.035205
44.979009
45.240258
45.249462
45.429349
45.494383
45.736895
45.706342
46.008354
46.028935
44.559187
44.601109
44.601150
44.585916
44.672309
44.743074
44.766477
44.913247
45.014515
45.081635
45.249462
45.374161
45.455954
45.634186
45.773014
45.858324
44.527128
44.567148
44.532291
44.669538
44.581438
44.803359
44.795557
44.950647
45.014514
45.240260
45.217506
45.504914
45.535247
45.738443
45.816758
44.463731
44.478894
44.443752
44.548206
44.610601
44.655140
44.795558
44.913249
44.979006
45.160654
45.287820
45.379443
45.562913
45.709520
44.377562
44.532028
44.470846
44.575222
44.610603
44.803356
44.766477
45.035207
45.064089
45.252880
45.335964
45.586173
45.575736
44.406223
44.390333
44.470845
44.548204
44.581443
44.743067
44.847039
44.931650
45.102573
45.248145
45.330318
45.530632
44.406224
44.532029
44.443749
44.669537
44.672314
44.830639
44.906133
45.134895
45.123177
45.415752
45.457090
44.377567
44.478886
44.532290
44.585920
44.727447
44.850001
44.913856
45.105606
45.230744
45.333741
44.463730
44.567138
44.601155
44.790282
44.752865
45.023008
45.051244
45.237850
45.327276
44.527120
44.601110
44.625091
44.786144
44.879218
44.962932
45.127714
45.272376
44.559188
44.780876
44.762715
44.917898
44.985732
45.207065
45.189123
44.694624
44.734737
44.863274
44.973932
45.023688
45.210915
44.801400
44.974878
44.918200
45.184663
45.192641
44.853862
45.000367
45.067547
45.145168
45.002451
45.160972
45.192871
45.116430
45.213594
45.224791

