Tension at each vertex
46.232506
46.232505
46.232581
46.232585
40.001536
45.475700
40.001535
45.475699
39.003464
39.003567
46.802286
46.802451
45.945639
45.829211
45.410899
45.171080
44.625119
44.075273
43.235060
42.446690
41.283110
40.463671
39.592614
39.133665
38.823715
38.880986
38.773082
39.024585
39.067771
39.271737
39.338547
39.596863
39.551617
39.800397
39.782321
45.854394
45.542862
45.376499
44.880089
44.479858
43.825219
43.024553
42.092128
41.146814
40.125878
39.466564
38.995363
38.751797
38.735511
38.831587
38.874685
39.061133
39.207100
39.291165
39.461105
39.572254
39.684477
45.945544
45.710250
45.337006
45.080380
44.397834
43.887714
42.979105
42.080500
41.009579
40.215847
39.359341
39.084556
38.797382
38.822370
38.830998
39.066229
39.025516
39.329212
39.344012
39.543568
39.572249
45.825487
45.585230
45.244030
44.831304
44.373697
43.595376
42.846884
41.861806
40.846299
39.975186
39.355345
38.881237
38.779082
38.746092
38.785338
38.942688
39.079774
39.156831
39.344021
39.461109
45.818474
45.719190
45.318814
44.940257
44.325741
43.757361
42.736070
41.919225
40.821618
40.013218
39.314131
39.055958
38.735682
38.874477
38.838948
39.022380
39.079766
39.329214
39.291155
45.886755
45.480378
45.249325
44.795347
44.222290
43.520185
42.708943
41.641607
40.741055
39.871540
39.237678
38.905882
38.784425
38.697480
38.838945
38.942690
39.025521
39.207099
45.832067
45.740479
45.202588
44.931997
44.257751
43.598255
42.655386
41.796088
40.650802
39.983077
39.276464
38.991459
38.784422
38.874477
38.785336
39.066228
39.061133
45.799085
45.502238
45.246413
44.686235
44.210486
43.450734
42.561297
41.602488
40.676473
39.778302
39.276473
38.905885
38.735680
38.746091
38.831005
38.874677
45.853291
45.656969
45.219535
44.912256
44.149321
43.594296
42.597224
41.695917
40.676458
39.983075
39.237655
39.055940
38.779083
38.822354
38.831587
45.831691
45.513483
45.169863
44.712408
44.190814
43.366315
42.597230
41.602491
40.650808
39.871534
39.314139
38.881229
38.797384
38.735516
45.790501
45.694351
45.217107
44.844994
44.190804
43.594296
42.561287
41.796080
40.741047
40.013195
39.355324
39.084533
38.751780
45.839006
45.457234
45.217113
44.712412
44.149329
43.450737
42.655402
41.641596
40.821623
39.975186
39.359329
38.995362
45.839002
45.694351
45.169855
44.912253
44.210488
43.598240
42.708936
41.919221
40.846274
40.215824
39.466553
45.790506
45.513488
45.219552
44.686230
44.257767
43.520196
42.736069
41.861806
41.009591
40.125858
45.831695
45.656954
45.246416
44.931992
44.222279
43.757349
42.846883
42.080465
41.146803
45.853307
45.502250
45.202592
44.795355
44.325767
43.595367
42.979119
42.092137
45.799077
45.740471
45.249336
44.940224
44.373699
43.887700
43.024528
45.832091
45.480371
45.318838
44.831323
44.397835
43.825227
45.886769
45.719181
45.244015
45.080362
44.479870
45.818473
45.585249
45.337039
44.880075
45.825508
45.710201
45.376511
45.945576
45.542889
45.854380
45.963760
46.125103
45.929633
46.245033
45.952724
46.151223
46.004663
46.177629
45.941311
46.195269
45.988935
46.141723
45.988932
46.195271
45.941313
46.177632
46.004650
46.151253
45.952705
46.245045
45.929643
46.125121
45.963731
46.247922
46.465427
46.440632
46.665997
46.651093
46.782790
46.765256
46.915387
46.763946
46.904612
46.754502
46.747767
46.599907
46.599943
46.323828
46.351533
46.108973
46.046568
45.855907
45.851435
45.586707
45.618054
45.393630
46.182737
46.229969
46.455321
46.434540
46.620494
46.646672
46.696141
46.729073
46.785623
46.680306
46.724943
46.623984
46.520846
46.435469
46.348228
46.150500
46.094724
45.947295
45.806313
45.712757
45.614315
45.507790
46.293119
46.429685
46.481092
46.705934
46.617076
46.842937
46.783359
46.869791
46.807376
46.897521
46.686107
46.772983
46.568400
46.523551
46.344832
46.335168
46.046427
46.083626
45.849700
45.815706
45.614312
46.178941
46.315299
46.406473
46.504463
46.652106
46.612200
46.758201
46.744083
46.739147
46.726381
46.717803
46.559205
46.549293
46.411125
46.280305
46.185984
46.088592
45.896386
45.849694
45.712762
46.185084
46.479297
46.513472
46.655741
46.673883
46.860081
46.732195
46.920582
46.804126
46.840458
46.723220
46.762385
46.500963
46.554722
46.326061
46.279319
46.088582
46.083634
45.806315
46.252913
46.243050
46.468017
46.531169
46.602738
46.670596
46.768017
46.692621
46.789056
46.723538
46.663310
46.603008
46.544846
46.354350
46.326042
46.185983
46.046431
45.947280
46.211760
46.521237
46.438613
46.712706
46.680001
46.805016
46.779058
46.919285
46.742791
46.885360
46.715299
46.708732
46.544847
46.554730
46.280317
46.335169
46.094722
46.177531
46.289341
46.494673
46.471200
46.662488
46.677589
46.717378
46.744854
46.790118
46.669296
46.715289
46.603012
46.500956
46.411108
46.344820
46.150498
46.238913
46.456479
46.486045
46.728595
46.620530
46.862582
46.776896
46.865122
46.790111
46.885367
46.663314
46.762375
46.549295
46.523574
46.348211
46.219795
46.312837
46.440631
46.528056
46.673245
46.623749
46.776887
46.744855
46.742791
46.723523
46.723212
46.559215
46.568373
46.435456
46.181252
46.506660
46.495209
46.675246
46.673238
46.862586
46.717381
46.919281
46.789052
46.840475
46.717785
46.772986
46.520854
46.231150
46.261457
46.495206
46.528055
46.620532
46.677578
46.779051
46.692624
46.804102
46.726371
46.686108
46.623959
46.231143
46.506662
46.440629
46.728594
46.662481
46.805032
46.767997
46.920589
46.739154
46.897515
46.724930
46.181256
46.312830
46.486039
46.471202
46.679983
46.670586
46.732198
46.744059
46.807356
46.680316
46.219783
46.456494
46.494655
46.712712
46.602741
46.860079
46.758184
46.869824
46.785591
46.238903
46.289330
46.438617
46.531149
46.673864
46.612208
46.783325
46.729054
46.177531
46.521241
46.467997
46.655773
46.652076
46.842946
46.696149
46.211745
46.243057
46.513447
46.504444
46.617081
46.646639
46.252886
46.479306
46.406477
46.705938
46.620466
46.185092
46.315273
46.481065
46.434552
46.178911
46.429733
46.455284
46.293090
46.229943
46.182741
45.851059
46.065048
45.598486
45.721032
45.290203
45.219840
44.809709
44.647353
44.061830
43.862523
43.190243
42.800491
42.155633
41.742544
41.024954
40.769277
40.145761
39.928056
39.557569
39.453548
39.099230
39.199222
38.931094
39.766142
39.822762
39.840609
39.794422
39.827657
39.834092
39.747334
39.752848
39.728149
39.603689
39.582180
39.516303
39.372477
39.307082
39.232307
39.049096
38.991491
38.892999
38.777320
38.691192
38.779062
38.702781
39.710461
39.787331
39.707458
39.845854
39.649282
39.791795
39.658734
39.674768
39.543515
39.621530
39.367149
39.443751
39.254764
39.216196
39.033148
39.079844
38.805555
38.894131
38.771235
38.840852
38.845613
39.576497
39.615994
39.544227
39.585834
39.584166
39.497289
39.501200
39.472126
39.354955
39.319658
39.269533
39.113572
39.068508
38.984472
38.849986
38.778894
38.792916
38.667563
38.776681
38.913712
39.418727
39.574125
39.466077
39.508140
39.407349
39.511099
39.288950
39.393748
39.233498
39.221946
39.060442
39.123399
38.859453
38.942578
38.793007
38.824239
38.754502
39.007459
38.988469
39.342050
39.288233
39.310319
39.312642
39.220407
39.225642
39.192872
39.078603
39.050188
39.000294
38.872411
38.830954
38.810806
38.699885
38.749757
38.830406
38.907627
39.160505
39.179562
39.297928
39.105621
39.241063
39.101449
39.124899
38.994158
39.078924
38.846499
38.943202
38.805109
38.829342
38.749758
38.944129
38.869788
39.236175
39.431642
39.003655
39.033741
39.015183
38.944361
38.941941
38.921848
38.823681
38.813439
38.804680
38.713636
38.761234
38.816403
38.858330
39.060756
39.356136
39.666590
38.897027
38.959121
38.847796
38.961298
38.764187
38.890469
38.776682
38.825771
38.761663
38.948974
38.860358
39.188602
39.320212
39.744961
40.063318
38.788963
38.804699
38.734986
38.761032
38.777731
38.726732
38.792018
38.866361
38.902504
39.103985
39.338713
39.611823
40.027634
40.561997
38.692329
38.862782
38.771976
38.863002
38.823136
39.037837
38.965917
39.301768
39.403918
39.797077
40.056575
40.692205
40.995094
38.857844
38.846118
38.939625
39.049848
39.110322
39.329956
39.549632
39.809935
40.169156
40.641334
41.034678
41.616585
39.109703
39.360012
39.302722
39.654451
39.753538
40.137091
40.350598
40.923743
41.150064
41.826828
42.192220
39.659408
39.880558
40.093406
40.328073
40.642286
41.051151
41.360729
41.861504
42.299721
42.736236
40.512878
40.842564
40.993053
41.496505
41.635622
42.219317
42.471277
42.994540
43.270088
41.509940
41.810636
42.020134
42.402865
42.725002
43.058868
43.408215
43.819130
42.433376
42.884138
43.004433
43.421562
43.583934
44.076913
44.146290
43.411623
43.601932
43.828014
44.117154
44.275100
44.598806
44.066300
44.450954
44.415488
44.842816
44.872350
44.664261
44.857345
44.978762
45.146605
45.075469
45.382719
45.326910
45.456795
45.605767
45.607387
46.247956
46.465412
46.440625
46.665982
46.651135
46.782741
46.765285
46.915390
46.763939
46.904604
46.754541
46.747730
46.599923
46.599946
46.323824
46.351516
46.108999
46.046547
45.855912
45.851445
45.586709
45.618050
45.393644
45.275984
45.380191
45.209040
45.371139
45.240679
45.328467
45.271681
45.427861
45.301671
45.522460
45.467577
45.614712
45.621271
45.834912
45.754274
46.033919
45.999287
46.191778
46.206386
46.446414
46.339156
46.630678
46.519069
46.149139
46.384153
46.374628
46.485768
46.506691
46.645376
46.576452
46.718892
46.706061
46.736729
46.735264
46.813745
46.707826
46.787787
46.740873
46.714280
46.679933
46.715383
46.588917
46.629980
46.588499
46.565171
46.384542
46.611907
46.503292
46.765462
46.575159
46.841276
46.707266
46.861092
46.742855
46.941082
46.712664
46.919999
46.742535
46.840661
46.673679
46.835564
46.564799
46.746376
46.543212
46.639866
46.445537
46.426358
46.602017
46.535170
46.693217
46.679207
46.722841
46.728308
46.809334
46.704887
46.795405
46.735755
46.712007
46.671520
46.694612
46.555626
46.594295
46.529621
46.462499
46.433785
46.436416
46.553952
46.796539
46.683325
46.838353
46.737376
46.929456
46.717743
46.923198
46.747819
46.841440
46.680347
46.815698
46.554856
46.707697
46.507079
46.564532
46.395185
46.527798
46.261902
46.608423
46.703010
46.699848
46.798606
46.699316
46.804252
46.740063
46.727637
46.679538
46.699456
46.552257
46.579914
46.497248
46.420942
46.372016
46.358802
46.226536
46.254193
46.725865
46.899261
46.722472
46.924300
46.764534
46.856595
46.707975
46.830324
46.574759
46.706770
46.507914
46.533533
46.362887
46.458375
46.191609
46.329843
46.134244
46.672481
46.813265
46.739805
46.752999
46.705980
46.731822
46.580920
46.609790
46.511780
46.424365
46.360555
46.331176
46.172136
46.181259
46.100681
46.016036
46.776589
46.871961
46.752426
46.863423
46.628859
46.750592
46.553612
46.560416
46.391367
46.452448
46.181080
46.287273
46.081628
46.096911
45.947084
46.735109
46.777195
46.630732
46.676243
46.567734
46.485739
46.408774
46.366205
46.189484
46.184276
46.073077
45.971318
45.920451
45.878662
46.691048
46.824455
46.634689
46.640110
46.475881
46.516740
46.244208
46.323017
46.106000
46.091206
45.925446
45.973505
45.727797
46.647078
46.586918
46.504861
46.465532
46.277072
46.264367
46.130325
46.014754
45.934262
45.875513
45.717266
45.707752
46.594458
46.638111
46.368165
46.435984
46.211108
46.174336
45.996133
46.016791
45.751420
45.823486
45.624163
46.413732
46.408636
46.261420
46.142104
46.041268
45.968701
45.780461
45.755174
45.635604
45.521000
46.373433
46.337085
46.147607
46.153264
45.869725
45.923412
45.702441
45.664185
45.504679
46.217442
46.142496
45.936879
45.902758
45.756490
45.623415
45.542190
45.461828
46.066852
46.110255
45.873423
45.817584
45.641004
45.637901
45.374873
45.961115
45.817401
45.721158
45.624689
45.438225
45.398186
45.854898
45.845765
45.562179
45.606648
45.380069
45.663574
45.614236
45.469155
45.324864
45.609003
45.564748
45.373381
45.480110
45.377648
45.388944
46.023780
46.461551
46.204181
46.565987
46.412816
46.641075
46.532863
46.793480
46.595636
46.858628
46.718622
46.872734
46.741248
46.946369
46.710097
46.922249
46.743437
46.861475
46.682107
46.882036
46.603796
46.797765
46.587075
39.303785
39.880673
40.606080
41.538451
42.563253
43.394637
44.137158
44.800117
45.233230
45.570035
45.907310
46.092401
46.238961
46.435280
46.519136
46.579581
46.697753
46.713035
46.702366
46.755434
46.687961
46.656066
39.409075
40.290911
41.071345
42.152317
42.941372
43.999140
44.500443
45.175521
45.514564
45.946256
46.031162
46.424452
46.410723
46.645697
46.658077
46.844697
46.724604
46.948833
46.778958
46.887492
46.743890
39.749626
40.447444
41.411751
42.457414
43.331951
44.087576
44.777726
45.215597
45.564840
45.902776
46.093830
46.240653
46.437820
46.525262
46.582016
46.705550
46.714080
46.711263
46.745636
46.698895
39.921549
41.072611
41.853249
42.994973
43.779982
44.607333
45.005440
45.645217
45.799309
46.170547
46.284966
46.555159
46.509431
46.804225
46.709240
46.873238
46.806483
46.930532
46.727758
40.300136
41.234691
42.350330
43.240611
44.044026
44.740664
45.206619
45.552682
45.904089
46.094560
46.245685
46.444688
46.532338
46.594983
46.708845
46.732080
46.706346
46.755588
40.740350
41.891705
42.741257
43.874646
44.424752
45.133401
45.492910
45.941893
46.030979
46.431684
46.421889
46.659654
46.669956
46.862498
46.735614
46.954624
46.785903
41.114020
42.234864
43.195860
43.995410
44.730796
45.192539
45.555916
45.900781
46.102755
46.249737
46.451213
46.543196
46.599459
46.719577
46.732932
46.712416
41.648291
42.827229
43.685013
44.555913
44.978007
45.633196
45.801907
46.175056
46.293453
46.568598
46.521261
46.813888
46.724278
46.876855
46.811686
42.177519
43.155225
43.984202
44.712773
45.198556
45.546684
45.903671
46.098882
46.250687
46.448195
46.544762
46.599540
46.718481
46.735852
42.654680
43.811134
44.412440
45.118331
45.492272
45.945478
46.035099
46.432969
46.429667
46.659633
46.672823
46.863548
46.738690
43.155871
43.981148
44.719723
45.197526
45.551172
45.895462
46.101843
46.243195
46.448353
46.542019
46.601988
46.715827
43.685205
44.561927
44.989054
45.633748
45.813930
46.174973
46.295284
46.569349
46.520715
46.807798
46.728267
44.007815
44.731641
45.211492
45.549987
45.897460
46.096116
46.243082
46.438775
46.545340
46.593837
44.460191
45.141431
45.508855
45.957896
46.041588
46.431354
46.432731
46.652767
46.666807
44.760809
45.226198
45.555746
45.890753
46.096524
46.230750
46.436945
46.533938
45.038875
45.659635
45.834807
46.183122
46.295568
46.569016
46.511139
45.250217
45.561111
45.888488
46.086256
46.226069
46.418653
45.546197
45.989684
46.051962
46.436940
46.427252
45.568957
45.880194
46.078868
46.205666
45.867299
46.217128
46.292088
45.855405
46.046357
46.100317
45.963757
46.125102
45.929629
46.245032
45.952721
46.151219
46.004661
46.177627
45.941309
46.195270
45.988936
46.141725
45.988936
46.195274
45.941319
46.177637
46.004655
46.151259
45.952712
46.245051
45.929651
46.125126
45.963738
45.945603
45.829242
45.410907
45.171100
44.625098
44.075325
43.235036
42.446714
41.283117
40.463684
39.592599
39.133691
38.823693
38.880994
38.773077
39.024587
39.067758
39.271748
39.338534
39.596865
39.551612
39.800398
39.782316
45.854379
45.542891
45.376515
44.880082
44.479880
43.825240
43.024544
42.092155
41.146822
40.125874
39.466564
38.995361
38.751781
38.735516
38.831582
38.874681
39.061131
39.207101
39.291157
39.461108
39.572248
39.684478
45.945574
45.710203
45.337040
45.080369
44.397840
43.887712
42.979132
42.080482
41.009608
40.215839
39.359340
39.084543
38.797393
38.822352
38.831011
39.066223
39.025521
39.329212
39.344019
39.543567
39.572255
45.825506
45.585250
45.244016
44.831328
44.373708
43.595377
42.846899
41.861821
40.846293
39.975195
39.355337
38.881224
38.779079
38.746090
38.785327
38.942691
39.079765
39.156830
39.344015
39.461106
45.818470
45.719182
45.318839
44.940227
44.325774
43.757358
42.736081
41.919230
40.821638
40.013202
39.314142
39.055945
38.735686
38.874475
38.838952
39.022378
39.079774
39.329213
39.291163
45.886768
45.480369
45.249340
44.795357
44.222288
43.520202
42.708951
41.641608
40.741060
39.871540
39.237662
38.905882
38.784413
38.697478
38.838936
38.942686
39.025515
39.207098
45.832090
45.740470
45.202594
44.931994
44.257774
43.598247
42.655412
41.796088
40.650814
39.983079
39.276468
38.991456
38.784429
38.874474
38.785344
39.066231
39.061133
45.799077
45.502249
45.246420
44.686233
44.210495
43.450744
42.561295
41.602500
40.676469
39.778306
39.276467
38.905879
38.735672
38.746088
38.830989
38.874679
45.853307
45.656954
45.219554
44.912256
44.149334
43.594304
42.597239
41.695924
40.676476
39.983081
39.237669
39.055944
38.779085
38.822364
38.831590
45.831696
45.513489
45.169858
44.712417
44.190813
43.366322
42.597231
41.602494
40.650810
39.871540
39.314127
38.881231
38.797373
38.735505
45.790506
45.694353
45.217116
44.844998
44.190819
43.594302
42.561304
41.796093
40.741056
40.013211
39.355333
39.084534
38.751792
45.839004
45.457237
45.217111
44.712413
44.149330
43.450742
42.655394
41.641606
40.821620
39.975178
39.359329
38.995356
45.839008
45.694355
45.169866
44.912262
44.210494
43.598260
42.708949
41.919229
40.846296
40.215838
39.466549
45.790505
45.513488
45.219542
44.686239
44.257761
43.520191
42.736075
41.861806
41.009575
40.125872
45.831695
45.656973
45.246419
44.932000
44.222300
43.757365
42.846885
42.080502
41.146807
45.853297
45.502243
45.202597
44.795351
44.325751
43.595383
42.979107
42.092130
45.799090
45.740483
45.249332
44.940261
44.373700
43.887717
43.024550
45.832075
45.480384
45.318821
44.831312
44.397840
43.825223
45.886760
45.719196
45.244033
45.080385
44.479859
45.818480
45.585238
45.337011
44.880094
45.825492
45.710256
45.376500
45.945550
45.542868
45.854399
46.247953
46.465408
46.440619
46.665974
46.651128
46.782731
46.765277
46.915379
46.763931
46.904594
46.754533
46.747723
46.599921
46.599945
46.323818
46.351522
46.108996
46.046546
45.855914
45.851440
45.586708
45.618047
45.393644
46.182749
46.229950
46.455293
46.434559
46.620477
46.646646
46.696159
46.729059
46.785600
46.680322
46.724934
46.623964
46.520860
46.435466
46.348212
46.150511
46.094727
45.947282
45.806322
45.712762
45.614312
45.507790
46.293096
46.429740
46.481072
46.705945
46.617089
46.842953
46.783332
46.869831
46.807361
46.897523
46.686112
46.772997
46.568375
46.523575
46.344824
46.335163
46.046425
46.083635
45.849684
45.815706
45.614313
46.178919
46.315281
46.406486
46.504450
46.652084
46.612215
46.758190
46.744066
46.739157
46.726378
46.717786
46.559216
46.549293
46.411113
46.280313
46.185988
46.088588
45.896387
45.849707
45.712759
46.185098
46.479312
46.513453
46.655780
46.673870
46.860086
46.732201
46.920595
46.804103
46.840481
46.723212
46.762382
46.500962
46.554730
46.326047
46.279318
46.088584
46.083627
45.806303
46.252894
46.243064
46.468004
46.531155
46.602745
46.670592
46.768000
46.692630
46.789054
46.723527
46.663316
46.603012
46.544841
46.354349
46.326055
46.185979
46.046431
45.947293
46.211751
46.521246
46.438621
46.712718
46.679986
46.805037
46.779052
46.919284
46.742790
46.885368
46.715287
46.708731
46.544850
46.554722
46.280306
46.335174
46.094717
46.177537
46.289335
46.494660
46.471208
46.662484
46.677581
46.717381
46.744858
46.790112
46.669296
46.715300
46.603009
46.500955
46.411121
46.344825
46.150488
46.238907
46.456498
46.486042
46.728597
46.620532
46.862589
46.776887
46.865121
46.790115
46.885359
46.663305
46.762380
46.549290
46.523553
46.348223
46.219787
46.312833
46.440631
46.528058
46.673238
46.623750
46.776893
46.744853
46.742788
46.723536
46.723215
46.559207
46.568393
46.435462
46.181258
46.506665
46.495207
46.675247
46.673242
46.862581
46.717375
46.919284
46.789050
46.840455
46.717796
46.772976
46.520835
46.231145
46.261459
46.495208
46.528055
46.620528
46.677589
46.779053
46.692617
46.804118
46.726378
46.686097
46.623981
46.231149
46.506660
46.440628
46.728595
46.662484
46.805012
46.768009
46.920579
46.739138
46.897515
46.724936
46.181251
46.312837
46.486042
46.471196
46.679996
46.670593
46.732188
46.744079
46.807367
46.680298
46.219793
46.456477
46.494668
46.712703
46.602731
46.860076
46.758192
46.869782
46.785615
46.238911
46.289338
46.438609
46.531165
46.673876
46.612193
46.783352
46.729064
46.177528
46.521234
46.468011
46.655735
46.652098
46.842929
46.696133
46.211758
46.243045
46.513467
46.504457
46.617069
46.646662
46.252909
46.479292
46.406466
46.705926
46.620486
46.185080
46.315294
46.481086
46.434532
46.178936
46.429679
46.455315
46.293117
46.229964
46.182731
45.945638
45.829213
45.410900
45.171088
44.625127
44.075288
43.235075
42.446712
41.283129
40.463691
39.592629
39.133680
38.823717
38.880986
38.773085
39.024577
39.067770
39.271734
39.338545
39.596862
39.551617
39.800397
39.782322
39.878648
40.049585
39.888058
40.066412
39.954139
40.009769
39.908063
40.019627
39.794570
39.908395
39.741898
39.728182
39.567334
39.614398
39.326873
39.388734
39.165709
39.119601
38.922415
38.992377
38.725063
38.857143
38.777318
45.607388
45.605772
45.326916
45.146615
44.872366
44.598824
44.146314
43.819158
43.270114
42.736261
42.192234
41.616576
40.995043
40.561937
40.063231
39.666466
39.431514
39.160409
38.988400
38.913667
38.845583
38.702766
45.456800
45.382729
44.978775
44.842833
44.275122
44.076939
43.408247
42.994569
42.299750
41.826843
41.034680
40.692181
40.027571
39.744892
39.356063
39.236076
38.907533
39.007388
38.776639
38.840824
38.779048
45.075475
44.857356
44.415502
44.117171
43.583957
43.058894
42.471304
41.861526
41.150079
40.641327
40.056548
39.611791
39.320142
39.060684
38.869731
38.830352
38.754449
38.667522
38.771204
38.691174
44.664270
44.450972
43.828036
43.421585
42.725031
42.219348
41.360758
40.923759
40.169169
39.797063
39.338678
39.188576
38.858290
38.944078
38.749719
38.824216
38.792907
38.894126
38.777317
44.066312
43.601948
43.004458
42.402889
41.635645
41.051173
40.350616
39.809935
39.403915
39.103970
38.860313
38.816371
38.749734
38.699857
38.792971
38.778859
38.805521
38.892976
43.411641
42.884161
42.020161
41.496532
40.642310
40.137106
39.549644
39.301765
38.902498
38.948972
38.761221
38.829322
38.810798
38.942580
38.849993
39.079849
38.991496
42.433395
41.810657
40.993076
40.328092
39.753553
39.329961
38.965911
38.866350
38.761642
38.713620
38.805095
38.830939
38.859433
38.984458
39.033136
39.049090
41.509964
40.842586
40.093428
39.654462
39.110334
39.037846
38.792017
38.825768
38.804677
38.943193
38.872402
39.123395
39.068508
39.216195
39.232306
40.512898
39.880574
39.302736
39.049848
38.823130
38.726730
38.776673
38.813429
38.846494
39.000293
39.060436
39.113567
39.254761
39.307084
39.659424
39.360024
38.939640
38.863007
38.777730
38.890467
38.823676
39.078915
39.050180
39.221940
39.269529
39.443747
39.372474
39.109707
38.846117
38.771977
38.761030
38.764183
38.921849
38.994156
39.078603
39.233498
39.319660
39.367149
39.516305
38.857855
38.862780
38.734988
38.961292
38.941933
39.124893
39.192867
39.393740
39.354949
39.621527
39.582178
38.692332
38.804699
38.847798
38.944365
39.101448
39.225644
39.288951
39.472128
39.543514
39.603688
38.788961
38.959110
39.015180
39.241056
39.220401
39.511095
39.501196
39.674766
39.728151
38.897034
39.033742
39.105622
39.312645
39.407349
39.497291
39.658734
39.752845
39.003652
39.297922
39.310316
39.508137
39.584162
39.791791
39.747336
39.179565
39.288234
39.466075
39.585835
39.649284
39.834094
39.342049
39.574123
39.544227
39.845852
39.827656
39.418725
39.615995
39.707458
39.794421
39.576497
39.787331
39.840610
39.710461
39.822762
39.766142
46.023776
46.461550
46.204175
46.565986
46.412810
46.641068
46.532859
46.793476
46.595623
46.858626
46.718616
46.872717
46.741238
46.946366
46.710083
46.922233
46.743420
46.861463
46.682093
46.882025
46.603786
46.797759
46.587069
45.388944
45.377647
45.373377
45.324862
45.380065
45.398184
45.374872
45.461823
45.504679
45.520994
45.624160
45.707747
45.727794
45.878665
45.947067
46.016048
46.134217
46.254193
46.261892
46.436404
46.445523
46.565165
45.480113
45.564744
45.469158
45.606647
45.438223
45.637900
45.542184
45.664183
45.635599
45.823484
45.717261
45.973496
45.920461
46.096890
46.100697
46.329818
46.226533
46.527788
46.433775
46.639847
46.588494
45.608998
45.614233
45.562174
45.624684
45.641000
45.623410
45.702441
45.755163
45.751421
45.875504
45.925438
45.971317
46.081611
46.181265
46.191591
46.358788
46.395176
46.462483
46.543188
46.629970
45.663579
45.845759
45.721160
45.817583
45.756483
45.923415
45.780448
46.016792
45.934253
46.091204
46.073069
46.287264
46.172134
46.458367
46.372002
46.564523
46.529613
46.746352
46.588909
45.854894
45.817394
45.873423
45.902744
45.869724
45.968693
45.996129
46.014742
46.105996
46.184270
46.181066
46.331168
46.362881
46.420926
46.507065
46.594290
46.564773
46.715369
45.961111
46.110252
45.936875
46.153265
46.041259
46.174334
46.130316
46.323007
46.189485
46.452432
46.360553
46.533518
46.497244
46.707677
46.555627
46.835548
46.679921
46.066851
46.142483
46.147609
46.142087
46.211104
46.264361
46.244194
46.366200
46.391352
46.424361
46.507894
46.579911
46.554836
46.694602
46.673671
46.714265
46.217430
46.337084
46.261417
46.435975
46.277067
46.516729
46.408769
46.560400
46.511775
46.706761
46.552246
46.815690
46.671507
46.840653
46.740871
46.373426
46.408627
46.368155
46.465523
46.475869
46.485732
46.553599
46.609776
46.574753
46.699441
46.680337
46.711998
46.742514
46.787787
46.413724
46.638103
46.504859
46.640096
46.567727
46.750582
46.580909
46.830309
46.679536
46.841422
46.735756
46.919985
46.707818
46.594445
46.586911
46.634678
46.676232
46.628848
46.731811
46.707960
46.727628
46.747807
46.795393
46.712660
46.813730
46.647067
46.824449
46.630721
46.863412
46.705969
46.856585
46.740050
46.923190
46.704877
46.941072
46.735266
46.691038
46.777185
46.752414
46.752989
46.764519
46.804243
46.717726
46.809328
46.742839
46.736724
46.735100
46.871951
46.739795
46.924287
46.699306
46.929445
46.728298
46.861086
46.706051
46.776578
46.813255
46.722461
46.798593
46.737365
46.722830
46.707254
46.718888
46.672471
46.899251
46.699838
46.838340
46.679200
46.841265
46.576448
46.725855
46.703001
46.683314
46.693207
46.575150
46.645367
46.608414
46.796531
46.535160
46.765455
46.506687
46.553943
46.602010
46.503282
46.485763
46.426351
46.611901
46.374622
46.384535
46.384148
46.149135
45.851060
46.065052
45.598490
45.721043
45.290217
45.219856
44.809735
44.647381
44.061862
43.862562
43.190278
42.800510
42.155627
41.742520
41.024898
40.769174
40.145652
39.927960
39.557490
39.453478
39.099179
39.199189
38.931083
39.096588
39.680635
40.231892
41.318669
42.060529
43.145709
43.881576
44.668656
45.043692
45.663374
45.808355
46.172152
46.284975
46.548736
46.504683
46.796291
46.702032
46.864788
46.805852
46.923623
46.745462
46.900099
46.657948
46.100315
46.046356
46.292088
46.205666
46.427248
46.418656
46.511136
46.533934
46.666809
46.593837
46.728255
46.715829
46.738691
46.735849
46.811676
46.712414
46.785898
46.755586
46.727753
46.698896
46.743886
46.656068
45.855405
46.217132
46.078868
46.436941
46.226070
46.569017
46.436940
46.652772
46.545337
46.807790
46.601988
46.863550
46.718471
46.876848
46.732925
46.954619
46.706336
46.930526
46.745626
46.887487
46.687956
45.867305
45.880201
46.051965
46.086266
46.295572
46.230754
46.432741
46.438782
46.520712
46.542033
46.672829
46.599542
46.724278
46.719584
46.735614
46.732081
46.806478
46.711264
46.778958
46.755438
45.568963
45.989693
45.888497
46.183130
46.096529
46.431370
46.243087
46.569354
46.448366
46.659644
46.544763
46.813893
46.599461
46.862499
46.708838
46.873234
46.714074
46.948831
46.702361
45.546208
45.561129
45.834819
45.890769
46.041608
46.096134
46.295297
46.243223
46.429686
46.448211
46.521274
46.543214
46.669963
46.594990
46.709241
46.705556
46.724606
46.713041
45.250235
45.659653
45.555761
45.957923
45.897479
46.174994
46.101872
46.432996
46.250704
46.568621
46.451230
46.659668
46.532339
46.804229
46.582016
46.844699
46.697750
45.038896
45.226225
45.508887
45.550019
45.813959
45.895508
46.035134
46.098918
46.293486
46.249772
46.421910
46.444706
46.509443
46.525274
46.658082
46.579589
44.760834
45.141469
45.211524
45.633787
45.551218
45.945525
45.903708
46.175100
46.102792
46.431714
46.245702
46.555175
46.437827
46.645706
46.519135
44.460229
44.731683
44.989095
45.197586
45.492324
45.546739
45.801962
45.900837
46.031017
46.094594
46.284989
46.240675
46.410735
46.435290
44.007849
44.561972
44.719775
45.118387
45.198609
45.633260
45.555972
45.941940
45.904121
46.170577
46.093849
46.424467
46.238963
43.685238
43.981197
44.412489
44.712832
44.978072
45.192610
45.492964
45.552730
45.799344
45.902809
46.031181
46.092414
43.155892
43.811169
43.984240
44.555972
44.730852
45.133454
45.206661
45.645259
45.564868
45.946279
45.907316
42.654685
43.155246
43.685044
43.995458
44.424793
44.740706
45.005476
45.215637
45.514590
45.570052
42.177492
42.827222
43.195867
43.874664
44.044041
44.607359
44.777749
45.175544
45.233239
41.648230
42.234836
42.741240
43.240607
43.779982
44.087592
44.500459
44.800132
41.113935
41.891652
42.350276
42.994939
43.331933
43.999141
44.137158
40.740262
41.234614
41.853174
42.457367
42.941350
43.394637
40.300036
41.072508
41.411659
42.152267
42.563230
39.921444
40.447343
41.071269
41.538421
39.749533
40.290830
40.606032
39.409011
39.880636
39.303752
45.945596
45.829237
45.410902
45.171096
44.625095
44.075324
43.235037
42.446716
41.283122
40.463693
39.592615
39.133714
38.823701
38.880999
38.773084
39.024580
39.067761
39.271745
39.338532
39.596866
39.551612
39.800397
39.782316
39.878647
40.049586
39.888060
40.066413
39.954133
40.009787
39.908053
40.019635
39.794575
39.908404
39.741884
39.728219
39.567313
39.614416
39.326881
39.388753
39.165685
39.119663
38.922386
38.992410
38.725073
38.857184
38.777280
45.607402
45.605737
45.326879
45.146619
44.872337
44.598771
44.146327
43.819113
43.270071
42.736259
42.192202
41.616521
40.995061
40.561897
40.063197
39.666476
39.431497
39.160372
38.988427
38.913634
38.845552
38.702776
45.456771
45.382786
44.978752
44.842839
44.275137
44.076954
43.408212
42.994625
42.299725
41.826850
41.034702
40.692206
40.027546
39.744968
39.356055
39.236109
38.907565
39.007425
38.776616
38.840907
38.779025
45.075452
44.857311
44.415512
44.117131
43.583920
43.058891
42.471273
41.861473
41.150092
40.641290
40.056518
39.611802
39.320130
39.060652
38.869755
38.830323
38.754422
38.667535
38.771176
38.691140
44.664283
44.450984
43.828005
43.421632
42.725006
42.219349
41.360774
40.923777
40.169145
39.797128
39.338673
39.188604
38.858321
38.944110
38.749701
38.824288
38.792890
38.894154
38.777338
44.066281
43.601943
43.004433
42.402840
41.635652
41.051138
40.350586
39.809941
39.403905
39.103942
38.860337
38.816346
38.749710
38.699868
38.792950
38.778828
38.805535
38.892947
43.411622
42.884160
42.020169
41.496544
40.642287
40.137156
39.549639
39.301789
38.902527
38.949000
38.761206
38.829384
38.810787
38.942602
38.850013
39.079875
38.991476
42.433396
41.810623
40.993049
40.328090
39.753541
39.329936
38.965935
38.866329
38.761624
38.713629
38.805080
38.830910
38.859447
38.984433
39.033111
39.049096
41.509943
40.842621
40.093418
39.654478
39.110362
39.037871
38.792007
38.825820
38.804670
38.943210
38.872422
39.123417
39.068491
39.216247
39.232292
40.512883
39.880546
39.302755
39.049835
38.823116
38.726737
38.776662
38.813403
38.846507
39.000271
39.060414
39.113572
39.254742
39.307057
39.659441
39.360047
38.939636
38.863049
38.777728
38.890481
38.823694
39.078933
39.050167
39.221983
39.269519
39.443760
39.372488
39.109702
38.846122
38.771972
38.761008
38.764195
38.921831
38.994140
39.078606
39.233484
39.319635
39.367157
39.516284
38.857857
38.862792
38.735005
38.961308
38.941924
39.124928
39.192860
39.393750
39.354963
39.621541
39.582165
38.692344
38.804684
38.847788
38.944365
39.101438
39.225622
39.288959
39.472110
39.543497
39.603690
38.788959
38.959137
39.015178
39.241064
39.220414
39.511106
39.501186
39.674795
39.728145
38.897029
39.033723
39.105629
39.312630
39.407336
39.497291
39.658725
39.752826
39.003665
39.297930
39.310311
39.508158
39.584160
39.791796
39.747344
39.179556
39.288231
39.466070
39.585819
39.649288
39.834080
39.342052
39.574126
39.544235
39.845857
39.827652
39.418728
39.615984
39.707451
39.794420
39.576497
39.787340
39.840610
39.710459
39.822753
39.766147
46.023736
46.461580
46.204193
46.566000
46.412782
46.641153
46.532814
46.793506
46.595660
46.858639
46.718588
46.872823
46.741189
46.946402
46.710134
46.922250
46.743388
46.861590
46.682040
46.882070
46.603838
46.797794
46.587026
45.388953
45.377639
45.373369
45.324873
45.380059
45.398156
45.374900
45.461797
45.504653
45.521020
45.624139
45.707701
45.727839
45.878623
45.947027
46.016083
46.134182
46.254131
46.261945
46.436347
46.445470
46.565195
45.480101
45.564764
45.469149
45.606643
45.438242
45.637910
45.542157
45.664245
45.635574
45.823489
45.717295
45.973514
45.920414
46.096989
46.100655
46.329835
46.226572
46.527822
46.433712
46.639980
46.588443
45.609004
45.614212
45.562197
45.624669
45.640982
45.623428
45.702426
45.755125
45.751459
45.875471
45.925403
45.971350
46.081582
46.181210
46.191640
46.358740
46.395127
46.462519
46.543151
46.629896
45.663588
45.845767
45.721137
45.817624
45.756466
45.923417
45.780476
46.016807
45.934214
46.091287
46.073036
46.287274
46.172172
46.458393
46.371946
46.564640
46.529568
46.746373
46.588953
45.854883
45.817403
45.873419
45.902715
45.869754
45.968667
45.996099
46.014769
46.105974
46.184221
46.181109
46.331127
46.362836
46.420961
46.507032
46.594224
46.564826
46.715314
45.961106
46.110251
45.936893
46.153276
46.041228
46.174399
46.130292
46.323011
46.189519
46.452454
46.360505
46.533618
46.497207
46.707691
46.555670
46.835583
46.679862
46.066871
46.142467
46.147589
46.142107
46.211090
46.264320
46.244230
46.366168
46.391313
46.424392
46.507867
46.579852
46.554884
46.694555
46.673621
46.714297
46.217408
46.337128
46.261401
46.435976
46.277096
46.516748
46.408729
46.560483
46.511746
46.706769
46.552286
46.815719
46.671454
46.840766
46.740834
46.373420
46.408596
46.368184
46.465500
46.475837
46.485757
46.553577
46.609725
46.574794
46.699402
46.680292
46.712030
46.742485
46.787718
46.413743
46.638118
46.504828
46.640160
46.567707
46.750588
46.580943
46.830334
46.679491
46.841519
46.735725
46.919997
46.707862
46.594421
46.586929
46.634664
46.676190
46.628880
46.731780
46.707919
46.727655
46.747781
46.795334
46.712704
46.813685
46.647055
46.824452
46.630748
46.863434
46.705933
46.856665
46.740026
46.923200
46.704917
46.941102
46.735217
46.691061
46.777164
46.752381
46.753010
46.764497
46.804194
46.717762
46.809291
46.742794
46.736751
46.735072
46.872012
46.739778
46.924296
46.699339
46.929472
46.728257
46.861178
46.706025
46.776561
46.813217
46.722487
46.798563
46.737325
46.722853
46.707228
46.718832
46.672496
46.899274
46.699806
46.838418
46.679179
46.841277
46.576483
46.725823
46.703019
46.683289
46.693160
46.575178
46.645332
46.608397
46.796544
46.535190
46.765483
46.506650
46.553961
46.601980
46.503241
46.485781
46.426322
46.611975
46.374601
46.384506
46.384105
46.149157
45.851036
46.065068
45.598510
45.721065
45.290182
45.219921
44.809711
44.647387
44.061882
43.862580
43.190240
42.800576
42.155601
41.742533
41.024924
40.769204
40.145622
39.928043
39.557474
39.453516
39.099212
39.199235
38.931057
39.096541
39.680675
40.231889
41.318704
42.060461
43.145801
43.881517
44.668678
45.043699
45.663415
45.808279
46.172267
46.284916
46.548761
46.504702
46.796339
46.701947
46.864922
46.805787
46.923653
46.745483
46.900159
46.657856
46.100327
46.046320
46.292056
46.205694
46.427198
46.418631
46.511158
46.533890
46.666768
46.593878
46.728190
46.715799
46.738719
46.735795
46.811624
46.712461
46.785821
46.755547
46.727781
46.698833
46.743820
46.656116
45.855376
46.217207
46.078824
46.436970
46.226097
46.569031
46.436912
46.652869
46.545289
46.807825
46.602032
46.863566
46.718441
46.876967
46.732872
46.954662
46.706388
46.930550
46.745588
46.887630
46.687891
45.867259
45.880176
46.051981
46.086225
46.295534
46.230788
46.432682
46.438755
46.520736
46.541984
46.672781
46.599587
46.724204
46.719551
46.735639
46.732024
46.806417
46.711318
46.778868
46.755401
45.568981
45.989705
45.888467
46.183215
46.096482
46.431402
46.243121
46.569370
46.448336
46.659753
46.544712
46.813934
46.599508
46.862521
46.708805
46.873366
46.714013
46.948882
46.702410
45.546169
45.561154
45.834765
45.890743
46.041625
46.096090
46.295252
46.243261
46.429618
46.448182
46.521297
46.543163
46.669907
46.595039
46.709158
46.705525
46.724627
46.712983
45.250192
45.659677
45.555784
45.957937
45.897448
46.175089
46.101823
46.433032
46.250743
46.568641
46.451199
46.659787
46.532286
46.804276
46.582063
46.844725
46.697714
45.038901
45.226185
45.508843
45.550050
45.813898
45.895480
46.035151
46.098870
46.293435
46.249815
46.421834
46.444677
46.509461
46.525222
46.658022
46.579638
44.760802
45.141544
45.211478
45.633816
45.551247
45.945541
45.903678
46.175205
46.102741
46.431756
46.245743
46.555200
46.437795
46.645830
46.519079
44.460170
44.731657
44.989103
45.197543
45.492275
45.546773
45.801893
45.900808
46.031032
46.094545
46.284933
46.240720
46.410655
46.435259
44.007865
44.561981
44.719743
45.118473
45.198561
45.633295
45.556005
45.941962
45.904090
46.170689
46.093797
46.424512
46.239006
43.685189
43.981222
44.412424
44.712805
44.978079
45.192564
45.492909
45.552767
45.799270
45.902779
46.031194
46.092364
43.155846
43.811194
43.984262
44.555987
44.730821
45.133550
45.206612
45.645296
45.564903
45.946302
45.907285
42.654684
43.155206
43.684992
43.995486
44.424723
44.740677
45.005482
45.215589
45.514531
45.570090
42.177459
42.827301
43.195822
43.874696
44.044069
44.607380
44.777718
45.175646
45.233190
41.648170
42.234808
42.741239
43.240565
43.779925
44.087622
44.500386
44.800102
41.113957
41.891671
42.350245
42.995029
43.331889
43.999177
44.137187
40.740217
41.234641
41.853108
42.457337
42.941349
43.394594
40.300001
41.072545
41.411683
42.152291
42.563198
39.921451
40.447311
41.071215
41.538444
39.749507
40.290921
40.605997
39.408964
39.880607
39.303776
45.851039
46.065071
45.598511
45.721062
45.290176
45.219914
44.809693
44.647371
44.061860
43.862552
43.190214
42.800566
42.155613
41.742560
41.024979
40.769304
40.145727
39.928133
39.557545
39.453574
39.099252
39.199263
38.931065
39.766148
39.822754
39.840610
39.794420
39.827653
39.834081
39.747346
39.752830
39.728142
39.603691
39.582168
39.516282
39.372492
39.307054
39.232293
39.049101
38.991471
38.892969
38.777336
38.691156
38.779036
38.702788
39.710460
39.787340
39.707452
39.845860
39.649288
39.791800
39.658723
39.674797
39.543499
39.621544
39.367157
39.443764
39.254745
39.216247
39.033121
39.079869
38.805565
38.894156
38.771206
38.840930
38.845579
39.576499
39.615985
39.544237
39.585819
39.584163
39.497289
39.501191
39.472108
39.354969
39.319632
39.269522
39.113576
39.068489
38.984444
38.850004
38.778858
38.792896
38.667570
38.776654
38.913672
39.418729
39.574126
39.466070
39.508159
39.407337
39.511109
39.288957
39.393756
39.233483
39.221987
39.060419
39.123418
38.859463
38.942596
38.792982
38.824305
38.754469
39.007490
38.988485
39.342052
39.288231
39.310316
39.312627
39.220419
39.225619
39.192865
39.078605
39.050173
39.000269
38.872428
38.830920
38.810791
38.699890
38.749732
38.830370
38.907649
39.160454
39.179554
39.297934
39.105625
39.241067
39.101438
39.124931
38.994139
39.078939
38.846509
38.943213
38.805089
38.829397
38.749728
38.944153
38.869804
39.236194
39.431614
39.003665
39.033722
39.015182
38.944361
38.941931
38.921827
38.823696
38.813409
38.804668
38.713639
38.761213
38.816371
38.858351
39.060711
39.356116
39.666592
38.897021
38.959141
38.847780
38.961309
38.764196
38.890477
38.776667
38.825817
38.761637
38.948994
38.860372
39.188616
39.320188
39.745028
40.063281
38.788957
38.804683
38.735001
38.761005
38.777724
38.726734
38.792001
38.866333
38.902523
39.103945
39.338697
39.611826
40.027606
40.561954
38.692335
38.862786
38.771966
38.863038
38.823116
39.037854
38.965931
39.301780
39.403899
39.797136
40.056543
40.692229
40.995113
38.857843
38.846119
38.939614
39.049826
39.110341
39.329922
39.549621
39.809939
40.169132
40.641298
41.034703
41.616534
39.109689
39.360026
39.302736
39.654462
39.753526
40.137143
40.350574
40.923766
41.150084
41.826843
42.192197
39.659427
39.880534
40.093402
40.328078
40.642271
41.051124
41.360754
41.861463
42.299706
42.736244
40.512873
40.842610
40.993038
41.496530
41.635643
42.219334
42.471261
42.994608
43.270056
41.509934
41.810617
42.020158
42.402833
42.724993
43.058877
43.408192
43.819097
42.433397
42.884157
43.004425
43.421624
43.583912
44.076941
44.146314
43.411619
43.601940
43.827997
44.117127
44.275126
44.598764
44.066285
44.450982
44.415512
44.842835
44.872333
44.664283
44.857311
44.978748
45.146617
45.075457
45.382786
45.326883
45.456772
45.605738
45.607407
46.247928
46.465434
46.440640
46.666004
46.651102
46.782798
46.765265
46.915394
46.763954
46.904619
46.754511
46.747772
46.599907
46.599946
46.323831
46.351528
46.108974
46.046569
45.855903
45.851441
45.586706
45.618056
45.393631
45.275987
45.380187
45.209052
45.371143
45.240664
45.328504
45.271666
45.427863
45.301697
45.522470
45.467543
45.614789
45.621236
45.834923
45.754310
46.033941
45.999234
46.191892
46.206334
46.446443
46.339192
46.630726
46.518997
46.149163
46.384112
46.374608
46.485787
46.506654
46.645341
46.576487
46.718836
46.706033
46.736754
46.735215
46.813698
46.707868
46.787718
46.740835
46.714310
46.679874
46.715327
46.588961
46.629905
46.588447
46.565201
46.384515
46.611982
46.503254
46.765490
46.575188
46.841287
46.707239
46.861183
46.742810
46.941110
46.712707
46.920011
46.742505
46.840772
46.673629
46.835597
46.564850
46.746397
46.543174
46.639998
46.445484
46.426330
46.601987
46.535199
46.693170
46.679185
46.722863
46.728266
46.809295
46.704925
46.795345
46.735723
46.712036
46.671467
46.694564
46.555667
46.594228
46.529576
46.462534
46.433723
46.436360
46.553972
46.796552
46.683302
46.838429
46.737336
46.929481
46.717778
46.923207
46.747793
46.841536
46.680301
46.815725
46.554903
46.707710
46.507046
46.564647
46.395136
46.527831
46.261953
46.608405
46.703028
46.699815
46.798575
46.699348
46.804202
46.740038
46.727663
46.679492
46.699416
46.552295
46.579856
46.497211
46.420976
46.371961
46.358753
46.226574
46.254133
46.725834
46.899283
46.722498
46.924307
46.764511
46.856674
46.707935
46.830347
46.574799
46.706778
46.507886
46.533632
46.362843
46.458401
46.191658
46.329860
46.134209
46.672504
46.813226
46.739786
46.753020
46.705943
46.731789
46.580953
46.609739
46.511751
46.424394
46.360508
46.331136
46.172174
46.181203
46.100639
46.016071
46.776572
46.872022
46.752393
46.863442
46.628890
46.750598
46.553590
46.560497
46.391328
46.452470
46.181122
46.287283
46.081598
46.097009
45.947045
46.735081
46.777171
46.630758
46.676202
46.567713
46.485762
46.408735
46.366172
46.189517
46.184227
46.073045
45.971349
45.920404
45.878619
46.691070
46.824458
46.634672
46.640173
46.475849
46.516759
46.244243
46.323023
46.105978
46.091288
45.925411
45.973522
45.727841
46.647065
46.586933
46.504832
46.465507
46.277099
46.264325
46.130302
46.014779
45.934223
45.875479
45.717299
45.707708
46.594434
46.638128
46.368189
46.435987
46.211093
46.174399
45.996103
46.016807
45.751457
45.823491
45.624141
46.413750
46.408601
46.261408
46.142119
46.041238
45.968676
45.780488
45.755135
45.635579
45.521025
46.373426
46.337130
46.147582
46.153280
45.869753
45.923413
45.702426
45.664246
45.504654
46.217420
46.142479
45.936901
45.902723
45.756475
45.623433
45.542162
45.461802
46.066871
46.110253
45.873415
45.817629
45.640983
45.637909
45.374902
45.961110
45.817408
45.721139
45.624669
45.438246
45.398159
45.854886
45.845775
45.562198
45.606648
45.380061
45.663586
45.614211
45.469150
45.324871
45.609005
45.564771
45.373370
45.480100
45.377638
45.388955
46.023744
46.461584
46.204203
46.566004
46.412790
46.641160
46.532821
46.793510
46.595673
46.858640
46.718594
46.872838
46.741199
46.946402
46.710145
46.922266
46.743404
46.861601
46.682052
46.882078
46.603849
46.797799
46.587031
39.303808
39.880643
40.606043
41.538471
42.563221
43.394592
44.137188
44.800085
45.233185
45.570072
45.907279
46.092348
46.239004
46.435247
46.519080
46.579629
46.697718
46.712977
46.702415
46.755397
46.687898
46.656113
39.409021
40.290997
41.071287
42.152341
42.941370
43.999175
44.500371
45.175624
45.514509
45.946280
46.031176
46.424496
46.410642
46.645823
46.658015
46.844722
46.724625
46.948882
46.778870
46.887632
46.743823
39.749598
40.447403
41.411773
42.457380
43.331909
44.087604
44.777697
45.215553
45.564878
45.902745
46.093779
46.240696
46.437786
46.525206
46.582063
46.705516
46.714020
46.711314
46.745597
46.698834
39.921546
41.072641
41.853183
42.995062
43.779924
44.607356
45.005448
45.645260
45.799234
46.170660
46.284909
46.555182
46.509450
46.804269
46.709155
46.873368
46.806419
46.930556
46.727785
40.300095
41.234713
42.350297
43.240570
44.044055
44.740635
45.206576
45.552720
45.904058
46.094510
46.245726
46.444655
46.532281
46.595031
46.708810
46.732022
46.706397
46.755546
40.740298
41.891723
42.741258
43.874679
44.424685
45.133500
45.492859
45.941915
46.030994
46.431725
46.421812
46.659774
46.669897
46.862518
46.735638
46.954665
46.785824
41.114039
42.234837
43.195817
43.995440
44.730767
45.192497
45.555952
45.900753
46.102705
46.249778
46.451180
46.543142
46.599504
46.719542
46.732878
46.712462
41.648232
42.827311
43.684963
44.555932
44.978017
45.633233
45.801840
46.175162
46.293401
46.568618
46.521281
46.813926
46.724202
46.876973
46.811631
42.177490
43.155189
43.984229
44.712749
45.198513
45.546720
45.903641
46.098835
46.250726
46.448164
46.544711
46.599583
46.718449
46.735797
42.654685
43.811164
44.412381
45.118422
45.492226
45.945498
46.035117
46.433006
46.429599
46.659741
46.672773
46.863564
46.738716
43.155833
43.981179
44.719697
45.197488
45.551205
45.895437
46.101797
46.243234
46.448324
46.541970
46.602031
46.715794
43.685164
44.561945
44.989067
45.633782
45.813872
46.175070
46.295241
46.569365
46.520737
46.807832
46.728201
44.007840
44.731621
45.211453
45.550022
45.897433
46.096073
46.243117
46.438747
46.545293
46.593876
44.460141
45.141514
45.508817
45.957914
46.041608
46.431388
46.432673
46.652864
46.666765
44.760787
45.226166
45.555775
45.890731
46.096481
46.230784
46.436918
46.533894
45.038889
45.659665
45.834758
46.183210
46.295532
46.569031
46.511161
45.250184
45.561142
45.888463
46.086218
46.226099
46.418629
45.546165
45.989702
46.051982
46.436971
46.427203
45.568982
45.880174
46.078829
46.205696
45.867259
46.217207
46.292058
45.855381
46.046324
46.100332
39.878647
40.049586
39.888057
40.066413
39.954136
40.009776
39.908060
40.019630
39.794569
39.908399
39.741892
39.728191
39.567329
39.614404
39.326869
39.388737
39.165715
39.119599
38.922434
38.992378
38.725076
38.857149
38.777325
39.997189
40.010742
40.067745
40.005707
40.051090
40.056490
39.971092
39.984008
39.949765
39.836461
39.805375
39.748151
39.586650
39.545327
39.434928
39.275992
39.181813
39.093285
38.894712
38.864984
38.745667
38.769303
40.113090
40.216489
40.130488
40.292289
40.091276
40.247140
40.108508
40.132468
40.002500
40.076872
39.817377
39.904255
39.692284
39.659559
39.459948
39.488364
39.163782
39.230056
38.970954
38.960094
38.745668
40.189075
40.251501
40.199462
40.244747
40.254306
40.174244
40.182518
40.155782
40.027986
40.014927
39.930354
39.792389
39.719411
39.636264
39.434068
39.381059
39.231831
39.058725
38.970959
38.864984
40.249269
40.431582
40.338759
40.401782
40.304042
40.420500
40.194246
40.317146
40.133899
40.124916
39.956156
39.995494
39.692700
39.765117
39.503285
39.454749
39.231830
39.230055
38.894722
40.395112
40.368307
40.406651
40.427687
40.338645
40.361013
40.314680
40.209009
40.171692
40.106496
39.933598
39.898338
39.761270
39.602566
39.503284
39.381060
39.163785
39.093282
40.453635
40.611578
40.430726
40.588961
40.449383
40.476889
40.343301
40.410633
40.145880
40.233788
40.000656
39.964446
39.761269
39.765118
39.434064
39.488366
39.181815
40.482349
40.551341
40.546332
40.487922
40.489316
40.464201
40.327876
40.319266
40.216330
40.077668
40.000656
39.898337
39.692702
39.636266
39.459944
39.275994
40.589421
40.663234
40.575926
40.685213
40.467735
40.590327
40.395294
40.383197
40.216326
40.233791
39.933596
39.995492
39.719411
39.659564
39.434920
40.625337
40.649497
40.560702
40.597205
40.536548
40.440616
40.395293
40.319271
40.145873
40.106501
39.956156
39.792387
39.692282
39.545333
40.609805
40.774100
40.627092
40.660323
40.536547
40.590328
40.327873
40.410639
40.171684
40.124920
39.930351
39.904258
39.586644
40.678402
40.629106
40.627096
40.597203
40.467734
40.464203
40.343297
40.209014
40.133894
40.014929
39.817373
39.748158
40.678403
40.774098
40.560712
40.685207
40.489311
40.476898
40.314671
40.317148
40.027984
40.076875
39.805366
40.609810
40.649494
40.575939
40.487912
40.449379
40.361023
40.194239
40.155781
40.002499
39.836467
40.625347
40.663233
40.546335
40.588955
40.338648
40.420498
40.182519
40.132467
39.949759
40.589432
40.551341
40.430716
40.427694
40.304046
40.174234
40.108511
39.984010
40.482348
40.611578
40.406642
40.401794
40.254301
40.247140
39.971087
40.453626
40.368317
40.338756
40.244747
40.091272
40.056496
40.395110
40.431590
40.199458
40.292288
40.051084
40.249270
40.251493
40.130492
40.005707
40.189075
40.216484
40.067746
40.113094
40.010740
39.997188
39.957119
40.164378
40.137574
40.398734
40.346035
40.508010
40.527893
40.682004
40.582328
40.779585
40.696572
40.759651
40.696572
40.779582
40.582321
40.681998
40.527896
40.508012
40.346032
40.398737
40.137576
40.164376
39.957120
39.878647
40.049587
39.888061
40.066415
39.954131
40.009792
39.908049
40.019640
39.794575
39.908407
39.741878
39.728228
39.567309
39.614422
39.326876
39.388755
39.165690
39.119661
38.922404
38.992409
38.725086
38.857188
38.777289
39.997187
40.010740
40.067738
40.005712
40.051078
40.056486
39.971093
39.983999
39.949748
39.836471
39.805354
39.748140
39.586654
39.545312
39.434904
39.276007
39.181784
39.093266
38.894719
38.864964
38.745632
38.769323
40.113090
40.216495
40.130483
40.292291
40.091277
40.247143
40.108499
40.132494
40.002485
40.076882
39.817383
39.904268
39.692265
39.659604
39.459925
39.488385
39.163790
39.230082
38.970922
38.960167
38.745634
40.189069
40.251495
40.199459
40.244740
40.254293
40.174245
40.182500
40.155777
40.027989
40.014915
39.930335
39.792401
39.719388
39.636251
39.434073
39.381043
39.231802
39.058743
38.970928
38.864962
40.249271
40.431587
40.338760
40.401799
40.304039
40.420506
40.194243
40.317151
40.133887
40.124947
39.956137
39.995509
39.692705
39.765135
39.503260
39.454803
39.231801
39.230081
38.894727
40.395113
40.368310
40.406646
40.427685
40.338651
40.361014
40.314667
40.209013
40.171677
40.106488
39.933600
39.898327
39.761248
39.602581
39.503260
39.381044
39.163792
39.093265
40.453630
40.611574
40.430720
40.588959
40.449371
40.476912
40.343293
40.410640
40.145882
40.233800
40.000637
39.964485
39.761247
39.765136
39.434068
39.488389
39.181784
40.482350
40.551341
40.546325
40.487922
40.489301
40.464195
40.327881
40.319258
40.216314
40.077679
40.000638
39.898325
39.692706
39.636254
39.459919
39.276011
40.589427
40.663247
40.575925
40.685218
40.467733
40.590333
40.395282
40.383223
40.216311
40.233802
39.933600
39.995507
39.719387
39.659609
39.434895
40.625340
40.649500
40.560706
40.597203
40.536538
40.440623
40.395280
40.319264
40.145877
40.106492
39.956138
39.792400
39.692263
39.545318
40.609806
40.774104
40.627088
40.660336
40.536539
40.590336
40.327871
40.410652
40.171666
40.124952
39.930333
39.904271
39.586647
40.678400
40.629109
40.627090
40.597198
40.467739
40.464199
40.343282
40.209028
40.133879
40.014920
39.817379
39.748149
40.678401
40.774098
40.560709
40.685212
40.489308
40.476912
40.314660
40.317159
40.027985
40.076888
39.805344
40.609809
40.649488
40.575930
40.487921
40.449375
40.361011
40.194249
40.155774
40.002486
39.836479
40.625340
40.663233
40.546331
40.588965
40.338643
40.420505
40.182509
40.132490
39.949746
40.589423
40.551337
40.430725
40.427689
40.304033
40.174247
40.108501
39.984003
40.482347
40.611586
40.406636
40.401800
40.254296
40.247146
39.971088
40.453629
40.368319
40.338748
40.244746
40.091277
40.056494
40.395105
40.431588
40.199462
40.292293
40.051074
40.249271
40.251496
40.130488
40.005715
40.189076
40.216489
40.067741
40.113093
40.010739
39.997188
45.224492
45.217317
44.991752
45.020302
44.805165
44.749935
44.614950
44.608424
44.403243
44.487808
44.372370
44.396462
44.372368
44.487805
44.403251
44.608426
44.614947
44.749938
44.805163
45.020299
44.991754
45.217314
45.224492
45.275984
45.380189
45.209041
45.371137
45.240679
45.328466
45.271678
45.427861
45.301666
45.522459
45.467572
45.614713
45.621264
45.834917
45.754272
46.033908
45.999298
46.191756
46.206391
46.446408
46.339152
46.630671
46.519071
45.176621
45.165724
45.145697
45.097822
45.145242
45.163503
45.141436
45.224469
45.279234
45.285671
45.408664
45.482463
45.527202
45.661075
45.767879
45.809568
45.979118
46.058411
46.143350
46.255517
46.370230
46.394970
45.069515
45.115107
45.020964
45.138947
44.977045
45.160612
45.080625
45.190963
45.183123
45.368543
45.282632
45.538731
45.515211
45.690979
45.724896
45.960651
45.897307
46.191383
46.168794
46.373849
46.370227
44.956527
44.954908
44.873076
44.928441
44.940224
44.917017
45.004860
45.059225
45.076507
45.201433
45.289222
45.332759
45.488385
45.587494
45.659047
45.811957
45.936075
45.989020
46.168798
46.255513
44.808906
44.930542
44.818658
44.873589
44.833892
44.977850
44.867889
45.088941
45.056347
45.206816
45.241513
45.458927
45.409647
45.690797
45.691848
45.890671
45.936073
46.191376
46.143351
44.757072
44.690594
44.718482
44.741794
44.708112
44.804796
44.860719
44.886030
45.018327
45.115001
45.171809
45.328511
45.448514
45.516211
45.691848
45.811957
45.897310
46.058397
44.650628
44.737559
44.581224
44.746299
44.682760
44.785688
44.801611
44.989801
44.933482
45.194737
45.203982
45.383826
45.448513
45.690799
45.659041
45.960650
45.979120
44.515786
44.557592
44.557519
44.541825
44.627722
44.698055
44.721211
44.867885
44.969166
45.036236
45.203982
45.328511
45.409646
45.587497
45.724890
45.809563
44.483804
44.523984
44.488454
44.625548
44.536823
44.758368
44.750274
44.905292
44.969165
45.194737
45.171808
45.458927
45.488380
45.690984
45.767871
44.420156
44.435155
44.399813
44.503826
44.565933
44.610103
44.750275
44.867884
44.933481
45.115001
45.241512
45.332761
45.515206
45.661082
44.334109
44.488537
44.426763
44.531030
44.565932
44.758368
44.721209
44.989801
45.018322
45.206819
45.289216
45.538737
45.527191
44.362906
44.346607
44.426767
44.503824
44.536823
44.698059
44.801606
44.886034
45.056338
45.201439
45.282624
45.482470
44.362904
44.488533
44.399819
44.625542
44.627721
44.785692
44.860708
45.088946
45.076497
45.368547
45.408655
44.334107
44.435158
44.488460
44.541814
44.682769
44.804791
44.867887
45.059224
45.183121
45.285671
44.420160
44.523989
44.557515
44.746298
44.708113
44.977843
45.004860
45.190960
45.279230
44.483814
44.557588
44.581219
44.741805
44.833879
44.917021
45.080619
45.224472
44.515782
44.737557
44.718484
44.873585
44.940220
45.160611
45.141430
44.650627
44.690603
44.818650
44.928439
44.977044
45.163503
44.757073
44.930534
44.873075
45.138944
45.145239
44.808900
44.954908
45.020964
45.097821
44.956530
45.115102
45.145698
45.069514
45.165722
45.176622
45.275987
45.380187
45.209052
45.371141
45.240662
45.328504
45.271663
45.427862
45.301694
45.522471
45.467535
45.614792
45.621230
45.834927
45.754309
46.033930
45.999244
46.191872
46.206338
46.446437
46.339189
46.630718
46.519000
45.176620
45.165724
45.145682
45.097839
45.145226
45.163487
45.141452
45.224457
45.279201
45.285706
45.408630
45.482435
45.527231
45.661048
45.767828
45.809618
45.979067
46.058370
46.143385
46.255477
46.370163
46.395024
45.069511
45.115116
45.020957
45.138945
44.977062
45.160617
45.080598
45.191012
45.183101
45.368549
45.282661
45.538745
45.515169
45.691071
45.724853
45.960667
45.897344
46.191411
46.168733
46.373982
46.370159
44.956525
44.954905
44.873081
44.928433
44.940202
44.917044
45.004840
45.059202
45.076527
45.201416
45.289182
45.332802
45.488344
45.587461
45.659082
45.811924
45.936018
45.989076
46.168736
46.255473
44.808904
44.930535
44.818643
44.873609
44.833869
44.977842
44.867911
45.088951
45.056311
45.206884
45.241480
45.458935
45.409681
45.690813
45.691798
45.890780
45.936017
46.191404
46.143387
44.757068
44.690609
44.718477
44.741791
44.708129
44.804777
44.860682
44.886065
45.018295
45.114975
45.171839
45.328486
45.448469
45.516263
45.691797
45.811925
45.897346
46.058356
44.650626
44.737554
44.581230
44.746300
44.682748
44.785734
44.801581
44.989804
44.933508
45.194745
45.203943
45.383910
45.448468
45.690816
45.659074
45.960669
45.979068
44.515784
44.557582
44.557497
44.541832
44.627696
44.698044
44.721227
44.867866
44.969133
45.036276
45.203944
45.328487
45.409678
45.587467
45.724844
45.809615
44.483809
44.524003
44.488441
44.625541
44.536830
44.758371
44.750247
44.905348
44.969132
45.194747
45.171835
45.458939
45.488336
45.691079
45.767819
44.420152
44.435151
44.399818
44.503811
44.565907
44.610127
44.750247
44.867867
44.933505
45.114980
45.241475
45.332807
45.515162
45.661055
44.334106
44.488531
44.426746
44.531052
44.565909
44.758368
44.721228
44.989806
45.018291
45.206889
45.289176
45.538749
45.527223
44.362895
44.346609
44.426745
44.503808
44.536837
44.698036
44.801586
44.886064
45.056310
45.201417
45.282656
45.482439
44.362897
44.488531
44.399816
44.625540
44.627701
44.785727
44.860687
45.088951
45.076523
45.368550
45.408621
44.334111
44.435142
44.488442
44.541836
44.682741
44.804784
44.867906
45.059207
45.183094
45.285709
44.420150
44.523993
44.557504
44.746300
44.708120
44.977854
45.004833
45.191017
45.279194
44.483801
44.557585
44.581231
44.741786
44.833873
44.917042
45.080599
45.224455
44.515786
44.737560
44.718465
44.873618
44.940200
45.160617
45.141448
44.650625
44.690604
44.818646
44.928434
44.977060
45.163488
44.757064
44.930543
44.873082
45.138944
45.145224
44.808911
44.954901
45.020960
45.097836
44.956523
45.115116
45.145683
45.069515
45.165721
45.176620

