Tension at each vertex
7.304353
7.304363
7.304937
7.304947
3.573261
7.368485
3.573250
7.368482
3.284396
3.285150
8.081510
8.083086
6.817551
6.866798
6.377167
6.303994
5.772708
5.591521
4.986791
4.768834
4.148035
3.947964
3.436483
3.340215
2.976915
3.044229
2.797523
2.977913
2.827517
3.053738
2.936492
3.218691
3.085992
3.376130
3.233194
6.780127
6.499540
6.321170
5.976250
5.675783
5.286727
4.891155
4.455583
4.072710
3.671941
3.371515
3.118682
2.941563
2.836079
2.797914
2.781897
2.818445
2.877217
2.923173
3.014933
3.072976
3.190151
6.809421
6.787624
6.296981
6.224793
5.646660
5.469840
4.866439
4.624498
4.028414
3.849948
3.342133
3.292131
2.947724
3.018163
2.797038
2.986820
2.814557
3.070442
2.933898
3.210896
3.072932
6.749628
6.503734
6.256776
5.912648
5.610738
5.175429
4.796816
4.358731
3.965840
3.592851
3.312835
3.062931
2.925967
2.831490
2.782760
2.794136
2.823093
2.868458
2.933940
3.014949
6.763064
6.755112
6.272252
6.149481
5.584039
5.400777
4.766430
4.545325
3.953373
3.773040
3.295960
3.262282
2.913897
3.022563
2.794624
2.977073
2.823029
3.070442
2.923110
6.775605
6.462835
6.237220
5.884873
5.545925
5.120130
4.739720
4.281711
3.917914
3.550711
3.269750
3.050416
2.917787
2.817531
2.794668
2.794159
2.814595
2.877218
6.753859
6.753106
6.227111
6.119573
5.545957
5.335627
4.719680
4.500929
3.898713
3.751665
3.275587
3.240823
2.917715
3.022569
2.782688
2.986778
2.818430
6.751968
6.457908
6.230648
5.840976
5.520658
5.087151
4.692715
4.259036
3.898464
3.525356
3.275631
3.050445
2.913937
2.831484
2.797135
2.781858
6.763961
6.721990
6.215356
6.101438
5.505001
5.318068
4.697358
4.473571
3.898389
3.751672
3.269675
3.262232
2.925955
3.018061
2.797872
6.753217
6.459286
6.204222
5.833903
5.508838
5.062500
4.697401
4.259068
3.898757
3.550709
3.296069
3.062889
2.947796
2.836127
6.747762
6.720039
6.210708
6.080902
5.508781
5.318076
4.692646
4.500881
3.917912
3.772929
3.312794
3.292097
2.941454
6.755441
6.445574
6.210745
5.833933
5.505037
5.087157
4.719799
4.281672
3.953458
3.592913
3.342143
3.118700
6.755413
6.720039
6.204168
6.101398
5.520673
5.335512
4.739698
4.545296
3.965737
3.849859
3.371543
6.747780
6.459301
6.215463
5.840933
5.546055
5.120205
4.766449
4.358766
4.028573
3.671861
6.753247
6.721866
6.230663
6.119544
5.545833
5.400693
4.796870
4.624279
4.072717
6.764060
6.457973
6.227116
5.884924
5.584218
5.175356
4.866581
4.455691
6.751894
6.753035
6.237301
6.149242
5.610776
5.469781
4.891032
6.754018
6.462741
6.272412
5.912775
5.646659
5.286808
6.775701
6.755042
6.256660
6.224668
5.675905
6.763029
6.503836
6.297226
5.976142
6.749783
6.787243
6.321271
6.809641
6.499725
6.779997
6.894709
7.194592
6.897398
7.233142
6.894089
7.195354
6.919562
7.190168
6.907831
7.195380
6.915527
7.183667
6.915511
7.195407
6.907889
7.190212
6.919499
7.195617
6.893987
7.233250
6.897543
7.194729
6.894549
7.109740
7.513965
7.370171
7.707909
7.567281
7.854880
7.692547
7.952794
7.758932
7.990313
7.784091
7.970379
7.755722
7.922234
7.674091
7.833659
7.573777
7.709778
7.449151
7.584436
7.303426
7.446142
7.139940
7.127176
7.174776
7.381377
7.409188
7.553510
7.579217
7.672014
7.674708
7.746695
7.710737
7.763275
7.713418
7.725544
7.668245
7.665468
7.576923
7.568064
7.472097
7.441779
7.346289
7.303099
7.221951
7.151004
7.511537
7.387910
7.738594
7.574622
7.874351
7.707510
7.951874
7.769974
7.990355
7.771974
7.973526
7.743843
7.907462
7.672221
7.825490
7.561341
7.715157
7.442216
7.591746
7.303095
7.116902
7.226128
7.385919
7.433418
7.583250
7.582098
7.695336
7.683736
7.747146
7.721485
7.765025
7.703188
7.731656
7.661557
7.654928
7.582357
7.562580
7.469955
7.442062
7.346328
7.127771
7.513997
7.414860
7.731398
7.591362
7.886909
7.702530
7.965112
7.770117
7.982697
7.776080
7.969996
7.728466
7.911687
7.662811
7.819248
7.562566
7.715229
7.441902
7.153415
7.215761
7.404664
7.455622
7.583261
7.599657
7.707218
7.678895
7.762079
7.722585
7.759772
7.710965
7.731374
7.653587
7.662680
7.582392
7.561324
7.471989
7.132380
7.531080
7.404417
7.743316
7.602196
7.879862
7.713619
7.967863
7.758980
7.991896
7.771415
7.961823
7.731348
7.911754
7.655027
7.825458
7.568094
7.137365
7.229225
7.422088
7.450121
7.599248
7.607280
7.702112
7.690392
7.765506
7.714289
7.771319
7.710994
7.728462
7.661457
7.672136
7.577050
7.150243
7.515398
7.416446
7.750550
7.593733
7.891310
7.714215
7.958766
7.765473
7.991954
7.759841
7.969973
7.731670
7.907687
7.665344
7.144676
7.243201
7.413219
7.463052
7.604061
7.598607
7.714160
7.690409
7.758990
7.722500
7.776016
7.703295
7.743632
7.668206
7.140782
7.522439
7.422494
7.740513
7.604026
7.891350
7.702149
7.967855
7.762070
7.982896
7.764903
7.973629
7.725710
7.149889
7.235144
7.422485
7.463053
7.593757
7.607219
7.713571
7.678981
7.769950
7.721449
7.772049
7.713253
7.149854
7.522457
7.413225
7.750560
7.599206
7.880033
7.707103
7.965206
7.747266
7.990372
7.763197
7.140821
7.243168
7.416408
7.450191
7.602082
7.599616
7.702597
7.683601
7.769840
7.710922
7.144597
7.515540
7.421984
7.743387
7.583334
7.886947
7.695245
7.952232
7.746496
7.150184
7.229176
7.404482
7.455524
7.591243
7.582245
7.707281
7.674620
7.137392
7.531136
7.404542
7.731706
7.583074
7.874479
7.672170
7.132276
7.215879
7.414696
7.433327
7.574720
7.579040
7.153252
7.514097
7.386014
7.738678
7.553356
7.127862
7.225998
7.387728
7.409370
7.116706
7.511958
7.381151
7.150804
7.174634
7.127265
6.789768
7.041347
6.561639
6.730787
6.257470
6.349039
5.887655
5.921501
5.432363
5.455719
4.952053
4.946805
4.486656
4.476034
4.033058
4.090380
3.667232
3.750108
3.409617
3.514317
3.185841
3.378889
3.058017
3.242350
3.269401
3.278873
3.279435
3.269994
3.274777
3.234882
3.215145
3.184491
3.129492
3.085044
3.040318
2.972972
2.922006
2.883538
2.822004
2.798542
2.784577
2.783725
2.783642
2.887402
2.912340
3.184945
3.382425
3.183339
3.387585
3.168565
3.346577
3.143198
3.285169
3.067359
3.220524
2.975986
3.121336
2.898187
3.033577
2.812005
2.997861
2.780599
2.994749
2.854142
3.114550
2.997683
3.081193
3.107751
3.085106
3.089220
3.082381
3.053311
3.029235
3.011441
2.959454
2.928331
2.896921
2.847771
2.816777
2.804701
2.777791
2.779694
2.826813
2.848335
2.937760
3.057506
3.006211
3.200126
3.012325
3.177147
2.977980
3.154470
2.930633
3.092053
2.887748
3.030127
2.820969
2.998284
2.784139
2.976959
2.819735
3.038714
2.906681
3.236122
3.131498
2.937566
2.927321
2.918790
2.923595
2.890064
2.880613
2.864786
2.834333
2.811684
2.809873
2.780072
2.786066
2.808671
2.827695
2.881163
2.982163
3.073867
3.218646
2.862960
3.054581
2.844606
3.025407
2.836796
2.996336
2.801501
2.988174
2.782477
2.976376
2.813685
3.019817
2.877838
3.164742
3.047006
3.386983
3.360548
2.806250
2.814317
2.810969
2.798910
2.789036
2.803281
2.780045
2.797995
2.815398
2.836597
2.876432
2.961968
3.027842
3.156639
3.307902
3.480727
2.791663
2.967130
2.783187
2.983956
2.786721
2.992114
2.833039
3.038713
2.898442
3.162737
3.040577
3.347689
3.298523
3.654006
3.634936
2.800524
2.823109
2.808868
2.841102
2.859344
2.888851
2.925639
3.005383
3.058776
3.174402
3.295711
3.449777
3.609175
3.847531
2.851945
3.070902
2.906946
3.124704
2.980752
3.243112
3.113395
3.409165
3.335526
3.670030
3.626176
4.044629
4.025710
2.995449
3.033260
3.064398
3.143787
3.187747
3.295430
3.391804
3.532969
3.658737
3.873097
4.026578
4.270839
3.182444
3.447414
3.299221
3.589911
3.494049
3.813641
3.742820
4.128815
4.080058
4.499729
4.506900
3.463380
3.559044
3.631240
3.750963
3.848217
4.028817
4.149783
4.360775
4.537048
4.768291
3.811474
4.109775
4.000166
4.357387
4.272031
4.655970
4.620427
5.025255
4.998392
4.207744
4.344239
4.422525
4.586856
4.717316
4.905891
5.050544
5.292236
4.615895
4.956337
4.863034
5.229158
5.152477
5.568504
5.491261
5.059162
5.181219
5.268935
5.450905
5.550794
5.759609
5.427061
5.796093
5.656886
6.050581
5.946610
5.803762
5.931190
6.004655
6.174434
6.108246
6.484073
6.308100
6.388591
6.527560
6.602643
7.109988
7.513813
7.370066
7.707740
7.567564
7.854398
7.692743
7.952741
7.758804
7.990176
7.784369
7.969971
7.755882
7.922233
7.674007
7.833559
7.574024
7.709534
7.449262
7.584477
7.303452
7.446072
7.140099
7.038029
7.241674
7.012929
7.237068
7.004697
7.217951
7.042933
7.262743
7.090094
7.343281
7.186216
7.431832
7.297000
7.554259
7.395442
7.677940
7.505285
7.777115
7.601083
7.882484
7.655959
7.982040
7.688697
7.130358
7.298791
7.310887
7.444039
7.442433
7.569835
7.544336
7.652921
7.632860
7.714261
7.677993
7.766535
7.709089
7.776404
7.737344
7.781889
7.723330
7.792692
7.717005
7.756300
7.721480
7.766799
7.308277
7.669558
7.444343
7.784478
7.551316
7.865266
7.642803
7.924969
7.691903
7.976381
7.721791
7.988224
7.745194
7.993087
7.727205
8.003835
7.708738
7.977366
7.701950
7.972046
7.643469
7.380469
7.518577
7.511488
7.623417
7.610235
7.696992
7.668221
7.757187
7.704092
7.776537
7.733057
7.781857
7.722790
7.787717
7.708532
7.756119
7.705165
7.728774
7.665216
7.719649
7.513186
7.832777
7.612911
7.907785
7.679086
7.965943
7.718754
7.986407
7.748012
7.989278
7.736997
7.991531
7.714743
7.959230
7.698878
7.929178
7.650220
7.919625
7.613520
7.550375
7.664163
7.641947
7.735467
7.691456
7.769578
7.726876
7.779676
7.723808
7.784290
7.705733
7.752914
7.692056
7.715193
7.647550
7.690331
7.609291
7.637200
7.655078
7.936645
7.706476
7.978473
7.744721
7.988926
7.745957
7.990820
7.725939
7.956797
7.704196
7.912859
7.650530
7.880440
7.595884
7.823494
7.566297
7.656247
7.755584
7.710716
7.776083
7.724163
7.785405
7.710379
7.757830
7.692612
7.714583
7.642471
7.676372
7.587697
7.611446
7.553184
7.547105
7.733026
7.980051
7.752542
7.993790
7.740637
7.968681
7.721837
7.921019
7.666752
7.874732
7.600347
7.800433
7.546903
7.724906
7.479525
7.715781
7.787269
7.715507
7.772790
7.704595
7.730126
7.656326
7.686082
7.591974
7.610498
7.537346
7.528278
7.463948
7.463689
7.751657
7.983860
7.745138
7.944514
7.699848
7.898944
7.630490
7.817382
7.564297
7.722838
7.472818
7.642590
7.383141
7.719589
7.756242
7.685289
7.717288
7.621634
7.641054
7.558581
7.547141
7.467680
7.462710
7.372263
7.359769
7.736998
7.937019
7.678318
7.864865
7.614209
7.766538
7.514957
7.670237
7.402365
7.549323
7.304749
7.666435
7.694441
7.609261
7.601651
7.515648
7.508790
7.405350
7.388019
7.304987
7.261685
7.675678
7.836941
7.588647
7.744934
7.474558
7.615972
7.360792
7.472206
7.220422
7.590214
7.590872
7.481960
7.468881
7.373561
7.329646
7.235486
7.199462
7.567690
7.722700
7.463477
7.582295
7.318989
7.438307
7.157461
7.479713
7.443903
7.343448
7.309404
7.190164
7.141317
7.449527
7.584116
7.301187
7.411303
7.144017
7.333536
7.290857
7.188158
7.115256
7.312403
7.423421
7.130260
7.179762
7.129253
7.183475
6.987463
7.444509
7.183644
7.570897
7.351951
7.689647
7.474719
7.803658
7.570947
7.875899
7.654051
7.931658
7.690379
7.981675
7.715411
7.990221
7.737753
8.003347
7.714573
8.029228
7.709176
8.001661
7.686262
3.304166
3.556357
3.864112
4.258787
4.691162
5.081645
5.510715
5.907639
6.240119
6.548437
6.823360
7.021042
7.201708
7.357352
7.454584
7.547261
7.625989
7.658268
7.693576
7.730926
7.705814
7.732321
3.332421
3.924908
4.064002
4.676169
4.891399
5.561044
5.729615
6.332858
6.467803
6.951487
6.986988
7.410488
7.344398
7.687835
7.588142
7.864491
7.706191
7.982621
7.760090
8.016098
7.791200
3.509942
3.788161
4.217406
4.639336
5.060109
5.479518
5.899465
6.225615
6.548214
6.818418
7.024443
7.202903
7.361476
7.460939
7.550011
7.634820
7.658872
7.705328
7.726133
7.721199
3.589072
4.232058
4.383102
5.070118
5.302419
5.925192
6.099608
6.672863
6.734003
7.197535
7.199110
7.560677
7.477710
7.808367
7.650345
7.931835
7.758635
7.993763
7.777305
3.739524
4.125394
4.602151
5.002053
5.462675
5.866643
6.223949
6.532227
6.821916
7.020145
7.209184
7.365554
7.466748
7.560028
7.635808
7.674563
7.701081
7.741265
3.925926
4.556097
4.791869
5.489753
5.679736
6.300537
6.445573
6.943556
6.981037
7.414888
7.349192
7.698154
7.593545
7.875901
7.711709
7.986030
7.768562
4.084934
4.534067
4.985388
5.417430
5.863160
6.198590
6.535982
6.809211
7.028550
7.206201
7.372246
7.471300
7.564230
7.643556
7.676918
7.710135
4.293054
4.973922
5.241236
5.880327
6.069490
6.654903
6.725999
7.196330
7.200682
7.568325
7.482912
7.813773
7.659356
7.934007
7.765885
4.512663
4.947660
5.415133
5.836759
6.208138
6.519511
6.819124
7.018992
7.214297
7.366484
7.479575
7.563416
7.649927
7.679054
4.740995
5.438688
5.659826
6.279507
6.438598
6.941373
6.981314
7.415933
7.353917
7.699860
7.597491
7.878249
7.717931
4.951489
5.396925
5.846231
6.193522
6.530076
6.803284
7.029540
7.201789
7.376411
7.471423
7.573954
7.642098
5.230129
5.871939
6.069851
6.651805
6.731490
7.197146
7.202579
7.570143
7.483555
7.811482
7.662599
5.417705
5.840057
6.211952
6.518334
6.815303
7.013864
7.211971
7.359474
7.483896
7.558883
5.680037
6.290269
6.446442
6.949292
6.985425
7.417416
7.354417
7.696971
7.592114
5.868618
6.209532
6.534842
6.799190
7.026177
7.191662
7.370795
7.463537
6.100177
6.672525
6.743855
7.206143
7.200907
7.570790
7.473536
6.240677
6.527568
6.812067
7.004735
7.201503
7.344255
6.474095
6.977345
6.991755
7.425134
7.343820
6.551844
6.794747
7.014052
7.172366
6.765404
7.236712
7.192057
6.801803
6.980814
7.011488
6.894721
7.194604
6.897410
7.233154
6.894102
7.195367
6.919575
7.190181
6.907844
7.195393
6.915541
7.183679
6.915524
7.195420
6.907901
7.190224
6.919512
7.195629
6.893999
7.233262
6.897555
7.194740
6.894560
6.817247
6.867011
6.377209
6.304108
5.772523
5.591869
4.986575
4.768961
4.148044
3.948017
3.436355
3.340403
2.976753
3.044288
2.797488
2.977919
2.827424
3.053806
2.936389
3.218705
3.085945
3.376123
3.233146
6.780010
6.499741
6.321289
5.976163
5.675928
5.286834
4.891058
4.455716
4.072740
3.671880
3.371556
3.118706
2.941455
2.836122
2.797862
2.781846
2.818415
2.877202
2.923095
3.014934
3.072917
3.190138
6.809655
6.787259
6.297246
6.224690
5.646683
5.469807
4.866607
4.624304
4.028596
3.849875
3.342152
3.292100
2.947792
3.018051
2.797123
2.986762
2.814578
3.070426
2.933924
3.210880
3.072961
6.749798
6.503853
6.256679
5.912796
5.610800
5.175382
4.796896
4.358790
3.965756
3.592926
3.312801
3.062887
2.925947
2.831473
2.782673
2.794141
2.823011
2.868440
2.933879
3.014917
6.763043
6.755059
6.272432
6.149265
5.584243
5.400719
4.766474
4.545319
3.953476
3.772941
3.296073
3.262229
2.913928
3.022553
2.794649
2.977053
2.823072
3.070422
2.923153
6.775716
6.462758
6.237322
5.884948
5.545858
5.120231
4.739722
4.281693
3.917927
3.550716
3.269675
3.050437
2.917700
2.817514
2.794604
2.794113
2.814535
2.877196
6.754033
6.753053
6.227137
6.119567
5.546079
5.335536
4.719822
4.500900
3.898770
3.751678
3.275629
3.240812
2.917772
3.022544
2.782737
2.986797
2.818421
6.751909
6.457991
6.230684
5.840955
5.520698
5.087182
4.692668
4.259086
3.898401
3.525359
3.275581
3.050403
2.913876
2.831466
2.797013
2.781870
6.764076
6.721884
6.215484
6.101421
5.505061
5.318099
4.697422
4.473586
3.898471
3.751664
3.269742
3.262265
2.925946
3.018139
2.797887
6.753263
6.459319
6.204190
5.833955
5.508805
5.062522
4.697378
4.259049
3.898719
3.550709
3.295949
3.062913
2.947701
2.836050
6.747796
6.720057
6.210766
6.080924
5.508862
5.318090
4.692733
4.500942
3.917918
3.773035
3.312822
3.292109
2.941536
6.755428
6.445592
6.210729
5.833926
5.505023
5.087172
4.719697
4.281721
3.953375
3.592845
3.342118
3.118660
6.755457
6.720057
6.204243
6.101459
5.520679
5.335647
4.739736
4.545334
3.965842
3.849940
3.371498
6.747778
6.459304
6.215377
5.840998
5.545979
5.120149
4.766444
4.358740
4.028413
3.671932
6.753232
6.722008
6.230669
6.119594
5.545945
5.400795
4.796830
4.624505
4.072709
6.763976
6.457926
6.227131
5.884894
5.584059
5.175447
4.866453
4.455590
6.751983
6.753123
6.237239
6.149501
5.610758
5.469857
4.891168
6.753874
6.462852
6.272272
5.912669
5.646679
5.286744
6.775620
6.755129
6.256795
6.224812
5.675802
6.763079
6.503751
6.296999
5.976269
6.749642
6.787639
6.321188
6.809436
6.499556
6.780140
7.109998
7.513821
7.370073
7.707746
7.567569
7.854402
7.692747
7.952743
7.758805
7.990177
7.784369
7.969970
7.755880
7.922231
7.674005
7.833556
7.574021
7.709531
7.449258
7.584473
7.303449
7.446069
7.140096
7.127274
7.174640
7.381155
7.409372
7.553356
7.579038
7.672166
7.674616
7.746490
7.710915
7.763190
7.713246
7.725703
7.668199
7.665338
7.577044
7.568088
7.471983
7.441897
7.346323
7.303090
7.221947
7.150814
7.511964
7.387732
7.738680
7.574720
7.874477
7.707278
7.952227
7.769834
7.990366
7.772043
7.973622
7.743625
7.907680
7.672129
7.825450
7.561318
7.715223
7.442056
7.591742
7.303096
7.116715
7.226005
7.386018
7.433329
7.583074
7.582243
7.695241
7.683597
7.747260
7.721443
7.764896
7.703288
7.731663
7.661451
7.655020
7.582387
7.562562
7.469950
7.442214
7.346286
7.127871
7.514103
7.414700
7.731707
7.591243
7.886945
7.702593
7.965202
7.769946
7.982890
7.776011
7.969967
7.728456
7.911749
7.662675
7.819242
7.562575
7.715153
7.441775
7.153262
7.215886
7.404547
7.455527
7.583334
7.599615
7.707100
7.678977
7.762066
7.722495
7.759835
7.710989
7.731343
7.653582
7.662805
7.582352
7.561338
7.472093
7.132286
7.531143
7.404486
7.743389
7.602082
7.880031
7.713568
7.967852
7.758985
7.991949
7.771314
7.961818
7.731369
7.911682
7.654924
7.825488
7.568061
7.137402
7.229183
7.421988
7.450194
7.599207
7.607218
7.702147
7.690406
7.765470
7.714285
7.771411
7.710961
7.728462
7.661554
7.672218
7.576919
7.150193
7.515547
7.416413
7.750563
7.593758
7.891350
7.714159
7.958763
7.765503
7.991892
7.759768
7.969992
7.731653
7.907459
7.665464
7.144607
7.243176
7.413230
7.463056
7.604027
7.598606
7.714214
7.690390
7.758978
7.722582
7.776077
7.703185
7.743841
7.668242
7.140831
7.522464
7.422490
7.740516
7.604063
7.891310
7.702111
7.967862
7.762078
7.982695
7.765024
7.973524
7.725541
7.149864
7.235152
7.422500
7.463057
7.593735
7.607281
7.713619
7.678894
7.770116
7.721484
7.771972
7.713416
7.149899
7.522448
7.413224
7.750554
7.599250
7.879863
7.707218
7.965112
7.747145
7.990354
7.763274
7.140792
7.243209
7.416451
7.450126
7.602199
7.599659
7.702531
7.683737
7.769975
7.710737
7.144686
7.515406
7.422095
7.743321
7.583264
7.886911
7.695337
7.951875
7.746695
7.150254
7.229234
7.404424
7.455627
7.591366
7.582101
7.707511
7.674709
7.137376
7.531088
7.404670
7.731403
7.583254
7.874354
7.672016
7.132390
7.215769
7.414867
7.433424
7.574626
7.579220
7.153426
7.514006
7.385926
7.738600
7.553515
7.127781
7.226136
7.387917
7.409193
7.116912
7.511545
7.381384
7.151015
7.174784
7.127186
6.817564
6.866813
6.377184
6.304013
5.772730
5.591545
4.986817
4.768860
4.148059
3.947984
3.436499
3.340224
2.976917
3.044227
2.797516
2.977903
2.827505
3.053725
2.936479
3.218678
3.085979
3.376118
3.233183
3.324573
3.575869
3.361537
3.576220
3.382414
3.556965
3.347671
3.523124
3.284679
3.436498
3.206009
3.326712
3.083530
3.220665
2.954508
3.098732
2.859135
3.011960
2.782897
3.010793
2.798910
3.069159
2.917990
6.602657
6.527575
6.308115
6.174450
5.946629
5.759628
5.491281
5.292257
4.998414
4.768313
4.506921
4.270860
4.025730
3.847548
3.634950
3.480740
3.360559
3.218656
3.131505
3.057511
2.997686
2.912342
6.388608
6.484091
6.004673
6.050600
5.550815
5.568526
5.050567
5.025279
4.537073
4.499752
4.026599
4.044650
3.609195
3.654021
3.307913
3.386992
3.073876
3.236129
2.937766
3.114554
2.887405
6.108265
5.931210
5.656908
5.450927
5.152500
4.905915
4.620451
4.360800
4.080083
3.873121
3.626196
3.449795
3.298541
3.156654
3.047015
2.982169
2.906686
2.848339
2.854145
2.783644
5.803783
5.796117
5.268959
5.229182
4.717342
4.655996
4.149808
4.128840
3.658760
3.670053
3.295730
3.347704
3.027857
3.164756
2.881174
3.038721
2.826818
2.994752
2.783727
5.427084
5.181244
4.863060
4.586883
4.272057
4.028843
3.742844
3.532992
3.335546
3.174421
3.040594
2.961981
2.877848
2.827705
2.819744
2.779702
2.780604
2.784581
5.059188
4.956363
4.422551
4.357413
3.848242
3.813665
3.391826
3.409184
3.058792
3.162750
2.876444
3.019826
2.808677
2.976963
2.777794
2.997864
2.798544
4.615922
4.344266
4.000191
3.750987
3.494072
3.295449
3.113413
3.005399
2.898454
2.836607
2.813693
2.786073
2.784144
2.804705
2.812008
2.822007
4.207770
4.109800
3.631262
3.589931
3.187765
3.243126
2.925650
3.038723
2.815407
2.976382
2.780077
2.998288
2.816779
3.033579
2.883540
3.811497
3.559065
3.299239
3.143802
2.980765
2.888861
2.833044
2.798000
2.782481
2.809875
2.820971
2.847772
2.898188
2.922006
3.463398
3.447429
3.064410
3.124714
2.859352
2.992120
2.780049
2.988177
2.811687
3.030129
2.896922
3.121336
2.972972
3.182457
3.033269
2.906952
2.841105
2.786723
2.803283
2.801501
2.834332
2.887747
2.928330
2.975985
3.040316
2.995455
3.070907
2.808870
2.983956
2.789035
2.996335
2.864785
3.092050
2.959452
3.220522
3.085043
2.851944
2.823108
2.783184
2.798907
2.836792
2.880609
2.930630
3.011438
3.067356
3.129489
2.800519
2.967125
2.810963
3.025402
2.890059
3.154465
3.029231
3.285165
3.184488
2.791655
2.814310
2.844599
2.923588
2.977973
3.053306
3.143193
3.215141
2.806239
3.054572
2.918781
3.177139
3.082375
3.346571
3.234877
2.862948
2.927311
3.012316
3.089212
3.168558
3.274771
2.937554
3.200116
3.085098
3.387577
3.269987
3.006199
3.107740
3.183329
3.279427
3.081181
3.382415
3.278864
3.184934
3.269392
3.242340
6.987473
7.444518
7.183652
7.570905
7.351959
7.689653
7.474724
7.803664
7.570952
7.875903
7.654054
7.931662
7.690384
7.981678
7.715414
7.990223
7.737754
8.003348
7.714574
8.029229
7.709177
8.001661
7.686263
7.183472
7.129251
7.130258
7.115254
7.144017
7.141317
7.157461
7.199463
7.220422
7.261686
7.304749
7.359770
7.383145
7.463689
7.479526
7.547108
7.566297
7.637200
7.613521
7.719649
7.643469
7.766799
7.179760
7.423418
7.188156
7.411302
7.190163
7.438307
7.235485
7.472206
7.304988
7.549323
7.372263
7.642593
7.463949
7.724906
7.553187
7.823494
7.609291
7.919627
7.665216
7.972046
7.721480
7.312400
7.290856
7.301185
7.309403
7.318989
7.329645
7.360792
7.388020
7.402364
7.462710
7.472820
7.528280
7.546904
7.611449
7.595884
7.690331
7.650221
7.728775
7.701950
7.756300
7.333534
7.584114
7.343445
7.582295
7.373561
7.615970
7.405351
7.670237
7.467680
7.722839
7.537348
7.800434
7.587699
7.880442
7.647550
7.929179
7.705167
7.977366
7.717005
7.449525
7.443900
7.463475
7.468881
7.474556
7.508790
7.514957
7.547142
7.564298
7.610499
7.600348
7.676374
7.650533
7.715194
7.698880
7.756121
7.708739
7.792693
7.479710
7.722698
7.481958
7.744933
7.515648
7.766537
7.558580
7.817384
7.591974
7.874733
7.642473
7.912861
7.692058
7.959232
7.708534
8.003838
7.723330
7.567688
7.590870
7.588645
7.601651
7.614209
7.641053
7.630491
7.686084
7.666753
7.714585
7.704198
7.752916
7.714745
7.787720
7.727208
7.781890
7.590214
7.836938
7.609260
7.864865
7.621633
7.898944
7.656327
7.921020
7.692613
7.956798
7.705735
7.991533
7.722792
7.993090
7.737347
7.675676
7.694439
7.678317
7.717288
7.699848
7.730127
7.721838
7.757831
7.725940
7.784292
7.737000
7.781859
7.745197
7.776408
7.666434
7.937018
7.685288
7.944514
7.704596
7.968681
7.710381
7.990822
7.723810
7.989281
7.733060
7.988226
7.709093
7.736998
7.756242
7.745137
7.772792
7.740637
7.785406
7.745959
7.779678
7.748014
7.776541
7.721794
7.766538
7.719588
7.983859
7.715507
7.993792
7.724164
7.988927
7.726879
7.986408
7.704095
7.976386
7.677996
7.751656
7.787269
7.752543
7.776084
7.744723
7.769581
7.718756
7.757190
7.691907
7.714265
7.715782
7.980052
7.710718
7.978475
7.691458
7.965946
7.668224
7.924973
7.632865
7.733027
7.755585
7.706478
7.735469
7.679088
7.696996
7.642806
7.652925
7.656250
7.936648
7.641950
7.907788
7.610239
7.865271
7.544340
7.655081
7.664167
7.612915
7.623421
7.551321
7.569841
7.550379
7.832781
7.511492
7.784483
7.442440
7.513191
7.518582
7.444349
7.444045
7.380475
7.669565
7.310894
7.308284
7.298798
7.130366
6.789780
7.041359
6.561652
6.730802
6.257485
6.349055
5.887672
5.921519
5.432382
5.455738
4.952073
4.946826
4.486675
4.476051
4.033074
4.090394
3.667244
3.750117
3.409623
3.514320
3.185843
3.378890
3.058017
3.161473
3.637301
3.728250
4.336464
4.472484
5.139212
5.355204
5.958372
6.125263
6.684665
6.742319
7.197765
7.199888
7.553779
7.473968
7.800235
7.645922
7.924365
7.758318
7.987374
7.784057
8.031647
7.760047
7.011498
6.980823
7.192067
7.172375
7.343827
7.344261
7.473542
7.463543
7.592119
7.558887
7.662604
7.642103
7.717935
7.679056
7.765887
7.710137
7.768564
7.741267
7.777306
7.721200
7.791201
7.732321
6.801815
7.236722
7.014062
7.425142
7.201510
7.570797
7.370801
7.696976
7.483900
7.811488
7.573958
7.878252
7.649930
7.934010
7.676921
7.986033
7.701083
7.993765
7.726134
8.016099
7.705814
6.765417
6.794758
6.991765
7.004744
7.200916
7.191670
7.354423
7.359480
7.483561
7.471428
7.597495
7.563419
7.659359
7.643559
7.711712
7.674566
7.758636
7.705329
7.760090
7.730926
6.551857
6.977356
6.812078
7.206153
7.026185
7.417423
7.211978
7.570150
7.376416
7.699864
7.479579
7.813778
7.564234
7.875904
7.635810
7.931837
7.658874
7.982621
7.693577
6.474108
6.527580
6.743867
6.799199
6.985433
7.013872
7.202587
7.201795
7.353922
7.366489
7.482917
7.471305
7.593549
7.560030
7.650347
7.634821
7.706191
7.658268
6.240692
6.672538
6.534853
6.949301
6.815313
7.197156
7.029547
7.415939
7.214303
7.568332
7.372251
7.698158
7.466751
7.808369
7.550013
7.864493
7.625989
6.100193
6.209545
6.446454
6.518346
6.731501
6.803293
6.981321
7.019000
7.200690
7.206207
7.349197
7.365558
7.477713
7.460941
7.588143
7.547262
5.868634
6.290283
6.211966
6.651817
6.530085
6.941382
6.819133
7.196338
7.028557
7.414894
7.209188
7.560681
7.361479
7.687837
7.454585
5.680054
5.840074
6.069865
6.193534
6.438608
6.519521
6.726008
6.809219
6.981043
7.020150
7.199114
7.202906
7.344400
7.357353
5.417723
5.871955
5.846245
6.279518
6.208149
6.654913
6.535990
6.943563
6.821922
7.197539
7.024447
7.410490
7.201709
5.230148
5.396941
5.659839
5.836772
6.069500
6.198599
6.445580
6.532234
6.734009
6.818423
6.986991
7.021043
4.951506
5.438703
5.415147
5.880338
5.863169
6.300545
6.223957
6.672869
6.548219
6.951490
6.823361
4.741011
4.947676
5.241249
5.417441
5.679745
5.866652
6.099615
6.225620
6.467807
6.548439
4.512678
4.973936
4.985399
5.489763
5.462684
5.925199
5.899470
6.332862
6.240121
4.293069
4.534079
4.791878
5.002061
5.302426
5.479524
5.729619
5.907641
4.084946
4.556107
4.602159
5.070124
5.060114
5.561048
5.510717
3.925935
4.125401
4.383108
4.639340
4.891402
5.081646
3.739530
4.232063
4.217410
4.676172
4.691164
3.589076
3.788163
4.064004
4.258788
3.509944
3.924910
3.864114
3.332422
3.556357
3.304167
6.817234
6.866995
6.377191
6.304090
5.772504
5.591852
4.986562
4.768954
4.148044
3.948025
3.436371
3.340426
2.976780
3.044317
2.797518
2.977947
2.827450
3.053830
2.936410
3.218724
3.085961
3.376136
3.233158
3.324584
3.575891
3.361572
3.576247
3.382394
3.557105
3.347613
3.523210
3.284740
3.436585
3.205933
3.327009
3.083408
3.220826
2.954594
3.098900
2.858988
3.012435
2.782703
3.011051
2.798996
3.069466
2.917723
6.602781
6.527308
6.307864
6.174489
5.946456
5.759254
5.491431
5.291962
4.998149
4.768342
4.506748
4.270472
4.025891
3.847247
3.634704
3.480778
3.360384
3.218308
3.131654
3.057226
2.997446
2.912398
6.388390
6.484538
6.004531
6.050673
5.550978
5.568679
5.050354
5.025746
4.536952
4.499844
4.026798
4.044843
3.609014
3.654550
3.307806
3.387164
3.074080
3.236381
2.937595
3.115152
2.887244
6.108122
5.930884
5.657032
5.450665
5.152272
4.905933
4.620300
4.360458
4.080225
3.872862
3.625976
3.449839
3.298393
3.156345
3.047162
2.981930
2.906473
2.848412
2.853953
2.783399
5.803902
5.796250
5.268769
5.229575
4.717230
4.656066
4.149975
4.128999
3.658599
3.670507
3.295646
3.347838
3.028055
3.164972
2.881032
3.039240
2.826708
2.994973
2.783890
5.426897
5.181240
4.862934
4.586581
4.272175
4.028615
3.742654
3.533027
3.335426
3.174148
3.040733
2.961778
2.877665
2.827775
2.819599
2.779473
2.780713
2.784385
5.059094
4.956417
4.422678
4.357543
3.848099
3.814041
3.391759
3.409287
3.058971
3.162932
2.876327
3.020271
2.808606
2.977132
2.777964
2.998080
2.798427
4.616006
4.344067
4.000031
3.750999
3.493977
3.295207
3.113538
3.005226
2.898303
2.836668
2.813587
2.785864
2.784260
2.804540
2.811846
2.822074
4.207655
4.110089
3.631210
3.590005
3.187916
3.243277
2.925556
3.039095
2.815364
2.976511
2.780243
2.998471
2.816685
3.033986
2.883471
3.811420
3.558853
3.299338
3.143652
2.980644
2.888903
2.832971
2.797814
2.782594
2.809736
2.820838
2.847833
2.898081
2.921833
3.463517
3.447543
3.064341
3.125008
2.859335
2.992219
2.780202
2.988330
2.811616
3.030470
2.896882
3.121465
2.973113
3.182361
3.033285
2.906905
2.840943
2.786824
2.803167
2.801400
2.834380
2.887676
2.928175
2.976073
3.040191
2.995464
3.070974
2.809005
2.984080
2.788994
2.996609
2.864773
3.092148
2.959583
3.220657
3.084981
2.852023
2.823015
2.783113
2.798934
2.836752
2.880476
2.930714
3.011337
3.067263
3.129529
2.800508
2.967325
2.810983
3.025474
2.890181
3.154574
3.029193
3.285403
3.184469
2.791644
2.814200
2.844670
2.923509
2.977910
3.053332
3.143149
3.215029
2.806348
3.054657
2.918776
3.177315
3.082383
3.346632
3.234972
2.862914
2.927316
3.012299
3.089122
3.168615
3.274703
2.937598
3.200157
3.085187
3.387641
3.269975
3.006240
3.107690
3.183300
3.279437
3.081206
3.382499
3.278884
3.184938
3.269346
3.242391
6.987172
7.444734
7.183817
7.571004
7.351753
7.690324
7.474383
7.803896
7.571290
7.875986
7.653856
7.932557
7.689997
7.981977
7.715915
7.990354
7.737533
8.004502
7.714134
8.029640
7.709756
8.001963
7.685940
7.183598
7.129131
7.130159
7.115368
7.143929
7.141002
7.157822
7.199156
7.220171
7.261993
7.304542
7.359275
7.383711
7.463232
7.479180
7.547493
7.566019
7.636570
7.614136
7.719089
7.643025
7.767080
7.179661
7.423664
7.188092
7.411278
7.190434
7.438373
7.235208
7.472872
7.304725
7.549344
7.372664
7.642737
7.463465
7.725926
7.552751
7.823630
7.609697
7.919945
7.664586
7.973326
7.721004
7.312437
7.290601
7.301435
7.309186
7.318794
7.329860
7.360637
7.387600
7.402821
7.462338
7.472495
7.528632
7.546662
7.610879
7.596464
7.689847
7.649810
7.729120
7.701679
7.755556
7.333680
7.584198
7.343251
7.582767
7.373407
7.615970
7.405696
7.670359
7.467298
7.723687
7.537019
7.800502
7.588109
7.880682
7.646993
7.930305
7.704739
7.977543
7.717426
7.449414
7.443995
7.463410
7.468538
7.474896
7.508503
7.514676
7.547424
7.564097
7.610000
7.600849
7.675964
7.650151
7.715538
7.698637
7.755466
7.709314
7.792161
7.479662
7.722687
7.482206
7.745049
7.515364
7.767198
7.558357
7.817417
7.592355
7.874924
7.642012
7.913828
7.691707
7.959336
7.708947
8.004152
7.722770
7.567905
7.590680
7.588435
7.601837
7.614068
7.640636
7.630887
7.685749
7.666407
7.714891
7.703979
7.752345
7.715263
7.787269
7.726804
7.782162
7.590028
7.837390
7.609135
7.864883
7.621947
7.899107
7.655970
7.921818
7.692351
7.956861
7.706130
7.991783
7.722299
7.994107
7.737021
7.675609
7.694120
7.678598
7.717036
7.699560
7.730364
7.721651
7.757346
7.726368
7.783917
7.736623
7.782134
7.744989
7.775769
7.666653
7.937155
7.685032
7.945127
7.704420
7.968726
7.710733
7.991030
7.723406
7.990154
7.732791
7.988311
7.709486
7.736786
7.756399
7.744998
7.772404
7.740959
7.785103
7.745620
7.779920
7.747815
7.775997
7.722229
7.766128
7.719489
7.983892
7.715787
7.993966
7.723857
7.989648
7.726678
7.986473
7.704457
7.976631
7.677574
7.751873
7.787048
7.752263
7.776271
7.744539
7.769130
7.719099
7.756849
7.691547
7.714478
7.715565
7.980598
7.710578
7.978535
7.691774
7.966155
7.667883
7.925744
7.632651
7.732882
7.755242
7.706721
7.735191
7.678762
7.697180
7.642608
7.652435
7.656486
7.936819
7.641697
7.908430
7.610075
7.865348
7.544650
7.654819
7.664307
7.612718
7.623018
7.551575
7.569534
7.550252
7.832869
7.511760
7.784688
7.442148
7.513355
7.518321
7.444034
7.444181
7.380264
7.670143
7.310741
7.308060
7.298447
7.130561
6.789612
7.041477
6.561825
6.730977
6.257242
6.349566
5.887523
5.921595
5.432584
5.455919
4.951837
4.947371
4.486541
4.476175
4.033295
4.090624
3.667040
3.750718
3.409484
3.514540
3.186039
3.379195
3.057814
3.161098
3.637599
3.728235
4.336760
4.471982
5.139933
5.354756
5.958562
6.125276
6.684998
6.741672
7.198680
7.199375
7.553981
7.474060
7.800656
7.645133
7.925537
7.757710
7.987643
7.784197
8.032237
7.759115
7.011584
6.980557
7.191800
7.172612
7.343405
7.344075
7.473704
7.463185
7.591755
7.559231
7.662024
7.641847
7.718146
7.678574
7.765399
7.710556
7.767825
7.740919
7.777534
7.720621
7.790570
7.732789
6.801609
7.237297
7.013740
7.425356
7.201748
7.570886
7.370598
7.697747
7.483534
7.811761
7.574360
7.878366
7.649724
7.935028
7.676500
7.986406
7.701602
7.993970
7.725862
8.017397
7.705262
6.765052
6.794587
6.991880
7.004436
7.200601
7.191947
7.353921
7.359267
7.483723
7.471019
7.597063
7.563794
7.658686
7.643284
7.711891
7.674063
7.758063
7.705802
7.759238
7.730639
6.552020
6.977445
6.811871
7.206801
7.025842
7.417665
7.212274
7.570256
7.376210
7.700740
7.479185
7.814111
7.564667
7.876072
7.635574
7.932971
7.658386
7.983091
7.694047
6.473816
6.527797
6.743436
6.799014
6.985548
7.013526
7.202210
7.202107
7.353334
7.366258
7.483055
7.470869
7.593042
7.560445
7.649582
7.634569
7.706318
7.657780
6.240398
6.672732
6.535061
6.949396
6.815105
7.197889
7.029183
7.416225
7.214640
7.568477
7.372032
7.699135
7.466320
7.808772
7.550435
7.864712
7.625730
6.100249
6.209268
6.446117
6.518598
6.730996
6.803094
6.981418
7.018626
7.200245
7.206550
7.348527
7.365329
7.477812
7.460504
7.587589
7.547690
5.868443
6.290872
6.211645
6.652047
6.530333
6.941504
6.818921
7.197161
7.028173
7.415236
7.209541
7.560870
7.361244
7.688871
7.454140
5.679624
5.839912
6.069918
6.193228
6.438215
6.519800
6.725429
6.809011
6.981108
7.019763
7.198615
7.203270
7.343688
7.357120
5.417901
5.872054
5.846042
6.280191
6.207809
6.655192
6.536268
6.943727
6.821705
7.198432
7.024051
7.410863
7.202072
5.229809
5.397172
5.659347
5.836594
6.069533
6.198270
6.445129
6.532530
6.733375
6.818208
6.987043
7.020649
4.951215
5.438924
5.415353
5.880475
5.862962
6.301298
6.223611
6.673190
6.548517
6.951678
6.823143
4.741034
4.947418
5.240859
5.417688
5.679195
5.866454
6.099627
6.225275
6.467328
6.548743
4.512488
4.974561
4.985096
5.490030
5.462921
5.925377
5.899267
6.333660
6.239774
4.292631
4.533923
4.791883
5.001776
5.301986
5.479771
5.729039
5.907437
4.085126
4.556272
4.601965
5.070821
5.059821
5.561346
5.510970
3.925584
4.125624
4.382620
4.639148
4.891389
5.081348
3.739273
4.232333
4.217622
4.676383
4.690974
3.589092
3.787925
4.063597
4.258995
3.509753
3.925583
3.863875
3.332027
3.556159
3.304327
6.789624
7.041490
6.561839
6.730991
6.257257
6.349581
5.887537
5.921607
5.432595
5.455927
4.951841
4.947371
4.486539
4.476172
4.033288
4.090615
3.667031
3.750709
3.409477
3.514535
3.186035
3.379192
3.057813
3.242378
3.269334
3.278871
3.279425
3.269962
3.274690
3.234959
3.215016
3.184455
3.129514
3.084966
3.040177
2.973097
2.921818
2.883456
2.822060
2.798415
2.784372
2.783880
2.783392
2.887237
2.912393
3.184923
3.382485
3.183286
3.387625
3.168599
3.346615
3.143132
3.285385
3.067245
3.220639
2.976056
3.121446
2.898063
3.033968
2.811828
2.998065
2.780696
2.994960
2.853942
3.115142
2.997440
3.081189
3.107673
3.085169
3.089104
3.082365
3.053313
3.029174
3.011317
2.959563
2.928154
2.896860
2.847812
2.816663
2.804518
2.777945
2.779452
2.826692
2.848400
2.937583
3.057216
3.006222
3.200138
3.012278
3.177294
2.977888
3.154552
2.930691
3.092124
2.887651
3.030445
2.820814
2.998446
2.784235
2.977109
2.819575
3.039220
2.906459
3.236367
3.131643
2.937576
2.927293
2.918753
2.923484
2.890156
2.880450
2.864746
2.834354
2.811587
2.809708
2.780215
2.785836
2.808581
2.827749
2.881008
2.981914
3.074065
3.218295
2.862890
3.054631
2.844643
3.025446
2.836723
2.996579
2.801370
2.988299
2.782564
2.976480
2.813557
3.020242
2.877639
3.164945
3.047143
3.387150
3.360370
2.806321
2.814171
2.810953
2.798903
2.788962
2.803134
2.780169
2.797781
2.815331
2.836636
2.876297
2.961751
3.028029
3.156323
3.307792
3.480765
2.791615
2.967293
2.783081
2.984047
2.786791
2.992183
2.832939
3.039060
2.898270
3.162902
3.040704
3.347814
3.298370
3.654534
3.634693
2.800478
2.822983
2.808971
2.840910
2.859300
2.888868
2.925524
3.005191
3.058942
3.174120
3.295622
3.449820
3.608997
3.847238
2.851992
3.070941
2.906874
3.124974
2.980610
3.243245
3.113508
3.409259
3.335401
3.670484
3.625959
4.044830
4.025881
2.995434
3.033255
3.064312
3.143622
3.187888
3.295180
3.391735
3.533006
3.658581
3.872848
4.026790
4.270467
3.182337
3.447518
3.299314
3.589983
3.493956
3.814023
3.742638
4.128987
4.080215
4.499839
4.506746
3.463500
3.558835
3.631195
3.750986
3.848087
4.028606
4.149969
4.360455
4.536951
4.768344
3.811411
4.110081
4.000025
4.357538
4.272172
4.656066
4.620302
5.025750
4.998154
4.207654
4.344067
4.422681
4.586585
4.717236
4.905940
5.050363
5.291971
4.616013
4.956425
4.862943
5.229585
5.152283
5.568690
5.491443
5.059108
5.181253
5.268783
5.450679
5.550992
5.759268
5.426914
5.796266
5.657048
6.050690
5.946471
5.803920
5.930901
6.004548
6.174505
6.108140
6.484554
6.307880
6.388406
6.527323
6.602795
7.109750
7.513971
7.370176
7.707910
7.567281
7.854878
7.692543
7.952788
7.758925
7.990307
7.784084
7.970371
7.755715
7.922226
7.674083
7.833652
7.573771
7.709771
7.449146
7.584432
7.303421
7.446138
7.139937
7.038068
7.241635
7.013081
7.237089
7.004542
7.218376
7.042759
7.262728
7.090436
7.343348
7.185831
7.432674
7.296618
7.554319
7.395861
7.678125
7.504711
7.778292
7.600541
7.882738
7.656323
7.982498
7.687995
7.130568
7.298452
7.310745
7.444182
7.442148
7.569532
7.544648
7.652431
7.632645
7.714473
7.677569
7.766123
7.709479
7.775762
7.737016
7.782158
7.722767
7.792159
7.717424
7.755554
7.721002
7.767080
7.308065
7.670146
7.444036
7.784688
7.551572
7.865345
7.642604
7.925739
7.691540
7.976624
7.722223
7.988305
7.744983
7.994099
7.726798
8.004147
7.709310
7.977540
7.701677
7.973325
7.643024
7.380266
7.518321
7.511760
7.623016
7.610072
7.697175
7.667878
7.756843
7.704450
7.775989
7.732784
7.782127
7.722293
7.787262
7.708940
7.755460
7.704734
7.729116
7.664583
7.719087
7.513356
7.832867
7.612715
7.908426
7.678757
7.966149
7.719093
7.986467
7.747807
7.990145
7.736615
7.991776
7.715256
7.959330
7.698632
7.930300
7.649805
7.919941
7.614133
7.550250
7.664304
7.641693
7.735186
7.691768
7.769123
7.726670
7.779913
7.723399
7.783909
7.706122
7.752337
7.691700
7.715532
7.646989
7.689844
7.609694
7.636568
7.654816
7.936814
7.706715
7.978529
7.744532
7.989640
7.745612
7.991022
7.726360
7.956853
7.703972
7.913821
7.650143
7.880676
7.596460
7.823627
7.566017
7.656481
7.755236
7.710572
7.776263
7.723850
7.785095
7.710725
7.757338
7.692343
7.714883
7.642005
7.675957
7.588101
7.610871
7.552744
7.547488
7.732876
7.980591
7.752255
7.993957
7.740951
7.968718
7.721642
7.921810
7.666400
7.874916
7.600842
7.800496
7.546657
7.725921
7.479175
7.715558
7.787040
7.715779
7.772394
7.704411
7.730355
7.655960
7.685740
7.592348
7.609994
7.537012
7.528625
7.463459
7.463229
7.751866
7.983885
7.744990
7.945118
7.699551
7.899099
7.630878
7.817408
7.564088
7.723680
7.472488
7.642729
7.383703
7.719481
7.756391
7.685024
7.717028
7.621939
7.640629
7.558350
7.547416
7.467290
7.462331
7.372659
7.359270
7.736778
7.937146
7.678589
7.864874
7.614059
7.767191
7.514669
7.670352
7.402815
7.549338
7.304536
7.666645
7.694112
7.609127
7.601828
7.515356
7.508495
7.405688
7.387592
7.304718
7.261986
7.675601
7.837383
7.588429
7.745042
7.474890
7.615964
7.360631
7.472866
7.220166
7.590020
7.590673
7.482198
7.468530
7.373401
7.329854
7.235202
7.199150
7.567897
7.722680
7.463403
7.582759
7.318787
7.438367
7.157817
7.479655
7.443990
7.343246
7.309181
7.190428
7.140997
7.449407
7.584191
7.301429
7.411272
7.143923
7.333673
7.290595
7.188087
7.115363
7.312432
7.423659
7.130155
7.179656
7.129126
7.183594
6.987181
7.444743
7.183823
7.571007
7.351755
7.690324
7.474383
7.803893
7.571286
7.875983
7.653852
7.932552
7.689990
7.981971
7.715910
7.990351
7.737529
8.004499
7.714131
8.029638
7.709754
8.001962
7.685940
3.304328
3.556158
3.863875
4.258995
4.690974
5.081348
5.510970
5.907436
6.239773
6.548742
6.823143
7.020648
7.202072
7.357120
7.454140
7.547690
7.625729
7.657779
7.694046
7.730639
7.705261
7.732788
3.332025
3.925583
4.063597
4.676384
4.891389
5.561346
5.729039
6.333659
6.467328
6.951677
6.987042
7.410862
7.343687
7.688870
7.587588
7.864711
7.706317
7.983090
7.759237
8.017396
7.790569
3.509751
3.787924
4.217622
4.639148
5.059822
5.479771
5.899267
6.225275
6.548517
6.818208
7.024050
7.203269
7.361243
7.460503
7.550434
7.634568
7.658385
7.705800
7.725860
7.720619
3.589089
4.232332
4.382621
5.070822
5.301987
5.925377
6.099628
6.673190
6.733375
7.198432
7.198614
7.560869
7.477811
7.808770
7.649580
7.932969
7.758061
7.993967
7.777531
3.739270
4.125623
4.601965
5.001777
5.462923
5.866456
6.223613
6.532531
6.821706
7.019763
7.209541
7.365328
7.466318
7.560443
7.635572
7.674060
7.701599
7.740916
3.925580
4.556272
4.791884
5.490032
5.679198
6.301301
6.445131
6.943729
6.981109
7.415235
7.348526
7.699133
7.593039
7.876069
7.711888
7.986402
7.767821
4.085121
4.533922
4.985098
5.417692
5.862967
6.198274
6.536271
6.809012
7.028173
7.206549
7.372030
7.470866
7.564664
7.643280
7.676496
7.710552
4.292627
4.974561
5.240862
5.880479
6.069538
6.655195
6.725431
7.197162
7.200244
7.568475
7.483053
7.814108
7.658682
7.935024
7.765395
4.512486
4.947420
5.415357
5.836600
6.207813
6.519804
6.818923
7.018627
7.214640
7.366257
7.479184
7.563792
7.649721
7.678570
4.741036
5.438929
5.659354
6.280198
6.438221
6.941509
6.981422
7.416228
7.353335
7.700739
7.597061
7.878363
7.718142
4.951218
5.397179
5.846050
6.193236
6.530340
6.803099
7.029187
7.202109
7.376210
7.471017
7.574356
7.641842
5.229814
5.872061
6.069926
6.652055
6.731002
7.197893
7.202212
7.570256
7.483722
7.811758
7.662019
5.417908
5.839920
6.211653
6.518605
6.815111
7.013530
7.212276
7.359267
7.483532
7.559228
5.679634
6.290883
6.446128
6.949405
6.985555
7.417670
7.353923
7.697747
7.591754
5.868455
6.209281
6.535072
6.799023
7.025848
7.191950
7.370599
7.463183
6.100261
6.672744
6.743446
7.206808
7.200605
7.570888
7.473703
6.240411
6.527809
6.811881
7.004443
7.201753
7.344077
6.473830
6.977456
6.991889
7.425362
7.343409
6.552033
6.794597
7.013747
7.172616
6.765064
7.237306
7.191807
6.801621
6.980566
7.011595
3.324583
3.575878
3.361545
3.576227
3.382420
3.556971
3.347676
3.523128
3.284683
3.436501
3.206011
3.326713
3.083532
3.220664
2.954508
3.098731
2.859133
3.011959
2.782894
3.010791
2.798909
3.069157
2.917989
3.445815
3.422201
3.481753
3.453996
3.468058
3.457973
3.430727
3.399566
3.371333
3.308506
3.257107
3.203078
3.120335
3.061188
2.993839
2.923286
2.860522
2.836657
2.771248
2.788918
2.776046
2.878058
3.522080
3.751001
3.540935
3.771822
3.542289
3.730728
3.515674
3.661182
3.426571
3.571809
3.303559
3.433660
3.172261
3.280354
3.013692
3.154967
2.867256
3.045895
2.788684
3.000933
2.776046
3.598551
3.631434
3.642704
3.630253
3.646337
3.602530
3.582752
3.544577
3.480477
3.425687
3.358478
3.273528
3.194044
3.124626
3.018555
2.966326
2.883214
2.833392
2.788684
2.788917
3.683878
3.907610
3.723196
3.912587
3.695689
3.882291
3.632103
3.788220
3.537295
3.653068
3.386949
3.505585
3.206155
3.331039
3.039825
3.158692
2.883214
3.045895
2.771246
3.777293
3.778628
3.790811
3.789121
3.764030
3.732450
3.699210
3.631989
3.571478
3.502397
3.401087
3.327833
3.226567
3.131771
3.039826
2.966325
2.867256
2.836657
3.830613
4.058927
3.844929
4.038271
3.818903
3.971791
3.727299
3.870003
3.586817
3.712078
3.422870
3.516610
3.226567
3.331039
3.018555
3.154966
2.860520
3.895508
3.907394
3.911981
3.884091
3.858324
3.819228
3.750557
3.692571
3.610051
3.516011
3.422870
3.327834
3.206155
3.124626
3.013692
2.923285
3.952870
4.147572
3.940853
4.123061
3.876543
4.032604
3.770892
3.885708
3.610051
3.712079
3.401087
3.505586
3.194045
3.280354
2.993839
3.987002
3.994286
3.966091
3.945734
3.899908
3.837599
3.770893
3.692570
3.586818
3.502398
3.386949
3.273529
3.172262
3.061187
4.008667
4.205174
3.985309
4.140952
3.899907
4.032605
3.750558
3.870003
3.571479
3.653069
3.358479
3.433661
3.120336
4.029327
4.013549
3.985310
3.945735
3.876543
3.819229
3.727301
3.631989
3.537298
3.425689
3.303559
3.203079
4.029328
4.205175
3.966092
4.123062
3.858323
3.971794
3.699213
3.788220
3.480479
3.571812
3.257109
4.008669
3.994287
3.940854
3.884092
3.818903
3.732453
3.632106
3.544578
3.426574
3.308509
3.987005
4.147573
3.911982
4.038273
3.764031
3.882294
3.582755
3.661185
3.371336
3.952873
3.907394
3.844931
3.789125
3.695691
3.602533
3.515677
3.399569
3.895512
4.058927
3.790814
3.912591
3.646341
3.730731
3.430732
3.830616
3.778630
3.723200
3.630257
3.542294
3.457978
3.777297
3.907615
3.642709
3.771826
3.468063
3.683883
3.631439
3.540940
3.454002
3.598557
3.751006
3.481760
3.522087
3.422209
3.445824
3.372056
3.683833
3.564381
3.874577
3.724589
4.007842
3.882744
4.127685
3.975318
4.210276
4.034687
4.228512
4.034686
4.210274
3.975316
4.127683
3.882742
4.007839
3.724584
3.874571
3.564375
3.683825
3.372046
3.324573
3.575880
3.361561
3.576237
3.382383
3.557094
3.347602
3.523199
3.284729
3.436573
3.205920
3.326996
3.083397
3.220813
2.954583
3.098888
2.858977
3.012426
2.782694
3.011044
2.798991
3.069463
2.917721
3.445817
3.422206
3.481722
3.454053
3.467992
3.457969
3.430749
3.399530
3.371243
3.308611
3.256977
3.203035
3.120383
3.061110
2.993687
2.923435
2.860331
2.836559
2.771315
2.788788
2.775805
2.878213
3.522085
3.751050
3.540914
3.771864
3.542325
3.730777
3.515625
3.661376
3.426485
3.571919
3.303619
3.433778
3.172148
3.280712
3.013540
3.155158
2.867331
3.046115
2.788479
3.001488
2.775803
3.598539
3.631437
3.642714
3.630239
3.646285
3.602597
3.582665
3.544552
3.480506
3.425637
3.358364
3.273646
3.193897
3.124562
3.018610
2.966240
2.883029
2.833555
2.788477
2.788785
3.683891
3.907630
3.723176
3.912685
3.695640
3.882356
3.632140
3.788295
3.537214
3.653317
3.386835
3.505719
3.206210
3.331195
3.039667
3.159114
2.883027
3.046112
2.771309
3.777283
3.778652
3.790773
3.789111
3.764045
3.732422
3.699134
3.632070
3.571372
3.502355
3.401125
3.327775
3.226426
3.131906
3.039666
2.966237
2.867326
2.836554
3.830607
4.058949
3.844944
4.038308
3.818856
3.971940
3.727224
3.870088
3.586852
3.712182
3.422752
3.516915
3.226426
3.331192
3.018606
3.155152
2.860323
3.895511
3.907385
3.911947
3.884131
3.858263
3.819203
3.750579
3.692532
3.609951
3.516109
3.422751
3.327773
3.206207
3.124557
3.013534
2.923426
3.952863
4.147623
3.940820
4.123103
3.876561
4.032665
3.770815
3.885907
3.609951
3.712181
3.401122
3.505716
3.193892
3.280704
2.993679
3.986991
3.994279
3.966100
3.945715
3.899850
3.837657
3.770815
3.692531
3.586851
3.502352
3.386830
3.273641
3.172141
3.061100
4.008672
4.205195
3.985276
4.141051
3.899850
4.032665
3.750578
3.870085
3.571370
3.653313
3.358357
3.433771
3.120374
4.029316
4.013569
3.985275
3.945715
3.876559
3.819202
3.727222
3.632066
3.537211
3.425631
3.303611
3.203025
4.029316
4.205194
3.966099
4.123103
3.858261
3.971938
3.699132
3.788290
3.480501
3.571912
3.256966
4.008671
3.994276
3.940819
3.884131
3.818852
3.732419
3.632136
3.544545
3.426478
3.308602
3.986990
4.147620
3.911946
4.038307
3.764040
3.882352
3.582660
3.661368
3.371234
3.952862
3.907382
3.844943
3.789108
3.695635
3.602592
3.515618
3.399521
3.895510
4.058946
3.790770
3.912680
3.646279
3.730770
3.430740
3.830605
3.778648
3.723171
3.630233
3.542318
3.457960
3.777279
3.907625
3.642708
3.771857
3.467983
3.683886
3.631431
3.540906
3.454044
3.598533
3.751043
3.481713
3.522077
3.422196
3.445809
7.016094
7.113855
6.830236
6.887004
6.616524
6.642061
6.389285
6.436182
6.192242
6.277552
6.097613
6.211121
6.097612
6.277551
6.192243
6.436182
6.389284
6.642060
6.616522
6.887002
6.830235
7.113852
7.016092
7.038027
7.241672
7.012927
7.237067
7.004696
7.217950
7.042933
7.262743
7.090095
7.343280
7.186218
7.431832
7.297001
7.554262
7.395441
7.677942
7.505286
7.777114
7.601083
7.882485
7.655959
7.982041
7.688697
6.981400
6.973672
6.926056
6.930512
6.942728
6.949061
6.964976
7.009122
7.047979
7.082458
7.157491
7.199707
7.265293
7.323112
7.393367
7.426085
7.511132
7.528152
7.597367
7.607327
7.668792
7.644359
6.853226
7.029288
6.825780
7.004902
6.809908
7.034375
6.868011
7.089135
6.966992
7.207113
7.077871
7.348136
7.222269
7.483767
7.361535
7.632701
7.475311
7.764210
7.584745
7.873766
7.668792
6.770785
6.751880
6.713431
6.738092
6.736921
6.756419
6.809430
6.850831
6.907986
6.980767
7.056394
7.115829
7.210622
7.271140
7.345902
7.409477
7.480044
7.515023
7.584745
7.607327
6.643813
6.808995
6.608081
6.777501
6.634678
6.839314
6.705651
6.954917
6.848573
7.098025
7.014118
7.281176
7.174001
7.458206
7.340584
7.613922
7.480044
7.764209
7.597367
6.546571
6.522978
6.516836
6.530219
6.542544
6.603009
6.659501
6.721828
6.817647
6.900787
6.987001
7.083531
7.176470
7.247976
7.340584
7.409478
7.475311
7.528152
6.439489
6.577226
6.397493
6.593529
6.466060
6.677708
6.599546
6.850578
6.768894
7.052185
6.979823
7.251315
7.176471
7.458206
7.345901
7.632702
7.511133
6.324396
6.331069
6.325727
6.351928
6.410144
6.482463
6.555109
6.665141
6.766103
6.865016
6.979823
7.083531
7.174002
7.271140
7.361534
7.426087
6.240811
6.377974
6.251507
6.449051
6.348166
6.602681
6.542931
6.804808
6.766103
7.052185
6.987002
7.281176
7.210624
7.483767
7.393365
6.168629
6.180577
6.191296
6.266487
6.337240
6.429304
6.542930
6.665142
6.768895
6.900786
7.014120
7.115829
7.222271
7.323114
6.102807
6.281800
6.174378
6.386873
6.337240
6.602682
6.555109
6.850579
6.817648
7.098024
7.056397
7.348135
7.265295
6.087002
6.116405
6.174379
6.266486
6.348166
6.482465
6.599544
6.721828
6.848575
6.980766
7.077873
7.199708
6.087002
6.281798
6.191299
6.449049
6.410144
6.677710
6.659500
6.954917
6.907988
7.207112
7.157493
6.102808
6.180575
6.251510
6.351926
6.466060
6.603010
6.705651
6.850831
6.966994
7.082457
6.168631
6.377972
6.325729
6.593528
6.542544
6.839314
6.809431
7.089135
7.047980
6.240813
6.331067
6.397493
6.530220
6.634679
6.756418
6.868011
7.009123
6.324395
6.577226
6.516835
6.777500
6.736922
7.034375
6.964976
6.439487
6.522979
6.608079
6.738092
6.809908
6.949061
6.546569
6.808995
6.713430
7.004901
6.942726
6.643810
6.751879
6.825779
6.930512
6.770784
7.029286
6.926055
6.853225
6.973669
6.981398
7.038071
7.241638
7.013085
7.237093
7.004545
7.218381
7.042764
7.262733
7.090442
7.343352
7.185838
7.432678
7.296623
7.554326
7.395862
7.678130
7.504714
7.778293
7.600543
7.882740
7.656324
7.982498
7.687995
6.981377
6.973655
6.925874
6.930718
6.942518
6.948896
6.965186
7.008964
7.047585
7.082937
7.157094
7.199426
7.265658
7.322867
7.392804
7.426733
7.510585
7.527805
7.597741
7.607012
7.668107
7.644983
6.853226
7.029428
6.825727
7.004877
6.810141
7.034397
6.867756
7.089745
6.966704
7.207123
7.078255
7.348226
7.221786
7.484775
7.361038
7.632841
7.475714
7.764462
7.584101
7.875107
7.668108
6.770708
6.751826
6.713505
6.738011
6.736665
6.756746
6.809136
6.850627
6.908281
6.980569
7.055932
7.116420
7.210142
7.270856
7.346295
7.409204
7.479435
7.515726
7.584101
7.607013
6.643889
6.808996
6.607983
6.777821
6.634516
6.839300
6.705945
6.954948
6.848213
7.098809
7.013713
7.281234
7.174399
7.458333
7.340025
7.615074
7.479435
7.764463
7.597743
6.546491
6.523094
6.516683
6.530110
6.542716
6.602876
6.659170
6.722279
6.817271
6.900563
6.987360
7.083300
7.175959
7.248644
7.340026
7.409206
7.475715
7.527806
6.439476
6.577217
6.397641
6.593530
6.465852
6.678208
6.599266
6.850586
6.769230
7.052232
6.979376
7.252249
7.175960
7.458334
7.346296
7.632844
7.510587
6.324411
6.331019
6.325562
6.352170
6.409906
6.482312
6.555370
6.664965
6.765716
6.865570
6.979376
7.083301
7.174401
7.270857
7.361039
7.426737
6.240783
6.378145
6.251383
6.449038
6.348375
6.602684
6.542622
6.805473
6.765717
7.052233
6.987362
7.281235
7.210145
7.484779
7.392804
6.168566
6.180520
6.191407
6.266383
6.337001
6.429668
6.542622
6.664966
6.769231
6.900563
7.013716
7.116422
7.221790
7.322872
6.102855
6.281791
6.174232
6.387216
6.337002
6.602685
6.555370
6.850588
6.817275
7.098810
7.055936
7.348228
7.265663
6.086947
6.116528
6.174233
6.266382
6.348376
6.482314
6.599267
6.722281
6.848218
6.980571
7.078261
7.199429
6.086948
6.281790
6.191410
6.449038
6.409907
6.678211
6.659172
6.954950
6.908286
7.207126
7.157100
6.102858
6.180518
6.251386
6.352170
6.465853
6.602879
6.705948
6.850629
6.966709
7.082940
6.168568
6.378142
6.325566
6.593532
6.542718
6.839304
6.809140
7.089750
7.047589
6.240784
6.331019
6.397643
6.530112
6.634520
6.756748
6.867761
7.008969
6.324413
6.577220
6.516684
6.777824
6.736670
7.034401
6.965190
6.439477
6.523097
6.607985
6.738014
6.810145
6.948901
6.546491
6.809000
6.713508
7.004881
6.942521
6.643890
6.751828
6.825730
6.930722
6.770710
7.029431
6.925877
6.853230
6.973657
6.981380

