Tension at each vertex
7.294727
7.294706
7.295328
7.295317
3.562791
7.358261
3.562800
7.358270
3.268231
3.269033
8.066624
8.068337
6.813632
6.868657
6.385993
6.321236
5.796269
5.620178
5.017581
4.795757
4.168852
3.957653
3.436294
3.329460
2.960980
3.024396
2.778578
2.959939
2.812169
3.040484
2.925363
3.208718
3.076230
3.367291
3.222640
6.775399
6.501116
6.331188
5.993335
5.700466
5.314944
4.920791
4.481500
4.090185
3.679334
3.368405
3.107238
2.924124
2.817557
2.778807
2.765718
2.803611
2.865482
2.912354
3.005987
3.063247
3.180794
6.805543
6.791942
6.309283
6.244349
5.673046
5.499129
4.895649
4.648138
4.043923
3.852616
3.335692
3.276692
2.928533
2.997131
2.777837
2.969462
2.800260
3.058197
2.923548
3.201298
3.063199
6.747351
6.507352
6.270332
5.933417
5.637986
5.205750
4.825842
4.381508
3.979086
3.594677
3.303789
3.047246
2.905893
2.811504
2.763683
2.778444
2.809310
2.857404
2.923592
3.006002
6.761134
6.761637
6.286734
6.171395
5.612240
5.429929
4.794459
4.564490
3.963373
3.770003
3.284230
3.242559
2.892734
3.000322
2.775456
2.960018
2.809243
3.058196
2.912288
6.773900
6.468013
6.252055
5.906538
5.573797
5.149391
4.765904
4.300480
3.925886
3.547478
3.256700
3.031680
2.896304
2.797006
2.775500
2.778466
2.800298
2.865479
6.752826
6.759453
6.242181
6.141066
5.573210
5.362314
4.744296
4.515214
3.904683
3.744471
3.261371
3.219493
2.896230
3.000326
2.763606
2.969414
2.803591
6.750690
6.463398
6.245218
5.862210
5.547055
5.114031
4.716131
4.274460
3.903463
3.520271
3.261415
3.031708
2.892773
2.811493
2.777933
2.765674
6.762836
6.728319
6.230119
6.121716
5.531099
5.342459
4.719961
4.486064
3.903387
3.744478
3.256623
3.242504
2.905876
2.997021
2.778758
6.752279
6.464584
6.218722
5.854379
5.534392
5.088581
4.720006
4.274495
3.904731
3.547476
3.284341
3.047200
2.928602
2.817598
6.746866
6.726222
6.225132
6.100891
5.534336
5.342469
4.716065
4.515167
3.925887
3.769889
3.303746
3.276651
2.924006
6.754522
6.450949
6.225172
5.854412
5.531140
5.114041
4.744424
4.300446
3.963464
3.594740
3.335702
3.107251
6.754493
6.726223
6.218671
6.121679
5.547078
5.362202
4.765890
4.564466
3.978988
3.852525
3.368433
6.746887
6.464602
6.230235
5.862171
5.573320
5.149478
4.794491
4.381552
4.044094
3.679255
6.752317
6.728196
6.245242
6.141044
5.573716
5.429852
4.825910
4.647923
4.090200
6.762945
6.463471
6.242197
5.906601
5.612439
5.205690
4.895809
4.481623
6.750624
6.759386
6.252152
6.171161
5.638041
5.499081
4.920682
6.753000
6.467925
6.286913
5.933560
5.673065
5.315044
6.774010
6.761572
6.270228
6.244232
5.700609
6.761112
6.507467
6.309554
5.993242
6.747525
6.791559
6.331307
6.805785
6.501320
6.775282
6.881949
7.186610
6.885976
7.224705
6.884127
7.187506
6.909925
7.182649
6.898746
7.187795
6.906734
7.176183
6.906716
7.187822
6.898803
7.182691
6.909857
7.187772
6.884018
7.224813
6.886118
7.186748
6.881776
7.096565
7.497600
7.350173
7.688203
7.545646
7.834330
7.671763
7.933131
7.739647
7.972081
7.766180
7.953426
7.738640
7.906007
7.657377
7.817707
7.557126
7.694146
7.432506
7.569867
7.287257
7.433737
7.125641
7.112701
7.155746
7.362253
7.387053
7.533254
7.557170
7.652407
7.654253
7.728562
7.691958
7.746436
7.695680
7.709381
7.650749
7.649363
7.559232
7.551639
7.454355
7.425236
7.329091
7.287542
7.205015
7.136327
7.494625
7.368198
7.718166
7.553455
7.853782
7.687066
7.932411
7.750977
7.972209
7.754131
7.956263
7.726441
7.890539
7.654673
7.808635
7.543503
7.698598
7.424906
7.576273
7.287540
7.103278
7.206621
7.366466
7.411448
7.562597
7.560615
7.675965
7.663905
7.729441
7.703119
7.748317
7.685390
7.714995
7.643465
7.637687
7.563643
7.544846
7.451298
7.424731
7.329137
7.113766
7.497067
7.395011
7.710738
7.570495
7.866021
7.682600
7.945501
7.751483
7.964341
7.758317
7.952235
7.710862
7.893972
7.645001
7.801600
7.544832
7.698678
7.425365
7.139763
7.197005
7.385471
7.434054
7.562949
7.578933
7.688123
7.659857
7.744544
7.704562
7.742931
7.692961
7.714184
7.635023
7.644857
7.563680
7.543472
7.454245
7.119208
7.514160
7.385410
7.722860
7.581997
7.859079
7.694407
7.948035
7.741021
7.973164
7.754145
7.943730
7.714158
7.894044
7.637788
7.808607
7.551659
7.124453
7.211264
7.403320
7.429318
7.579399
7.587114
7.683392
7.671722
7.747905
7.696402
7.754043
7.692992
7.710850
7.643364
7.654565
7.559375
7.137314
7.498996
7.398057
7.730260
7.574182
7.870486
7.695431
7.938892
7.747871
7.973225
7.743000
7.952214
7.715000
7.890783
7.649219
7.132242
7.225495
7.395002
7.442502
7.584488
7.578733
7.695373
7.671739
7.741026
7.704476
7.758239
7.685509
7.726204
7.650710
7.128293
7.506241
7.404295
7.720435
7.584451
7.870528
7.683429
7.948030
7.744527
7.964553
7.748180
7.956375
7.709546
7.137494
7.217655
7.404285
7.442503
7.574204
7.587053
7.694351
7.659950
7.751299
7.703084
7.754196
7.695512
7.137458
7.506259
7.395007
7.730272
7.579351
7.859258
7.687998
7.945600
7.729559
7.972231
7.746341
7.128329
7.225461
7.398012
7.429392
7.581873
7.578892
7.682659
7.663768
7.750822
7.692156
7.132156
7.499142
7.403207
7.722934
7.563018
7.866063
7.675862
7.932788
7.728343
7.137247
7.211212
7.385468
7.433954
7.570361
7.560770
7.686816
7.654165
7.124474
7.514219
7.385337
7.711057
7.562406
7.853917
7.652560
7.119091
7.197126
7.394831
7.411355
7.553544
7.556989
7.139586
7.497169
7.366555
7.718255
7.533087
7.113848
7.206486
7.367998
7.387240
7.103065
7.495058
7.362010
7.136108
7.155596
7.112779
6.780872
7.040175
6.560916
6.737411
6.266339
6.364422
5.904101
5.943290
5.453377
5.478641
4.972418
4.966274
4.500574
4.488032
4.038850
4.093209
3.664829
3.745997
3.400586
3.505654
3.172960
3.367694
3.045543
3.230627
3.259927
3.269028
3.270667
3.261246
3.266704
3.226840
3.207364
3.175886
3.120667
3.075229
3.028870
2.960609
2.907692
2.867987
2.804741
2.781084
2.765550
2.766088
2.765148
2.871850
2.893487
3.175754
3.373191
3.175030
3.379533
3.160844
3.339054
3.135145
3.276879
3.058462
3.210277
2.964720
3.108631
2.883757
3.017765
2.795284
2.979886
2.762933
2.976918
2.838174
3.098930
2.984832
3.071608
3.098959
3.076254
3.081553
3.074006
3.045398
3.020696
3.002223
2.949079
2.916901
2.883771
2.832905
2.801058
2.786793
2.760237
2.760889
2.809633
2.831221
2.923244
3.043437
2.996724
3.190318
3.003496
3.167574
2.969312
3.144121
2.920401
3.080019
2.875177
3.015195
2.805931
2.980606
2.766942
2.958378
2.802561
3.021543
2.892357
3.223147
3.120475
2.926059
2.916362
2.907784
2.912845
2.878371
2.869046
2.851683
2.820427
2.796677
2.793284
2.762828
2.767941
2.790733
2.809928
2.865287
2.967632
3.062092
3.209092
2.850595
3.040664
2.831845
3.010969
2.823193
2.980029
2.786394
2.969802
2.765477
2.956992
2.796187
3.001082
2.862522
3.149808
3.035758
3.378544
3.354311
2.790633
2.798916
2.794887
2.782677
2.772231
2.785927
2.762194
2.780038
2.797405
2.818970
2.860537
2.947289
3.015956
3.147701
3.301400
3.477673
2.774624
2.948217
2.765902
2.964159
2.769091
2.972063
2.815807
3.019726
2.883819
3.147668
3.030477
3.339493
3.294437
3.652644
3.636995
2.781690
2.804219
2.790246
2.822952
2.842059
2.872749
2.911666
2.993475
3.049623
3.169173
3.292588
3.451103
3.612445
3.853290
2.834418
3.052341
2.891338
3.108413
2.969384
3.231549
3.107861
3.405340
3.337089
3.674278
3.634706
4.054473
4.037551
2.980859
3.020673
3.054895
3.136680
3.185158
3.297189
3.397130
3.543191
3.671202
3.888430
4.042173
4.287711
3.176137
3.442364
3.300658
3.594084
3.504575
3.827193
3.761977
4.149352
4.103328
4.522456
4.528370
3.466968
3.567121
3.644818
3.770144
3.872272
4.056612
4.178452
4.390693
4.563456
4.793452
3.826679
4.129010
4.026547
4.387445
4.306577
4.691257
4.654711
5.056737
5.025969
4.232781
4.374251
4.457499
4.625781
4.755753
4.943574
5.082520
5.319942
4.647134
4.991364
4.901374
5.268559
5.189817
5.601403
5.518001
5.091404
5.216848
5.305303
5.485883
5.580057
5.784218
5.456651
5.826637
5.686375
6.077313
5.966469
5.827163
5.954718
6.023967
6.190226
6.122951
6.498402
6.318074
6.395913
6.532232
6.600264
7.096837
7.497441
7.350080
7.688027
7.545953
7.833828
7.671981
7.933073
7.739530
7.971934
7.766490
7.952991
7.738831
7.906000
7.657307
7.817595
7.557413
7.693874
7.432650
7.569903
7.287305
7.433654
7.125837
7.023747
7.231786
6.999857
7.226510
6.992667
7.206749
7.030371
7.251547
7.077551
7.331657
7.174145
7.420465
7.285032
7.543234
7.383526
7.666458
7.492936
7.764854
7.587300
7.869114
7.640361
7.967524
7.672030
7.111239
7.280530
7.289692
7.423846
7.420095
7.549332
7.522108
7.633148
7.611339
7.695190
7.657749
7.748180
7.689419
7.759231
7.718035
7.764988
7.705100
7.776045
7.698836
7.740973
7.703316
7.750948
7.289464
7.649682
7.422550
7.763775
7.529102
7.845051
7.621386
7.905576
7.671816
7.957793
7.702433
7.970749
7.726300
7.975974
7.709249
7.987026
7.690813
7.961842
7.684004
7.956853
7.626529
7.357775
7.496970
7.487483
7.601555
7.586821
7.676215
7.646514
7.737838
7.683809
7.758799
7.713840
7.764869
7.704806
7.771200
7.690964
7.740746
7.687936
7.713868
7.649203
7.704986
7.491986
7.811270
7.591169
7.886484
7.658252
7.945863
7.699170
7.967894
7.729468
7.971664
7.719648
7.974479
7.697835
7.943406
7.682325
7.914123
7.634675
7.905062
7.598328
7.527546
7.642419
7.619142
7.714782
7.670029
7.750809
7.707192
7.762379
7.705877
7.767823
7.688658
7.737473
7.675356
7.700322
7.632012
7.676152
7.594647
7.624216
7.634533
7.916161
7.686776
7.958921
7.726420
7.970525
7.729102
7.973256
7.709819
7.940278
7.688385
7.897159
7.635656
7.865602
7.581594
7.810168
7.552611
7.634884
7.735527
7.690390
7.757542
7.705551
7.768425
7.693173
7.742206
7.676099
7.699538
7.626754
7.661753
7.572678
7.598262
7.539072
7.534855
7.714264
7.961385
7.735238
7.976033
7.724677
7.951785
7.706442
7.904575
7.651944
7.858811
7.585922
7.786039
7.533053
7.712012
7.467267
7.696400
7.768995
7.697502
7.755972
7.687699
7.714492
7.640355
7.670939
7.576196
7.596225
7.522001
7.515023
7.450275
7.451658
7.734687
7.966795
7.729315
7.928128
7.684878
7.882555
7.615651
7.801567
7.549558
7.708086
7.459238
7.629455
7.371010
7.701712
7.739339
7.668504
7.701123
7.605424
7.625803
7.542367
7.532365
7.452141
7.448906
7.358120
7.347908
7.721164
7.920785
7.663114
7.848965
7.598877
7.750613
7.499957
7.655004
7.388254
7.536074
7.292393
7.649398
7.678077
7.592522
7.585638
7.499226
7.493323
7.389210
7.373865
7.290383
7.249269
7.660153
7.821080
7.573378
7.728928
7.459147
7.600688
7.346295
7.458397
7.208074
7.573327
7.574393
7.465032
7.452876
7.357083
7.314753
7.220795
7.186772
7.552150
7.707252
7.448026
7.567094
7.304391
7.424717
7.144561
7.462656
7.427603
7.326686
7.294322
7.174737
7.128917
7.434245
7.569588
7.286497
7.398222
7.131364
7.316659
7.275297
7.172821
7.102005
7.298194
7.410433
7.118006
7.163854
7.115598
7.170338
6.974063
7.431439
7.166203
7.554514
7.332496
7.671724
7.454754
7.785245
7.550855
7.857871
7.634114
7.913797
7.671189
7.963924
7.696179
7.973342
7.718365
7.986442
7.695893
8.012480
7.689894
7.986841
7.666447
3.293005
3.545366
3.856411
4.252664
4.686890
5.079120
5.509046
5.904641
6.236764
6.542756
6.815350
7.011428
7.189929
7.343469
7.440046
7.531119
7.608541
7.640912
7.675087
7.711864
7.687333
7.713360
3.320285
3.917663
4.055120
4.671409
4.886647
5.557985
5.726434
6.330114
6.462404
6.945899
6.978438
7.400511
7.332816
7.675134
7.573475
7.849997
7.690145
7.966041
7.743590
7.999415
7.773703
3.501174
3.778596
4.210824
4.631560
5.055098
5.474328
5.894561
6.220306
6.542220
6.810062
7.015493
7.191582
7.348696
7.446847
7.534587
7.617665
7.641560
7.686885
7.706501
7.703122
3.580860
4.226654
4.376897
5.065801
5.296825
5.921224
6.094641
6.667275
6.727260
7.189549
7.188854
7.549943
7.465036
7.794441
7.635897
7.916165
7.741917
7.977575
7.760301
3.734943
4.120292
4.598484
4.997309
5.458830
5.861044
6.219297
6.525589
6.814352
7.010911
7.198754
7.352296
7.453272
7.543980
7.618679
7.656742
7.682037
7.722002
3.923367
4.556543
4.790840
5.488710
5.677317
6.297342
6.440374
6.937374
6.972989
7.404739
7.338283
7.685295
7.579422
7.860966
7.695644
7.969098
7.751948
4.087139
4.535079
4.988066
5.416395
5.861755
6.194505
6.531235
6.801120
7.020143
7.194575
7.359275
7.456288
7.547890
7.625340
7.658479
7.690936
4.298952
4.980727
5.245449
5.883184
6.069220
6.651662
6.720750
7.188303
7.190523
7.556600
7.469573
7.798711
7.643684
7.917288
7.748412
4.522246
4.955370
5.422013
5.838056
6.208369
6.514774
6.812730
7.009160
7.202896
7.351698
7.463917
7.545618
7.631095
7.659928
4.753942
5.450298
5.667860
6.283635
6.437753
6.937251
6.973553
7.405195
7.341434
7.685562
7.581336
7.861805
7.700313
4.967708
5.408019
5.854269
6.195012
6.528655
6.795857
7.020503
7.188358
7.361111
7.453931
7.555485
7.622194
5.247218
5.885854
6.077528
6.654194
6.728454
7.189865
7.191021
7.556965
7.467734
7.794740
7.644772
5.435979
5.850600
6.218366
6.516613
6.809710
7.002912
7.198509
7.342089
7.465909
7.538839
5.697589
6.301789
6.450104
6.948027
6.977495
7.406026
7.339565
7.680939
7.573669
5.884047
6.216293
6.535925
6.792300
7.016005
7.176066
7.353342
7.443581
6.113118
6.678409
6.741919
7.199213
7.187832
7.556196
7.455541
6.249987
6.527512
6.806228
6.992697
7.186337
7.324755
6.479628
6.976512
6.983390
7.412846
7.327276
6.552782
6.787036
7.002340
7.155106
6.763580
7.228821
7.178279
6.794275
6.967076
7.001851
6.881927
7.186590
6.885955
7.224684
6.884107
7.187484
6.909904
7.182629
6.898727
7.187775
6.906716
7.176165
6.906698
7.187805
6.898787
7.182675
6.909843
7.187758
6.884004
7.224800
6.886106
7.186736
6.881765
6.813273
6.868843
6.385980
6.321307
5.796020
5.620482
5.017305
4.795845
4.168825
3.957693
3.436160
3.329668
2.960840
3.024492
2.778580
2.959986
2.812113
3.040592
2.925290
3.208764
3.076208
3.367309
3.222611
6.775259
6.501297
6.331283
5.993219
5.700587
5.315025
4.920666
4.481612
4.090196
3.679258
3.368443
3.107266
2.924028
2.817620
2.778779
2.765696
2.803611
2.865496
2.912305
3.006016
3.063212
3.180804
6.805762
6.791536
6.309531
6.244209
5.673043
5.499062
4.895794
4.647912
4.044090
3.852527
3.335710
3.276664
2.928618
2.997038
2.777952
2.969432
2.800316
3.058212
2.923607
3.201311
3.063259
6.747503
6.507443
6.270205
5.933536
5.638018
5.205669
4.825894
4.381540
3.978980
3.594741
3.303753
3.047210
2.905890
2.811511
2.763623
2.778483
2.809260
2.857419
2.923562
3.005999
6.761090
6.761549
6.286889
6.171137
5.612417
5.429833
4.794474
4.564454
3.963459
3.769889
3.284345
3.242513
2.892786
3.000338
2.775514
2.960032
2.809323
3.058209
2.912366
6.773988
6.467902
6.252129
5.906578
5.573693
5.149458
4.765872
4.300433
3.925879
3.547473
3.256625
3.031713
2.896237
2.797017
2.775468
2.778456
2.800273
2.865493
6.752978
6.759363
6.242173
6.141021
5.573297
5.362181
4.744406
4.515153
3.904720
3.744474
3.261415
3.219495
2.896311
3.000330
2.763692
2.969471
2.803621
6.750602
6.463448
6.245218
5.862148
5.547055
5.114021
4.716046
4.274481
3.903377
3.520264
3.261368
3.031680
2.892736
2.811508
2.777843
2.765725
6.762923
6.728173
6.230212
6.121656
5.531117
5.342448
4.719986
4.486047
3.903449
3.744461
3.256695
3.242554
2.905892
2.997134
2.778811
6.752296
6.464580
6.218648
5.854389
5.534313
5.088559
4.719942
4.274442
3.904668
3.547468
3.284220
3.047240
2.928529
2.817554
6.746866
6.726201
6.225149
6.100867
5.534370
5.342438
4.716110
4.515196
3.925868
3.769986
3.303777
3.276681
2.924117
6.754473
6.450928
6.225111
5.854357
5.531076
5.114009
4.744275
4.300459
3.963354
3.594660
3.335677
3.107226
6.754502
6.726201
6.218700
6.121693
5.547032
5.362292
4.765881
4.564468
3.979065
3.852597
3.368387
6.746847
6.464564
6.230098
5.862189
5.573189
5.149370
4.794436
4.381486
4.043900
3.679311
6.752262
6.728300
6.245199
6.141046
5.573775
5.429907
4.825819
4.648114
4.090162
6.762819
6.463381
6.242162
5.906519
5.612220
5.205729
4.895626
4.481477
6.750674
6.759436
6.252037
6.171377
5.637967
5.499108
4.920768
6.752811
6.467997
6.286717
5.933399
5.673026
5.314924
6.773885
6.761621
6.270315
6.244332
5.700447
6.761120
6.507336
6.309267
5.993318
6.747337
6.791928
6.331174
6.805530
6.501103
6.775388
7.096817
7.497423
7.350064
7.688012
7.545941
7.833817
7.671973
7.933066
7.739525
7.971931
7.766490
7.952991
7.738833
7.906004
7.657313
7.817602
7.557420
7.693882
7.432659
7.569912
7.287315
7.433664
7.125847
7.112769
7.155586
7.362001
7.387232
7.533079
7.556982
7.652555
7.654162
7.728340
7.692155
7.746342
7.695514
7.709549
7.650715
7.649226
7.559383
7.551667
7.454254
7.425375
7.329146
7.287550
7.205025
7.136097
7.495048
7.367989
7.718246
7.553537
7.853911
7.686811
7.932784
7.750820
7.972230
7.754197
7.956377
7.726207
7.890788
7.654571
7.808613
7.543480
7.698686
7.424739
7.576282
7.287553
7.103054
7.206475
7.366545
7.411346
7.562399
7.560763
7.675856
7.663764
7.729556
7.703083
7.748181
7.685510
7.715003
7.643368
7.637793
7.563689
7.544842
7.451306
7.424917
7.329102
7.113835
7.497157
7.394820
7.711047
7.570353
7.866056
7.682653
7.945596
7.751297
7.964552
7.758240
7.952217
7.710853
7.894050
7.644864
7.801607
7.544853
7.698607
7.425245
7.139573
7.197114
7.385326
7.433944
7.563009
7.578885
7.687992
7.659945
7.744525
7.704475
7.743001
7.692994
7.714162
7.635027
7.645006
7.563649
7.543512
7.454363
7.119078
7.514206
7.385456
7.722923
7.581864
7.859250
7.694344
7.948025
7.741023
7.973223
7.754043
7.943732
7.714188
7.893976
7.637693
7.808644
7.551647
7.124460
7.211199
7.403195
7.429381
7.579341
7.587045
7.683422
7.671735
7.747868
7.696400
7.754146
7.692964
7.710865
7.643470
7.654680
7.559238
7.137233
7.499129
7.398000
7.730261
7.574194
7.870519
7.695367
7.938887
7.747902
7.973162
7.742931
7.952237
7.714998
7.890543
7.649368
7.132141
7.225448
7.394993
7.442491
7.584441
7.578724
7.695424
7.671716
7.741018
7.704560
7.758317
7.685392
7.726445
7.650753
7.128313
7.506244
7.404271
7.720423
7.584477
7.870477
7.683385
7.948030
7.744540
7.964339
7.748318
7.956265
7.709384
7.137441
7.217640
7.404282
7.442490
7.574171
7.587105
7.694400
7.659851
7.751479
7.703117
7.754130
7.695681
7.137477
7.506226
7.394987
7.730248
7.579388
7.859069
7.688115
7.945495
7.729437
7.972207
7.746435
7.128275
7.225479
7.398042
7.429305
7.581986
7.578923
7.682592
7.663900
7.750974
7.691955
7.132224
7.498979
7.403306
7.722847
7.562937
7.866012
7.675957
7.932405
7.728557
7.137296
7.211247
7.385394
7.434040
7.570483
7.560605
7.687057
7.654247
7.124434
7.514143
7.385455
7.710724
7.562585
7.853772
7.652399
7.119189
7.196987
7.394995
7.411434
7.553443
7.557160
7.139744
7.497049
7.366451
7.718152
7.533242
7.113746
7.206603
7.368182
7.387039
7.103259
7.494607
7.362236
7.136307
7.155728
7.112682
6.813609
6.868634
6.385968
6.321213
5.796246
5.620158
5.017566
4.795747
4.168847
3.957657
3.436305
3.329477
2.960999
3.024419
2.778602
2.959961
2.812191
3.040504
2.925380
3.208733
3.076244
3.367302
3.222650
3.313882
3.565652
3.350219
3.566535
3.372299
3.548228
3.338565
3.514755
3.276028
3.428010
3.196285
3.316883
3.071911
3.208074
2.940210
3.083476
2.842036
2.994761
2.764677
2.993436
2.781688
3.054001
2.903277
6.600242
6.532210
6.318052
6.190204
5.966450
5.784200
5.517985
5.319930
5.025961
4.793447
4.528369
4.287715
4.037557
3.853297
3.637004
3.477685
3.354323
3.209103
3.120483
3.043445
2.984837
2.893491
6.395890
6.498380
6.023945
6.077292
5.580039
5.601388
5.082509
5.056730
4.563454
4.522458
4.042178
4.054483
3.612459
3.652657
3.301412
3.378557
3.062105
3.223160
2.923254
3.098939
2.871856
6.122928
5.954697
5.686355
5.485865
5.189803
4.943564
4.654706
4.390693
4.103334
3.888441
3.634719
3.451119
3.294457
3.147720
3.035773
2.967646
2.892368
2.831232
2.838182
2.765155
5.827141
5.826617
5.305287
5.268546
4.755745
4.691254
4.178455
4.149360
3.671216
3.674297
3.292608
3.339514
3.015979
3.149832
2.865308
3.021560
2.809647
2.976929
2.766097
5.456632
5.216832
4.901362
4.625774
4.306575
4.056617
3.761988
3.543207
3.337110
3.169197
3.030503
2.947313
2.862546
2.809951
2.802583
2.760909
2.762949
2.765563
5.091388
4.991353
4.457493
4.387447
3.872280
3.827207
3.397150
3.405364
3.049648
3.147695
2.860565
3.001107
2.790755
2.958399
2.760254
2.979900
2.781095
4.647123
4.374246
4.026549
3.770153
3.504591
3.297211
3.107886
2.993505
2.883848
2.818999
2.796214
2.767966
2.766964
2.786812
2.795301
2.804755
4.232778
4.129014
3.644829
3.594101
3.185180
3.231576
2.911693
3.019757
2.797435
2.957020
2.762853
2.980628
2.801077
3.017782
2.868001
3.826683
3.567133
3.300676
3.136704
2.969412
2.872779
2.815835
2.780067
2.765504
2.793308
2.805953
2.832924
2.883773
2.907705
3.466978
3.442383
3.054918
3.108441
2.842090
2.972095
2.762224
2.969830
2.796704
3.015218
2.883791
3.108648
2.960623
3.176153
3.020696
2.891363
2.822980
2.769119
2.785956
2.786421
2.820450
2.875199
2.916920
2.964736
3.028883
2.980882
3.052368
2.790275
2.964188
2.772259
2.980055
2.851707
3.080040
2.949097
3.210293
3.075243
2.834442
2.804246
2.765930
2.782704
2.823218
2.869069
2.920422
3.002241
3.058478
3.120680
2.781715
2.948243
2.794912
3.010994
2.878393
3.144141
3.020713
3.276895
3.175899
2.774648
2.798941
2.831868
2.912866
2.969331
3.045415
3.135160
3.207377
2.790656
3.040686
2.907805
3.167593
3.074023
3.339068
3.226852
2.850615
2.916382
3.003514
3.081569
3.160858
3.266715
2.926078
3.190335
3.076270
3.379546
3.261257
2.996740
3.098973
3.175042
3.270678
3.071623
3.373204
3.269039
3.175766
3.259937
3.230639
6.974044
7.431420
7.166185
7.554499
7.332483
7.671712
7.454742
7.785236
7.550848
7.857864
7.634108
7.913793
7.671187
7.963922
7.696176
7.973339
7.718364
7.986442
7.695893
8.012480
7.689894
7.986841
7.666447
7.170349
7.115609
7.118016
7.102015
7.131374
7.128926
7.144570
7.186781
7.208081
7.249277
7.292399
7.347914
7.371018
7.451661
7.467271
7.534858
7.552611
7.624217
7.598330
7.704987
7.626529
7.750947
7.163865
7.410443
7.172831
7.398232
7.174746
7.424726
7.220803
7.458405
7.290390
7.536080
7.358126
7.629462
7.450279
7.712016
7.539077
7.810169
7.594648
7.905065
7.649204
7.956853
7.703316
7.298203
7.275307
7.286507
7.294331
7.304401
7.314761
7.346303
7.373874
7.388260
7.448912
7.459245
7.515028
7.533057
7.598267
7.581596
7.676153
7.634678
7.713870
7.684004
7.740973
7.316670
7.569597
7.326694
7.567104
7.357092
7.600694
7.389219
7.655011
7.452147
7.708091
7.522006
7.786042
7.572682
7.865605
7.632012
7.914125
7.687937
7.961842
7.698835
7.434256
7.427611
7.448034
7.452885
7.459154
7.493331
7.499964
7.532372
7.549564
7.596229
7.585926
7.661757
7.635660
7.700324
7.682327
7.740748
7.690813
7.776045
7.462664
7.707260
7.465041
7.728935
7.499234
7.750619
7.542372
7.801574
7.576200
7.858815
7.626757
7.897162
7.675358
7.943408
7.690966
7.987026
7.705099
7.552157
7.574400
7.573384
7.585646
7.598883
7.625807
7.615657
7.670944
7.651947
7.699541
7.688387
7.737475
7.697836
7.771202
7.709250
7.764987
7.573335
7.821085
7.592528
7.848971
7.605429
7.882559
7.640360
7.904578
7.676101
7.940280
7.688660
7.974480
7.704806
7.975975
7.718034
7.660158
7.678082
7.663119
7.701127
7.684882
7.714495
7.706444
7.742208
7.709820
7.767824
7.719648
7.764868
7.726300
7.759231
7.649402
7.920789
7.668507
7.928130
7.687702
7.951786
7.693174
7.973256
7.705877
7.971664
7.713839
7.970747
7.689418
7.721167
7.739341
7.729316
7.755974
7.724677
7.768424
7.729102
7.762377
7.729466
7.758798
7.702430
7.748177
7.701714
7.966794
7.697501
7.976033
7.705549
7.970523
7.707190
7.967890
7.683807
7.957790
7.657745
7.734686
7.768994
7.735236
7.757539
7.726416
7.750806
7.699166
7.737833
7.671813
7.695186
7.696397
7.961381
7.690386
7.958916
7.670024
7.945858
7.646508
7.905570
7.611334
7.714259
7.735521
7.686770
7.714775
7.658245
7.676208
7.621379
7.633141
7.634876
7.916154
7.619135
7.886475
7.586813
7.845042
7.522098
7.634524
7.642410
7.591160
7.601544
7.529092
7.549322
7.527535
7.811259
7.487471
7.763763
7.420083
7.491972
7.496957
7.422536
7.423832
7.357761
7.649667
7.289677
7.289447
7.280514
7.111222
6.780851
7.040153
6.560894
6.737390
6.266318
6.364402
5.904083
5.943274
5.453363
5.478630
4.972412
4.966271
4.500573
4.488034
4.038855
4.093216
3.664836
3.746003
3.400591
3.505658
3.172963
3.367697
3.045544
3.147300
3.628357
3.719184
4.330877
4.468122
5.138367
5.353434
5.958468
6.123089
6.681153
6.736426
7.190027
7.189056
7.542447
7.460270
7.785610
7.630573
7.908522
7.740943
7.971429
7.766576
8.014957
7.744370
7.001831
6.967057
7.178262
7.155091
7.327261
7.324741
7.455531
7.443572
7.573660
7.538831
7.644767
7.622191
7.700309
7.659925
7.748409
7.690935
7.751947
7.722002
7.760301
7.703122
7.773703
7.713361
6.794254
7.228802
7.002323
7.412830
7.186322
7.556184
7.353331
7.680928
7.465900
7.794733
7.555480
7.861799
7.631091
7.917285
7.658477
7.969097
7.682037
7.977574
7.706500
7.999415
7.687332
6.763559
6.787017
6.983372
6.992680
7.187817
7.176052
7.339552
7.342079
7.467726
7.453925
7.581330
7.545612
7.643680
7.625338
7.695643
7.656740
7.741917
7.686885
7.743589
7.711864
6.552762
6.976492
6.806210
7.199196
7.015990
7.406011
7.198497
7.556956
7.361102
7.685554
7.463911
7.798706
7.547887
7.860963
7.618677
7.916163
7.641559
7.966041
7.675087
6.479608
6.527493
6.741902
6.792284
6.977479
7.002899
7.191011
7.188348
7.341425
7.351691
7.469568
7.456284
7.579419
7.543978
7.635895
7.617664
7.690144
7.640912
6.249968
6.678391
6.535908
6.948010
6.809697
7.189853
7.020492
7.405185
7.202889
7.556594
7.359271
7.685291
7.453269
7.794439
7.534586
7.849996
7.608541
6.113101
6.216275
6.450088
6.516599
6.728442
6.795844
6.973542
7.009153
7.190518
7.194571
7.338279
7.352293
7.465034
7.446846
7.573474
7.531118
5.884031
6.301772
6.218352
6.654181
6.528643
6.937240
6.812722
7.188296
7.020138
7.404734
7.198751
7.549940
7.348694
7.675133
7.440045
5.697575
5.850588
6.077515
6.194999
6.437742
6.514766
6.720742
6.801114
6.972984
7.010907
7.188851
7.191580
7.332815
7.343469
5.435968
5.885843
5.854257
6.283624
6.208360
6.651654
6.531228
6.937368
6.814347
7.189545
7.015491
7.400509
7.189928
5.247210
5.408010
5.667851
5.838048
6.069212
6.194498
6.440368
6.525585
6.727258
6.810060
6.978437
7.011428
4.967703
5.450290
5.422006
5.883177
5.861748
6.297336
6.219293
6.667272
6.542219
6.945898
6.815349
4.753939
4.955365
5.245443
5.416389
5.677311
5.861041
6.094639
6.220305
6.462404
6.542756
4.522246
4.980725
4.988062
5.488705
5.458826
5.921221
5.894559
6.330113
6.236763
4.298954
4.535078
4.790837
4.997306
5.296823
5.474327
5.726433
5.904641
4.087142
4.556542
4.598482
5.065799
5.055097
5.557984
5.509045
3.923370
4.120291
4.376896
4.631558
4.886646
5.079119
3.734944
4.226654
4.210823
4.671409
4.686890
3.580862
3.778596
4.055119
4.252664
3.501175
3.917663
3.856411
3.320287
3.545367
3.293004
6.813285
6.868855
6.385993
6.321322
5.796037
5.620501
5.017327
4.795868
4.168848
3.957715
3.436179
3.329682
2.960848
3.024497
2.778579
2.959981
2.812106
3.040583
2.925280
3.208754
3.076198
3.367298
3.222602
3.313875
3.565657
3.350239
3.566549
3.372265
3.548358
3.338494
3.514835
3.276079
3.428093
3.196201
3.317183
3.071784
3.208243
2.940300
3.083659
2.841898
2.995264
2.764498
2.993729
2.781794
3.054353
2.903029
6.600390
6.531952
6.317812
6.190254
5.966287
5.783822
5.518144
5.319630
5.025691
4.793472
4.528192
4.287314
4.037721
3.852990
3.636758
3.477725
3.354157
3.208760
3.120653
3.043171
2.984616
2.893567
6.395688
6.498865
6.023819
6.077389
5.580218
5.601560
5.082299
5.057215
4.563335
4.522560
4.042384
4.054689
3.612281
3.653208
3.301316
3.378751
3.062329
3.223442
2.923104
3.099578
2.871718
6.122806
5.954378
5.686500
5.485609
5.189582
4.943588
4.654559
4.390348
4.103482
3.888181
3.634501
3.451167
3.294318
3.147416
3.035936
2.967416
2.892170
2.831321
2.838006
2.764927
5.827285
5.826781
5.305111
5.268965
4.755644
4.691340
4.178632
4.149534
3.671059
3.674769
3.292534
3.339665
3.016192
3.150070
2.865182
3.022109
2.809556
2.977180
2.766283
5.456464
5.216843
4.901252
4.625477
4.306706
4.056394
3.761801
3.543248
3.336997
3.168926
3.030654
2.947116
2.862372
2.810032
2.802450
2.760689
2.763074
2.765380
5.091315
4.991431
4.457638
4.387596
3.872145
3.827602
3.397091
3.405478
3.049839
3.147890
2.860456
3.001571
2.790695
2.958585
2.760438
2.980138
2.780992
4.647229
4.374059
4.026399
3.770173
3.504503
3.296968
3.108019
2.993331
2.883699
2.819063
2.796111
2.767758
2.767086
2.786651
2.795144
2.804831
4.232678
4.129326
3.644787
3.594186
3.185339
3.231733
2.911602
3.020136
2.797394
2.957154
2.763024
2.980820
2.800987
3.018203
2.867939
3.826620
3.566924
3.300782
3.136552
2.969289
2.872817
2.815758
2.779873
2.765616
2.793164
2.805816
2.832984
2.883666
2.907531
3.467107
3.442504
3.054849
3.108737
2.842068
2.972191
2.762372
2.969981
2.796628
3.015561
2.883749
3.108780
2.960766
3.176058
3.020705
2.891310
2.822805
2.769211
2.785827
2.786307
2.820487
2.875118
2.916756
2.964819
3.028752
2.980884
3.052428
2.790398
2.964302
2.772203
2.980321
2.851685
3.080131
2.949222
3.210426
3.075176
2.834508
2.804134
2.765840
2.782712
2.823160
2.868917
2.920493
3.002126
3.058373
3.120710
2.781684
2.948426
2.794913
3.011049
2.878499
3.144238
3.020663
3.277125
3.175871
2.774614
2.798805
2.831917
2.912765
2.969248
3.045424
3.135100
3.207252
2.790739
3.040751
2.907779
3.167752
3.074015
3.339117
3.226937
2.850554
2.916359
3.003475
3.081457
3.160898
3.266631
2.926097
3.190355
3.076339
3.379595
3.261230
2.996756
3.098898
3.174993
3.270669
3.071625
3.373270
3.269042
3.175748
3.259871
3.230671
6.973750
7.431673
7.166366
7.554623
7.332282
7.672423
7.454397
7.785495
7.551203
7.857964
7.633913
7.914736
7.670789
7.964251
7.696708
7.973489
7.718149
7.987670
7.695439
8.012942
7.690520
7.987179
7.666128
7.170474
7.115435
7.117877
7.102106
7.131238
7.128524
7.144956
7.186390
7.207773
7.249582
7.292160
7.347316
7.371645
7.451121
7.466894
7.535238
7.552331
7.623491
7.599010
7.704354
7.626070
7.751204
7.163750
7.410715
7.172753
7.398199
7.175051
7.424790
7.220480
7.459142
7.290082
7.536085
7.358548
7.629614
7.449712
7.713123
7.538574
7.810312
7.595048
7.905422
7.648490
7.958233
7.702788
7.298219
7.274987
7.286757
7.294045
7.304151
7.314961
7.346105
7.373364
7.388749
7.448467
7.458875
7.515377
7.532799
7.597608
7.582228
7.675603
7.634246
7.714200
7.683739
7.740143
7.316826
7.569683
7.326477
7.567623
7.356915
7.600684
7.389590
7.655135
7.451708
7.709005
7.521631
7.786102
7.573098
7.865866
7.631384
7.915331
7.687461
7.962038
7.699254
7.434110
7.427679
7.447931
7.452469
7.459501
7.492980
7.499632
7.532645
7.549334
7.595653
7.586460
7.661289
7.635247
7.700659
7.682083
7.740018
7.691433
7.775461
7.462604
7.707246
7.465308
7.729055
7.498918
7.751329
7.542122
7.801597
7.576597
7.859014
7.626242
7.898189
7.674971
7.943516
7.691381
7.987375
7.704485
7.552367
7.574157
7.573131
7.585812
7.598707
7.625323
7.616066
7.670558
7.651564
7.699840
7.688156
7.736840
7.698386
7.770708
7.708829
7.765248
7.573134
7.821570
7.592390
7.848986
7.605761
7.882728
7.639968
7.905422
7.675816
7.940339
7.689065
7.974750
7.704272
7.977050
7.717686
7.660061
7.677710
7.663398
7.700829
7.684556
7.714721
7.706236
7.741669
7.710265
7.767412
7.719248
7.765138
7.726092
7.758542
7.649636
7.920933
7.668233
7.928780
7.687514
7.951830
7.693542
7.973478
7.705445
7.972583
7.713557
7.970841
7.689821
7.720925
7.739484
7.729153
7.755542
7.725005
7.768088
7.728738
7.762615
7.729259
7.758213
7.702886
7.747742
7.701611
7.966831
7.697799
7.976221
7.705229
7.971281
7.706983
7.967962
7.684185
7.958059
7.657305
7.734902
7.768745
7.734934
7.757720
7.726221
7.750323
7.699521
7.737472
7.671439
7.695399
7.696177
7.961960
7.690249
7.958988
7.670358
7.946088
7.646159
7.906382
7.611121
7.714104
7.735153
7.687020
7.714480
7.657906
7.676394
7.621180
7.632629
7.635134
7.916346
7.618883
7.887155
7.586656
7.845138
7.522429
7.634255
7.642553
7.590961
7.601126
7.529359
7.549008
7.527420
7.811368
7.487763
7.763996
7.419797
7.492150
7.496691
7.422220
7.423976
7.357563
7.650286
7.289539
7.289230
7.280160
7.111442
6.780702
7.040302
6.561089
6.737595
6.266083
6.364942
5.903940
5.943362
5.453571
5.478821
4.972168
4.966828
4.500434
4.488163
4.039078
4.093460
3.664634
3.746630
3.400463
3.505905
3.173179
3.368036
3.045361
3.146927
3.628683
3.719154
4.331181
4.467577
5.139088
5.352934
5.958647
6.123058
6.681492
6.735727
7.190971
7.188502
7.542673
7.460336
7.786078
7.629723
7.909771
7.740280
7.971744
7.766674
8.015632
7.743321
7.001930
6.966802
7.177998
7.155350
7.326832
7.324565
7.455699
7.443211
7.573285
7.539191
7.644158
7.621930
7.700517
7.659416
7.747887
7.691361
7.751146
7.721629
7.760507
7.702490
7.773007
7.713840
6.794061
7.229416
7.002005
7.413073
7.186576
7.556295
7.353133
7.681740
7.465529
7.795036
7.555903
7.861932
7.630890
7.918360
7.658047
7.969513
7.682590
7.977809
7.706233
8.000809
7.686747
6.763196
6.786859
6.983496
6.992377
7.187499
7.176348
7.339035
7.341870
7.467890
7.453506
7.580880
7.546001
7.642968
7.625055
7.695810
7.656208
7.741298
7.687372
7.742656
7.711572
6.552941
6.976603
6.806011
7.199879
7.015646
7.406279
7.198809
7.557081
7.360901
7.686473
7.463512
7.799073
7.548344
7.861156
7.618447
7.917367
7.641055
7.966571
7.675578
6.479317
6.527726
6.741464
6.792105
6.977597
7.002551
7.190624
7.188673
7.340814
7.351460
7.469701
7.455833
7.578884
7.544405
7.635076
7.617409
7.690243
7.640402
6.249675
6.678606
6.536127
6.948120
6.809491
7.190617
7.020124
7.405495
7.203241
7.556758
7.359057
7.686317
7.452830
7.794884
7.535028
7.850251
7.608281
6.113158
6.215997
6.449741
6.516858
6.727919
6.795644
6.973633
7.008769
7.190054
7.194924
7.337573
7.352062
7.465115
7.446394
7.572879
7.531562
5.883839
6.302382
6.218023
6.654425
6.528895
6.937371
6.812507
7.189149
7.019745
7.405103
7.199116
7.550153
7.348458
7.676222
7.439586
5.697129
5.850421
6.077559
6.194681
6.437328
6.515045
6.720133
6.800899
6.973032
7.010505
7.188319
7.191950
7.332055
7.343232
5.436146
5.885944
5.854045
6.284311
6.208004
6.651942
6.531503
6.937539
6.814121
7.190470
7.015079
7.400911
7.190296
5.246855
5.408236
5.667331
5.837856
6.069224
6.194148
6.439883
6.525874
6.726579
6.809833
6.978459
7.011014
4.967398
5.450515
5.422203
5.883310
5.861523
6.298098
6.218923
6.667601
6.542508
6.946093
6.815116
4.753948
4.955090
5.245024
5.416622
5.676720
5.860821
6.094616
6.219932
6.461880
6.543048
4.522045
4.981357
4.987737
5.488970
5.459046
5.921392
5.894331
6.330919
6.236386
4.298495
4.534909
4.790817
4.996995
5.296341
5.474552
5.725800
5.904407
4.087322
4.556711
4.598271
5.066499
5.054774
5.558277
5.509274
3.923005
4.120511
4.376376
4.631344
4.886595
5.078787
3.734685
4.226935
4.211027
4.671619
4.686675
3.580875
3.778351
4.054686
4.252858
3.500989
3.918360
3.856163
3.319887
3.545169
3.293181
6.780691
7.040292
6.561079
6.737584
6.266073
6.364931
5.903929
5.943350
5.453559
5.478808
4.972153
4.966812
4.500420
4.488149
4.039064
4.093448
3.664624
3.746620
3.400456
3.505902
3.173176
3.368035
3.045361
3.230679
3.259879
3.269049
3.270675
3.261235
3.266636
3.226940
3.207254
3.175873
3.120711
3.075176
3.028753
2.960764
2.907529
2.867936
2.804827
2.780989
2.765375
2.766280
2.764924
2.871715
2.893565
3.175757
3.373278
3.175000
3.379601
3.160903
3.339121
3.135104
3.277128
3.058374
3.210425
2.964819
3.108778
2.883663
3.018199
2.795138
2.980134
2.763066
2.977175
2.838002
3.099573
2.984612
3.071634
3.098907
3.076346
3.081462
3.074020
3.045427
3.020665
3.002127
2.949222
2.916754
2.883746
2.832980
2.800982
2.786644
2.760433
2.760679
2.809549
2.831316
2.923097
3.043165
2.996765
3.190363
3.003481
3.167757
2.969251
3.144241
2.920493
3.080131
2.875116
3.015557
2.805812
2.980814
2.767078
2.958577
2.802437
3.022100
2.892162
3.223433
3.120645
2.926105
2.916366
2.907784
2.912768
2.878501
2.868918
2.851683
2.820485
2.796621
2.793158
2.763015
2.767747
2.790685
2.810018
2.865169
2.967407
3.062319
3.208751
2.850561
3.040756
2.831920
3.011051
2.823160
2.980318
2.786303
2.969974
2.765607
2.957144
2.796098
3.001558
2.862357
3.150054
3.035923
3.378741
3.354143
2.790746
2.798807
2.794914
2.782711
2.772200
2.785820
2.762364
2.779863
2.797381
2.819049
2.860439
2.947101
3.016174
3.147399
3.301305
3.477710
2.774616
2.948426
2.765837
2.964296
2.769203
2.972178
2.815747
3.020121
2.883681
3.147873
3.030634
3.339647
3.294297
3.653192
3.636743
2.781682
2.804129
2.790390
2.822795
2.842054
2.872802
2.911585
2.993310
3.049818
3.168903
3.292513
3.451148
3.612262
3.852975
2.834501
3.052417
2.891298
3.108721
2.969269
3.231713
3.107996
3.405454
3.336974
3.674745
3.634480
4.054669
4.037703
2.980870
3.020690
3.054831
3.136531
3.185317
3.296944
3.397066
3.543224
3.671034
3.888158
4.042365
4.287296
3.176039
3.442484
3.300759
3.594163
3.504478
3.827576
3.761776
4.149511
4.103459
4.522539
4.528175
3.467085
3.566900
3.644763
3.770148
3.872119
4.056369
4.178609
4.390326
4.563315
4.793455
3.826595
4.129301
4.026375
4.387571
4.306682
4.691317
4.654539
5.057196
5.025675
4.232653
4.374034
4.457615
4.625455
4.755623
4.943569
5.082282
5.319614
4.647206
4.991409
4.901230
5.268946
5.189564
5.601544
5.518130
5.091295
5.216823
5.305092
5.485593
5.580203
5.783809
5.456445
5.826763
5.686484
6.077375
5.966274
5.827269
5.954362
6.023806
6.190242
6.122792
6.498851
6.317800
6.395675
6.531940
6.600378
7.096555
7.497591
7.350164
7.688195
7.545639
7.834323
7.671758
7.933127
7.739644
7.972080
7.766180
7.953428
7.738644
7.906012
7.657383
7.817714
7.557135
7.694154
7.432516
7.569878
7.287267
7.433747
7.125651
7.023817
7.231758
7.000061
7.226549
6.992514
7.207260
7.030187
7.251538
7.077951
7.331740
7.173698
7.421418
7.284591
7.543298
7.383962
7.666672
7.492268
7.766146
7.586677
7.869403
7.640709
7.968047
7.671241
7.111433
7.280152
7.289533
7.423969
7.419791
7.549003
7.522425
7.632625
7.611117
7.695396
7.657304
7.747742
7.689820
7.758541
7.717687
7.765249
7.704487
7.775462
7.699256
7.740144
7.702789
7.751205
7.289221
7.650279
7.422214
7.763991
7.529354
7.845134
7.621177
7.906379
7.671436
7.958057
7.702886
7.970841
7.726092
7.977049
7.708829
7.987376
7.691435
7.962040
7.683741
7.958234
7.626071
7.357556
7.496685
7.487758
7.601121
7.586653
7.676390
7.646157
7.737471
7.684183
7.758212
7.713557
7.765140
7.704272
7.770709
7.691382
7.740018
7.687462
7.714202
7.648491
7.704355
7.492143
7.811362
7.590957
7.887151
7.657904
7.946086
7.699520
7.967963
7.729260
7.972583
7.719249
7.974752
7.698388
7.943518
7.682085
7.915332
7.634247
7.905422
7.599010
7.527415
7.642548
7.618880
7.714478
7.670357
7.750322
7.706983
7.762616
7.705447
7.767414
7.689067
7.736842
7.674973
7.700663
7.631388
7.675606
7.595051
7.623494
7.634250
7.916343
7.687017
7.958986
7.726221
7.971282
7.728738
7.973480
7.710268
7.940342
7.688159
7.898192
7.635250
7.865869
7.582232
7.810316
7.552335
7.635130
7.735151
7.690248
7.757719
7.705230
7.768091
7.693544
7.741672
7.675820
7.699844
7.626246
7.661293
7.573101
7.597609
7.538576
7.535240
7.714101
7.961959
7.734933
7.976222
7.725007
7.951833
7.706240
7.905426
7.651569
7.859019
7.586464
7.786107
7.532804
7.713127
7.466897
7.696175
7.768745
7.697800
7.755543
7.687517
7.714725
7.639972
7.670563
7.576603
7.595658
7.521636
7.515381
7.449717
7.451127
7.734902
7.966833
7.729157
7.928783
7.684560
7.882733
7.616071
7.801601
7.549339
7.709011
7.458880
7.629618
7.371648
7.701613
7.739487
7.668238
7.700834
7.605767
7.625330
7.542129
7.532652
7.451714
7.448473
7.358555
7.347321
7.720928
7.920937
7.663403
7.848991
7.598713
7.751337
7.499640
7.655142
7.388757
7.536093
7.292167
7.649640
7.677716
7.592396
7.585818
7.498925
7.492987
7.389597
7.373371
7.290089
7.249589
7.660067
7.821577
7.573140
7.729063
7.459510
7.600694
7.346114
7.459150
7.207782
7.573140
7.574164
7.465316
7.452477
7.356923
7.314970
7.220489
7.186398
7.552374
7.707254
7.447940
7.567631
7.304160
7.424798
7.144965
7.462613
7.427689
7.326488
7.294055
7.175061
7.128533
7.434118
7.569691
7.286767
7.398209
7.131248
7.316835
7.274996
7.172764
7.102116
7.298229
7.410725
7.117888
7.163760
7.115445
7.170484
6.973740
7.431664
7.166359
7.554616
7.332276
7.672417
7.454393
7.785491
7.551199
7.857962
7.633912
7.914734
7.670787
7.964250
7.696709
7.973490
7.718150
7.987671
7.695439
8.012943
7.690520
7.987180
7.666128
3.293180
3.545169
3.856162
4.252856
4.686673
5.078785
5.509273
5.904406
6.236384
6.543046
6.815115
7.011013
7.190296
7.343232
7.439586
7.531562
7.608281
7.640402
7.675578
7.711572
7.686747
7.713840
3.319886
3.918358
4.054685
4.671617
4.886594
5.558274
5.725797
6.330916
6.461877
6.946090
6.978458
7.400909
7.332054
7.676221
7.572879
7.850250
7.690243
7.966571
7.742656
8.000809
7.773007
3.500987
3.778348
4.211024
4.631339
5.054771
5.474549
5.894328
6.219927
6.542506
6.809830
7.015077
7.191948
7.348457
7.446393
7.535027
7.617408
7.641055
7.687372
7.706233
7.702490
3.580870
4.226933
4.376372
5.066495
5.296336
5.921385
6.094613
6.667596
6.726576
7.190466
7.188316
7.550151
7.465113
7.794883
7.635075
7.917367
7.741298
7.977809
7.760507
3.734680
4.120502
4.598266
4.996988
5.459044
5.860814
6.218919
6.525869
6.814118
7.010502
7.199113
7.352060
7.452828
7.544404
7.618446
7.656207
7.682589
7.721629
3.922998
4.556706
4.790810
5.488962
5.676713
6.298094
6.439879
6.937535
6.973028
7.405099
7.337570
7.686315
7.578882
7.861155
7.695808
7.969512
7.751146
4.087307
4.534902
4.987728
5.416619
5.861516
6.194143
6.531499
6.800894
7.019740
7.194919
7.359053
7.455830
7.548342
7.625053
7.658046
7.691361
4.298483
4.981346
5.245015
5.883301
6.069219
6.651936
6.720127
7.189143
7.190049
7.556754
7.469697
7.799071
7.642966
7.918359
7.747888
4.522032
4.955081
5.422194
5.837850
6.207997
6.515040
6.812501
7.008764
7.203237
7.351457
7.463510
7.546000
7.630890
7.659416
4.753935
5.450504
5.667322
6.284303
6.437323
6.937366
6.973630
7.405492
7.340812
7.686471
7.580878
7.861931
7.700515
4.967385
5.408227
5.854037
6.194674
6.528890
6.795640
7.020120
7.188670
7.360898
7.453503
7.555900
7.621928
5.246842
5.885933
6.077550
6.654418
6.727912
7.190612
7.190619
7.557076
7.467885
7.795032
7.644155
5.436133
5.850411
6.218015
6.516851
6.809485
7.002546
7.198805
7.341866
7.465526
7.539189
5.697118
6.302374
6.449735
6.948115
6.977592
7.406275
7.339032
7.681736
7.573283
5.883830
6.215989
6.536120
6.792099
7.015641
7.176343
7.353129
7.443206
6.113148
6.678598
6.741456
7.199872
7.187493
7.556289
7.455693
6.249666
6.527718
6.806004
6.992371
7.186571
7.324560
6.479308
6.976595
6.983489
7.413067
7.326826
6.552932
6.786851
7.001997
7.155343
6.763187
7.229407
7.177990
6.794051
6.966794
7.001921
3.313873
3.565643
3.350210
3.566526
3.372289
3.548218
3.338556
3.514745
3.276018
3.428000
3.196274
3.316871
3.071901
3.208061
2.940200
3.083464
2.842025
2.994753
2.764668
2.993429
2.781684
3.053998
2.903276
3.433475
3.409192
3.470169
3.441951
3.457388
3.447332
3.421300
3.390070
3.362130
3.299187
3.247090
3.192284
3.108184
3.047996
2.978567
2.907351
2.842739
2.818722
2.752270
2.771397
2.757559
2.862311
3.508223
3.738388
3.527428
3.759888
3.530240
3.720333
3.504955
3.651915
3.416325
3.562156
3.292479
3.422595
3.158861
3.266661
2.997653
3.138420
2.848975
3.028193
2.769452
2.983980
2.757557
3.584461
3.615774
3.628616
3.616079
3.633559
3.590657
3.571848
3.534071
3.470315
3.415089
3.346831
3.261293
3.180085
3.109337
3.001748
2.948628
2.864180
2.815099
2.769450
2.771395
3.668358
3.893123
3.708014
3.899243
3.682281
3.870407
3.620449
3.777641
3.525998
3.642305
3.374339
3.492543
3.191329
3.315399
3.022231
3.141328
2.864178
3.028191
2.752264
3.761460
3.762356
3.775683
3.774416
3.750885
3.720105
3.687362
3.620915
3.560246
3.490822
3.388565
3.314000
3.211334
3.115573
3.022230
2.948626
2.848970
2.818716
3.814540
4.043765
3.829755
4.024582
3.805639
3.960028
3.715589
3.858433
3.575296
3.700164
3.409776
3.502889
3.211333
3.315397
3.001745
3.138414
2.842731
3.879122
3.890565
3.896394
3.869571
3.845158
3.807005
3.739226
3.681091
3.598367
3.504257
3.409775
3.313999
3.191326
3.109333
2.997648
2.907342
3.935993
4.132347
3.925366
4.109185
3.863791
4.020644
3.759466
3.874157
3.598367
3.700163
3.388562
3.492540
3.180081
3.266654
2.978559
3.970172
3.977292
3.950868
3.930922
3.886871
3.825703
3.759466
3.681090
3.575295
3.490820
3.374335
3.261288
3.158855
3.047986
3.992089
4.189982
3.969948
4.127420
3.886870
4.020643
3.739226
3.858430
3.560244
3.642301
3.346825
3.422589
3.108176
4.012524
3.996954
3.969948
3.930922
3.863789
3.807005
3.715588
3.620910
3.525996
3.415084
3.292471
3.192275
4.012524
4.189982
3.950868
4.109185
3.845155
3.960028
3.687360
3.777636
3.470311
3.562150
3.247081
3.992091
3.977292
3.925366
3.869570
3.805635
3.720104
3.620446
3.534064
3.416319
3.299179
3.970174
4.132346
3.896393
4.024581
3.750882
3.870403
3.571843
3.651908
3.362122
3.935994
3.890562
3.829752
3.774414
3.682277
3.590652
3.504949
3.390062
3.879122
4.043761
3.775681
3.899240
3.633555
3.720327
3.421292
3.814538
3.762353
3.708011
3.616075
3.530234
3.447325
3.761458
3.893120
3.628612
3.759882
3.457380
3.668354
3.615769
3.527422
3.441944
3.584456
3.738382
3.470162
3.508216
3.409183
3.433468
3.358377
3.672477
3.549147
3.860017
3.708160
3.992772
3.865527
4.111932
3.957882
4.194443
4.017124
4.213073
4.017123
4.194443
3.957881
4.111933
3.865529
3.992775
3.708163
3.860021
3.549152
3.672484
3.358385
3.313883
3.565664
3.350245
3.566555
3.372270
3.548362
3.338498
3.514838
3.276082
3.428095
3.196202
3.317183
3.071785
3.208242
2.940299
3.083656
2.841895
2.995263
2.764494
2.993727
2.781793
3.054351
2.903028
3.433461
3.409182
3.470123
3.441997
3.457309
3.447318
3.421310
3.390027
3.362032
3.299288
3.246953
3.192240
3.108231
3.047922
2.978417
2.907511
2.842556
2.818641
2.752355
2.771293
2.757336
2.862496
3.508215
3.738427
3.527396
3.759922
3.530267
3.720377
3.504897
3.652107
3.416232
3.562268
3.292536
3.422719
3.158747
3.267033
2.997506
3.138631
2.849063
3.028443
2.769263
2.984579
2.757336
3.584437
3.615767
3.628616
3.616058
3.633499
3.590718
3.571753
3.534041
3.470340
3.415036
3.346714
3.261414
3.179938
3.109281
3.001811
2.948557
2.864007
2.815287
2.769263
2.771291
3.668363
3.893136
3.707988
3.899337
3.682227
3.870469
3.620480
3.777716
3.525913
3.642559
3.374223
3.492686
3.191388
3.315571
3.022081
3.141777
2.864007
3.028442
2.752353
3.761443
3.762375
3.775640
3.774400
3.750896
3.720074
3.687282
3.620994
3.560138
3.490781
3.388604
3.313946
3.211197
3.115721
3.022081
2.948556
2.849062
2.818640
3.814529
4.043784
3.829766
4.024618
3.805588
3.960177
3.715511
3.858521
3.575331
3.700274
3.409660
3.503208
3.211198
3.315570
3.001811
3.138630
2.842554
3.879121
3.890554
3.896357
3.869609
3.845094
3.806979
3.739247
3.681053
3.598267
3.504360
3.409660
3.313947
3.191388
3.109280
2.997505
2.907509
3.935983
4.132397
3.925331
4.109228
3.863807
4.020706
3.759388
3.874362
3.598268
3.700274
3.388604
3.492686
3.179939
3.267032
2.978417
3.970159
3.977284
3.950876
3.930901
3.886813
3.825762
3.759389
3.681053
3.575332
3.490781
3.374222
3.261415
3.158747
3.047920
3.992094
4.190003
3.969913
4.127521
3.886812
4.020706
3.739248
3.858520
3.560140
3.642560
3.346713
3.422719
3.108232
4.012512
3.996973
3.969913
3.930902
3.863807
3.806980
3.715512
3.620994
3.525915
3.415037
3.292536
3.192240
4.012512
4.190002
3.950876
4.109229
3.845094
3.960179
3.687284
3.777716
3.470342
3.562269
3.246953
3.992094
3.977283
3.925332
3.869612
3.805588
3.720075
3.620483
3.534042
3.416234
3.299290
3.970159
4.132396
3.896359
4.024621
3.750895
3.870471
3.571756
3.652109
3.362033
3.935985
3.890554
3.829768
3.774403
3.682227
3.590720
3.504900
3.390029
3.879124
4.043785
3.775642
3.899339
3.633501
3.720380
3.421313
3.814532
3.762377
3.707990
3.616061
3.530271
3.447322
3.761446
3.893139
3.628619
3.759926
3.457313
3.668366
3.615771
3.527401
3.442002
3.584442
3.738432
3.470128
3.508220
3.409188
3.433468
7.004922
7.105081
6.820706
6.879686
6.607789
6.633907
6.379931
6.424693
6.179686
6.262844
6.081826
6.195823
6.081826
6.262847
6.179692
6.424699
6.379938
6.633915
6.607798
6.879695
6.820716
7.105091
7.004933
7.023758
7.231796
6.999867
7.226520
6.992677
7.206759
7.030380
7.251555
7.077559
7.331662
7.174153
7.420470
7.285037
7.543241
7.383527
7.666462
7.492938
7.764854
7.587301
7.869115
7.640361
7.967524
7.672030
6.969314
6.963161
6.916366
6.920390
6.932578
6.939048
6.954518
6.998363
7.037600
7.071812
7.147144
7.189482
7.255401
7.312700
7.383524
7.415116
7.500179
7.515972
7.584888
7.592848
7.654252
7.627026
6.843413
7.020618
6.816169
6.996750
6.800143
7.024742
6.857691
7.078995
6.956241
7.197222
7.067760
7.338574
7.212901
7.474441
7.352121
7.623041
7.464736
7.753284
7.572493
7.860532
7.654252
6.761924
6.744028
6.705490
6.729673
6.728371
6.747372
6.799657
6.841359
6.898642
6.971648
7.047996
7.107523
7.202982
7.262773
7.338242
7.400004
7.470584
7.503488
7.572493
7.592849
6.635431
6.801052
6.599975
6.769303
6.625062
6.829562
6.695696
6.944625
6.838995
7.089024
7.005735
7.273238
7.166826
7.450312
7.333380
7.605016
7.470584
7.753284
7.584889
6.538436
6.514922
6.507806
6.521175
6.532845
6.592625
6.649232
6.712451
6.808446
6.892849
6.979822
7.076489
7.170157
7.240392
7.333381
7.400005
7.464736
7.515972
6.429952
6.568261
6.388098
6.582537
6.455007
6.666020
6.588220
6.839735
6.759752
7.043276
6.972728
7.243857
7.170158
7.450312
7.338243
7.623043
7.500180
6.314706
6.319948
6.314415
6.340304
6.397483
6.470465
6.543547
6.654981
6.756997
6.857287
6.972729
7.076490
7.166829
7.262775
7.352122
7.415120
6.228845
6.365621
6.237856
6.435067
6.334835
6.588859
6.530798
6.793505
6.756998
7.043277
6.979824
7.273240
7.202986
7.474444
7.383525
6.154355
6.166039
6.176611
6.251488
6.322836
6.416543
6.530798
6.654983
6.759754
6.892850
7.005739
7.107525
7.212907
7.312704
6.087803
6.265748
6.158324
6.371446
6.322837
6.588861
6.543548
6.839739
6.808451
7.089026
7.048001
7.338577
7.255406
6.070843
6.100637
6.158326
6.251489
6.334838
6.470469
6.588221
6.712455
6.839001
6.971652
7.067767
7.189486
6.070844
6.265749
6.176616
6.435068
6.397487
6.666026
6.649235
6.944630
6.898649
7.197227
7.147152
6.087806
6.166040
6.237863
6.340306
6.455012
6.592631
6.695702
6.841364
6.956248
7.071817
6.154362
6.365623
6.314422
6.582543
6.532852
6.829568
6.799665
7.079002
7.037608
6.228852
6.319953
6.388105
6.521183
6.625069
6.747379
6.857699
6.998372
6.314712
6.568269
6.507813
6.769311
6.728381
7.024750
6.954527
6.429959
6.514933
6.599982
6.729682
6.800152
6.939058
6.538443
6.801062
6.705499
6.996760
6.932586
6.635439
6.744038
6.816179
6.920400
6.761934
7.020627
6.916376
6.843424
6.963171
6.969325
7.023806
7.231748
7.000051
7.226539
6.992503
7.207250
7.030178
7.251530
7.077944
7.331732
7.173693
7.421412
7.284587
7.543296
7.383956
7.666671
7.492266
7.766143
7.586676
7.869402
7.640708
7.968046
7.671241
6.969282
6.963144
6.916142
6.920630
6.932312
6.938852
6.954746
6.998180
7.037119
7.072369
7.146668
7.189170
7.255782
7.312451
7.382856
7.415857
7.499540
7.515618
7.585251
7.592539
7.653471
7.627715
6.843445
7.020800
6.816131
6.996738
6.800442
7.024776
6.857399
7.079716
6.955903
7.197229
7.068186
7.338681
7.212319
7.475578
7.351531
7.623200
7.465135
7.753574
7.571745
7.862001
7.653470
6.761820
6.743967
6.705565
6.729570
6.728047
6.747765
6.799287
6.841118
6.898964
6.971433
7.047424
7.108220
7.202400
7.262474
7.338638
7.399732
7.469864
7.504287
7.571744
7.592539
6.635553
6.801063
6.599883
6.769702
6.624878
6.829546
6.696048
6.944662
6.838549
7.089940
7.005238
7.273298
7.167241
7.450458
7.332707
7.606303
7.469864
7.753573
7.585250
6.538326
6.515068
6.507599
6.521042
6.533037
6.592467
6.648805
6.713003
6.807973
6.892598
6.980203
7.076246
7.169528
7.241174
7.332706
7.399732
7.465134
7.515616
6.429963
6.568258
6.388300
6.582540
6.454750
6.666630
6.587868
6.839735
6.760125
7.043326
6.972166
7.244932
7.169528
7.450457
7.338636
7.623199
7.499539
6.314712
6.319887
6.314192
6.340611
6.397168
6.470283
6.543841
6.654781
6.756499
6.857960
6.972166
7.076244
7.167241
7.262472
7.351528
7.415857
6.228827
6.365840
6.237701
6.435046
6.335087
6.588855
6.530393
6.794302
6.756499
7.043324
6.980202
7.273295
7.202399
7.475575
7.382851
6.154264
6.165967
6.176738
6.251360
6.322516
6.417003
6.530392
6.654780
6.760124
6.892594
7.005236
7.108216
7.212318
7.312448
6.087871
6.265734
6.158126
6.371875
6.322516
6.588854
6.543837
6.839733
6.807971
7.089935
7.047421
7.338676
7.255779
6.070764
6.100797
6.158126
6.251358
6.335085
6.470281
6.587863
6.712999
6.838546
6.971426
7.068183
7.189163
6.070764
6.265731
6.176737
6.435042
6.397164
6.666627
6.648799
6.944656
6.898960
7.197222
7.146664
6.087870
6.165961
6.237700
6.340606
6.454744
6.592463
6.696042
6.841111
6.955897
7.072361
6.154261
6.365833
6.314189
6.582534
6.533031
6.829539
6.799280
7.079709
7.037112
6.228822
6.319880
6.388294
6.521034
6.624871
6.747756
6.857391
6.998172
6.314706
6.568252
6.507590
6.769695
6.728039
7.024768
6.954737
6.429954
6.515061
6.599873
6.729561
6.800433
6.938843
6.538316
6.801056
6.705555
6.996728
6.932301
6.635544
6.743957
6.816121
6.920620
6.761811
7.020789
6.916132
6.843435
6.963133
6.969273

