Tension at each vertex
0.005283
0.005282
0.005534
0.005529
-2.144054
1.614235
-2.144058
1.614241
-1.153575
-1.153226
1.428175
1.429616
-0.013961
-0.236897
-0.157545
-0.370087
-0.331132
-0.498353
-0.497302
-0.654410
-0.675342
-0.850759
-0.915609
-1.139495
-1.283881
-1.560945
-1.738039
-1.973720
-2.053489
-2.170175
-2.160419
-2.197979
-2.142729
-2.206460
-2.127385
-0.082424
-0.285782
-0.270154
-0.392721
-0.420462
-0.530755
-0.560206
-0.682904
-0.728470
-0.873192
-0.967244
-1.163452
-1.332118
-1.584257
-1.770462
-1.974226
-2.070916
-2.153356
-2.167533
-2.185436
-2.171142
-2.106469
-0.038825
-0.242165
-0.211218
-0.381710
-0.361452
-0.530592
-0.523361
-0.687246
-0.711328
-0.888536
-0.965503
-1.197936
-1.344599
-1.623310
-1.785529
-1.999025
-2.071803
-2.174171
-2.163117
-2.200559
-2.171161
-0.127384
-0.260905
-0.279394
-0.405335
-0.423724
-0.543407
-0.576722
-0.697343
-0.752748
-0.901633
-1.000602
-1.208681
-1.378285
-1.627163
-1.805188
-1.993076
-2.074318
-2.159704
-2.163090
-2.185436
-0.100159
-0.239044
-0.230012
-0.393615
-0.387163
-0.542233
-0.548467
-0.708815
-0.735497
-0.921865
-1.002147
-1.235890
-1.388600
-1.656738
-1.808553
-2.013321
-2.074344
-2.174179
-2.167554
-0.091059
-0.286160
-0.270647
-0.411502
-0.428350
-0.554419
-0.582140
-0.714999
-0.765950
-0.919870
-1.023250
-1.231866
-1.398211
-1.646291
-1.808522
-1.993074
-2.071770
-2.153352
-0.113555
-0.225421
-0.262689
-0.392660
-0.406274
-0.552755
-0.566246
-0.719323
-0.758739
-0.936919
-1.022506
-1.252446
-1.398239
-1.656745
-1.805211
-1.999040
-2.070935
-0.112820
-0.283017
-0.263430
-0.426623
-0.424130
-0.564164
-0.587309
-0.722383
-0.767304
-0.928246
-1.022477
-1.231861
-1.388563
-1.627158
-1.785488
-1.974219
-0.103658
-0.243857
-0.268802
-0.393725
-0.424729
-0.551599
-0.578522
-0.725955
-0.767323
-0.936933
-1.023269
-1.235912
-1.378300
-1.623334
-1.770477
-0.115758
-0.272663
-0.274521
-0.423938
-0.423142
-0.573330
-0.578507
-0.722395
-0.758715
-0.919872
-1.002103
-1.208673
-1.344553
-1.584244
-0.115143
-0.244969
-0.269536
-0.402558
-0.423145
-0.551634
-0.587326
-0.719383
-0.765971
-0.921912
-1.000620
-1.197973
-1.332126
-0.112310
-0.278086
-0.269527
-0.423922
-0.424651
-0.564215
-0.566227
-0.715024
-0.735462
-0.901631
-0.965454
-1.163445
-0.112325
-0.244959
-0.274537
-0.393725
-0.424065
-0.552819
-0.582197
-0.708902
-0.752783
-0.888610
-0.967254
-0.115133
-0.272660
-0.268767
-0.426617
-0.406169
-0.554428
-0.548476
-0.697383
-0.711301
-0.873199
-0.115748
-0.243877
-0.263440
-0.392656
-0.428299
-0.542330
-0.576778
-0.687385
-0.728535
-0.103631
-0.283015
-0.262658
-0.411487
-0.387019
-0.543451
-0.523347
-0.682944
-0.112827
-0.225458
-0.270666
-0.393612
-0.423706
-0.530769
-0.560238
-0.113500
-0.286182
-0.230011
-0.405282
-0.361339
-0.530837
-0.091046
-0.239070
-0.279456
-0.381749
-0.420356
-0.100143
-0.260903
-0.211164
-0.392716
-0.127329
-0.242283
-0.270161
-0.038753
-0.285751
-0.082413
-0.181753
-0.140942
-0.151729
-0.047609
-0.152041
-0.078548
-0.116189
-0.085339
-0.121453
-0.078330
-0.116331
-0.085046
-0.116338
-0.078315
-0.121431
-0.085321
-0.116175
-0.078468
-0.152049
-0.047532
-0.151674
-0.140850
-0.181746
0.113305
0.031749
0.265096
0.209465
0.414517
0.424567
0.615470
0.667927
0.871727
0.953712
1.164502
1.250907
1.435464
1.495239
1.618066
1.631547
1.700310
1.673060
1.708513
1.665183
1.689679
1.615100
1.626098
0.058028
0.007857
0.173419
0.214612
0.356847
0.425489
0.589353
0.675635
0.864180
0.970812
1.167722
1.275845
1.441909
1.511891
1.626826
1.637703
1.703904
1.676441
1.710721
1.662786
1.677631
1.664356
0.114091
0.055930
0.250970
0.238966
0.433903
0.447731
0.651935
0.701205
0.913822
0.996145
1.203300
1.288257
1.466510
1.511458
1.635072
1.635821
1.703205
1.671853
1.707638
1.666537
1.677642
0.023753
0.050111
0.188312
0.234770
0.387969
0.454699
0.621919
0.716946
0.901569
1.015423
1.209088
1.308018
1.472593
1.530905
1.636346
1.645478
1.706163
1.676254
1.707452
1.662832
0.056192
0.074224
0.249156
0.251622
0.440044
0.470374
0.667500
0.728034
0.941896
1.020589
1.232322
1.310248
1.481037
1.524348
1.641564
1.635702
1.706169
1.671925
1.710863
0.066725
0.034440
0.215089
0.247858
0.408200
0.475067
0.650353
0.739432
0.933062
1.043798
1.231219
1.329631
1.485855
1.535061
1.641436
1.645509
1.703162
1.676342
0.047503
0.098171
0.229561
0.272588
0.442441
0.484834
0.680097
0.747577
0.951281
1.038015
1.242310
1.315289
1.485850
1.524403
1.636443
1.635801
1.703932
0.049762
0.046469
0.234676
0.246855
0.431898
0.485296
0.666127
0.755206
0.951513
1.050106
1.242238
1.329648
1.481015
1.530830
1.634959
1.637834
0.061008
0.087115
0.234310
0.284142
0.436463
0.501344
0.680651
0.750600
0.951500
1.038052
1.231270
1.310245
1.472599
1.511661
1.626721
0.050559
0.062264
0.230707
0.258797
0.441288
0.482636
0.680624
0.755215
0.951273
1.043752
1.232248
1.308106
1.466313
1.511860
0.051742
0.090865
0.237959
0.279186
0.441278
0.501363
0.666140
0.747588
0.933047
1.020734
1.209001
1.288347
1.442040
0.055398
0.058439
0.237960
0.258798
0.436462
0.485284
0.680051
0.739489
0.941770
1.015407
1.203314
1.275735
0.055393
0.090867
0.230701
0.284161
0.431867
0.484924
0.650291
0.728106
0.901632
0.996182
1.167664
0.051746
0.062271
0.234279
0.246894
0.442375
0.475067
0.667493
0.716890
0.913696
0.970941
0.050522
0.087165
0.234633
0.272631
0.408211
0.470421
0.621868
0.701426
0.864059
0.060985
0.046471
0.229549
0.247853
0.439956
0.454781
0.651768
0.675614
0.049745
0.098218
0.215028
0.251758
0.387889
0.447834
0.589418
0.047446
0.034496
0.249065
0.234769
0.433869
0.425435
0.066669
0.074287
0.188314
0.239047
0.356790
0.056173
0.050112
0.250854
0.214690
0.023669
0.056095
0.173337
0.113996
0.007848
0.058003
-0.224023
-0.089720
-0.249809
-0.204595
-0.326529
-0.297314
-0.416171
-0.384466
-0.505228
-0.475993
-0.594878
-0.566368
-0.690552
-0.661116
-0.786213
-0.768359
-0.887328
-0.874437
-1.007711
-0.981531
-1.112290
-1.124641
-1.233831
-2.123589
-2.115665
-2.120559
-2.112602
-2.125165
-2.112602
-2.130108
-2.134551
-2.143428
-2.153051
-2.170673
-2.167192
-2.184888
-2.162415
-2.158241
-2.091593
-2.040515
-1.902482
-1.803338
-1.596999
-1.509503
-1.263123
-2.144264
-2.175686
-2.158350
-2.162360
-2.161887
-2.173474
-2.166555
-2.179554
-2.185630
-2.183158
-2.192317
-2.176908
-2.168324
-2.119989
-2.073802
-1.964368
-1.866859
-1.690585
-1.566860
-1.376140
-1.261431
-2.184409
-2.139658
-2.171822
-2.157469
-2.162631
-2.162908
-2.175651
-2.163883
-2.179226
-2.162109
-2.161111
-2.118355
-2.090537
-1.994143
-1.921358
-1.757510
-1.649704
-1.458147
-1.349123
-1.174906
-2.182138
-2.212660
-2.176875
-2.204655
-2.191172
-2.190897
-2.188831
-2.178911
-2.164714
-2.131359
-2.099832
-2.018100
-1.947274
-1.806183
-1.695946
-1.520200
-1.398444
-1.228234
-1.147818
-2.165616
-2.155650
-2.173458
-2.144993
-2.162158
-2.137013
-2.133177
-2.095074
-2.074792
-1.995830
-1.941975
-1.814281
-1.721926
-1.555509
-1.448317
-1.274121
-1.200146
-1.024822
-2.152623
-2.159696
-2.140801
-2.143146
-2.110820
-2.090267
-2.053248
-1.988178
-1.929235
-1.819468
-1.726828
-1.578361
-1.471666
-1.308215
-1.224817
-1.060445
-1.021508
-2.057560
-2.035399
-2.029268
-1.988118
-1.973771
-1.898800
-1.860772
-1.755313
-1.684446
-1.548003
-1.461854
-1.308398
-1.237113
-1.079071
-1.044308
-0.896807
-1.939490
-1.928457
-1.888967
-1.844762
-1.789031
-1.712966
-1.635761
-1.525680
-1.441074
-1.308830
-1.235259
-1.093162
-1.050813
-0.913288
-0.893478
-1.723627
-1.668993
-1.644957
-1.566095
-1.522638
-1.418581
-1.366645
-1.244899
-1.194915
-1.065826
-1.036728
-0.906871
-0.896700
-0.773143
-1.520368
-1.481211
-1.427387
-1.362458
-1.304973
-1.215709
-1.161297
-1.059920
-1.022692
-0.910727
-0.894446
-0.780759
-0.785747
-1.266007
-1.201303
-1.181369
-1.095791
-1.075594
-0.980749
-0.967592
-0.863650
-0.865048
-0.757446
-0.773262
-0.654220
-1.107255
-1.062776
-1.029333
-0.970817
-0.941718
-0.866260
-0.852382
-0.764480
-0.766858
-0.662265
-0.687368
-0.919419
-0.854625
-0.857719
-0.778987
-0.793425
-0.704622
-0.727292
-0.625667
-0.664962
-0.547508
-0.832989
-0.792441
-0.783716
-0.722294
-0.720466
-0.642761
-0.660407
-0.560283
-0.591441
-0.699640
-0.625000
-0.653868
-0.570850
-0.613201
-0.508331
-0.561514
-0.445521
-0.655603
-0.608861
-0.615337
-0.537986
-0.561030
-0.469286
-0.502118
-0.535154
-0.446114
-0.504633
-0.403221
-0.463160
-0.340064
-0.520328
-0.451694
-0.466240
-0.377952
-0.417711
-0.385369
-0.295369
-0.372277
-0.236313
-0.390306
-0.283876
-0.334239
-0.267391
-0.140631
-0.250762
0.113455
0.031606
0.265171
0.209321
0.414715
0.424315
0.615629
0.667860
0.871725
0.953589
1.164746
1.250584
1.435638
1.495220
1.618029
1.631451
1.700585
1.672802
1.708671
1.665220
1.689741
1.615013
1.626323
1.586913
1.558437
1.582460
1.587302
1.576054
1.582179
1.586570
1.599380
1.599219
1.622969
1.629652
1.648193
1.659359
1.682874
1.677873
1.702825
1.683190
1.686631
1.651993
1.632481
1.562055
1.534853
1.407580
-0.011489
0.187698
0.094739
0.290618
0.219306
0.400895
0.354768
0.525604
0.503794
0.667890
0.660304
0.824449
0.826300
0.976089
0.993355
1.125076
1.130716
1.262630
1.255912
1.346713
1.366060
1.459766
0.117047
0.204757
0.227727
0.326521
0.359530
0.466903
0.504345
0.624905
0.661795
0.796964
0.832568
0.967439
1.006836
1.133843
1.155423
1.285595
1.285107
1.388039
1.396211
1.475811
1.432736
0.152895
0.358215
0.303978
0.481800
0.451099
0.626645
0.615482
0.790061
0.797274
0.962920
0.987567
1.137465
1.158454
1.299439
1.307749
1.415234
1.433595
1.504196
1.503430
1.578730
0.323442
0.377037
0.454062
0.543061
0.611911
0.721447
0.792169
0.914012
0.986278
1.110277
1.168837
1.292842
1.327848
1.429023
1.457323
1.528140
1.531235
1.605892
1.577104
0.363063
0.564163
0.536714
0.721323
0.724631
0.903702
0.928534
1.099395
1.131109
1.288866
1.312250
1.437874
1.459907
1.545006
1.551634
1.622900
1.608162
1.656697
0.538505
0.606949
0.717170
0.809807
0.915202
1.025993
1.123021
1.239700
1.316105
1.416083
1.473727
1.543057
1.572121
1.629914
1.627653
1.670013
1.662504
0.616581
0.808765
0.823103
1.010580
1.045212
1.221828
1.258726
1.408309
1.439480
1.546175
1.559125
1.638161
1.627777
1.679232
1.670012
1.695328
0.801734
0.890325
1.023553
1.123267
1.242607
1.339965
1.437301
1.508208
1.571982
1.621563
1.645947
1.674872
1.684716
1.693706
1.689848
0.910222
1.100198
1.143653
1.319291
1.362180
1.498485
1.525186
1.622821
1.619937
1.682660
1.670033
1.699995
1.681350
1.704551
1.106845
1.199986
1.337839
1.413151
1.521048
1.572459
1.632748
1.659245
1.689446
1.688637
1.698915
1.695815
1.686152
1.222536
1.387611
1.434894
1.563113
1.578197
1.665052
1.656226
1.699759
1.677838
1.705000
1.668999
1.686586
1.402766
1.465505
1.572785
1.607308
1.672326
1.671070
1.705183
1.690773
1.694238
1.676538
1.676006
1.479588
1.600384
1.613410
1.683845
1.670893
1.709649
1.671061
1.693656
1.656944
1.658870
1.607628
1.621690
1.690936
1.678364
1.705254
1.681378
1.692344
1.651964
1.657421
1.631245
1.696631
1.672946
1.710000
1.671062
1.677518
1.640180
1.642948
1.697323
1.677574
1.709958
1.666803
1.685774
1.641632
1.639016
1.678926
1.704148
1.669650
1.676464
1.624845
1.627884
1.711964
1.665045
1.676939
1.631739
1.638240
1.665372
1.676743
1.627825
1.619195
1.679715
1.629341
1.632440
1.622959
1.627466
1.670685
-0.141447
0.068302
0.014664
0.150969
0.131644
0.259624
0.254237
0.387442
0.385678
0.523541
0.530351
0.670067
0.677000
0.824924
0.829296
0.967140
0.979543
1.105736
1.094878
1.233832
1.208527
1.286538
1.277448
-1.033973
-0.951333
-0.831774
-0.744264
-0.672694
-0.590237
-0.516614
-0.441798
-0.358614
-0.275534
-0.181895
-0.084734
0.017395
0.128259
0.241106
0.360862
0.491566
0.614430
0.760535
0.903163
1.026881
1.194293
-0.945613
-0.823653
-0.722013
-0.624474
-0.529960
-0.454459
-0.358715
-0.277763
-0.182216
-0.092673
0.005537
0.101777
0.207452
0.305790
0.423956
0.526438
0.658737
0.779604
0.913648
1.045489
1.198014
-0.967502
-0.856211
-0.754566
-0.683592
-0.596295
-0.523685
-0.444944
-0.362866
-0.276243
-0.183086
-0.082112
0.019553
0.134713
0.247486
0.372384
0.502711
0.633048
0.778469
0.927578
1.062981
-0.851196
-0.740192
-0.634381
-0.544529
-0.458798
-0.370175
-0.280097
-0.190365
-0.092010
0.000318
0.106117
0.205633
0.315056
0.425351
0.542983
0.665097
0.804246
0.930955
1.079165
-0.863382
-0.776102
-0.684950
-0.607641
-0.525129
-0.451250
-0.363035
-0.279877
-0.180899
-0.082240
0.024728
0.138085
0.256904
0.380844
0.516145
0.650810
0.797112
0.959301
-0.756480
-0.644639
-0.553701
-0.465867
-0.375232
-0.286392
-0.192046
-0.096021
0.000978
0.104106
0.209477
0.315425
0.431979
0.548064
0.676237
0.816732
0.951590
-0.777418
-0.696259
-0.605444
-0.532401
-0.448368
-0.367487
-0.277443
-0.183221
-0.078184
0.024525
0.143543
0.260512
0.388462
0.524399
0.662900
0.815350
-0.653893
-0.559500
-0.470163
-0.378839
-0.289135
-0.194142
-0.096592
-0.000869
0.104280
0.209075
0.316160
0.432471
0.550926
0.680825
0.824347
-0.693126
-0.608842
-0.528118
-0.450087
-0.363415
-0.280315
-0.179652
-0.080422
0.027893
0.141549
0.265607
0.388200
0.531245
0.667891
-0.560380
-0.473514
-0.378389
-0.291769
-0.192552
-0.097938
-0.000306
0.101950
0.209193
0.312244
0.430959
0.547653
0.681384
-0.605043
-0.525271
-0.445067
-0.362373
-0.277055
-0.181635
-0.076533
0.022989
0.145474
0.260068
0.393585
0.525021
-0.466331
-0.383396
-0.285349
-0.196413
-0.091346
-0.006080
0.105528
0.201607
0.312132
0.419766
0.546408
-0.521088
-0.438028
-0.358012
-0.276685
-0.178260
-0.080386
0.026006
0.136616
0.265265
0.380787
-0.367552
-0.295661
-0.181503
-0.100467
0.005214
0.092569
0.209242
0.293611
0.421768
-0.434490
-0.349813
-0.275079
-0.179637
-0.076822
0.016248
0.141533
0.249425
-0.269577
-0.199678
-0.074856
-0.015691
0.112228
0.183588
0.304990
-0.347277
-0.271136
-0.179042
-0.082811
0.019118
0.125455
-0.161059
-0.102048
0.019770
0.078783
0.209935
-0.273697
-0.182899
-0.084156
0.003673
-0.043760
-0.014812
0.127284
-0.208027
-0.112480
0.099805
-0.181749
-0.140944
-0.151729
-0.047611
-0.152046
-0.078556
-0.116195
-0.085349
-0.121460
-0.078343
-0.116337
-0.085053
-0.116340
-0.078316
-0.121431
-0.085323
-0.116176
-0.078466
-0.152043
-0.047525
-0.151669
-0.140853
-0.181752
-0.014148
-0.236734
-0.157655
-0.369990
-0.331118
-0.498110
-0.497394
-0.654327
-0.675415
-0.850705
-0.915679
-1.139447
-1.283940
-1.560901
-1.738085
-1.973690
-2.053525
-2.170157
-2.160450
-2.197968
-2.142757
-2.206453
-2.127407
-0.082421
-0.285747
-0.270169
-0.392695
-0.420340
-0.530818
-0.560250
-0.682966
-0.728540
-0.873198
-0.967255
-1.163437
-1.332128
-1.584237
-1.770476
-1.974215
-2.070935
-2.153346
-2.167556
-2.185432
-2.171161
-2.106467
-0.038751
-0.242283
-0.211159
-0.381740
-0.361335
-0.530780
-0.523355
-0.687387
-0.711306
-0.888608
-0.965456
-1.197971
-1.344549
-1.623335
-1.785486
-1.999040
-2.071772
-2.174179
-2.163090
-2.200563
-2.171142
-0.127335
-0.260905
-0.279457
-0.405272
-0.423704
-0.543475
-0.576796
-0.697380
-0.752789
-0.901628
-1.000619
-1.208670
-1.378299
-1.627149
-1.805213
-1.993066
-2.074343
-2.159700
-2.163117
-2.185431
-0.100140
-0.239076
-0.230002
-0.393619
-0.387039
-0.542364
-0.548460
-0.708897
-0.735458
-0.921919
-1.002099
-1.235910
-1.388562
-1.656742
-1.808519
-2.013323
-2.074316
-2.174171
-2.167535
-0.091047
-0.286193
-0.270656
-0.411490
-0.428334
-0.554428
-0.582184
-0.715017
-0.765964
-0.919873
-1.023274
-1.231854
-1.398238
-1.646284
-1.808550
-1.993068
-2.071805
-2.153349
-0.113495
-0.225475
-0.262652
-0.392665
-0.406243
-0.552807
-0.566212
-0.719369
-0.758705
-0.936936
-1.022475
-1.252449
-1.398205
-1.656736
-1.805187
-1.999023
-2.070913
-0.112828
-0.283026
-0.263438
-0.426615
-0.424137
-0.564169
-0.587312
-0.722371
-0.767323
-0.928249
-1.022504
-1.231862
-1.388600
-1.627152
-1.785526
-1.974220
-0.103629
-0.243896
-0.268762
-0.393741
-0.424718
-0.551588
-0.578479
-0.725956
-0.767292
-0.936935
-1.023249
-1.235892
-1.378279
-1.623311
-1.770454
-0.115749
-0.272675
-0.274533
-0.423916
-0.423173
-0.573308
-0.578498
-0.722386
-0.758741
-0.919877
-1.002150
-1.208681
-1.344594
-1.584249
-0.115134
-0.244974
-0.269531
-0.402555
-0.423126
-0.551612
-0.587303
-0.719347
-0.765958
-0.921892
-1.000602
-1.197944
-1.332113
-0.112334
-0.278086
-0.269542
-0.423917
-0.424677
-0.564179
-0.566259
-0.715019
-0.735506
-0.901648
-0.965514
-1.163450
-0.112322
-0.244970
-0.274534
-0.393702
-0.424055
-0.552766
-0.582167
-0.708862
-0.752780
-0.888560
-0.967258
-0.115160
-0.272650
-0.268815
-0.426588
-0.406186
-0.554401
-0.548496
-0.697371
-0.711383
-0.873208
-0.115785
-0.243850
-0.263447
-0.392626
-0.428235
-0.542249
-0.576798
-0.687304
-0.728539
-0.103678
-0.283022
-0.262692
-0.411455
-0.387016
-0.543380
-0.523401
-0.682965
-0.112854
-0.225415
-0.270708
-0.393512
-0.423565
-0.530649
-0.560242
-0.113584
-0.286158
-0.230065
-0.405300
-0.361171
-0.530690
-0.091106
-0.239023
-0.279484
-0.381640
-0.420115
-0.100205
-0.260886
-0.211292
-0.392767
-0.127435
-0.242154
-0.270154
-0.038859
-0.285809
-0.082443
0.113448
0.031607
0.265168
0.209321
0.414712
0.424316
0.615626
0.667861
0.871725
0.953590
1.164745
1.250589
1.435637
1.495223
1.618030
1.631453
1.700585
1.672807
1.708670
1.665223
1.689742
1.615015
1.626322
0.057990
0.007845
0.173330
0.214689
0.356789
0.425431
0.589420
0.675612
0.864059
0.970941
1.167666
1.275731
1.442043
1.511858
1.626720
1.637833
1.703932
1.676338
1.710865
1.662829
1.677640
1.664355
0.113971
0.056094
0.250838
0.239045
0.433864
0.447834
0.651763
0.701429
0.913696
0.996182
1.203317
1.288351
1.466312
1.511667
1.634959
1.635803
1.703163
1.671929
1.707450
1.666543
1.677630
0.023647
0.050113
0.188307
0.234768
0.387886
0.454781
0.621869
0.716886
0.901636
1.015406
1.209001
1.308106
1.472600
1.530826
1.636446
1.645506
1.706168
1.676253
1.707637
1.662782
0.056145
0.074285
0.249052
0.251758
0.439952
0.470420
0.667494
0.728107
0.941769
1.020739
1.232250
1.310247
1.481018
1.524408
1.641434
1.635708
1.706163
1.671855
1.710722
0.066648
0.034497
0.215021
0.247851
0.408212
0.475065
0.650290
0.739489
0.933049
1.043749
1.231273
1.329647
1.485849
1.535061
1.641564
1.645475
1.703207
1.676438
0.047423
0.098215
0.229542
0.272630
0.442372
0.484926
0.680052
0.747588
0.951276
1.038056
1.242237
1.315295
1.485856
1.524351
1.636349
1.635824
1.703902
0.049732
0.046470
0.234627
0.246895
0.431867
0.485281
0.666142
0.755213
0.951499
1.050106
1.242311
1.329627
1.481040
1.530903
1.635071
1.637702
0.060968
0.087165
0.234273
0.284161
0.436463
0.501364
0.680623
0.750604
0.951514
1.038016
1.231222
1.310252
1.472593
1.511463
1.626826
0.050510
0.062270
0.230699
0.258798
0.441277
0.482637
0.680651
0.755204
0.951283
1.043797
1.232320
1.308018
1.466510
1.511888
0.051736
0.090865
0.237957
0.279188
0.441290
0.501346
0.666129
0.747580
0.933061
1.020594
1.209089
1.288259
1.441911
0.055385
0.058439
0.237958
0.258797
0.436464
0.485296
0.680096
0.739433
0.941896
1.015421
1.203301
1.275843
0.055395
0.090861
0.230709
0.284144
0.431899
0.484838
0.650355
0.728036
0.901572
0.996148
1.167722
0.051739
0.062262
0.234309
0.246857
0.442441
0.475067
0.667500
0.716945
0.913819
0.970813
0.050560
0.087113
0.234679
0.272589
0.408204
0.470377
0.621920
0.701208
0.864182
0.061005
0.046468
0.229560
0.247860
0.440042
0.454701
0.651933
0.675633
0.049765
0.098169
0.215091
0.251625
0.387973
0.447732
0.589357
0.047499
0.034440
0.249154
0.234771
0.433901
0.425490
0.066729
0.074222
0.188317
0.238968
0.356850
0.056189
0.050112
0.250966
0.214614
0.023755
0.055929
0.173424
0.114087
0.007857
0.058030
-0.013961
-0.236895
-0.157546
-0.370075
-0.331129
-0.498335
-0.497279
-0.654427
-0.675340
-0.850762
-0.915607
-1.139497
-1.283879
-1.560944
-1.738040
-1.973721
-2.053488
-2.170179
-2.160419
-2.197981
-2.142731
-2.206462
-2.127384
-2.113490
-2.138452
-2.103616
-2.117266
-2.100222
-2.113785
-2.117837
-2.118362
-2.132009
-2.143595
-2.152450
-2.167005
-2.180343
-2.179769
-2.186212
-2.159696
-2.132028
-2.052467
-1.961005
-1.811985
-1.670573
-1.486524
-1.376334
-0.250762
-0.140631
-0.334236
-0.236316
-0.417683
-0.340111
-0.502118
-0.445476
-0.591470
-0.547504
-0.687351
-0.654226
-0.785747
-0.773140
-0.893474
-0.896808
-1.021503
-1.024823
-1.147814
-1.174905
-1.261429
-1.263124
-0.267397
-0.283879
-0.372288
-0.377966
-0.463112
-0.469318
-0.561547
-0.560261
-0.664942
-0.662269
-0.773268
-0.780760
-0.896705
-0.913290
-1.044308
-1.060444
-1.200147
-1.228232
-1.349125
-1.376139
-1.509502
-0.390301
-0.295379
-0.466228
-0.403238
-0.560998
-0.508336
-0.660393
-0.625665
-0.766852
-0.757445
-0.894449
-0.906875
-1.050808
-1.079073
-1.224815
-1.274120
-1.398441
-1.458149
-1.566855
-1.597003
-0.385354
-0.451728
-0.504656
-0.537996
-0.613188
-0.642762
-0.727297
-0.764481
-0.865057
-0.910733
-1.036729
-1.093165
-1.237117
-1.308214
-1.448320
-1.520201
-1.649704
-1.690587
-1.803339
-0.520294
-0.446104
-0.615354
-0.570848
-0.720471
-0.704623
-0.852384
-0.863653
-1.022687
-1.065830
-1.235258
-1.308399
-1.471664
-1.555513
-1.695942
-1.757514
-1.866857
-1.902483
-0.535142
-0.608845
-0.653877
-0.722295
-0.793428
-0.866266
-0.967592
-1.059925
-1.194920
-1.308831
-1.461858
-1.578365
-1.721927
-1.806185
-1.921361
-1.964368
-2.040517
-0.655601
-0.625003
-0.783713
-0.778992
-0.941715
-0.980752
-1.161297
-1.244899
-1.441073
-1.548008
-1.726825
-1.814285
-1.947273
-1.994145
-2.073799
-2.091597
-0.699643
-0.792447
-0.857721
-0.970819
-1.075598
-1.215710
-1.366648
-1.525686
-1.684447
-1.819472
-1.941978
-2.018101
-2.090539
-2.119992
-2.158240
-0.832992
-0.854623
-1.029332
-1.095789
-1.304969
-1.418585
-1.635757
-1.755317
-1.929235
-1.995832
-2.099830
-2.118359
-2.168320
-2.162418
-0.919421
-1.062777
-1.181368
-1.362463
-1.522638
-1.712970
-1.860776
-1.988180
-2.074795
-2.131363
-2.161111
-2.176910
-2.184889
-1.107249
-1.201304
-1.427381
-1.566096
-1.789030
-1.898802
-2.053246
-2.095078
-2.164709
-2.162111
-2.192315
-2.167193
-1.266006
-1.481212
-1.644960
-1.844764
-1.973773
-2.090272
-2.133177
-2.178914
-2.179228
-2.183159
-2.170674
-1.520365
-1.668991
-1.888963
-1.988122
-2.110816
-2.137015
-2.188830
-2.163883
-2.185628
-2.153055
-1.723627
-1.928462
-2.029268
-2.143149
-2.162161
-2.190899
-2.175652
-2.179558
-2.143428
-1.939484
-2.035399
-2.140799
-2.144993
-2.191169
-2.162911
-2.166551
-2.134553
-2.057563
-2.159697
-2.173458
-2.204659
-2.162631
-2.173476
-2.130110
-2.152618
-2.155653
-2.176871
-2.157470
-2.161886
-2.112602
-2.165616
-2.212662
-2.171824
-2.162362
-2.125165
-2.182136
-2.139657
-2.158347
-2.112604
-2.184409
-2.175691
-2.120559
-2.144260
-2.115664
-2.123591
-0.141442
0.068299
0.014669
0.150968
0.131648
0.259623
0.254241
0.387440
0.385683
0.523539
0.530355
0.670067
0.677003
0.824924
0.829300
0.967138
0.979547
1.105736
1.094880
1.233832
1.208530
1.286537
1.277451
1.670686
1.627465
1.632439
1.619197
1.638240
1.627883
1.639016
1.642948
1.657419
1.658873
1.676006
1.686587
1.686153
1.704554
1.689847
1.695331
1.662506
1.656698
1.577106
1.578733
1.432736
1.459768
1.622956
1.629346
1.627822
1.631741
1.624844
1.641634
1.640176
1.651966
1.656941
1.676538
1.668996
1.695816
1.681345
1.693707
1.670009
1.670012
1.608159
1.605893
1.503426
1.475811
1.366058
1.679713
1.676742
1.676941
1.676465
1.685773
1.677520
1.692344
1.693656
1.694238
1.705002
1.698914
1.699997
1.684717
1.679232
1.627655
1.622902
1.531235
1.504198
1.396213
1.346713
1.665371
1.665047
1.669646
1.666808
1.671059
1.681380
1.671059
1.690774
1.677834
1.688639
1.670030
1.674871
1.627774
1.629914
1.551630
1.528140
1.433592
1.388038
1.255910
1.711964
1.704150
1.709957
1.710000
1.705255
1.709650
1.705183
1.699761
1.689447
1.682661
1.645948
1.638163
1.572121
1.545008
1.457326
1.415234
1.285110
1.262631
1.678922
1.677577
1.672945
1.678366
1.670890
1.671073
1.656222
1.659245
1.619935
1.621564
1.559121
1.543058
1.459904
1.429022
1.307748
1.285595
1.130713
1.697325
1.696630
1.690936
1.683847
1.672326
1.665052
1.632750
1.622821
1.571982
1.546177
1.473729
1.437874
1.327851
1.299441
1.155425
1.125078
1.631242
1.621695
1.613406
1.607309
1.578195
1.572460
1.525182
1.508210
1.439477
1.416082
1.312248
1.292842
1.158450
1.133843
0.993353
1.607628
1.600384
1.572788
1.563113
1.521048
1.498487
1.437302
1.408308
1.316109
1.288866
1.168839
1.137467
1.006840
0.976088
1.479588
1.465507
1.434891
1.413154
1.362177
1.339965
1.258725
1.239700
1.131106
1.110277
0.987565
0.967437
0.826299
1.402767
1.387612
1.337840
1.319290
1.242611
1.221828
1.123023
1.099395
0.986281
0.962919
0.832572
0.824448
1.222533
1.199988
1.143653
1.123267
1.045209
1.025994
0.928532
0.914010
0.797272
0.796962
0.660301
1.106848
1.100196
1.023555
1.010580
0.915204
0.903700
0.792174
0.790060
0.661798
0.667889
0.910220
0.890327
0.823101
0.809807
0.724631
0.721446
0.615479
0.624904
0.503792
0.801736
0.808763
0.717174
0.721321
0.611914
0.626644
0.504349
0.525602
0.616581
0.606949
0.536713
0.543061
0.451097
0.466901
0.354766
0.538509
0.564162
0.454065
0.481798
0.359535
0.400892
0.363063
0.377037
0.303979
0.326520
0.219304
0.323447
0.358212
0.227732
0.290617
0.152896
0.204757
0.094738
0.117051
0.187696
-0.011489
-0.224027
-0.089719
-0.249815
-0.204595
-0.326529
-0.297336
-0.416153
-0.384458
-0.505265
-0.475968
-0.594885
-0.566381
-0.690539
-0.661118
-0.786219
-0.768356
-0.887328
-0.874436
-1.007711
-0.981531
-1.112291
-1.124639
-1.233834
-1.066743
-0.943100
-0.795099
-0.724161
-0.607769
-0.531628
-0.443088
-0.360223
-0.269122
-0.184579
-0.086251
0.001409
0.106391
0.200257
0.308918
0.412340
0.528482
0.640266
0.782153
0.883369
1.049870
1.144028
1.278285
0.099802
-0.112482
0.127281
0.003671
0.209933
0.125453
0.304989
0.249423
0.421767
0.380785
0.546407
0.525019
0.681385
0.667888
0.824348
0.815348
0.951590
0.959299
1.079166
1.062978
1.198015
1.194291
-0.208023
-0.014814
-0.084152
0.078780
0.019123
0.183586
0.141538
0.293609
0.265269
0.419765
0.393590
0.547651
0.531249
0.680824
0.662903
0.816731
0.797116
0.930954
0.927582
1.045488
1.026884
-0.043761
-0.182902
0.019768
-0.082813
0.112225
0.016245
0.209240
0.136614
0.312131
0.260065
0.430958
0.388198
0.550925
0.524397
0.676238
0.650807
0.804247
0.778467
0.913649
0.903161
-0.273695
-0.102050
-0.179037
-0.015693
-0.076818
0.092567
0.026010
0.201605
0.145479
0.312242
0.265610
0.432470
0.388466
0.548063
0.516148
0.665097
0.633050
0.779604
0.760537
-0.161061
-0.271139
-0.074859
-0.179639
0.005211
-0.080389
0.105527
0.022986
0.209192
0.141547
0.316159
0.260509
0.431979
0.380842
0.542983
0.502709
0.658738
0.614428
-0.347268
-0.199683
-0.275075
-0.100469
-0.178256
-0.006082
-0.076529
0.101949
0.027897
0.209074
0.143547
0.315424
0.256908
0.425351
0.372387
0.526437
0.491569
-0.269593
-0.349808
-0.181509
-0.276690
-0.091346
-0.181639
-0.000307
-0.080426
0.104280
0.024523
0.209476
0.138083
0.315056
0.247484
0.423956
0.360860
-0.434475
-0.295680
-0.358001
-0.196412
-0.277056
-0.097936
-0.179649
-0.000869
-0.078181
0.104105
0.024731
0.205632
0.134716
0.305790
0.241109
-0.367558
-0.438025
-0.285347
-0.362390
-0.192542
-0.280325
-0.096590
-0.183223
0.000977
-0.082242
0.106117
0.019551
0.207452
0.128256
-0.521097
-0.383385
-0.445093
-0.291734
-0.363437
-0.194130
-0.277444
-0.096020
-0.180895
0.000317
-0.082109
0.101776
0.017398
-0.466326
-0.525300
-0.378338
-0.450147
-0.289100
-0.367505
-0.192043
-0.279880
-0.092012
-0.183087
0.005537
-0.084736
-0.605034
-0.473499
-0.528162
-0.378782
-0.448399
-0.286383
-0.363028
-0.190370
-0.276238
-0.092675
-0.181892
-0.560393
-0.608842
-0.470145
-0.532429
-0.375223
-0.451241
-0.280116
-0.362855
-0.182221
-0.275535
-0.693107
-0.559509
-0.605439
-0.465862
-0.525124
-0.370190
-0.444918
-0.277780
-0.358606
-0.653890
-0.696256
-0.553700
-0.607661
-0.458767
-0.523710
-0.358710
-0.441795
-0.777416
-0.644638
-0.684956
-0.544497
-0.596350
-0.454399
-0.516638
-0.756478
-0.776102
-0.634381
-0.683609
-0.529922
-0.590275
-0.863379
-0.740190
-0.754558
-0.624476
-0.672696
-0.851194
-0.856216
-0.722011
-0.744265
-0.967497
-0.823651
-0.831772
-0.945615
-0.951335
-1.033970
-0.014132
-0.236727
-0.157640
-0.370004
-0.331268
-0.498181
-0.497370
-0.654251
-0.675377
-0.850678
-0.915657
-1.139439
-1.283942
-1.560904
-1.738087
-1.973691
-2.053527
-2.170154
-2.160450
-2.197967
-2.142754
-2.206451
-2.127406
-2.113486
-2.138445
-2.103617
-2.117245
-2.100231
-2.113751
-2.117849
-2.118317
-2.132026
-2.143532
-2.152476
-2.166922
-2.180374
-2.179666
-2.186252
-2.159561
-2.132081
-2.052299
-1.961068
-1.811775
-1.670666
-1.486242
-1.376464
-0.250758
-0.140760
-0.334290
-0.236446
-0.417714
-0.340248
-0.502110
-0.445669
-0.591460
-0.547657
-0.687375
-0.654405
-0.785751
-0.773313
-0.893503
-0.896986
-1.021528
-1.025005
-1.147847
-1.175083
-1.261480
-1.263279
-0.267439
-0.283712
-0.372284
-0.377830
-0.463154
-0.469120
-0.561542
-0.560121
-0.664983
-0.662126
-0.773279
-0.780587
-0.896722
-0.913105
-1.044316
-1.060258
-1.200156
-1.228030
-1.349140
-1.375908
-1.509546
-0.390312
-0.295536
-0.466237
-0.403344
-0.561053
-0.508463
-0.660419
-0.625850
-0.766881
-0.757590
-0.894467
-0.907018
-1.050827
-1.079223
-1.224840
-1.274263
-1.398480
-1.458274
-1.566922
-1.597104
-0.385389
-0.451556
-0.504658
-0.537827
-0.613190
-0.642656
-0.727297
-0.764350
-0.865057
-0.910587
-1.036736
-1.093021
-1.237123
-1.308055
-1.448334
-1.520023
-1.649730
-1.690385
-1.803370
-0.520357
-0.446181
-0.615321
-0.570959
-0.720462
-0.704735
-0.852399
-0.863768
-1.022708
-1.065952
-1.235279
-1.308514
-1.471696
-1.555618
-1.695986
-1.757606
-1.866911
-1.902574
-0.535136
-0.608737
-0.653842
-0.722163
-0.793437
-0.866144
-0.967597
-1.059813
-1.194922
-1.308711
-1.461868
-1.578230
-1.721942
-1.806036
-1.921378
-1.964211
-2.040534
-0.655551
-0.625070
-0.783718
-0.779066
-0.941725
-0.980852
-1.161315
-1.244997
-1.441102
-1.548096
-1.726857
-1.814367
-1.947309
-1.994222
-2.073841
-2.091669
-0.699642
-0.792329
-0.857710
-0.970731
-1.075597
-1.215618
-1.366657
-1.525584
-1.684456
-1.819362
-1.941986
-2.017983
-2.090548
-2.119865
-2.158254
-0.832970
-0.854705
-1.029341
-1.095871
-1.304997
-1.418662
-1.635786
-1.755390
-1.929261
-1.995898
-2.099860
-2.118420
-2.168356
-2.162475
-0.919406
-1.062699
-1.181376
-1.362386
-1.522643
-1.712891
-1.860776
-1.988094
-2.074798
-2.131267
-2.161117
-2.176809
-2.184895
-1.107273
-1.201370
-1.427406
-1.566166
-1.789052
-1.898862
-2.053270
-2.095130
-2.164736
-2.162161
-2.192343
-2.167242
-1.266003
-1.481159
-1.644957
-1.844701
-1.973772
-2.090201
-2.133176
-2.178840
-2.179227
-2.183082
-2.170675
-1.520385
-1.669049
-1.888985
-1.988171
-2.110837
-2.137060
-2.188849
-2.163926
-2.185650
-2.153092
-1.723622
-1.928413
-2.029261
-2.143097
-2.162152
-2.190843
-2.175648
-2.179497
-2.143426
-1.939501
-2.035444
-2.140813
-2.145033
-2.191184
-2.162944
-2.166569
-2.134584
-2.057547
-2.159660
-2.173447
-2.204616
-2.162624
-2.173432
-2.130103
-2.152631
-2.155686
-2.176884
-2.157500
-2.161896
-2.112630
-2.165600
-2.212633
-2.171810
-2.162333
-2.125157
-2.182143
-2.139686
-2.158354
-2.112624
-2.184392
-2.175670
-2.120551
-2.144267
-2.115682
-2.123577
-0.141546
0.068498
0.014682
0.151105
0.131619
0.259948
0.254127
0.387696
0.385845
0.523684
0.530382
0.670624
0.676860
0.825287
0.829676
0.967328
0.979589
1.106622
1.094663
1.234338
1.209045
1.286879
1.277365
1.670844
1.627284
1.632318
1.619300
1.638119
1.627457
1.639474
1.642535
1.657166
1.659187
1.675831
1.685970
1.686856
1.703996
1.689584
1.695625
1.662366
1.655988
1.577770
1.578145
1.432463
1.459785
1.622853
1.629632
1.627758
1.631702
1.625184
1.641682
1.639857
1.652715
1.656631
1.676539
1.669413
1.695962
1.680785
1.694747
1.669518
1.670167
1.608426
1.606276
1.502763
1.476945
1.365651
1.679757
1.676415
1.677232
1.676167
1.685558
1.677720
1.692187
1.693137
1.694781
1.704543
1.698635
1.700283
1.684572
1.678584
1.628290
1.622381
1.530980
1.504321
1.396176
1.345921
1.665544
1.665130
1.669449
1.667324
1.670896
1.681365
1.671432
1.690887
1.677415
1.689496
1.669673
1.674940
1.628093
1.630190
1.551048
1.529140
1.433202
1.388246
1.256113
1.711852
1.704211
1.709887
1.709592
1.705629
1.709298
1.704921
1.699987
1.689300
1.682101
1.646481
1.637717
1.571860
1.545171
1.457278
1.414541
1.285650
1.262118
1.678877
1.677568
1.673209
1.678477
1.670609
1.671725
1.656001
1.659275
1.620263
1.621768
1.558662
1.543910
1.459590
1.429146
1.307972
1.285978
1.130208
1.697540
1.696393
1.690741
1.683975
1.672208
1.664599
1.633142
1.622461
1.571722
1.546336
1.473650
1.437281
1.328327
1.299006
1.155225
1.125050
1.631082
1.622121
1.613296
1.607333
1.578474
1.572624
1.524856
1.508896
1.439262
1.416156
1.312497
1.293132
1.158022
1.134610
0.993133
1.607563
1.600055
1.573037
1.562841
1.520821
1.498602
1.437206
1.407824
1.316476
1.288509
1.168628
1.137487
1.006852
0.975484
1.479779
1.465637
1.434687
1.413662
1.362052
1.340021
1.258967
1.239924
1.130785
1.110917
0.987400
0.967565
0.826454
1.402601
1.387670
1.337750
1.318922
1.242858
1.221543
1.122816
1.099426
0.986247
0.962422
0.832880
0.824100
1.222476
1.200037
1.143852
1.123441
1.044999
1.026500
0.928431
0.914106
0.797444
0.797246
0.660020
1.106988
1.099988
1.023377
1.010596
0.915139
0.903310
0.792388
0.789778
0.661642
0.667810
0.910100
0.890692
0.823053
0.809890
0.724798
0.721666
0.615287
0.625363
0.503721
0.801666
0.808483
0.717300
0.721097
0.611759
0.626588
0.504327
0.525220
0.616716
0.607112
0.536604
0.543422
0.451067
0.467021
0.354873
0.538380
0.564115
0.454007
0.481504
0.359630
0.400675
0.363054
0.377145
0.304091
0.326723
0.219202
0.323486
0.358033
0.227610
0.290523
0.152851
0.205028
0.094735
0.116980
0.187483
-0.011431
-0.224039
-0.089580
-0.249796
-0.204413
-0.326579
-0.297123
-0.416173
-0.384318
-0.505228
-0.475799
-0.594915
-0.566162
-0.690554
-0.660904
-0.786222
-0.768138
-0.887347
-0.874207
-1.007724
-0.981291
-1.112301
-1.124387
-1.233846
-1.066999
-0.942783
-0.795370
-0.723863
-0.608079
-0.531292
-0.443397
-0.359915
-0.269449
-0.184183
-0.086708
0.001893
0.105984
0.200601
0.308580
0.412865
0.527778
0.641073
0.781581
0.883752
1.049606
1.144773
1.277253
0.099706
-0.112548
0.127127
0.003721
0.209662
0.125429
0.304867
0.249259
0.421499
0.380873
0.545933
0.524909
0.681258
0.667543
0.823923
0.815495
0.950878
0.959077
1.079055
1.062480
1.197405
1.194570
-0.208055
-0.014576
-0.084243
0.079004
0.019180
0.183742
0.141550
0.294001
0.265170
0.420087
0.393808
0.547845
0.531308
0.681482
0.662754
0.817192
0.797493
0.931231
0.927578
1.046509
1.026511
-0.043955
-0.182909
0.019642
-0.082905
0.112029
0.016283
0.208898
0.136566
0.311963
0.259851
0.430627
0.388277
0.550357
0.524280
0.676040
0.650457
0.803736
0.778673
0.912808
0.903079
-0.273690
-0.101901
-0.179045
-0.015416
-0.076892
0.092838
0.026109
0.201799
0.145525
0.312711
0.265517
0.432870
0.388705
0.548326
0.516197
0.665856
0.632829
0.780191
0.760794
-0.161215
-0.271124
-0.075101
-0.179659
0.005042
-0.080511
0.105276
0.023013
0.208771
0.141486
0.315928
0.260277
0.431572
0.380945
0.542316
0.502655
0.658441
0.614161
-0.347325
-0.199467
-0.275045
-0.100290
-0.178234
-0.005750
-0.076588
0.102281
0.028022
0.209323
0.143604
0.315976
0.256789
0.425843
0.372576
0.526783
0.491553
-0.269735
-0.349876
-0.181700
-0.276683
-0.091651
-0.181668
-0.000532
-0.080567
0.103964
0.024554
0.208971
0.138044
0.314746
0.247291
0.423481
0.361014
-0.434478
-0.295430
-0.358046
-0.196154
-0.276997
-0.097713
-0.179607
-0.000473
-0.078241
0.104511
0.024847
0.205953
0.134741
0.306404
0.240947
-0.367774
-0.438038
-0.285550
-0.362452
-0.192802
-0.280318
-0.096965
-0.183250
0.000685
-0.082375
0.105732
0.019612
0.206890
0.128255
-0.521070
-0.383208
-0.445042
-0.291485
-0.363442
-0.193824
-0.277379
-0.095736
-0.180861
0.000782
-0.082193
0.102232
0.017484
-0.466527
-0.525274
-0.378662
-0.450103
-0.289392
-0.367568
-0.192357
-0.279869
-0.092448
-0.183096
0.005199
-0.084842
-0.605054
-0.473278
-0.528089
-0.378601
-0.448340
-0.286048
-0.363068
-0.189988
-0.276191
-0.092347
-0.181879
-0.560579
-0.608874
-0.470412
-0.532405
-0.375565
-0.451261
-0.280407
-0.362939
-0.182567
-0.275505
-0.693113
-0.559253
-0.605455
-0.465575
-0.525101
-0.369885
-0.444919
-0.277378
-0.358665
-0.654124
-0.696263
-0.553957
-0.607681
-0.459092
-0.523691
-0.359088
-0.441796
-0.777423
-0.644398
-0.684936
-0.544221
-0.596310
-0.454119
-0.516599
-0.756703
-0.776113
-0.634667
-0.683603
-0.530249
-0.590274
-0.863398
-0.739928
-0.754562
-0.624192
-0.672693
-0.851419
-0.856226
-0.722286
-0.744276
-0.967529
-0.823373
-0.831776
-0.945833
-0.951368
-1.034006
-0.224056
-0.089584
-0.249805
-0.204414
-0.326573
-0.297138
-0.416150
-0.384305
-0.505263
-0.475769
-0.594916
-0.566177
-0.690547
-0.660917
-0.786227
-0.768135
-0.887349
-0.874208
-1.007725
-0.981291
-1.112304
-1.124385
-1.233850
-2.123579
-2.115683
-2.120551
-2.112627
-2.125157
-2.112631
-2.130105
-2.134587
-2.143425
-2.153096
-2.170675
-2.167243
-2.184896
-2.162479
-2.158252
-2.091672
-2.040536
-1.902575
-1.803372
-1.597110
-1.509546
-1.263282
-2.144263
-2.175674
-2.158350
-2.162334
-2.161893
-2.173434
-2.166563
-2.179499
-2.185645
-2.183081
-2.192339
-2.176810
-2.168349
-2.119866
-2.073836
-1.964209
-1.866906
-1.690387
-1.566916
-1.375909
-1.261478
-2.184391
-2.139687
-2.171812
-2.157501
-2.162622
-2.162947
-2.175647
-2.163927
-2.179228
-2.162164
-2.161114
-2.118423
-2.090549
-1.994222
-1.921379
-1.757610
-1.649729
-1.458278
-1.349144
-1.175084
-2.182140
-2.212635
-2.176878
-2.204619
-2.191179
-2.190843
-2.188844
-2.178840
-2.164728
-2.131268
-2.099855
-2.017980
-1.947304
-1.806036
-1.695978
-1.520024
-1.398476
-1.228029
-1.147844
-2.165598
-2.155688
-2.173445
-2.145032
-2.162152
-2.137061
-2.133173
-2.095133
-2.074797
-1.995897
-1.941985
-1.814369
-1.721938
-1.555620
-1.448335
-1.274263
-1.200158
-1.025007
-2.152624
-2.159660
-2.140808
-2.143097
-2.110828
-2.090202
-2.053262
-1.988090
-1.929254
-1.819361
-1.726847
-1.578229
-1.471690
-1.308051
-1.224836
-1.060258
-1.021523
-2.057545
-2.035442
-2.029255
-1.988171
-1.973767
-1.898858
-1.860774
-1.755389
-1.684449
-1.548095
-1.461867
-1.308511
-1.237124
-1.079225
-1.044316
-0.896988
-1.939491
-1.928413
-1.888976
-1.844697
-1.789044
-1.712888
-1.635772
-1.525582
-1.441093
-1.308704
-1.235272
-1.093020
-1.050820
-0.913105
-0.893501
-1.723614
-1.669042
-1.644951
-1.566162
-1.522634
-1.418660
-1.366653
-1.244991
-1.194922
-1.065952
-1.036735
-0.907020
-0.896730
-0.773314
-1.520377
-1.481156
-1.427395
-1.362387
-1.304990
-1.215614
-1.161310
-1.059814
-1.022698
-0.910590
-0.894469
-0.780588
-0.785751
-1.265998
-1.201373
-1.181372
-1.095870
-1.075600
-0.980856
-0.967595
-0.863773
-0.865071
-0.757588
-0.773278
-0.654419
-1.107272
-1.062708
-1.029351
-0.970740
-0.941727
-0.866157
-0.852406
-0.764357
-0.766877
-0.662133
-0.687355
-0.919423
-0.854716
-0.857723
-0.779092
-0.793445
-0.704738
-0.727306
-0.625843
-0.664962
-0.547659
-0.833006
-0.792364
-0.783734
-0.722189
-0.720481
-0.642649
-0.660401
-0.560097
-0.591488
-0.699659
-0.625105
-0.653881
-0.570972
-0.613178
-0.508464
-0.561566
-0.445628
-0.655597
-0.608740
-0.615346
-0.537852
-0.561002
-0.469149
-0.502102
-0.535128
-0.446187
-0.504628
-0.403347
-0.463088
-0.340285
-0.520184
-0.451541
-0.466191
-0.377824
-0.417676
-0.385317
-0.295508
-0.372277
-0.236441
-0.390293
-0.283712
-0.334286
-0.267460
-0.140767
-0.250761
0.113284
0.031746
0.265083
0.209462
0.414507
0.424567
0.615466
0.667926
0.871728
0.953715
1.164500
1.250913
1.435466
1.495241
1.618069
1.631551
1.700309
1.673065
1.708513
1.665186
1.689680
1.615104
1.626096
1.586985
1.558390
1.582681
1.587317
1.575881
1.582717
1.586369
1.599357
1.599655
1.623034
1.629175
1.649156
1.658885
1.682920
1.678265
1.703033
1.682505
1.687828
1.651376
1.632788
1.562221
1.535426
1.406845
-0.011437
0.187471
0.094728
0.290518
0.219196
0.400670
0.354871
0.525215
0.503719
0.667810
0.660016
0.824100
0.826453
0.975482
0.993131
1.125052
1.130204
1.262120
1.256111
1.345920
1.365649
1.459787
0.116975
0.205025
0.227609
0.326720
0.359635
0.467017
0.504331
0.625364
0.661643
0.797247
0.832885
0.967563
1.006856
1.134611
1.155226
1.285979
1.285653
1.388244
1.396179
1.476946
1.432462
0.152846
0.358025
0.304088
0.481497
0.451064
0.626587
0.615282
0.789777
0.797444
0.962420
0.987399
1.137489
1.158017
1.299008
1.307970
1.414539
1.433200
1.504323
1.502758
1.578149
0.323487
0.377141
0.454009
0.543423
0.611759
0.721667
0.792393
0.914105
0.986252
1.110920
1.168628
1.293135
1.328331
1.429145
1.457281
1.529142
1.530979
1.606278
1.577771
0.363052
0.564113
0.536598
0.721096
0.724798
0.903307
0.928430
1.099428
1.130781
1.288511
1.312497
1.437280
1.459589
1.545173
1.551043
1.622384
1.608424
1.655988
0.538379
0.607112
0.717304
0.809888
0.915144
1.026504
1.122817
1.239928
1.316481
1.416155
1.473654
1.543913
1.571859
1.630193
1.628292
1.670165
1.662368
0.616715
0.808479
0.823051
1.010598
1.044994
1.221545
1.258967
1.407823
1.439261
1.546339
1.558657
1.637719
1.628092
1.678583
1.669516
1.695628
0.801668
0.890695
1.023378
1.123445
1.242863
1.340022
1.437210
1.508900
1.571721
1.621771
1.646484
1.674940
1.684575
1.694749
1.689583
0.910096
1.099990
1.143852
1.318921
1.362051
1.498605
1.524852
1.622463
1.620262
1.682100
1.669672
1.700286
1.680780
1.703999
1.106993
1.200038
1.337754
1.413668
1.520821
1.572628
1.633146
1.659275
1.689302
1.689499
1.698633
1.695965
1.686857
1.222475
1.387674
1.434683
1.562842
1.578474
1.664597
1.655999
1.699989
1.677410
1.704546
1.669411
1.685969
1.402601
1.465641
1.573041
1.607335
1.672210
1.671730
1.704920
1.690891
1.694783
1.676540
1.675833
1.479779
1.600053
1.613294
1.683977
1.670605
1.709300
1.671431
1.693136
1.656630
1.659189
1.607565
1.622127
1.690740
1.678481
1.705631
1.681366
1.692188
1.652719
1.657165
1.631077
1.696394
1.673208
1.709590
1.670893
1.677721
1.639853
1.642537
1.697542
1.677570
1.709888
1.667328
1.685556
1.641686
1.639476
1.678874
1.704213
1.669444
1.676167
1.625183
1.627456
1.711850
1.665133
1.677234
1.631703
1.638120
1.665543
1.676412
1.627756
1.619301
1.679757
1.629637
1.632316
1.622850
1.627283
1.670845
-0.141547
0.068488
0.014684
0.151099
0.131620
0.259946
0.254128
0.387695
0.385850
0.523682
0.530386
0.670625
0.676862
0.825288
0.829680
0.967326
0.979593
1.106622
1.094664
1.234339
1.209047
1.286877
1.277368
-1.034003
-0.951371
-0.831774
-0.744278
-0.672701
-0.590315
-0.516624
-0.441794
-0.358657
-0.275506
-0.181876
-0.084844
0.017487
0.128252
0.240949
0.361011
0.491556
0.614159
0.760797
0.903076
1.026513
1.194568
-0.945835
-0.823371
-0.722286
-0.624184
-0.530203
-0.454059
-0.359082
-0.277394
-0.182572
-0.092348
0.005199
0.102232
0.206890
0.306404
0.423481
0.526782
0.658441
0.780191
0.912807
1.046508
1.197406
-0.967525
-0.856230
-0.754558
-0.683633
-0.596366
-0.523718
-0.444894
-0.362928
-0.276185
-0.183097
-0.082190
0.019610
0.134744
0.247288
0.372579
0.502653
0.632830
0.778670
0.927581
1.062477
-0.851419
-0.739926
-0.634657
-0.544184
-0.459061
-0.369899
-0.280426
-0.189992
-0.092450
0.000781
0.105731
0.205952
0.314746
0.425843
0.542314
0.665856
0.803737
0.931229
1.079056
-0.863396
-0.776114
-0.684943
-0.607703
-0.525097
-0.451253
-0.363061
-0.279871
-0.180857
-0.082378
0.024851
0.138041
0.256791
0.380942
0.516201
0.650453
0.797496
0.959075
-0.756701
-0.644394
-0.553955
-0.465567
-0.375555
-0.286038
-0.192354
-0.095735
0.000684
0.104511
0.208970
0.315976
0.431572
0.548324
0.676040
0.817192
0.950876
-0.777422
-0.696261
-0.605453
-0.532433
-0.448370
-0.367586
-0.277380
-0.183253
-0.078239
0.024551
0.143608
0.260273
0.388709
0.524278
0.662755
0.815493
-0.654127
-0.559255
-0.470393
-0.378543
-0.289354
-0.193811
-0.096964
-0.000472
0.103963
0.209322
0.315928
0.432870
0.550354
0.681483
0.823923
-0.693094
-0.608880
-0.528131
-0.450162
-0.363463
-0.280327
-0.179604
-0.080571
0.028026
0.141484
0.265519
0.388276
0.531312
0.667538
-0.560591
-0.473261
-0.378613
-0.291447
-0.192792
-0.097710
-0.000533
0.102281
0.208768
0.312711
0.430626
0.547842
0.681258
-0.605052
-0.525303
-0.445068
-0.362468
-0.276997
-0.181672
-0.076585
0.023011
0.145529
0.259847
0.393813
0.524907
-0.466524
-0.383196
-0.285547
-0.196152
-0.091651
-0.005750
0.105274
0.201796
0.311962
0.420086
0.545929
-0.521077
-0.438035
-0.358034
-0.276687
-0.178230
-0.080516
0.026114
0.136563
0.265171
0.380872
-0.367779
-0.295444
-0.181705
-0.100291
0.005040
0.092836
0.208893
0.294001
0.421497
-0.434462
-0.349869
-0.275040
-0.179662
-0.076890
0.016281
0.141553
0.249254
-0.269747
-0.199470
-0.075105
-0.015417
0.112023
0.183738
0.304864
-0.347312
-0.271127
-0.179043
-0.082911
0.019184
0.125424
-0.161217
-0.101904
0.019638
0.078998
0.209655
-0.273688
-0.182916
-0.084242
0.003717
-0.043961
-0.014581
0.127116
-0.208059
-0.112554
0.099694
-2.113492
-2.138450
-2.103617
-2.117264
-2.100225
-2.113781
-2.117839
-2.118361
-2.132011
-2.143593
-2.152454
-2.167003
-2.180345
-2.179769
-2.186214
-2.159694
-2.132033
-2.052465
-1.961008
-1.811986
-1.670577
-1.486522
-1.376340
-2.047104
-2.080575
-2.056596
-2.065331
-2.068223
-2.062169
-2.073937
-2.086973
-2.090484
-2.113222
-2.125508
-2.145545
-2.159273
-2.180516
-2.174152
-2.180824
-2.133427
-2.097096
-1.973745
-1.877982
-1.688156
-1.555571
-2.050645
-2.066500
-2.059582
-2.048100
-2.054098
-2.064157
-2.060239
-2.078119
-2.091144
-2.103118
-2.124983
-2.142129
-2.158730
-2.175288
-2.182200
-2.173584
-2.149523
-2.085424
-1.992657
-1.848338
-1.688155
-2.047434
-1.994978
-2.016897
-2.012670
-2.008076
-2.018900
-2.032740
-2.039672
-2.060646
-2.082140
-2.098408
-2.130617
-2.145088
-2.173861
-2.175250
-2.187759
-2.147817
-2.110897
-1.992661
-1.877980
-1.997156
-2.022460
-1.983141
-2.004825
-2.003470
-2.008522
-2.020574
-2.040768
-2.052131
-2.079341
-2.098162
-2.123724
-2.146627
-2.167687
-2.176258
-2.177810
-2.147815
-2.085423
-1.973742
-1.967367
-1.950103
-1.971993
-1.948141
-1.970446
-1.977236
-1.991816
-2.011299
-2.035387
-2.059517
-2.087128
-2.117494
-2.139989
-2.171847
-2.176262
-2.187757
-2.149526
-2.097097
-1.955409
-1.949948
-1.939019
-1.961118
-1.950427
-1.975842
-1.987402
-2.012209
-2.031962
-2.063030
-2.084898
-2.119121
-2.139987
-2.167685
-2.175247
-2.173585
-2.133423
-1.919951
-1.910652
-1.915666
-1.912053
-1.938534
-1.942431
-1.972263
-1.993080
-2.024190
-2.053765
-2.084902
-2.117494
-2.146629
-2.173862
-2.182202
-2.180823
-1.897493
-1.907408
-1.905309
-1.920218
-1.924173
-1.956156
-1.968572
-2.004614
-2.024188
-2.063029
-2.087125
-2.123724
-2.145085
-2.175286
-2.174150
-1.886211
-1.869841
-1.886968
-1.892293
-1.919173
-1.932275
-1.968574
-1.993080
-2.031963
-2.059518
-2.098164
-2.130616
-2.158734
-2.180515
-1.867443
-1.885739
-1.883395
-1.906900
-1.919172
-1.956155
-1.972261
-2.012210
-2.035385
-2.079340
-2.098407
-2.142128
-2.159270
-1.864545
-1.855991
-1.883395
-1.892293
-1.924174
-1.942432
-1.987403
-2.011298
-2.052134
-2.082139
-2.124985
-2.145546
-1.864546
-1.885738
-1.886968
-1.920218
-1.938533
-1.975840
-1.991816
-2.040767
-2.060644
-2.103118
-2.125505
-1.867443
-1.869841
-1.905310
-1.912052
-1.950429
-1.977236
-2.020575
-2.039672
-2.091146
-2.113221
-1.886211
-1.907408
-1.915666
-1.961118
-1.970444
-2.008522
-2.032738
-2.078117
-2.090484
-1.897494
-1.910651
-1.939019
-1.948141
-2.003471
-2.018899
-2.060242
-2.086972
-1.919950
-1.949947
-1.971993
-2.004823
-2.008076
-2.064155
-2.073934
-1.955409
-1.950101
-1.983142
-2.012670
-2.054099
-2.062170
-1.967367
-2.022459
-2.016895
-2.048099
-2.068223
-1.997155
-1.994978
-2.059584
-2.065329
-2.047435
-2.066497
-2.056596
-2.050646
-2.080575
-2.047103
-2.085382
-2.125540
-2.006224
-2.021726
-1.980011
-1.969233
-1.913042
-1.926237
-1.873198
-1.882502
-1.854173
-1.867097
-1.854174
-1.882502
-1.873198
-1.926238
-1.913042
-1.969235
-1.980012
-2.021727
-2.006226
-2.125541
-2.085382
-2.113483
-2.138448
-2.103616
-2.117247
-2.100227
-2.113754
-2.117846
-2.118317
-2.132024
-2.143533
-2.152471
-2.166924
-2.180371
-2.179665
-2.186248
-2.159562
-2.132075
-2.052299
-1.961065
-1.811774
-1.670662
-1.486244
-1.376458
-2.047113
-2.080569
-2.056612
-2.065323
-2.068241
-2.062166
-2.073959
-2.086969
-2.090515
-2.113220
-2.125543
-2.145549
-2.159318
-2.180521
-2.174209
-2.180836
-2.133494
-2.097116
-1.973831
-1.878001
-1.688267
-1.555609
-2.050645
-2.066488
-2.059586
-2.048080
-2.054106
-2.064122
-2.060255
-2.078070
-2.091164
-2.103054
-2.125011
-2.142043
-2.158768
-2.175178
-2.182247
-2.173447
-2.149586
-2.085244
-1.992745
-1.848113
-1.688269
-2.047441
-1.994976
-2.016907
-2.012666
-2.008093
-2.018896
-2.032760
-2.039670
-2.060673
-2.082138
-2.098443
-2.130618
-2.145130
-2.173868
-2.175303
-2.187767
-2.147885
-2.110911
-1.992738
-1.878004
-1.997155
-2.022448
-1.983147
-2.004801
-2.003480
-2.008487
-2.020590
-2.040717
-2.052156
-2.079274
-2.098193
-2.123638
-2.146669
-2.167573
-2.176315
-2.177667
-2.147888
-2.085246
-1.973835
-1.967372
-1.950100
-1.972003
-1.948139
-1.970459
-1.977233
-1.991837
-2.011296
-2.035412
-2.059517
-2.087160
-2.117495
-2.140031
-2.171851
-2.176310
-2.187768
-2.149582
-2.097115
-1.955410
-1.949936
-1.939024
-1.961094
-1.950440
-1.975805
-1.987420
-2.012159
-2.031987
-2.062961
-2.084935
-2.119033
-2.140033
-2.167575
-2.175307
-2.173445
-2.133499
-1.919954
-1.910650
-1.915675
-1.912050
-1.938547
-1.942430
-1.972281
-1.993077
-2.024214
-2.053764
-2.084931
-2.117496
-2.146666
-2.173867
-2.182244
-2.180837
-1.897495
-1.907396
-1.905317
-1.920194
-1.924186
-1.956118
-1.968593
-2.004563
-2.024216
-2.062962
-2.087163
-2.123637
-2.145134
-2.175179
-2.174211
-1.886214
-1.869840
-1.886976
-1.892290
-1.919185
-1.932273
-1.968590
-1.993078
-2.031985
-2.059517
-2.098190
-2.130619
-2.158763
-2.180523
-1.867445
-1.885726
-1.883403
-1.906876
-1.919186
-1.956119
-1.972283
-2.012158
-2.035415
-2.079275
-2.098445
-2.142045
-2.159321
-1.864548
-1.855989
-1.883402
-1.892291
-1.924185
-1.942429
-1.987418
-2.011297
-2.052152
-2.082139
-2.125008
-2.145547
-1.864548
-1.885727
-1.886977
-1.920195
-1.938549
-1.975806
-1.991838
-2.040719
-2.060676
-2.103054
-2.125547
-1.867445
-1.869840
-1.905315
-1.912051
-1.950437
-1.977234
-2.020588
-2.039669
-2.091162
-2.113221
-1.886215
-1.907397
-1.915676
-1.961095
-1.970462
-2.008488
-2.032763
-2.078072
-2.090516
-1.897494
-1.910651
-1.939024
-1.948139
-2.003478
-2.018897
-2.060251
-2.086969
-1.919956
-1.949937
-1.972004
-2.004804
-2.008094
-2.064124
-2.073962
-1.955408
-1.950101
-1.983145
-2.012666
-2.054104
-2.062165
-1.967372
-2.022449
-2.016909
-2.048081
-2.068243
-1.997155
-1.994976
-2.059583
-2.065325
-2.047441
-2.066491
-2.056613
-2.050643
-2.080569
-2.047114
1.608931
1.525019
1.572814
1.491156
1.500881
1.431847
1.440844
1.380094
1.383003
1.340365
1.352957
1.323556
1.352957
1.340365
1.383004
1.380096
1.440843
1.431850
1.500881
1.491158
1.572814
1.525022
1.608929
1.586910
1.558440
1.582459
1.587305
1.576051
1.582181
1.586566
1.599381
1.599218
1.622972
1.629649
1.648195
1.659356
1.682874
1.677870
1.702825
1.683185
1.686631
1.651990
1.632480
1.562051
1.534855
1.407576
1.596254
1.601693
1.560887
1.580947
1.569509
1.584993
1.574490
1.598153
1.600328
1.615424
1.630490
1.648796
1.659917
1.676753
1.691920
1.686173
1.701746
1.669048
1.670639
1.603136
1.583002
1.480460
1.539878
1.521923
1.533478
1.525772
1.524091
1.536662
1.541792
1.552038
1.567843
1.589139
1.599136
1.629240
1.644480
1.665518
1.680792
1.695954
1.690142
1.694838
1.665354
1.645554
1.583003
1.511885
1.544530
1.499116
1.532603
1.512786
1.530501
1.531473
1.555414
1.557701
1.587899
1.603101
1.622219
1.647208
1.662978
1.681488
1.685367
1.697073
1.672398
1.665349
1.603138
1.486393
1.469330
1.481529
1.465172
1.482614
1.488091
1.498277
1.519880
1.539632
1.558616
1.586277
1.613040
1.632787
1.661717
1.679817
1.691691
1.697075
1.694839
1.670642
1.460737
1.476146
1.449180
1.478419
1.456533
1.491575
1.492214
1.519395
1.535321
1.566897
1.580901
1.614770
1.636919
1.655758
1.679813
1.685368
1.690138
1.669047
1.430361
1.418603
1.421129
1.420872
1.440821
1.445380
1.474576
1.494218
1.518124
1.548445
1.578981
1.603489
1.636921
1.661718
1.681492
1.695953
1.701749
1.400492
1.420606
1.401715
1.425585
1.422986
1.460347
1.461671
1.505053
1.519921
1.554507
1.578980
1.614773
1.632785
1.662977
1.680790
1.686174
1.379881
1.366650
1.380565
1.386685
1.406982
1.426560
1.459069
1.478739
1.519930
1.548453
1.580907
1.613040
1.647210
1.665518
1.691921
1.356557
1.378723
1.363680
1.400641
1.403711
1.442362
1.459077
1.505069
1.518134
1.566900
1.586275
1.622218
1.644475
1.676754
1.339341
1.340231
1.358670
1.368993
1.403717
1.426574
1.461689
1.494229
1.535326
1.558614
1.603100
1.629240
1.659919
1.333770
1.359135
1.358670
1.400646
1.406988
1.460354
1.474576
1.519391
1.539622
1.587895
1.599132
1.648795
1.333771
1.340232
1.363682
1.386685
1.422984
1.445374
1.492206
1.519873
1.557698
1.589138
1.630493
1.339342
1.378722
1.380562
1.425580
1.440810
1.491567
1.498269
1.555411
1.567842
1.615427
1.356557
1.366651
1.401713
1.420870
1.456532
1.488092
1.531477
1.552043
1.600331
1.379880
1.420608
1.421130
1.478421
1.482616
1.530506
1.541793
1.598155
1.400494
1.418606
1.449184
1.465178
1.512790
1.536667
1.574493
1.430362
1.476147
1.481528
1.532603
1.524089
1.584991
1.460736
1.469332
1.499116
1.525773
1.569508
1.486392
1.544527
1.533475
1.580947
1.511885
1.521927
1.560886
1.539876
1.601692
1.596255
1.586987
1.558388
1.582682
1.587314
1.575884
1.582712
1.586369
1.599356
1.599657
1.623032
1.629181
1.649154
1.658886
1.682921
1.678268
1.703031
1.682510
1.687827
1.651377
1.632789
1.562224
1.535424
1.406850
1.596202
1.601669
1.560619
1.581215
1.569198
1.584805
1.574747
1.597992
1.599798
1.616062
1.629957
1.648527
1.660283
1.676581
1.691221
1.686990
1.701097
1.668830
1.670883
1.602996
1.582249
1.481095
1.539906
1.522107
1.533429
1.525750
1.524448
1.536691
1.541470
1.552785
1.567441
1.589093
1.599566
1.629317
1.643854
1.666658
1.680169
1.696104
1.690464
1.695136
1.664603
1.646887
1.582249
1.511748
1.544457
1.499194
1.532504
1.512420
1.530949
1.531017
1.555145
1.558023
1.587714
1.602484
1.623038
1.646587
1.662759
1.681857
1.685204
1.696338
1.673247
1.664608
1.602993
1.486532
1.469343
1.481453
1.465625
1.482387
1.488002
1.498635
1.519894
1.539169
1.559625
1.585759
1.613087
1.633207
1.661845
1.679106
1.692945
1.696337
1.695134
1.670880
1.460603
1.476321
1.448924
1.478242
1.456705
1.491411
1.491772
1.520136
1.534869
1.566724
1.581319
1.614587
1.636240
1.656650
1.679110
1.685202
1.690466
1.668831
1.430385
1.418604
1.421363
1.420840
1.440532
1.446127
1.474282
1.494266
1.518551
1.548461
1.578338
1.604599
1.636240
1.661843
1.681855
1.696105
1.701093
1.400480
1.420509
1.401422
1.425980
1.422697
1.460256
1.462026
1.504844
1.519279
1.555264
1.578344
1.614587
1.633209
1.662761
1.680170
1.686989
1.379870
1.366917
1.380409
1.386700
1.407315
1.426537
1.458484
1.479506
1.519287
1.548467
1.581321
1.613089
1.646583
1.666657
1.691221
1.356420
1.378631
1.363854
1.400562
1.403282
1.442867
1.458497
1.504860
1.518565
1.566730
1.585759
1.623036
1.643858
1.676579
1.339434
1.340251
1.358411
1.369527
1.403288
1.426551
1.462043
1.494278
1.534869
1.559621
1.602480
1.629313
1.660281
1.333651
1.359363
1.358414
1.400565
1.407324
1.460265
1.474285
1.520131
1.539164
1.587707
1.599566
1.648529
1.333652
1.340251
1.363853
1.386700
1.422693
1.446118
1.491761
1.519882
1.558017
1.589092
1.629956
1.339434
1.378631
1.380406
1.425973
1.440525
1.491401
1.498629
1.555145
1.567443
1.616064
1.356421
1.366915
1.401420
1.420834
1.456701
1.488001
1.531018
1.552786
1.599801
1.379872
1.420510
1.421365
1.478246
1.482392
1.530953
1.541478
1.597994
1.400481
1.418606
1.448927
1.465627
1.512425
1.536691
1.574747
1.430386
1.476321
1.481455
1.532504
1.524449
1.584806
1.460604
1.469339
1.499191
1.525747
1.569196
1.486530
1.544457
1.533429
1.581214
1.511749
1.522103
1.560620
1.539908
1.601670
1.596202

