Tension at each vertex
-0.024946
-0.024939
-0.024705
-0.024713
-1.982109
1.478973
-1.982111
1.478978
-1.033847
-1.033420
1.432519
1.433550
-0.080266
-0.234691
-0.179839
-0.332675
-0.299558
-0.416161
-0.414030
-0.529732
-0.552884
-0.702510
-0.781010
-1.001001
-1.175440
-1.468015
-1.679083
-1.919857
-2.000535
-2.094538
-2.069330
-2.079451
-2.009616
-2.061722
-1.968119
-0.123380
-0.310092
-0.272418
-0.376620
-0.378583
-0.465596
-0.473190
-0.575046
-0.606499
-0.742065
-0.837376
-1.038766
-1.229407
-1.502139
-1.713202
-1.924675
-2.019346
-2.077411
-2.075885
-2.069117
-2.040569
-1.953139
-0.089954
-0.237538
-0.223717
-0.334642
-0.322316
-0.437355
-0.432765
-0.554129
-0.584051
-0.735511
-0.829771
-1.055741
-1.235082
-1.526479
-1.722570
-1.937259
-2.015357
-2.094131
-2.070357
-2.082994
-2.040590
-0.170545
-0.284740
-0.280500
-0.388128
-0.376650
-0.476871
-0.483427
-0.586600
-0.626828
-0.768262
-0.867034
-1.083523
-1.270701
-1.539627
-1.742032
-1.936459
-2.016727
-2.082623
-2.070322
-2.069118
-0.141791
-0.235693
-0.234912
-0.342576
-0.341888
-0.442311
-0.453457
-0.567940
-0.605437
-0.763541
-0.864742
-1.090437
-1.277387
-1.554691
-1.742111
-1.949231
-2.016756
-2.094145
-2.075909
-0.134721
-0.308560
-0.272908
-0.391594
-0.378643
-0.485166
-0.484099
-0.601736
-0.635357
-0.784575
-0.886909
-1.104594
-1.286572
-1.557055
-1.742092
-1.936461
-2.015325
-2.077406
-0.154932
-0.218854
-0.261962
-0.339275
-0.355135
-0.448934
-0.466593
-0.574637
-0.626458
-0.775881
-0.883083
-1.105913
-1.286575
-1.554709
-1.742073
-1.937283
-2.019381
-0.152731
-0.308456
-0.263131
-0.405004
-0.372273
-0.491964
-0.486692
-0.607219
-0.634366
-0.792937
-0.882897
-1.104589
-1.277390
-1.539628
-1.722562
-1.924677
-0.143829
-0.233192
-0.266997
-0.337013
-0.370952
-0.445330
-0.477080
-0.580514
-0.634637
-0.775542
-0.886700
-1.090490
-1.270800
-1.526580
-1.713275
-0.155721
-0.298795
-0.271738
-0.402378
-0.369598
-0.500029
-0.477077
-0.607122
-0.626866
-0.784397
-0.864742
-1.083471
-1.235035
-1.502145
-0.153489
-0.233791
-0.266932
-0.344185
-0.369602
-0.445383
-0.486641
-0.574629
-0.635519
-0.763663
-0.867455
-1.055868
-1.229623
-0.151610
-0.303552
-0.266927
-0.402375
-0.370900
-0.492013
-0.466486
-0.601763
-0.605211
-0.768097
-0.830039
-1.038772
-0.151626
-0.233788
-0.271743
-0.337058
-0.372235
-0.448996
-0.484078
-0.568151
-0.626582
-0.735230
-0.837242
-0.153479
-0.298805
-0.266950
-0.405018
-0.355105
-0.485172
-0.453373
-0.586858
-0.583908
-0.742022
-0.155706
-0.233230
-0.263139
-0.339285
-0.378662
-0.442417
-0.483350
-0.554401
-0.606611
-0.143803
-0.308437
-0.261948
-0.391589
-0.341804
-0.476928
-0.432646
-0.575134
-0.152746
-0.218894
-0.272888
-0.342651
-0.376642
-0.437448
-0.473180
-0.154874
-0.308586
-0.234866
-0.388102
-0.322256
-0.465617
-0.134698
-0.235732
-0.280522
-0.334734
-0.378557
-0.141777
-0.284738
-0.223618
-0.376639
-0.170486
-0.237673
-0.272415
-0.089877
-0.310048
-0.123391
-0.218190
-0.170057
-0.196006
-0.078015
-0.203943
-0.102346
-0.172693
-0.108497
-0.178761
-0.100140
-0.175762
-0.105379
-0.175769
-0.100123
-0.178739
-0.108479
-0.172693
-0.102257
-0.203960
-0.077947
-0.195953
-0.169975
-0.218211
0.030561
-0.003689
0.193822
0.182539
0.378038
0.433089
0.628666
0.720358
0.923302
1.021657
1.209342
1.284287
1.431933
1.467681
1.559173
1.555018
1.603449
1.569194
1.593768
1.543693
1.565286
1.485204
1.496350
-0.005048
-0.050136
0.117492
0.169033
0.327523
0.418962
0.603748
0.712391
0.909661
1.018801
1.200773
1.288363
1.424851
1.470195
1.557874
1.554387
1.603594
1.568219
1.596574
1.543593
1.553337
1.540403
0.046475
0.019885
0.188764
0.220416
0.405625
0.468149
0.672690
0.761788
0.966092
1.061444
1.240032
1.312046
1.450237
1.476672
1.567745
1.554739
1.604953
1.565591
1.591676
1.548192
1.553337
-0.039336
-0.008769
0.133413
0.191117
0.364585
0.451397
0.643049
0.753993
0.947867
1.057575
1.234944
1.311233
1.447557
1.480917
1.565135
1.557879
1.604628
1.569345
1.591560
1.543619
-0.004820
0.038839
0.192820
0.237764
0.417781
0.497696
0.692596
0.792080
0.991706
1.082696
1.260006
1.326100
1.456879
1.483158
1.569148
1.554646
1.604622
1.565641
1.596667
0.003673
-0.026100
0.159180
0.204379
0.387124
0.472650
0.673860
0.774937
0.978697
1.079805
1.253782
1.325861
1.457885
1.483229
1.569053
1.557903
1.604938
1.568133
-0.014676
0.065444
0.176131
0.260866
0.423578
0.515220
0.706231
0.811825
0.998379
1.096945
1.264884
1.328511
1.457868
1.483204
1.565207
1.554706
1.603631
-0.010361
-0.018850
0.180355
0.202593
0.412090
0.482896
0.691053
0.789880
0.996504
1.084698
1.264820
1.325881
1.456873
1.480840
1.567693
1.554458
-0.000599
0.057653
0.180718
0.274750
0.418918
0.532833
0.706356
0.815386
0.996482
1.096983
1.253826
1.326080
1.447579
1.476809
1.557801
-0.010197
-0.004859
0.178051
0.212903
0.422891
0.480467
0.706328
0.789891
0.998383
1.079747
1.259973
1.311287
1.450100
1.470161
-0.008162
0.061462
0.184792
0.271171
0.422872
0.532854
0.691069
0.811818
0.978699
1.082807
1.234875
1.312112
1.424964
-0.005201
-0.008406
0.184791
0.212905
0.418926
0.482867
0.706209
0.774976
0.991608
1.057551
1.240069
1.288246
-0.005210
0.061467
0.178048
0.274756
0.412069
0.515298
0.673802
0.792135
0.947935
1.061450
1.200746
-0.008152
-0.004863
0.180699
0.202623
0.423522
0.472635
0.692614
0.753914
0.966016
1.018888
-0.010230
0.057704
0.180311
0.260900
0.387148
0.497716
0.643017
0.761970
0.909563
-0.000620
-0.018858
0.176138
0.204347
0.417718
0.451457
0.672557
0.712348
-0.010365
0.065476
0.159130
0.237889
0.364511
0.468224
0.603828
-0.014723
-0.026052
0.192739
0.191092
0.405629
0.418878
0.003615
0.038890
0.133435
0.220466
0.327475
-0.004818
-0.008796
0.188668
0.169097
-0.039412
0.020046
0.117411
0.046387
-0.050170
-0.005048
-0.256419
-0.117420
-0.271106
-0.214682
-0.321597
-0.284134
-0.381621
-0.344150
-0.438236
-0.408193
-0.497616
-0.472365
-0.569523
-0.545826
-0.648079
-0.640861
-0.740519
-0.741015
-0.860702
-0.848882
-0.970157
-0.998485
-1.096543
-1.965839
-1.952656
-1.959918
-1.947575
-1.965494
-1.949630
-1.973374
-1.978624
-1.994566
-2.008258
-2.038131
-2.041222
-2.077426
-2.067961
-2.085103
-2.035798
-1.997949
-1.862946
-1.754974
-1.530484
-1.417288
-1.150929
-1.990478
-2.026350
-2.005271
-2.013195
-2.009935
-2.029585
-2.021172
-2.044464
-2.054283
-2.064252
-2.082421
-2.085151
-2.088609
-2.063592
-2.025914
-1.930677
-1.826819
-1.641942
-1.492377
-1.285602
-1.140186
-2.054032
-2.003738
-2.039563
-2.023520
-2.033768
-2.033786
-2.057077
-2.046491
-2.076843
-2.065936
-2.082297
-2.050849
-2.038834
-1.949493
-1.881722
-1.708539
-1.586026
-1.374766
-1.241088
-1.052928
-2.061850
-2.097447
-2.058800
-2.092010
-2.081338
-2.087766
-2.091644
-2.093756
-2.086712
-2.069295
-2.044942
-1.976625
-1.905509
-1.764779
-1.638489
-1.451472
-1.301776
-1.121000
-1.015528
-2.073345
-2.061785
-2.087432
-2.054697
-2.083354
-2.058420
-2.067012
-2.031766
-2.024775
-1.946087
-1.900193
-1.763507
-1.666459
-1.482608
-1.358736
-1.166810
-1.075113
-0.890934
-2.081996
-2.086646
-2.073109
-2.079178
-2.050070
-2.036538
-2.003127
-1.942509
-1.882302
-1.771447
-1.667975
-1.512324
-1.384782
-1.212400
-1.105817
-0.937514
-0.881227
-2.010261
-1.984725
-1.983780
-1.938756
-1.931947
-1.848702
-1.816339
-1.697910
-1.625629
-1.471929
-1.377433
-1.205975
-1.123448
-0.951688
-0.907331
-0.757509
-1.891874
-1.875089
-1.839751
-1.788998
-1.733479
-1.650243
-1.566062
-1.448133
-1.350310
-1.210256
-1.120678
-0.975235
-0.915892
-0.783862
-0.749580
-1.668717
-1.603975
-1.583927
-1.491565
-1.449630
-1.329239
-1.275738
-1.136612
-1.083014
-0.940425
-0.906665
-0.771373
-0.756695
-0.638107
-1.436346
-1.384366
-1.334752
-1.259198
-1.199787
-1.102803
-1.042315
-0.937171
-0.890336
-0.783270
-0.755046
-0.655056
-0.649231
-1.162585
-1.087782
-1.072716
-0.975932
-0.958254
-0.853109
-0.842317
-0.732176
-0.733850
-0.626542
-0.643384
-0.531746
-0.981932
-0.925464
-0.901332
-0.836111
-0.810035
-0.734656
-0.719330
-0.639798
-0.637577
-0.549132
-0.567331
-0.791767
-0.722065
-0.732119
-0.650760
-0.670943
-0.581194
-0.609005
-0.511219
-0.554520
-0.448371
-0.703035
-0.654743
-0.658003
-0.596258
-0.602144
-0.532731
-0.551088
-0.469242
-0.495459
-0.583860
-0.512595
-0.549239
-0.469991
-0.517794
-0.422097
-0.477879
-0.376494
-0.551843
-0.500124
-0.522021
-0.451182
-0.480613
-0.404897
-0.436848
-0.456528
-0.378541
-0.439575
-0.350650
-0.411604
-0.304138
-0.458875
-0.389210
-0.419286
-0.340491
-0.385606
-0.354013
-0.279116
-0.352969
-0.234060
-0.374131
-0.270100
-0.333173
-0.278527
-0.168565
-0.275192
0.030689
-0.003795
0.193850
0.182432
0.378203
0.432866
0.628782
0.720327
0.923261
1.021570
1.209517
1.284048
1.432029
1.467691
1.559122
1.554955
1.603619
1.569041
1.593839
1.543732
1.565306
1.485157
1.496463
1.459734
1.418341
1.452177
1.453081
1.442917
1.446841
1.456989
1.462701
1.469341
1.489812
1.500330
1.516423
1.535638
1.555252
1.560468
1.587266
1.578804
1.589924
1.571495
1.564235
1.514617
1.507146
1.395388
-0.060266
0.120029
0.048052
0.235180
0.189149
0.367707
0.347719
0.522681
0.525058
0.694198
0.704646
0.871910
0.883045
1.028265
1.048893
1.171567
1.170425
1.295870
1.280305
1.357212
1.374739
1.461218
0.058746
0.163358
0.187514
0.299982
0.343600
0.464879
0.518630
0.649210
0.703493
0.841421
0.889448
1.016202
1.062792
1.174163
1.194039
1.308795
1.303926
1.386894
1.395428
1.458474
1.405693
0.113053
0.313526
0.288126
0.471863
0.466995
0.650671
0.660183
0.840888
0.858705
1.022202
1.047050
1.187828
1.197427
1.328579
1.321817
1.416016
1.423827
1.483562
1.467998
1.543514
0.287275
0.373429
0.453583
0.568420
0.645835
0.772261
0.848357
0.973168
1.045155
1.158780
1.207895
1.316184
1.339054
1.419653
1.441109
1.493556
1.487733
1.553304
1.516436
0.355335
0.567993
0.568283
0.763955
0.783294
0.966002
0.994042
1.157087
1.176847
1.322126
1.325340
1.435514
1.440106
1.512595
1.501523
1.569452
1.538282
1.584427
0.546415
0.650681
0.760787
0.875146
0.974402
1.087833
1.169365
1.275236
1.330207
1.411247
1.451994
1.502314
1.517938
1.563844
1.551722
1.584848
1.573880
0.652053
0.858627
0.884740
1.073772
1.101114
1.267353
1.283242
1.414978
1.423283
1.513722
1.505127
1.576610
1.548459
1.596850
1.574887
1.599644
0.847227
0.959331
1.075058
1.179144
1.270370
1.355484
1.424210
1.478074
1.518222
1.555624
1.564459
1.583843
1.586437
1.588172
1.580500
0.965358
1.155607
1.185147
1.345813
1.363920
1.481612
1.481027
1.566911
1.542124
1.598619
1.571760
1.600114
1.569568
1.594154
1.148122
1.243716
1.346709
1.410986
1.483209
1.523144
1.557405
1.574204
1.590915
1.583406
1.585821
1.578411
1.566715
1.248314
1.397326
1.415919
1.527120
1.515932
1.590212
1.564440
1.602235
1.567587
1.594548
1.550378
1.565589
1.395468
1.449069
1.519720
1.542912
1.584164
1.575850
1.595372
1.577712
1.575126
1.550662
1.551538
1.447649
1.549399
1.540009
1.598482
1.569385
1.603944
1.556341
1.574998
1.534964
1.534563
1.545493
1.549980
1.594765
1.577157
1.591868
1.561938
1.570209
1.524314
1.527615
1.550576
1.604285
1.568925
1.597256
1.554096
1.556599
1.513686
1.517096
1.599732
1.571988
1.594804
1.547058
1.559374
1.513703
1.509071
1.572298
1.590965
1.548824
1.554453
1.498743
1.497907
1.593958
1.545770
1.551589
1.500846
1.508971
1.545873
1.551391
1.502144
1.490508
1.555736
1.500623
1.500237
1.495114
1.499179
1.544832
-0.184769
0.011932
-0.039584
0.095987
0.080456
0.209896
0.220018
0.354184
0.376232
0.514829
0.549185
0.686964
0.717965
0.860894
0.883093
1.007814
1.034013
1.144081
1.136067
1.262889
1.238040
1.295848
1.291110
-0.884004
-0.798727
-0.681175
-0.604879
-0.550021
-0.487643
-0.439841
-0.392684
-0.336288
-0.280640
-0.208521
-0.126279
-0.030660
0.083710
0.207758
0.346430
0.500859
0.641520
0.804595
0.952721
1.070891
1.228501
-0.801748
-0.683592
-0.587903
-0.508392
-0.431846
-0.386626
-0.313539
-0.267473
-0.194857
-0.134298
-0.050822
0.028640
0.137436
0.237956
0.380330
0.497859
0.662244
0.797843
0.950384
1.079872
1.236238
-0.817117
-0.703466
-0.611136
-0.557296
-0.489697
-0.444087
-0.392980
-0.339196
-0.280185
-0.210201
-0.124097
-0.030214
0.088985
0.212031
0.357056
0.509690
0.660026
0.820322
0.977979
1.104404
-0.707838
-0.609411
-0.510955
-0.448069
-0.382611
-0.327024
-0.261804
-0.206441
-0.126598
-0.061073
0.039127
0.129519
0.253867
0.375600
0.522439
0.662827
0.831727
0.962083
1.121917
-0.713028
-0.632358
-0.556798
-0.499755
-0.443227
-0.398451
-0.337868
-0.284209
-0.207881
-0.125824
-0.025253
0.090777
0.222265
0.365531
0.525908
0.679873
0.843106
1.011889
-0.620164
-0.527489
-0.449767
-0.394513
-0.323998
-0.272985
-0.200207
-0.136246
-0.052665
0.030628
0.141230
0.248357
0.391632
0.523700
0.686031
0.842584
0.995172
-0.635762
-0.569136
-0.497442
-0.451004
-0.394901
-0.343194
-0.281405
-0.211762
-0.121704
-0.026618
0.096936
0.226224
0.375950
0.537273
0.697055
0.865807
-0.529341
-0.463343
-0.390698
-0.335027
-0.267300
-0.209627
-0.128022
-0.061446
0.039623
0.134068
0.258886
0.386925
0.538537
0.688385
0.863494
-0.567512
-0.503551
-0.447467
-0.399050
-0.339515
-0.286301
-0.208702
-0.125342
-0.022753
0.094932
0.233099
0.378255
0.547788
0.706658
-0.456471
-0.403486
-0.326390
-0.278958
-0.199268
-0.137556
-0.051103
0.029499
0.144210
0.248631
0.396685
0.531306
0.702232
-0.501094
-0.448972
-0.395219
-0.341849
-0.283695
-0.213118
-0.121596
-0.027832
0.099371
0.229052
0.385259
0.544467
-0.389091
-0.341568
-0.264836
-0.212625
-0.121834
-0.064439
0.042878
0.130027
0.259422
0.380164
0.541796
-0.446099
-0.393713
-0.338658
-0.286789
-0.210952
-0.126614
-0.024786
0.091158
0.234074
0.374471
-0.320191
-0.283857
-0.191220
-0.138008
-0.044503
0.024016
0.146832
0.236379
0.391107
-0.391572
-0.335991
-0.286310
-0.215396
-0.123960
-0.033944
0.094163
0.219555
-0.254859
-0.214372
-0.107760
-0.068029
0.048815
0.119100
0.253382
-0.335064
-0.286396
-0.216844
-0.130328
-0.032882
0.079050
-0.177433
-0.133296
-0.032253
0.017105
0.145597
-0.290709
-0.222603
-0.133569
-0.046482
-0.083316
-0.058483
0.057635
-0.248367
-0.157763
0.035259
-0.218179
-0.170052
-0.195997
-0.078009
-0.203938
-0.102343
-0.172691
-0.108499
-0.178760
-0.100144
-0.175765
-0.105382
-0.175771
-0.100127
-0.178740
-0.108482
-0.172695
-0.102261
-0.203963
-0.077954
-0.195959
-0.169982
-0.218216
-0.080419
-0.234548
-0.179910
-0.332588
-0.299656
-0.416053
-0.414216
-0.529595
-0.553263
-0.702178
-0.780888
-1.000953
-1.175425
-1.467910
-1.679133
-1.919820
-2.000570
-2.094514
-2.069361
-2.079436
-2.009642
-2.061713
-1.968139
-0.123383
-0.310044
-0.272411
-0.376657
-0.378572
-0.465646
-0.473240
-0.575086
-0.606589
-0.741892
-0.837275
-1.038946
-1.229667
-1.502142
-1.713213
-1.924667
-2.019361
-2.077400
-2.075907
-2.069114
-2.040586
-1.953138
-0.089866
-0.237675
-0.223613
-0.334758
-0.322276
-0.437468
-0.432750
-0.554254
-0.583807
-0.735509
-0.829937
-1.056018
-1.235021
-1.526597
-1.722482
-1.937283
-2.015309
-2.094146
-2.070320
-2.083000
-2.040564
-0.170481
-0.284740
-0.280522
-0.388127
-0.376676
-0.476918
-0.483481
-0.586616
-0.626714
-0.768163
-0.867189
-1.083566
-1.270761
-1.539574
-1.742042
-1.936431
-2.016743
-2.082616
-2.070348
-2.069114
-0.141768
-0.235741
-0.234864
-0.342678
-0.341840
-0.442393
-0.453462
-0.567969
-0.605358
-0.763576
-0.864827
-1.090497
-1.277258
-1.554707
-1.742033
-1.949233
-2.016715
-2.094138
-2.075884
-0.134693
-0.308594
-0.272892
-0.391618
-0.378689
-0.485165
-0.484126
-0.601706
-0.635278
-0.784530
-0.886949
-1.104545
-1.286497
-1.557000
-1.742072
-1.936436
-2.015350
-2.077401
-0.154868
-0.218906
-0.261951
-0.339314
-0.355130
-0.449005
-0.466570
-0.574697
-0.626465
-0.775821
-0.883004
-1.105836
-1.286463
-1.554711
-1.742031
-1.937267
-2.019350
-0.152744
-0.308449
-0.263152
-0.405033
-0.372285
-0.491984
-0.486719
-0.607181
-0.634443
-0.792848
-0.882894
-1.104523
-1.277293
-1.539580
-1.722557
-1.924680
-0.143802
-0.233238
-0.266969
-0.337063
-0.370956
-0.445356
-0.477082
-0.580503
-0.634614
-0.775554
-0.886620
-1.090466
-1.270796
-1.526560
-1.713227
-0.155712
-0.298811
-0.271763
-0.402381
-0.369639
-0.500034
-0.477076
-0.607081
-0.626894
-0.784356
-0.864842
-1.083526
-1.235108
-1.502165
-0.153481
-0.233797
-0.266942
-0.344203
-0.369594
-0.445391
-0.486643
-0.574568
-0.635476
-0.763571
-0.867507
-1.055866
-1.229683
-0.151633
-0.303557
-0.266946
-0.402401
-0.370930
-0.492007
-0.466559
-0.601745
-0.605195
-0.768011
-0.830096
-1.038817
-0.151618
-0.233800
-0.271743
-0.337046
-0.372257
-0.448973
-0.484072
-0.568104
-0.626503
-0.735054
-0.837142
-0.153498
-0.298800
-0.267003
-0.405015
-0.355139
-0.485188
-0.453428
-0.586852
-0.583923
-0.741939
-0.155730
-0.233197
-0.263143
-0.339280
-0.378652
-0.442371
-0.483366
-0.554365
-0.606690
-0.143841
-0.308452
-0.261977
-0.391590
-0.341880
-0.476946
-0.432710
-0.575246
-0.152744
-0.218854
-0.272920
-0.342588
-0.376630
-0.437423
-0.473166
-0.154942
-0.308558
-0.234917
-0.388143
-0.322308
-0.465645
-0.134732
-0.235697
-0.280502
-0.334658
-0.378578
-0.141798
-0.284744
-0.223716
-0.376634
-0.170551
-0.237546
-0.272420
-0.089959
-0.310095
-0.123388
0.030694
-0.003790
0.193850
0.182432
0.378200
0.432866
0.628778
0.720327
0.923261
1.021571
1.209516
1.284052
1.432028
1.467693
1.559123
1.554957
1.603619
1.569045
1.593839
1.543734
1.565307
1.485160
1.496463
-0.005054
-0.050178
0.117404
0.169091
0.327472
0.418873
0.603828
0.712347
0.909563
1.018889
1.200748
1.288243
1.424966
1.470160
1.557799
1.554458
1.603631
1.568130
1.596668
1.543617
1.553336
1.540402
0.046378
0.020039
0.188659
0.220460
0.405624
0.468223
0.672553
0.761973
0.966016
1.061451
1.240071
1.312115
1.450098
1.476813
1.567692
1.554707
1.604939
1.565644
1.591559
1.548197
1.553337
-0.039420
-0.008803
0.133429
0.191086
0.364506
0.451455
0.643017
0.753911
0.947938
1.057551
1.234874
1.311287
1.447579
1.480837
1.565208
1.557901
1.604621
1.569344
1.591676
1.543590
-0.004828
0.038884
0.192730
0.237885
0.417713
0.497713
0.692614
0.792137
0.991607
1.082811
1.259973
1.326081
1.456874
1.483207
1.569051
1.554650
1.604628
1.565593
1.596575
0.003605
-0.026057
0.159123
0.204340
0.387146
0.472632
0.673801
0.774976
0.978700
1.079745
1.253828
1.325880
1.457867
1.483229
1.569148
1.557876
1.604955
1.568217
-0.014733
0.065469
0.176132
0.260895
0.423517
0.515298
0.706208
0.811819
0.998384
1.096986
1.264820
1.328515
1.457885
1.483159
1.565136
1.554741
1.603593
-0.010374
-0.018863
0.180304
0.202619
0.412066
0.482863
0.691070
0.789891
0.996481
1.084699
1.264884
1.325859
1.456880
1.480915
1.567744
1.554386
-0.000629
0.057699
0.180694
0.274751
0.418925
0.532853
0.706327
0.815389
0.996505
1.096947
1.253784
1.326103
1.447556
1.476676
1.557873
-0.010238
-0.004867
0.178044
0.212901
0.422868
0.480466
0.706356
0.789879
0.998380
1.079805
1.260005
1.311233
1.450237
1.470192
-0.008157
0.061463
0.184787
0.271169
0.422889
0.532832
0.691055
0.811827
0.978697
1.082700
1.234945
1.312048
1.424853
-0.005217
-0.008407
0.184788
0.212900
0.418916
0.482895
0.706229
0.774938
0.991706
1.057574
1.240033
1.288362
-0.005203
0.061459
0.178051
0.274748
0.412088
0.515221
0.673861
0.792080
0.947869
1.061446
1.200774
-0.008164
-0.004860
0.180715
0.202593
0.423575
0.472648
0.692595
0.753992
0.966091
1.018801
-0.010196
0.057653
0.180356
0.260864
0.387124
0.497696
0.643050
0.761790
0.909663
-0.000600
-0.018848
0.176129
0.204379
0.417777
0.451397
0.672688
0.712389
-0.010357
0.065445
0.159181
0.237765
0.364586
0.468148
0.603750
-0.014675
-0.026095
0.192818
0.191117
0.405623
0.418961
0.003678
0.038842
0.133417
0.220417
0.327524
-0.004817
-0.008763
0.188762
0.169034
-0.039330
0.019889
0.117496
0.046480
-0.050131
-0.005039
-0.080255
-0.234684
-0.179836
-0.332681
-0.299582
-0.416170
-0.414130
-0.529644
-0.553177
-0.702179
-0.780863
-1.001233
-1.175319
-1.468005
-1.679040
-1.919841
-2.000521
-2.094539
-2.069328
-2.079454
-2.009616
-2.061724
-1.968115
-1.940795
-1.970243
-1.929077
-1.947744
-1.924473
-1.944400
-1.945895
-1.952750
-1.965636
-1.987472
-1.996550
-2.025749
-2.045629
-2.063184
-2.084020
-2.081036
-2.070301
-2.013116
-1.923508
-1.774539
-1.609906
-1.408785
-1.268176
-0.275181
-0.168557
-0.333163
-0.234059
-0.385608
-0.304149
-0.436865
-0.376523
-0.495489
-0.448403
-0.567264
-0.531741
-0.648920
-0.638281
-0.749200
-0.757757
-0.881274
-0.890727
-1.015643
-1.052914
-1.140238
-1.150941
-0.278524
-0.270093
-0.352975
-0.340493
-0.411611
-0.404916
-0.477914
-0.469278
-0.554556
-0.549183
-0.643100
-0.655141
-0.756459
-0.784071
-0.907097
-0.937579
-1.075195
-1.120997
-1.241116
-1.285576
-1.417243
-0.374128
-0.279133
-0.419289
-0.350680
-0.480653
-0.422140
-0.551117
-0.511222
-0.637455
-0.626699
-0.754932
-0.771405
-0.915891
-0.951792
-1.105949
-1.166762
-1.301783
-1.374735
-1.492385
-1.530482
-0.354036
-0.389216
-0.439624
-0.451222
-0.517825
-0.532705
-0.609184
-0.639707
-0.733864
-0.783258
-0.906892
-0.975206
-1.123629
-1.212365
-1.358792
-1.451481
-1.586010
-1.641934
-1.754952
-0.458881
-0.378599
-0.522027
-0.469975
-0.602118
-0.580738
-0.719533
-0.732320
-0.890415
-0.940337
-1.120897
-1.205908
-1.384808
-1.482607
-1.638440
-1.708518
-1.826801
-1.862934
-0.456603
-0.500153
-0.549297
-0.596403
-0.670946
-0.734646
-0.842138
-0.937433
-1.082998
-1.210283
-1.377423
-1.512357
-1.666426
-1.764775
-1.881712
-1.930666
-1.997937
-0.551795
-0.512656
-0.657754
-0.650662
-0.810147
-0.853400
-1.042099
-1.136713
-1.350298
-1.471927
-1.667962
-1.763470
-1.905496
-1.949465
-2.025897
-2.035788
-0.584053
-0.654664
-0.732152
-0.835786
-0.958429
-1.102731
-1.275828
-1.448095
-1.625642
-1.771423
-1.900187
-1.976614
-2.038823
-2.063589
-2.085095
-0.703076
-0.722336
-0.901493
-0.975810
-1.199795
-1.329210
-1.566040
-1.697902
-1.882289
-1.946074
-2.044925
-2.050841
-2.088596
-2.067956
-0.791461
-0.925562
-1.072646
-1.259236
-1.449602
-1.650274
-1.816332
-1.942512
-2.024764
-2.069294
-2.082291
-2.085149
-2.077425
-0.981958
-1.087671
-1.334852
-1.491498
-1.733516
-1.848670
-2.003132
-2.031755
-2.086710
-2.065930
-2.082418
-2.041220
-1.162528
-1.384371
-1.583875
-1.789013
-1.931928
-2.036553
-2.067005
-2.093761
-2.076840
-2.064254
-2.038130
-1.436399
-1.603942
-1.839762
-1.938749
-2.050074
-2.058417
-2.091645
-2.046490
-2.054282
-2.008259
-1.668668
-1.875071
-1.983771
-2.079178
-2.083357
-2.087768
-2.057078
-2.044467
-1.994566
-1.891869
-1.984722
-2.073107
-2.054701
-2.081336
-2.033790
-2.021169
-1.978626
-2.010247
-2.086644
-2.087434
-2.092013
-2.033770
-2.029586
-1.973377
-2.081991
-2.061790
-2.058797
-2.023522
-2.009934
-1.949631
-2.073344
-2.097449
-2.039566
-2.013197
-1.965494
-2.061849
-2.003739
-2.005269
-1.947576
-2.054031
-2.026354
-1.959916
-1.990475
-1.952654
-1.965838
-0.184757
0.011938
-0.039574
0.095990
0.080462
0.209896
0.220021
0.354181
0.376234
0.514826
0.549186
0.686963
0.717967
0.860893
0.883096
1.007813
1.034016
1.144081
1.136069
1.262889
1.238042
1.295848
1.291112
1.544833
1.499180
1.500238
1.490510
1.508971
1.497907
1.509071
1.517097
1.527615
1.534565
1.551538
1.565590
1.566716
1.594156
1.580500
1.599645
1.573881
1.584427
1.516437
1.543516
1.405694
1.461220
1.495112
1.500627
1.502143
1.500848
1.498743
1.513705
1.513684
1.524317
1.534961
1.550663
1.550376
1.578412
1.569564
1.588173
1.574884
1.584848
1.538280
1.553305
1.467995
1.458474
1.374738
1.555736
1.551391
1.551591
1.554453
1.559374
1.556600
1.570209
1.574998
1.575127
1.594549
1.585821
1.600115
1.586438
1.596850
1.551724
1.569454
1.487734
1.483564
1.395430
1.357212
1.545873
1.545772
1.548822
1.547061
1.554094
1.561940
1.556340
1.577714
1.567584
1.583408
1.571758
1.583843
1.548457
1.563845
1.501520
1.493557
1.423826
1.386894
1.280304
1.593957
1.590966
1.594803
1.597256
1.591869
1.603944
1.595372
1.602236
1.590916
1.598619
1.564461
1.576610
1.517938
1.512596
1.441111
1.416016
1.303928
1.295871
1.572296
1.571991
1.568924
1.577159
1.569383
1.575852
1.564437
1.574204
1.542122
1.555624
1.505123
1.502315
1.440104
1.419652
1.321816
1.308795
1.170423
1.599733
1.604284
1.594764
1.598483
1.584165
1.590212
1.557406
1.566911
1.518223
1.513723
1.451995
1.435514
1.339056
1.328580
1.194041
1.171568
1.550574
1.549983
1.540006
1.542913
1.515930
1.523144
1.481024
1.478076
1.423281
1.411247
1.325338
1.316184
1.197425
1.174164
1.048892
1.545493
1.549399
1.519722
1.527119
1.483210
1.481613
1.424211
1.414978
1.330210
1.322126
1.207897
1.187829
1.062795
1.028265
1.447648
1.449071
1.415917
1.410988
1.363918
1.355484
1.283241
1.275237
1.176845
1.158780
1.047048
1.016202
0.883043
1.395468
1.397327
1.346710
1.345812
1.270373
1.267352
1.169366
1.157087
1.045157
1.022201
0.889450
0.871909
1.248313
1.243718
1.185147
1.179145
1.101112
1.087834
0.994040
0.973167
0.858703
0.841420
0.704643
1.148125
1.155606
1.075060
1.073772
0.974404
0.966001
0.848360
0.840886
0.703494
0.694196
0.965357
0.959333
0.884738
0.875146
0.783293
0.772260
0.660180
0.649208
0.525054
0.847228
0.858626
0.760789
0.763953
0.645837
0.650668
0.518631
0.522678
0.652052
0.650680
0.568281
0.568419
0.466991
0.464877
0.347716
0.546416
0.567990
0.453584
0.471860
0.343602
0.367704
0.355333
0.373427
0.288124
0.299980
0.189147
0.287278
0.313524
0.187518
0.235180
0.113054
0.163359
0.048053
0.058752
0.120032
-0.060260
-0.256410
-0.117407
-0.271097
-0.214670
-0.321589
-0.284128
-0.381619
-0.344158
-0.438253
-0.408217
-0.497655
-0.472385
-0.569435
-0.545858
-0.647856
-0.640910
-0.740370
-0.740699
-0.860922
-0.849004
-0.970045
-0.998326
-1.096589
-0.933239
-0.803293
-0.653681
-0.596557
-0.490484
-0.440295
-0.373582
-0.321722
-0.256095
-0.203388
-0.123771
-0.060447
0.038763
0.125188
0.247642
0.363639
0.507484
0.638378
0.809643
0.913434
1.095489
1.171632
1.303810
0.035268
-0.157755
0.057641
-0.046478
0.145600
0.079050
0.253381
0.219552
0.391105
0.374468
0.541793
0.544464
0.702231
0.706655
0.863494
0.865806
0.995172
1.011888
1.121918
1.104403
1.236239
1.228500
-0.248353
-0.058473
-0.133555
0.017112
-0.032873
0.119102
0.094168
0.236379
0.234076
0.380162
0.385261
0.531304
0.547790
0.688384
0.697057
0.842584
0.843109
0.962082
0.977981
1.079872
1.070893
-0.083304
-0.222592
-0.032242
-0.130321
0.048822
-0.033941
0.146834
0.091158
0.259421
0.229049
0.396683
0.378252
0.538535
0.537270
0.686031
0.679871
0.831728
0.820321
0.950384
0.952720
-0.290696
-0.133283
-0.216827
-0.068018
-0.123947
0.024022
-0.024778
0.130028
0.099374
0.248630
0.233101
0.386924
0.375952
0.523698
0.525910
0.662826
0.660028
0.797843
0.804597
-0.177421
-0.286386
-0.107747
-0.215386
-0.044494
-0.126608
0.042883
-0.027831
0.144211
0.094931
0.258886
0.226221
0.391631
0.365528
0.522439
0.509688
0.662244
0.641519
-0.335054
-0.214359
-0.286294
-0.137995
-0.210938
-0.064430
-0.121587
0.029503
-0.022748
0.134069
0.096939
0.248356
0.222267
0.375598
0.357058
0.497858
0.500860
-0.254857
-0.335986
-0.191211
-0.286782
-0.121825
-0.213111
-0.051097
-0.125338
0.039626
-0.026618
0.141231
0.090775
0.253868
0.212029
0.380330
0.346428
-0.391573
-0.283853
-0.338650
-0.212616
-0.283687
-0.137547
-0.208694
-0.061441
-0.121699
0.030630
-0.025249
0.129519
0.088987
0.237955
0.207760
-0.320206
-0.393720
-0.264836
-0.341846
-0.199265
-0.286296
-0.128018
-0.211757
-0.052663
-0.125823
0.039128
-0.030215
0.137436
0.083708
-0.446109
-0.341578
-0.395221
-0.278958
-0.339515
-0.209623
-0.281402
-0.136241
-0.207878
-0.061070
-0.124094
0.028640
-0.030657
-0.389119
-0.448994
-0.326401
-0.399056
-0.267304
-0.343192
-0.200208
-0.284207
-0.126598
-0.210201
-0.050821
-0.126280
-0.501116
-0.403495
-0.447479
-0.335035
-0.394910
-0.272984
-0.337870
-0.206438
-0.280183
-0.134297
-0.208518
-0.456512
-0.503563
-0.390705
-0.451015
-0.324011
-0.398454
-0.261810
-0.339198
-0.194857
-0.280642
-0.567451
-0.463346
-0.497421
-0.394509
-0.443234
-0.327024
-0.392981
-0.267475
-0.336286
-0.529339
-0.569207
-0.449745
-0.499763
-0.382620
-0.444094
-0.313542
-0.392686
-0.635596
-0.527468
-0.556810
-0.448048
-0.489704
-0.386629
-0.439842
-0.619950
-0.632442
-0.510876
-0.557315
-0.431841
-0.487641
-0.713267
-0.609189
-0.611181
-0.508377
-0.550039
-0.707852
-0.703526
-0.587978
-0.604855
-0.816926
-0.684057
-0.681136
-0.801829
-0.798806
-0.884217
-0.080411
-0.234548
-0.179897
-0.332590
-0.299635
-0.416035
-0.414136
-0.529539
-0.552997
-0.702366
-0.780986
-1.000742
-1.175365
-1.467909
-1.679087
-1.919788
-2.000574
-2.094506
-2.069364
-2.079437
-2.009646
-2.061712
-1.968144
-1.940791
-1.970237
-1.929079
-1.947720
-1.924484
-1.944360
-1.945911
-1.952696
-1.965658
-1.987395
-1.996578
-2.025648
-2.045661
-2.063060
-2.084068
-2.080879
-2.070370
-2.012924
-1.923582
-1.774313
-1.609994
-1.408433
-1.268344
-0.275165
-0.168674
-0.333218
-0.234140
-0.385605
-0.304298
-0.436818
-0.376625
-0.495489
-0.448484
-0.567337
-0.531951
-0.649247
-0.638285
-0.749619
-0.757679
-0.881142
-0.891105
-1.015490
-1.053099
-1.140216
-1.151091
-0.278582
-0.269922
-0.352979
-0.340376
-0.411576
-0.404744
-0.477914
-0.469064
-0.554531
-0.549011
-0.643380
-0.654893
-0.756754
-0.783633
-0.907317
-0.937118
-1.075016
-1.120874
-1.241108
-1.285376
-1.417378
-0.374128
-0.279245
-0.419250
-0.350758
-0.480644
-0.422189
-0.551091
-0.511381
-0.637560
-0.626653
-0.755110
-0.771530
-0.915912
-0.951829
-1.105912
-1.166872
-1.301841
-1.374852
-1.492475
-1.530560
-0.353999
-0.389088
-0.439616
-0.451024
-0.517791
-0.532638
-0.609006
-0.639659
-0.733909
-0.783142
-0.906604
-0.975055
-1.123548
-1.212297
-1.358762
-1.451316
-1.586054
-1.641729
-1.755002
-0.458887
-0.378603
-0.522006
-0.470133
-0.602135
-0.581296
-0.719355
-0.732310
-0.890274
-0.940500
-1.120713
-1.206183
-1.384895
-1.482752
-1.638554
-1.708627
-1.826894
-1.863040
-0.456539
-0.500032
-0.549223
-0.596133
-0.670985
-0.734552
-0.842327
-0.936965
-1.083013
-1.210217
-1.377496
-1.512197
-1.666489
-1.764632
-1.881760
-1.930504
-1.997959
-0.551780
-0.512661
-0.658039
-0.650842
-0.810019
-0.853227
-1.042323
-1.136737
-1.350386
-1.472040
-1.668044
-1.763629
-1.905577
-1.949574
-2.025957
-2.035877
-0.583915
-0.654640
-0.732103
-0.836046
-0.958213
-1.102817
-1.275774
-1.448035
-1.625667
-1.771351
-1.900230
-1.976487
-2.038852
-2.063452
-2.085117
-0.703041
-0.722091
-0.901327
-0.976079
-1.199779
-1.329349
-1.566127
-1.698033
-1.882363
-1.946173
-2.044978
-2.050932
-2.088641
-2.068025
-0.791772
-0.925345
-1.072703
-1.259147
-1.449652
-1.650166
-1.816354
-1.942403
-2.024784
-2.069191
-2.082309
-2.085027
-2.077441
-0.981825
-1.087867
-1.334726
-1.491629
-1.733503
-1.848778
-2.003161
-2.031849
-2.086741
-2.065995
-2.082450
-2.041281
-1.162474
-1.384296
-1.583892
-1.788937
-1.931936
-2.036470
-2.067009
-2.093663
-2.076849
-2.064158
-2.038136
-1.436386
-1.603947
-1.839766
-1.938791
-2.050096
-2.058464
-2.091675
-2.046542
-2.054306
-2.008305
-1.668640
-1.875032
-1.983762
-2.079122
-2.083349
-2.087705
-2.057069
-2.044395
-1.994565
-1.891867
-1.984753
-2.073119
-2.054739
-2.081352
-2.033826
-2.021193
-1.978661
-2.010243
-2.086602
-2.087422
-2.091964
-2.033764
-2.029533
-1.973370
-2.081993
-2.061827
-2.058809
-2.023555
-2.009946
-1.949663
-2.073333
-2.097413
-2.039554
-2.013162
-1.965487
-2.061854
-2.003774
-2.005275
-1.947601
-2.054014
-2.026330
-1.959910
-1.990482
-1.952678
-1.965825
-0.184864
0.012089
-0.039536
0.096082
0.080421
0.210203
0.219900
0.354373
0.376400
0.514920
0.549164
0.687448
0.717804
0.861138
0.883391
1.007928
1.033958
1.144775
1.135835
1.263202
1.238401
1.296067
1.290954
1.544923
1.499102
1.500176
1.490582
1.508920
1.497691
1.509326
1.516892
1.527463
1.534771
1.551410
1.565253
1.567105
1.593836
1.580281
1.599884
1.573707
1.583994
1.516840
1.543132
1.405424
1.461329
1.495035
1.500778
1.502090
1.500808
1.498906
1.513727
1.513476
1.524745
1.534765
1.550662
1.550628
1.578494
1.569225
1.588843
1.574576
1.584942
1.538519
1.553531
1.467572
1.459296
1.374448
1.555775
1.551214
1.551771
1.554309
1.559252
1.556741
1.570118
1.574710
1.575446
1.594291
1.585619
1.600336
1.586291
1.596459
1.552111
1.569119
1.487487
1.483731
1.395300
1.356689
1.545959
1.545816
1.548672
1.547360
1.553974
1.561919
1.556549
1.577779
1.567307
1.583957
1.571519
1.583884
1.548700
1.564008
1.501143
1.494275
1.423556
1.387022
1.280533
1.593890
1.591027
1.594778
1.597021
1.592111
1.603751
1.595200
1.602415
1.590800
1.598279
1.564801
1.576328
1.517712
1.512774
1.440995
1.415558
1.304296
1.295510
1.572254
1.571963
1.569069
1.577224
1.569171
1.576273
1.564271
1.574215
1.542344
1.555748
1.504806
1.502926
1.439876
1.419727
1.322041
1.309032
1.170074
1.599887
1.604161
1.594638
1.598599
1.584092
1.589930
1.557678
1.566686
1.518022
1.513886
1.451893
1.435119
1.339392
1.328273
1.193831
1.171636
1.550431
1.550262
1.539910
1.542910
1.516107
1.523246
1.480774
1.478570
1.423106
1.411288
1.325552
1.316366
1.197113
1.174769
1.048721
1.545469
1.549186
1.519913
1.526957
1.483044
1.481740
1.424127
1.414650
1.330488
1.321874
1.207703
1.187916
1.062739
1.027825
1.447765
1.449155
1.415735
1.411357
1.363799
1.355508
1.283427
1.275381
1.176589
1.159290
1.046903
1.016278
0.883225
1.395348
1.397408
1.346651
1.345558
1.270580
1.267157
1.169194
1.157170
1.045098
1.021834
0.889708
0.871642
1.248246
1.243731
1.185288
1.179260
1.100918
1.088241
0.993933
0.973221
0.858871
0.841614
0.704410
1.148258
1.155471
1.074919
1.073837
0.974345
0.965709
0.848560
0.840670
0.703342
0.694203
0.965223
0.959628
0.884667
0.875188
0.783437
0.772413
0.659996
0.649613
0.524972
0.847179
0.858413
0.760925
0.763785
0.645698
0.650682
0.518594
0.522367
0.652157
0.650795
0.568151
0.568740
0.466932
0.464952
0.347829
0.546305
0.568001
0.453531
0.471617
0.343720
0.367523
0.355292
0.373493
0.288224
0.300131
0.189020
0.287343
0.313377
0.187401
0.235144
0.112974
0.163610
0.048012
0.058682
0.119839
-0.060211
-0.256454
-0.117301
-0.271078
-0.214518
-0.321653
-0.283928
-0.381624
-0.344015
-0.438211
-0.408007
-0.497651
-0.472146
-0.569542
-0.545649
-0.648059
-0.640617
-0.740551
-0.740758
-0.860646
-0.848635
-0.970111
-0.998177
-1.096598
-0.933417
-0.803022
-0.653878
-0.596268
-0.490757
-0.439977
-0.373846
-0.321470
-0.256333
-0.203064
-0.124164
-0.060012
0.038440
0.125419
0.247470
0.364005
0.506953
0.639037
0.809233
0.913661
1.095435
1.172083
1.303146
0.035207
-0.157853
0.057495
-0.046426
0.145353
0.078998
0.253330
0.219387
0.390882
0.374591
0.541415
0.544365
0.702214
0.706389
0.863172
0.866002
0.994660
1.011716
1.121941
1.104051
1.235811
1.228762
-0.248398
-0.058244
-0.133661
0.017285
-0.032800
0.119208
0.094148
0.236747
0.233952
0.380401
0.385461
0.531431
0.547773
0.688946
0.696875
0.842890
0.843403
0.962253
0.977891
1.080658
1.070577
-0.083490
-0.222633
-0.032325
-0.130441
0.048639
-0.033884
0.146527
0.091097
0.259341
0.228857
0.396413
0.378387
0.538088
0.537172
0.685973
0.679603
0.831349
0.820555
0.949794
0.952610
-0.290673
-0.133174
-0.216859
-0.067752
-0.124053
0.024235
-0.024676
0.130163
0.099367
0.249063
0.232967
0.387218
0.376163
0.523871
0.525878
0.663459
0.659799
0.798223
0.804838
-0.177565
-0.286364
-0.107983
-0.215429
-0.044611
-0.126747
0.042656
-0.027765
0.143843
0.094871
0.258768
0.226023
0.391308
0.365688
0.521927
0.509623
0.662135
0.641282
-0.335117
-0.214178
-0.286257
-0.137863
-0.210955
-0.064113
-0.121691
0.029765
-0.022629
0.134244
0.096932
0.248853
0.222110
0.375949
0.357244
0.498074
0.500801
-0.254966
-0.336061
-0.191391
-0.286756
-0.122116
-0.213154
-0.051252
-0.125485
0.039353
-0.026537
0.140804
0.090732
0.253707
0.211849
0.379970
0.346609
-0.391566
-0.283614
-0.338716
-0.212390
-0.283632
-0.137377
-0.208699
-0.061068
-0.121808
0.030945
-0.025131
0.129737
0.088964
0.238489
0.207584
-0.320392
-0.393718
-0.264985
-0.341931
-0.199488
-0.286267
-0.128361
-0.211794
-0.052858
-0.125963
0.038814
-0.030113
0.136979
0.083680
-0.446067
-0.341396
-0.395209
-0.278667
-0.339577
-0.209348
-0.281339
-0.136028
-0.207883
-0.060650
-0.124214
0.028985
-0.030548
-0.389265
-0.448951
-0.326645
-0.399060
-0.267494
-0.343281
-0.200473
-0.284167
-0.126980
-0.210223
-0.051038
-0.126406
-0.501126
-0.403253
-0.447434
-0.334816
-0.394896
-0.272651
-0.337935
-0.206125
-0.280121
-0.134058
-0.208532
-0.456636
-0.503588
-0.390917
-0.450980
-0.324299
-0.398463
-0.262034
-0.339284
-0.195147
-0.280587
-0.567521
-0.463072
-0.497485
-0.394239
-0.443192
-0.326779
-0.392974
-0.267114
-0.336364
-0.529569
-0.569135
-0.449968
-0.499801
-0.382866
-0.444070
-0.313866
-0.392692
-0.635749
-0.527266
-0.556802
-0.447760
-0.489728
-0.386327
-0.439806
-0.620355
-0.632335
-0.511216
-0.557314
-0.432075
-0.487695
-0.713069
-0.609136
-0.611107
-0.508135
-0.550012
-0.708029
-0.703505
-0.588128
-0.604881
-0.817109
-0.683301
-0.681184
-0.801949
-0.798736
-0.883989
-0.256459
-0.117304
-0.271084
-0.214517
-0.321654
-0.283933
-0.381629
-0.344029
-0.438238
-0.408036
-0.497698
-0.472173
-0.569447
-0.545681
-0.647857
-0.640685
-0.740434
-0.740447
-0.860919
-0.848697
-0.969986
-0.998019
-1.096672
-1.965823
-1.952673
-1.959905
-1.947598
-1.965483
-1.949659
-1.973367
-1.978661
-1.994560
-2.008301
-2.038130
-2.041274
-2.077434
-2.068017
-2.085101
-2.035858
-1.997941
-1.863021
-1.754977
-1.530557
-1.417302
-1.151096
-1.990476
-2.026331
-2.005270
-2.013158
-2.009939
-2.029529
-2.021181
-2.044388
-2.054299
-2.064152
-2.082438
-2.085015
-2.088618
-2.063437
-2.025933
-1.930486
-1.826872
-1.641726
-1.492478
-1.285379
-1.140297
-2.054010
-2.003766
-2.039549
-2.023552
-2.033757
-2.033825
-2.057068
-2.046537
-2.076837
-2.065987
-2.082297
-2.050922
-2.038836
-1.949540
-1.881738
-1.708603
-1.586039
-1.374833
-1.241167
-1.053096
-2.061851
-2.097415
-2.058802
-2.091962
-2.081348
-2.087698
-2.091667
-2.093666
-2.086736
-2.069180
-2.044952
-1.976458
-1.905550
-1.764620
-1.638506
-1.451318
-1.301860
-1.120873
-1.015618
-2.073325
-2.061825
-2.087423
-2.054742
-2.083350
-2.058469
-2.067004
-2.031838
-2.024778
-1.946168
-1.900228
-1.763611
-1.666451
-1.482744
-1.358819
-1.166832
-1.075102
-0.890900
-2.082003
-2.086605
-2.073122
-2.079132
-2.050110
-2.036495
-2.003177
-1.942413
-1.882346
-1.771323
-1.668011
-1.512208
-1.384942
-1.212238
-1.105991
-0.937213
-0.881192
-2.010244
-1.984786
-1.983786
-1.938814
-1.931938
-1.848761
-1.816384
-1.698051
-1.625703
-1.472084
-1.377530
-1.206144
-1.123738
-0.951932
-0.907072
-0.757942
-1.891896
-1.875032
-1.839795
-1.788989
-1.733587
-1.650213
-1.566083
-1.448034
-1.350347
-1.210252
-1.121002
-0.975045
-0.915944
-0.783877
-0.749241
-1.668699
-1.604029
-1.583907
-1.491533
-1.449612
-1.329342
-1.275870
-1.136877
-1.083052
-0.940462
-0.906887
-0.771584
-0.756506
-0.638470
-1.436407
-1.384247
-1.334677
-1.258985
-1.199682
-1.102730
-1.042038
-0.937274
-0.890425
-0.783132
-0.755012
-0.654977
-0.648931
-1.162453
-1.087571
-1.072316
-0.975592
-0.958262
-0.853466
-0.842123
-0.732412
-0.733921
-0.626842
-0.643116
-0.531942
-0.981824
-0.925295
-0.901400
-0.835655
-0.810102
-0.734517
-0.719556
-0.639585
-0.637483
-0.549076
-0.567284
-0.791234
-0.722228
-0.732005
-0.650678
-0.670948
-0.580816
-0.609174
-0.511377
-0.554571
-0.448533
-0.702901
-0.654455
-0.657772
-0.596286
-0.602106
-0.532602
-0.551118
-0.469105
-0.495527
-0.584172
-0.512715
-0.549291
-0.470110
-0.517819
-0.422232
-0.477945
-0.376659
-0.551742
-0.500099
-0.522025
-0.451058
-0.480686
-0.404761
-0.436847
-0.456616
-0.378666
-0.439642
-0.350795
-0.411586
-0.304319
-0.458890
-0.389079
-0.419268
-0.340374
-0.385618
-0.354017
-0.279271
-0.352982
-0.234156
-0.374129
-0.269920
-0.333222
-0.278586
-0.168681
-0.275171
0.030552
-0.003696
0.193813
0.182533
0.378030
0.433087
0.628663
0.720357
0.923303
1.021659
1.209340
1.284291
1.431933
1.467682
1.559174
1.555021
1.603447
1.569198
1.593768
1.543695
1.565287
1.485208
1.496349
1.459762
1.418310
1.452271
1.453085
1.442792
1.447117
1.456867
1.462687
1.469565
1.489849
1.500056
1.516977
1.535361
1.555282
1.560731
1.587383
1.578402
1.590707
1.571117
1.564420
1.514814
1.507490
1.394908
-0.060218
0.119831
0.048005
0.235138
0.189013
0.367518
0.347826
0.522362
0.524970
0.694202
0.704406
0.871641
0.883224
1.027823
1.048719
1.171636
1.170070
1.295510
1.280532
1.356688
1.374447
1.461330
0.058677
0.163604
0.187398
0.300127
0.343720
0.464948
0.518595
0.649613
0.703342
0.841614
0.889711
1.016276
1.062741
1.174770
1.193831
1.309032
1.304298
1.387021
1.395302
1.459296
1.405423
0.112967
0.313370
0.288220
0.471612
0.466929
0.650680
0.659992
0.840669
0.858870
1.021832
1.046902
1.187917
1.197110
1.328274
1.322039
1.415557
1.423555
1.483732
1.467568
1.543135
0.287341
0.373488
0.453531
0.568740
0.645698
0.772414
0.848563
0.973220
1.045101
1.159292
1.207704
1.316368
1.339395
1.419726
1.440998
1.494276
1.487486
1.553533
1.516841
0.355288
0.567998
0.568147
0.763784
0.783436
0.965706
0.993932
1.157171
1.176585
1.321875
1.325551
1.435118
1.439875
1.512776
1.501140
1.569121
1.538517
1.583994
0.546303
0.650795
0.760928
0.875188
0.974348
1.088244
1.169195
1.275384
1.330491
1.411288
1.451895
1.502928
1.517712
1.564010
1.552113
1.584941
1.573709
0.652156
0.858410
0.884666
1.073837
1.100916
1.267157
1.283426
1.414649
1.423105
1.513887
1.504803
1.576330
1.548698
1.596458
1.574576
1.599886
0.847181
0.959631
1.074920
1.179263
1.270583
1.355509
1.424129
1.478573
1.518022
1.555751
1.564803
1.583884
1.586293
1.588844
1.580280
0.965220
1.155471
1.185289
1.345556
1.363798
1.481741
1.480770
1.566687
1.542343
1.598278
1.571518
1.600337
1.569222
1.593838
1.148261
1.243732
1.346653
1.411361
1.483044
1.523249
1.557680
1.574216
1.590802
1.583960
1.585618
1.578497
1.567107
1.248245
1.397410
1.415731
1.526957
1.516107
1.589929
1.564269
1.602416
1.567304
1.594293
1.550627
1.565252
1.395347
1.449158
1.519915
1.542911
1.584094
1.576276
1.595199
1.577781
1.575448
1.550663
1.551411
1.447765
1.549185
1.539909
1.598600
1.569168
1.603752
1.556548
1.574709
1.534765
1.534772
1.545469
1.550266
1.594637
1.577227
1.592112
1.561920
1.570119
1.524748
1.527463
1.550428
1.604161
1.569069
1.597020
1.553973
1.556742
1.513473
1.516894
1.599889
1.571964
1.594779
1.547364
1.559251
1.513731
1.509329
1.572253
1.591028
1.548669
1.554310
1.498905
1.497690
1.593889
1.545820
1.551772
1.500809
1.508921
1.545958
1.551213
1.502089
1.490583
1.555775
1.500782
1.500175
1.495033
1.499102
1.544924
-0.184867
0.012082
-0.039538
0.096076
0.080419
0.210199
0.219899
0.354370
0.376401
0.514918
0.549166
0.687448
0.717804
0.861137
0.883393
1.007926
1.033960
1.144774
1.135835
1.263203
1.238403
1.296066
1.290956
-0.884199
-0.798845
-0.681139
-0.604861
-0.550029
-0.487694
-0.439807
-0.392695
-0.336363
-0.280589
-0.208529
-0.126408
-0.030545
0.083678
0.207587
0.346606
0.500802
0.641280
0.804840
0.952609
1.070579
1.228760
-0.802033
-0.683761
-0.588207
-0.508115
-0.432072
-0.386329
-0.313870
-0.267116
-0.195148
-0.134057
-0.051037
0.028986
0.136979
0.238489
0.379970
0.498073
0.662135
0.798223
0.949793
1.080658
1.235812
-0.816927
-0.703561
-0.611153
-0.557333
-0.489734
-0.444077
-0.392976
-0.339286
-0.280120
-0.210223
-0.124211
-0.030114
0.088967
0.211847
0.357246
0.509620
0.659800
0.820553
0.977893
1.104048
-0.708061
-0.608910
-0.511142
-0.447738
-0.382877
-0.326780
-0.262041
-0.206124
-0.126980
-0.060647
0.038816
0.129738
0.253707
0.375948
0.521926
0.663458
0.831349
0.962252
1.121941
-0.713301
-0.632439
-0.556813
-0.499811
-0.443200
-0.398468
-0.337938
-0.284167
-0.207879
-0.125962
-0.025127
0.090731
0.222112
0.365685
0.525879
0.679600
0.843405
1.011714
-0.620170
-0.527248
-0.449951
-0.394237
-0.324315
-0.272653
-0.200476
-0.136024
-0.052856
0.030948
0.140805
0.248853
0.391308
0.523869
0.685972
0.842890
0.994658
-0.635602
-0.569214
-0.497463
-0.450996
-0.394907
-0.343283
-0.281338
-0.211791
-0.121803
-0.026537
0.096936
0.226020
0.376165
0.537170
0.696875
0.866000
-0.529574
-0.463083
-0.390928
-0.334828
-0.267503
-0.209348
-0.128360
-0.061064
0.039355
0.134245
0.258768
0.387217
0.538086
0.688945
0.863171
-0.567462
-0.503610
-0.447453
-0.399072
-0.339581
-0.286267
-0.208694
-0.125483
-0.022624
0.094870
0.232969
0.378385
0.547775
0.706385
-0.456688
-0.403267
-0.326663
-0.278675
-0.199491
-0.137373
-0.051251
0.029768
0.143843
0.249063
0.396411
0.531429
0.702213
-0.501155
-0.448982
-0.395220
-0.341937
-0.283631
-0.213152
-0.121686
-0.027766
0.099371
0.228853
0.385463
0.544362
-0.389299
-0.341414
-0.264996
-0.212390
-0.122114
-0.064110
0.042657
0.130163
0.259340
0.380400
0.541411
-0.446089
-0.393736
-0.338717
-0.286760
-0.210949
-0.126747
-0.024673
0.091094
0.233952
0.374588
-0.320419
-0.283621
-0.191395
-0.137860
-0.044611
0.024236
0.146524
0.236746
0.390879
-0.391579
-0.336065
-0.286257
-0.215429
-0.124050
-0.033887
0.094149
0.219382
-0.254980
-0.214177
-0.107985
-0.067752
0.048637
0.119205
0.253326
-0.335122
-0.286367
-0.216856
-0.130445
-0.032799
0.078993
-0.177569
-0.133174
-0.032329
0.017283
0.145347
-0.290677
-0.222635
-0.133662
-0.046432
-0.083494
-0.058248
0.057489
-0.248399
-0.157860
0.035199
-1.940798
-1.970243
-1.929078
-1.947742
-1.924475
-1.944398
-1.945897
-1.952750
-1.965638
-1.987470
-1.996552
-2.025747
-2.045632
-2.063186
-2.084026
-2.081039
-2.070310
-2.013122
-1.923516
-1.774545
-1.609909
-1.408774
-1.268206
-1.864878
-1.906538
-1.873599
-1.887024
-1.887618
-1.884063
-1.895258
-1.913689
-1.916282
-1.947014
-1.962633
-1.991560
-2.014357
-2.051360
-2.059974
-2.090815
-2.063954
-2.048512
-1.937751
-1.838243
-1.632245
-1.469067
-1.863805
-1.883404
-1.874053
-1.864368
-1.867379
-1.884396
-1.875174
-1.902265
-1.912578
-1.933184
-1.956347
-1.986885
-2.007253
-2.044100
-2.062811
-2.081669
-2.077631
-2.041278
-1.957841
-1.818714
-1.632256
-1.859282
-1.807245
-1.825496
-1.826419
-1.816831
-1.833139
-1.845491
-1.855693
-1.878453
-1.905332
-1.923701
-1.965882
-1.989060
-2.031595
-2.051882
-2.087436
-2.072321
-2.061778
-1.957845
-1.838244
-1.803407
-1.835085
-1.788444
-1.817120
-1.811566
-1.822371
-1.831616
-1.859220
-1.866208
-1.904635
-1.922244
-1.959587
-1.988919
-2.028057
-2.050089
-2.082698
-2.072321
-2.041277
-1.937757
-1.771218
-1.758089
-1.777340
-1.755705
-1.777120
-1.787236
-1.799573
-1.824641
-1.848458
-1.876547
-1.909863
-1.946779
-1.979414
-2.027046
-2.050092
-2.087435
-2.077636
-2.048517
-1.759944
-1.759001
-1.743526
-1.772607
-1.755424
-1.790029
-1.795489
-1.827637
-1.845322
-1.884519
-1.905833
-1.954086
-1.979413
-2.028056
-2.051881
-2.081670
-2.063957
-1.723175
-1.716782
-1.718327
-1.719688
-1.743996
-1.750171
-1.780955
-1.803408
-1.835705
-1.870783
-1.905836
-1.946778
-1.988921
-2.031596
-2.062815
-2.090818
-1.699915
-1.718732
-1.709231
-1.731167
-1.730755
-1.769008
-1.775973
-1.820912
-1.835704
-1.884518
-1.909861
-1.959587
-1.989058
-2.044100
-2.059976
-1.689352
-1.675041
-1.692022
-1.698927
-1.724254
-1.741346
-1.775975
-1.803407
-1.845323
-1.876548
-1.922245
-1.965882
-2.007257
-2.051360
-1.671997
-1.697243
-1.687168
-1.720207
-1.724254
-1.769008
-1.780954
-1.827637
-1.848457
-1.904634
-1.923701
-1.986883
-2.014356
-1.666806
-1.663176
-1.687169
-1.698926
-1.730755
-1.750171
-1.795490
-1.824641
-1.866210
-1.905331
-1.956348
-1.991561
-1.666807
-1.697242
-1.692022
-1.731167
-1.743995
-1.790029
-1.799573
-1.859219
-1.878452
-1.933184
-1.962632
-1.671997
-1.675041
-1.709232
-1.719687
-1.755425
-1.787236
-1.831617
-1.855694
-1.912579
-1.947013
-1.689352
-1.718732
-1.718328
-1.772606
-1.777120
-1.822371
-1.845491
-1.902263
-1.916282
-1.699917
-1.716782
-1.743526
-1.755706
-1.811567
-1.833138
-1.875176
-1.913688
-1.723176
-1.759001
-1.777341
-1.817118
-1.816832
-1.884395
-1.895257
-1.759946
-1.758089
-1.788446
-1.826420
-1.867380
-1.884064
-1.771220
-1.835085
-1.825496
-1.864368
-1.887619
-1.803408
-1.807246
-1.874055
-1.887023
-1.859284
-1.883403
-1.873601
-1.863808
-1.906540
-1.864880
-1.913494
-1.951337
-1.822316
-1.834429
-1.791277
-1.779466
-1.718907
-1.736670
-1.679604
-1.693268
-1.658667
-1.680330
-1.658667
-1.693267
-1.679605
-1.736669
-1.718906
-1.779467
-1.791276
-1.834428
-1.822315
-1.951337
-1.913491
-1.940787
-1.970236
-1.929075
-1.947718
-1.924477
-1.944357
-1.945905
-1.952690
-1.965650
-1.987392
-1.996570
-2.025643
-2.045652
-2.063051
-2.084055
-2.080872
-2.070353
-2.012914
-1.923572
-1.774307
-1.610012
-1.408453
-1.268327
-1.864892
-1.906533
-1.873620
-1.887017
-1.887641
-1.884060
-1.895285
-1.913685
-1.916318
-1.947015
-1.962677
-1.991568
-2.014411
-2.051368
-2.060042
-2.090825
-2.064027
-2.048534
-1.937831
-1.838271
-1.632377
-1.469141
-1.863806
-1.883392
-1.874058
-1.864344
-1.867389
-1.884355
-1.875193
-1.902205
-1.912602
-1.933105
-1.956377
-1.986779
-2.007296
-2.043968
-2.062864
-2.081508
-2.077695
-2.041073
-1.957929
-1.818441
-1.632356
-1.859292
-1.807244
-1.825510
-1.826416
-1.816853
-1.833135
-1.845517
-1.855693
-1.878486
-1.905333
-1.923745
-1.965886
-1.989111
-2.031602
-2.051940
-2.087441
-2.072392
-2.061778
-1.957926
-1.838263
-1.803408
-1.835071
-1.788452
-1.817091
-1.811579
-1.822328
-1.831637
-1.859157
-1.866237
-1.904551
-1.922280
-1.959481
-1.988967
-2.027921
-2.050151
-2.082527
-2.072391
-2.041072
-1.937819
-1.771226
-1.758087
-1.777353
-1.755704
-1.777139
-1.787234
-1.799599
-1.824640
-1.848490
-1.876549
-1.909903
-1.946781
-1.979464
-2.027048
-2.050146
-2.087440
-2.077687
-2.048524
-1.759947
-1.758987
-1.743534
-1.772577
-1.755440
-1.789983
-1.795511
-1.827573
-1.845353
-1.884434
-1.905876
-1.953977
-1.979465
-2.027922
-2.051940
-2.081504
-2.064020
-1.723181
-1.716780
-1.718339
-1.719685
-1.744013
-1.750170
-1.780979
-1.803406
-1.835736
-1.870783
-1.905872
-1.946781
-1.988963
-2.031599
-2.062858
-2.090817
-1.699919
-1.718717
-1.709241
-1.731136
-1.730772
-1.768961
-1.775999
-1.820847
-1.835738
-1.884434
-1.909905
-1.959479
-1.989113
-2.043965
-2.060036
-1.689356
-1.675040
-1.692032
-1.698925
-1.724271
-1.741345
-1.775996
-1.803406
-1.845350
-1.876547
-1.922277
-1.965885
-2.007288
-2.051365
-1.672000
-1.697226
-1.687179
-1.720176
-1.724272
-1.768961
-1.780981
-1.827572
-1.848492
-1.904551
-1.923744
-1.986778
-2.014410
-1.666810
-1.663175
-1.687177
-1.698925
-1.730770
-1.750169
-1.795509
-1.824639
-1.866232
-1.905332
-1.956372
-1.991563
-1.666810
-1.697227
-1.692032
-1.731136
-1.744014
-1.789983
-1.799599
-1.859156
-1.878487
-1.933102
-1.962676
-1.671999
-1.675040
-1.709239
-1.719686
-1.755436
-1.787234
-1.831633
-1.855690
-1.912597
-1.947012
-1.689357
-1.718717
-1.718339
-1.772576
-1.777139
-1.822326
-1.845518
-1.902203
-1.916316
-1.699917
-1.716780
-1.743533
-1.755702
-1.811576
-1.833134
-1.875187
-1.913684
-1.723181
-1.758986
-1.777352
-1.817091
-1.816851
-1.884353
-1.895285
-1.759945
-1.758087
-1.788448
-1.826414
-1.867385
-1.884056
-1.771224
-1.835070
-1.825510
-1.864342
-1.887639
-1.803406
-1.807242
-1.874053
-1.887015
-1.859289
-1.883392
-1.873616
-1.863802
-1.906530
-1.864889
1.475039
1.387314
1.437641
1.348870
1.366689
1.289453
1.304181
1.239253
1.247190
1.198797
1.219986
1.177451
1.219987
1.198796
1.247191
1.239254
1.304181
1.289456
1.366690
1.348872
1.437642
1.387317
1.475039
1.459733
1.418344
1.452177
1.453084
1.442914
1.446843
1.456987
1.462702
1.469341
1.489815
1.500328
1.516426
1.535636
1.555252
1.560466
1.587266
1.578800
1.589925
1.571493
1.564235
1.514615
1.507146
1.395386
1.466164
1.471284
1.425081
1.448007
1.438261
1.449760
1.442754
1.466108
1.468654
1.483501
1.502796
1.518545
1.534697
1.553619
1.573130
1.572657
1.598675
1.572144
1.591206
1.535524
1.535190
1.448293
1.404681
1.382845
1.401608
1.384145
1.390840
1.398497
1.407705
1.412929
1.436479
1.450246
1.467606
1.494130
1.514997
1.534451
1.559046
1.574733
1.582494
1.592656
1.581018
1.576025
1.535191
1.379967
1.407052
1.364121
1.398521
1.377100
1.395206
1.399208
1.420303
1.424811
1.455525
1.470968
1.490667
1.519116
1.535759
1.559634
1.569565
1.588290
1.575140
1.581015
1.535525
1.352165
1.329746
1.345469
1.323093
1.349615
1.345761
1.363887
1.379867
1.405183
1.417777
1.453847
1.473749
1.502380
1.527836
1.556150
1.569942
1.588291
1.592657
1.591208
1.325175
1.339390
1.315556
1.341392
1.321540
1.357757
1.357715
1.384226
1.402195
1.432189
1.447614
1.482435
1.506339
1.528136
1.556147
1.569566
1.582492
1.572144
1.297659
1.275742
1.285942
1.280358
1.306458
1.303054
1.341477
1.352206
1.383532
1.407346
1.445344
1.463783
1.506340
1.527837
1.559636
1.574732
1.598677
1.265380
1.286661
1.267463
1.290129
1.290734
1.325909
1.327386
1.371117
1.386018
1.419910
1.445344
1.482437
1.502378
1.535759
1.559044
1.572658
1.245487
1.223600
1.248453
1.245520
1.273006
1.285930
1.325543
1.336740
1.386025
1.407352
1.447619
1.473749
1.519118
1.534452
1.573131
1.225104
1.245379
1.229837
1.267577
1.271081
1.307765
1.325550
1.371130
1.383540
1.432191
1.453845
1.490667
1.514993
1.553619
1.205461
1.199990
1.227028
1.226453
1.271089
1.285944
1.327401
1.352214
1.402199
1.417776
1.470967
1.494130
1.534699
1.201511
1.224435
1.227030
1.267585
1.273015
1.325917
1.341479
1.384223
1.405175
1.455523
1.467604
1.518545
1.201512
1.199991
1.229841
1.245522
1.290734
1.303049
1.357708
1.379861
1.424809
1.450246
1.502799
1.205461
1.245378
1.248450
1.290124
1.306448
1.357749
1.363881
1.420301
1.436479
1.483503
1.225104
1.223600
1.267459
1.280355
1.321538
1.345761
1.399211
1.412934
1.468657
1.245487
1.286662
1.285943
1.341393
1.349618
1.395211
1.407707
1.466110
1.265382
1.275745
1.315561
1.323100
1.377104
1.398502
1.442756
1.297660
1.339392
1.345469
1.398522
1.390839
1.449759
1.325175
1.329748
1.364121
1.384146
1.438261
1.352164
1.407051
1.401606
1.448007
1.379967
1.382848
1.425081
1.404680
1.471285
1.466165
1.459763
1.418308
1.452271
1.453082
1.442794
1.447113
1.456866
1.462686
1.469566
1.489847
1.500059
1.516976
1.535362
1.555282
1.560733
1.587381
1.578405
1.590706
1.571118
1.564421
1.514817
1.507489
1.394911
1.466152
1.471281
1.424954
1.448153
1.438132
1.449675
1.442914
1.466023
1.468390
1.483826
1.502521
1.518361
1.534938
1.553461
1.572746
1.573101
1.598298
1.571924
1.591432
1.535333
1.534718
1.448695
1.404672
1.382930
1.401564
1.384129
1.391002
1.398517
1.407520
1.413305
1.436250
1.450220
1.467841
1.494171
1.514658
1.535118
1.558696
1.574820
1.582746
1.592829
1.580568
1.576920
1.534718
1.379920
1.407022
1.364188
1.398498
1.376944
1.395415
1.398980
1.420139
1.424989
1.455397
1.470662
1.491075
1.518791
1.535574
1.559892
1.569388
1.587870
1.575615
1.580572
1.535331
1.352212
1.329759
1.345414
1.323298
1.349470
1.345691
1.364036
1.379873
1.404958
1.418311
1.453583
1.473778
1.502638
1.527907
1.555761
1.570707
1.587870
1.592827
1.591430
1.325138
1.339482
1.315458
1.341291
1.321610
1.357663
1.357537
1.384593
1.402002
1.432072
1.447858
1.482282
1.505988
1.528587
1.555764
1.569386
1.582747
1.571925
1.297649
1.275725
1.286001
1.280325
1.306328
1.303438
1.341377
1.352254
1.383759
1.407347
1.445023
1.464382
1.505988
1.527905
1.559890
1.574821
1.598295
1.265389
1.286613
1.267349
1.290319
1.290660
1.325890
1.327576
1.370967
1.385702
1.420239
1.445028
1.482282
1.502640
1.535575
1.558696
1.573100
1.245456
1.223705
1.248397
1.245561
1.273172
1.285890
1.325242
1.337060
1.385708
1.407351
1.447860
1.473779
1.518788
1.535117
1.572746
1.225068
1.245357
1.229934
1.267514
1.270870
1.307900
1.325253
1.370979
1.383769
1.432076
1.453583
1.491073
1.514660
1.553459
1.205491
1.199982
1.226918
1.226623
1.270878
1.285904
1.327591
1.352264
1.402002
1.418307
1.470660
1.494168
1.534937
1.201470
1.224500
1.226921
1.267522
1.273183
1.325899
1.341379
1.384588
1.404955
1.455391
1.467841
1.518362
1.201471
1.199984
1.229936
1.245563
1.290657
1.303430
1.357527
1.379863
1.424983
1.450219
1.502520
1.205491
1.245357
1.248393
1.290311
1.306320
1.357652
1.364030
1.420138
1.436251
1.483827
1.225067
1.223701
1.267345
1.280317
1.321605
1.345690
1.398980
1.413306
1.468392
1.245455
1.286612
1.286001
1.341293
1.349474
1.395419
1.407526
1.466024
1.265390
1.275727
1.315461
1.323300
1.376948
1.398517
1.442913
1.297650
1.339483
1.345416
1.398498
1.391002
1.449675
1.325139
1.329756
1.364186
1.384126
1.438130
1.352210
1.407021
1.401562
1.448150
1.379920
1.382926
1.424955
1.404673
1.471281
1.466152

