Tension at each vertex
0.007225
0.007228
0.007481
0.007481
-2.165686
1.634644
-2.165689
1.634649
-1.168724
-1.168387
1.428496
1.430002
-0.003040
-0.238356
-0.153277
-0.375973
-0.334618
-0.510286
-0.508382
-0.672598
-0.692089
-0.872004
-0.933702
-1.158325
-1.297694
-1.572227
-1.744330
-1.978599
-2.058389
-2.178826
-2.171192
-2.213238
-2.160108
-2.225412
-2.148770
-0.075682
-0.280528
-0.268753
-0.393545
-0.425210
-0.538828
-0.571248
-0.697486
-0.744882
-0.890706
-0.985270
-1.178732
-1.344399
-1.593163
-1.775638
-1.978739
-2.075968
-2.162069
-2.178896
-2.200285
-2.188186
-2.127230
-0.030862
-0.244291
-0.208479
-0.389433
-0.366082
-0.544720
-0.535508
-0.707044
-0.728553
-0.910957
-0.984238
-1.215978
-1.358374
-1.634164
-1.791528
-2.005434
-2.077414
-2.183895
-2.174375
-2.216171
-2.188203
-0.120064
-0.255382
-0.278164
-0.405932
-0.429246
-0.551329
-0.588984
-0.712002
-0.769457
-0.919665
-1.018064
-1.224729
-1.391340
-1.636352
-1.811468
-1.998379
-2.080184
-2.168747
-2.174349
-2.200285
-0.093355
-0.240926
-0.228209
-0.402068
-0.392382
-0.557440
-0.561402
-0.729048
-0.754011
-0.943743
-1.020869
-1.255262
-1.402079
-1.668077
-1.814708
-2.020329
-2.080208
-2.183902
-2.178915
-0.083928
-0.280509
-0.269460
-0.412235
-0.434263
-0.562399
-0.595358
-0.728777
-0.784365
-0.937023
-1.041449
-1.247694
-1.411100
-1.655537
-1.814679
-1.998376
-2.077382
-2.162065
-0.106866
-0.227659
-0.261709
-0.401555
-0.412329
-0.568546
-0.579602
-0.740117
-0.777123
-0.960060
-1.039797
-1.272074
-1.411128
-1.668082
-1.811490
-2.005448
-2.075986
-0.106242
-0.276855
-0.262593
-0.427379
-0.430427
-0.572399
-0.600773
-0.736690
-0.785382
-0.946671
-1.039771
-1.247689
-1.402045
-1.636346
-1.791489
-1.978731
-0.097118
-0.246501
-0.268128
-0.402948
-0.431278
-0.567554
-0.592272
-0.747007
-0.785406
-0.960069
-1.041473
-1.255281
-1.391357
-1.634185
-1.775654
-0.109280
-0.266248
-0.274038
-0.424514
-0.429923
-0.581307
-0.592265
-0.736697
-0.777102
-0.937023
-1.020835
-1.224721
-1.358332
-1.593149
-0.108820
-0.247649
-0.269100
-0.411787
-0.429966
-0.567566
-0.600791
-0.740152
-0.784391
-0.943776
-1.018090
-1.216010
-1.344411
-0.105935
-0.271637
-0.269089
-0.424486
-0.431302
-0.572435
-0.579585
-0.728795
-0.753994
-0.919658
-0.984197
-1.178722
-0.105940
-0.247652
-0.274027
-0.402931
-0.430479
-0.568635
-0.595386
-0.729101
-0.769493
-0.911014
-0.985284
-0.108801
-0.266260
-0.268078
-0.427331
-0.412312
-0.562472
-0.561386
-0.712021
-0.728508
-0.890709
-0.109249
-0.246542
-0.262563
-0.401528
-0.434263
-0.557578
-0.589007
-0.707138
-0.744899
-0.097078
-0.276856
-0.261660
-0.412157
-0.392321
-0.551430
-0.535468
-0.697521
-0.106224
-0.227726
-0.269415
-0.402032
-0.429246
-0.544868
-0.571293
-0.106795
-0.280546
-0.228212
-0.405767
-0.365975
-0.538909
-0.083901
-0.240960
-0.278240
-0.389447
-0.425152
-0.093330
-0.255388
-0.208384
-0.393506
-0.120004
-0.244440
-0.268747
-0.030774
-0.280509
-0.075667
-0.175153
-0.138038
-0.143389
-0.045005
-0.142302
-0.076740
-0.105676
-0.083538
-0.110699
-0.076570
-0.105328
-0.083376
-0.105327
-0.076539
-0.110661
-0.083498
-0.105641
-0.076640
-0.142288
-0.044913
-0.143324
-0.137929
-0.175134
0.127069
0.036578
0.277784
0.215238
0.424267
0.427609
0.619525
0.665793
0.869773
0.948094
1.160677
1.248068
1.436794
1.499902
1.626880
1.643233
1.714930
1.688807
1.726008
1.683706
1.708500
1.635098
1.645926
0.068017
0.018536
0.183796
0.224781
0.365726
0.432034
0.593501
0.676872
0.863476
0.968327
1.166445
1.276041
1.445741
1.518819
1.637421
1.650225
1.718965
1.692673
1.727769
1.680728
1.696545
1.682611
0.124972
0.060318
0.262477
0.243159
0.442548
0.448832
0.654656
0.697703
0.911194
0.990217
1.200697
1.286047
1.469812
1.517201
1.645321
1.648340
1.718060
1.688099
1.725404
1.684324
1.696559
0.033948
0.061179
0.198415
0.245429
0.395907
0.461457
0.624984
0.718041
0.900133
1.013852
1.208238
1.309676
1.477239
1.539023
1.647295
1.658603
1.721613
1.692115
1.725206
1.680779
0.066401
0.078574
0.259889
0.255177
0.448018
0.470412
0.670018
0.723261
0.939596
1.014455
1.230579
1.309479
1.485207
1.531044
1.652783
1.648135
1.721622
1.688176
1.727918
0.076753
0.046241
0.225237
0.258901
0.415747
0.481966
0.652999
0.740747
0.931700
1.042618
1.230524
1.332007
1.491080
1.543026
1.652650
1.658635
1.718010
1.692577
0.057744
0.102249
0.239901
0.275711
0.449905
0.484257
0.682132
0.742525
0.949046
1.032320
1.241214
1.314415
1.491077
1.531100
1.647394
1.648326
1.718988
0.059411
0.059040
0.244641
0.258165
0.439168
0.492413
0.668166
0.757027
0.949197
1.049733
1.241141
1.332025
1.485181
1.538952
1.645195
1.650368
0.071107
0.090893
0.244452
0.286868
0.443649
0.500509
0.682383
0.745774
0.949186
1.032357
1.230575
1.309481
1.477239
1.517417
1.637309
0.060238
0.075206
0.240631
0.270341
0.448430
0.489859
0.682357
0.757035
0.949035
1.042577
1.230499
1.309771
1.469605
1.518792
0.061580
0.094556
0.248029
0.281792
0.448420
0.500527
0.668178
0.742538
0.931682
1.014605
1.208149
1.286143
1.445871
0.065165
0.071424
0.248029
0.270342
0.443645
0.492404
0.682081
0.740807
0.939467
1.013839
1.200705
1.275936
0.065158
0.094564
0.240622
0.286892
0.439134
0.484348
0.652934
0.723333
0.900193
0.990260
1.166381
0.061577
0.075222
0.244416
0.258209
0.449836
0.481969
0.670005
0.717990
0.911061
0.968464
0.060195
0.090954
0.244595
0.275759
0.415752
0.470463
0.624928
0.697927
0.863350
0.071074
0.059057
0.239881
0.258906
0.447923
0.461543
0.654481
0.676856
0.059385
0.102310
0.225170
0.255318
0.395822
0.448940
0.593558
0.057677
0.046313
0.259792
0.245439
0.442504
0.431986
0.076687
0.078652
0.198406
0.243249
0.365665
0.066371
0.061197
0.262355
0.224863
0.033861
0.060489
0.183712
0.124876
0.018539
0.067983
-0.217864
-0.086832
-0.246197
-0.202527
-0.326911
-0.297795
-0.420762
-0.388452
-0.514514
-0.483610
-0.608656
-0.577886
-0.707739
-0.675867
-0.805565
-0.785228
-0.907815
-0.892179
-1.027813
-0.998787
-1.131925
-1.141195
-1.251745
-2.145232
-2.137304
-2.142522
-2.134802
-2.146965
-2.134424
-2.151519
-2.155401
-2.163535
-2.172201
-2.188195
-2.183529
-2.198469
-2.173942
-2.166733
-2.097499
-2.044682
-1.906058
-1.809090
-1.604698
-1.520874
-1.277133
-2.164707
-2.195737
-2.178665
-2.182116
-2.182307
-2.192284
-2.185911
-2.196972
-2.202811
-2.198058
-2.206052
-2.187585
-2.177412
-2.125415
-2.078159
-1.966610
-1.870646
-1.695182
-1.575165
-1.387586
-1.276692
-2.201699
-2.157107
-2.189730
-2.174720
-2.179851
-2.179659
-2.191213
-2.178898
-2.192183
-2.173960
-2.170492
-2.126045
-2.095926
-1.998924
-1.925147
-1.762434
-1.657906
-1.468692
-1.363753
-1.190163
-2.197861
-2.227241
-2.192088
-2.218930
-2.205136
-2.203600
-2.200912
-2.188885
-2.173797
-2.137800
-2.105438
-2.021769
-1.950632
-1.810167
-1.702170
-1.528057
-1.410429
-1.241499
-1.165305
-2.177104
-2.166935
-2.184180
-2.155763
-2.171704
-2.146144
-2.140473
-2.101963
-2.079524
-2.000919
-1.945910
-1.820180
-1.728151
-1.564475
-1.460160
-1.287860
-1.218105
-1.042143
-2.160725
-2.167771
-2.148365
-2.150124
-2.117202
-2.095437
-2.058084
-1.992196
-1.933517
-1.823991
-1.733256
-1.585827
-1.482700
-1.320519
-1.241552
-1.075017
-1.041401
-2.062228
-2.040525
-2.033437
-1.992706
-1.977371
-1.903581
-1.864264
-1.761532
-1.690273
-1.557180
-1.472500
-1.322283
-1.252898
-1.095985
-1.064156
-0.914728
-1.943522
-1.933234
-1.893680
-1.850066
-1.794637
-1.719803
-1.643695
-1.534709
-1.452544
-1.321194
-1.250365
-1.109136
-1.069392
-0.929773
-0.913647
-1.729044
-1.676123
-1.651590
-1.574499
-1.531091
-1.429501
-1.377848
-1.258975
-1.208903
-1.083781
-1.053303
-0.926059
-0.915885
-0.791670
-1.530047
-1.492965
-1.438975
-1.375919
-1.318764
-1.231343
-1.176955
-1.076116
-1.039855
-0.928281
-0.913122
-0.797306
-0.804900
-1.279218
-1.215764
-1.196246
-1.112058
-1.090644
-0.999154
-0.985078
-0.882686
-0.882615
-0.775834
-0.791228
-0.670895
-1.123985
-1.081337
-1.047634
-0.989430
-0.960307
-0.883227
-0.871433
-0.780827
-0.785236
-0.676656
-0.704574
-0.935914
-0.873369
-0.873812
-0.797398
-0.810283
-0.721754
-0.743370
-0.641491
-0.680227
-0.560864
-0.851719
-0.811650
-0.801423
-0.739279
-0.737085
-0.657271
-0.675784
-0.571456
-0.605421
-0.714592
-0.640533
-0.667948
-0.584230
-0.625882
-0.519769
-0.572734
-0.454403
-0.669987
-0.623703
-0.628623
-0.549221
-0.572562
-0.476790
-0.511610
-0.545374
-0.454575
-0.512887
-0.409359
-0.469651
-0.344226
-0.528775
-0.459866
-0.473020
-0.382147
-0.422459
-0.388985
-0.296113
-0.373967
-0.235430
-0.392207
-0.285644
-0.334575
-0.264880
-0.134949
-0.246904
0.127221
0.036423
0.277869
0.215088
0.424471
0.427355
0.619692
0.665720
0.869780
0.947964
1.160932
1.247732
1.436982
1.499873
1.626849
1.643128
1.715225
1.688527
1.726186
1.683736
1.708573
1.635001
1.646177
1.606078
1.579956
1.602159
1.607708
1.596418
1.602725
1.606114
1.620162
1.618691
1.643290
1.649124
1.668405
1.678047
1.702289
1.695641
1.720319
1.699000
1.701255
1.664341
1.642904
1.569858
1.539534
1.410945
-0.003807
0.199822
0.102506
0.301584
0.225842
0.409689
0.359346
0.531345
0.505704
0.669795
0.659247
0.822987
0.822772
0.973001
0.988952
1.121859
1.127487
1.260749
1.254052
1.347444
1.366443
1.461089
0.127411
0.212344
0.236594
0.334415
0.366370
0.473240
0.507683
0.628387
0.661855
0.796895
0.829460
0.965455
1.002324
1.131601
1.152107
1.284656
1.283738
1.389844
1.397268
1.479057
1.437431
0.160832
0.368657
0.309405
0.488559
0.453434
0.629514
0.614452
0.788536
0.793858
0.958860
0.982743
1.133299
1.155210
1.297189
1.307284
1.416426
1.436180
1.508057
1.509628
1.584663
0.332454
0.382061
0.459577
0.545669
0.613490
0.720955
0.790459
0.910964
0.982527
1.107208
1.165647
1.291973
1.327545
1.431836
1.460371
1.533971
1.537993
1.613943
1.586117
0.368731
0.569554
0.537845
0.721271
0.721904
0.899780
0.924218
1.094392
1.127407
1.285975
1.311847
1.439190
1.463824
1.550306
1.559651
1.631175
1.618947
1.667807
0.543645
0.606546
0.717840
0.806487
0.912445
1.021177
1.120486
1.237229
1.315993
1.418289
1.477832
1.549979
1.580415
1.640304
1.638862
1.682997
1.675486
0.617070
0.807706
0.819050
1.006434
1.040850
1.217660
1.257206
1.408366
1.442894
1.551357
1.567683
1.647459
1.639953
1.691617
1.684404
1.709718
0.801395
0.885265
1.020726
1.118348
1.241574
1.339653
1.440523
1.513637
1.580456
1.631984
1.658182
1.688952
1.699190
1.709843
1.705888
0.907311
1.095849
1.140636
1.316912
1.363097
1.501643
1.532261
1.631312
1.631845
1.695234
1.684927
1.714943
1.698209
1.721031
1.104843
1.196154
1.338703
1.414854
1.527484
1.580405
1.644273
1.672353
1.704207
1.704834
1.715684
1.713729
1.703805
1.221006
1.387105
1.438398
1.568654
1.587781
1.676231
1.670162
1.714352
1.694547
1.721487
1.686936
1.704593
1.405595
1.468821
1.581262
1.617228
1.685671
1.685597
1.721628
1.708098
1.712009
1.695748
1.694382
1.484961
1.608007
1.624584
1.696570
1.686288
1.725514
1.688474
1.711473
1.675374
1.677392
1.617380
1.632579
1.705482
1.693744
1.722201
1.699636
1.710605
1.671493
1.676617
1.643518
1.710435
1.688667
1.727028
1.688847
1.695732
1.659369
1.661792
1.711958
1.693620
1.727175
1.684900
1.704660
1.661204
1.658309
1.694989
1.721180
1.688025
1.695049
1.643936
1.647598
1.729640
1.683158
1.695486
1.651713
1.657631
1.683283
1.695957
1.647070
1.638570
1.698317
1.648570
1.652286
1.642522
1.646991
1.689208
-0.133566
0.075890
0.023813
0.160540
0.140809
0.270260
0.262089
0.397285
0.391435
0.530845
0.532858
0.674122
0.676160
0.825790
0.825877
0.966358
0.974955
1.104294
1.091281
1.232349
1.206135
1.287227
1.276405
-1.053287
-0.971711
-0.853016
-0.764143
-0.690289
-0.604954
-0.527633
-0.448812
-0.361812
-0.274732
-0.178024
-0.078548
0.024965
0.135914
0.248092
0.366249
0.494396
0.615029
0.758530
0.899412
1.023140
1.191329
-0.964314
-0.842044
-0.738925
-0.639730
-0.542140
-0.462913
-0.363482
-0.277983
-0.178830
-0.085611
0.015204
0.113644
0.219867
0.318412
0.434481
0.535135
0.663997
0.782005
0.913811
1.044514
1.195928
-0.988734
-0.877759
-0.774884
-0.701604
-0.611703
-0.535136
-0.452540
-0.366254
-0.275715
-0.179139
-0.075976
0.027267
0.142341
0.254459
0.377618
0.505396
0.633396
0.776467
0.923928
1.060026
-0.869674
-0.757577
-0.650648
-0.557179
-0.468215
-0.375060
-0.281148
-0.186823
-0.085653
0.010419
0.117447
0.218765
0.327297
0.436621
0.551260
0.671108
0.806405
0.931657
1.077347
-0.884432
-0.796017
-0.703112
-0.623038
-0.536948
-0.458829
-0.366706
-0.279198
-0.177017
-0.075852
0.032394
0.145803
0.263723
0.385908
0.518382
0.650614
0.794362
0.954985
-0.774703
-0.660277
-0.567383
-0.474784
-0.381216
-0.286827
-0.189608
-0.088970
0.009987
0.116310
0.221616
0.328463
0.442111
0.556926
0.680871
0.819128
0.950725
-0.797238
-0.714310
-0.620966
-0.544026
-0.456190
-0.370960
-0.276904
-0.179051
-0.071794
0.032413
0.151294
0.267478
0.393405
0.526494
0.662253
0.812147
-0.670677
-0.571769
-0.480494
-0.383520
-0.291053
-0.190422
-0.091122
0.009324
0.114921
0.222357
0.327503
0.443629
0.557942
0.685993
0.824479
-0.711231
-0.623856
-0.539770
-0.457501
-0.366995
-0.279425
-0.175450
-0.073717
0.035832
0.149551
0.272661
0.393190
0.533251
0.666950
-0.574311
-0.481840
-0.384861
-0.291786
-0.190743
-0.090778
0.007798
0.114164
0.220384
0.325019
0.439904
0.555803
0.684131
-0.620057
-0.536095
-0.452467
-0.365388
-0.276191
-0.176984
-0.069750
0.031131
0.153670
0.267195
0.398777
0.526938
-0.476527
-0.387506
-0.287410
-0.192400
-0.086473
0.003846
0.115408
0.214528
0.322500
0.430253
0.552074
-0.532003
-0.444336
-0.361053
-0.275144
-0.173495
-0.073311
0.034180
0.144699
0.272675
0.385831
-0.373520
-0.295470
-0.179492
-0.093691
0.012794
0.104221
0.219954
0.305621
0.430091
-0.440890
-0.351763
-0.273535
-0.174237
-0.069621
0.024204
0.149843
0.256356
-0.270791
-0.196072
-0.069762
-0.006967
0.122147
0.195523
0.315428
-0.349288
-0.268670
-0.173314
-0.075429
0.027489
0.133362
-0.157915
-0.096873
0.027666
0.088727
0.221049
-0.271087
-0.176570
-0.076226
0.011749
-0.037479
-0.008669
0.138356
-0.201278
-0.104963
0.109870
-0.175146
-0.138039
-0.143383
-0.045000
-0.142291
-0.076733
-0.105663
-0.083531
-0.110686
-0.076561
-0.105318
-0.083371
-0.105325
-0.076539
-0.110663
-0.083505
-0.105641
-0.076642
-0.142277
-0.044904
-0.143316
-0.137947
-0.175136
-0.003230
-0.238168
-0.153411
-0.375827
-0.334573
-0.510158
-0.508498
-0.672513
-0.692157
-0.871959
-0.933754
-1.158280
-1.297748
-1.572185
-1.744377
-1.978571
-2.058425
-2.178809
-2.171222
-2.213227
-2.160134
-2.225404
-2.148789
-0.075670
-0.280507
-0.268744
-0.393528
-0.425174
-0.538914
-0.571306
-0.697509
-0.744892
-0.890699
-0.985280
-1.178712
-1.344413
-1.593144
-1.775652
-1.978728
-2.075985
-2.162059
-2.178917
-2.200279
-2.188201
-2.127227
-0.030766
-0.244446
-0.208378
-0.389463
-0.365996
-0.544886
-0.535453
-0.707131
-0.728502
-0.911008
-0.984196
-1.216007
-1.358327
-1.634189
-1.791487
-2.005449
-2.077383
-2.183903
-2.174347
-2.216174
-2.188183
-0.120007
-0.255383
-0.278253
-0.405790
-0.429274
-0.551427
-0.588993
-0.712002
-0.769487
-0.919642
-1.018086
-1.224715
-1.391355
-1.636338
-1.811492
-1.998369
-2.080207
-2.168743
-2.174374
-2.200279
-0.093330
-0.240958
-0.228216
-0.402058
-0.392342
-0.557565
-0.561376
-0.729090
-0.753992
-0.943769
-1.020830
-1.255276
-1.402042
-1.668082
-1.814676
-2.020332
-2.080181
-2.183895
-2.178896
-0.083907
-0.280537
-0.269429
-0.412191
-0.434270
-0.562446
-0.595393
-0.728772
-0.784393
-0.937009
-1.041475
-1.247678
-1.411126
-1.655529
-1.814706
-1.998370
-2.077416
-2.162061
-0.106798
-0.227722
-0.261665
-0.401572
-0.412292
-0.568618
-0.579593
-0.740143
-0.777106
-0.960062
-1.039767
-1.272072
-1.411094
-1.668074
-1.811468
-2.005432
-2.075966
-0.106228
-0.276851
-0.262572
-0.427382
-0.430426
-0.572425
-0.600807
-0.736674
-0.785417
-0.946661
-1.039798
-1.247682
-1.402080
-1.636338
-1.791527
-1.978732
-0.097078
-0.246540
-0.268075
-0.402982
-0.431262
-0.567575
-0.592275
-0.747002
-0.785386
-0.960056
-1.041450
-1.255255
-1.391336
-1.634163
-1.775633
-0.109250
-0.266256
-0.274025
-0.424511
-0.429950
-0.581318
-0.592284
-0.736685
-0.777141
-0.937012
-1.020877
-1.224721
-1.358370
-1.593151
-0.108795
-0.247650
-0.269080
-0.411795
-0.429941
-0.567578
-0.600782
-0.740120
-0.784381
-0.943742
-1.018066
-1.215975
-1.344397
-0.105937
-0.271630
-0.269083
-0.424491
-0.431318
-0.572425
-0.579636
-0.728790
-0.754035
-0.919663
-0.984247
-1.178721
-0.105922
-0.247651
-0.274013
-0.402905
-0.430461
-0.568608
-0.595376
-0.729069
-0.769471
-0.910963
-0.985272
-0.108807
-0.266239
-0.268111
-0.427309
-0.412323
-0.562473
-0.561426
-0.712025
-0.728569
-0.890722
-0.109271
-0.246501
-0.262566
-0.401485
-0.434231
-0.557508
-0.588991
-0.707091
-0.744869
-0.097109
-0.276847
-0.261700
-0.412099
-0.392348
-0.551421
-0.535510
-0.697564
-0.106244
-0.227664
-0.269473
-0.401918
-0.429145
-0.544819
-0.571282
-0.106881
-0.280491
-0.228308
-0.405715
-0.365892
-0.538905
-0.083966
-0.240898
-0.278292
-0.389324
-0.425015
-0.093405
-0.255348
-0.208520
-0.393490
-0.120111
-0.244323
-0.268758
-0.030867
-0.280548
-0.075698
0.127216
0.036424
0.277865
0.215086
0.424467
0.427355
0.619688
0.665720
0.869780
0.947965
1.160931
1.247736
1.436980
1.499876
1.626850
1.643130
1.715224
1.688532
1.726184
1.683739
1.708574
1.635003
1.646175
0.067985
0.018533
0.183708
0.224860
0.365665
0.431978
0.593562
0.676853
0.863351
0.968464
1.166384
1.275933
1.445874
1.518790
1.637307
1.650367
1.718988
1.692572
1.727919
1.680776
1.696556
1.682609
0.124859
0.060488
0.262344
0.243240
0.442502
0.448935
0.654478
0.697929
0.911062
0.990261
1.200708
1.286148
1.469604
1.517423
1.645195
1.648328
1.718011
1.688180
1.725203
1.684329
1.696543
0.033843
0.061196
0.198405
0.245431
0.395821
0.461538
0.624930
0.717985
0.900197
1.013839
1.208149
1.309771
1.477240
1.538947
1.647395
1.658632
1.721619
1.692114
1.725403
1.680723
0.066352
0.078645
0.259786
0.255311
0.447921
0.470457
0.670006
0.723335
0.939466
1.014611
1.230500
1.309484
1.485183
1.531105
1.652648
1.648140
1.721612
1.688101
1.727770
0.076679
0.046309
0.225171
0.258897
0.415754
0.481963
0.652933
0.740806
0.931684
1.042574
1.230578
1.332024
1.491076
1.543025
1.652782
1.658598
1.718061
1.692669
0.057671
0.102302
0.239881
0.275752
0.449833
0.484347
0.682081
0.742538
0.949038
1.032361
1.241140
1.314421
1.491081
1.531046
1.647297
1.648343
1.718963
0.059388
0.059050
0.244596
0.258204
0.439133
0.492398
0.668179
0.757033
0.949185
1.049734
1.241214
1.332004
1.485209
1.539020
1.645320
1.650223
0.071076
0.090949
0.244416
0.286887
0.443645
0.500526
0.682355
0.745778
0.949198
1.032322
1.230528
1.309483
1.477238
1.517207
1.637420
0.060202
0.075218
0.240625
0.270338
0.448417
0.489857
0.682382
0.757024
0.949047
1.042617
1.230578
1.309676
1.469812
1.518816
0.061582
0.094563
0.248029
0.281793
0.448428
0.500509
0.668167
0.742527
0.931701
1.014460
1.208240
1.286050
1.445743
0.065165
0.071425
0.248030
0.270338
0.443648
0.492411
0.682128
0.740747
0.939596
1.013850
1.200698
1.276038
0.065169
0.094560
0.240631
0.286870
0.439166
0.484259
0.652999
0.723262
0.900137
0.990219
1.166446
0.061581
0.075212
0.244450
0.258166
0.449902
0.481963
0.670017
0.718039
0.911192
0.968328
0.060240
0.090899
0.244642
0.275711
0.415748
0.470412
0.624985
0.697705
0.863478
0.071106
0.059047
0.239899
0.258903
0.448013
0.461457
0.654652
0.676870
0.059413
0.102254
0.225238
0.255178
0.395909
0.448831
0.593505
0.057741
0.046249
0.259886
0.245429
0.442544
0.432033
0.076755
0.078576
0.198418
0.243159
0.365728
0.066399
0.061185
0.262472
0.224782
0.033950
0.060320
0.183801
0.124971
0.018538
0.068022
-0.003039
-0.238349
-0.153280
-0.375969
-0.334607
-0.510321
-0.508389
-0.672593
-0.692090
-0.872001
-0.933696
-1.158328
-1.297693
-1.572228
-1.744332
-1.978602
-2.058388
-2.178830
-2.171191
-2.213239
-2.160108
-2.225413
-2.148767
-2.136730
-2.160956
-2.127216
-2.140055
-2.123952
-2.136515
-2.141143
-2.140331
-2.154499
-2.164077
-2.173287
-2.185082
-2.197719
-2.194129
-2.198446
-2.168401
-2.138309
-2.056030
-1.964236
-1.815942
-1.677256
-1.495934
-1.389304
-0.246897
-0.134943
-0.334570
-0.235429
-0.422485
-0.344186
-0.511598
-0.454443
-0.605397
-0.560864
-0.704572
-0.670897
-0.804896
-0.791668
-0.913644
-0.914730
-1.041394
-1.042144
-1.165300
-1.190162
-1.276689
-1.277135
-0.264886
-0.285635
-0.373978
-0.382135
-0.469671
-0.476781
-0.572732
-0.571459
-0.680231
-0.676658
-0.791230
-0.797305
-0.915888
-0.929773
-1.064156
-1.075016
-1.218107
-1.241496
-1.363754
-1.387585
-1.520872
-0.392191
-0.296078
-0.473040
-0.409375
-0.572556
-0.519760
-0.675784
-0.641492
-0.785230
-0.775836
-0.913118
-0.926062
-1.069386
-1.095986
-1.241549
-1.287859
-1.410425
-1.468694
-1.575159
-1.604701
-0.389009
-0.459837
-0.512867
-0.549234
-0.625886
-0.657273
-0.743371
-0.780829
-0.882617
-0.928283
-1.053304
-1.109137
-1.252901
-1.320517
-1.460162
-1.528058
-1.657905
-1.695183
-1.809091
-0.528766
-0.454574
-0.628605
-0.584233
-0.737079
-0.721754
-0.871428
-0.882689
-1.039851
-1.083783
-1.250363
-1.322283
-1.482697
-1.564478
-1.702164
-1.762438
-1.870643
-1.906059
-0.545372
-0.623706
-0.667953
-0.739278
-0.810286
-0.883230
-0.985080
-1.076119
-1.208908
-1.321194
-1.472503
-1.585830
-1.728150
-1.810169
-1.925149
-1.966609
-2.044684
-0.669997
-0.640524
-0.801418
-0.797399
-0.960300
-0.999156
-1.176954
-1.258976
-1.452542
-1.557184
-1.733251
-1.820183
-1.950629
-1.998925
-2.078156
-2.097502
-0.714590
-0.811654
-0.873809
-0.989432
-1.090648
-1.231345
-1.377851
-1.534714
-1.690274
-1.823994
-1.945912
-2.021769
-2.095927
-2.125417
-2.166731
-0.851707
-0.873367
-1.047631
-1.112057
-1.318761
-1.429506
-1.643691
-1.761535
-1.933515
-2.000919
-2.105435
-2.126049
-2.177406
-2.173945
-0.935915
-1.081336
-1.196247
-1.375925
-1.531092
-1.719807
-1.864268
-1.992196
-2.079525
-2.137803
-2.170491
-2.187586
-2.198470
-1.123977
-1.215766
-1.438970
-1.574502
-1.794636
-1.903582
-2.058080
-2.101966
-2.173791
-2.173962
-2.206049
-2.183529
-1.279216
-1.492969
-1.651595
-1.850068
-1.977373
-2.095441
-2.140472
-2.188886
-2.192184
-2.198058
-2.188195
-1.530045
-1.676123
-1.893677
-1.992709
-2.117196
-2.146145
-2.200909
-2.178897
-2.202807
-2.172203
-1.729045
-1.933239
-2.033436
-2.150126
-2.171706
-2.203600
-2.191212
-2.196974
-2.163533
-1.943517
-2.040525
-2.148363
-2.155762
-2.205131
-2.179661
-2.185906
-2.155401
-2.062230
-2.167772
-2.184179
-2.218934
-2.179849
-2.192285
-2.151519
-2.160720
-2.166936
-2.192082
-2.174719
-2.182304
-2.134422
-2.177102
-2.227242
-2.189730
-2.182116
-2.146964
-2.197858
-2.157105
-2.178660
-2.134803
-2.201697
-2.195739
-2.142520
-2.164702
-2.137303
-2.145232
-0.133558
0.075888
0.023819
0.160539
0.140814
0.270258
0.262093
0.397283
0.391440
0.530843
0.532863
0.674121
0.676163
0.825789
0.825882
0.966356
0.974959
1.104294
1.091283
1.232349
1.206138
1.287225
1.276408
1.689207
1.646990
1.652284
1.638570
1.657630
1.647598
1.658310
1.661793
1.676616
1.677394
1.694381
1.704593
1.703805
1.721033
1.705888
1.709720
1.675488
1.667808
1.586119
1.584666
1.437430
1.461091
1.642519
1.648573
1.647065
1.651714
1.643934
1.661206
1.659365
1.671496
1.675371
1.695748
1.686933
1.713729
1.698204
1.709844
1.684400
1.682996
1.618944
1.613944
1.509624
1.479057
1.366441
1.698314
1.695955
1.695485
1.695048
1.704658
1.695733
1.710604
1.711473
1.712010
1.721488
1.715684
1.714945
1.699191
1.691617
1.638863
1.631178
1.537994
1.508060
1.397270
1.347445
1.683281
1.683160
1.688020
1.684903
1.688842
1.699636
1.688471
1.708099
1.694542
1.704835
1.684924
1.688951
1.639950
1.640304
1.559646
1.533972
1.436178
1.389842
1.254050
1.729638
1.721181
1.727173
1.727027
1.722201
1.725514
1.721626
1.714353
1.704207
1.695234
1.658184
1.647460
1.580416
1.550309
1.460374
1.416426
1.283742
1.260751
1.694985
1.693622
1.688665
1.693745
1.686283
1.685599
1.670158
1.672352
1.631842
1.631984
1.567678
1.549979
1.463820
1.431834
1.307282
1.284656
1.127483
1.711959
1.710434
1.705481
1.696571
1.685671
1.676230
1.644275
1.631312
1.580456
1.551358
1.477834
1.439190
1.327548
1.297190
1.152109
1.121860
1.643514
1.632583
1.624580
1.617229
1.587779
1.580405
1.532256
1.513639
1.442890
1.418288
1.311845
1.291972
1.155206
1.131601
0.988950
1.617379
1.608006
1.581264
1.568653
1.527484
1.501644
1.440524
1.408365
1.315996
1.285975
1.165649
1.133300
1.002328
0.973000
1.484960
1.468822
1.438394
1.414856
1.363094
1.339652
1.257205
1.237229
1.127403
1.107208
0.982741
0.965453
0.822771
1.405596
1.387106
1.338704
1.316911
1.241577
1.217659
1.120488
1.094392
0.982530
0.958859
0.829465
0.822987
1.221003
1.196155
1.140635
1.118348
1.040847
1.021178
0.924215
0.910963
0.793856
0.796894
0.659244
1.104846
1.095847
1.020728
1.006434
0.912448
0.899779
0.790464
0.788535
0.661858
0.669795
0.907310
0.885267
0.819049
0.806486
0.721903
0.720954
0.614449
0.628386
0.505702
0.801397
0.807703
0.717845
0.721268
0.613493
0.629513
0.507687
0.531343
0.617070
0.606545
0.537843
0.545668
0.453431
0.473238
0.359344
0.543648
0.569552
0.459580
0.488556
0.366375
0.409686
0.368730
0.382059
0.309404
0.334412
0.225840
0.332458
0.368653
0.236599
0.301582
0.160832
0.212343
0.102504
0.127415
0.199820
-0.003805
-0.217866
-0.086828
-0.246202
-0.202524
-0.326923
-0.297761
-0.420783
-0.388493
-0.514447
-0.483651
-0.608660
-0.577878
-0.707742
-0.675868
-0.805568
-0.785224
-0.907816
-0.892178
-1.027813
-0.998786
-1.131926
-1.141193
-1.251748
-1.083316
-0.962207
-0.813187
-0.740913
-0.622271
-0.543224
-0.451096
-0.364463
-0.269213
-0.180696
-0.079339
0.011432
0.117828
0.212838
0.320873
0.422865
0.536413
0.645357
0.783664
0.883656
1.048273
1.142819
1.277991
0.109870
-0.104963
0.138354
0.011748
0.221048
0.133360
0.315426
0.256353
0.430090
0.385830
0.552073
0.526936
0.684132
0.666947
0.824480
0.812145
0.950725
0.954982
1.077348
1.060023
1.195929
1.191327
-0.201273
-0.008669
-0.076220
0.088725
0.027494
0.195521
0.149848
0.305620
0.272680
0.430251
0.398782
0.555802
0.533256
0.685992
0.662256
0.819127
0.794365
0.931656
0.923931
1.044514
1.023143
-0.037476
-0.176573
0.027665
-0.075431
0.122146
0.024202
0.219953
0.144697
0.322499
0.267193
0.439904
0.393188
0.557942
0.526492
0.680872
0.650611
0.806406
0.776464
0.913811
0.899410
-0.271085
-0.096870
-0.173310
-0.006968
-0.069616
0.104220
0.034184
0.214526
0.153675
0.325018
0.272665
0.443628
0.393409
0.556925
0.518386
0.671108
0.633399
0.782004
0.758533
-0.157903
-0.268677
-0.069761
-0.174240
0.012793
-0.073313
0.115407
0.031129
0.220383
0.149550
0.327503
0.267476
0.442111
0.385906
0.551261
0.505394
0.663998
0.615026
-0.349300
-0.196069
-0.273531
-0.093692
-0.173490
0.003844
-0.069746
0.114163
0.035836
0.222355
0.151298
0.328462
0.263726
0.436621
0.377621
0.535135
0.494399
-0.270796
-0.351760
-0.179495
-0.275147
-0.086476
-0.176985
0.007796
-0.073719
0.114921
0.032411
0.221615
0.145802
0.327298
0.254457
0.434482
0.366247
-0.440836
-0.295493
-0.361039
-0.192403
-0.276185
-0.090781
-0.175443
0.009323
-0.071790
0.116309
0.032398
0.218764
0.142345
0.318412
0.248095
-0.373580
-0.444307
-0.287424
-0.365383
-0.190749
-0.279425
-0.091125
-0.179051
0.009987
-0.075854
0.117448
0.027265
0.219867
0.135912
-0.531971
-0.387513
-0.452462
-0.291795
-0.366981
-0.190426
-0.276898
-0.088972
-0.177012
0.010418
-0.075972
0.113644
0.024967
-0.476514
-0.536124
-0.384840
-0.457505
-0.291064
-0.370955
-0.189611
-0.279198
-0.085654
-0.179141
0.015204
-0.078550
-0.620076
-0.481801
-0.539805
-0.383503
-0.456184
-0.286832
-0.366698
-0.186826
-0.275709
-0.085612
-0.178021
-0.574299
-0.623886
-0.480458
-0.544049
-0.381218
-0.458817
-0.281162
-0.366248
-0.178834
-0.274732
-0.711226
-0.571759
-0.620976
-0.474783
-0.536916
-0.375108
-0.452490
-0.278009
-0.361802
-0.670679
-0.714309
-0.567385
-0.623021
-0.468268
-0.535056
-0.363555
-0.448781
-0.797234
-0.660276
-0.703105
-0.557191
-0.611661
-0.462974
-0.527582
-0.774702
-0.796018
-0.650647
-0.701606
-0.542147
-0.604941
-0.884427
-0.757577
-0.774877
-0.639730
-0.690287
-0.869674
-0.877760
-0.738927
-0.764144
-0.988729
-0.842042
-0.853013
-0.964315
-0.971713
-1.053284
-0.003212
-0.238175
-0.153385
-0.375903
-0.334737
-0.510136
-0.508438
-0.672461
-0.692156
-0.871922
-0.933756
-1.158275
-1.297750
-1.572192
-1.744376
-1.978573
-2.058426
-2.178807
-2.171222
-2.213227
-2.160133
-2.225404
-2.148790
-2.136729
-2.160952
-2.127219
-2.140039
-2.123964
-2.136486
-2.141158
-2.140292
-2.154519
-2.164021
-2.173316
-2.185007
-2.197753
-2.194034
-2.198488
-2.168275
-2.138363
-2.055870
-1.964298
-1.815741
-1.677348
-1.495662
-1.389431
-0.246897
-0.135077
-0.334622
-0.235560
-0.422457
-0.344403
-0.511600
-0.454552
-0.605439
-0.561025
-0.704569
-0.671087
-0.804906
-0.791844
-0.913669
-0.914905
-1.041420
-1.042322
-1.165331
-1.190338
-1.276737
-1.277287
-0.264928
-0.285480
-0.373971
-0.382023
-0.469646
-0.476627
-0.572759
-0.571291
-0.680235
-0.676513
-0.791240
-0.797135
-0.915907
-0.929597
-1.064167
-1.074835
-1.218113
-1.241303
-1.363768
-1.387363
-1.520917
-0.392212
-0.296273
-0.473013
-0.409470
-0.572576
-0.519888
-0.675783
-0.641636
-0.785243
-0.775969
-0.913145
-0.926205
-1.069408
-1.096134
-1.241572
-1.288001
-1.410462
-1.468818
-1.575226
-1.604802
-0.389000
-0.459725
-0.512892
-0.549075
-0.625862
-0.657158
-0.743370
-0.780692
-0.882635
-0.928149
-1.053313
-1.109000
-1.252908
-1.320367
-1.460175
-1.527887
-1.657932
-1.694990
-1.809122
-0.528774
-0.454658
-0.628594
-0.584346
-0.737079
-0.721866
-0.871453
-0.882805
-1.039871
-1.083905
-1.250385
-1.322398
-1.482728
-1.564580
-1.702208
-1.762529
-1.870696
-1.906149
-0.545321
-0.623580
-0.667926
-0.739156
-0.810285
-0.883119
-0.985083
-1.076017
-1.208914
-1.321080
-1.472513
-1.585700
-1.728165
-1.810027
-1.925167
-1.966460
-2.044702
-0.669950
-0.640593
-0.801430
-0.797484
-0.960319
-0.999259
-1.176977
-1.259073
-1.452570
-1.557270
-1.733282
-1.820263
-1.950665
-1.999001
-2.078198
-2.097574
-0.714564
-0.811547
-0.873798
-0.989349
-1.090647
-1.231259
-1.377860
-1.534617
-1.690282
-1.823890
-1.945920
-2.021658
-2.095938
-2.125298
-2.166747
-0.851705
-0.873447
-1.047646
-1.112138
-1.318791
-1.429582
-1.643718
-1.761607
-1.933541
-2.000985
-2.105466
-2.126109
-2.177444
-2.174002
-0.935904
-1.081264
-1.196252
-1.375852
-1.531095
-1.719732
-1.864269
-1.992115
-2.079529
-2.137714
-2.170499
-2.187493
-2.198479
-1.124000
-1.215831
-1.438995
-1.574569
-1.794658
-1.903642
-2.058105
-2.102018
-2.173819
-2.174012
-2.206079
-2.183579
-1.279211
-1.492918
-1.651590
-1.850009
-1.977371
-2.095375
-2.140473
-2.188818
-2.192186
-2.197988
-2.188200
-1.530065
-1.676178
-1.893699
-1.992757
-2.117218
-2.146191
-2.200930
-2.178942
-2.202831
-2.172242
-1.729038
-1.933193
-2.033429
-2.150078
-2.171699
-2.203550
-2.191211
-2.196919
-2.163536
-1.943535
-2.040569
-2.148378
-2.155803
-2.205149
-2.179695
-2.185926
-2.155435
-2.062216
-2.167738
-2.184170
-2.218895
-2.179846
-2.192246
-2.151516
-2.160734
-2.166970
-2.192098
-2.174750
-2.182316
-2.134452
-2.177089
-2.227217
-2.189720
-2.182092
-2.146960
-2.197867
-2.157136
-2.178670
-2.134825
-2.201683
-2.195722
-2.142515
-2.164711
-2.137322
-2.145220
-0.133661
0.076091
0.023826
0.160680
0.140784
0.270581
0.261979
0.397546
0.391599
0.530997
0.532898
0.674686
0.676029
0.826173
0.826270
0.966562
0.975025
1.105207
1.091079
1.232892
1.206680
1.287592
1.276347
1.689376
1.646781
1.652148
1.638681
1.657497
1.647128
1.658807
1.661325
1.676327
1.677714
1.694196
1.703911
1.704572
1.720430
1.705625
1.710016
1.675368
1.667046
1.586833
1.584043
1.437169
1.461081
1.642415
1.648891
1.647006
1.651686
1.644325
1.661275
1.659036
1.672317
1.675044
1.695751
1.687378
1.713896
1.697600
1.710954
1.683878
1.683168
1.619206
1.614363
1.508917
1.480240
1.366014
1.698355
1.695594
1.695794
1.694715
1.704422
1.695945
1.710438
1.710909
1.712597
1.720993
1.715392
1.715236
1.699056
1.690920
1.639545
1.630624
1.537748
1.508164
1.397263
1.346606
1.683475
1.683255
1.687821
1.685467
1.688679
1.699630
1.688882
1.708231
1.694102
1.705751
1.684552
1.689030
1.640277
1.640608
1.559029
1.535016
1.435767
1.390069
1.254237
1.729517
1.721237
1.727090
1.726583
1.722594
1.725131
1.721347
1.714584
1.704059
1.694634
1.658750
1.646987
1.580155
1.550459
1.460348
1.415693
1.284310
1.260215
1.694944
1.693624
1.688956
1.693871
1.685997
1.686295
1.669934
1.672390
1.632189
1.632209
1.567198
1.550870
1.463496
1.431971
1.307497
1.285069
1.126953
1.712181
1.710173
1.705271
1.696696
1.685543
1.675745
1.644684
1.630928
1.580186
1.551510
1.477765
1.438564
1.328046
1.296736
1.151918
1.121811
1.643358
1.633038
1.624474
1.617263
1.588079
1.580585
1.531924
1.514356
1.442675
1.418371
1.312096
1.292286
1.154761
1.132389
0.988722
1.617305
1.607656
1.581518
1.568362
1.527245
1.501752
1.440427
1.407856
1.316374
1.285602
1.165440
1.133304
1.002357
0.972373
1.485166
1.468964
1.438194
1.415387
1.362974
1.339718
1.257456
1.237471
1.127077
1.107865
0.982576
0.965593
0.822916
1.405422
1.387157
1.338608
1.316525
1.241825
1.217361
1.120276
1.094410
0.982503
0.958345
0.829777
0.822629
1.220952
1.196214
1.140845
1.118535
1.040640
1.021696
0.924120
0.911068
0.794027
0.797193
0.658960
1.104983
1.095628
1.020545
1.006439
0.912382
0.899376
0.790676
0.788244
0.661704
0.669700
0.907196
0.885640
0.819007
0.806577
0.722074
0.721185
0.614259
0.628849
0.505635
0.801321
0.807414
0.717963
0.721036
0.613335
0.629443
0.507667
0.530953
0.617208
0.606715
0.537740
0.546032
0.453407
0.473364
0.359447
0.543515
0.569494
0.459518
0.488255
0.366462
0.409463
0.368729
0.382174
0.309517
0.334622
0.225743
0.332489
0.368468
0.236475
0.301478
0.160796
0.212615
0.102507
0.127341
0.199604
-0.003746
-0.217873
-0.086684
-0.246182
-0.202346
-0.326955
-0.297607
-0.420764
-0.388305
-0.514512
-0.483422
-0.608680
-0.577694
-0.707742
-0.675685
-0.805575
-0.785010
-0.907835
-0.891952
-1.027826
-0.998551
-1.131936
-1.140947
-1.251759
-1.083566
-0.961899
-0.813449
-0.740614
-0.622569
-0.542901
-0.451415
-0.364148
-0.269549
-0.180293
-0.079799
0.011920
0.117411
0.213200
0.320509
0.423414
0.535685
0.646182
0.783067
0.884070
1.047965
1.143620
1.276895
0.109765
-0.105022
0.138197
0.011796
0.220774
0.133338
0.315291
0.256191
0.429816
0.385910
0.551589
0.526825
0.683986
0.666592
0.824041
0.812276
0.949984
0.954752
1.077207
1.059501
1.195290
1.191601
-0.201303
-0.008435
-0.076310
0.088950
0.027545
0.195680
0.149863
0.306009
0.272585
0.430584
0.399001
0.556007
0.533331
0.686661
0.662120
0.819614
0.794755
0.931954
0.923949
1.045567
1.022767
-0.037671
-0.176575
0.027532
-0.075519
0.121945
0.024234
0.219607
0.144649
0.322316
0.266977
0.439566
0.393254
0.557360
0.526371
0.680649
0.650249
0.805877
0.776658
0.912932
0.899335
-0.271079
-0.096723
-0.173316
-0.006697
-0.069687
0.104493
0.034279
0.214726
0.153729
0.325487
0.272582
0.444043
0.393652
0.557203
0.518452
0.671881
0.633185
0.782627
0.758788
-0.158070
-0.268660
-0.070005
-0.174258
0.012613
-0.073435
0.115153
0.031145
0.219958
0.149487
0.327254
0.267240
0.441694
0.385995
0.550574
0.505341
0.663666
0.614759
-0.349332
-0.195862
-0.273505
-0.093511
-0.173467
0.004170
-0.069799
0.114500
0.035960
0.222615
0.151366
0.329018
0.263618
0.437134
0.377809
0.535503
0.494392
-0.270951
-0.351824
-0.179690
-0.275150
-0.086777
-0.177019
0.007561
-0.073862
0.114600
0.032430
0.221103
0.145762
0.326965
0.254265
0.433991
0.366392
-0.440881
-0.295245
-0.361084
-0.192142
-0.276138
-0.090550
-0.175400
0.009717
-0.071842
0.116725
0.032513
0.219100
0.142378
0.319035
0.247938
-0.373741
-0.444351
-0.287617
-0.365467
-0.190993
-0.279438
-0.091495
-0.179082
0.009681
-0.075985
0.117054
0.027318
0.219294
0.135914
-0.531983
-0.387322
-0.452442
-0.291508
-0.367018
-0.190101
-0.276844
-0.088676
-0.176973
0.010883
-0.076048
0.114114
0.025049
-0.476724
-0.536104
-0.385135
-0.457520
-0.291315
-0.371041
-0.189920
-0.279199
-0.086092
-0.179149
0.014849
-0.078651
-0.620063
-0.481603
-0.539743
-0.383281
-0.456161
-0.286485
-0.366733
-0.186440
-0.275665
-0.085271
-0.178005
-0.574521
-0.623889
-0.480739
-0.544035
-0.381546
-0.458844
-0.281465
-0.366324
-0.179187
-0.274708
-0.711220
-0.571518
-0.620973
-0.474490
-0.536919
-0.374765
-0.452516
-0.277597
-0.361856
-0.670913
-0.714319
-0.567634
-0.623072
-0.468510
-0.535138
-0.363853
-0.448812
-0.797238
-0.660040
-0.703108
-0.556874
-0.611710
-0.462577
-0.527611
-0.774919
-0.796027
-0.650927
-0.701625
-0.542436
-0.604984
-0.884453
-0.757308
-0.774878
-0.639439
-0.690286
-0.869891
-0.877784
-0.739190
-0.764159
-0.988757
-0.841763
-0.853023
-0.964531
-0.971743
-1.053317
-0.217888
-0.086686
-0.246188
-0.202339
-0.326960
-0.297561
-0.420780
-0.388339
-0.514438
-0.483459
-0.608682
-0.577677
-0.707752
-0.675682
-0.805577
-0.785008
-0.907838
-0.891953
-1.027827
-0.998552
-1.131940
-1.140946
-1.251763
-2.145220
-2.137321
-2.142513
-2.134826
-2.146958
-2.134452
-2.151516
-2.155437
-2.163533
-2.172245
-2.188199
-2.183580
-2.198479
-2.174006
-2.166745
-2.097577
-2.044703
-1.906150
-1.809124
-1.604808
-1.520916
-1.277291
-2.164705
-2.195724
-2.178664
-2.182091
-2.182312
-2.192247
-2.185919
-2.196920
-2.202826
-2.197986
-2.206074
-2.187493
-2.177436
-2.125299
-2.078193
-1.966458
-1.870691
-1.694992
-1.575219
-1.387364
-1.276736
-2.201681
-2.157135
-2.189720
-2.174751
-2.179843
-2.179698
-2.191210
-2.178941
-2.192186
-2.174014
-2.170496
-2.126112
-2.095938
-1.999001
-1.925168
-1.762533
-1.657931
-1.468822
-1.363772
-1.190340
-2.197862
-2.227217
-2.192090
-2.218896
-2.205142
-2.203548
-2.200925
-2.188818
-2.173810
-2.137715
-2.105460
-2.021655
-1.950659
-1.810027
-1.702200
-1.527888
-1.410459
-1.241302
-1.165328
-2.177087
-2.166972
-2.184168
-2.155802
-2.171699
-2.146192
-2.140470
-2.102021
-2.079528
-2.000984
-1.945920
-1.820265
-1.728162
-1.564584
-1.460177
-1.288002
-1.218117
-1.042326
-2.160725
-2.167737
-2.148372
-2.150077
-2.117208
-2.095375
-2.058097
-1.992111
-1.933535
-1.823889
-1.733273
-1.585700
-1.482722
-1.320364
-1.241568
-1.074835
-1.041415
-2.062215
-2.040569
-2.033425
-1.992758
-1.977369
-1.903639
-1.864268
-1.761607
-1.690277
-1.557271
-1.472512
-1.322396
-1.252909
-1.096136
-1.064167
-0.914908
-1.943523
-1.933193
-1.893689
-1.850004
-1.794650
-1.719728
-1.643706
-1.534615
-1.452561
-1.321075
-1.250378
-1.108998
-1.069400
-0.929596
-0.913664
-1.729033
-1.676173
-1.651586
-1.574565
-1.531087
-1.429581
-1.377856
-1.259068
-1.208912
-1.083904
-1.053310
-0.926205
-0.915907
-0.791844
-1.530056
-1.492915
-1.438983
-1.375851
-1.318779
-1.231251
-1.176968
-1.076014
-1.039860
-0.928146
-0.913137
-0.797132
-0.804901
-1.279203
-1.215828
-1.196245
-1.112135
-1.090647
-0.999259
-0.985080
-0.882805
-0.882634
-0.775968
-0.791239
-0.671085
-1.124000
-1.081271
-1.047647
-0.989351
-0.960313
-0.883122
-0.871450
-0.780692
-0.785235
-0.676511
-0.704566
-0.935903
-0.873452
-0.873806
-0.797498
-0.810294
-0.721871
-0.743373
-0.641642
-0.680231
-0.561024
-0.851727
-0.811572
-0.801441
-0.739170
-0.737091
-0.657165
-0.675779
-0.571300
-0.605405
-0.714598
-0.640618
-0.667951
-0.584362
-0.625876
-0.519881
-0.572752
-0.454592
-0.669997
-0.623615
-0.628604
-0.549090
-0.572565
-0.476614
-0.511579
-0.545365
-0.454661
-0.512859
-0.409477
-0.469649
-0.344353
-0.528718
-0.459649
-0.473000
-0.381986
-0.422472
-0.388943
-0.296185
-0.373959
-0.235544
-0.392169
-0.285458
-0.334608
-0.264937
-0.135074
-0.246894
0.127053
0.036567
0.277777
0.215231
0.424259
0.427606
0.619523
0.665790
0.869776
0.948098
1.160676
1.248074
1.436795
1.499904
1.626882
1.643238
1.714927
1.688812
1.726007
1.683707
1.708500
1.635101
1.645922
1.606162
1.579908
1.602416
1.607738
1.596253
1.603331
1.605892
1.620120
1.619155
1.643354
1.648600
1.669458
1.677539
1.702346
1.696052
1.720556
1.698257
1.702531
1.663679
1.643241
1.570006
1.540154
1.410166
-0.003751
0.199598
0.102501
0.301474
0.225738
0.409459
0.359446
0.530948
0.505634
0.669700
0.658956
0.822629
0.822915
0.972371
0.988721
1.121812
1.126948
1.260216
1.254235
1.346606
1.366012
1.461084
0.127343
0.212608
0.236476
0.334618
0.366467
0.473360
0.507671
0.628851
0.661705
0.797194
0.829782
0.965591
1.002361
1.132391
1.151919
1.285070
1.284313
1.390067
1.397266
1.480241
1.437168
0.160787
0.368464
0.309513
0.488249
0.453405
0.629442
0.614255
0.788244
0.794027
0.958342
0.982575
1.133306
1.154756
1.296738
1.307496
1.415692
1.435766
1.508166
1.508911
1.584047
0.332492
0.382166
0.459522
0.546032
0.613336
0.721187
0.790681
0.911067
0.982508
1.107868
1.165440
1.292288
1.328050
1.431969
1.460351
1.535018
1.537747
1.614365
1.586835
0.368724
0.569493
0.537734
0.721035
0.722074
0.899373
0.924120
1.094412
1.127073
1.285604
1.312096
1.438563
1.463495
1.550462
1.559023
1.630627
1.619203
1.667046
0.543515
0.606715
0.717969
0.806575
0.912386
1.021701
1.120277
1.237474
1.316379
1.418371
1.477768
1.550873
1.580154
1.640611
1.639547
1.683166
1.675371
0.617206
0.807411
0.819006
1.006441
1.040636
1.217363
1.257456
1.407854
1.442674
1.551513
1.567192
1.646990
1.640275
1.690919
1.683876
1.710018
0.801326
0.885644
1.020546
1.118539
1.241830
1.339719
1.440430
1.514360
1.580185
1.632212
1.658752
1.689029
1.699058
1.710956
1.705623
0.907191
1.095630
1.140845
1.316523
1.362973
1.501754
1.531919
1.630930
1.632188
1.694632
1.684550
1.715239
1.697595
1.720433
1.104988
1.196215
1.338611
1.415393
1.527244
1.580589
1.644686
1.672390
1.704060
1.705754
1.715389
1.713898
1.704573
1.220951
1.387160
1.438189
1.568363
1.588078
1.675743
1.669932
1.714586
1.694097
1.720994
1.687376
1.703911
1.405422
1.468968
1.581521
1.617264
1.685544
1.686299
1.721345
1.708234
1.712597
1.695750
1.694197
1.485166
1.607654
1.624471
1.696697
1.685992
1.725132
1.688880
1.710907
1.675041
1.677715
1.617306
1.633044
1.705269
1.693874
1.722596
1.699631
1.710438
1.672320
1.676324
1.643352
1.710173
1.688955
1.726580
1.688676
1.695946
1.659030
1.661325
1.712182
1.693625
1.727090
1.685471
1.704420
1.661277
1.658806
1.694941
1.721237
1.687816
1.694715
1.644324
1.647125
1.729514
1.683258
1.695795
1.651687
1.657496
1.683474
1.695591
1.647004
1.638682
1.698354
1.648896
1.652146
1.642410
1.646779
1.689376
-0.133658
0.076080
0.023832
0.160674
0.140787
0.270580
0.261980
0.397546
0.391604
0.530994
0.532902
0.674687
0.676030
0.826174
0.826274
0.966560
0.975029
1.105207
1.091080
1.232893
1.206682
1.287590
1.276350
-1.053314
-0.971747
-0.853019
-0.764162
-0.690281
-0.604967
-0.527560
-0.448781
-0.361846
-0.274708
-0.178002
-0.078654
0.025052
0.135912
0.247940
0.366390
0.494395
0.614756
0.758791
0.899332
1.022769
1.191598
-0.964534
-0.841764
-0.739192
-0.639439
-0.542454
-0.462641
-0.363928
-0.277623
-0.179191
-0.085273
0.014849
0.114113
0.219293
0.319035
0.433990
0.535502
0.663666
0.782626
0.912932
1.045567
1.195292
-0.988753
-0.877786
-0.774874
-0.701619
-0.611659
-0.535058
-0.452465
-0.366318
-0.275659
-0.179151
-0.076046
0.027316
0.142381
0.254261
0.377811
0.505339
0.633187
0.776655
0.923953
1.059497
-0.869895
-0.757308
-0.650931
-0.556896
-0.468566
-0.374814
-0.281480
-0.186442
-0.086094
0.010883
0.117054
0.219099
0.326964
0.437133
0.550572
0.671881
0.805878
0.931952
1.077208
-0.884449
-0.796029
-0.703098
-0.623054
-0.536887
-0.458832
-0.366725
-0.279199
-0.176969
-0.075989
0.032516
0.145759
0.263620
0.385992
0.518455
0.650245
0.794758
0.954750
-0.774921
-0.660041
-0.567638
-0.474489
-0.381548
-0.286490
-0.189924
-0.088677
0.009680
0.116725
0.221101
0.329017
0.441694
0.557201
0.680649
0.819614
0.949982
-0.797235
-0.714324
-0.620985
-0.544058
-0.456155
-0.371036
-0.276837
-0.179083
-0.071839
0.032428
0.151370
0.267235
0.393655
0.526368
0.662121
0.812274
-0.670915
-0.571503
-0.480702
-0.383261
-0.291325
-0.190104
-0.091497
0.009717
0.114600
0.222613
0.327253
0.444043
0.557357
0.686660
0.824042
-0.711223
-0.623923
-0.539777
-0.457526
-0.367003
-0.279437
-0.175394
-0.073865
0.035965
0.149485
0.272583
0.393252
0.533335
0.666587
-0.574501
-0.481562
-0.385111
-0.291514
-0.190999
-0.090550
0.007559
0.114501
0.219954
0.325487
0.439565
0.556004
0.683986
-0.620085
-0.536131
-0.452437
-0.365460
-0.276130
-0.177019
-0.069795
0.031144
0.153733
0.266972
0.399006
0.526824
-0.476709
-0.387325
-0.287629
-0.192142
-0.086779
0.004172
0.115151
0.214724
0.322315
0.430583
0.551585
-0.531946
-0.444320
-0.361068
-0.275150
-0.173461
-0.073438
0.034285
0.144647
0.272587
0.385909
-0.373798
-0.295262
-0.179692
-0.093510
0.012613
0.104493
0.219603
0.306009
0.429814
-0.440822
-0.351818
-0.273497
-0.174261
-0.069683
0.024232
0.149867
0.256186
-0.270951
-0.195854
-0.070004
-0.006695
0.121943
0.195678
0.315289
-0.349339
-0.268663
-0.173313
-0.075522
0.027550
0.133335
-0.158056
-0.096719
0.027532
0.088948
0.220768
-0.271074
-0.176581
-0.076307
0.011794
-0.037669
-0.008435
0.138191
-0.201302
-0.105029
0.109764
-2.136735
-2.160956
-2.127218
-2.140055
-2.123957
-2.136513
-2.141146
-2.140332
-2.154502
-2.164076
-2.173293
-2.185081
-2.197723
-2.194130
-2.198449
-2.168400
-2.138315
-2.056029
-1.964239
-1.815943
-1.677260
-1.495933
-1.389310
-2.072349
-2.104165
-2.081566
-2.089966
-2.092855
-2.086711
-2.098390
-2.110877
-2.114203
-2.135971
-2.147464
-2.166374
-2.178249
-2.197329
-2.188331
-2.191653
-2.140909
-2.102081
-1.976517
-1.882378
-1.693780
-1.566663
-2.075938
-2.091679
-2.084647
-2.072943
-2.079593
-2.088317
-2.085503
-2.101602
-2.115524
-2.125658
-2.147638
-2.162440
-2.178638
-2.191795
-2.196922
-2.184270
-2.157044
-2.089626
-1.995181
-1.851372
-1.693778
-2.073090
-2.020575
-2.043437
-2.038386
-2.034496
-2.044570
-2.058571
-2.065153
-2.085622
-2.106595
-2.122134
-2.152948
-2.165707
-2.192621
-2.190503
-2.200007
-2.155769
-2.115833
-1.995186
-1.882376
-2.023837
-2.047717
-2.009480
-2.029963
-2.029658
-2.033556
-2.046551
-2.065108
-2.077553
-2.102595
-2.121963
-2.145391
-2.167308
-2.185553
-2.191880
-2.188946
-2.155767
-2.089625
-1.976514
-1.994406
-1.976606
-1.999125
-1.974735
-1.997286
-2.003505
-2.018347
-2.037219
-2.061116
-2.084809
-2.111129
-2.140774
-2.161165
-2.190921
-2.191885
-2.200006
-2.157048
-2.102083
-1.982449
-1.975552
-1.965796
-1.986531
-1.977191
-2.000802
-2.013757
-2.037080
-2.057456
-2.086957
-2.109200
-2.140891
-2.161163
-2.185552
-2.190500
-2.184271
-2.140905
-1.946770
-1.937286
-1.942742
-1.938245
-1.965691
-1.969071
-1.998695
-2.019377
-2.050148
-2.078967
-2.109203
-2.140773
-2.167311
-2.192623
-2.196924
-2.191652
-1.924828
-1.932414
-1.932599
-1.945362
-1.950473
-1.981348
-1.995323
-2.029082
-2.050146
-2.086956
-2.111127
-2.145392
-2.165704
-2.191794
-2.188330
-1.913756
-1.896977
-1.913687
-1.919269
-1.946005
-1.958554
-1.995326
-2.019377
-2.057458
-2.084810
-2.121965
-2.152948
-2.178643
-2.197329
-1.893993
-1.910905
-1.910759
-1.931565
-1.946005
-1.981347
-1.998693
-2.037080
-2.061114
-2.102595
-2.122134
-2.162439
-2.178247
-1.891722
-1.882249
-1.910760
-1.919269
-1.950474
-1.969072
-2.013759
-2.037220
-2.077557
-2.106595
-2.147641
-2.166376
-1.891723
-1.910904
-1.913686
-1.945363
-1.965690
-2.000802
-2.018347
-2.065108
-2.085620
-2.125659
-2.147463
-1.893993
-1.896977
-1.932601
-1.938245
-1.977194
-2.003506
-2.046553
-2.065154
-2.115528
-2.135971
-1.913756
-1.932415
-1.942743
-1.986530
-1.997285
-2.033557
-2.058570
-2.101601
-2.114203
-1.924830
-1.937286
-1.965796
-1.974737
-2.029660
-2.044570
-2.085507
-2.110877
-1.946770
-1.975553
-1.999127
-2.029961
-2.034498
-2.088316
-2.098389
-1.982451
-1.976606
-2.009483
-2.038387
-2.079596
-2.086713
-1.994407
-2.047717
-2.043437
-2.072943
-2.092855
-2.023838
-2.020576
-2.084650
-2.089966
-2.073093
-2.091677
-2.081568
-2.075941
-2.104166
-2.072350
-2.108656
-2.148820
-2.031475
-2.047167
-2.005714
-1.994703
-1.939568
-1.951694
-1.899661
-1.907619
-1.881179
-1.890136
-1.881179
-1.907619
-1.899662
-1.951693
-1.939568
-1.994704
-2.005713
-2.047166
-2.031476
-2.148820
-2.108655
-2.136724
-2.160953
-2.127215
-2.140039
-2.123959
-2.136488
-2.141153
-2.140291
-2.154515
-2.164021
-2.173310
-2.185008
-2.197749
-2.194032
-2.198483
-2.168275
-2.138356
-2.055871
-1.964294
-1.815740
-1.677343
-1.495665
-1.389425
-2.072359
-2.104161
-2.081584
-2.089962
-2.092875
-2.086711
-2.098415
-2.110877
-2.114236
-2.135973
-2.147502
-2.166381
-2.178296
-2.197338
-2.188389
-2.191667
-2.140975
-2.102103
-1.976602
-1.882398
-1.693888
-1.566702
-2.075939
-2.091670
-2.084653
-2.072927
-2.079604
-2.088288
-2.085522
-2.101559
-2.115548
-2.125603
-2.147669
-2.162362
-2.178679
-2.191694
-2.196970
-2.184141
-2.157108
-2.089455
-1.995268
-1.851156
-1.693891
-2.073099
-2.020574
-2.043449
-2.038385
-2.034516
-2.044570
-2.058594
-2.065156
-2.085651
-2.106598
-2.122172
-2.152954
-2.165750
-2.192632
-2.190557
-2.200017
-2.155836
-2.115848
-1.995261
-1.882400
-2.023838
-2.047708
-2.009488
-2.029943
-2.029671
-2.033528
-2.046570
-2.065065
-2.077582
-2.102536
-2.121997
-2.145314
-2.167352
-2.185449
-2.191939
-2.188812
-2.155838
-2.089456
-1.976606
-1.994413
-1.976605
-1.999137
-1.974737
-1.997302
-2.003506
-2.018370
-2.037221
-2.061144
-2.084814
-2.111164
-2.140779
-2.161208
-2.190929
-2.191933
-2.200019
-2.157103
-2.102101
-1.982452
-1.975543
-1.965803
-1.986511
-1.977207
-2.000771
-2.013778
-2.037037
-2.057485
-2.086897
-2.109239
-2.140812
-2.161210
-2.185450
-2.190561
-2.184140
-2.140980
-1.946775
-1.937286
-1.942753
-1.938245
-1.965706
-1.969073
-1.998716
-2.019378
-2.050175
-2.078970
-2.109234
-2.140779
-2.167348
-2.192630
-2.196966
-2.191667
-1.924831
-1.932405
-1.932609
-1.945343
-1.950488
-1.981316
-1.995347
-2.029039
-2.050177
-2.086897
-2.111167
-2.145313
-2.165754
-2.191695
-2.188390
-1.913759
-1.896977
-1.913696
-1.919269
-1.946020
-1.958555
-1.995344
-2.019379
-2.057482
-2.084812
-2.121994
-2.152954
-2.178673
-2.197338
-1.893995
-1.910894
-1.910769
-1.931545
-1.946021
-1.981317
-1.998718
-2.037036
-2.061147
-2.102537
-2.122174
-2.162363
-2.178299
-1.891725
-1.882249
-1.910768
-1.919269
-1.950486
-1.969072
-2.013776
-2.037221
-2.077577
-2.106598
-2.147665
-2.166379
-1.891725
-1.910895
-1.913697
-1.945342
-1.965707
-2.000772
-2.018371
-2.065065
-2.085653
-2.125601
-2.147505
-1.893995
-1.896977
-1.932606
-1.938245
-1.977203
-2.003506
-2.046567
-2.065154
-2.115544
-2.135973
-1.913760
-1.932405
-1.942753
-1.986511
-1.997304
-2.033527
-2.058596
-2.101560
-2.114236
-1.924829
-1.937285
-1.965802
-1.974735
-2.029667
-2.044570
-2.085516
-2.110876
-1.946775
-1.975543
-1.999137
-2.029944
-2.034516
-2.088288
-2.098417
-1.982450
-1.976605
-2.009485
-2.038384
-2.079601
-2.086709
-1.994411
-2.047708
-2.043450
-2.072926
-2.092876
-2.023837
-2.020573
-2.084649
-2.089962
-2.073097
-2.091672
-2.081583
-2.075936
-2.104159
-2.072359
1.629394
1.546024
1.593166
1.512989
1.520953
1.453505
1.461075
1.401690
1.403023
1.363304
1.372190
1.346885
1.372191
1.363302
1.403023
1.401690
1.461074
1.453506
1.520952
1.512989
1.593166
1.546026
1.629392
1.606074
1.579958
1.602156
1.607710
1.596415
1.602729
1.606112
1.620163
1.618688
1.643289
1.649118
1.668405
1.678043
1.702288
1.695637
1.720320
1.698994
1.701256
1.664338
1.642903
1.569855
1.539535
1.410940
1.615418
1.621387
1.581427
1.600784
1.589219
1.605109
1.594005
1.617673
1.620080
1.635168
1.649791
1.668122
1.678787
1.694801
1.709692
1.702641
1.717263
1.682945
1.682677
1.612743
1.590805
1.485054
1.560488
1.542874
1.553566
1.547184
1.543908
1.557473
1.562075
1.573637
1.588116
1.610782
1.619250
1.649972
1.663976
1.685465
1.699084
1.714217
1.706417
1.710135
1.678233
1.656055
1.590806
1.531594
1.565425
1.519175
1.552470
1.532991
1.550990
1.551730
1.576189
1.578001
1.607623
1.622828
1.641525
1.666360
1.681512
1.699796
1.702047
1.713439
1.686155
1.678228
1.612745
1.506561
1.490291
1.501911
1.486839
1.502888
1.510579
1.519214
1.541332
1.559516
1.579668
1.605859
1.634074
1.652455
1.682018
1.698438
1.710038
1.713441
1.710136
1.682680
1.481065
1.496450
1.468842
1.499293
1.477448
1.511794
1.511676
1.538460
1.554151
1.586186
1.600788
1.634113
1.656617
1.674402
1.698434
1.702048
1.706414
1.682944
1.449941
1.440676
1.441909
1.443017
1.460931
1.466411
1.493159
1.514867
1.538265
1.570168
1.599439
1.624846
1.656618
1.682018
1.699799
1.714216
1.717266
1.420662
1.440708
1.422089
1.445828
1.441769
1.479159
1.481624
1.525531
1.541270
1.575201
1.599433
1.634112
1.652451
1.681511
1.699081
1.702641
1.399564
1.388807
1.399764
1.408091
1.426726
1.448725
1.480654
1.502446
1.541264
1.570161
1.600787
1.634073
1.666363
1.685466
1.709693
1.376095
1.398492
1.383197
1.419936
1.424229
1.464108
1.480641
1.525515
1.538250
1.586181
1.605856
1.641526
1.663972
1.694801
1.360057
1.362829
1.378275
1.391279
1.424224
1.448712
1.481609
1.514856
1.554151
1.579672
1.622833
1.649974
1.678789
1.353027
1.379920
1.378272
1.419932
1.426717
1.479150
1.493155
1.538464
1.559519
1.607628
1.619249
1.668120
1.353026
1.362828
1.383198
1.408091
1.441774
1.466418
1.511686
1.541342
1.578007
1.610782
1.649791
1.360055
1.398492
1.399765
1.445834
1.460937
1.511802
1.519218
1.576189
1.588111
1.635166
1.376096
1.388809
1.422090
1.443021
1.477452
1.510579
1.551729
1.573635
1.620077
1.399561
1.440705
1.441905
1.499288
1.502881
1.550985
1.562068
1.617670
1.420661
1.440674
1.468839
1.486837
1.532987
1.557472
1.594005
1.449939
1.496449
1.501907
1.552469
1.543906
1.605108
1.481064
1.490293
1.519177
1.547186
1.589220
1.506561
1.565424
1.553564
1.600784
1.531593
1.542877
1.581425
1.560485
1.621384
1.615418
1.606165
1.579906
1.602417
1.607736
1.596257
1.603329
1.605895
1.620120
1.619156
1.643351
1.648604
1.669455
1.677540
1.702347
1.696055
1.720554
1.698262
1.702530
1.663680
1.643243
1.570009
1.540152
1.410171
1.615352
1.621358
1.581131
1.601084
1.588853
1.604866
1.594247
1.617474
1.619485
1.635894
1.649225
1.667858
1.679182
1.694642
1.708925
1.703537
1.716558
1.682741
1.682912
1.612628
1.590000
1.485733
1.560535
1.543094
1.553531
1.547157
1.544290
1.557480
1.561724
1.574513
1.587737
1.610788
1.619753
1.650082
1.663288
1.686708
1.698402
1.714388
1.706741
1.710468
1.677422
1.657467
1.589999
1.531434
1.565343
1.519232
1.552309
1.532540
1.551522
1.551294
1.575981
1.578407
1.607448
1.622123
1.642428
1.665664
1.681296
1.700176
1.701904
1.712638
1.687083
1.677428
1.612626
1.506729
1.490287
1.501805
1.487355
1.502698
1.510587
1.519707
1.541362
1.558929
1.580719
1.605225
1.634109
1.652895
1.682173
1.697656
1.711396
1.712637
1.710466
1.682909
1.480882
1.496613
1.468524
1.499142
1.477734
1.511655
1.511081
1.539145
1.553484
1.585925
1.601214
1.633943
1.655868
1.675405
1.697661
1.701902
1.706744
1.682743
1.449965
1.440684
1.442248
1.443060
1.460596
1.467133
1.492619
1.514779
1.538702
1.570239
1.598757
1.626109
1.655867
1.682170
1.700174
1.714390
1.716555
1.420633
1.440613
1.421773
1.446268
1.441292
1.478898
1.481972
1.525430
1.540701
1.576198
1.598758
1.633940
1.652897
1.681297
1.698404
1.703536
1.399588
1.389165
1.399575
1.408020
1.427027
1.448782
1.480202
1.503617
1.540692
1.570229
1.601208
1.634110
1.665661
1.686707
1.708925
1.375933
1.398380
1.383363
1.419839
1.423792
1.464947
1.480193
1.525412
1.538691
1.585922
1.605227
1.642429
1.663294
1.694641
1.360195
1.362883
1.377952
1.391981
1.423786
1.448766
1.481953
1.514768
1.553480
1.580722
1.622127
1.650082
1.679180
1.352886
1.380237
1.377952
1.419835
1.427020
1.478891
1.492617
1.539150
1.558941
1.607453
1.619757
1.667860
1.352886
1.362882
1.383362
1.408022
1.441294
1.467140
1.511093
1.541370
1.578411
1.610789
1.649222
1.360195
1.398381
1.399579
1.446274
1.460608
1.511665
1.519716
1.575985
1.587737
1.635892
1.375933
1.389165
1.421777
1.443062
1.477737
1.510588
1.551291
1.574508
1.619484
1.399588
1.440613
1.442247
1.499141
1.502695
1.551518
1.561723
1.617472
1.420633
1.440682
1.468521
1.487349
1.532539
1.557476
1.594245
1.449965
1.496613
1.501807
1.552309
1.544292
1.604870
1.480885
1.490287
1.519234
1.547158
1.588855
1.506731
1.565346
1.553534
1.601085
1.531436
1.543092
1.581134
1.560538
1.621359
1.615353

