Tension at each vertex
1.214988
1.214983
1.214987
1.214963
-0.997560
2.948833
-0.997562
2.948836
0.038250
0.038262
2.644576
2.644590
1.139724
1.030924
0.968414
0.854672
0.782285
0.672749
0.591009
0.486277
0.402123
0.298885
0.213895
0.097434
-0.016226
-0.179457
-0.363504
-0.581636
-0.762696
-0.912932
-0.984106
-1.019705
-1.014641
-1.029656
-0.992700
1.120999
1.006144
0.936967
0.833406
0.748666
0.649023
0.560590
0.461918
0.376228
0.277372
0.186675
0.079138
-0.045669
-0.202569
-0.389942
-0.596386
-0.781515
-0.905501
-0.988709
-1.013742
-1.026395
-0.990557
1.129147
1.013886
0.939988
0.834682
0.752108
0.644712
0.562273
0.455877
0.373081
0.271995
0.181075
0.066980
-0.053915
-0.222766
-0.405758
-0.611339
-0.786957
-0.916679
-0.983740
-1.021930
-1.026393
1.104639
1.004896
0.919495
0.815743
0.731896
0.625651
0.539697
0.440203
0.352075
0.255174
0.164125
0.050112
-0.073815
-0.234278
-0.424093
-0.618494
-0.790303
-0.913090
-0.983739
-1.013745
1.109792
1.010540
0.929014
0.820094
0.734434
0.629510
0.539767
0.438671
0.353400
0.250380
0.160629
0.044812
-0.081639
-0.245626
-0.427364
-0.628253
-0.790295
-0.916684
-0.988704
1.112833
0.990689
0.914380
0.805033
0.717882
0.611931
0.526756
0.422054
0.339417
0.240339
0.148317
0.036975
-0.087406
-0.249558
-0.427364
-0.618498
-0.786955
-0.905502
1.104668
1.012484
0.913365
0.814274
0.721338
0.616534
0.526942
0.427738
0.337440
0.241385
0.148998
0.035274
-0.087390
-0.245632
-0.424080
-0.611341
-0.781506
1.104125
0.986768
0.911524
0.792523
0.712701
0.602053
0.517047
0.414930
0.334536
0.232839
0.148999
0.036962
-0.081639
-0.234280
-0.405755
-0.596390
1.106574
1.004689
0.908128
0.810129
0.709870
0.613372
0.519391
0.421548
0.334540
0.241374
0.148328
0.044812
-0.073801
-0.222773
-0.389918
1.102458
0.986839
0.904584
0.790244
0.710063
0.595702
0.519397
0.414904
0.337433
0.240322
0.160622
0.050091
-0.053899
-0.202584
1.102044
1.003976
0.906200
0.805305
0.710074
0.613370
0.517085
0.427714
0.339408
0.250361
0.164149
0.066956
-0.045645
1.103190
0.983596
0.906191
0.790250
0.709868
0.602058
0.526967
0.422032
0.353386
0.255112
0.181078
0.079113
1.103197
1.003979
0.904591
0.810132
0.712721
0.616539
0.526791
0.438636
0.352064
0.271955
0.186677
1.102034
0.986844
0.908119
0.792531
0.721333
0.611968
0.539783
0.440142
0.373041
0.277286
1.102461
1.004695
0.911523
0.814284
0.717884
0.629560
0.539754
0.455767
0.376247
1.106562
0.986783
0.913344
0.805049
0.734402
0.625744
0.562353
0.461770
1.104116
1.012500
0.914367
0.820123
0.731824
0.644812
0.560678
1.104656
0.990708
0.928973
0.815807
0.752038
0.649064
1.112816
1.010578
0.919453
0.834708
0.748662
1.109766
1.004917
0.939985
0.833403
1.104633
1.013889
0.936958
1.129143
1.006165
1.120979
1.172020
1.178114
1.176298
1.205708
1.174476
1.198959
1.183420
1.198942
1.180376
1.202546
1.181814
1.200639
1.181812
1.202540
1.180372
1.198928
1.183409
1.198946
1.174455
1.205688
1.176297
1.178097
1.172007
1.291317
1.351682
1.468485
1.540139
1.663625
1.758762
1.893776
2.012523
2.161202
2.293482
2.445291
2.565030
2.695370
2.783444
2.870334
2.920187
2.968293
2.980906
3.003497
2.991857
2.996135
2.971628
2.966686
1.290119
1.350353
1.462788
1.549683
1.665020
1.770939
1.902010
2.026417
2.176003
2.308871
2.459840
2.582149
2.704385
2.794599
2.877722
2.923452
2.970900
2.983029
3.002241
2.994217
2.996207
2.982484
1.307499
1.371199
1.485599
1.571149
1.692729
1.794609
1.933071
2.052046
2.205042
2.335665
2.482392
2.600624
2.721729
2.801617
2.885483
2.926057
2.970763
2.981635
3.001977
2.991596
2.996206
1.284796
1.371525
1.476366
1.570250
1.690773
1.797368
1.934974
2.061652
2.210940
2.346566
2.493388
2.609100
2.729503
2.810263
2.887878
2.930516
2.972685
2.982533
3.001977
2.994217
1.295715
1.383355
1.497064
1.586200
1.710628
1.818288
1.955395
2.081659
2.233078
2.361680
2.508596
2.620674
2.735930
2.813695
2.891587
2.928236
2.972684
2.981635
3.002242
1.300079
1.370631
1.490515
1.583556
1.706636
1.817468
1.958274
2.083191
2.237311
2.368777
2.511669
2.625431
2.740006
2.814759
2.891587
2.930516
2.970764
2.983027
1.296022
1.396691
1.498323
1.601780
1.722546
1.833281
1.972498
2.099586
2.246605
2.377665
2.518483
2.626142
2.740004
2.813695
2.887878
2.926055
2.970900
1.297248
1.376769
1.502344
1.589112
1.722350
1.829334
1.971203
2.096823
2.249902
2.374693
2.518484
2.625431
2.735932
2.810261
2.885484
2.923451
1.302347
1.397984
1.505097
1.611703
1.726357
1.844974
1.978311
2.103784
2.249900
2.377665
2.511669
2.620672
2.729502
2.801618
2.877720
1.299752
1.383498
1.504677
1.596490
1.729266
1.830873
1.978311
2.096823
2.246608
2.368775
2.508599
2.609100
2.721729
2.794597
1.300677
1.402138
1.508292
1.611984
1.729266
1.844974
1.971204
2.099582
2.237312
2.361680
2.493387
2.600622
2.704387
1.302365
1.382589
1.508290
1.596490
1.726359
1.829332
1.972501
2.083191
2.233079
2.346565
2.482396
2.582144
1.302370
1.402136
1.504682
1.611698
1.722354
1.833279
1.958275
2.081656
2.210944
2.335661
2.459840
1.300675
1.383496
1.505099
1.589112
1.722548
1.817467
1.955401
2.061648
2.205045
2.308871
1.299759
1.397979
1.502349
1.601773
1.706644
1.818280
1.934978
2.052045
2.176003
1.302348
1.376764
1.498331
1.583551
1.710633
1.797370
1.933073
2.026414
1.297262
1.396679
1.490523
1.586195
1.690777
1.794602
1.902019
1.296028
1.370628
1.497069
1.570245
1.692741
1.770934
1.300090
1.383340
1.476381
1.571136
1.665026
1.295732
1.371515
1.485607
1.549687
1.284803
1.371195
1.462789
1.307503
1.350347
1.290133
1.120295
1.112050
1.028633
0.993851
0.920764
0.874338
0.804082
0.756525
0.684985
0.637710
0.571035
0.523963
0.461110
0.420743
0.360989
0.323164
0.273267
0.237047
0.187670
0.162394
0.115026
0.080859
0.043024
-1.005721
-0.981840
-0.992912
-0.980730
-0.995455
-0.982685
-1.001213
-0.999525
-1.012855
-1.013597
-1.028644
-1.014126
-1.015323
-0.969051
-0.922842
-0.815411
-0.697672
-0.532021
-0.396886
-0.230163
-0.140879
-0.003413
-0.999819
-1.021329
-1.005740
-1.014807
-1.008739
-1.022687
-1.013576
-1.027503
-1.023279
-1.023468
-1.010279
-0.987921
-0.937210
-0.867183
-0.751355
-0.619598
-0.469605
-0.320874
-0.192413
-0.082816
0.017038
-1.035614
-1.010492
-1.030576
-1.017703
-1.025548
-1.017497
-1.027190
-1.007403
-1.010145
-0.974584
-0.946002
-0.871965
-0.789640
-0.658084
-0.536206
-0.374504
-0.259731
-0.126091
-0.037657
0.059045
-1.011518
-1.030447
-1.008488
-1.023534
-1.009457
-1.005656
-0.988236
-0.969880
-0.925074
-0.874582
-0.788672
-0.687249
-0.562066
-0.427244
-0.297271
-0.180620
-0.069544
0.012526
0.091820
-0.984686
-0.975326
-0.984968
-0.956076
-0.957646
-0.919602
-0.892658
-0.830173
-0.770438
-0.663966
-0.570517
-0.433484
-0.328290
-0.199894
-0.108283
-0.004983
0.056873
0.148758
-0.901046
-0.895794
-0.875773
-0.861798
-0.815655
-0.777577
-0.707972
-0.629720
-0.535283
-0.431280
-0.322161
-0.220023
-0.118927
-0.033904
0.043831
0.116765
0.176233
-0.758263
-0.730220
-0.708963
-0.659702
-0.620100
-0.537805
-0.478882
-0.375515
-0.300445
-0.196061
-0.122926
-0.027909
0.027925
0.114876
0.156306
0.233732
-0.552872
-0.530309
-0.488081
-0.440497
-0.382451
-0.316616
-0.243112
-0.171747
-0.096270
-0.027300
0.036682
0.101551
0.156462
0.214310
0.269280
-0.344311
-0.300004
-0.274556
-0.212942
-0.174872
-0.105134
-0.062536
0.010557
0.048661
0.121381
0.155372
0.224713
0.259484
0.328708
-0.156413
-0.124084
-0.089467
-0.050347
-0.007699
0.037894
0.081963
0.129820
0.174353
0.222100
0.268195
0.318475
0.364006
-0.003381
0.034030
0.050790
0.099100
0.118323
0.172092
0.194661
0.251223
0.276295
0.338067
0.363528
0.433124
0.115363
0.142262
0.165549
0.198035
0.229168
0.265241
0.300663
0.342878
0.379606
0.429680
0.470158
0.219765
0.255556
0.268857
0.310939
0.327597
0.378816
0.396300
0.456319
0.477319
0.542618
0.313696
0.339792
0.362257
0.397783
0.424262
0.466759
0.498292
0.545266
0.584489
0.409477
0.448647
0.459032
0.507676
0.522267
0.577775
0.597921
0.660745
0.497071
0.530613
0.551912
0.592954
0.620977
0.667201
0.701102
0.598392
0.639760
0.651517
0.702950
0.720137
0.781898
0.683009
0.721605
0.744056
0.790089
0.819592
0.787402
0.828548
0.842447
0.900774
0.867263
0.912459
0.933151
0.965440
1.017019
1.042816
1.291309
1.351698
1.468469
1.540147
1.663622
1.758762
1.893772
2.012530
2.161195
2.293486
2.445291
2.565030
2.695368
2.783447
2.870331
2.920188
2.968294
2.980905
3.003496
2.991858
2.996134
2.971628
2.966686
2.946407
2.925814
2.937019
2.934962
2.933534
2.931208
2.944192
2.942688
2.953948
2.962446
2.974759
2.977778
2.995025
2.992805
2.998155
2.990771
2.981996
2.954749
2.930786
2.884723
2.837672
2.777506
2.707228
1.318763
1.407666
1.438455
1.528129
1.569153
1.660854
1.708585
1.804572
1.861982
1.958902
2.020595
2.122098
2.180536
2.275788
2.334848
2.415887
2.462475
2.539017
2.570261
2.625859
2.659371
2.704507
1.419810
1.494066
1.551150
1.626134
1.690259
1.771312
1.844487
1.929371
2.007792
2.100151
2.176067
2.265712
2.341349
2.418187
2.481584
2.551852
2.597423
2.649510
2.692668
2.725786
2.744784
1.506879
1.605920
1.654241
1.751955
1.809472
1.911402
1.977660
2.086974
2.154510
2.263355
2.332831
2.429510
2.488936
2.576286
2.619022
2.685796
2.724106
2.768541
2.791631
2.832271
1.623877
1.701690
1.779363
1.864392
1.947632
2.043147
2.129063
2.228671
2.316661
2.407979
2.486519
2.568991
2.629189
2.691233
2.743472
2.782065
2.817123
2.850662
2.865090
1.721722
1.832415
1.897758
2.011419
2.083569
2.201846
2.280124
2.392099
2.465196
2.567760
2.624241
2.705304
2.752446
2.806377
2.837833
2.881821
2.892894
2.922927
1.853520
1.947185
2.041445
2.143394
2.241802
2.343195
2.437714
2.533408
2.611429
2.687808
2.752878
2.801681
2.848357
2.883844
2.908095
2.931562
2.947882
1.972039
2.097403
2.179836
2.302497
2.387041
2.504430
2.577018
2.675585
2.735991
2.805023
2.846488
2.897404
2.916326
2.950911
2.960360
2.978732
2.120619
2.228302
2.336082
2.441859
2.538201
2.630585
2.713436
2.778160
2.839485
2.884267
2.919107
2.945075
2.967025
2.976218
2.987383
2.256489
2.386829
2.473198
2.590949
2.666769
2.757255
2.812827
2.880027
2.908265
2.951821
2.965951
2.987728
2.989751
3.004172
2.408011
2.515329
2.618247
2.702367
2.783748
2.845866
2.896244
2.933423
2.964824
2.977134
2.992298
2.995903
2.998537
2.539737
2.652080
2.728374
2.816951
2.863892
2.923912
2.950012
2.979876
2.987267
3.004161
2.996371
3.001154
2.671148
2.754043
2.829950
2.885323
2.935973
2.959268
2.986408
2.993150
2.999733
2.992287
2.996568
2.767582
2.851259
2.899017
2.947813
2.969594
2.996494
2.993846
3.002327
2.994693
2.987838
2.861720
2.906115
2.955853
2.975483
2.995552
2.993634
3.002687
2.982686
2.981486
2.916060
2.962874
2.978402
2.999133
2.998914
2.996305
2.983040
2.977773
2.965041
2.979173
3.003281
2.991116
2.996779
2.978872
2.968374
2.984578
2.999094
2.995484
2.997159
2.974411
2.964066
3.001960
2.994743
2.993152
2.970996
2.967097
2.992627
2.993514
2.976658
2.958859
2.998341
2.970672
2.962175
2.972451
2.965544
2.978653
1.215551
1.307258
1.337865
1.414879
1.460502
1.533783
1.590921
1.667801
1.728693
1.809958
1.878361
1.959218
2.029352
2.113592
2.178320
2.254999
2.319457
2.383355
2.433153
2.495847
2.530666
2.566672
2.603656
0.155993
0.234180
0.321675
0.408665
0.497479
0.595756
0.694781
0.799885
0.908974
1.017068
1.131214
1.244606
1.358248
1.476763
1.595465
1.716775
1.847455
1.975175
2.111317
2.246732
2.371940
2.500069
0.203333
0.272402
0.378393
0.452174
0.564883
0.646719
0.770079
0.860219
0.988763
1.086341
1.213732
1.314675
1.445300
1.545573
1.684455
1.790966
1.937324
2.056117
2.206393
2.322244
2.474283
0.216624
0.305499
0.396876
0.487098
0.587491
0.686958
0.794698
0.904096
1.015065
1.129514
1.246017
1.359904
1.481883
1.601022
1.726631
1.857820
1.991380
2.128104
2.270767
2.401676
0.268253
0.346437
0.456676
0.537006
0.654265
0.746432
0.870206
0.969401
1.099543
1.198328
1.331405
1.433730
1.566654
1.676940
1.818161
1.935464
2.091664
2.214064
2.368298
0.294255
0.378886
0.479245
0.575854
0.681176
0.787101
0.901220
1.010836
1.129872
1.245328
1.363674
1.484824
1.609058
1.734617
1.871418
2.007356
2.149291
2.298588
0.345533
0.432036
0.541713
0.632869
0.754846
0.851531
0.980854
1.084041
1.212441
1.318650
1.450723
1.556934
1.697420
1.813177
1.961624
2.094638
2.249448
0.373613
0.466119
0.573690
0.672607
0.786583
0.895908
1.011525
1.127129
1.247797
1.363408
1.489113
1.612016
1.741734
1.879481
2.019849
2.166808
0.436136
0.523727
0.641234
0.739312
0.862069
0.966992
1.096315
1.199714
1.332045
1.439543
1.571766
1.688423
1.830944
1.957704
2.118293
0.466776
0.566093
0.675062
0.781819
0.898613
1.007680
1.129302
1.245043
1.365348
1.487431
1.614715
1.742652
1.884473
2.026641
0.533087
0.628741
0.750781
0.850573
0.979110
1.085166
1.211331
1.320323
1.450811
1.559954
1.699693
1.821082
1.972141
0.571055
0.671922
0.787163
0.896105
1.011390
1.126128
1.247154
1.361433
1.488114
1.611060
1.743187
1.882134
0.642367
0.742064
0.863977
0.970013
1.097440
1.200468
1.330225
1.438290
1.567950
1.685820
1.828676
0.680323
0.787042
0.902447
1.009180
1.129341
1.242913
1.361677
1.481731
1.609434
1.735448
0.758410
0.857372
0.984114
1.088988
1.211220
1.318438
1.445712
1.552741
1.689275
0.796793
0.903369
1.014216
1.126145
1.244327
1.354734
1.479399
1.599006
0.874937
0.978173
1.102514
1.201283
1.326939
1.431317
1.555350
0.912319
1.014090
1.128813
1.239115
1.352725
1.468201
0.995348
1.096357
1.212412
1.314603
1.435153
1.019785
1.125976
1.238017
1.342624
1.112985
1.205721
1.321969
1.122472
1.227084
1.229026
1.172017
1.178115
1.176295
1.205703
1.174479
1.198953
1.183421
1.198940
1.180376
1.202544
1.181819
1.200633
1.181819
1.202539
1.180371
1.198938
1.183410
1.198945
1.174475
1.205686
1.176279
1.178111
1.172006
1.139740
1.030898
0.968402
0.854673
0.782258
0.672682
0.591157
0.486409
0.402035
0.298889
0.213881
0.097453
-0.016251
-0.179438
-0.363505
-0.581630
-0.762700
-0.912925
-0.984111
-1.019706
-1.014641
-1.029660
-0.992703
1.120973
1.006169
0.936952
0.833399
0.748677
0.649045
0.560675
0.461769
0.376256
0.277289
0.186675
0.079114
-0.045645
-0.202584
-0.389927
-0.596394
-0.781510
-0.905513
-0.988706
-1.013751
-1.026398
-0.990561
1.129141
1.013884
0.939994
0.834693
0.752038
0.644809
0.562362
0.455780
0.373038
0.271964
0.181082
0.066962
-0.053898
-0.222763
-0.405745
-0.611341
-0.786949
-0.916683
-0.983740
-1.021931
-1.026395
1.104638
1.004911
0.919453
0.815812
0.731819
0.625731
0.539764
0.440140
0.352055
0.255123
0.164144
0.050096
-0.073802
-0.234291
-0.424081
-0.618503
-0.790301
-0.913095
-0.983741
-1.013752
1.109765
1.010578
0.928970
0.820115
0.734417
0.629554
0.539801
0.438636
0.353386
0.250371
0.160631
0.044810
-0.081624
-0.245621
-0.427358
-0.628246
-0.790294
-0.916685
-0.988704
1.112814
0.990704
0.914374
0.805040
0.717883
0.611968
0.526777
0.422037
0.339400
0.240323
0.148334
0.036962
-0.087401
-0.249561
-0.427360
-0.618506
-0.786954
-0.905508
1.104663
1.012492
0.913346
0.814286
0.721339
0.616550
0.526950
0.427728
0.337428
0.241388
0.148998
0.035287
-0.087385
-0.245626
-0.424076
-0.611334
-0.781513
1.104113
0.986787
0.911519
0.792527
0.712721
0.602064
0.517055
0.414920
0.334529
0.232843
0.149004
0.036949
-0.081635
-0.234282
-0.405761
-0.596387
1.106565
1.004688
0.908128
0.810132
0.709874
0.613384
0.519387
0.421553
0.334539
0.241378
0.148337
0.044828
-0.073810
-0.222756
-0.389923
1.102461
0.986847
0.904581
0.790253
0.710073
0.595705
0.519402
0.414902
0.337434
0.240331
0.160604
0.050094
-0.053902
-0.202586
1.102034
1.003978
0.906200
0.805300
0.710081
0.613373
0.517090
0.427726
0.339390
0.250385
0.164153
0.066963
-0.045653
1.103194
0.983592
0.906194
0.790251
0.709870
0.602060
0.526973
0.422049
0.353381
0.255101
0.181058
0.079129
1.103194
1.003979
0.904584
0.810125
0.712728
0.616540
0.526814
0.438644
0.352059
0.271996
0.186642
1.102031
0.986838
0.908125
0.792518
0.721333
0.611970
0.539820
0.440173
0.372981
0.277284
1.102464
1.004684
0.911513
0.814279
0.717881
0.629556
0.539807
0.455817
0.376233
1.106557
0.986780
0.913340
0.805017
0.734408
0.625738
0.562440
0.461814
1.104113
1.012479
0.914374
0.820103
0.731789
0.644790
0.560817
1.104662
0.990693
0.928956
0.815794
0.752050
0.648936
1.112809
1.010572
0.919458
0.834632
0.748723
1.109763
1.004880
0.940021
0.833349
1.104655
1.013854
0.936950
1.129139
1.006165
1.120972
1.291313
1.351695
1.468466
1.540147
1.663622
1.758760
1.893773
2.012531
2.161195
2.293488
2.445293
2.565032
2.695370
2.783449
2.870332
2.920190
2.968295
2.980908
3.003497
2.991860
2.996134
2.971631
2.966687
1.290113
1.350356
1.462786
1.549681
1.665027
1.770940
1.902015
2.026424
2.176005
2.308877
2.459843
2.582151
2.704388
2.794603
2.877721
2.923455
2.970900
2.983030
3.002242
2.994220
2.996207
2.982486
1.307500
1.371186
1.485610
1.571141
1.692733
1.794611
1.933074
2.052050
2.205048
2.335668
2.482397
2.600629
2.721730
2.801622
2.885485
2.926059
2.970764
2.981639
3.001976
2.991599
2.996207
1.284808
1.371517
1.476365
1.570255
1.690774
1.797373
1.934979
2.061657
2.210944
2.346574
2.493389
2.609106
2.729504
2.810266
2.887878
2.930520
2.972684
2.982536
3.001977
2.994219
1.295715
1.383354
1.497064
1.586194
1.710634
1.818286
1.955399
2.081664
2.233081
2.361685
2.508601
2.620677
2.735933
2.813700
2.891588
2.928239
2.972686
2.981638
3.002242
1.300075
1.370626
1.490521
1.583556
1.706637
1.817476
1.958275
2.083197
2.237315
2.368783
2.511670
2.625438
2.740005
2.814764
2.891588
2.930520
2.970763
2.983032
1.296030
1.396682
1.498323
1.601780
1.722547
1.833281
1.972504
2.099588
2.246609
2.377671
2.518486
2.626146
2.740008
2.813698
2.887879
2.926060
2.970901
1.297246
1.376774
1.502343
1.589114
1.722354
1.829340
1.971203
2.096832
2.249902
2.374700
2.518486
2.625437
2.735931
2.810268
2.885484
2.923455
1.302344
1.397977
1.505101
1.611701
1.726357
1.844979
1.978314
2.103787
2.249906
2.377670
2.511671
2.620678
2.729505
2.801620
2.877724
1.299756
1.383501
1.504674
1.596498
1.729265
1.830878
1.978312
2.096831
2.246606
2.368784
2.508598
2.609106
2.721731
2.794603
1.300672
1.402139
1.508291
1.611982
1.729269
1.844977
1.971204
2.099589
2.237315
2.361683
2.493392
2.600627
2.704388
1.302365
1.382591
1.508290
1.596496
1.726354
1.829341
1.972499
2.083196
2.233080
2.346573
2.482393
2.582154
1.302369
1.402137
1.504676
1.611703
1.722354
1.833280
1.958279
2.081662
2.210943
2.335668
2.459844
1.300670
1.383504
1.505096
1.589115
1.722545
1.817475
1.955394
2.061659
2.205044
2.308876
1.299756
1.397978
1.502347
1.601779
1.706638
1.818288
1.934979
2.052047
2.176008
1.302345
1.376774
1.498319
1.583560
1.710628
1.797372
1.933071
2.026423
1.297249
1.396688
1.490520
1.586196
1.690777
1.794609
1.902013
1.296024
1.370631
1.497062
1.570255
1.692727
1.770943
1.300081
1.383355
1.476366
1.571146
1.665025
1.295711
1.371526
1.485601
1.549684
1.284802
1.371194
1.462788
1.307497
1.350357
1.290116
1.139728
1.030921
0.968408
0.854682
0.782268
0.672743
0.591017
0.486270
0.402143
0.298880
0.213899
0.097438
-0.016224
-0.179456
-0.363496
-0.581632
-0.762696
-0.912931
-0.984104
-1.019710
-1.014639
-1.029660
-0.992703
-0.965385
-0.976632
-0.959855
-0.969689
-0.954439
-0.969414
-0.967644
-0.977788
-0.983020
-1.001680
-1.003471
-1.022502
-1.022909
-1.022675
-0.999797
-0.953977
-0.868385
-0.750931
-0.591271
-0.438747
-0.282690
-0.156224
-0.054112
1.042809
1.017020
0.933149
0.900770
0.819589
0.781899
0.701095
0.660744
0.584481
0.542621
0.470142
0.433127
0.364005
0.328701
0.269271
0.233742
0.176224
0.148765
0.091819
0.059044
0.017039
-0.003410
0.965445
0.912453
0.842447
0.790094
0.720131
0.667203
0.597919
0.545257
0.477344
0.429648
0.363537
0.318467
0.259478
0.214320
0.156299
0.116769
0.056877
0.012524
-0.037654
-0.082814
-0.140883
0.867257
0.828556
0.744042
0.702943
0.620984
0.577770
0.498296
0.456290
0.379623
0.338053
0.268190
0.224721
0.156451
0.114878
0.043832
-0.004982
-0.069544
-0.126087
-0.192418
-0.230158
0.787393
0.721599
0.651540
0.592920
0.522267
0.466769
0.396318
0.342875
0.276286
0.222107
0.155361
0.101553
0.027929
-0.033905
-0.108282
-0.180615
-0.259734
-0.320870
-0.396884
0.683032
0.639739
0.551918
0.507690
0.424227
0.378850
0.300662
0.251228
0.174346
0.121379
0.036685
-0.027911
-0.118929
-0.199888
-0.297276
-0.374501
-0.469605
-0.532022
0.598370
0.530644
0.459019
0.397805
0.327588
0.265240
0.194653
0.129818
0.048660
-0.027301
-0.122929
-0.220017
-0.328293
-0.427241
-0.536205
-0.619600
-0.697670
0.497052
0.448643
0.362255
0.310940
0.229168
0.172096
0.081962
0.010556
-0.096272
-0.196057
-0.322165
-0.433483
-0.562066
-0.658085
-0.751356
-0.815408
0.409476
0.339781
0.268855
0.198035
0.118316
0.037890
-0.062540
-0.171745
-0.300450
-0.431279
-0.570517
-0.687250
-0.789641
-0.867181
-0.922845
0.313687
0.255561
0.165545
0.099101
-0.007700
-0.105130
-0.243116
-0.375513
-0.535284
-0.663968
-0.788674
-0.871963
-0.937215
-0.969049
0.219769
0.142258
0.050789
-0.050348
-0.174879
-0.316617
-0.478884
-0.629723
-0.770441
-0.874581
-0.946007
-0.987920
-1.015324
0.115359
0.034035
-0.089472
-0.212939
-0.382452
-0.537806
-0.707975
-0.830171
-0.925080
-0.974583
-1.010282
-1.014127
-0.003383
-0.124085
-0.274557
-0.440501
-0.620104
-0.777576
-0.892665
-0.969880
-1.010148
-1.023470
-1.028647
-0.156413
-0.300004
-0.488086
-0.659698
-0.815663
-0.919601
-0.988240
-1.007404
-1.023283
-1.013596
-0.344315
-0.530307
-0.708971
-0.861800
-0.957650
-1.005659
-1.027195
-1.027503
-1.012859
-0.552879
-0.730217
-0.875778
-0.956078
-1.009463
-1.017496
-1.013582
-0.999525
-0.758266
-0.895796
-0.984974
-1.023534
-1.025554
-1.022688
-1.001215
-0.901053
-0.975323
-1.008496
-1.017703
-1.008743
-0.982686
-0.984694
-1.030448
-1.030579
-1.014810
-0.995458
-1.011523
-1.010494
-1.005745
-0.980729
-1.035618
-1.021330
-0.992916
-0.999825
-0.981842
-1.005721
1.215550
1.307259
1.337862
1.414878
1.460503
1.533782
1.590921
1.667802
1.728694
1.809959
1.878362
1.959219
2.029354
2.113592
2.178321
2.255000
2.319458
2.383356
2.433154
2.495847
2.530666
2.566672
2.603656
2.978653
2.965545
2.962176
2.958860
2.967098
2.964067
2.968375
2.977774
2.981487
2.987839
2.996569
3.001155
2.998538
3.004172
2.987384
2.978732
2.947882
2.922927
2.865090
2.832271
2.744785
2.704507
2.972453
2.970674
2.976660
2.970997
2.974412
2.978873
2.983042
2.982687
2.994695
2.992288
2.996373
2.995904
2.989752
2.976219
2.960361
2.931563
2.892895
2.850663
2.791632
2.725786
2.659372
2.998341
2.993515
2.993153
2.997159
2.996780
2.996306
3.002688
3.002328
2.999734
3.004161
2.992299
2.987729
2.967026
2.950912
2.908096
2.881821
2.817124
2.768541
2.692668
2.625859
2.992629
2.994745
2.995486
2.991118
2.998916
2.993635
2.993847
2.993152
2.987269
2.977135
2.965953
2.945076
2.916328
2.883845
2.837835
2.782066
2.724107
2.649511
2.570262
3.001961
2.999095
3.003282
2.999134
2.995553
2.996494
2.986410
2.979877
2.964825
2.951822
2.919108
2.897405
2.848359
2.806377
2.743473
2.685796
2.597424
2.539017
2.984581
2.979176
2.978405
2.975484
2.969597
2.959269
2.950014
2.933425
2.908267
2.884268
2.846491
2.801682
2.752448
2.691235
2.619024
2.551852
2.462477
2.965042
2.962875
2.955855
2.947813
2.935975
2.923913
2.896246
2.880028
2.839488
2.805023
2.752880
2.705304
2.629191
2.576286
2.481586
2.415888
2.916063
2.906117
2.899020
2.885324
2.863895
2.845867
2.812830
2.778161
2.735994
2.687810
2.624244
2.568992
2.488938
2.418188
2.334849
2.861722
2.851260
2.829952
2.816952
2.783751
2.757256
2.713439
2.675586
2.611431
2.567761
2.486521
2.429510
2.341350
2.275788
2.767586
2.754045
2.728378
2.702369
2.666773
2.630586
2.577021
2.533409
2.465199
2.407980
2.332834
2.265713
2.180538
2.671151
2.652081
2.618250
2.590950
2.538204
2.504431
2.437717
2.392100
2.316663
2.263355
2.176069
2.122097
2.539742
2.515331
2.473202
2.441860
2.387045
2.343196
2.280128
2.228672
2.154513
2.100152
2.020598
2.408014
2.386830
2.336086
2.302498
2.241805
2.201846
2.129066
2.086974
2.007794
1.958902
2.256495
2.228302
2.179841
2.143395
2.083573
2.043148
1.977663
1.929372
1.861984
2.120623
2.097404
2.041448
2.011420
1.947634
1.911401
1.844489
1.804572
1.972043
1.947186
1.897762
1.864391
1.809476
1.771312
1.708587
1.853524
1.832414
1.779366
1.751955
1.690260
1.660854
1.721726
1.701689
1.654243
1.626134
1.569154
1.623877
1.605921
1.551151
1.528128
1.506880
1.494063
1.438458
1.419813
1.407665
1.318761
1.120296
1.112051
1.028629
0.993854
0.920762
0.874338
0.804082
0.756519
0.684993
0.637714
0.571011
0.524006
0.461062
0.420763
0.360985
0.323158
0.273267
0.237052
0.187666
0.162400
0.115025
0.080857
0.043028
0.136566
0.190618
0.307059
0.364440
0.478799
0.551976
0.669261
0.757120
0.879778
0.974825
1.103267
1.198243
1.329349
1.427643
1.558258
1.663709
1.801718
1.911995
2.064942
2.173666
2.328636
2.426400
2.560595
1.229024
1.227083
1.321971
1.342624
1.435151
1.468202
1.555350
1.599007
1.689274
1.735450
1.828675
1.882135
1.972141
2.026643
2.118293
2.166809
2.249447
2.298589
2.368298
2.401677
2.474282
2.500070
1.122471
1.205721
1.238013
1.314604
1.352724
1.431317
1.479399
1.552742
1.609434
1.685820
1.743188
1.821082
1.884473
1.957705
2.019850
2.094638
2.149292
2.214064
2.270767
2.322244
2.371940
1.112986
1.125976
1.212411
1.239114
1.326939
1.354735
1.445710
1.481731
1.567950
1.611060
1.699692
1.742654
1.830944
1.879481
1.961624
2.007356
2.091664
2.128105
2.206393
2.246732
1.019779
1.096357
1.128810
1.201286
1.244323
1.318439
1.361678
1.438290
1.488114
1.559955
1.614715
1.688423
1.741735
1.813177
1.871418
1.935464
1.991380
2.056117
2.111317
0.995351
1.014090
1.102514
1.126144
1.211222
1.242910
1.330224
1.361435
1.450810
1.487431
1.571767
1.612017
1.697419
1.734618
1.818160
1.857820
1.937324
1.975175
0.912311
0.978178
1.014214
1.088988
1.129338
1.200472
1.247151
1.320324
1.365349
1.439543
1.489113
1.556935
1.609057
1.676940
1.726631
1.790966
1.847455
0.874941
0.903363
0.984117
1.009181
1.097439
1.126127
1.211335
1.245041
1.332045
1.363409
1.450723
1.484824
1.566655
1.601022
1.684455
1.716776
0.796788
0.857381
0.902435
0.970020
1.011390
1.085166
1.129300
1.199717
1.247794
1.318650
1.363675
1.433730
1.481883
1.545573
1.595464
0.758402
0.787038
0.863988
0.896093
0.979115
1.007680
1.096314
1.127128
1.212444
1.245326
1.331406
1.359905
1.445300
1.476763
0.680319
0.742067
0.787155
0.850587
0.898602
0.966997
1.011525
1.084041
1.129870
1.198330
1.246016
1.314675
1.358248
0.642393
0.671901
0.750792
0.781809
0.862082
0.895898
0.980858
1.010836
1.099543
1.129514
1.213733
1.244606
0.570987
0.628796
0.675033
0.739326
0.786573
0.851541
0.901213
0.969404
1.015064
1.086341
1.131213
0.533165
0.566014
0.641283
0.672587
0.754854
0.787096
0.870213
0.904093
0.988764
1.017068
0.466718
0.523796
0.573638
0.632893
0.681173
0.746432
0.794694
0.860222
0.908973
0.436160
0.466081
0.541749
0.575840
0.654262
0.686967
0.770078
0.799885
0.373613
0.432048
0.479224
0.537019
0.587493
0.646710
0.694785
0.345532
0.378877
0.456706
0.487067
0.564901
0.595755
0.294255
0.346447
0.396844
0.452214
0.497455
0.268255
0.305501
0.378403
0.408650
0.216620
0.272400
0.321677
0.203340
0.234179
0.155991
1.139724
1.030906
0.968436
0.854641
0.782295
0.672745
0.590909
0.486340
0.402145
0.298976
0.213878
0.097462
-0.016239
-0.179450
-0.363520
-0.581625
-0.762707
-0.912925
-0.984108
-1.019701
-1.014643
-1.029653
-0.992702
-0.965379
-0.976626
-0.959849
-0.969682
-0.954431
-0.969407
-0.967636
-0.977780
-0.983012
-1.001674
-1.003463
-1.022493
-1.022905
-1.022667
-0.999788
-0.953973
-0.868382
-0.750922
-0.591275
-0.438743
-0.282686
-0.156226
-0.054113
1.042824
1.017014
0.933135
0.900779
0.819589
0.781876
0.701109
0.660734
0.584478
0.542617
0.470160
0.433106
0.364026
0.328697
0.269274
0.233743
0.176225
0.148753
0.091829
0.059038
0.017031
-0.003409
0.965435
0.912468
0.842446
0.790071
0.720143
0.667197
0.597905
0.545273
0.477313
0.429669
0.363540
0.318472
0.259472
0.214329
0.156292
0.116774
0.056875
0.012528
-0.037664
-0.082802
-0.140884
0.867252
0.828525
0.744064
0.702935
0.620957
0.577773
0.498286
0.456301
0.379617
0.338056
0.268187
0.224718
0.156449
0.114877
0.043832
-0.004990
-0.069547
-0.126089
-0.192418
-0.230170
0.787429
0.721596
0.651484
0.592962
0.522259
0.466750
0.396307
0.342881
0.276282
0.222113
0.155355
0.101561
0.027919
-0.033903
-0.108288
-0.180608
-0.259739
-0.320870
-0.396884
0.682963
0.639750
0.551909
0.507648
0.424281
0.378807
0.300663
0.251224
0.174345
0.121377
0.036679
-0.027920
-0.118929
-0.199893
-0.297277
-0.374509
-0.469601
-0.532028
0.598354
0.530589
0.459048
0.397788
0.327597
0.265252
0.194646
0.129822
0.048650
-0.027301
-0.122935
-0.220015
-0.328300
-0.427239
-0.536205
-0.619596
-0.697676
0.497109
0.448650
0.362287
0.310941
0.229172
0.172083
0.081964
0.010544
-0.096273
-0.196067
-0.322166
-0.433489
-0.562063
-0.658090
-0.751356
-0.815408
0.409503
0.339836
0.268855
0.198056
0.118312
0.037895
-0.062551
-0.171744
-0.300458
-0.431276
-0.570521
-0.687246
-0.789644
-0.867172
-0.922846
0.313741
0.255569
0.165558
0.099087
-0.007697
-0.105148
-0.243115
-0.375524
-0.535282
-0.663973
-0.788671
-0.871964
-0.937210
-0.969053
0.219751
0.142283
0.050783
-0.050344
-0.174890
-0.316613
-0.478894
-0.629717
-0.770445
-0.874573
-0.946007
-0.987914
-1.015320
0.115410
0.034005
-0.089463
-0.212957
-0.382452
-0.537817
-0.707969
-0.830177
-0.925072
-0.974586
-1.010273
-1.014128
-0.003411
-0.124066
-0.274580
-0.440492
-0.620112
-0.777570
-0.892667
-0.969871
-1.010147
-1.023460
-1.028647
-0.156402
-0.300029
-0.488074
-0.659715
-0.815651
-0.919608
-0.988230
-1.007407
-1.023275
-1.013597
-0.344330
-0.530300
-0.708981
-0.861788
-0.957656
-1.005648
-1.027196
-1.027493
-1.012859
-0.552869
-0.730230
-0.875767
-0.956084
-1.009450
-1.017501
-1.013572
-0.999528
-0.758278
-0.895786
-0.984976
-1.023524
-1.025555
-1.022678
-1.001216
-0.901040
-0.975332
-1.008483
-1.017708
-1.008733
-0.982689
-0.984696
-1.030438
-1.030581
-1.014800
-0.995459
-1.011514
-1.010497
-1.005735
-0.980733
-1.035618
-1.021323
-0.992916
-0.999817
-0.981843
-1.005722
1.215544
1.307251
1.337874
1.414873
1.460503
1.533792
1.590918
1.667804
1.728700
1.809957
1.878360
1.959228
2.029347
2.113594
2.178325
2.254998
2.319453
2.383365
2.433145
2.495850
2.530669
2.566673
2.603650
2.978653
2.965544
2.962174
2.958861
2.967096
2.964065
2.968376
2.977772
2.981483
2.987841
2.996566
3.001151
2.998540
3.004168
2.987379
2.978734
2.947877
2.922920
2.865093
2.832264
2.744777
2.704507
2.972450
2.970673
2.976656
2.970995
2.974411
2.978872
2.983036
2.982690
2.994690
2.992286
2.996372
2.995904
2.989745
2.976226
2.960354
2.931562
2.892895
2.850664
2.791622
2.725796
2.659364
2.998340
2.993514
2.993153
2.997158
2.996777
2.996308
3.002685
3.002324
2.999736
3.004159
2.992294
2.987731
2.967022
2.950906
2.908098
2.881816
2.817117
2.768542
2.692663
2.625850
2.992627
2.994743
2.995481
2.991119
2.998911
2.993633
2.993846
2.993150
2.987262
2.977139
2.965946
2.945074
2.916327
2.883845
2.837825
2.782074
2.724100
2.649510
2.570262
3.001958
2.999096
3.003280
2.999131
2.995554
2.996493
2.986405
2.979879
2.964821
2.951817
2.919109
2.897401
2.848351
2.806379
2.743467
2.685788
2.597426
2.539011
2.984577
2.979172
2.978402
2.975482
2.969589
2.959271
2.950008
2.933421
2.908265
2.884267
2.846481
2.801688
2.752440
2.691232
2.619023
2.551853
2.462467
2.965042
2.962874
2.955851
2.947815
2.935971
2.923909
2.896247
2.880025
2.839481
2.805025
2.752874
2.705297
2.629192
2.576280
2.481577
2.415889
2.916055
2.906117
2.899014
2.885320
2.863892
2.845865
2.812821
2.778165
2.735986
2.687806
2.624242
2.568991
2.488928
2.418196
2.334842
2.861719
2.851257
2.829952
2.816951
2.783744
2.757258
2.713434
2.675580
2.611432
2.567756
2.486513
2.429512
2.341346
2.275780
2.767581
2.754041
2.728368
2.702369
2.666765
2.630581
2.577019
2.533407
2.465188
2.407986
2.332827
2.265710
2.180539
2.671145
2.652084
2.618246
2.590946
2.538204
2.504428
2.437710
2.392103
2.316659
2.263348
2.176072
2.122093
2.539734
2.515324
2.473198
2.441857
2.387034
2.343199
2.280121
2.228668
2.154513
2.100153
2.020589
2.408015
2.386830
2.336080
2.302502
2.241802
2.201842
2.129069
2.086971
2.007788
1.958906
2.256484
2.228303
2.179833
2.143390
2.083573
2.043147
1.977655
1.929379
1.861980
2.120621
2.097403
2.041452
2.011420
1.947630
1.911408
1.844487
1.804567
1.972041
1.947182
1.897753
1.864397
1.809471
1.771309
1.708591
1.853521
1.832425
1.779366
1.751953
1.690268
1.660853
1.721719
1.701683
1.654247
1.626133
1.569148
1.623888
1.605924
1.551149
1.528139
1.506873
1.494069
1.438454
1.419813
1.407665
1.318771
1.120294
1.112035
1.028647
0.993846
0.920752
0.874345
0.804080
0.756512
0.684991
0.637707
0.571023
0.523969
0.461113
0.420734
0.361004
0.323164
0.273261
0.237065
0.187662
0.162397
0.115035
0.080864
0.043019
0.136564
0.190616
0.307060
0.364446
0.478800
0.551989
0.669255
0.757120
0.879774
0.974830
1.103258
1.198252
1.329345
1.427644
1.558259
1.663715
1.801708
1.912008
2.064936
2.173667
2.328637
2.426404
2.560584
1.229039
1.227078
1.321968
1.342633
1.435147
1.468200
1.555357
1.599001
1.689272
1.735454
1.828669
1.882131
1.972144
2.026634
2.118288
2.166811
2.249438
2.298582
2.368299
2.401668
2.474275
2.500071
1.122467
1.205732
1.238010
1.314603
1.352735
1.431315
1.479400
1.552753
1.609431
1.685824
1.743194
1.821082
1.884471
1.957715
2.019843
2.094641
2.149295
2.214064
2.270762
2.322256
2.371931
1.112974
1.125974
1.212419
1.239108
1.326936
1.354743
1.445704
1.481730
1.567955
1.611054
1.699689
1.742657
1.830935
1.879478
1.961625
2.007348
2.091657
2.128108
2.206382
2.246727
1.019795
1.096349
1.128812
1.201295
1.244321
1.318441
1.361687
1.438289
1.488115
1.559966
1.614710
1.688427
1.741740
1.813178
1.871416
1.935476
1.991373
2.056122
2.111320
0.995341
1.014100
1.102502
1.126144
1.211226
1.242907
1.330222
1.361441
1.450803
1.487431
1.571769
1.612010
1.697415
1.734622
1.818151
1.857817
1.937325
1.975168
0.912309
0.978173
1.014226
1.088983
1.129342
1.200479
1.247150
1.320328
1.365356
1.439543
1.489114
1.556946
1.609052
1.676946
1.726636
1.790967
1.847453
0.874937
0.903360
0.984107
1.009188
1.097429
1.126129
1.211335
1.245038
1.332041
1.363415
1.450714
1.484823
1.566656
1.601016
1.684450
1.716780
0.796794
0.857378
0.902441
0.970015
1.011400
1.085164
1.129304
1.199725
1.247793
1.318656
1.363681
1.433731
1.481883
1.545585
1.595459
0.758391
0.787043
0.863976
0.896099
0.979104
1.007687
1.096304
1.127130
1.212442
1.245324
1.331401
1.359910
1.445291
1.476762
0.680332
0.742054
0.787167
0.850580
0.898610
0.966996
1.011534
1.084041
1.129874
1.198339
1.246014
1.314681
1.358254
0.642359
0.671931
0.750764
0.781823
0.862066
0.895904
0.980847
1.010842
1.099533
1.129516
1.213731
1.244602
0.571046
0.628743
0.675071
0.739307
0.786588
0.851539
0.901219
0.969406
1.015072
1.086341
1.131216
0.533085
0.566085
0.641225
0.672615
0.754831
0.787104
0.870202
0.904094
0.988757
1.017073
0.466779
0.523736
0.573686
0.632872
0.681185
0.746431
0.794702
0.860225
0.908974
0.436122
0.466117
0.541713
0.575847
0.654255
0.686963
0.770069
0.799889
0.373625
0.432039
0.479243
0.537020
0.587489
0.646722
0.694786
0.345524
0.378887
0.456668
0.487088
0.564886
0.595753
0.294256
0.346447
0.396880
0.452182
0.497467
0.268254
0.305496
0.378390
0.408669
0.216623
0.272411
0.321670
0.203325
0.234185
0.155997
1.120297
1.112044
1.028620
0.993839
0.920769
0.874335
0.804081
0.756523
0.684996
0.637720
0.571006
0.524013
0.461066
0.420762
0.360988
0.323170
0.273261
0.237068
0.187660
0.162400
0.115034
0.080862
0.043022
-1.005721
-0.981844
-0.992916
-0.980730
-0.995461
-0.982690
-1.001214
-0.999529
-1.012862
-1.013594
-1.028649
-1.014131
-1.015318
-0.969051
-0.922850
-0.815405
-0.697675
-0.532030
-0.396884
-0.230166
-0.140888
-0.003407
-0.999823
-1.021326
-1.005743
-1.014805
-1.008736
-1.022684
-1.013579
-1.027493
-1.023281
-1.023465
-1.010274
-0.987916
-0.937219
-0.867170
-0.751361
-0.619601
-0.469606
-0.320869
-0.192427
-0.082802
0.017029
-1.035620
-1.010497
-1.030578
-1.017710
-1.025557
-1.017497
-1.027199
-1.007409
-1.010144
-0.974587
-0.946012
-0.871959
-0.789646
-0.658093
-0.536203
-0.374506
-0.259744
-0.126085
-0.037663
0.059039
-1.011518
-1.030446
-1.008490
-1.023524
-1.009459
-1.005652
-0.988231
-0.969876
-0.925080
-0.874569
-0.788677
-0.687250
-0.562065
-0.427239
-0.297287
-0.180606
-0.069551
0.012527
0.091824
-0.984693
-0.975327
-0.984979
-0.956083
-0.957651
-0.919611
-0.892669
-0.830170
-0.770448
-0.663974
-0.570516
-0.433488
-0.328303
-0.199885
-0.108286
-0.004988
0.056875
0.148759
-0.901051
-0.895788
-0.875768
-0.861795
-0.815654
-0.777563
-0.707976
-0.629718
-0.535278
-0.431277
-0.322172
-0.220006
-0.118935
-0.033903
0.043828
0.116778
0.176218
-0.758267
-0.730231
-0.708975
-0.659704
-0.620117
-0.537811
-0.478884
-0.375522
-0.300457
-0.196053
-0.122936
-0.027916
0.027926
0.114884
0.156290
0.233751
-0.552868
-0.530293
-0.488083
-0.440484
-0.382441
-0.316616
-0.243113
-0.171731
-0.096278
-0.027296
0.036684
0.101564
0.156438
0.214336
0.269260
-0.344330
-0.300012
-0.274567
-0.212960
-0.174884
-0.105129
-0.062557
0.010553
0.048658
0.121379
0.155351
0.224729
0.259467
0.328704
-0.156401
-0.124077
-0.089452
-0.050330
-0.007710
0.037901
0.081970
0.129817
0.174342
0.222124
0.268179
0.318476
0.364007
-0.003393
0.034012
0.050752
0.099095
0.118313
0.172074
0.194645
0.251234
0.276271
0.338054
0.363542
0.433115
0.115359
0.142294
0.165557
0.198019
0.229171
0.265250
0.300648
0.342888
0.379628
0.429647
0.470148
0.219722
0.255495
0.268844
0.310931
0.327561
0.378860
0.396317
0.456285
0.477345
0.542620
0.313742
0.339787
0.362230
0.397825
0.424233
0.466780
0.498298
0.545267
0.584483
0.409391
0.448664
0.459033
0.507709
0.522272
0.577775
0.597923
0.660741
0.497150
0.530713
0.551937
0.592939
0.620995
0.667204
0.701099
0.598384
0.639764
0.651556
0.702935
0.720133
0.781901
0.683039
0.721558
0.744038
0.790096
0.819582
0.787379
0.828579
0.842432
0.900766
0.867233
0.912424
0.933160
0.965460
1.017019
1.042793
1.291325
1.351686
1.468472
1.540146
1.663626
1.758761
1.893779
2.012530
2.161201
2.293490
2.445293
2.565036
2.695371
2.783448
2.870334
2.920191
2.968293
2.980909
3.003497
2.991860
2.996134
2.971631
2.966686
2.946409
2.925815
2.937021
2.934965
2.933534
2.931213
2.944191
2.942689
2.953951
2.962448
2.974757
2.977785
2.995023
2.992807
2.998157
2.990773
2.981991
2.954759
2.930781
2.884725
2.837674
2.777509
2.707220
1.318755
1.407670
1.438459
1.528132
1.569152
1.660858
1.708589
1.804571
1.861984
1.958906
2.020594
2.122096
2.180542
2.275782
2.334846
2.415889
2.462469
2.539011
2.570264
2.625850
2.659365
2.704507
1.419816
1.494059
1.551150
1.626137
1.690263
1.771313
1.844491
1.929380
2.007791
2.100157
2.176073
2.265714
2.341347
2.418198
2.481578
2.551855
2.597426
2.649511
2.692663
2.725797
2.744777
1.506876
1.605928
1.654243
1.751957
1.809476
1.911407
1.977660
2.086975
2.154516
2.263351
2.332831
2.429513
2.488931
2.576281
2.619025
2.685788
2.724102
2.768542
2.791624
2.832264
1.623878
1.701687
1.779369
1.864396
1.947633
2.043152
2.129070
2.228673
2.316662
2.407989
2.486516
2.568994
2.629193
2.691234
2.743468
2.782075
2.817117
2.850665
2.865093
1.721727
1.832421
1.897759
2.011424
2.083576
2.201845
2.280126
2.392104
2.465193
2.567758
2.624245
2.705298
2.752443
2.806379
2.837827
2.881816
2.892897
2.922920
1.853522
1.947189
2.041451
2.143396
2.241806
2.343203
2.437713
2.533411
2.611433
2.687809
2.752876
2.801690
2.848352
2.883847
2.908098
2.931564
2.947877
1.972044
2.097406
2.179841
2.302503
2.387041
2.504431
2.577023
2.675582
2.735990
2.805025
2.846484
2.897401
2.916329
2.950906
2.960356
2.978734
2.120624
2.228308
2.336083
2.441863
2.538206
2.630586
2.713436
2.778168
2.839482
2.884269
2.919110
2.945076
2.967022
2.976227
2.987379
2.256492
2.386833
2.473204
2.590948
2.666770
2.757259
2.812824
2.880025
2.908268
2.951817
2.965949
2.987731
2.989747
3.004168
2.408016
2.515330
2.618249
2.702374
2.783746
2.845869
2.896248
2.933424
2.964822
2.977141
2.992294
2.995905
2.998541
2.539742
2.652084
2.728373
2.816952
2.863895
2.923909
2.950011
2.979879
2.987264
3.004158
2.996374
3.001150
2.671147
2.754047
2.829953
2.885323
2.935972
2.959274
2.986405
2.993153
2.999736
2.992288
2.996566
2.767586
2.851258
2.899018
2.947815
2.969593
2.996492
2.993849
3.002324
2.994692
2.987840
2.861721
2.906120
2.955851
2.975485
2.995554
2.993635
3.002686
2.982692
2.981484
2.916060
2.962874
2.978405
2.999131
2.998914
2.996307
2.983039
2.977772
2.965042
2.979175
3.003281
2.991121
2.996777
2.978874
2.968376
2.984580
2.999096
2.995484
2.997158
2.974414
2.964064
3.001958
2.994746
2.993153
2.970997
2.967097
2.992629
2.993513
2.976659
2.958860
2.998341
2.970676
2.962174
2.972452
2.965544
2.978654
1.215548
1.307255
1.337860
1.414876
1.460506
1.533785
1.590921
1.667807
1.728698
1.809961
1.878362
1.959229
2.029349
2.113597
2.178325
2.255001
2.319454
2.383366
2.433146
2.495851
2.530669
2.566674
2.603650
0.155993
0.234186
0.321669
0.408652
0.497443
0.595752
0.694789
0.799889
0.908972
1.017073
1.131215
1.244603
1.358253
1.476763
1.595459
1.716781
1.847452
1.975169
2.111320
2.246728
2.371931
2.500072
0.203329
0.272410
0.378407
0.452223
0.564904
0.646714
0.770068
0.860227
0.988758
1.086342
1.213731
1.314681
1.445291
1.545585
1.684450
1.790968
1.937325
2.056122
2.206383
2.322256
2.474275
0.216618
0.305491
0.396844
0.487057
0.587490
0.686971
0.794698
0.904093
1.015068
1.129516
1.246013
1.359909
1.481883
1.601017
1.726635
1.857818
1.991373
2.128109
2.270762
2.401669
0.268258
0.346462
0.456701
0.537033
0.654255
0.746433
0.870207
0.969408
1.099534
1.198338
1.331402
1.433732
1.566655
1.676946
1.818152
1.935476
2.091658
2.214066
2.368299
0.294252
0.378875
0.479222
0.575835
0.681178
0.787099
0.901213
1.010840
1.129872
1.245324
1.363679
1.484824
1.609052
1.734623
1.871416
2.007350
2.149295
2.298584
0.345528
0.432056
0.541748
0.632898
0.754843
0.851545
0.980853
1.084042
1.212441
1.318656
1.450715
1.556946
1.697416
1.813180
1.961626
2.094642
2.249439
0.373615
0.466079
0.573635
0.672591
0.786579
0.895897
1.011529
1.127130
1.247792
1.363414
1.489113
1.612013
1.741739
1.879480
2.019844
2.166813
0.436154
0.523803
0.641279
0.739325
0.862076
0.967002
1.096306
1.199725
1.332041
1.439545
1.571768
1.688429
1.830937
1.957716
2.118289
0.466721
0.566009
0.675038
0.781815
0.898602
1.007684
1.129302
1.245039
1.365353
1.487432
1.614712
1.742658
1.884472
2.026638
0.533162
0.628802
0.750782
0.850591
0.979111
1.085167
1.211333
1.320329
1.450805
1.559965
1.699690
1.821085
1.972144
0.570982
0.671906
0.787161
0.896094
1.011394
1.126128
1.247150
1.361438
1.488114
1.611057
1.743192
1.882134
0.642390
0.742067
0.863983
0.970023
1.097433
1.200477
1.330222
1.438293
1.567952
1.685826
1.828671
0.680326
0.787041
0.902438
1.009183
1.129340
1.242910
1.361681
1.481732
1.609433
1.735453
0.758396
0.857384
0.984112
1.088991
1.211220
1.318443
1.445707
1.552750
1.689274
0.796792
0.903365
1.014216
1.126144
1.244324
1.354736
1.479401
1.599005
0.874936
0.978176
1.102512
1.201287
1.326938
1.431319
1.555352
0.912316
1.014089
1.128810
1.239114
1.352725
1.468203
0.995344
1.096358
1.212409
1.314605
1.435152
1.019777
1.125974
1.238016
1.342621
1.112993
1.205711
1.321976
1.122470
1.227083
1.229023
-0.965381
-0.976628
-0.959853
-0.969687
-0.954435
-0.969414
-0.967641
-0.977786
-0.983018
-1.001680
-1.003466
-1.022503
-1.022907
-1.022673
-0.999795
-0.953979
-0.868380
-0.750933
-0.591271
-0.438745
-0.282689
-0.156228
-0.054107
-0.929090
-0.951706
-0.922285
-0.938652
-0.930461
-0.937423
-0.938661
-0.957905
-0.957220
-0.982760
-0.990043
-1.011076
-1.014874
-1.028784
-1.005177
-0.982053
-0.892831
-0.792367
-0.623918
-0.477009
-0.302049
-0.184096
-0.908337
-0.916099
-0.908975
-0.904825
-0.905064
-0.918477
-0.914125
-0.935938
-0.944026
-0.964346
-0.978247
-1.004870
-1.011327
-1.028779
-1.013765
-0.992131
-0.914144
-0.807719
-0.644615
-0.480069
-0.302048
-0.894198
-0.878181
-0.873049
-0.884113
-0.870980
-0.890316
-0.893681
-0.911307
-0.923060
-0.951351
-0.961535
-0.994003
-1.005854
-1.026347
-1.015419
-1.000668
-0.919492
-0.819429
-0.644610
-0.477012
-0.854742
-0.866239
-0.842409
-0.856651
-0.855379
-0.865861
-0.874052
-0.898473
-0.907561
-0.939537
-0.956583
-0.985856
-1.003416
-1.024886
-1.016462
-1.001524
-0.919492
-0.807722
-0.623921
-0.826191
-0.827717
-0.824915
-0.825720
-0.829097
-0.848205
-0.852633
-0.880987
-0.896689
-0.926603
-0.948702
-0.981857
-0.999132
-1.025653
-1.016458
-1.000670
-0.914142
-0.792365
-0.807921
-0.805383
-0.797231
-0.813393
-0.808552
-0.832582
-0.843031
-0.870069
-0.889524
-0.923517
-0.944780
-0.981629
-0.999132
-1.024888
-1.015421
-0.992129
-0.892835
-0.780061
-0.785224
-0.776340
-0.789498
-0.796551
-0.815715
-0.832213
-0.862402
-0.883543
-0.920598
-0.944778
-0.981858
-1.003414
-1.026345
-1.013764
-0.982053
-0.759008
-0.767546
-0.763999
-0.778857
-0.785103
-0.812555
-0.826873
-0.862712
-0.883542
-0.923518
-0.948703
-0.985855
-1.005856
-1.028779
-1.005176
-0.746899
-0.750095
-0.751417
-0.768697
-0.779465
-0.806585
-0.826872
-0.862402
-0.889524
-0.926601
-0.956582
-0.994003
-1.011324
-1.028783
-0.733701
-0.746665
-0.746053
-0.768560
-0.779463
-0.812556
-0.832213
-0.870069
-0.896690
-0.939538
-0.961534
-1.004871
-1.014875
-0.728710
-0.739246
-0.746054
-0.768698
-0.785104
-0.815714
-0.843031
-0.880986
-0.907558
-0.951350
-0.978245
-1.011073
-0.728708
-0.746665
-0.751416
-0.778856
-0.796550
-0.832582
-0.852632
-0.898473
-0.923060
-0.964344
-0.990044
-0.733703
-0.750095
-0.764001
-0.789498
-0.808552
-0.848205
-0.874051
-0.911304
-0.944025
-0.982759
-0.746897
-0.767545
-0.776338
-0.813393
-0.829096
-0.865860
-0.893681
-0.935939
-0.957218
-0.759008
-0.785224
-0.797231
-0.825719
-0.855378
-0.890315
-0.914122
-0.957903
-0.780059
-0.805381
-0.824913
-0.856650
-0.870978
-0.918476
-0.938661
-0.807921
-0.827717
-0.842407
-0.884112
-0.905063
-0.937420
-0.826188
-0.866237
-0.873048
-0.904823
-0.930460
-0.854743
-0.878179
-0.908973
-0.938651
-0.894195
-0.916098
-0.922283
-0.908335
-0.951704
-0.929089
-0.959932
-0.952883
-0.896808
-0.874994
-0.852457
-0.822929
-0.792715
-0.780131
-0.755190
-0.744674
-0.734697
-0.733897
-0.734697
-0.744675
-0.755189
-0.780132
-0.792716
-0.822931
-0.852457
-0.874997
-0.896806
-0.952888
-0.959932
-0.965385
-0.976630
-0.959852
-0.969687
-0.954437
-0.969408
-0.967642
-0.977784
-0.983014
-1.001677
-1.003471
-1.022492
-1.022910
-1.022672
-0.999791
-0.953973
-0.868390
-0.750922
-0.591278
-0.438747
-0.282690
-0.156223
-0.054119
-0.929091
-0.951706
-0.922287
-0.938653
-0.930463
-0.937424
-0.938663
-0.957907
-0.957222
-0.982759
-0.990047
-1.011075
-1.014872
-1.028785
-1.005178
-0.982049
-0.892838
-0.792369
-0.623920
-0.477018
-0.302056
-0.184094
-0.908332
-0.916095
-0.908970
-0.904819
-0.905058
-0.918472
-0.914119
-0.935931
-0.944023
-0.964339
-0.978240
-1.004866
-1.011322
-1.028768
-1.013764
-0.992123
-0.914138
-0.807719
-0.644616
-0.480060
-0.302056
-0.894198
-0.878181
-0.873051
-0.884114
-0.870982
-0.890317
-0.893685
-0.911307
-0.923060
-0.951353
-0.961537
-0.994000
-1.005858
-1.026346
-1.015416
-1.000672
-0.919495
-0.819427
-0.644622
-0.477015
-0.854740
-0.866235
-0.842404
-0.856646
-0.855375
-0.865857
-0.874047
-0.898470
-0.907557
-0.939530
-0.956582
-0.985850
-1.003409
-1.024883
-1.016458
-1.001513
-0.919495
-0.807716
-0.623917
-0.826192
-0.827718
-0.824917
-0.825721
-0.829098
-0.848207
-0.852635
-0.880986
-0.896693
-0.926603
-0.948701
-0.981860
-0.999134
-1.025648
-1.016464
-1.000669
-0.914141
-0.792373
-0.807918
-0.805380
-0.797228
-0.813391
-0.808550
-0.832577
-0.843031
-0.870066
-0.889520
-0.923515
-0.944778
-0.981620
-0.999133
-1.024881
-1.015413
-0.992127
-0.892834
-0.780062
-0.785225
-0.776341
-0.789498
-0.796554
-0.815717
-0.832213
-0.862405
-0.883545
-0.920596
-0.944782
-0.981859
-1.003411
-1.026349
-1.013766
-0.982048
-0.759006
-0.767544
-0.763999
-0.778854
-0.785101
-0.812554
-0.826872
-0.862707
-0.883544
-0.923514
-0.948699
-0.985853
-1.005855
-1.028768
-1.005180
-0.746899
-0.750096
-0.751418
-0.768700
-0.779466
-0.806585
-0.826876
-0.862404
-0.889523
-0.926605
-0.956584
-0.993999
-1.011329
-1.028784
-0.733701
-0.746664
-0.746053
-0.768557
-0.779465
-0.812554
-0.832211
-0.870068
-0.896690
-0.939530
-0.961537
-1.004866
-1.014869
-0.728710
-0.739246
-0.746056
-0.768699
-0.785103
-0.815718
-0.843033
-0.880985
-0.907562
-0.951353
-0.978242
-1.011078
-0.728709
-0.746664
-0.751416
-0.778856
-0.796552
-0.832578
-0.852635
-0.898471
-0.923058
-0.964343
-0.990046
-0.733702
-0.750097
-0.764001
-0.789498
-0.808554
-0.848207
-0.874049
-0.911309
-0.944027
-0.982757
-0.746898
-0.767544
-0.776341
-0.813392
-0.829096
-0.865860
-0.893684
-0.935931
-0.957223
-0.759009
-0.785225
-0.797230
-0.825722
-0.855379
-0.890315
-0.914124
-0.957907
-0.780060
-0.805382
-0.824916
-0.856647
-0.870982
-0.918475
-0.938660
-0.807921
-0.827717
-0.842409
-0.884114
-0.905061
-0.937426
-0.826192
-0.866238
-0.873049
-0.904823
-0.930464
-0.854742
-0.878182
-0.908975
-0.938651
-0.894198
-0.916097
-0.922287
-0.908337
-0.951707
-0.929090
2.940304
2.899032
2.893258
2.846317
2.835981
2.785752
2.770212
2.729416
2.709720
2.679842
2.677776
2.658087
2.677776
2.679843
2.709720
2.729417
2.770212
2.785753
2.835981
2.846318
2.893258
2.899035
2.940304
2.946408
2.925816
2.937020
2.934964
2.933536
2.931209
2.944193
2.942689
2.953949
2.962447
2.974760
2.977779
2.995026
2.992806
2.998155
2.990771
2.981997
2.954749
2.930787
2.884724
2.837673
2.777505
2.707229
2.928613
2.931874
2.911648
2.916603
2.918088
2.919681
2.922362
2.935626
2.942782
2.952332
2.969688
2.978218
2.989627
2.998222
3.003292
2.995113
2.992838
2.963034
2.942868
2.892138
2.852500
2.775680
2.897456
2.880657
2.892647
2.877861
2.885848
2.888967
2.899705
2.902491
2.925557
2.931873
2.951565
2.964343
2.982992
2.985904
3.001391
2.993028
2.990251
2.965615
2.944675
2.896776
2.852500
2.874736
2.871866
2.857299
2.868878
2.863157
2.871059
2.883375
2.895100
2.908313
2.929267
2.946731
2.960659
2.982370
2.990583
3.000781
2.998444
2.993998
2.967564
2.944675
2.892138
2.842662
2.829740
2.833470
2.821775
2.840748
2.838955
2.857688
2.870481
2.894981
2.905707
2.938106
2.949744
2.974580
2.983164
3.001121
2.992088
2.993998
2.965615
2.942868
2.813713
2.809609
2.805672
2.810738
2.811220
2.830940
2.843354
2.861733
2.886851
2.908652
2.930309
2.954352
2.975809
2.986418
3.001121
2.998444
2.990251
2.963035
2.786323
2.768317
2.774003
2.773746
2.792810
2.796829
2.829650
2.843205
2.874379
2.895376
2.929380
2.942830
2.975809
2.983164
3.000781
2.993029
2.992838
2.751216
2.753778
2.750090
2.759111
2.774796
2.796294
2.815308
2.846863
2.873664
2.899297
2.929380
2.954352
2.974581
2.990583
3.001392
2.995113
2.726229
2.711833
2.729728
2.732533
2.757683
2.775956
2.812726
2.830640
2.873664
2.895376
2.930309
2.949744
2.982370
2.985905
3.003292
2.702496
2.705342
2.708928
2.732714
2.753273
2.780139
2.812726
2.846863
2.874379
2.908652
2.938107
2.960659
2.982992
2.998223
2.681173
2.681432
2.703549
2.713845
2.753274
2.775956
2.815308
2.843205
2.886851
2.905707
2.946731
2.964344
2.989628
2.675271
2.684337
2.703549
2.732713
2.757682
2.796294
2.829650
2.861733
2.894981
2.929267
2.951566
2.978219
2.675272
2.681432
2.708929
2.732533
2.774796
2.796830
2.843355
2.870482
2.908314
2.931874
2.969689
2.681172
2.705342
2.729728
2.759111
2.792811
2.830940
2.857688
2.895101
2.925558
2.952332
2.702498
2.711834
2.750091
2.773747
2.811220
2.838956
2.883376
2.902492
2.942782
2.726228
2.753779
2.774003
2.810738
2.840748
2.871059
2.899705
2.935627
2.751217
2.768317
2.805673
2.821776
2.863158
2.888968
2.922362
2.786323
2.809609
2.833470
2.868878
2.885848
2.919682
2.813714
2.829742
2.857299
2.877863
2.918088
2.842663
2.871866
2.892648
2.916604
2.874738
2.880659
2.911649
2.897457
2.931875
2.928614
2.946406
2.925813
2.937019
2.934962
2.933532
2.931211
2.944189
2.942688
2.953949
2.962446
2.974755
2.977784
2.995021
2.992806
2.998156
2.990772
2.981990
2.954758
2.930780
2.884725
2.837673
2.777509
2.707219
2.928614
2.931875
2.911648
2.916604
2.918087
2.919680
2.922363
2.935625
2.942779
2.952334
2.969685
2.978216
2.989629
2.998220
3.003287
2.995116
2.992833
2.963030
2.942869
2.892133
2.852492
2.775683
2.897457
2.880660
2.892648
2.877863
2.885850
2.888969
2.899703
2.902495
2.925555
2.931874
2.951567
2.964345
2.982988
2.985912
3.001387
2.993030
2.990253
2.965617
2.944668
2.896787
2.852492
2.874737
2.871866
2.857299
2.868877
2.863155
2.871060
2.883373
2.895098
2.908314
2.929265
2.946727
2.960662
2.982366
2.990580
3.000783
2.998440
2.993992
2.967567
2.944667
2.892133
2.842664
2.829743
2.833470
2.821778
2.840747
2.838955
2.857689
2.870482
2.894978
2.905712
2.938103
2.949745
2.974583
2.983166
3.001116
2.992097
2.993993
2.965617
2.942870
2.813713
2.809609
2.805670
2.810736
2.811220
2.830939
2.843351
2.861736
2.886848
2.908650
2.930310
2.954350
2.975804
2.986422
3.001115
2.998440
2.990252
2.963029
2.786323
2.768317
2.774004
2.773746
2.792809
2.796834
2.829649
2.843206
2.874380
2.895377
2.929376
2.942836
2.975805
2.983166
3.000784
2.993030
2.992833
2.751215
2.753776
2.750087
2.759112
2.774794
2.796293
2.815308
2.846862
2.873659
2.899300
2.929375
2.954350
2.974582
2.990580
3.001386
2.995116
2.726228
2.711834
2.729726
2.732532
2.757682
2.775955
2.812721
2.830643
2.873659
2.895377
2.930311
2.949745
2.982366
2.985912
3.003287
2.702495
2.705340
2.708927
2.732710
2.753266
2.780138
2.812720
2.846862
2.874379
2.908650
2.938102
2.960662
2.982987
2.998220
2.681173
2.681432
2.703544
2.713844
2.753267
2.775954
2.815309
2.843205
2.886849
2.905712
2.946728
2.964344
2.989630
2.675270
2.684337
2.703544
2.732710
2.757681
2.796293
2.829648
2.861736
2.894977
2.929265
2.951566
2.978216
2.675270
2.681432
2.708928
2.732532
2.774795
2.796833
2.843352
2.870481
2.908315
2.931873
2.969686
2.681172
2.705340
2.729726
2.759112
2.792808
2.830938
2.857688
2.895098
2.925554
2.952334
2.702495
2.711834
2.750087
2.773745
2.811220
2.838954
2.883373
2.902494
2.942779
2.726228
2.753776
2.774003
2.810736
2.840745
2.871060
2.899702
2.935625
2.751216
2.768316
2.805670
2.821777
2.863155
2.888967
2.922364
2.786322
2.809609
2.833469
2.868877
2.885848
2.919680
2.813713
2.829741
2.857299
2.877861
2.918087
2.842662
2.871866
2.892645
2.916604
2.874736
2.880658
2.911648
2.897456
2.931874
2.928614

