Tension at each vertex
0.837353
0.837357
0.837367
0.837383
-1.389877
2.619470
-1.389882
2.619471
-0.359141
-0.359118
2.276336
2.276370
0.762922
0.652734
0.591652
0.476077
0.403442
0.292556
0.208792
0.101041
0.014537
-0.093221
-0.181113
-0.300433
-0.415971
-0.577771
-0.756879
-0.968753
-1.142613
-1.289661
-1.362465
-1.401258
-1.399290
-1.418252
-1.383588
0.744048
0.628953
0.559394
0.456102
0.369861
0.268798
0.178952
0.077018
-0.011572
-0.113483
-0.208471
-0.318008
-0.444805
-0.600469
-0.783475
-0.981838
-1.161162
-1.282519
-1.366427
-1.395141
-1.411223
-1.378531
0.752124
0.636231
0.562666
0.455883
0.373589
0.263399
0.179411
0.070002
-0.016194
-0.121091
-0.214334
-0.332646
-0.453842
-0.620985
-0.799564
-0.997847
-1.166582
-1.294524
-1.362401
-1.402958
-1.411223
0.727246
0.627883
0.542442
0.438084
0.352825
0.245801
0.156943
0.054777
-0.036509
-0.137333
-0.231889
-0.347671
-0.474221
-0.632040
-0.817199
-1.004657
-1.170316
-1.289937
-1.362394
-1.395146
0.732908
0.632532
0.551572
0.441708
0.355177
0.247749
0.156885
0.051545
-0.036729
-0.142786
-0.237169
-0.354012
-0.482497
-0.643949
-0.820825
-1.013783
-1.170314
-1.294528
-1.366429
0.735476
0.614074
0.536840
0.427341
0.339095
0.231328
0.143443
0.036604
-0.050834
-0.152340
-0.248459
-0.362084
-0.486823
-0.647301
-0.820814
-1.004661
-1.166576
-1.282518
0.727350
0.634437
0.536195
0.435287
0.341874
0.234860
0.143050
0.040260
-0.052679
-0.153050
-0.248072
-0.365035
-0.486821
-0.643953
-0.817199
-0.997843
-1.161164
0.727045
0.609835
0.533924
0.415231
0.333246
0.221295
0.133616
0.028634
-0.055897
-0.160001
-0.248055
-0.362093
-0.482488
-0.632033
-0.799556
-0.981842
0.729242
0.626916
0.530444
0.431032
0.330644
0.231071
0.135356
0.034229
-0.055900
-0.153069
-0.248472
-0.354006
-0.474223
-0.620988
-0.783462
0.724976
0.609979
0.527281
0.412531
0.330459
0.215256
0.135354
0.028618
-0.052691
-0.152344
-0.237170
-0.347685
-0.453819
-0.600475
0.724977
0.625746
0.528473
0.426541
0.330456
0.231085
0.133592
0.040241
-0.050867
-0.142823
-0.231886
-0.332659
-0.444804
0.725717
0.607127
0.528469
0.412542
0.330654
0.221325
0.143037
0.036562
-0.036728
-0.137369
-0.214342
-0.318010
0.725710
0.625752
0.527281
0.431032
0.333257
0.234892
0.143450
0.051488
-0.036561
-0.121113
-0.208476
0.724978
0.609977
0.530452
0.415246
0.341887
0.231375
0.156901
0.054727
-0.016214
-0.113555
0.724977
0.626919
0.533915
0.435296
0.339116
0.247802
0.156940
0.069923
-0.011600
0.729235
0.609846
0.536199
0.427337
0.355191
0.245930
0.179419
0.076948
0.727039
0.634430
0.536840
0.441714
0.352767
0.263520
0.178978
0.727353
0.614085
0.551553
0.438122
0.373560
0.268882
0.735460
0.632545
0.542422
0.455877
0.369854
0.732898
0.627890
0.562671
0.456111
0.727245
0.636224
0.559377
0.752119
0.628972
0.744036
0.794288
0.799753
0.799155
0.827554
0.797094
0.821007
0.806202
0.820619
0.803544
0.824159
0.804698
0.822568
0.804693
0.824164
0.803541
0.820614
0.806202
0.821010
0.797078
0.827558
0.799154
0.799751
0.794280
0.914239
0.973143
1.091171
1.161707
1.286101
1.380308
1.515618
1.634418
1.784229
1.917359
2.070934
2.193831
2.327417
2.419731
2.510965
2.565223
2.617458
2.634630
2.660632
2.652623
2.659774
2.638213
2.635097
0.913056
0.972675
1.085183
1.172291
1.287830
1.393895
1.524737
1.649120
1.799045
1.933516
2.086331
2.211782
2.337688
2.431863
2.519113
2.569348
2.620676
2.636697
2.659689
2.654675
2.659657
2.648330
0.929941
0.992863
1.107790
1.192556
1.314727
1.416105
1.555182
1.674708
1.828060
1.960024
2.109254
2.230408
2.355210
2.439421
2.527222
2.572163
2.620879
2.635539
2.659255
2.652412
2.659656
0.907169
0.993764
1.098793
1.192865
1.313163
1.420118
1.557177
1.684545
1.834620
1.971812
2.120672
2.240051
2.363635
2.448665
2.530345
2.577088
2.622907
2.636592
2.659252
2.654675
0.918159
1.004707
1.118879
1.207774
1.332445
1.440053
1.577886
1.703882
1.856706
1.986810
2.136075
2.251440
2.370441
2.452145
2.533999
2.574990
2.622905
2.635540
2.659690
0.922460
0.993234
1.112750
1.206151
1.329011
1.440071
1.580694
1.706464
1.861205
1.994520
2.139734
2.256966
2.374550
2.453788
2.533996
2.577089
2.620879
2.636694
0.918144
1.018008
1.120220
1.223280
1.344565
1.455525
1.594853
1.722337
1.870470
2.003157
2.146337
2.257573
2.374549
2.452146
2.530347
2.572161
2.620676
0.919906
0.999269
1.124338
1.211814
1.344452
1.452182
1.593767
1.720667
1.873407
2.001170
2.146336
2.256967
2.370442
2.448661
2.527221
2.569350
0.924426
1.019572
1.126883
1.233264
1.348692
1.467084
1.600534
1.727291
1.873405
2.003158
2.139735
2.251438
2.363635
2.439425
2.519109
0.922086
1.005983
1.126943
1.218909
1.351393
1.454032
1.600534
1.720666
1.870472
1.994517
2.136075
2.240052
2.355206
2.431860
0.923074
1.023604
1.130288
1.233787
1.351393
1.467084
1.593769
1.722336
1.861205
1.986814
2.120668
2.230409
2.337691
0.924570
1.005408
1.130291
1.218907
1.348695
1.452180
1.594854
1.706465
1.856704
1.971809
2.109258
2.211775
0.924572
1.023601
1.126944
1.233265
1.344450
1.455529
1.580692
1.703883
1.834624
1.960023
2.086329
0.923077
1.005983
1.126883
1.211814
1.344566
1.440067
1.577892
1.684540
1.828059
1.933519
0.922082
1.019575
1.124340
1.223279
1.329015
1.440053
1.557175
1.674717
1.799040
0.924433
0.999261
1.120227
1.206147
1.332445
1.420121
1.555180
1.649115
0.919910
1.018011
1.112747
1.207781
1.313161
1.416106
1.524744
0.918144
0.993233
1.118883
1.192858
1.314738
1.393888
0.922465
1.004704
1.098800
1.192556
1.287827
0.918171
0.993757
1.107790
1.172296
0.907167
0.992873
1.085179
0.929945
0.972666
0.913062
0.742480
0.734472
0.651729
0.616148
0.543222
0.496715
0.425783
0.377413
0.305674
0.256719
0.188991
0.140849
0.075845
0.034145
-0.027216
-0.066813
-0.118828
-0.155547
-0.207990
-0.232497
-0.282349
-0.316851
-0.354906
-1.395942
-1.373953
-1.384691
-1.372510
-1.387287
-1.374694
-1.391147
-1.390130
-1.401359
-1.400465
-1.413544
-1.397005
-1.394300
-1.346684
-1.298824
-1.191970
-1.078657
-0.919082
-0.788137
-0.627557
-0.539184
-0.402622
-1.388731
-1.409552
-1.395010
-1.403752
-1.396795
-1.410980
-1.400899
-1.412708
-1.407930
-1.405693
-1.389880
-1.365706
-1.314025
-1.242490
-1.131040
-1.002934
-0.858464
-0.715309
-0.590403
-0.480946
-0.382351
-1.420945
-1.396274
-1.415263
-1.403566
-1.409927
-1.401055
-1.409847
-1.388958
-1.388795
-1.352913
-1.322808
-1.247909
-1.168711
-1.040274
-0.922716
-0.767316
-0.655862
-0.523909
-0.437452
-0.340000
-1.392553
-1.412225
-1.389525
-1.404021
-1.389945
-1.384946
-1.365980
-1.347170
-1.302259
-1.250339
-1.167955
-1.068971
-0.948200
-0.818258
-0.692335
-0.576657
-0.469772
-0.384442
-0.306935
-1.362426
-1.353388
-1.362826
-1.333601
-1.334131
-1.296952
-1.269840
-1.207261
-1.150358
-1.047143
-0.955950
-0.824548
-0.722537
-0.596248
-0.507145
-0.403243
-0.342374
-0.247641
-1.277662
-1.272484
-1.252444
-1.239596
-1.193862
-1.156260
-1.090125
-1.014060
-0.922666
-0.822404
-0.717585
-0.616116
-0.517895
-0.431191
-0.355531
-0.279119
-0.220190
-1.138064
-1.111350
-1.090484
-1.042578
-1.005447
-0.925713
-0.867865
-0.769009
-0.695650
-0.593169
-0.520833
-0.426627
-0.369929
-0.282640
-0.239638
-0.160350
-0.939375
-0.918772
-0.877121
-0.832379
-0.774376
-0.711607
-0.640065
-0.568710
-0.495223
-0.426895
-0.360937
-0.295601
-0.239616
-0.179036
-0.123416
-0.738877
-0.695298
-0.670042
-0.610402
-0.572996
-0.502800
-0.461142
-0.389099
-0.347698
-0.276385
-0.239724
-0.169485
-0.132546
-0.062430
-0.553376
-0.524153
-0.487862
-0.449085
-0.406057
-0.360745
-0.314503
-0.267365
-0.220634
-0.171499
-0.123716
-0.071922
-0.024378
-0.401471
-0.365157
-0.346727
-0.299301
-0.276900
-0.224393
-0.198697
-0.141971
-0.114288
-0.052483
-0.023972
0.045897
-0.281534
-0.254146
-0.229309
-0.196811
-0.163798
-0.126525
-0.089724
-0.046519
-0.007688
0.043398
0.084954
-0.172954
-0.138218
-0.122125
-0.079863
-0.061305
-0.009788
0.010481
0.070278
0.093224
0.159282
-0.076326
-0.049618
-0.025877
0.010472
0.038940
0.081809
0.114462
0.162961
0.202492
0.022967
0.062447
0.075149
0.123424
0.139841
0.195930
0.216988
0.279784
0.113830
0.147205
0.169861
0.211978
0.240327
0.287087
0.321867
0.217219
0.259434
0.271840
0.323288
0.341868
0.402916
0.303440
0.342124
0.366019
0.411623
0.441356
0.409715
0.450488
0.464825
0.523382
0.489495
0.535169
0.555655
0.588137
0.639602
0.665933
0.914238
0.973143
1.091158
1.161706
1.286102
1.380294
1.515619
1.634418
1.784221
1.917358
2.070939
2.193823
2.327419
2.419732
2.510963
2.565221
2.617462
2.634626
2.660634
2.652624
2.659774
2.638212
2.635099
2.617067
2.597551
2.608771
2.607160
2.605392
2.603390
2.615426
2.613748
2.623810
2.631486
2.641907
2.643726
2.658265
2.654197
2.656284
2.646396
2.633757
2.603919
2.575716
2.527086
2.476278
2.413379
2.339831
0.941287
1.029630
1.060542
1.150532
1.191202
1.282524
1.331369
1.426198
1.484646
1.580798
1.643661
1.744354
1.804048
1.899443
1.959053
2.041577
2.088744
2.166492
2.198864
2.255711
2.289844
2.336187
1.042117
1.116108
1.173140
1.247809
1.312907
1.392895
1.466627
1.551573
1.630572
1.722412
1.799760
1.889607
1.965886
2.044545
2.108388
2.180487
2.227192
2.281233
2.324787
2.360214
2.379967
1.128930
1.227705
1.276456
1.373392
1.431450
1.533133
1.599573
1.708255
1.777791
1.886023
1.957034
2.054815
2.115576
2.204387
2.248986
2.317311
2.356967
2.403363
2.427865
2.469213
1.246500
1.323209
1.401309
1.485838
1.569854
1.664573
1.752103
1.851020
1.940892
2.033358
2.113322
2.197675
2.259721
2.324084
2.377587
2.418756
2.455102
2.490296
2.506465
1.344029
1.454150
1.520117
1.632128
1.706181
1.823489
1.903722
2.016204
2.091408
2.195404
2.254454
2.337514
2.386700
2.443060
2.476558
2.521934
2.535436
2.566481
1.476763
1.568202
1.664432
1.765120
1.864839
1.967037
2.063488
2.160815
2.241413
2.320195
2.387467
2.439342
2.488032
2.525683
2.552443
2.577561
2.595330
1.594591
1.719416
1.802212
1.925955
2.011703
2.130532
2.205791
2.306672
2.369796
2.441791
2.485916
2.539028
2.561066
2.597188
2.608955
2.629112
1.743291
1.851124
1.960134
2.067079
2.166209
2.260797
2.346434
2.414445
2.478700
2.526217
2.564327
2.592507
2.616930
2.628477
2.641228
1.880152
2.011299
2.099795
2.219317
2.298107
2.391761
2.450600
2.520598
2.552595
2.598505
2.615673
2.639836
2.644159
2.660436
2.033532
2.142533
2.248003
2.335172
2.419997
2.485215
2.539525
2.579665
2.614278
2.629632
2.647272
2.653338
2.658054
2.167891
2.282776
2.362321
2.453981
2.504993
2.568129
2.597842
2.630954
2.641321
2.660808
2.655691
2.662464
2.302971
2.388787
2.468747
2.527492
2.582012
2.608991
2.639432
2.649260
2.658848
2.653869
2.660372
2.403576
2.490459
2.542224
2.594818
2.620248
2.650452
2.651311
2.662430
2.657511
2.652997
2.501978
2.550286
2.603893
2.627266
2.651168
2.652362
2.664470
2.647315
2.648380
2.560771
2.611225
2.631003
2.655005
2.658365
2.658809
2.648271
2.645342
2.614417
2.632139
2.660179
2.651556
2.660264
2.645186
2.637303
2.637968
2.656035
2.655969
2.660672
2.641052
2.633047
2.659242
2.655591
2.657378
2.638094
2.636715
2.653377
2.657277
2.643477
2.628440
2.662284
2.637877
2.631851
2.638833
2.634683
2.647697
0.837607
0.929607
0.960635
1.036909
1.082742
1.156388
1.213363
1.290015
1.351956
1.432150
1.501699
1.582243
1.652601
1.737221
1.801951
1.880031
1.943666
2.010062
2.059282
2.123740
2.158960
2.196746
2.233698
-0.240569
-0.161041
-0.069141
0.020863
0.112055
0.213507
0.314598
0.420644
0.530843
0.639661
0.753483
0.867111
0.981161
1.099446
1.218455
1.340291
1.470658
1.598532
1.734863
1.870500
1.997034
2.127375
-0.192083
-0.118753
-0.012190
0.066780
0.180606
0.265508
0.389484
0.482276
0.609705
0.709097
0.835709
0.937697
1.067399
1.169696
1.307213
1.415540
1.561013
1.681290
1.830675
1.949073
2.100709
-0.179178
-0.085921
0.008565
0.101233
0.204778
0.306482
0.415196
0.525824
0.637556
0.751833
0.868539
0.982927
1.104672
1.224156
1.350222
1.481137
1.614839
1.752087
1.895103
2.027180
-0.125065
-0.043264
0.069319
0.153782
0.271380
0.366912
0.490792
0.591521
0.720946
0.821577
0.953212
1.057239
1.189721
1.301441
1.441902
1.561073
1.715737
1.839767
1.993776
-0.097797
-0.009409
0.093110
0.193019
0.300488
0.407584
0.522797
0.633392
0.752144
0.867934
0.986672
1.107669
1.232124
1.358095
1.494481
1.630371
1.773014
1.922576
-0.045488
0.045659
0.157181
0.251172
0.373982
0.473324
0.601699
0.706627
0.834450
0.941696
1.073053
1.181256
1.320775
1.438153
1.586045
1.719779
1.873899
-0.015070
0.080339
0.190532
0.292160
0.406866
0.517600
0.633936
0.749496
0.870272
0.986485
1.111952
1.235108
1.365274
1.502388
1.642847
1.790184
0.048527
0.140425
0.258532
0.359648
0.482831
0.589006
0.717808
0.822808
0.953948
1.062807
1.194817
1.312433
1.454348
1.582534
1.741824
0.080840
0.183408
0.294516
0.402478
0.520121
0.630288
0.751557
0.867595
0.988376
1.110316
1.237930
1.366283
1.507593
1.649596
0.149005
0.247281
0.370281
0.472470
0.600299
0.707660
0.833500
0.943106
1.072910
1.183589
1.322162
1.444520
1.595147
0.188273
0.291897
0.407781
0.517914
0.633881
0.748521
0.869604
0.984525
1.110999
1.234223
1.367128
1.505339
0.260434
0.362614
0.485314
0.592170
0.719183
0.823465
0.952105
1.061000
1.190422
1.308518
1.450551
0.300285
0.408187
0.524177
0.631986
0.751654
0.865433
0.984635
1.104444
1.232472
1.359161
0.378588
0.479544
0.605795
0.711411
0.833577
0.940880
1.067702
1.175699
1.311087
0.417899
0.525543
0.636967
0.748696
0.866730
0.977588
1.101814
1.221636
0.496844
0.600413
0.724547
0.824068
0.948911
1.053691
1.177774
0.534374
0.637129
0.751274
0.861580
0.975482
1.090534
0.617438
0.718681
0.834977
0.936862
1.057219
0.642681
0.748579
0.860370
0.965386
0.735303
0.828402
0.944237
0.744960
0.849328
0.852096
0.794293
0.799751
0.799157
0.827561
0.797092
0.821010
0.806208
0.820621
0.803545
0.824168
0.804696
0.822574
0.804699
0.824165
0.803550
0.820622
0.806202
0.821021
0.797087
0.827560
0.799166
0.799758
0.794280
0.762901
0.652737
0.591652
0.476052
0.403416
0.292556
0.208903
0.101034
0.014505
-0.093235
-0.181121
-0.300446
-0.415973
-0.577778
-0.756881
-0.968759
-1.142617
-1.289665
-1.362467
-1.401263
-1.399289
-1.418257
-1.383589
0.744034
0.628967
0.559386
0.456102
0.369852
0.268899
0.178990
0.076949
-0.011593
-0.113548
-0.208465
-0.318015
-0.444797
-0.600473
-0.783463
-0.981843
-1.161161
-1.282524
-1.366427
-1.395148
-1.411223
-1.378533
0.752124
0.636223
0.562669
0.455887
0.373554
0.263518
0.179431
0.069915
-0.016210
-0.121127
-0.214336
-0.332660
-0.453823
-0.620991
-0.799555
-0.997852
-1.166578
-1.294533
-1.362398
-1.402964
-1.411221
0.727242
0.627896
0.542419
0.438119
0.352778
0.245939
0.156935
0.054725
-0.036541
-0.137365
-0.231885
-0.347679
-0.474213
-0.632035
-0.817195
-1.004662
-1.170315
-1.289942
-1.362397
-1.395150
0.732897
0.632544
0.551559
0.441717
0.355183
0.247811
0.156896
0.051492
-0.036737
-0.142819
-0.237165
-0.354011
-0.482487
-0.643952
-0.820817
-1.013790
-1.170312
-1.294535
-1.366425
0.735463
0.614086
0.536833
0.427351
0.339117
0.231366
0.143451
0.036575
-0.050860
-0.152347
-0.248465
-0.362082
-0.486815
-0.647301
-0.820814
-1.004664
-1.166578
-1.282523
0.727349
0.634440
0.536196
0.435295
0.341895
0.234875
0.143057
0.040243
-0.052691
-0.153066
-0.248060
-0.365039
-0.486810
-0.643955
-0.817193
-0.997849
-1.161161
0.727036
0.609847
0.533921
0.415247
0.333264
0.221303
0.133612
0.028630
-0.055908
-0.160008
-0.248055
-0.362086
-0.482487
-0.632033
-0.799557
-0.981845
0.729239
0.626922
0.530450
0.431037
0.330667
0.231070
0.135362
0.034218
-0.055899
-0.153073
-0.248465
-0.354009
-0.474213
-0.620993
-0.783457
0.724973
0.609985
0.527286
0.412540
0.330472
0.215256
0.135360
0.028621
-0.052694
-0.152344
-0.237168
-0.347685
-0.453819
-0.600478
0.724977
0.625752
0.528478
0.426548
0.330473
0.231085
0.133604
0.040246
-0.050860
-0.142832
-0.231878
-0.332667
-0.444797
0.725714
0.607132
0.528473
0.412543
0.330664
0.221331
0.143053
0.036565
-0.036729
-0.137373
-0.214344
-0.318017
0.725710
0.625756
0.527286
0.431039
0.333260
0.234904
0.143473
0.051484
-0.036553
-0.121132
-0.208466
0.724977
0.609980
0.530446
0.415249
0.341890
0.231387
0.156927
0.054737
-0.016215
-0.113573
0.724973
0.626928
0.533910
0.435294
0.339112
0.247840
0.156978
0.069904
-0.011597
0.729227
0.609844
0.536191
0.427338
0.355163
0.245968
0.179521
0.076927
0.727039
0.634433
0.536821
0.441716
0.352749
0.263538
0.179112
0.727337
0.614091
0.551533
0.438097
0.373533
0.268925
0.735451
0.632537
0.542418
0.455864
0.369802
0.732897
0.627883
0.562637
0.456115
0.727227
0.636242
0.559357
0.752101
0.628958
0.744039
0.914233
0.973147
1.091158
1.161708
1.286105
1.380300
1.515620
1.634425
1.784225
1.917364
2.070942
2.193830
2.327421
2.419737
2.510964
2.565225
2.617463
2.634629
2.660633
2.652626
2.659774
2.638213
2.635098
0.913058
0.972669
1.085174
1.172300
1.287826
1.393895
1.524743
1.649124
1.799042
1.933526
2.086332
2.211781
2.337692
2.431865
2.519109
2.569353
2.620676
2.636696
2.659690
2.654676
2.659655
2.648331
0.929928
0.992884
1.107781
1.192566
1.314732
1.416118
1.555179
1.674728
1.828062
1.960034
2.109260
2.230419
2.355207
2.439431
2.527222
2.572166
2.620879
2.635543
2.659251
2.652414
2.659656
0.907157
0.993761
1.098796
1.192864
1.313158
1.420127
1.557178
1.684548
1.834626
1.971817
2.120671
2.240058
2.363637
2.448665
2.530347
2.577091
2.622905
2.636594
2.659254
2.654675
0.918161
1.004714
1.118872
1.207791
1.332443
1.440063
1.577892
1.703895
1.856706
1.986824
2.136078
2.251446
2.370443
2.452152
2.533996
2.574994
2.622907
2.635541
2.659688
0.922450
0.993241
1.112742
1.206151
1.329014
1.440074
1.580693
1.706472
1.861209
1.994523
2.139738
2.256972
2.374550
2.453791
2.533999
2.577090
2.620879
2.636699
0.918136
1.018015
1.120223
1.223289
1.344564
1.455540
1.594856
1.722346
1.870474
2.003168
2.146338
2.257580
2.374552
2.452150
2.530346
2.572167
2.620675
0.919905
0.999268
1.124334
1.211820
1.344452
1.452185
1.593771
1.720674
1.873409
2.001176
2.146341
2.256970
2.370443
2.448668
2.527223
2.569350
0.924422
1.019584
1.126883
1.233271
1.348695
1.467095
1.600536
1.727301
1.873411
2.003165
2.139736
2.251447
2.363636
2.439426
2.519114
0.922079
1.005985
1.126943
1.218913
1.351392
1.454038
1.600538
1.720672
1.870474
1.994525
2.136078
2.240055
2.355213
2.431865
0.923075
1.023609
1.130287
1.233795
1.351395
1.467091
1.593770
1.722346
1.861207
1.986818
2.120675
2.230414
2.337690
0.924566
1.005411
1.130288
1.218911
1.348694
1.452188
1.594855
1.706469
1.856710
1.971815
2.109258
2.211785
0.924570
1.023606
1.126944
1.233272
1.344452
1.455533
1.580697
1.703889
1.834623
1.960032
2.086333
0.923074
1.005988
1.126882
1.211818
1.344568
1.440073
1.577890
1.684551
1.828062
1.933521
0.922082
1.019579
1.124341
1.223284
1.329012
1.440061
1.557178
1.674716
1.799048
0.924428
0.999268
1.120221
1.206155
1.332445
1.420122
1.555185
1.649123
0.919906
1.018015
1.112746
1.207779
1.313165
1.416110
1.524739
0.918140
0.993236
1.118881
1.192866
1.314729
1.393900
0.922462
1.004708
1.098794
1.192563
1.287830
0.918159
0.993769
1.107788
1.172295
0.907167
0.992867
1.085186
0.929943
0.972674
0.913055
0.762915
0.652740
0.591649
0.476069
0.403460
0.292536
0.208797
0.101053
0.014529
-0.093222
-0.181120
-0.300436
-0.415971
-0.577780
-0.756881
-0.968757
-1.142620
-1.289666
-1.362466
-1.401265
-1.399290
-1.418256
-1.383591
-1.359070
-1.370532
-1.353459
-1.363895
-1.348837
-1.362671
-1.361613
-1.370970
-1.374837
-1.392937
-1.393181
-1.409375
-1.408083
-1.404258
-1.378154
-1.330042
-1.244850
-1.129305
-0.976577
-0.829028
-0.678279
-0.554240
-0.453814
0.665936
0.639603
0.555651
0.523382
0.441355
0.402912
0.321873
0.279769
0.202498
0.159297
0.084933
0.045920
-0.024387
-0.062434
-0.123408
-0.160356
-0.220190
-0.247641
-0.306936
-0.340000
-0.382349
-0.402624
0.588129
0.535170
0.464830
0.411619
0.341864
0.287083
0.216996
0.162954
0.093209
0.043416
-0.023984
-0.071927
-0.132538
-0.179041
-0.239639
-0.279117
-0.342375
-0.384443
-0.437451
-0.480948
-0.539183
0.489505
0.450474
0.366017
0.323304
0.240306
0.195920
0.114478
0.070273
-0.007691
-0.052493
-0.123706
-0.169492
-0.239618
-0.282639
-0.355532
-0.403245
-0.469769
-0.523911
-0.590401
-0.627558
0.409705
0.342144
0.271817
0.211981
0.139856
0.081777
0.010501
-0.046533
-0.114279
-0.171507
-0.239728
-0.295600
-0.369930
-0.431194
-0.507142
-0.576659
-0.655861
-0.715309
-0.788137
0.303420
0.259423
0.169887
0.123402
0.038964
-0.009806
-0.089718
-0.141977
-0.220637
-0.276386
-0.360937
-0.426634
-0.517891
-0.596251
-0.692334
-0.767317
-0.858463
-0.919083
0.217245
0.147166
0.075155
0.010464
-0.061302
-0.126531
-0.198697
-0.267370
-0.347697
-0.426903
-0.520830
-0.616118
-0.722537
-0.818258
-0.922716
-1.002935
-1.078657
0.113822
0.062456
-0.025888
-0.079865
-0.163799
-0.224401
-0.314502
-0.389107
-0.495222
-0.593172
-0.717586
-0.824550
-0.948198
-1.040277
-1.131039
-1.191972
0.022977
-0.049627
-0.122117
-0.196823
-0.276896
-0.360753
-0.461141
-0.568714
-0.695651
-0.822406
-0.955949
-1.068974
-1.168710
-1.242492
-1.298825
-0.076320
-0.138227
-0.229311
-0.299307
-0.406059
-0.502804
-0.640067
-0.769013
-0.922665
-1.047147
-1.167954
-1.247911
-1.314025
-1.346686
-0.172951
-0.254153
-0.346725
-0.449092
-0.572996
-0.711612
-0.867863
-1.014065
-1.150358
-1.250341
-1.322810
-1.365708
-1.394299
-0.281531
-0.365162
-0.487865
-0.610406
-0.774377
-0.925718
-1.090125
-1.207264
-1.302260
-1.352916
-1.389880
-1.397008
-0.401472
-0.524157
-0.670041
-0.832386
-1.005447
-1.156264
-1.269842
-1.347174
-1.388795
-1.405696
-1.413544
-0.553376
-0.695305
-0.877121
-1.042582
-1.193865
-1.296956
-1.365980
-1.388962
-1.407931
-1.400467
-0.738873
-0.918777
-1.090486
-1.239600
-1.334131
-1.384951
-1.409847
-1.412709
-1.401360
-0.939380
-1.111353
-1.252445
-1.333606
-1.389946
-1.401057
-1.400900
-1.390132
-1.138063
-1.272491
-1.362826
-1.404024
-1.409928
-1.410983
-1.391146
-1.277664
-1.353390
-1.389528
-1.403568
-1.396795
-1.374696
-1.362428
-1.412229
-1.415262
-1.403757
-1.387287
-1.392554
-1.396278
-1.395011
-1.372510
-1.420944
-1.409555
-1.384691
-1.388734
-1.373955
-1.395940
0.837608
0.929607
0.960639
1.036912
1.082741
1.156392
1.213365
1.290016
1.351958
1.432154
1.501700
1.582246
1.652602
1.737223
1.801952
1.880034
1.943667
2.010064
2.059283
2.123741
2.158960
2.196746
2.233698
2.647696
2.634682
2.631849
2.628439
2.636714
2.633046
2.637302
2.645341
2.648379
2.652997
2.660371
2.662464
2.658054
2.660436
2.641228
2.629113
2.595331
2.566482
2.506465
2.469214
2.379968
2.336187
2.638833
2.637878
2.643477
2.638096
2.641052
2.645187
2.648271
2.647316
2.657511
2.653870
2.655692
2.653339
2.644159
2.628478
2.608956
2.577562
2.535437
2.490298
2.427865
2.360215
2.289844
2.662283
2.657276
2.657376
2.660671
2.660263
2.658809
2.664470
2.662429
2.658848
2.660808
2.647272
2.639836
2.616931
2.597189
2.552443
2.521935
2.455103
2.403364
2.324787
2.255712
2.653378
2.655593
2.655970
2.651558
2.658365
2.652363
2.651312
2.649262
2.641322
2.629634
2.615674
2.592509
2.561067
2.525685
2.476559
2.418758
2.356968
2.281235
2.198864
2.659241
2.656035
2.660178
2.655005
2.651168
2.650452
2.639432
2.630954
2.614278
2.598506
2.564328
2.539029
2.488033
2.443062
2.377588
2.317313
2.227193
2.166494
2.637969
2.632142
2.631004
2.627269
2.620249
2.608993
2.597843
2.579668
2.552597
2.526219
2.485918
2.439345
2.386701
2.324086
2.248987
2.180489
2.088745
2.614417
2.611225
2.603893
2.594819
2.582012
2.568130
2.539525
2.520600
2.478701
2.441793
2.387468
2.337516
2.259723
2.204389
2.108389
2.041579
2.560773
2.550290
2.542226
2.527496
2.504995
2.485219
2.450602
2.414449
2.369798
2.320199
2.254456
2.197678
2.115578
2.044548
1.959054
2.501978
2.490461
2.468748
2.453982
2.419999
2.391763
2.346435
2.306674
2.241414
2.195406
2.113324
2.054817
1.965887
1.899445
2.403578
2.388792
2.362324
2.335177
2.298109
2.260802
2.205794
2.160819
2.091411
2.033362
1.957036
1.889610
1.804050
2.302973
2.282778
2.248005
2.219319
2.166211
2.130534
2.063490
2.016207
1.940893
1.886025
1.799762
1.744356
2.167894
2.142539
2.099799
2.067084
2.011707
1.967042
1.903724
1.851025
1.777793
1.722415
1.643663
2.033535
2.011301
1.960137
1.925958
1.864840
1.823492
1.752105
1.708257
1.630574
1.580800
1.880156
1.851130
1.802214
1.765126
1.706185
1.664577
1.599576
1.551578
1.484647
1.743292
1.719419
1.664435
1.632129
1.569856
1.533135
1.466627
1.426200
1.594594
1.568206
1.520120
1.485843
1.431452
1.392899
1.331372
1.476765
1.454152
1.401309
1.373394
1.312910
1.282523
1.344030
1.323215
1.276459
1.247810
1.191205
1.246502
1.227702
1.173142
1.150534
1.128934
1.116113
1.060542
1.042114
1.029630
0.941291
0.742482
0.734470
0.651733
0.616149
0.543220
0.496717
0.425779
0.377412
0.305680
0.256707
0.188997
0.140851
0.075822
0.034169
-0.027226
-0.066813
-0.118822
-0.155551
-0.207988
-0.232497
-0.282352
-0.316851
-0.354906
-0.263223
-0.202607
-0.085365
-0.024077
0.092332
0.169478
0.286922
0.378155
0.500643
0.597213
0.724728
0.821564
0.950987
1.050935
1.180845
1.287568
1.424533
1.536795
1.688387
1.799446
1.953677
2.054468
2.188037
0.852096
0.849331
0.944234
0.965389
1.057218
1.090534
1.177775
1.221639
1.311086
1.359163
1.450553
1.505340
1.595148
1.649597
1.741825
1.790185
1.873901
1.922576
1.993777
2.027181
2.100709
2.127375
0.744962
0.828405
0.860371
0.936861
0.975485
1.053694
1.101814
1.175702
1.232474
1.308519
1.367130
1.444523
1.507593
1.582536
1.642848
1.719780
1.773015
1.839768
1.895103
1.949073
1.997035
0.735299
0.748579
0.834976
0.861583
0.948908
0.977591
1.067703
1.104443
1.190422
1.234226
1.322161
1.366285
1.454349
1.502389
1.586045
1.630372
1.715738
1.752087
1.830675
1.870500
0.642684
0.718679
0.751274
0.824070
0.866734
0.940879
0.984637
1.061003
1.110999
1.183590
1.237932
1.312433
1.365275
1.438154
1.494482
1.561074
1.614839
1.681290
1.734863
0.617433
0.637133
0.724546
0.748696
0.833576
0.865436
0.952102
0.984527
1.072911
1.110315
1.194818
1.235109
1.320774
1.358095
1.441902
1.481137
1.561013
1.598532
0.534375
0.600407
0.636972
0.711411
0.751652
0.823466
0.869609
0.943104
0.988378
1.062809
1.111953
1.181257
1.232126
1.301441
1.350222
1.415541
1.470658
0.496846
0.525547
0.605786
0.631991
0.719182
0.748520
0.833500
0.867598
0.953946
0.986486
1.073054
1.107668
1.189721
1.224157
1.307213
1.340291
0.417890
0.479547
0.524183
0.592161
0.633887
0.707661
0.751556
0.822809
0.870276
0.941695
0.986673
1.057240
1.104672
1.169697
1.218456
0.378589
0.408179
0.485313
0.517922
0.600289
0.630294
0.717808
0.749495
0.834449
0.867936
0.953211
0.982927
1.067399
1.099446
0.300294
0.362607
0.407784
0.472467
0.520129
0.588998
0.633941
0.706627
0.752144
0.821577
0.868541
0.937696
0.981161
0.260407
0.291930
0.370259
0.402485
0.482826
0.517607
0.601692
0.633395
0.720946
0.751833
0.835709
0.867111
0.188300
0.247234
0.294556
0.359630
0.406872
0.473320
0.522803
0.591517
0.637558
0.709097
0.753483
0.149000
0.183440
0.258491
0.292185
0.373973
0.407583
0.490790
0.525828
0.609704
0.639662
0.080822
0.140420
0.190555
0.251150
0.300496
0.366915
0.415194
0.482276
0.530845
0.048550
0.080325
0.157175
0.193034
0.271371
0.306480
0.389489
0.420643
-0.015080
0.045668
0.093119
0.153755
0.204805
0.265497
0.314597
-0.045488
-0.009409
0.069301
0.101270
0.180565
0.213526
-0.097794
-0.043264
0.008572
0.066760
0.112077
-0.125069
-0.085921
-0.012188
0.020863
-0.179173
-0.118756
-0.069140
-0.192083
-0.161040
-0.240570
0.762914
0.652741
0.591660
0.476066
0.403453
0.292494
0.208748
0.101096
0.014577
-0.093170
-0.181143
-0.300405
-0.415989
-0.577777
-0.756891
-0.968747
-1.142627
-1.289657
-1.362468
-1.401258
-1.399294
-1.418248
-1.383593
-1.359065
-1.370527
-1.353457
-1.363887
-1.348833
-1.362664
-1.361607
-1.370961
-1.374833
-1.392926
-1.393176
-1.409365
-1.408079
-1.404247
-1.378152
-1.330031
-1.244852
-1.129294
-0.976583
-0.829021
-0.678283
-0.554229
-0.453823
0.665935
0.639607
0.555644
0.523382
0.441355
0.402901
0.321869
0.279771
0.202486
0.159271
0.084953
0.045880
-0.024372
-0.062442
-0.123419
-0.160348
-0.220199
-0.247643
-0.306935
-0.340009
-0.382355
-0.402624
0.588127
0.535173
0.464824
0.411619
0.341862
0.287087
0.216978
0.162966
0.093222
0.043395
-0.023963
-0.071918
-0.132549
-0.179018
-0.239646
-0.279106
-0.342373
-0.384434
-0.437455
-0.480930
-0.539190
0.489495
0.450481
0.366012
0.323275
0.240320
0.195920
0.114462
0.070258
-0.007678
-0.052498
-0.123718
-0.169487
-0.239623
-0.282647
-0.355531
-0.403252
-0.469774
-0.523911
-0.590409
-0.627564
0.409709
0.342114
0.271822
0.211978
0.139835
0.081811
0.010487
-0.046517
-0.114294
-0.171486
-0.239735
-0.295594
-0.369929
-0.431185
-0.507147
-0.576645
-0.655867
-0.715300
-0.788138
0.303411
0.259406
0.169857
0.123416
0.038948
-0.009798
-0.089730
-0.141975
-0.220647
-0.276394
-0.360937
-0.426640
-0.517897
-0.596253
-0.692339
-0.767322
-0.858465
-0.919089
0.217185
0.147210
0.075159
0.010487
-0.061307
-0.126508
-0.198712
-0.267357
-0.347700
-0.426896
-0.520836
-0.616107
-0.722541
-0.818249
-0.922717
-1.002927
-1.078659
0.113864
0.062453
-0.025852
-0.079857
-0.163800
-0.224403
-0.314502
-0.389121
-0.495224
-0.593178
-0.717590
-0.824555
-0.948199
-1.040281
-1.131040
-1.191974
0.022996
-0.049576
-0.122128
-0.196802
-0.276900
-0.360752
-0.461146
-0.568705
-0.695659
-0.822396
-0.955951
-1.068965
-1.168710
-1.242481
-1.298824
-0.076295
-0.138215
-0.229285
-0.299325
-0.406054
-0.502814
-0.640074
-0.769019
-0.922664
-1.047153
-1.167952
-1.247913
-1.314024
-1.346686
-0.172934
-0.254145
-0.346732
-0.449080
-0.573014
-0.711601
-0.867868
-1.014058
-1.150358
-1.250330
-1.322809
-1.365696
-1.394297
-0.281509
-0.365170
-0.487869
-0.610416
-0.774374
-0.925730
-1.090119
-1.207268
-1.302257
-1.352916
-1.389876
-1.397008
-0.401497
-0.524147
-0.670052
-0.832383
-1.005450
-1.156252
-1.269844
-1.347160
-1.388794
-1.405685
-1.413541
-0.553367
-0.695328
-0.877115
-1.042591
-1.193862
-1.296957
-1.365974
-1.388965
-1.407924
-1.400468
-0.738885
-0.918767
-1.090496
-1.239586
-1.334132
-1.384940
-1.409845
-1.412699
-1.401359
-0.939377
-1.111359
-1.252438
-1.333612
-1.389937
-1.401060
-1.400894
-1.390133
-1.138065
-1.272482
-1.362825
-1.404013
-1.409929
-1.410971
-1.391147
-1.277654
-1.353394
-1.389522
-1.403570
-1.396789
-1.374699
-1.362429
-1.412218
-1.415263
-1.403748
-1.387286
-1.392549
-1.396281
-1.395004
-1.372514
-1.420942
-1.409548
-1.384692
-1.388730
-1.373956
-1.395941
0.837596
0.929613
0.960644
1.036910
1.082737
1.156411
1.213353
1.290024
1.351967
1.432153
1.501693
1.582268
1.652587
1.737228
1.801960
1.880033
1.943656
2.010089
2.059267
2.123748
2.158968
2.196752
2.233686
2.647699
2.634682
2.631849
2.628442
2.636714
2.633042
2.637308
2.645338
2.648375
2.653002
2.660367
2.662455
2.658061
2.660427
2.641219
2.629118
2.595321
2.566467
2.506473
2.469199
2.379953
2.336190
2.638831
2.637881
2.643476
2.638095
2.641055
2.645188
2.648265
2.647327
2.657505
2.653871
2.655696
2.653341
2.644149
2.628496
2.608945
2.577564
2.535442
2.490303
2.427850
2.360241
2.289831
2.662285
2.657273
2.657381
2.660669
2.660259
2.658813
2.664467
2.662422
2.658854
2.660801
2.647264
2.639841
2.616923
2.597176
2.552450
2.521923
2.455090
2.403368
2.324776
2.255693
2.653379
2.655593
2.655965
2.651564
2.658361
2.652362
2.651316
2.649263
2.641312
2.629647
2.615665
2.592509
2.561072
2.525688
2.476545
2.418779
2.356955
2.281236
2.198871
2.659239
2.656037
2.660177
2.654999
2.651173
2.650447
2.639425
2.630959
2.614272
2.598495
2.564334
2.539019
2.488021
2.443066
2.377577
2.317296
2.227200
2.166479
2.637966
2.632138
2.631006
2.627268
2.620240
2.609003
2.597836
2.579665
2.552601
2.526220
2.485904
2.439362
2.386690
2.324085
2.248993
2.180493
2.088728
2.614420
2.611222
2.603888
2.594822
2.582008
2.568120
2.539530
2.520591
2.478690
2.441797
2.387459
2.337501
2.259729
2.204376
2.108374
2.041582
2.560765
2.550294
2.542219
2.527491
2.504997
2.485218
2.450589
2.414461
2.369788
2.320195
2.254461
2.197680
2.115562
2.044568
1.959043
2.501976
2.490453
2.468751
2.453976
2.419989
2.391766
2.346427
2.306661
2.241419
2.195395
2.113309
2.054821
1.965877
1.899426
2.403578
2.388789
2.362312
2.335184
2.298100
2.260797
2.205797
2.160818
2.091395
2.033378
1.957025
1.889608
1.804057
2.302965
2.282780
2.247999
2.219308
2.166215
2.130525
2.063477
2.016211
1.940884
1.886009
1.799769
1.744344
2.167886
2.142532
2.099799
2.067082
2.011693
1.967054
1.903714
1.851021
1.777799
1.722418
1.643648
2.033538
2.011295
1.960126
1.925962
1.864833
1.823479
1.752112
1.708248
1.630561
1.580807
1.880144
1.851137
1.802205
1.765120
1.706188
1.664578
1.599562
1.551596
1.484639
1.743287
1.719410
1.664441
1.632124
1.569845
1.533143
1.466622
1.426187
1.594596
1.568205
1.520107
1.485857
1.431445
1.392897
1.331379
1.476757
1.454161
1.401305
1.373385
1.312918
1.282520
1.344023
1.323210
1.276464
1.247815
1.191192
1.246509
1.227703
1.173131
1.150545
1.128922
1.116126
1.060536
1.042111
1.029625
0.941295
0.742482
0.734468
0.651733
0.616157
0.543209
0.496727
0.425779
0.377412
0.305677
0.256722
0.188986
0.140857
0.075845
0.034148
-0.027210
-0.066802
-0.118833
-0.155525
-0.208000
-0.232480
-0.282348
-0.316840
-0.354912
-0.263234
-0.202595
-0.085355
-0.024058
0.092319
0.169487
0.286911
0.378162
0.500643
0.597227
0.724713
0.821593
0.950978
1.050941
1.180852
1.287580
1.424513
1.536825
1.688373
1.799451
1.953680
2.054480
2.188014
0.852106
0.849317
0.944236
0.965393
1.057208
1.090529
1.177785
1.221625
1.311081
1.359172
1.450536
1.505332
1.595154
1.649581
1.741812
1.790193
1.873880
1.922565
1.993780
2.027164
2.100692
2.127383
0.744960
0.828419
0.860359
0.936871
0.975492
1.053695
1.101810
1.175725
1.232460
1.308528
1.367139
1.444523
1.507585
1.582562
1.642831
1.719788
1.773024
1.839770
1.895092
1.949103
1.997017
0.735293
0.748576
0.834984
0.861568
0.948907
0.977598
1.067690
1.104439
1.190431
1.234211
1.322153
1.366294
1.454331
1.502380
1.586051
1.630356
1.715723
1.752096
1.830654
1.870489
0.642686
0.718680
0.751272
0.824090
0.866719
0.940892
0.984645
1.061005
1.110994
1.183617
1.237917
1.312444
1.365285
1.438157
1.494472
1.561103
1.614823
1.681300
1.734871
0.617434
0.637133
0.724535
0.748693
0.833584
0.865421
0.952099
0.984536
1.072896
1.110311
1.194826
1.235095
1.320764
1.358105
1.441882
1.481129
1.561018
1.598516
0.534363
0.600423
0.636974
0.711414
0.751649
0.823490
0.869593
0.943119
0.988387
1.062813
1.111946
1.181286
1.232110
1.301453
1.350232
1.415546
1.470649
0.496845
0.525531
0.605789
0.631993
0.719169
0.748518
0.833508
0.867584
0.953941
0.986496
1.073037
1.107663
1.189728
1.224142
1.307202
1.340302
0.417896
0.479562
0.524165
0.592181
0.633888
0.707665
0.751552
0.822836
0.870260
0.941711
0.986683
1.057245
1.104665
1.169727
1.218441
0.378571
0.408182
0.485316
0.517904
0.600292
0.630297
0.717794
0.749492
0.834456
0.867922
0.953204
0.982937
1.067382
1.099440
0.300289
0.362616
0.407776
0.472491
0.520110
0.589018
0.633944
0.706634
0.752140
0.821606
0.868526
0.937711
0.981171
0.260420
0.291903
0.370266
0.402475
0.482833
0.517590
0.601691
0.633401
0.720931
0.751828
0.835715
0.867098
0.188269
0.247286
0.294521
0.359653
0.406862
0.473347
0.522786
0.591536
0.637564
0.709104
0.753478
0.148995
0.183406
0.258519
0.292167
0.373966
0.407581
0.490793
0.525813
0.609697
0.639670
0.080841
0.140435
0.190530
0.251180
0.300494
0.366918
0.415195
0.482301
0.530833
0.048511
0.080344
0.157170
0.193019
0.271368
0.306488
0.389467
0.420643
-0.015065
0.045660
0.093114
0.153790
0.204777
0.265520
0.314605
-0.045490
-0.009401
0.069303
0.101237
0.180590
0.213505
-0.097808
-0.043245
0.008571
0.066791
0.112062
-0.125060
-0.085936
-0.012195
0.020862
-0.179186
-0.118722
-0.069151
-0.192091
-0.161052
-0.240563
0.742470
0.734478
0.651748
0.616155
0.543213
0.496737
0.425777
0.377417
0.305691
0.256713
0.188998
0.140860
0.075823
0.034173
-0.027223
-0.066799
-0.118831
-0.155528
-0.207997
-0.232482
-0.282349
-0.316840
-0.354913
-1.395939
-1.373954
-1.384688
-1.372508
-1.387285
-1.374693
-1.391142
-1.390131
-1.401356
-1.400464
-1.413541
-1.397006
-1.394296
-1.346687
-1.298824
-1.191974
-1.078660
-0.919090
-0.788139
-0.627565
-0.539190
-0.402626
-1.388734
-1.409553
-1.395013
-1.403754
-1.396795
-1.410981
-1.400900
-1.412704
-1.407933
-1.405690
-1.389880
-1.365703
-1.314028
-1.242485
-1.131045
-1.002931
-0.858468
-0.715304
-0.590411
-0.480933
-0.382356
-1.420943
-1.396276
-1.415258
-1.403568
-1.409923
-1.401054
-1.409845
-1.388960
-1.388791
-1.352917
-1.322807
-1.247912
-1.168712
-1.040281
-0.922717
-0.767324
-0.655867
-0.523913
-0.437455
-0.340010
-1.392555
-1.412229
-1.389528
-1.404021
-1.389949
-1.384946
-1.365980
-1.347171
-1.302262
-1.250336
-1.167960
-1.068970
-0.948203
-0.818255
-0.692341
-0.576650
-0.469777
-0.384436
-0.306938
-1.362424
-1.353389
-1.362823
-1.333603
-1.334127
-1.296957
-1.269837
-1.207264
-1.150358
-1.047149
-0.955948
-0.824556
-0.722539
-0.596253
-0.507146
-0.403251
-0.342374
-0.247644
-1.277667
-1.272488
-1.252447
-1.239599
-1.193866
-1.156260
-1.090130
-1.014060
-0.922668
-0.822404
-0.717590
-0.616111
-0.517899
-0.431188
-0.355535
-0.279108
-0.220200
-1.138060
-1.111354
-1.090481
-1.042582
-1.005446
-0.925718
-0.867861
-0.769017
-0.695649
-0.593174
-0.520833
-0.426636
-0.369928
-0.282645
-0.239644
-0.160351
-0.939380
-0.918776
-0.877126
-0.832382
-0.774380
-0.711610
-0.640070
-0.568708
-0.495228
-0.426896
-0.360939
-0.295596
-0.239625
-0.179025
-0.123418
-0.738872
-0.695302
-0.670039
-0.610409
-0.572992
-0.502806
-0.461141
-0.389111
-0.347696
-0.276392
-0.239730
-0.169490
-0.132542
-0.062437
-0.553381
-0.524158
-0.487867
-0.449091
-0.406064
-0.360749
-0.314509
-0.267365
-0.220645
-0.171494
-0.123714
-0.071919
-0.024387
-0.401466
-0.365168
-0.346726
-0.299310
-0.276899
-0.224404
-0.198701
-0.141979
-0.114282
-0.052496
-0.023975
0.045915
-0.281540
-0.254154
-0.229324
-0.196822
-0.163809
-0.126529
-0.089725
-0.046527
-0.007684
0.043426
0.084931
-0.172963
-0.138235
-0.122125
-0.079882
-0.061300
-0.009812
0.010513
0.070270
0.093213
0.159291
-0.076334
-0.049641
-0.025897
0.010462
0.038969
0.081787
0.114478
0.162965
0.202497
0.022959
0.062426
0.075171
0.123411
0.139865
0.195929
0.217001
0.279762
0.113856
0.147220
0.169907
0.212011
0.240310
0.287089
0.321883
0.217315
0.259450
0.271829
0.323300
0.341879
0.402904
0.303388
0.342149
0.366023
0.411619
0.441348
0.409725
0.450439
0.464827
0.523386
0.489476
0.535198
0.555630
0.588119
0.639579
0.665941
0.914222
0.973153
1.091161
1.161718
1.286096
1.380317
1.515618
1.634430
1.784229
1.917371
2.070936
2.193840
2.327419
2.419737
2.510965
2.565228
2.617457
2.634633
2.660632
2.652625
2.659773
2.638215
2.635096
2.617067
2.597551
2.608772
2.607162
2.605390
2.603399
2.615424
2.613749
2.623815
2.631491
2.641901
2.643742
2.658259
2.654201
2.656291
2.646402
2.633745
2.603942
2.575704
2.527092
2.476283
2.413389
2.339814
0.941297
1.029618
1.060539
1.150539
1.191200
1.282518
1.331383
1.426190
1.484644
1.580808
1.643654
1.744347
1.804059
1.899430
1.959046
2.041584
2.088730
2.166480
2.198871
2.255694
2.289832
2.336191
1.042106
1.116133
1.173129
1.247822
1.312914
1.392906
1.466622
1.551601
1.630564
1.722424
1.799769
1.889613
1.965879
2.044571
2.108376
2.180495
2.227200
2.281238
2.324776
2.360242
2.379954
1.128927
1.227697
1.276469
1.373385
1.431452
1.533142
1.599571
1.708251
1.777803
1.886013
1.957030
2.054823
2.115566
2.204378
2.248994
2.317297
2.356957
2.403369
2.427850
2.469200
1.246505
1.323221
1.401304
1.485864
1.569847
1.664587
1.752112
1.851029
1.940887
2.033383
2.113311
2.197684
2.259729
2.324088
2.377578
2.418780
2.455090
2.490304
2.506473
1.344030
1.454157
1.520116
1.632126
1.706195
1.823482
1.903722
2.016213
2.091401
2.195398
2.254463
2.337503
2.386692
2.443067
2.476546
2.521923
2.535443
2.566468
1.476757
1.568217
1.664440
1.765131
1.864835
1.967061
2.063479
2.160825
2.241420
2.320200
2.387460
2.439364
2.488021
2.525690
2.552450
2.577565
2.595322
1.594603
1.719412
1.802215
1.925963
2.011700
2.130528
2.205801
2.306663
2.369792
2.441798
2.485907
2.539020
2.561073
2.597176
2.608947
2.629118
1.743290
1.851147
1.960129
2.067091
2.166215
2.260804
2.346428
2.414466
2.478690
2.526224
2.564333
2.592511
2.616923
2.628498
2.641219
1.880152
2.011298
2.099806
2.219310
2.298106
2.391767
2.450593
2.520592
2.552603
2.598495
2.615667
2.639841
2.644150
2.660428
2.033539
2.142541
2.248001
2.335190
2.419989
2.485223
2.539530
2.579669
2.614272
2.629649
2.647263
2.653343
2.658061
2.167893
2.282782
2.362318
2.453977
2.505000
2.568120
2.597839
2.630958
2.641314
2.660801
2.655697
2.662454
2.302966
2.388797
2.468751
2.527496
2.582008
2.609006
2.639424
2.649266
2.658853
2.653872
2.660366
2.403583
2.490453
2.542224
2.594821
2.620243
2.650447
2.651317
2.662421
2.657507
2.653001
2.501976
2.550299
2.603887
2.627272
2.651171
2.652364
2.664466
2.647328
2.648373
2.560768
2.611222
2.631008
2.654998
2.658363
2.658812
2.648266
2.645337
2.614419
2.632141
2.660176
2.651566
2.660258
2.645190
2.637306
2.637968
2.656036
2.655966
2.660667
2.641056
2.633040
2.659237
2.655595
2.657379
2.638096
2.636712
2.653380
2.657271
2.643477
2.628440
2.662284
2.637882
2.631847
2.638831
2.634680
2.647698
0.837593
0.929617
0.960639
1.036919
1.082731
1.156416
1.213354
1.290027
1.351966
1.432159
1.501693
1.582271
1.652590
1.737232
1.801961
1.880037
1.943658
2.010090
2.059268
2.123750
2.158968
2.196752
2.233686
-0.240563
-0.161052
-0.069152
0.020864
0.112084
0.213523
0.314605
0.420640
0.530834
0.639670
0.753478
0.867098
0.981171
1.099439
1.218441
1.340302
1.470649
1.598517
1.734872
1.870490
1.997018
2.127383
-0.192092
-0.118724
-0.012196
0.066769
0.180551
0.265507
0.389473
0.482299
0.609695
0.709104
0.835715
0.937710
1.067382
1.169727
1.307202
1.415546
1.561019
1.681301
1.830655
1.949103
2.100693
-0.179185
-0.085934
0.008581
0.101274
0.204804
0.306486
0.415191
0.525817
0.637565
0.751828
0.868527
0.982937
1.104664
1.224143
1.350232
1.481129
1.614824
1.752097
1.895093
2.027165
-0.125062
-0.043250
0.069286
0.153763
0.271359
0.366921
0.490792
0.591531
0.720931
0.821605
0.953202
1.057246
1.189728
1.301453
1.441884
1.561103
1.715724
1.839772
1.993781
-0.097805
-0.009402
0.093121
0.193034
0.300501
0.407581
0.522792
0.633403
0.752138
0.867924
0.986682
1.107662
1.232112
1.358106
1.494473
1.630358
1.773024
1.922566
-0.045486
0.045670
0.157166
0.251157
0.373960
0.473343
0.601684
0.706634
0.834456
0.941708
1.073039
1.181286
1.320764
1.438160
1.586052
1.719789
1.873883
-0.015082
0.080330
0.190551
0.292192
0.406865
0.517598
0.633948
0.749490
0.870262
0.986496
1.111945
1.235097
1.365285
1.502382
1.642834
1.790194
0.048538
0.140428
0.258480
0.359635
0.482830
0.589008
0.717795
0.822836
0.953938
1.062815
1.194826
1.312445
1.454334
1.582563
1.741814
0.080820
0.183440
0.294560
0.402481
0.520118
0.630303
0.751548
0.867587
0.988386
1.110310
1.237920
1.366295
1.507586
1.649585
0.148994
0.247237
0.370248
0.472488
0.600281
0.707667
0.833508
0.943115
1.072899
1.183618
1.322154
1.444528
1.595156
0.188297
0.291937
0.407777
0.517914
0.633894
0.748514
0.869595
0.984537
1.110992
1.234216
1.367139
1.505335
0.260396
0.362612
0.485318
0.592170
0.719171
0.823491
0.952095
1.061009
1.190431
1.308530
1.450541
0.300299
0.408177
0.524172
0.632001
0.751643
0.865426
0.984644
1.104439
1.232462
1.359175
0.378578
0.479568
0.605779
0.711417
0.833585
0.940889
1.067693
1.175727
1.311081
0.417884
0.525540
0.636978
0.748690
0.866720
0.977601
1.101806
1.221631
0.496853
0.600414
0.724536
0.824094
0.948902
1.053700
1.177783
0.534364
0.637143
0.751263
0.861573
0.975490
1.090531
0.617424
0.718684
0.834985
0.936871
1.057208
0.642689
0.748573
0.860355
0.965399
0.735284
0.828431
0.944224
0.744943
0.849323
0.852100
-1.359069
-1.370527
-1.353461
-1.363892
-1.348836
-1.362670
-1.361613
-1.370967
-1.374838
-1.392936
-1.393181
-1.409374
-1.408083
-1.404257
-1.378155
-1.330041
-1.244851
-1.129304
-0.976579
-0.829028
-0.678280
-0.554241
-0.453816
-1.324156
-1.346795
-1.318647
-1.333719
-1.326936
-1.332986
-1.333733
-1.352420
-1.351695
-1.374693
-1.381938
-1.399975
-1.401615
-1.412021
-1.385582
-1.357931
-1.268757
-1.169268
-1.007056
-0.866198
-0.696952
-0.581958
-1.305504
-1.312442
-1.306173
-1.301769
-1.301485
-1.315228
-1.311017
-1.331384
-1.339571
-1.358653
-1.370848
-1.395736
-1.399658
-1.413231
-1.395135
-1.369344
-1.290050
-1.184306
-1.026500
-0.868190
-0.696951
-1.292192
-1.275875
-1.270967
-1.282118
-1.269477
-1.287188
-1.291297
-1.307877
-1.319197
-1.346154
-1.355804
-1.385229
-1.395574
-1.411750
-1.397348
-1.377681
-1.295385
-1.194927
-1.026501
-0.866199
-1.252710
-1.264834
-1.241126
-1.254349
-1.254088
-1.263982
-1.271929
-1.295828
-1.304772
-1.334993
-1.351355
-1.378425
-1.393369
-1.411189
-1.399015
-1.379192
-1.295384
-1.184306
-1.007054
-1.225255
-1.225464
-1.224417
-1.224206
-1.227485
-1.246514
-1.251194
-1.278199
-1.294130
-1.322728
-1.343723
-1.374441
-1.390002
-1.411342
-1.399016
-1.377681
-1.290051
-1.169269
-1.207851
-1.204749
-1.196051
-1.212906
-1.207999
-1.230622
-1.242007
-1.268136
-1.287024
-1.319885
-1.340499
-1.374133
-1.390001
-1.411188
-1.397346
-1.369344
-1.268756
-1.178511
-1.184015
-1.175667
-1.187108
-1.196236
-1.214354
-1.230630
-1.260159
-1.281801
-1.316364
-1.340500
-1.374441
-1.393370
-1.411750
-1.395136
-1.357932
-1.158782
-1.166179
-1.164004
-1.178134
-1.183533
-1.211787
-1.226128
-1.260148
-1.281800
-1.319885
-1.343722
-1.378425
-1.395573
-1.413231
-1.385580
-1.146813
-1.148823
-1.149926
-1.167685
-1.178813
-1.204480
-1.226130
-1.260159
-1.287025
-1.322728
-1.351356
-1.385229
-1.399659
-1.412020
-1.132718
-1.146882
-1.145727
-1.167042
-1.178811
-1.211786
-1.230628
-1.268136
-1.294128
-1.334993
-1.355803
-1.395735
-1.401614
-1.128397
-1.137337
-1.145730
-1.167685
-1.183535
-1.214354
-1.242008
-1.278199
-1.304773
-1.346153
-1.370849
-1.399974
-1.128395
-1.146881
-1.149923
-1.178134
-1.196233
-1.230622
-1.251193
-1.295827
-1.319196
-1.358652
-1.381936
-1.132721
-1.148823
-1.164007
-1.187108
-1.208002
-1.246514
-1.271931
-1.307877
-1.339571
-1.374694
-1.146809
-1.166178
-1.175664
-1.212904
-1.227483
-1.263981
-1.291295
-1.331383
-1.351693
-1.158786
-1.184015
-1.196054
-1.224206
-1.254089
-1.287189
-1.311017
-1.352420
-1.178509
-1.204747
-1.224414
-1.254348
-1.269475
-1.315226
-1.333732
-1.207852
-1.225465
-1.241127
-1.282118
-1.301487
-1.332986
-1.225252
-1.264830
-1.270965
-1.301767
-1.326934
-1.252713
-1.275876
-1.306174
-1.333721
-1.292188
-1.312440
-1.318645
-1.305505
-1.346796
-1.324155
-1.354104
-1.348904
-1.292947
-1.273225
-1.250834
-1.221325
-1.191204
-1.180014
-1.152737
-1.144824
-1.133516
-1.133011
-1.133516
-1.144825
-1.152736
-1.180015
-1.191204
-1.221326
-1.250833
-1.273229
-1.292944
-1.348910
-1.354102
-1.359071
-1.370531
-1.353460
-1.363895
-1.348837
-1.362668
-1.361615
-1.370965
-1.374837
-1.392933
-1.393181
-1.409368
-1.408084
-1.404251
-1.378155
-1.330035
-1.244855
-1.129297
-0.976586
-0.829023
-0.678284
-0.554230
-0.453823
-1.324158
-1.346795
-1.318649
-1.333721
-1.326937
-1.332987
-1.333736
-1.352418
-1.351696
-1.374692
-1.381937
-1.399972
-1.401615
-1.412017
-1.385582
-1.357929
-1.268760
-1.169271
-1.007059
-0.866203
-0.696960
-0.581960
-1.305502
-1.312438
-1.306170
-1.301763
-1.301483
-1.315220
-1.311013
-1.331377
-1.339567
-1.358644
-1.370845
-1.395726
-1.399655
-1.413221
-1.395134
-1.369334
-1.290050
-1.184298
-1.026507
-0.868180
-0.696960
-1.292191
-1.275877
-1.270969
-1.282117
-1.269479
-1.287189
-1.291297
-1.307876
-1.319199
-1.346151
-1.355804
-1.385226
-1.395574
-1.411747
-1.397347
-1.377679
-1.295388
-1.194926
-1.026508
-0.866204
-1.252710
-1.264828
-1.241124
-1.254344
-1.254084
-1.263976
-1.271927
-1.295820
-1.304769
-1.334985
-1.351352
-1.378416
-1.393367
-1.411179
-1.399014
-1.379181
-1.295387
-1.184299
-1.007059
-1.225255
-1.225465
-1.224418
-1.224206
-1.227486
-1.246513
-1.251195
-1.278198
-1.294129
-1.322726
-1.343723
-1.374438
-1.390002
-1.411338
-1.399016
-1.377679
-1.290052
-1.169271
-1.207849
-1.204745
-1.196050
-1.212901
-1.207998
-1.230618
-1.242004
-1.268130
-1.287022
-1.319878
-1.340497
-1.374125
-1.390000
-1.411180
-1.397346
-1.369336
-1.268761
-1.178512
-1.184015
-1.175667
-1.187108
-1.196235
-1.214353
-1.230630
-1.260157
-1.281801
-1.316361
-1.340500
-1.374438
-1.393369
-1.411747
-1.395137
-1.357929
-1.158782
-1.166177
-1.164003
-1.178131
-1.183532
-1.211782
-1.226127
-1.260143
-1.281798
-1.319879
-1.343720
-1.378417
-1.395572
-1.413222
-1.385582
-1.146813
-1.148822
-1.149926
-1.167685
-1.178813
-1.204478
-1.226130
-1.260157
-1.287025
-1.322725
-1.351356
-1.385224
-1.399659
-1.412018
-1.132717
-1.146879
-1.145727
-1.167040
-1.178810
-1.211783
-1.230627
-1.268131
-1.294127
-1.334986
-1.355802
-1.395730
-1.401613
-1.128398
-1.137336
-1.145730
-1.167684
-1.183536
-1.214352
-1.242009
-1.278196
-1.304773
-1.346151
-1.370848
-1.399971
-1.128394
-1.146880
-1.149923
-1.178132
-1.196233
-1.230619
-1.251192
-1.295824
-1.319194
-1.358647
-1.381936
-1.132720
-1.148823
-1.164006
-1.187107
-1.208002
-1.246512
-1.271930
-1.307874
-1.339572
-1.374689
-1.146810
-1.166178
-1.175664
-1.212904
-1.227482
-1.263979
-1.291294
-1.331380
-1.351692
-1.158785
-1.184014
-1.196054
-1.224204
-1.254090
-1.287186
-1.311018
-1.352417
-1.178509
-1.204748
-1.224415
-1.254347
-1.269474
-1.315226
-1.333731
-1.207853
-1.225463
-1.241128
-1.282116
-1.301487
-1.332983
-1.225252
-1.264833
-1.270964
-1.301767
-1.326935
-1.252712
-1.275874
-1.306176
-1.333717
-1.292190
-1.312441
-1.318645
-1.305505
-1.346795
-1.324154
2.612635
2.573546
2.569249
2.523932
2.514406
2.465284
2.450521
2.410258
2.391064
2.361408
2.358397
2.338696
2.358396
2.361407
2.391063
2.410257
2.450520
2.465284
2.514404
2.523932
2.569247
2.573546
2.612633
2.617066
2.597551
2.608770
2.607161
2.605392
2.603391
2.615426
2.613748
2.623810
2.631487
2.641907
2.643727
2.658266
2.654198
2.656285
2.646397
2.633757
2.603919
2.575716
2.527086
2.476278
2.413380
2.339831
2.601483
2.605489
2.585380
2.590878
2.591822
2.593560
2.595591
2.608453
2.614306
2.623170
2.638483
2.645647
2.654422
2.660907
2.662537
2.651888
2.645427
2.612770
2.588574
2.534888
2.491091
2.412384
2.572196
2.556432
2.568116
2.553896
2.561481
2.564553
2.574401
2.577062
2.598581
2.604213
2.621872
2.633254
2.649006
2.649998
2.661704
2.650769
2.643720
2.616133
2.590662
2.540107
2.491091
2.551040
2.548897
2.534360
2.546083
2.539918
2.548047
2.559300
2.570770
2.582572
2.602612
2.617968
2.630483
2.649209
2.655129
2.661740
2.656417
2.647583
2.618162
2.590661
2.534888
2.520335
2.508095
2.511603
2.500475
2.518636
2.516910
2.534771
2.547163
2.570121
2.580174
2.610198
2.620360
2.642152
2.648408
2.662278
2.650596
2.647583
2.616133
2.588574
2.492567
2.488789
2.484608
2.489918
2.489980
2.509676
2.520825
2.539101
2.562553
2.583463
2.603074
2.625271
2.643563
2.651710
2.662278
2.656417
2.643720
2.612770
2.465778
2.448675
2.453698
2.453995
2.471785
2.476139
2.507829
2.520979
2.550697
2.570657
2.602265
2.614222
2.643562
2.648409
2.661740
2.650769
2.645428
2.431298
2.434349
2.430232
2.439318
2.454474
2.475548
2.493802
2.524808
2.549957
2.574699
2.602265
2.625271
2.642152
2.655129
2.661704
2.651888
2.406374
2.392649
2.409729
2.413198
2.437393
2.455992
2.491258
2.509034
2.549957
2.570657
2.603073
2.620360
2.649209
2.649999
2.662537
2.383696
2.386921
2.389657
2.413113
2.433259
2.459960
2.491258
2.524808
2.550697
2.583462
2.610198
2.630482
2.649006
2.660907
2.362011
2.363058
2.384756
2.394615
2.433259
2.455991
2.493801
2.520978
2.562553
2.580174
2.617968
2.633255
2.654422
2.355469
2.365651
2.384756
2.413112
2.437392
2.475547
2.507829
2.539100
2.570120
2.602612
2.621872
2.645646
2.355469
2.363057
2.389657
2.413197
2.454472
2.476138
2.520824
2.547163
2.582571
2.604213
2.638482
2.362010
2.386920
2.409727
2.439316
2.471784
2.509675
2.534770
2.570769
2.598580
2.623169
2.383694
2.392649
2.430230
2.453994
2.489978
2.516909
2.559299
2.577062
2.614305
2.406373
2.434347
2.453697
2.489916
2.518636
2.548046
2.574401
2.608452
2.431297
2.448676
2.484607
2.500475
2.539916
2.564553
2.595589
2.465778
2.488787
2.511603
2.546081
2.561481
2.593558
2.492566
2.508095
2.534358
2.553896
2.591820
2.520333
2.548895
2.568115
2.590875
2.551038
2.556431
2.585378
2.572195
2.605487
2.601482
2.617067
2.597550
2.608773
2.607162
2.605389
2.603398
2.615424
2.613749
2.623815
2.631490
2.641901
2.643742
2.658258
2.654200
2.656290
2.646401
2.633745
2.603941
2.575703
2.527091
2.476283
2.413389
2.339814
2.601482
2.605487
2.585375
2.590878
2.591817
2.593555
2.595592
2.608449
2.614299
2.623175
2.638476
2.645640
2.654427
2.660901
2.662526
2.651896
2.645417
2.612760
2.588579
2.534878
2.491075
2.412392
2.572195
2.556434
2.568115
2.553897
2.561485
2.564555
2.574397
2.577073
2.598577
2.604216
2.621877
2.633259
2.648998
2.650017
2.661695
2.650774
2.643725
2.616139
2.590647
2.540133
2.491075
2.551037
2.548894
2.534359
2.546079
2.539912
2.548050
2.559295
2.570766
2.582576
2.602608
2.617961
2.630490
2.649201
2.655122
2.661745
2.656410
2.647571
2.618171
2.590647
2.534878
2.520335
2.508096
2.511603
2.500482
2.518635
2.516911
2.534775
2.547167
2.570116
2.580188
2.610193
2.620364
2.642158
2.648414
2.662267
2.650618
2.647571
2.616139
2.588579
2.492565
2.488789
2.484604
2.489913
2.489980
2.509674
2.520820
2.539107
2.562549
2.583459
2.603078
2.625267
2.643554
2.651719
2.662268
2.656410
2.643725
2.612760
2.465778
2.448677
2.453701
2.453996
2.471781
2.476148
2.507827
2.520982
2.550702
2.570662
2.602258
2.614240
2.643554
2.648413
2.661745
2.650773
2.645416
2.431296
2.434344
2.430226
2.439320
2.454470
2.475546
2.493805
2.524807
2.549951
2.574708
2.602258
2.625267
2.642158
2.655123
2.661694
2.651897
2.406374
2.392653
2.409726
2.413199
2.437396
2.455995
2.491253
2.509047
2.549952
2.570661
2.603079
2.620364
2.649202
2.650017
2.662527
2.383691
2.386917
2.389658
2.413111
2.433254
2.459967
2.491253
2.524807
2.550701
2.583460
2.610192
2.630491
2.648998
2.660902
2.362011
2.363059
2.384752
2.394623
2.433255
2.455995
2.493807
2.520982
2.562549
2.580188
2.617962
2.633258
2.654428
2.355466
2.365653
2.384751
2.413112
2.437396
2.475548
2.507826
2.539108
2.570116
2.602609
2.621877
2.645641
2.355466
2.363060
2.389659
2.413200
2.454471
2.476149
2.520821
2.547166
2.582577
2.604216
2.638477
2.362012
2.386918
2.409727
2.439322
2.471782
2.509675
2.534775
2.570767
2.598576
2.623176
2.383694
2.392653
2.430229
2.453997
2.489983
2.516911
2.559296
2.577073
2.614301
2.406374
2.434348
2.453701
2.489916
2.518634
2.548052
2.574398
2.608451
2.431298
2.448676
2.484606
2.500481
2.539915
2.564555
2.595594
2.465779
2.488791
2.511603
2.546082
2.561485
2.593558
2.492566
2.508096
2.534361
2.553897
2.591819
2.520336
2.548896
2.568115
2.590880
2.551039
2.556434
2.585377
2.572196
2.605489
2.601483

