Tension at each vertex
-0.029629
-0.029626
-0.029630
-0.029628
-2.348923
2.110286
-2.348923
2.110286
-1.433620
-1.433615
1.464312
1.464580
-0.017401
-0.187628
-0.199629
-0.353936
-0.403133
-0.545890
-0.635011
-0.781719
-0.896508
-1.053991
-1.185229
-1.341259
-1.475955
-1.627108
-1.751829
-1.895502
-1.997949
-2.106282
-2.165447
-2.239753
-2.253570
-2.311574
-2.290458
-0.054835
-0.156301
-0.236276
-0.337991
-0.436007
-0.549912
-0.657722
-0.795313
-0.918093
-1.070966
-1.206749
-1.363625
-1.496097
-1.648470
-1.775832
-1.908412
-2.017505
-2.112831
-2.178671
-2.229033
-2.265196
-2.274770
-0.037813
-0.213652
-0.230699
-0.382428
-0.434893
-0.588245
-0.671229
-0.827815
-0.941589
-1.102826
-1.230858
-1.391310
-1.519477
-1.668444
-1.791376
-1.927345
-2.020352
-2.127393
-2.177518
-2.246646
-2.265196
-0.072992
-0.140412
-0.255919
-0.342479
-0.455765
-0.563934
-0.689550
-0.819254
-0.956316
-1.106064
-1.247356
-1.399322
-1.535477
-1.681482
-1.802486
-1.933890
-2.029730
-2.120282
-2.177519
-2.229033
-0.063399
-0.216722
-0.239340
-0.400517
-0.453937
-0.611374
-0.696309
-0.859995
-0.971278
-1.137593
-1.263615
-1.422656
-1.545265
-1.694487
-1.809569
-1.938080
-2.029730
-2.127393
-2.178671
-0.063589
-0.154018
-0.265862
-0.347984
-0.474757
-0.577476
-0.712138
-0.839343
-0.983349
-1.128287
-1.270956
-1.420069
-1.552157
-1.691650
-1.809569
-1.933890
-2.020353
-2.112831
-0.074749
-0.207626
-0.258164
-0.408085
-0.468525
-0.628426
-0.714483
-0.880238
-0.990097
-1.156903
-1.277553
-1.432365
-1.552157
-1.694487
-1.802487
-1.927345
-2.017505
-0.074479
-0.160667
-0.267040
-0.359812
-0.483773
-0.587706
-0.725535
-0.849652
-0.994807
-1.134983
-1.277552
-1.420068
-1.545265
-1.681482
-1.791377
-1.908412
-0.071893
-0.211631
-0.268612
-0.410043
-0.482141
-0.635058
-0.724910
-0.887561
-0.994806
-1.156901
-1.270954
-1.422655
-1.535477
-1.668444
-1.775833
-0.080353
-0.159037
-0.272516
-0.364655
-0.485671
-0.593294
-0.724912
-0.849650
-0.990095
-1.128284
-1.263613
-1.399320
-1.519477
-1.648470
-0.076624
-0.213451
-0.271817
-0.413000
-0.485668
-0.635058
-0.725533
-0.880237
-0.983344
-1.137590
-1.247352
-1.391307
-1.496096
-0.078773
-0.160615
-0.271812
-0.364660
-0.482145
-0.587707
-0.714482
-0.839339
-0.971272
-1.106058
-1.230853
-1.363622
-0.078770
-0.213455
-0.272515
-0.410043
-0.483775
-0.628428
-0.712136
-0.859991
-0.956311
-1.102820
-1.206744
-0.076623
-0.159039
-0.268609
-0.359829
-0.468528
-0.577478
-0.696308
-0.819248
-0.941582
-1.070958
-0.080341
-0.211636
-0.267044
-0.408105
-0.474770
-0.611374
-0.689553
-0.827809
-0.918087
-0.071876
-0.160656
-0.258183
-0.348018
-0.453951
-0.563937
-0.671230
-0.795305
-0.074444
-0.207624
-0.265888
-0.400549
-0.455793
-0.588245
-0.657728
-0.074680
-0.154013
-0.239383
-0.342508
-0.434917
-0.549918
-0.063478
-0.216708
-0.255972
-0.382454
-0.436031
-0.063264
-0.140400
-0.230739
-0.338017
-0.072886
-0.213638
-0.236306
-0.037743
-0.156286
-0.054795
0.003512
-0.062837
0.021351
-0.029634
0.019099
-0.033120
0.032208
-0.032127
0.029083
-0.023744
0.026885
-0.022732
0.026879
-0.023755
0.029070
-0.032147
0.032189
-0.033126
0.019128
-0.029603
0.021346
-0.062850
0.003496
0.133184
0.129160
0.293349
0.326258
0.476819
0.550340
0.695216
0.801838
0.954929
1.082482
1.242659
1.380627
1.536390
1.668176
1.797069
1.895954
1.985246
2.034874
2.090259
2.108443
2.132931
2.125910
2.147787
0.106891
0.175840
0.274873
0.366354
0.473134
0.581242
0.709344
0.830197
0.979148
1.114587
1.272877
1.414294
1.564924
1.692769
1.817930
1.908063
1.993034
2.045043
2.086621
2.112732
2.134869
2.135980
0.132003
0.129194
0.296063
0.338577
0.495925
0.568838
0.729455
0.833104
0.996627
1.124656
1.288727
1.426140
1.582099
1.704068
1.831215
1.918375
1.999230
2.045653
2.094705
2.103160
2.134880
0.095426
0.208128
0.278678
0.393581
0.492165
0.615151
0.735565
0.872942
1.014315
1.160236
1.313460
1.454452
1.601252
1.723606
1.839925
1.926282
2.005716
2.045995
2.094651
2.112763
0.113645
0.138711
0.308060
0.348490
0.513430
0.588796
0.754503
0.858665
1.029551
1.153965
1.323624
1.455894
1.608599
1.725575
1.846841
1.923669
2.005722
2.045682
2.086620
0.111929
0.208216
0.287839
0.413485
0.504387
0.640383
0.757318
0.902375
1.040209
1.190472
1.335063
1.477519
1.616662
1.732260
1.846823
1.926294
1.999186
2.045081
0.107179
0.158920
0.305885
0.362897
0.526107
0.602882
0.772591
0.876234
1.047663
1.170801
1.340155
1.464415
1.616663
1.725588
1.839915
1.918420
1.992981
0.107075
0.211273
0.301252
0.420004
0.518413
0.656201
0.770937
0.919696
1.052689
1.199183
1.340150
1.477525
1.608578
1.723630
1.831151
1.908133
0.113589
0.163364
0.306836
0.375743
0.528380
0.613754
0.778524
0.880548
1.052689
1.170806
1.335055
1.455918
1.601220
1.704130
1.817878
0.105458
0.219068
0.304975
0.425573
0.527794
0.659256
0.778522
0.919699
1.047654
1.190486
1.323595
1.454486
1.582046
1.692805
0.110979
0.166440
0.308381
0.377845
0.527794
0.613757
0.770934
0.876245
1.040193
1.153992
1.313432
1.426178
1.564896
0.109080
0.219585
0.308382
0.425575
0.528379
0.656209
0.772581
0.902390
1.029529
1.160257
1.288694
1.414326
0.109080
0.166439
0.304974
0.375749
0.518409
0.602895
0.757309
0.858683
1.014299
1.124688
1.272839
0.110975
0.219070
0.306834
0.420012
0.526104
0.640395
0.754492
0.872960
0.996597
1.114623
0.105452
0.163366
0.301252
0.362905
0.504385
0.588812
0.735552
0.833134
0.979121
0.113584
0.211277
0.305887
0.413496
0.513424
0.615169
0.729438
0.830218
0.107075
0.158925
0.287840
0.348506
0.492163
0.568856
0.709335
0.107187
0.208227
0.308061
0.393593
0.495923
0.581257
0.111933
0.138726
0.278682
0.338592
0.473131
0.113640
0.208144
0.296063
0.366371
0.095425
0.129213
0.274872
0.132012
0.175849
0.106892
-0.055515
-0.092792
-0.155372
-0.182685
-0.270148
-0.292614
-0.390666
-0.419102
-0.521926
-0.556108
-0.663358
-0.701367
-0.807899
-0.852858
-0.949089
-1.000187
-1.085736
-1.132918
-1.210321
-1.252182
-1.311908
-1.360521
-1.403769
-2.311385
-2.295547
-2.311393
-2.300527
-2.311574
-2.301027
-2.304764
-2.298974
-2.294799
-2.280227
-2.268971
-2.241930
-2.210929
-2.162123
-2.111413
-2.028397
-1.960012
-1.855933
-1.775505
-1.660702
-1.587866
-1.464842
-2.284129
-2.305815
-2.295600
-2.298432
-2.294578
-2.292388
-2.285571
-2.272793
-2.262971
-2.238610
-2.211991
-2.171308
-2.126272
-2.056451
-1.991534
-1.902983
-1.816303
-1.721894
-1.629808
-1.537089
-1.440393
-2.279831
-2.255658
-2.278854
-2.262150
-2.267624
-2.251957
-2.248227
-2.226470
-2.205388
-2.172553
-2.134739
-2.074027
-2.019398
-1.936031
-1.859804
-1.761280
-1.680829
-1.573890
-1.492573
-1.387779
-2.231919
-2.242347
-2.229837
-2.231023
-2.218641
-2.205026
-2.183448
-2.155640
-2.122482
-2.069212
-2.021629
-1.947151
-1.875542
-1.788950
-1.707262
-1.611965
-1.525256
-1.434846
-1.346800
-2.180496
-2.164166
-2.173160
-2.151825
-2.143276
-2.117432
-2.092163
-2.047969
-2.006813
-1.943964
-1.880499
-1.803754
-1.728679
-1.636420
-1.558316
-1.461502
-1.382229
-1.277235
-2.100905
-2.099350
-2.081025
-2.070162
-2.042917
-2.008307
-1.973305
-1.918148
-1.865086
-1.793891
-1.728114
-1.641602
-1.569735
-1.479033
-1.400402
-1.305569
-1.233202
-1.994668
-1.980948
-1.967920
-1.937066
-1.912709
-1.867989
-1.822646
-1.766513
-1.706854
-1.635154
-1.567215
-1.486536
-1.411547
-1.321393
-1.251875
-1.149926
-1.879412
-1.862291
-1.839478
-1.806823
-1.769486
-1.721191
-1.674337
-1.605544
-1.551670
-1.471815
-1.408156
-1.319371
-1.256873
-1.157696
-1.097643
-1.737440
-1.714206
-1.684172
-1.650140
-1.608764
-1.557945
-1.506751
-1.445677
-1.381326
-1.311052
-1.245886
-1.160144
-1.099120
-1.008168
-1.602893
-1.577053
-1.546356
-1.499693
-1.463656
-1.401744
-1.355072
-1.280454
-1.231105
-1.140407
-1.093911
-0.997867
-0.950854
-1.447574
-1.418026
-1.380897
-1.339853
-1.289442
-1.239199
-1.183334
-1.118256
-1.063156
-0.988841
-0.934697
-0.853281
-1.313900
-1.275741
-1.241371
-1.187620
-1.151100
-1.076944
-1.043580
-0.956336
-0.923857
-0.829331
-0.803455
-1.149160
-1.115769
-1.071735
-1.024415
-0.980333
-0.922708
-0.876930
-0.812061
-0.772376
-0.695698
-1.021245
-0.975207
-0.948511
-0.880138
-0.857913
-0.774860
-0.761010
-0.663565
-0.657641
-0.864828
-0.819973
-0.785959
-0.733562
-0.702486
-0.639568
-0.615424
-0.545741
-0.754282
-0.701956
-0.687256
-0.607498
-0.607912
-0.513314
-0.517459
-0.611696
-0.557125
-0.543436
-0.481255
-0.467148
-0.403687
-0.527399
-0.466616
-0.463094
-0.381866
-0.388310
-0.393672
-0.337170
-0.333559
-0.266828
-0.326698
-0.267859
-0.269289
-0.209684
-0.139592
-0.147026
0.133186
0.129145
0.293347
0.326238
0.476828
0.550314
0.695235
0.801810
0.954958
1.082442
1.242714
1.380559
1.536460
1.668116
1.797123
1.895885
1.985352
2.034754
2.090381
2.108378
2.133018
2.125848
2.147930
2.145569
2.121712
2.136012
2.132059
2.138132
2.132222
2.137663
2.142320
2.139172
2.144471
2.142254
2.139776
2.129040
2.121026
2.093623
2.067784
2.023858
1.968659
1.909429
1.827817
1.748405
1.651604
1.569938
0.117728
0.235584
0.220034
0.343263
0.348599
0.464660
0.491129
0.604275
0.645276
0.756213
0.807995
0.914357
0.972138
1.069252
1.129469
1.215671
1.267894
1.348454
1.389443
1.453762
1.495489
1.545553
0.228198
0.291644
0.349063
0.432294
0.485493
0.582531
0.634902
0.740509
0.797354
0.904989
0.966548
1.069751
1.134010
1.227475
1.286790
1.370499
1.422551
1.485675
1.539332
1.578845
1.620278
0.297223
0.417276
0.428436
0.551379
0.580357
0.703252
0.752090
0.870697
0.934647
1.047477
1.119419
1.222611
1.292504
1.385631
1.447758
1.522235
1.580283
1.634769
1.678336
1.725972
0.428526
0.497255
0.572364
0.663406
0.737658
0.839405
0.917175
1.025567
1.104763
1.212905
1.289433
1.390252
1.459359
1.542743
1.606161
1.666985
1.716843
1.764846
1.796487
0.510612
0.633199
0.672677
0.797491
0.857398
0.983008
1.057127
1.178962
1.261013
1.372306
1.453353
1.545963
1.620806
1.691458
1.749970
1.804599
1.843477
1.882748
0.655707
0.736928
0.834280
0.933006
1.029635
1.139298
1.235341
1.346378
1.438177
1.539022
1.620411
1.703166
1.765263
1.829546
1.871842
1.914117
1.943518
0.763073
0.885555
0.956630
1.085954
1.172265
1.298507
1.392707
1.506746
1.598340
1.690908
1.766910
1.836311
1.891412
1.935192
1.975546
2.001232
0.918330
1.016541
1.130954
1.238203
1.352289
1.461230
1.567782
1.666475
1.753553
1.833383
1.893796
1.948958
1.988464
2.022136
2.042647
1.048144
1.173636
1.272964
1.399941
1.504872
1.618727
1.716013
1.806112
1.881085
1.940983
1.993762
2.026286
2.059124
2.078201
1.214043
1.320186
1.447376
1.553472
1.669659
1.764553
1.852751
1.925813
1.983000
2.029366
2.060127
2.089910
2.099031
1.355137
1.478535
1.591830
1.704172
1.801584
1.888504
1.959141
2.011133
2.055865
2.082632
2.104701
2.117769
1.517599
1.622214
1.740530
1.832645
1.919986
1.983407
2.037426
2.076956
2.098336
2.123817
2.126940
1.650304
1.762935
1.858172
1.940161
2.006964
2.055395
2.089156
2.112457
2.128689
2.130154
1.786338
1.872456
1.959742
2.018506
2.064444
2.100936
2.119308
2.134069
2.137670
1.889795
1.971326
2.029249
2.079733
2.109383
2.123510
2.139616
2.135385
1.977098
2.034573
2.081366
2.105327
2.129110
2.137710
2.135972
2.041692
2.084285
2.119315
2.132990
2.139502
2.138298
2.088790
2.108267
2.127024
2.135994
2.138389
2.113157
2.137191
2.145407
2.135515
2.131117
2.126470
2.138112
2.142811
2.145164
2.140416
0.037015
0.102183
0.145905
0.230852
0.259825
0.359420
0.389279
0.492424
0.528185
0.633708
0.675035
0.779976
0.826441
0.926792
0.976653
1.065021
1.119482
1.192128
1.241834
1.306409
1.348459
1.390271
1.435774
-1.273962
-1.152149
-1.026116
-0.894316
-0.771721
-0.644371
-0.524148
-0.406883
-0.292126
-0.178021
-0.065853
0.047192
0.162109
0.278688
0.400361
0.523853
0.655481
0.783925
0.919342
1.052828
1.184808
1.311563
-1.205730
-1.094545
-0.947309
-0.826743
-0.683215
-0.567049
-0.434759
-0.321707
-0.200097
-0.091311
0.028404
0.137188
0.260410
0.372566
0.503644
0.619240
0.758903
0.878690
1.023908
1.135761
1.288908
-1.185264
-1.048391
-0.921595
-0.788245
-0.663452
-0.534854
-0.418123
-0.297828
-0.182389
-0.067014
0.049207
0.165277
0.287215
0.408415
0.539819
0.669313
0.807934
0.939136
1.084458
1.211834
-1.107008
-0.981583
-0.835368
-0.707904
-0.572430
-0.451100
-0.323471
-0.209898
-0.089060
0.023447
0.144556
0.259582
0.386527
0.506399
0.641393
0.765096
0.910466
1.033090
1.177582
-1.071960
-0.934821
-0.807075
-0.671775
-0.547702
-0.422938
-0.304785
-0.184587
-0.068050
0.049380
0.169866
0.289605
0.418833
0.545423
0.685900
0.817881
0.961875
1.101392
-0.991247
-0.852069
-0.713666
-0.583954
-0.454236
-0.330527
-0.210281
-0.092723
0.025932
0.143686
0.266081
0.388185
0.517505
0.645174
0.781840
0.917157
1.056070
-0.947485
-0.811968
-0.682106
-0.550161
-0.429811
-0.306288
-0.187459
-0.068800
0.050718
0.169277
0.294612
0.418852
0.554438
0.687618
0.830159
0.968513
-0.858162
-0.715846
-0.587583
-0.454740
-0.332774
-0.209354
-0.094046
0.027398
0.143666
0.268524
0.390209
0.520463
0.649033
0.786229
0.924109
-0.816322
-0.679761
-0.553677
-0.427857
-0.308777
-0.187081
-0.069080
0.049400
0.170481
0.290920
0.421383
0.549946
0.691370
0.826620
-0.717782
-0.578941
-0.457344
-0.325157
-0.212535
-0.087988
0.022885
0.148542
0.263781
0.394004
0.514597
0.650988
0.780826
-0.679455
-0.545860
-0.428071
-0.304927
-0.187608
-0.068587
0.049433
0.166278
0.290152
0.412943
0.549020
0.680083
-0.578743
-0.442180
-0.327730
-0.200163
-0.093949
0.031037
0.139704
0.269272
0.382602
0.515865
0.636660
-0.543593
-0.416917
-0.304624
-0.183365
-0.068362
0.047376
0.164768
0.280082
0.409764
0.533200
-0.441852
-0.310063
-0.203564
-0.081742
0.021705
0.146815
0.256352
0.384868
0.497163
-0.415172
-0.293169
-0.183500
-0.065548
0.047055
0.156448
0.276820
0.391926
-0.308812
-0.188343
-0.085962
0.028557
0.136463
0.258548
0.367780
-0.293570
-0.174265
-0.065033
0.044547
0.154768
0.259614
-0.182907
-0.080965
0.026386
0.134027
0.249727
-0.175711
-0.059954
0.045285
0.142082
-0.066002
0.013871
0.141086
-0.062921
0.038536
0.056544
0.003520
-0.062843
0.021350
-0.029642
0.019094
-0.033127
0.032201
-0.032138
0.029074
-0.023753
0.026878
-0.022735
0.026881
-0.023751
0.029078
-0.032137
0.032194
-0.033144
0.019058
-0.029686
0.021299
-0.062876
0.003504
-0.017395
-0.187575
-0.199621
-0.353949
-0.403156
-0.545892
-0.635030
-0.781716
-0.896516
-1.053989
-1.185229
-1.341259
-1.475955
-1.627110
-1.751829
-1.895504
-1.997949
-2.106284
-2.165447
-2.239753
-2.253570
-2.311575
-2.290457
-0.054807
-0.156279
-0.236314
-0.338018
-0.436034
-0.549914
-0.657729
-0.795301
-0.918087
-1.070955
-1.206746
-1.363618
-1.496099
-1.648467
-1.775833
-1.908410
-2.017506
-2.112828
-2.178671
-2.229031
-2.265196
-2.274769
-0.037739
-0.213642
-0.230737
-0.382458
-0.434916
-0.588248
-0.671227
-0.827810
-0.941581
-1.102820
-1.230854
-1.391310
-1.519477
-1.668448
-1.791379
-1.927347
-2.020354
-2.127394
-2.177519
-2.246647
-2.265196
-0.072891
-0.140399
-0.255984
-0.342503
-0.455792
-0.563932
-0.689554
-0.819241
-0.956312
-1.106053
-1.247353
-1.399317
-1.535479
-1.681478
-1.802489
-1.933886
-2.029730
-2.120280
-2.177518
-2.229032
-0.063261
-0.216713
-0.239383
-0.400547
-0.453951
-0.611373
-0.696307
-0.859991
-0.971269
-1.137592
-1.263612
-1.422657
-1.545266
-1.694490
-1.809570
-1.938083
-2.029730
-2.127394
-2.178671
-0.063481
-0.154014
-0.265901
-0.348002
-0.474773
-0.577471
-0.712137
-0.839333
-0.983344
-1.128276
-1.270955
-1.420063
-1.552158
-1.691647
-1.809570
-1.933886
-2.020353
-2.112829
-0.074675
-0.207625
-0.258189
-0.408100
-0.468527
-0.628427
-0.714480
-0.880236
-0.990092
-1.156902
-1.277549
-1.432368
-1.552157
-1.694490
-1.802488
-1.927347
-2.017504
-0.074444
-0.160660
-0.267059
-0.359818
-0.483777
-0.587699
-0.725534
-0.849643
-0.994803
-1.134975
-1.277551
-1.420062
-1.545266
-1.681478
-1.791378
-1.908410
-0.071868
-0.211638
-0.268622
-0.410043
-0.482140
-0.635058
-0.724908
-0.887561
-0.994802
-1.156901
-1.270953
-1.422657
-1.535476
-1.668448
-1.775832
-0.080344
-0.159038
-0.272528
-0.364649
-0.485669
-0.593287
-0.724912
-0.849643
-0.990094
-1.128276
-1.263611
-1.399316
-1.519476
-1.648467
-0.076620
-0.213460
-0.271821
-0.412995
-0.485669
-0.635057
-0.725533
-0.880237
-0.983342
-1.137591
-1.247350
-1.391308
-1.496096
-0.078773
-0.160617
-0.271821
-0.364647
-0.482142
-0.587702
-0.714484
-0.839335
-0.971272
-1.106052
-1.230853
-1.363617
-0.078775
-0.213457
-0.272521
-0.410042
-0.483776
-0.628427
-0.712140
-0.859990
-0.956312
-1.102819
-1.206742
-0.076624
-0.159035
-0.268613
-0.359816
-0.468535
-0.577473
-0.696317
-0.819243
-0.941585
-1.070954
-0.080343
-0.211628
-0.267048
-0.408094
-0.474779
-0.611374
-0.689561
-0.827809
-0.918089
-0.071870
-0.160641
-0.258184
-0.348001
-0.453967
-0.563934
-0.671243
-0.795301
-0.074436
-0.207596
-0.265892
-0.400545
-0.455807
-0.588246
-0.657742
-0.074660
-0.153960
-0.239396
-0.342501
-0.434945
-0.549913
-0.063461
-0.216615
-0.256004
-0.382450
-0.436053
-0.063225
-0.140274
-0.230773
-0.338018
-0.072869
-0.213521
-0.236318
-0.037716
-0.156179
-0.054782
0.133176
0.129144
0.293343
0.326238
0.476824
0.550316
0.695234
0.801810
0.954959
1.082444
1.242714
1.380562
1.536462
1.668117
1.797126
1.895887
1.985354
2.034756
2.090383
2.108379
2.133020
2.125848
2.147932
0.106879
0.175816
0.274872
0.366353
0.473128
0.581254
0.709333
0.830225
0.979121
1.114630
1.272842
1.414325
1.564898
1.692804
1.817878
1.908132
1.992983
2.045080
2.086622
2.112763
2.134882
2.135980
0.131989
0.129160
0.296056
0.338575
0.495910
0.568861
0.729429
0.833145
0.996597
1.124695
1.288697
1.426183
1.582046
1.704133
1.831152
1.918422
1.999188
2.045683
2.094652
2.103161
2.134870
0.095427
0.208093
0.278679
0.393581
0.492154
0.615170
0.735552
0.872962
1.014303
1.160260
1.313433
1.454487
1.601221
1.723628
1.839918
1.926292
2.005723
2.045995
2.094706
2.112731
0.113632
0.138685
0.308047
0.348496
0.513415
0.588813
0.754490
0.858693
1.029529
1.154001
1.323596
1.455921
1.608580
1.725590
1.846824
1.923671
2.005718
2.045654
2.086623
0.111922
0.208198
0.287833
0.413486
0.504380
0.640396
0.757307
0.902395
1.040197
1.190485
1.335059
1.477523
1.616664
1.732259
1.846842
1.926280
1.999233
2.045042
0.107165
0.158905
0.305876
0.362901
0.526095
0.602900
0.772581
0.876250
1.047658
1.170812
1.340150
1.464419
1.616663
1.725577
1.839926
1.918377
1.993035
0.107069
0.211265
0.301244
0.420009
0.518406
0.656207
0.770936
0.919701
1.052690
1.199184
1.340157
1.477516
1.608602
1.723603
1.831217
1.908063
0.113578
0.163360
0.306829
0.375746
0.528378
0.613761
0.778523
0.880555
1.052692
1.170804
1.335066
1.455897
1.601252
1.704071
1.817930
0.105453
0.219063
0.304972
0.425573
0.527791
0.659258
0.778525
0.919695
1.047666
1.190470
1.323625
1.454451
1.582100
1.692768
0.110975
0.166437
0.308379
0.377847
0.527794
0.613757
0.770942
0.876238
1.040210
1.153970
1.313460
1.426142
1.564926
0.109078
0.219582
0.308380
0.425570
0.528381
0.656201
0.772591
0.902376
1.029551
1.160234
1.288729
1.414292
0.109081
0.166436
0.304977
0.375744
0.518414
0.602887
0.757320
0.858668
1.014319
1.124658
1.272878
0.110976
0.219064
0.306834
0.420004
0.526105
0.640382
0.754504
0.872940
0.996627
1.114587
0.105457
0.163361
0.301255
0.362897
0.504391
0.588798
0.735568
0.833108
0.979149
0.113585
0.211269
0.305884
0.413484
0.513428
0.615152
0.729453
0.830197
0.107078
0.158916
0.287843
0.348492
0.492169
0.568840
0.709348
0.107177
0.208214
0.308057
0.393580
0.495923
0.581240
0.111935
0.138707
0.278684
0.338577
0.473139
0.113643
0.208126
0.296059
0.366355
0.095430
0.129193
0.274879
0.131998
0.175840
0.106895
-0.017402
-0.187636
-0.199629
-0.353943
-0.403130
-0.545893
-0.635010
-0.781718
-0.896508
-1.053992
-1.185229
-1.341262
-1.475957
-1.627110
-1.751831
-1.895503
-1.997950
-2.106283
-2.165448
-2.239753
-2.253571
-2.311574
-2.290457
-2.299094
-2.324807
-2.309490
-2.316353
-2.310121
-2.310477
-2.313410
-2.307073
-2.307356
-2.301244
-2.296096
-2.278256
-2.261869
-2.229151
-2.187453
-2.133573
-2.065236
-1.983559
-1.894923
-1.801530
-1.700456
-1.610660
-1.509101
-0.147023
-0.139590
-0.269287
-0.266834
-0.388311
-0.403688
-0.517459
-0.545740
-0.657642
-0.695701
-0.803454
-0.853283
-0.950854
-1.008168
-1.097643
-1.149928
-1.233201
-1.277236
-1.346800
-1.387780
-1.440392
-1.464842
-0.209688
-0.267862
-0.333550
-0.381863
-0.467150
-0.513310
-0.615427
-0.663564
-0.772377
-0.829330
-0.934699
-0.997864
-1.099121
-1.157695
-1.251876
-1.305568
-1.382230
-1.434845
-1.492573
-1.537089
-1.587866
-0.326699
-0.337168
-0.463100
-0.481253
-0.607912
-0.639569
-0.761007
-0.812063
-0.923857
-0.988841
-1.093910
-1.160145
-1.256871
-1.321395
-1.400402
-1.461502
-1.525256
-1.573892
-1.629806
-1.660703
-0.393676
-0.466614
-0.543435
-0.607498
-0.702486
-0.774860
-0.876933
-0.956334
-1.063158
-1.140406
-1.245886
-1.319370
-1.411549
-1.479031
-1.558317
-1.611964
-1.680829
-1.721893
-1.775505
-0.527400
-0.557126
-0.687255
-0.733562
-0.857913
-0.922708
-1.043580
-1.118258
-1.231104
-1.311054
-1.408155
-1.486537
-1.569734
-1.636422
-1.707261
-1.761282
-1.816302
-1.855934
-0.611694
-0.701956
-0.785961
-0.880137
-0.980335
-1.076944
-1.183334
-1.280454
-1.381328
-1.471813
-1.567216
-1.641602
-1.728680
-1.788950
-1.859805
-1.902982
-1.960012
-0.754281
-0.819971
-0.948510
-1.024417
-1.151098
-1.239200
-1.355071
-1.445678
-1.551669
-1.635156
-1.728113
-1.803756
-1.875541
-1.936032
-1.991534
-2.028399
-0.864829
-0.975209
-1.071736
-1.187621
-1.289445
-1.401743
-1.506752
-1.605544
-1.706854
-1.793891
-1.880499
-1.947150
-2.019399
-2.056451
-2.111413
-1.021242
-1.115770
-1.241370
-1.339853
-1.463655
-1.557947
-1.674335
-1.766515
-1.865085
-1.943965
-2.021628
-2.074028
-2.126271
-2.162124
-1.149163
-1.275742
-1.380899
-1.499694
-1.608764
-1.721191
-1.822647
-1.918147
-2.006814
-2.069212
-2.134739
-2.171307
-2.210929
-1.313898
-1.418028
-1.546354
-1.650142
-1.769485
-1.867990
-1.973304
-2.047971
-2.122481
-2.172555
-2.211990
-2.241931
-1.447575
-1.577055
-1.684174
-1.806823
-1.912709
-2.008307
-2.092162
-2.155640
-2.205388
-2.238609
-2.268972
-1.602891
-1.714207
-1.839476
-1.937068
-2.042915
-2.117434
-2.183447
-2.226471
-2.262970
-2.280229
-1.737441
-1.862292
-1.967920
-2.070162
-2.143276
-2.205026
-2.248226
-2.272793
-2.294799
-1.879409
-1.980949
-2.081023
-2.151826
-2.218639
-2.251959
-2.285570
-2.298975
-1.994668
-2.099351
-2.173159
-2.231023
-2.267624
-2.292388
-2.304764
-2.100902
-2.164168
-2.229835
-2.262151
-2.294577
-2.301028
-2.180496
-2.242347
-2.278853
-2.298431
-2.311573
-2.231918
-2.255658
-2.295599
-2.300528
-2.279831
-2.305815
-2.311393
-2.284128
-2.295547
-2.311385
0.037021
0.102179
0.145914
0.230847
0.259832
0.359417
0.389282
0.492422
0.528189
0.633704
0.675038
0.779974
0.826442
0.926792
0.976655
1.065019
1.119484
1.192128
1.241835
1.306409
1.348460
1.390270
1.435775
2.140417
2.145166
2.138113
2.135517
2.138390
2.138299
2.135972
2.135386
2.137671
2.130156
2.126941
2.117771
2.099032
2.078203
2.042647
2.001234
1.943518
1.882749
1.796487
1.725973
1.620278
1.545554
2.142811
2.126471
2.145408
2.135995
2.139502
2.137710
2.139616
2.134070
2.128689
2.123817
2.104701
2.089911
2.059124
2.022137
1.975545
1.914117
1.843476
1.764846
1.678334
1.578844
1.495489
2.131118
2.137193
2.127025
2.132993
2.129111
2.123512
2.119308
2.112459
2.098336
2.082634
2.060127
2.026288
1.988465
1.935193
1.871843
1.804601
1.716843
1.634770
1.539333
1.453762
2.113158
2.108268
2.119315
2.105328
2.109383
2.100937
2.089156
2.076957
2.055864
2.029367
1.993761
1.948958
1.891412
1.829546
1.749969
1.666985
1.580283
1.485674
1.389443
2.088790
2.084287
2.081367
2.079735
2.064444
2.055397
2.037426
2.011135
1.983000
1.940985
1.893797
1.836313
1.765264
1.691460
1.606162
1.522235
1.422552
1.348455
2.041692
2.034574
2.029249
2.018508
2.006963
1.983408
1.959141
1.925813
1.881085
1.833384
1.766909
1.703166
1.620806
1.542742
1.447758
1.370499
1.267893
1.977099
1.971329
1.959742
1.940164
1.919987
1.888505
1.852752
1.806114
1.753553
1.690910
1.620412
1.545964
1.459361
1.385633
1.286791
1.215672
1.889794
1.872458
1.858171
1.832646
1.801584
1.764554
1.716013
1.666476
1.598340
1.539021
1.453353
1.390252
1.292503
1.227475
1.129469
1.786338
1.762936
1.740531
1.704174
1.669658
1.618730
1.567783
1.506746
1.438178
1.372308
1.289433
1.222612
1.134012
1.069252
1.650304
1.622215
1.591829
1.553473
1.504872
1.461230
1.392708
1.346378
1.261012
1.212904
1.119420
1.069749
0.972139
1.517599
1.478538
1.447377
1.399941
1.352290
1.298508
1.235341
1.178963
1.104765
1.047477
0.966549
0.914358
1.355136
1.320186
1.272965
1.238204
1.172264
1.139298
1.057128
1.025565
0.934648
0.904989
0.807994
1.214046
1.173637
1.130954
1.085955
1.029637
0.983007
0.917178
0.870698
0.797354
0.756213
1.048143
1.016542
0.956630
0.933004
0.857399
0.839405
0.752089
0.740507
0.645278
0.918333
0.885553
0.834283
0.797492
0.737659
0.703252
0.634906
0.604273
0.763073
0.736929
0.672676
0.663405
0.580359
0.582527
0.491131
0.655709
0.633199
0.572368
0.551377
0.485498
0.464659
0.510614
0.497253
0.428438
0.432292
0.348599
0.428532
0.417274
0.349068
0.343262
0.297224
0.291643
0.220036
0.228203
0.235579
0.117733
-0.055524
-0.092800
-0.155373
-0.182682
-0.270147
-0.292608
-0.390667
-0.419101
-0.521929
-0.556104
-0.663361
-0.701366
-0.807899
-0.852857
-0.949090
-1.000185
-1.085737
-1.132918
-1.210321
-1.252181
-1.311908
-1.360520
-1.403770
-1.294615
-1.203066
-1.049627
-0.941586
-0.794541
-0.678131
-0.545085
-0.432344
-0.307375
-0.201205
-0.082518
0.022929
0.141726
0.249206
0.373462
0.484982
0.617113
0.730796
0.874772
0.984530
1.132276
1.235818
1.385917
0.056537
0.038538
0.141083
0.142085
0.249723
0.259617
0.367778
0.391927
0.497163
0.533202
0.636659
0.680085
0.780826
0.826619
0.924111
0.968513
1.056070
1.101392
1.177583
1.211833
1.288909
1.311563
-0.062908
0.013871
0.045292
0.134024
0.154773
0.258543
0.276826
0.384864
0.409766
0.515864
0.549023
0.650985
0.691373
0.786227
0.830160
0.917157
0.961876
1.033089
1.084459
1.135760
1.184808
-0.065995
-0.059954
0.026379
0.044549
0.136462
0.156450
0.256349
0.280085
0.382600
0.412944
0.514597
0.549947
0.649032
0.687619
0.781840
0.817880
0.910467
0.939136
1.023908
1.052828
-0.175708
-0.080982
-0.065023
0.028559
0.047053
0.146813
0.164772
0.269267
0.290155
0.394001
0.421384
0.520461
0.554440
0.645171
0.685903
0.765095
0.807935
0.878690
0.919343
-0.182911
-0.174261
-0.085947
-0.065562
0.021711
0.047377
0.139700
0.166282
0.263778
0.290922
0.390208
0.418851
0.517506
0.545423
0.641392
0.669313
0.758904
0.783924
-0.293573
-0.188326
-0.183525
-0.081721
-0.068367
0.031032
0.049441
0.148536
0.170485
0.268520
0.294615
0.388183
0.418834
0.506398
0.539820
0.619239
0.655482
-0.308809
-0.293187
-0.203542
-0.183378
-0.093951
-0.068572
0.022873
0.049406
0.143663
0.169279
0.266080
0.289606
0.386527
0.408415
0.503644
0.523852
-0.415170
-0.310058
-0.304627
-0.200164
-0.187589
-0.088010
-0.069061
0.027389
0.050723
0.143684
0.169867
0.259580
0.287217
0.372565
0.400361
-0.441854
-0.416916
-0.327737
-0.304918
-0.212555
-0.187058
-0.094062
-0.068791
0.025929
0.049379
0.144558
0.165275
0.260410
0.278688
-0.543594
-0.442179
-0.428067
-0.325163
-0.308763
-0.209368
-0.187445
-0.092728
-0.068052
0.023454
0.049201
0.137190
0.162109
-0.578743
-0.545862
-0.457346
-0.427854
-0.332782
-0.306280
-0.210285
-0.184593
-0.089043
-0.067033
0.028416
0.047187
-0.679455
-0.578938
-0.553677
-0.454739
-0.429809
-0.330528
-0.304789
-0.209880
-0.182418
-0.091283
-0.065866
-0.717785
-0.679762
-0.587584
-0.550162
-0.454238
-0.422938
-0.323467
-0.297844
-0.200071
-0.178043
-0.816321
-0.715845
-0.682106
-0.583952
-0.547702
-0.451099
-0.418124
-0.321700
-0.292136
-0.858164
-0.811968
-0.713668
-0.671776
-0.572430
-0.534856
-0.434759
-0.406884
-0.947485
-0.852068
-0.807073
-0.707904
-0.663452
-0.567047
-0.524148
-0.991247
-0.934822
-0.835369
-0.788245
-0.683216
-0.644372
-1.071960
-0.981582
-0.921595
-0.826743
-0.771720
-1.107009
-1.048391
-0.947309
-0.894317
-1.185263
-1.094545
-1.026116
-1.205731
-1.152149
-1.273961
-0.017435
-0.187636
-0.199619
-0.353911
-0.403120
-0.545879
-0.635014
-0.781725
-0.896516
-1.053999
-1.185235
-1.341261
-1.475956
-1.627108
-1.751827
-1.895501
-1.997948
-2.106282
-2.165447
-2.239753
-2.253570
-2.311575
-2.290457
-2.299095
-2.324807
-2.309491
-2.316353
-2.310122
-2.310477
-2.313412
-2.307074
-2.307358
-2.301244
-2.296097
-2.278257
-2.261870
-2.229151
-2.187454
-2.133572
-2.065236
-1.983556
-1.894922
-1.801527
-1.700454
-1.610656
-1.509101
-0.147038
-0.139603
-0.269290
-0.266832
-0.388309
-0.403695
-0.517460
-0.545752
-0.657644
-0.695706
-0.803457
-0.853288
-0.950852
-1.008171
-1.097643
-1.149928
-1.233199
-1.277239
-1.346797
-1.387780
-1.440392
-1.464841
-0.209682
-0.267847
-0.333552
-0.381861
-0.467146
-0.513316
-0.615427
-0.663568
-0.772379
-0.829335
-0.934696
-0.997866
-1.099120
-1.157693
-1.251873
-1.305568
-1.382227
-1.434842
-1.492571
-1.537085
-1.587864
-0.326687
-0.337162
-0.463094
-0.481258
-0.607921
-0.639574
-0.761017
-0.812069
-0.923859
-0.988845
-1.093912
-1.160145
-1.256871
-1.321395
-1.400400
-1.461501
-1.525255
-1.573889
-1.629805
-1.660701
-0.393654
-0.466606
-0.543436
-0.607498
-0.702488
-0.774868
-0.876932
-0.956340
-1.063158
-1.140407
-1.245884
-1.319370
-1.411544
-1.479030
-1.558315
-1.611961
-1.680826
-1.721891
-1.775502
-0.527392
-0.557129
-0.687260
-0.733574
-0.857920
-0.922716
-1.043586
-1.118258
-1.231106
-1.311053
-1.408154
-1.486535
-1.569734
-1.636418
-1.707260
-1.761279
-1.816300
-1.855932
-0.611693
-0.701960
-0.785963
-0.880145
-0.980339
-1.076948
-1.183334
-1.280456
-1.381324
-1.471813
-1.567213
-1.641599
-1.728677
-1.788948
-1.859802
-1.902981
-1.960011
-0.754286
-0.819982
-0.948521
-1.024423
-1.151106
-1.239202
-1.355072
-1.445676
-1.551669
-1.635152
-1.728112
-1.803753
-1.875540
-1.936030
-1.991534
-2.028396
-0.864834
-0.975215
-1.071740
-1.187625
-1.289443
-1.401744
-1.506749
-1.605542
-1.706851
-1.793890
-1.880496
-1.947150
-2.019397
-2.056450
-2.111412
-1.021254
-1.115777
-1.241376
-1.339854
-1.463657
-1.557944
-1.674336
-1.766511
-1.865085
-1.943962
-2.021629
-2.074026
-2.126272
-2.162122
-1.149165
-1.275745
-1.380898
-1.499692
-1.608761
-1.721190
-1.822643
-1.918147
-2.006812
-2.069211
-2.134738
-2.171308
-2.210928
-1.313905
-1.418027
-1.546357
-1.650139
-1.769485
-1.867987
-1.973305
-2.047968
-2.122482
-2.172553
-2.211991
-2.241930
-1.447575
-1.577053
-1.684170
-1.806822
-1.912707
-2.008306
-2.092161
-2.155640
-2.205387
-2.238610
-2.268972
-1.602893
-1.714204
-1.839478
-1.937064
-2.042917
-2.117431
-2.183448
-2.226469
-2.262972
-2.280227
-1.737439
-1.862290
-1.967919
-2.070162
-2.143275
-2.205027
-2.248226
-2.272794
-2.294799
-1.879411
-1.980946
-2.081025
-2.151824
-2.218642
-2.251957
-2.285572
-2.298974
-1.994666
-2.099350
-2.173159
-2.231023
-2.267624
-2.292389
-2.304764
-2.100905
-2.164166
-2.229838
-2.262150
-2.294578
-2.301027
-2.180496
-2.242348
-2.278853
-2.298432
-2.311573
-2.231920
-2.255657
-2.295601
-2.300527
-2.279831
-2.305815
-2.311393
-2.284129
-2.295547
-2.311385
0.037003
0.102197
0.145898
0.230870
0.259818
0.359445
0.389272
0.492451
0.528185
0.633739
0.675045
0.780021
0.826457
0.926857
0.976703
1.065085
1.119559
1.192248
1.241894
1.306555
1.348587
1.390380
1.435887
2.140447
2.144975
2.137970
2.135457
2.138166
2.137927
2.136092
2.135105
2.137469
2.130164
2.126957
2.117399
2.099320
2.077974
2.042676
2.001147
1.943676
1.882472
1.796722
1.725788
1.620366
1.545419
2.142854
2.126668
2.145474
2.136101
2.139804
2.137855
2.139566
2.134453
2.128670
2.123859
2.104811
2.090089
2.058888
2.022455
1.975391
1.914232
1.843384
1.765043
1.678122
1.579061
1.495378
2.131053
2.136999
2.127028
2.132752
2.128906
2.123476
2.119199
2.112164
2.098464
2.082458
2.060047
2.026244
1.988546
1.934945
1.872031
1.804445
1.716914
1.634654
1.539471
1.453568
2.113282
2.108365
2.119368
2.105598
2.109445
2.101006
2.089337
2.077094
2.055769
2.029620
1.993717
1.949020
1.891403
1.829703
1.749801
1.667176
1.580179
1.485774
1.389361
2.088705
2.084212
2.081244
2.079522
2.064455
2.055234
2.037289
2.011096
1.982984
1.940782
1.893895
1.836198
1.765267
1.691378
1.606261
1.522069
1.422672
1.348345
2.041742
2.034663
2.029400
2.018619
2.006975
1.983611
1.959176
1.925864
1.881153
1.833502
1.766822
1.703317
1.620759
1.542811
1.447706
1.370619
1.267785
1.977072
1.971193
1.959629
1.940103
1.919913
1.888343
1.852767
1.806016
1.753494
1.690854
1.620444
1.545832
1.459431
1.385550
1.286827
1.215591
1.889841
1.872598
1.858226
1.832714
1.801681
1.764651
1.716002
1.666600
1.598352
1.539069
1.453354
1.390343
1.292438
1.227567
1.129424
1.786267
1.762823
1.740504
1.704078
1.669579
1.618674
1.567759
1.506639
1.438192
1.372245
1.289427
1.222553
1.134052
1.069170
1.650380
1.622287
1.591860
1.553575
1.504913
1.461278
1.392748
1.346450
1.260996
1.212976
1.119412
1.069797
0.972115
1.517538
1.478484
1.447329
1.399855
1.352269
1.298449
1.235303
1.178916
1.104765
1.047413
0.966563
0.914314
1.355175
1.320234
1.273015
1.238263
1.172281
1.139360
1.057148
1.025605
0.934655
0.905039
0.807979
1.214016
1.173584
1.130911
1.085912
1.029612
0.982955
0.917165
0.870662
0.797345
0.756179
1.048170
1.016592
0.956660
0.933042
0.857425
0.839448
0.752099
0.740547
0.645282
0.918305
0.885515
0.834260
0.797460
0.737637
0.703225
0.634894
0.604247
0.763100
0.736963
0.672697
0.663441
0.580377
0.582560
0.491142
0.655690
0.633181
0.572351
0.551358
0.485484
0.464642
0.510632
0.497280
0.428457
0.432321
0.348613
0.428522
0.417266
0.349054
0.343253
0.297236
0.291666
0.220048
0.228196
0.235579
0.117735
-0.055526
-0.092794
-0.155371
-0.182682
-0.270143
-0.292612
-0.390663
-0.419106
-0.521924
-0.556112
-0.663357
-0.701368
-0.807898
-0.852859
-0.949087
-1.000184
-1.085736
-1.132914
-1.210319
-1.252180
-1.311905
-1.360517
-1.403768
-1.294617
-1.203063
-1.049631
-0.941581
-0.794554
-0.678125
-0.545102
-0.432335
-0.307394
-0.201181
-0.082545
0.022961
0.141688
0.249255
0.373408
0.485050
0.617033
0.730889
0.874672
0.984646
1.132125
1.236033
1.385652
0.056532
0.038539
0.141080
0.142092
0.249717
0.259622
0.367766
0.391930
0.497141
0.533196
0.636625
0.680067
0.780780
0.826576
0.924050
0.968464
1.055964
1.101331
1.177483
1.211722
1.288784
1.311535
-0.062934
0.013879
0.045275
0.134042
0.154763
0.258568
0.276819
0.384893
0.409769
0.515898
0.549036
0.651027
0.691402
0.786289
0.830194
0.917241
0.961938
1.033171
1.084530
1.135906
1.184800
-0.066011
-0.059952
0.026379
0.044551
0.136454
0.156451
0.256339
0.280079
0.382582
0.412931
0.514567
0.549924
0.648983
0.687587
0.781779
0.817826
0.910390
0.939099
1.023770
1.052830
-0.175718
-0.080959
-0.065039
0.028569
0.047052
0.146832
0.164772
0.269295
0.290161
0.394035
0.421400
0.520505
0.554466
0.645226
0.685940
0.765174
0.807955
0.878806
0.919355
-0.182912
-0.174265
-0.085970
-0.065548
0.021697
0.047374
0.139691
0.166271
0.263761
0.290905
0.390178
0.418828
0.517463
0.545396
0.641325
0.669296
0.758815
0.783908
-0.293572
-0.188336
-0.183504
-0.081732
-0.068362
0.031053
0.049439
0.148563
0.170492
0.268554
0.294628
0.388226
0.418852
0.506458
0.539834
0.619314
0.655492
-0.308819
-0.293169
-0.203569
-0.183369
-0.093958
-0.068593
0.022872
0.049392
0.143645
0.169263
0.266051
0.289589
0.386481
0.408401
0.503584
0.523846
-0.415171
-0.310058
-0.304626
-0.200152
-0.187608
-0.087974
-0.069074
0.027419
0.050728
0.143716
0.169876
0.259624
0.287224
0.372621
0.400364
-0.441865
-0.416916
-0.327736
-0.304931
-0.212544
-0.187089
-0.094060
-0.068809
0.025910
0.049372
0.144524
0.165267
0.260368
0.278684
-0.543592
-0.442181
-0.428068
-0.325147
-0.308773
-0.209339
-0.187455
-0.092702
-0.068044
0.023476
0.049213
0.137227
0.162110
-0.578754
-0.545860
-0.457355
-0.427857
-0.332784
-0.306291
-0.210295
-0.184595
-0.089082
-0.067020
0.028373
0.047189
-0.679452
-0.578941
-0.553673
-0.454737
-0.429804
-0.330514
-0.304779
-0.209876
-0.182388
-0.091285
-0.065852
-0.717790
-0.679759
-0.587594
-0.550160
-0.454252
-0.422935
-0.323488
-0.297828
-0.200117
-0.178025
-0.816318
-0.715844
-0.682102
-0.583949
-0.547697
-0.451094
-0.418114
-0.321691
-0.292123
-0.858171
-0.811965
-0.713676
-0.671773
-0.572445
-0.534852
-0.434780
-0.406878
-0.947481
-0.852068
-0.807070
-0.707899
-0.663447
-0.567041
-0.524142
-0.991251
-0.934818
-0.835379
-0.788241
-0.683228
-0.644368
-1.071960
-0.981579
-0.921591
-0.826740
-0.771716
-1.107012
-1.048391
-0.947315
-0.894313
-1.185261
-1.094540
-1.026116
-1.205735
-1.152146
-1.273959
-0.055515
-0.092776
-0.155352
-0.182666
-0.270139
-0.292608
-0.390663
-0.419107
-0.521925
-0.556108
-0.663356
-0.701366
-0.807895
-0.852857
-0.949086
-1.000182
-1.085737
-1.132914
-1.210319
-1.252180
-1.311905
-1.360517
-1.403769
-2.311385
-2.295547
-2.311392
-2.300527
-2.311572
-2.301027
-2.304763
-2.298974
-2.294798
-2.280228
-2.268971
-2.241931
-2.210928
-2.162124
-2.111411
-2.028397
-1.960011
-1.855932
-1.775502
-1.660703
-1.587864
-1.464842
-2.284128
-2.305816
-2.295600
-2.298432
-2.294577
-2.292389
-2.285571
-2.272794
-2.262971
-2.238610
-2.211990
-2.171307
-2.126270
-2.056449
-1.991532
-1.902980
-1.816299
-1.721891
-1.629804
-1.537085
-1.440392
-2.279830
-2.255657
-2.278852
-2.262150
-2.267622
-2.251957
-2.248225
-2.226470
-2.205386
-2.172554
-2.134737
-2.074027
-2.019397
-1.936030
-1.859802
-1.761281
-1.680826
-1.573891
-1.492572
-1.387781
-2.231918
-2.242348
-2.229836
-2.231024
-2.218640
-2.205027
-2.183447
-2.155640
-2.122480
-2.069211
-2.021628
-1.947149
-1.875539
-1.788948
-1.707258
-1.611961
-1.525255
-1.434842
-1.346797
-2.180495
-2.164167
-2.173158
-2.151825
-2.143274
-2.117432
-2.092160
-2.047970
-2.006811
-1.943963
-1.880496
-1.803755
-1.728677
-1.636420
-1.558315
-1.461502
-1.382227
-1.277240
-2.100903
-2.099351
-2.081024
-2.070163
-2.042916
-2.008308
-1.973304
-1.918147
-1.865084
-1.793891
-1.728111
-1.641600
-1.569733
-1.479029
-1.400399
-1.305568
-1.233198
-1.994666
-1.980947
-1.967918
-1.937066
-1.912707
-1.867988
-1.822643
-1.766513
-1.706851
-1.635154
-1.567214
-1.486536
-1.411545
-1.321397
-1.251872
-1.149929
-1.879409
-1.862293
-1.839476
-1.806823
-1.769485
-1.721191
-1.674334
-1.605543
-1.551669
-1.471811
-1.408153
-1.319370
-1.256868
-1.157692
-1.097642
-1.737438
-1.714205
-1.684170
-1.650140
-1.608760
-1.557945
-1.506748
-1.445676
-1.381323
-1.311054
-1.245881
-1.160145
-1.099119
-1.008170
-1.602891
-1.577054
-1.546353
-1.499692
-1.463654
-1.401741
-1.355069
-1.280453
-1.231100
-1.140403
-1.093909
-0.997862
-0.950849
-1.447571
-1.418026
-1.380895
-1.339851
-1.289439
-1.239199
-1.183328
-1.118256
-1.063154
-0.988841
-0.934693
-0.853289
-1.313896
-1.275739
-1.241367
-1.187618
-1.151096
-1.076942
-1.043579
-0.956332
-0.923854
-0.829331
-0.803451
-1.149160
-1.115771
-1.071732
-1.024417
-0.980332
-0.922709
-0.876928
-0.812068
-0.772373
-0.695706
-1.021239
-0.975206
-0.948511
-0.880136
-0.857915
-0.774863
-0.761009
-0.663565
-0.657641
-0.864833
-0.819980
-0.785962
-0.733573
-0.702485
-0.639577
-0.615428
-0.545751
-0.754281
-0.701958
-0.687259
-0.607502
-0.607921
-0.513315
-0.517461
-0.611704
-0.557144
-0.543441
-0.481269
-0.467153
-0.403702
-0.527404
-0.466618
-0.463110
-0.381866
-0.388312
-0.393687
-0.337189
-0.333545
-0.266843
-0.326700
-0.267848
-0.269281
-0.209657
-0.139579
-0.146992
0.133159
0.129128
0.293330
0.326243
0.476803
0.550342
0.695209
0.801845
0.954929
1.082492
1.242658
1.380634
1.536391
1.668178
1.797070
1.895955
1.985247
2.034876
2.090261
2.108444
2.132933
2.125911
2.147789
2.145663
2.121748
2.136257
2.132141
2.138209
2.132707
2.137706
2.142377
2.139471
2.144655
2.141982
2.140262
2.128860
2.121110
2.093610
2.068018
2.023517
1.969040
1.909180
1.828001
1.748262
1.651832
1.569729
0.117730
0.235555
0.220044
0.343241
0.348611
0.464636
0.491145
0.604243
0.645288
0.756181
0.807980
0.914316
0.972117
1.069169
1.129425
1.215592
1.267784
1.348346
1.389361
1.453568
1.495378
1.545420
0.228185
0.291656
0.349048
0.432315
0.485485
0.582555
0.634899
0.740548
0.797347
0.905041
0.966567
1.069795
1.134055
1.227567
1.286827
1.370619
1.422673
1.485773
1.539472
1.579061
1.620367
0.297229
0.417249
0.428457
0.551347
0.580381
0.703224
0.752101
0.870665
0.934659
1.047413
1.119415
1.222555
1.292437
1.385551
1.447706
1.522069
1.580178
1.634655
1.678121
1.725789
0.428516
0.497276
0.572350
0.663444
0.737638
0.839452
0.917170
1.025605
1.104769
1.212977
1.289426
1.390343
1.459432
1.542810
1.606262
1.667176
1.716914
1.765043
1.796723
0.510633
0.633173
0.672699
0.797460
0.857432
0.982955
1.057153
1.178919
1.260996
1.372246
1.453355
1.545832
1.620759
1.691380
1.749800
1.804447
1.843384
1.882473
0.655685
0.736970
0.834264
0.933046
1.029617
1.139364
1.235304
1.346452
1.438194
1.539068
1.620445
1.703318
1.765267
1.829703
1.872032
1.914232
1.943677
0.763108
0.885511
0.956668
1.085915
1.172283
1.298451
1.392750
1.506639
1.598353
1.690855
1.766821
1.836200
1.891403
1.934946
1.975390
2.001149
0.918307
1.016602
1.130912
1.238268
1.352271
1.461278
1.567759
1.666600
1.753494
1.833503
1.893895
1.949020
1.988546
2.022456
2.042676
1.048174
1.173585
1.273020
1.399854
1.504914
1.618676
1.716000
1.806018
1.881153
1.940784
1.993717
2.026246
2.058887
2.077976
1.214019
1.320238
1.447330
1.553578
1.669578
1.764651
1.852768
1.925864
1.982985
2.029621
2.060047
2.090089
2.099321
1.355178
1.478486
1.591859
1.704079
1.801681
1.888344
1.959176
2.011099
2.055768
2.082460
2.104811
2.117400
1.517537
1.622290
1.740504
1.832714
1.919913
1.983612
2.037290
2.077094
2.098465
2.123859
2.126958
1.650380
1.762824
1.858225
1.940105
2.006974
2.055237
2.089337
2.112166
2.128670
2.130166
1.786267
1.872600
1.959630
2.018620
2.064456
2.101007
2.119200
2.134454
2.137470
1.889839
1.971195
2.029400
2.079524
2.109445
2.123479
2.139566
2.135107
1.977073
2.034664
2.081245
2.105599
2.128907
2.137855
2.136093
2.041741
2.084215
2.119368
2.132754
2.139804
2.137929
2.088706
2.108365
2.127030
2.136102
2.138167
2.113282
2.137001
2.145474
2.135459
2.131054
2.126668
2.137971
2.142854
2.144976
2.140448
0.037004
0.102183
0.145899
0.230857
0.259819
0.359438
0.389271
0.492448
0.528189
0.633735
0.675051
0.780021
0.826459
0.926857
0.976705
1.065083
1.119561
1.192247
1.241894
1.306555
1.348588
1.390380
1.435888
-1.273958
-1.152147
-1.026115
-0.894313
-0.771716
-0.644368
-0.524142
-0.406881
-0.292133
-0.178046
-0.065865
0.047185
0.162110
0.278684
0.400364
0.523846
0.655493
0.783908
0.919355
1.052830
1.184800
1.311535
-1.205736
-1.094540
-0.947316
-0.826740
-0.683228
-0.567040
-0.434779
-0.321682
-0.200090
-0.091257
0.028385
0.137228
0.260367
0.372619
0.503584
0.619312
0.758815
0.878805
1.023770
1.135906
1.288784
-1.185260
-1.048392
-0.921590
-0.788241
-0.663446
-0.534853
-0.418117
-0.297846
-0.182417
-0.067039
0.049207
0.165266
0.287226
0.408401
0.539836
0.669297
0.807955
0.939099
1.084531
1.211721
-1.107013
-0.981578
-0.835380
-0.707899
-0.572444
-0.451093
-0.323483
-0.209859
-0.089067
0.023482
0.144525
0.259622
0.386480
0.506457
0.641324
0.765172
0.910391
1.033169
1.177484
-1.071959
-0.934818
-0.807068
-0.671774
-0.547696
-0.422935
-0.304783
-0.184601
-0.068046
0.049370
0.169877
0.289590
0.418853
0.545397
0.685943
0.817825
0.961940
1.101331
-0.991251
-0.852067
-0.713677
-0.583947
-0.454255
-0.330516
-0.210301
-0.092709
0.025905
0.143712
0.266048
0.388223
0.517463
0.645223
0.781779
0.917241
1.055963
-0.947480
-0.811964
-0.682101
-0.550160
-0.429799
-0.306283
-0.187442
-0.068800
0.050732
0.169265
0.294632
0.418828
0.554469
0.687589
0.830195
0.968464
-0.858172
-0.715842
-0.587595
-0.454738
-0.332794
-0.209355
-0.094079
0.027407
0.143640
0.268548
0.390176
0.520504
0.648982
0.786287
0.924051
-0.816315
-0.679760
-0.553671
-0.427851
-0.308759
-0.187066
-0.069055
0.049397
0.170496
0.290908
0.421401
0.549926
0.691407
0.826576
-0.717791
-0.578938
-0.457361
-0.325156
-0.212565
-0.088000
0.022857
0.148555
0.263755
0.394031
0.514566
0.651023
0.780781
-0.679450
-0.545859
-0.428061
-0.304921
-0.187589
-0.068578
0.049445
0.166274
0.290165
0.412931
0.549040
0.680071
-0.578754
-0.442182
-0.327743
-0.200155
-0.093964
0.031045
0.139683
0.269287
0.382578
0.515896
0.636622
-0.543591
-0.416914
-0.304629
-0.183382
-0.068367
0.047374
0.164775
0.280082
0.409770
0.533199
-0.441868
-0.310053
-0.203548
-0.081714
0.021700
0.146826
0.256330
0.384887
0.497140
-0.415171
-0.293186
-0.183529
-0.065561
0.047049
0.156453
0.276822
0.391929
-0.308817
-0.188317
-0.085957
0.028570
0.136447
0.258558
0.367760
-0.293576
-0.174257
-0.065028
0.044553
0.154766
0.259624
-0.182915
-0.080972
0.026368
0.134035
0.249704
-0.175708
-0.059944
0.045281
0.142093
-0.065998
0.013883
0.141066
-0.062910
0.038541
0.056527
-2.299095
-2.324807
-2.309491
-2.316353
-2.310122
-2.310477
-2.313411
-2.307073
-2.307356
-2.301244
-2.296097
-2.278256
-2.261870
-2.229151
-2.187454
-2.133573
-2.065237
-1.983559
-1.894924
-1.801531
-1.700457
-1.610660
-1.509102
-2.304365
-2.306512
-2.303478
-2.307643
-2.307927
-2.308167
-2.308425
-2.313905
-2.311311
-2.310265
-2.305170
-2.297346
-2.275746
-2.253522
-2.207956
-2.158672
-2.083108
-2.013659
-1.904977
-1.827904
-1.706185
-1.632531
-2.297212
-2.311572
-2.300789
-2.299628
-2.300441
-2.301904
-2.304231
-2.302164
-2.311409
-2.307382
-2.307811
-2.298728
-2.285785
-2.258433
-2.221215
-2.167115
-2.094592
-2.014855
-1.914000
-1.818425
-1.706185
-2.299537
-2.278976
-2.290449
-2.285554
-2.288659
-2.289035
-2.299927
-2.301815
-2.306516
-2.312691
-2.311039
-2.307984
-2.290831
-2.273189
-2.224773
-2.181476
-2.099941
-2.025497
-1.914001
-1.827904
-2.276812
-2.280729
-2.269025
-2.270921
-2.277691
-2.275001
-2.284544
-2.291542
-2.302371
-2.304288
-2.310652
-2.307227
-2.293228
-2.273261
-2.230184
-2.176748
-2.099940
-2.014855
-1.904976
-2.262000
-2.248099
-2.261244
-2.248198
-2.260854
-2.266908
-2.278898
-2.285158
-2.299539
-2.308461
-2.308733
-2.312758
-2.295671
-2.277699
-2.230186
-2.181476
-2.094593
-2.013659
-2.246797
-2.232081
-2.235493
-2.238024
-2.244833
-2.247235
-2.269166
-2.277611
-2.291725
-2.303357
-2.309417
-2.307813
-2.295670
-2.273261
-2.224771
-2.167115
-2.083106
-2.221960
-2.215957
-2.220312
-2.215139
-2.239017
-2.243705
-2.259528
-2.277962
-2.291560
-2.304635
-2.309418
-2.312758
-2.293229
-2.273189
-2.221216
-2.158672
-2.206505
-2.187105
-2.211075
-2.202946
-2.219796
-2.235704
-2.256886
-2.270428
-2.291559
-2.303356
-2.308732
-2.307228
-2.290830
-2.258433
-2.207955
-2.196875
-2.185667
-2.190516
-2.204235
-2.220107
-2.233291
-2.256886
-2.277961
-2.291725
-2.308461
-2.310653
-2.307984
-2.285786
-2.253522
-2.174103
-2.163196
-2.193058
-2.186119
-2.220106
-2.235704
-2.259526
-2.277611
-2.299537
-2.304288
-2.311038
-2.298728
-2.275744
-2.187355
-2.166096
-2.193058
-2.204235
-2.219796
-2.243704
-2.269166
-2.285158
-2.302373
-2.312691
-2.307812
-2.297346
-2.187354
-2.163196
-2.190516
-2.202946
-2.239017
-2.247235
-2.278898
-2.291542
-2.306515
-2.307382
-2.305169
-2.174104
-2.185666
-2.211077
-2.215139
-2.244834
-2.266908
-2.284545
-2.301815
-2.311410
-2.310265
-2.196874
-2.187106
-2.220312
-2.238024
-2.260854
-2.275001
-2.299926
-2.302164
-2.311310
-2.206506
-2.215957
-2.235492
-2.248199
-2.277691
-2.289035
-2.304232
-2.313905
-2.221960
-2.232081
-2.261244
-2.270921
-2.288659
-2.301905
-2.308424
-2.246797
-2.248099
-2.269026
-2.285555
-2.300441
-2.308168
-2.262000
-2.280730
-2.290448
-2.299629
-2.307927
-2.276812
-2.278976
-2.300790
-2.307643
-2.299537
-2.311572
-2.303478
-2.297212
-2.306512
-2.304365
-2.298763
-2.328844
-2.285516
-2.287622
-2.263734
-2.244398
-2.222167
-2.204033
-2.184525
-2.157662
-2.182946
-2.103966
-2.182946
-2.157662
-2.184525
-2.204032
-2.222167
-2.244398
-2.263734
-2.287621
-2.285516
-2.328843
-2.298763
-2.299094
-2.324807
-2.309490
-2.316353
-2.310121
-2.310477
-2.313411
-2.307074
-2.307357
-2.301245
-2.296096
-2.278257
-2.261869
-2.229151
-2.187453
-2.133572
-2.065235
-1.983556
-1.894921
-1.801527
-1.700454
-1.610657
-1.509100
-2.304365
-2.306512
-2.303478
-2.307643
-2.307927
-2.308168
-2.308424
-2.313905
-2.311310
-2.310264
-2.305169
-2.297346
-2.275745
-2.253522
-2.207955
-2.158671
-2.083106
-2.013657
-1.904974
-1.827902
-1.706183
-1.632529
-2.297213
-2.311572
-2.300790
-2.299629
-2.300442
-2.301905
-2.304232
-2.302164
-2.311410
-2.307382
-2.307812
-2.298729
-2.285787
-2.258433
-2.221216
-2.167114
-2.094592
-2.014852
-1.913999
-1.818422
-1.706184
-2.299537
-2.278976
-2.290448
-2.285555
-2.288659
-2.289034
-2.299926
-2.301815
-2.306515
-2.312692
-2.311039
-2.307986
-2.290831
-2.273189
-2.224771
-2.181475
-2.099939
-2.025495
-1.913998
-1.827902
-2.276812
-2.280730
-2.269026
-2.270921
-2.277691
-2.275000
-2.284545
-2.291543
-2.302375
-2.304291
-2.310655
-2.307229
-2.293230
-2.273261
-2.230186
-2.176747
-2.099939
-2.014852
-1.904975
-2.262000
-2.248099
-2.261244
-2.248198
-2.260853
-2.266908
-2.278900
-2.285161
-2.299540
-2.308462
-2.308733
-2.312758
-2.295670
-2.277699
-2.230184
-2.181475
-2.094591
-2.013657
-2.246797
-2.232081
-2.235492
-2.238024
-2.244834
-2.247237
-2.269169
-2.277613
-2.291726
-2.303356
-2.309418
-2.307814
-2.295671
-2.273261
-2.224772
-2.167114
-2.083107
-2.221960
-2.215957
-2.220312
-2.215139
-2.239018
-2.243706
-2.259527
-2.277960
-2.291557
-2.304633
-2.309418
-2.312759
-2.293229
-2.273189
-2.221215
-2.158670
-2.206506
-2.187106
-2.211077
-2.202947
-2.219797
-2.235704
-2.256884
-2.270426
-2.291559
-2.303358
-2.308735
-2.307229
-2.290832
-2.258433
-2.207955
-2.196874
-2.185666
-2.190516
-2.204235
-2.220106
-2.233290
-2.256886
-2.277963
-2.291728
-2.308463
-2.310654
-2.307985
-2.285785
-2.253521
-2.174104
-2.163196
-2.193058
-2.186119
-2.220107
-2.235705
-2.259530
-2.277615
-2.299541
-2.304290
-2.311039
-2.298728
-2.275745
-2.187355
-2.166096
-2.193058
-2.204235
-2.219797
-2.243706
-2.269169
-2.285159
-2.302372
-2.312690
-2.307811
-2.297345
-2.187355
-2.163196
-2.190516
-2.202947
-2.239018
-2.247236
-2.278898
-2.291542
-2.306515
-2.307382
-2.305170
-2.174104
-2.185667
-2.211076
-2.215139
-2.244833
-2.266907
-2.284543
-2.301814
-2.311410
-2.310264
-2.196874
-2.187105
-2.220312
-2.238023
-2.260853
-2.275001
-2.299926
-2.302165
-2.311311
-2.206505
-2.215956
-2.235493
-2.248198
-2.277691
-2.289034
-2.304232
-2.313904
-2.221960
-2.232081
-2.261244
-2.270922
-2.288659
-2.301906
-2.308425
-2.246797
-2.248099
-2.269026
-2.285554
-2.300441
-2.308166
-2.262000
-2.280730
-2.290448
-2.299629
-2.307927
-2.276812
-2.278976
-2.300789
-2.307642
-2.299536
-2.311572
-2.303478
-2.297212
-2.306512
-2.304365
2.141951
2.112132
2.108218
2.093090
2.069418
2.051869
2.022321
2.011817
1.970219
1.989800
1.922196
2.018692
1.922197
1.989800
1.970221
2.011818
2.022322
2.051869
2.069419
2.093090
2.108219
2.112132
2.141952
2.145569
2.121713
2.136012
2.132060
2.138132
2.132222
2.137663
2.142321
2.139172
2.144471
2.142254
2.139777
2.129039
2.121027
2.093623
2.067784
2.023857
1.968659
1.909429
1.827816
1.748404
1.651604
1.569937
2.125857
2.133388
2.121584
2.120322
2.120092
2.126179
2.120132
2.128710
2.130604
2.134500
2.134560
2.138645
2.129464
2.119794
2.103355
2.069380
2.035731
1.976450
1.919847
1.833817
1.763979
1.652914
2.122086
2.103262
2.116034
2.111974
2.108362
2.116395
2.119567
2.126960
2.128441
2.142305
2.137302
2.144714
2.139570
2.129875
2.112547
2.083648
2.042651
1.988875
1.927892
1.839122
1.763980
2.097449
2.102602
2.082666
2.095394
2.090709
2.096880
2.097339
2.113606
2.113693
2.127455
2.134016
2.135837
2.137188
2.127907
2.113489
2.079569
2.048192
1.981310
1.927891
1.833818
2.076794
2.079671
2.076542
2.075382
2.075087
2.093232
2.089538
2.109686
2.114373
2.129254
2.132891
2.145488
2.138531
2.135813
2.118503
2.085247
2.048193
1.988875
1.919848
2.056971
2.051915
2.044386
2.059134
2.048858
2.066416
2.073199
2.089516
2.101116
2.119986
2.126995
2.136340
2.140393
2.127235
2.118502
2.079569
2.042650
1.976450
2.029649
2.044082
2.021382
2.041405
2.039849
2.061464
2.064347
2.094532
2.097990
2.124282
2.130271
2.141279
2.140394
2.135813
2.113491
2.083648
2.035733
2.001659
2.005537
2.004187
2.012546
2.014917
2.041120
2.051995
2.078512
2.097957
2.112700
2.130270
2.136340
2.138530
2.127907
2.112547
2.069380
1.980699
2.001146
1.976963
2.015026
2.007817
2.044574
2.054541
2.084414
2.097959
2.124284
2.126996
2.145488
2.137189
2.129875
2.103357
1.954410
1.965619
1.966477
1.982666
2.003718
2.026246
2.054543
2.078516
2.097992
2.119987
2.132890
2.135837
2.139569
2.119794
1.941683
1.982016
1.957466
2.000312
2.003719
2.044577
2.051999
2.094534
2.101117
2.129253
2.134016
2.144714
2.129465
1.918868
1.948881
1.957466
1.982667
2.007818
2.041123
2.064348
2.089516
2.114372
2.127454
2.137301
2.138646
1.918869
1.982015
1.966477
2.015025
2.014917
2.061463
2.073198
2.109684
2.113694
2.142305
2.134562
1.941684
1.965619
1.976963
2.012545
2.039848
2.066415
2.089537
2.113606
2.128440
2.134501
1.954410
2.001146
2.004186
2.041405
2.048858
2.093233
2.097340
2.126961
2.130605
1.980701
2.005537
2.021383
2.059135
2.075089
2.096881
2.119567
2.128711
2.001660
2.044082
2.044387
2.075383
2.090711
2.116396
2.120133
2.029650
2.051916
2.076542
2.095395
2.108362
2.126180
2.056971
2.079671
2.082666
2.111974
2.120093
2.076795
2.102603
2.116034
2.120323
2.097450
2.103263
2.121585
2.122087
2.133389
2.125858
2.145663
2.121747
2.136257
2.132141
2.138209
2.132707
2.137706
2.142376
2.139472
2.144654
2.141983
2.140261
2.128860
2.121110
2.093610
2.068018
2.023518
1.969040
1.909180
1.828001
1.748263
1.651831
1.569730
2.125745
2.133285
2.121315
2.120385
2.119677
2.125860
2.120157
2.128586
2.130104
2.134869
2.134242
2.138569
2.129451
2.119954
2.102914
2.069803
2.035417
1.976594
1.919706
1.833997
1.763710
1.653132
2.122235
2.103472
2.116128
2.112106
2.108878
2.116573
2.119375
2.127611
2.128284
2.142328
2.137458
2.144962
2.139092
2.130473
2.112187
2.083843
2.042526
1.989133
1.927552
1.839500
1.763709
2.097192
2.102470
2.082573
2.095066
2.090108
2.097218
2.096908
2.113363
2.113793
2.127546
2.133393
2.136462
2.136739
2.128021
2.113395
2.079792
2.047772
1.981733
1.927553
1.833997
2.077099
2.079727
2.076685
2.076126
2.075085
2.093223
2.089950
2.109918
2.113802
2.130105
2.132440
2.145643
2.138510
2.136103
2.117985
2.085845
2.047771
1.989133
1.919705
2.056639
2.052015
2.043745
2.058693
2.048974
2.066353
2.072407
2.090303
2.100547
2.119991
2.127023
2.136569
2.139752
2.127933
2.117986
2.079791
2.042527
1.976593
2.029864
2.044256
2.022157
2.041635
2.039355
2.062486
2.063895
2.094590
2.098149
2.124612
2.129497
2.142236
2.139751
2.136103
2.113393
2.083842
2.035415
2.001416
2.005129
2.003253
2.013234
2.014292
2.040921
2.052165
2.078742
2.096992
2.113792
2.129498
2.136569
2.138511
2.128020
2.112188
2.069802
1.980995
2.002135
1.976871
2.014933
2.008207
2.045004
2.053404
2.085869
2.096991
2.124612
2.127023
2.145643
2.136738
2.130473
2.102913
1.953672
1.965056
1.966636
1.982968
2.002354
2.027875
2.053404
2.078742
2.098150
2.119991
2.132441
2.136462
2.139093
2.119954
1.942361
1.982546
1.956108
2.002342
2.002353
2.045003
2.052164
2.094590
2.100546
2.130105
2.133391
2.144961
2.129449
1.917918
1.950347
1.956108
1.982968
2.008207
2.040920
2.063895
2.090303
2.113802
2.127546
2.137458
2.138569
1.917918
1.982546
1.966636
2.014934
2.014291
2.062486
2.072405
2.109918
2.113792
2.142327
2.134240
1.942361
1.965056
1.976871
2.013234
2.039356
2.066353
2.089951
2.113362
2.128284
2.134868
1.953672
2.002135
2.003253
2.041635
2.048974
2.093223
2.096907
2.127611
2.130102
1.980994
2.005129
2.022157
2.058692
2.075085
2.097218
2.119375
2.128585
2.001416
2.044256
2.043744
2.076126
2.090106
2.116572
2.120155
2.029864
2.052014
2.076685
2.095065
2.108878
2.125859
2.056638
2.079727
2.082572
2.112106
2.119675
2.077098
2.102469
2.116128
2.120383
2.097191
2.103472
2.121313
2.122235
2.133284
2.125744

