Tension at each vertex
6.781846
6.781846
6.782975
6.782978
1.673310
6.066093
1.673311
6.066089
0.963826
0.965257
7.331422
7.334378
5.302140
6.014697
4.727004
5.132266
3.838608
4.029451
2.598753
2.723816
1.324375
1.499407
0.383712
0.768938
-0.089964
0.557240
-0.144677
0.615688
0.009036
0.812372
0.187986
1.076019
0.397523
1.279898
0.525246
5.251038
4.701385
4.617010
4.007847
3.624015
2.981630
2.419752
1.694461
1.190487
0.587086
0.260905
-0.026079
-0.142633
-0.216377
-0.151510
-0.122222
-0.017908
0.090571
0.167610
0.293303
0.343946
0.570374
5.340748
5.855627
4.581663
5.033868
3.629735
3.819876
2.418414
2.488724
1.144406
1.379128
0.257331
0.724207
-0.103606
0.539204
-0.144359
0.649857
-0.013957
0.843308
0.176842
1.080014
0.343864
5.167112
4.789194
4.515679
3.912430
3.563779
2.802514
2.278848
1.558388
1.035440
0.485186
0.212286
-0.083074
-0.142133
-0.195809
-0.165515
-0.096392
-0.006769
0.084833
0.176925
0.293337
5.231085
5.778977
4.581275
4.889442
3.521446
3.717925
2.247902
2.360611
1.035766
1.263461
0.195300
0.706264
-0.143772
0.560245
-0.143626
0.641799
-0.006882
0.843314
0.167500
5.276342
4.706866
4.488781
3.898028
3.456913
2.714558
2.200717
1.429074
0.964906
0.432295
0.152264
-0.090696
-0.138331
-0.208700
-0.143542
-0.096342
-0.013879
0.090583
5.204397
5.796134
4.487682
4.830067
3.471733
3.597836
2.166745
2.289678
0.939079
1.232256
0.166268
0.676398
-0.138464
0.560259
-0.165640
0.649789
-0.017920
5.218545
4.699102
4.505851
3.822245
3.419412
2.668773
2.117943
1.393114
0.938415
0.390888
0.166350
-0.090639
-0.143685
-0.195802
-0.144162
-0.122276
5.248177
5.724104
4.468528
4.808704
3.397098
3.566781
2.129852
2.238953
0.938285
1.232272
0.152133
0.706186
-0.142139
0.539023
-0.151561
5.217301
4.726028
4.459159
3.814775
3.405961
2.623437
2.129930
1.393177
0.939161
0.432301
0.195516
-0.083140
-0.103448
-0.216256
5.218475
5.715445
4.470815
4.769398
3.405861
3.566792
2.117817
2.289592
0.964913
1.263262
0.212234
0.724168
-0.142809
5.231390
4.703906
4.470881
3.814827
3.397158
2.668787
2.166965
1.429005
1.035937
0.485317
0.257366
-0.026014
5.231345
5.715441
4.459060
4.808630
3.419443
3.597613
2.200685
2.360561
1.035257
1.378980
0.260988
5.218501
4.726056
4.468718
3.822158
3.471911
2.714698
2.247932
1.558465
1.144719
0.586953
5.217360
5.723864
4.505881
4.830004
3.456737
3.717766
2.278955
2.488310
1.190521
5.248358
4.699219
4.487677
3.898123
3.521773
2.802369
2.418682
1.694672
5.218405
5.795993
4.488932
4.888976
3.563851
3.819756
2.419517
5.204683
4.706679
4.581566
3.912659
3.629714
2.981783
5.276524
5.778829
4.515449
5.033620
3.624236
5.231002
4.789381
4.582109
4.007627
5.167398
5.854886
4.617192
5.341151
4.701723
5.250780
5.218613
6.371886
5.258746
6.498575
5.242687
6.384563
5.331882
6.348002
5.306779
6.365295
5.320993
6.341935
5.320963
6.365349
5.306890
6.348091
5.331767
6.385069
5.242503
6.498790
5.259029
6.372161
5.218317
5.665842
6.849126
5.995147
6.979512
6.193760
7.087706
6.275463
7.111211
6.283660
7.050342
6.229492
6.921875
6.102752
6.766095
5.914827
6.578899
5.716922
6.369812
5.511881
6.186880
5.308927
6.008009
5.035406
5.697863
5.546408
5.977595
5.855504
6.108795
6.029736
6.193576
6.078450
6.210998
6.051499
6.146314
5.982125
6.018737
5.856147
5.873214
5.682302
5.695588
5.504571
5.498388
5.319763
5.276252
5.201939
5.762795
6.790922
5.976894
7.020909
6.177475
7.084448
6.284573
7.085949
6.277188
7.036101
6.190556
6.912987
6.066846
6.738001
5.896130
6.563823
5.690393
6.379550
5.484843
6.219116
5.276251
5.633991
5.690018
5.968845
5.877162
6.171934
6.017353
6.226276
6.085891
6.207780
6.057436
6.148771
5.960558
6.025263
5.841773
5.855625
5.689625
5.680214
5.512462
5.484529
5.319844
5.686876
6.755053
6.040913
6.976913
6.186616
7.098111
6.257150
7.093024
6.263936
7.012130
6.179864
6.900943
6.030244
6.740893
5.867927
6.558981
5.680199
6.379692
5.498616
5.753223
5.654915
5.993945
5.929451
6.162473
6.039070
6.249555
6.069326
6.230909
6.055616
6.140551
5.969199
6.025751
5.831520
5.867670
5.689696
5.690330
5.504381
5.680141
6.795004
6.001163
6.976432
6.203208
7.067047
6.263306
7.089833
6.232872
7.020221
6.162436
6.886713
6.025712
6.741022
5.855808
6.563767
5.695636
5.706410
5.671217
6.036237
5.907619
6.183642
6.051394
6.235750
6.085050
6.238345
6.040143
6.162244
5.969254
6.030215
5.841593
5.895939
5.682549
5.732381
6.742903
6.012436
6.985498
6.176813
7.078303
6.259121
7.069210
6.238293
7.020330
6.140682
6.900903
6.025285
6.738422
5.872975
5.710982
5.710437
6.012747
5.926988
6.193477
6.032187
6.259007
6.085083
6.232874
6.055460
6.179723
5.960760
6.066422
5.856082
5.712027
6.745899
6.027878
6.961916
6.193418
7.078378
6.235826
7.089818
6.230893
7.012501
6.148538
6.913182
6.019034
5.727511
5.696127
6.027849
5.926990
6.176847
6.051280
6.263201
6.069489
6.263604
6.057372
6.190665
5.981826
5.727450
6.745934
6.012768
6.985518
6.183569
7.067367
6.249342
7.093199
6.207998
7.036133
6.146160
5.712094
5.710376
6.012357
5.907752
6.202980
6.038996
6.257254
6.085640
6.276911
6.051843
5.710843
6.743174
6.036043
6.976567
6.162613
7.098182
6.226104
7.086616
6.210620
5.732261
5.671127
6.001275
5.929270
6.186379
6.017629
6.284128
6.078287
5.706471
6.795115
5.993723
6.977493
6.171604
7.084687
6.193862
5.679943
5.655143
6.040595
5.876993
6.177646
6.029406
5.752924
6.755248
5.969030
7.021070
6.108507
5.687049
5.689777
5.976546
5.855849
5.633634
6.791727
5.977176
5.762419
5.546145
5.698044
5.075280
6.307865
4.846064
5.810856
4.434388
5.212453
3.916348
4.529412
3.218776
3.796168
2.460760
2.978199
1.755321
2.246056
1.073469
1.713925
0.562462
1.272268
0.270420
1.013245
0.000250
0.926168
-0.134279
0.589130
0.596196
0.633762
0.634479
0.617274
0.644551
0.589895
0.560830
0.534492
0.464377
0.394987
0.349760
0.247075
0.168299
0.105034
0.002094
-0.080970
-0.118247
-0.193910
-0.260842
-0.185232
-0.210730
0.497611
1.288281
0.487386
1.279574
0.487901
1.199339
0.467638
1.124051
0.361926
1.039495
0.246251
0.891855
0.126673
0.761320
-0.047035
0.673360
-0.163892
0.577459
-0.177543
0.660808
-0.147160
0.371256
0.429939
0.403456
0.398114
0.410413
0.366969
0.327520
0.316491
0.235312
0.187823
0.134499
0.061954
-0.027684
-0.042873
-0.148558
-0.179358
-0.186655
-0.203688
-0.201632
-0.047124
0.278786
1.023208
0.290143
0.992525
0.233839
0.956098
0.176678
0.849100
0.109852
0.752725
-0.024512
0.676278
-0.128846
0.569542
-0.171903
0.572925
-0.204164
0.747377
-0.021991
0.199470
0.188395
0.168728
0.187773
0.133814
0.112212
0.087042
0.038636
-0.031415
-0.029823
-0.125632
-0.142949
-0.172396
-0.176220
-0.213802
-0.078489
-0.085775
0.093063
0.054367
0.804014
0.029716
0.739692
0.012244
0.685097
-0.073157
0.642939
-0.138191
0.560289
-0.169633
0.551646
-0.206406
0.658128
-0.090997
0.836911
0.234107
-0.030939
-0.020540
-0.029560
-0.051823
-0.096408
-0.071636
-0.148986
-0.141940
-0.173821
-0.155024
-0.207838
-0.078412
-0.110034
0.053327
0.172839
0.402571
-0.124283
0.584366
-0.164753
0.581928
-0.189627
0.537558
-0.183989
0.550753
-0.193128
0.643899
-0.088771
0.786635
0.172313
1.137366
0.539909
-0.171331
-0.130602
-0.185284
-0.153681
-0.170228
-0.131218
-0.173493
-0.043936
-0.070259
0.077334
0.173413
0.381280
0.511815
0.895242
-0.212630
0.549478
-0.174371
0.593183
-0.147922
0.704566
-0.020351
0.843897
0.227089
1.149978
0.549478
1.649282
1.079866
-0.088695
-0.037737
-0.060761
0.079305
0.059901
0.209540
0.293966
0.490063
0.596000
0.942242
1.088967
1.485123
0.025638
0.901385
0.157021
1.050556
0.409250
1.339204
0.713848
1.778584
1.177396
2.297631
1.799561
0.370869
0.523374
0.592508
0.779413
0.862191
1.173616
1.283565
1.641958
1.852183
2.258445
0.795753
1.736547
1.056818
2.118343
1.467308
2.561931
1.990800
3.128962
2.545736
1.373795
1.633803
1.699476
1.996179
2.142156
2.493566
2.633040
3.090041
1.953994
3.020578
2.356866
3.479788
2.800692
4.006985
3.319778
2.678262
2.928084
2.979075
3.346872
3.412120
3.807112
3.185568
4.375195
3.576541
4.766665
4.009339
3.820159
4.057505
4.090344
4.435318
4.216723
5.453464
4.508300
4.638187
4.923928
4.880363
5.666304
6.848826
5.994952
6.979192
6.194302
7.086805
6.275850
7.111114
6.283453
7.050088
6.230041
6.921119
6.103087
6.766087
5.914714
6.578704
5.717422
6.369345
5.512129
6.186937
5.309017
6.007862
5.035748
4.899660
5.722943
4.915896
5.731405
4.899314
5.677661
4.965023
5.715432
5.021790
5.821748
5.141161
5.936670
5.294585
6.111635
5.427257
6.318893
5.584211
6.501565
5.747818
6.715467
5.844838
6.977338
5.886026
5.526411
5.897030
5.776496
6.078315
5.921313
6.210459
6.025803
6.264846
6.103634
6.303126
6.103771
6.327594
6.107663
6.273747
6.111080
6.247481
6.026792
6.236196
5.996521
6.114072
5.984493
6.151624
5.818872
6.999942
5.944285
7.065405
6.053608
7.091957
6.129951
7.109342
6.134716
7.116909
6.130413
7.061048
6.115825
7.029662
6.021163
7.021685
5.958798
6.938920
5.922163
6.946261
5.757685
5.831411
6.130742
5.996305
6.225805
6.081155
6.285653
6.101824
6.316073
6.106703
6.277856
6.100175
6.244085
6.023275
6.216648
5.971474
6.114845
5.947455
6.052223
5.842210
6.021322
6.061351
7.086654
6.112240
7.120955
6.140730
7.122241
6.146105
7.069625
6.133230
7.016974
6.050704
6.974399
5.976811
6.872984
5.921975
6.811028
5.799560
6.795049
5.732455
5.996670
6.267035
6.084883
6.297981
6.107524
6.282321
6.102428
6.246654
6.035733
6.207253
5.968116
6.106945
5.918862
6.021967
5.813457
5.965846
5.751091
5.844131
6.172544
7.111485
6.170742
7.092886
6.156884
7.036857
6.093151
6.973903
6.013745
6.860439
5.940665
6.757659
5.815621
6.688463
5.715354
6.572895
5.667260
6.077097
6.300897
6.096265
6.264817
6.058647
6.217928
5.989011
6.121104
5.920546
6.018896
5.806740
5.934880
5.711211
5.804308
5.661717
5.694110
6.192271
7.062864
6.149781
7.004439
6.070853
6.896681
5.989495
6.772123
5.860294
6.662399
5.736126
6.515072
5.645342
6.390610
5.530660
6.078256
6.252601
6.020056
6.167221
5.951712
6.053125
5.835934
5.947462
5.716901
5.800914
5.628078
5.665837
5.513275
5.566764
6.136606
6.961106
6.061814
6.834561
5.941353
6.709263
5.802786
6.540656
5.682743
6.376838
5.529803
6.251038
5.402326
6.002840
6.122140
5.900756
6.008115
5.769465
5.851608
5.654633
5.691359
5.509087
5.563252
5.381040
5.408369
6.040304
6.801179
5.904747
6.636106
5.775850
6.451959
5.605227
6.290397
5.435850
6.099739
5.306883
5.860950
5.955344
5.738019
5.778573
5.575264
5.624639
5.412476
5.443036
5.289404
5.276412
5.894607
6.587108
5.732347
6.416782
5.550059
6.204927
5.388953
5.993109
5.195986
5.700163
5.753816
5.519075
5.552053
5.364357
5.354447
5.184815
5.197091
5.700645
6.381592
5.539699
6.162317
5.332957
5.958410
5.125195
5.516062
5.509240
5.312047
5.320633
5.120434
5.107365
5.513990
6.178324
5.313655
5.929751
5.118132
5.300040
5.278516
5.111241
5.067673
5.325111
5.977453
5.086941
5.072305
5.062654
5.206576
5.331940
6.838788
5.641107
6.883808
5.854815
6.971434
5.975260
7.061416
6.068969
7.081369
6.138335
7.106484
6.119338
7.129976
6.112901
7.077766
6.102869
7.081435
5.992998
7.123338
5.965436
7.038590
5.868290
0.189279
0.400026
0.803602
1.357190
2.022560
2.602336
3.299104
3.914551
4.401150
4.853765
5.237912
5.464817
5.691684
5.876238
5.935311
6.038434
6.102965
6.079527
6.092873
6.128614
5.978132
6.055558
0.150828
1.529067
1.129458
2.538057
2.380957
3.929486
3.707786
5.135290
4.865403
6.031317
5.584485
6.654614
5.998888
6.948941
6.260413
7.084171
6.307539
7.191709
6.248748
7.159768
6.231687
0.407099
0.672469
1.325060
1.920257
2.579906
3.231769
3.907197
4.368810
4.856347
5.227747
5.469443
5.696904
5.876756
5.954526
6.030775
6.130715
6.059890
6.131821
6.086372
6.033808
0.501508
1.924994
1.580332
3.149909
3.035462
4.483746
4.293573
5.648764
5.222760
6.375381
5.855728
6.802604
6.145491
7.078215
6.260609
7.146708
6.326952
7.119884
6.244078
0.663255
1.168848
1.904256
2.469046
3.226085
3.840100
4.377119
4.824063
5.236250
5.464890
5.702622
5.892812
5.951458
6.064468
6.105639
6.111296
6.087618
6.136525
0.976532
2.357383
2.235626
3.814493
3.625401
5.079929
4.825829
6.019189
5.572645
6.661303
6.003362
6.962371
6.259856
7.092911
6.303831
7.165226
6.260155
1.147089
1.793944
2.478342
3.144738
3.857784
4.331449
4.842022
5.215461
5.479265
5.703652
5.892962
5.971696
6.050066
6.133127
6.089078
6.119349
1.490047
3.003643
2.965644
4.419820
4.259072
5.626267
5.219425
6.378034
5.861349
6.814250
6.151044
7.071777
6.270642
7.121720
6.330555
1.786999
2.422949
3.167032
3.813792
4.362120
4.810119
5.232346
5.460787
5.707749
5.885356
5.971178
6.056787
6.126255
6.105568
2.191990
3.747486
3.622722
5.057383
4.829594
6.023590
5.580661
6.663493
6.013326
6.956699
6.260629
7.081740
6.309315
2.450433
3.143257
3.844405
4.337382
4.832345
5.201281
5.475467
5.685445
5.894452
5.962948
6.067193
6.118434
2.976214
4.426904
4.279131
5.634673
5.241167
6.387877
5.868536
6.820500
6.151110
7.061231
6.276366
3.189724
3.836901
4.373557
4.805985
5.216737
5.442077
5.696575
5.863127
5.982497
6.043691
3.675482
5.094539
4.854975
6.057358
5.596109
6.679862
6.018684
6.957989
6.249439
3.889058
4.368460
4.832531
5.180785
5.458379
5.654152
5.881953
5.947156
4.331667
5.687231
5.267373
6.426357
5.869674
6.841851
6.133999
4.417076
4.810214
5.195285
5.410328
5.671749
5.832022
4.892402
6.133213
5.608197
6.723965
5.998886
4.840817
5.146569
5.419598
5.609969
5.293536
6.532067
5.851081
5.131085
5.325516
5.657722
5.218613
6.371886
5.258745
6.498576
5.242687
6.384563
5.331883
6.348003
5.306780
6.365298
5.320994
6.341937
5.320966
6.365351
5.306894
6.348095
5.331771
6.385073
5.242507
6.498794
5.259033
6.372165
5.218321
5.301562
6.015095
4.727080
5.132474
3.838243
4.030102
2.598332
2.724038
1.324389
1.499503
0.383469
0.769308
-0.090252
0.557369
-0.144714
0.615726
0.008887
0.812532
0.187818
1.076071
0.397460
1.279907
0.525175
5.250780
4.701723
4.617193
4.007629
3.624238
2.981785
2.419519
1.694675
1.190524
0.586955
0.260990
-0.026012
-0.142809
-0.216258
-0.151561
-0.122277
-0.017920
0.090583
0.167500
0.293337
0.343864
0.570375
5.341151
5.854886
4.582110
5.033621
3.629716
3.819758
2.418685
2.488313
1.144721
1.378981
0.257367
0.724166
-0.103448
0.539024
-0.144162
0.649789
-0.013879
0.843314
0.176925
1.080014
0.343945
5.167399
4.789382
4.515450
3.912661
3.563854
2.802372
2.278958
1.558467
1.035259
0.485317
0.212235
-0.083138
-0.142138
-0.195804
-0.165641
-0.096343
-0.006883
0.084833
0.176842
0.293303
5.231002
5.778831
4.581567
4.888978
3.521776
3.717768
2.247935
2.360563
1.035938
1.263263
0.195516
0.706184
-0.143689
0.560259
-0.143543
0.641798
-0.006769
0.843307
0.167609
5.276524
4.706680
4.488934
3.898125
3.456740
2.714701
2.200687
1.429007
0.964914
0.432300
0.152131
-0.090639
-0.138463
-0.208701
-0.143627
-0.096393
-0.013959
0.090570
5.204684
5.795995
4.487679
4.830007
3.471914
3.597616
2.166968
2.289594
0.939162
1.232272
0.166350
0.676397
-0.138335
0.560243
-0.165517
0.649855
-0.017909
5.218407
4.699221
4.505884
3.822160
3.419447
2.668790
2.117820
1.393179
0.938285
0.390887
0.166265
-0.090699
-0.143772
-0.195810
-0.144361
-0.122223
5.248359
5.723866
4.468722
4.808633
3.397162
3.566796
2.129932
2.238954
0.938416
1.232254
0.152263
0.706263
-0.142137
0.539200
-0.151512
5.217362
4.726058
4.459064
3.814831
3.405865
2.623440
2.129855
1.393115
0.939079
0.432294
0.195297
-0.083079
-0.103609
-0.216379
5.218504
5.715444
4.470885
4.769401
3.405966
3.566784
2.117945
2.289680
0.964906
1.263460
0.212284
0.724206
-0.142636
5.231347
4.703909
4.470820
3.814779
3.397102
2.668776
2.166748
1.429075
1.035766
0.485183
0.257329
-0.026085
5.231395
5.715449
4.459164
4.808709
3.419417
3.597840
2.200719
2.360612
1.035439
1.379126
0.260901
5.218479
4.726032
4.468533
3.822250
3.471738
2.714562
2.247904
1.558388
1.144406
0.587083
5.217304
5.724109
4.505856
4.830072
3.456918
3.717929
2.278851
2.488725
1.190486
5.248182
4.699107
4.487687
3.898033
3.521451
2.802518
2.418418
1.694462
5.218548
5.796139
4.488786
4.889448
3.563785
3.819880
2.419755
5.204402
4.706872
4.581280
3.912435
3.629740
2.981634
5.276347
5.778982
4.515685
5.033874
3.624020
5.231089
4.789200
4.581668
4.007852
5.167117
5.855632
4.617016
5.340754
4.701391
5.251043
5.666304
6.848825
5.994951
6.979190
6.194300
7.086803
6.275848
7.111112
6.283450
7.050085
6.230038
6.921116
6.103083
6.766084
5.914710
6.578700
5.717419
6.369342
5.512125
6.186935
5.309014
6.007859
5.035745
5.698048
5.546148
5.977179
5.855851
6.108508
6.029407
6.193862
6.078286
6.210619
6.051841
6.146158
5.981823
6.019030
5.856079
5.872972
5.682544
5.695632
5.504378
5.498612
5.319842
5.276248
5.201935
5.762423
6.791729
5.976548
7.021071
6.177647
7.084687
6.284128
7.086614
6.276911
7.036131
6.190663
6.913179
6.066419
6.738419
5.895936
6.563765
5.690327
6.379688
5.484526
6.219112
5.276249
5.633637
5.689780
5.969032
5.876994
6.171606
6.017628
6.226104
6.085639
6.207997
6.057370
6.148535
5.960758
6.025282
5.841590
5.855805
5.689691
5.680194
5.512459
5.484838
5.319759
5.687052
6.755251
6.040597
6.977494
6.186380
7.098182
6.257254
7.093198
6.263603
7.012499
6.179721
6.900900
6.030211
6.741019
5.867666
6.558978
5.680213
6.379547
5.498385
5.752928
5.655146
5.993725
5.929271
6.162613
6.038996
6.249342
6.069487
6.230892
6.055459
6.140679
5.969252
6.025710
5.831516
5.867925
5.689622
5.690388
5.504567
5.679946
6.795117
6.001277
6.976568
6.202982
7.067366
6.263200
7.089817
6.232872
7.020328
6.162242
6.886710
6.025747
6.740890
5.855621
6.563817
5.695585
5.706474
5.671129
6.036046
5.907753
6.183569
6.051280
6.235825
6.085081
6.238290
6.040141
6.162433
5.969196
6.030241
5.841770
5.896127
5.682299
5.732265
6.743177
6.012358
6.985518
6.176846
7.078378
6.259006
7.069209
6.238344
7.020219
6.140548
6.900940
6.025260
6.737998
5.873211
5.710846
5.710377
6.012769
5.926991
6.193418
6.032187
6.259119
6.085049
6.232870
6.055614
6.179861
5.960555
6.066842
5.856144
5.712096
6.745936
6.027851
6.961917
6.193477
7.078302
6.235748
7.089831
6.230907
7.012128
6.148768
6.912985
6.018735
5.727454
5.696128
6.027878
5.926987
6.176812
6.051393
6.263304
6.069325
6.263935
6.057433
6.190553
5.982122
5.727512
6.745900
6.012748
6.985498
6.183642
7.067046
6.249554
7.093022
6.207777
7.036098
6.146311
5.712029
5.710438
6.012437
5.907618
6.203207
6.039069
6.257148
6.085888
6.277186
6.051496
5.710984
6.742903
6.036236
6.976431
6.162472
7.098109
6.226274
7.085947
6.210996
5.732381
5.671217
6.001163
5.929450
6.186615
6.017351
6.284572
6.078447
5.706411
6.795005
5.993944
6.976912
6.171933
7.084446
6.193574
5.680142
5.654914
6.040912
5.877161
6.177474
6.029734
5.753222
6.755053
5.968844
7.020908
6.108794
5.686876
5.690017
5.976893
5.855503
5.633991
6.790922
5.977593
5.762794
5.546406
5.697862
5.302140
6.014697
4.727005
5.132267
3.838610
4.029453
2.598756
2.723818
1.324377
1.499409
0.383713
0.768939
-0.089961
0.557241
-0.144677
0.615689
0.009036
0.812373
0.187986
1.076020
0.397523
1.279899
0.525246
0.627413
1.532608
0.707730
1.500106
0.747441
1.464439
0.696408
1.420578
0.636142
1.297475
0.549878
1.169750
0.383366
1.041258
0.209837
0.864463
0.053967
0.725977
-0.129850
0.675057
-0.206989
0.653922
-0.213058
4.880363
4.923928
4.508300
4.435318
4.009340
3.807113
3.319781
3.090044
2.545738
2.258449
1.799564
1.485126
1.079871
0.895244
0.539911
0.402573
0.234110
0.093065
-0.021990
-0.047124
-0.147159
-0.210730
4.638188
5.453464
4.090344
4.766666
3.412122
4.006987
2.633043
3.128965
1.852187
2.297635
1.088970
1.649285
0.511819
1.137369
0.172841
0.836912
-0.085775
0.747376
-0.201633
0.660807
-0.185233
4.216723
4.057507
3.576543
3.346874
2.800695
2.493568
1.990803
1.641962
1.177400
0.942246
0.549481
0.381283
0.172317
0.053331
-0.090993
-0.078488
-0.204165
-0.203690
-0.177546
-0.260844
3.820160
4.375196
2.979077
3.479790
2.142159
2.561934
1.283568
1.778587
0.596003
1.149982
0.173416
0.786638
-0.110031
0.658131
-0.213798
0.572929
-0.186652
0.577461
-0.193909
3.185570
2.928086
2.356869
1.996182
1.467311
1.173619
0.713852
0.490067
0.227092
0.077337
-0.088770
-0.078409
-0.206404
-0.176220
-0.171903
-0.179357
-0.163889
-0.118245
2.678264
3.020581
1.699479
2.118345
0.862195
1.339207
0.293969
0.843901
-0.070255
0.643903
-0.207838
0.551647
-0.172392
0.569544
-0.148558
0.673359
-0.080970
1.953997
1.633806
1.056821
0.779416
0.409253
0.209543
-0.020349
-0.043933
-0.193124
-0.155019
-0.169629
-0.142948
-0.128843
-0.042869
-0.047031
0.002097
1.373798
1.736549
0.592511
1.050559
0.059906
0.704569
-0.173491
0.550756
-0.173820
0.560292
-0.125628
0.676278
-0.027684
0.761321
0.105035
0.795755
0.523377
0.157023
0.079307
-0.147918
-0.131214
-0.183987
-0.141936
-0.138189
-0.029822
-0.024509
0.061956
0.126673
0.168299
0.370871
0.901388
-0.060759
0.593183
-0.170227
0.537561
-0.148985
0.642941
-0.031412
0.752726
0.134500
0.891856
0.247077
0.025639
-0.037734
-0.174367
-0.153679
-0.189625
-0.071633
-0.073156
0.038636
0.109854
0.187825
0.246253
0.349761
-0.088696
0.549479
-0.185282
0.581930
-0.096406
0.685100
0.087045
0.849102
0.235313
1.039496
0.394989
-0.212629
-0.130602
-0.164753
-0.051822
0.012244
0.112212
0.176679
0.316492
0.361927
0.464378
-0.171330
0.584368
-0.029559
0.739694
0.133815
0.956099
0.327521
1.124052
0.534493
-0.124283
-0.020539
0.029716
0.187774
0.233841
0.366970
0.467638
0.560830
-0.030939
0.804015
0.168729
0.992526
0.410414
1.199341
0.589897
0.054368
0.188395
0.290143
0.398114
0.487902
0.644551
0.199471
1.023208
0.403457
1.279575
0.617275
0.278787
0.429939
0.487387
0.634480
0.371256
1.288282
0.633762
0.497611
0.596196
0.589130
5.331940
6.838787
5.641105
6.883807
5.854814
6.971432
5.975259
7.061416
6.068968
7.081368
6.138338
7.106486
6.119338
7.129977
6.112903
7.077768
6.102870
7.081435
5.992998
7.123339
5.965436
7.038590
5.868290
5.206572
5.062651
5.086939
5.067669
5.118129
5.107363
5.125189
5.197091
5.195983
5.276409
5.306881
5.408364
5.402328
5.566760
5.530660
5.694109
5.667257
5.844130
5.732455
6.021321
5.757685
6.151624
5.072301
5.977449
5.111238
5.929748
5.120432
5.958406
5.184813
5.993106
5.289401
6.099737
5.381036
6.251039
5.513272
6.390609
5.661718
6.572891
5.751089
6.795049
5.842208
6.946260
5.984492
5.325107
5.278512
5.313652
5.320630
5.332954
5.354445
5.388949
5.443033
5.435847
5.563248
5.529801
5.665835
5.645340
5.804308
5.715351
5.965844
5.799560
6.052221
5.922162
6.114071
5.300035
6.178321
5.312044
6.162311
5.364356
6.204923
5.412472
6.290395
5.509083
6.376836
5.628075
6.515070
5.711209
6.688463
5.813453
6.811028
5.947454
6.938919
5.996520
5.513986
5.509237
5.539695
5.552050
5.550055
5.624635
5.605224
5.691355
5.682742
5.800910
5.736123
5.934877
5.815621
6.021964
5.921974
6.114845
5.958798
6.236195
5.516058
6.381588
5.519072
6.416778
5.575261
6.451957
5.654627
6.540655
5.716898
6.662397
5.806737
6.757658
5.918860
6.872983
5.971473
7.021685
6.026791
5.700640
5.753814
5.732343
5.778568
5.775848
5.851603
5.802782
5.947460
5.860291
6.018894
5.940662
6.106944
5.976810
6.216646
6.021163
6.247481
5.700160
6.587105
5.738014
6.636104
5.769461
6.709260
5.835931
6.772119
5.920544
6.860437
5.968112
6.974399
6.023274
7.029661
6.111080
5.894604
5.955340
5.904744
6.008112
5.941350
6.053121
5.989493
6.121101
6.013745
6.207251
6.050702
6.244084
6.115825
6.273746
5.860946
6.801177
5.900752
6.834557
5.951709
6.896677
5.989008
6.973900
6.035732
7.016972
6.100173
7.061049
6.107662
6.040301
6.122137
6.061811
6.167219
6.070850
6.217925
6.093149
6.246651
6.133229
6.277853
6.130413
6.327596
6.002838
6.961103
6.020052
7.004436
6.058643
7.036855
6.102425
7.069622
6.106702
7.116907
6.103771
6.136603
6.252598
6.149779
6.264815
6.156882
6.282320
6.146102
6.316071
6.134716
6.303123
6.078253
7.062861
6.096263
7.092884
6.107521
7.122239
6.101820
7.109341
6.103633
6.192269
6.300895
6.170740
6.297978
6.140728
6.285651
6.129949
6.264846
6.077094
7.111483
6.084881
7.120953
6.081154
7.091955
6.025800
6.172542
6.267034
6.112238
6.225803
6.053607
6.210457
5.996668
7.086653
5.996302
7.065403
5.921312
6.061349
6.130741
5.944282
6.078313
5.831409
6.999942
5.776494
5.818872
5.897029
5.526411
5.075279
6.307864
4.846063
5.810856
4.434389
5.212453
3.916349
4.529414
3.218778
3.796171
2.460764
2.978202
1.755324
2.246059
1.073471
1.713928
0.562465
1.272270
0.270422
1.013246
0.000251
0.926168
-0.134279
-0.040212
1.170222
0.680485
2.072382
1.721401
3.265567
3.132626
4.545148
4.346675
5.672138
5.244350
6.377406
5.864778
6.792851
6.147510
7.068830
6.262724
7.143030
6.344129
7.125935
6.274342
7.169779
6.102192
5.657721
5.325514
5.851080
5.609968
5.998885
5.832021
6.133999
5.947155
6.249439
6.043694
6.276368
6.118434
6.309316
6.105571
6.330557
6.119350
6.260156
6.136526
6.244078
6.033808
6.231687
6.055558
5.131083
6.532067
5.419598
6.723964
5.671749
6.841851
5.881952
6.957990
5.982501
7.061233
6.067193
7.081743
6.126260
7.121723
6.089081
7.165227
6.087619
7.119885
6.086373
7.159768
5.978132
5.293536
5.146569
5.608196
5.410328
5.869675
5.654151
6.018686
5.863130
6.151112
5.962949
6.260632
6.056791
6.270644
6.133128
6.303833
6.111297
6.326954
6.131822
6.248748
6.128614
4.840818
6.133212
5.195286
6.426357
5.458379
6.679864
5.696579
6.820501
5.894453
6.956702
5.971181
7.071779
6.050068
7.092913
6.105641
7.146710
6.059892
7.191711
6.092874
4.892402
4.810214
5.267374
5.180785
5.596111
5.442079
5.868536
5.685446
6.013328
5.885358
6.151046
5.971698
6.259858
6.064470
6.260612
6.130717
6.307540
6.079528
4.417077
5.687233
4.832532
6.057360
5.216740
6.387877
5.475468
6.663496
5.707751
6.814251
5.892965
6.962374
5.951461
7.078219
6.030778
7.084173
6.102966
4.331669
4.368460
4.854977
4.805987
5.241168
5.201281
5.580663
5.460789
5.861350
5.703654
6.003365
5.892815
6.145493
5.954528
6.260414
6.038435
3.889058
5.094541
4.373560
5.634674
4.832346
6.023593
5.232349
6.378036
5.479267
6.661305
5.702624
6.802606
5.876758
6.948942
5.935312
3.675484
3.836905
4.279133
4.337385
4.829598
4.810122
5.219427
5.215463
5.572647
5.464892
5.855730
5.696905
5.998889
5.876239
3.189727
4.426906
3.844409
5.057388
4.362126
5.626271
4.842026
6.019192
5.236253
6.375383
5.469445
6.654615
5.691685
2.976216
3.143261
3.622727
3.813797
4.259076
4.331453
4.825834
4.824066
5.222763
5.227749
5.584486
5.464817
2.450438
3.747491
3.167036
4.419825
3.857790
5.079935
4.377124
5.648767
4.856349
6.031318
5.237912
2.191994
2.422953
2.965648
3.144744
3.625407
3.840105
4.293576
4.368813
4.865404
4.853766
1.787002
3.003647
2.478347
3.814498
3.226090
4.483750
3.907200
5.135292
4.401151
1.490050
1.793947
2.235629
2.469050
3.035466
3.231771
3.707788
3.914552
1.147091
2.357384
1.904259
3.149912
2.579909
3.929488
3.299105
0.976533
1.168849
1.580334
1.920259
2.380958
2.602336
0.663256
1.924996
1.325062
2.538059
2.022561
0.501509
0.672470
1.129459
1.357191
0.407101
1.529068
0.803603
0.150829
0.400026
0.189280
5.301558
6.015090
4.727075
5.132469
3.838237
4.030098
2.598329
2.724036
1.324389
1.499506
0.383472
0.769311
-0.090247
0.557374
-0.144712
0.615729
0.008889
0.812532
0.187818
1.076071
0.397460
1.279907
0.525174
0.627413
1.532626
0.707775
1.500134
0.747379
1.464679
0.696272
1.420711
0.636233
1.297605
0.549700
1.170280
0.383098
1.041519
0.209968
0.864735
0.053644
0.726844
-0.130262
0.675505
-0.206854
0.654474
-0.213598
4.880644
4.923467
4.507877
4.435456
4.009062
3.806467
3.320128
3.089541
2.545287
2.258569
1.799270
1.484431
1.080212
0.894693
0.539451
0.402663
0.233766
0.092395
-0.021711
-0.047688
-0.147643
-0.210639
4.637820
5.454374
4.090119
4.766865
3.412490
4.007329
2.632686
3.129911
1.851988
2.297844
1.089380
1.649663
0.511475
1.138382
0.172619
0.837219
-0.085402
0.747823
-0.201994
0.661924
-0.185578
4.216499
4.056948
3.576841
3.346433
2.800316
2.493668
1.990556
1.641357
1.177707
0.941777
0.549070
0.381382
0.172021
0.052732
-0.090729
-0.078971
-0.204605
-0.203574
-0.177951
-0.261348
3.820441
4.375505
2.978769
3.480597
2.141986
2.562109
1.283921
1.778907
0.595700
1.150852
0.173237
0.786870
-0.109677
0.658501
-0.214110
0.573882
-0.186908
0.577834
-0.193633
3.185269
2.928143
2.356675
1.995659
1.467578
1.173215
0.713504
0.490153
0.226852
0.076807
-0.088522
-0.078826
-0.206791
-0.176114
-0.172226
-0.179835
-0.163717
-0.118661
2.678131
3.020734
1.699766
2.118619
0.861940
1.339938
0.293829
0.844078
-0.069935
0.644207
-0.208103
0.552453
-0.172580
0.569811
-0.148276
0.673718
-0.081241
1.954205
1.633466
1.056543
0.779467
0.409070
0.209078
-0.020126
-0.044291
-0.193450
-0.154933
-0.169881
-0.143390
-0.128663
-0.043229
-0.047387
0.002192
1.373610
1.737129
0.592415
1.050697
0.060181
0.704822
-0.173707
0.551423
-0.173952
0.560483
-0.125358
0.676569
-0.027916
0.762051
0.104857
0.795623
0.522985
0.157208
0.079003
-0.148180
-0.131162
-0.184174
-0.142334
-0.138017
-0.030135
-0.024811
0.062034
0.126424
0.167929
0.371100
0.901589
-0.060916
0.593710
-0.170306
0.537698
-0.148740
0.643174
-0.031598
0.753328
0.134373
0.892051
0.247306
0.025443
-0.037723
-0.174494
-0.154026
-0.189476
-0.071901
-0.073398
0.038687
0.109668
0.187490
0.246384
0.349487
-0.088715
0.549569
-0.185068
0.582113
-0.096537
0.685573
0.086970
0.849237
0.235523
1.039705
0.394832
-0.212516
-0.130820
-0.164935
-0.051811
0.012116
0.111916
0.176798
0.316259
0.361711
0.464425
-0.171398
0.584703
-0.029574
0.739783
0.134003
0.956259
0.327409
1.124466
0.534420
-0.124352
-0.020792
0.029808
0.187580
0.233678
0.366987
0.467516
0.560590
-0.030777
0.804130
0.168676
0.992820
0.410391
1.199421
0.590050
0.054261
0.188367
0.290071
0.397910
0.487978
0.644394
0.199511
1.023250
0.403592
1.279662
0.617223
0.278831
0.429810
0.487302
0.634474
0.371270
1.288415
0.633772
0.497590
0.596085
0.589204
5.331403
6.839227
5.641441
6.884020
5.854441
6.972710
5.974633
7.061856
6.069605
7.081532
6.137967
7.108153
6.118620
7.130529
6.113831
7.078016
6.102461
7.083577
5.992188
7.124116
5.966511
7.039167
5.867705
5.206808
5.062373
5.086729
5.067834
5.117929
5.106696
5.125864
5.196451
5.195488
5.276936
5.306501
5.407366
5.403403
5.565857
5.530027
5.694765
5.666773
5.842897
5.733615
6.020235
5.756878
6.152088
5.072128
5.977935
5.111137
5.929723
5.120970
5.958551
5.184289
5.994382
5.288905
6.099774
5.381767
6.251324
5.512325
6.392511
5.660872
6.573147
5.751789
6.795658
5.840988
6.948643
5.983572
5.325165
5.277979
5.314101
5.320162
5.332556
5.354794
5.388644
5.442183
5.436695
5.562508
5.529188
5.666439
5.644908
5.803192
5.716436
5.964905
5.798811
6.052808
5.921677
6.112649
5.300321
6.178496
5.311697
6.163218
5.364081
6.204931
5.413120
6.290634
5.508352
6.378413
5.627449
6.515188
5.711935
6.688914
5.812384
6.813112
5.946628
6.939254
5.997259
5.513762
5.509362
5.539549
5.551352
5.550667
5.624052
5.604681
5.691831
5.682367
5.799935
5.737048
5.934082
5.814914
6.022555
5.921537
6.113593
5.959865
6.235180
5.515979
6.381583
5.519544
6.417008
5.574736
6.453188
5.654215
6.540710
5.717589
6.662749
5.805861
6.759436
5.918191
6.873172
5.972204
7.022272
6.025726
5.701022
5.753410
5.731933
5.778863
5.775569
5.850782
5.803500
5.946805
5.859642
6.019420
5.940258
6.105853
5.977762
6.215787
6.020417
6.247956
5.699826
6.587951
5.737791
6.636141
5.770042
6.709562
5.835263
6.773585
5.920052
6.860543
5.968823
6.974858
6.022343
7.031538
6.110458
5.894462
5.954704
5.905245
6.007604
5.940802
6.053519
5.989139
6.120172
6.014524
6.206533
6.049999
6.244569
6.115437
6.272547
5.861357
6.801435
5.900281
6.835688
5.951385
6.896756
5.989650
6.974279
6.034977
7.018578
6.099665
7.061205
6.108376
6.039895
6.122388
6.061540
6.166467
6.071432
6.217337
6.092513
6.247075
6.132853
6.276830
6.131212
6.326823
6.002658
6.961166
6.020569
7.004759
6.058075
7.038182
6.102048
7.069740
6.107366
7.117359
6.102986
6.136992
6.252158
6.149251
6.265133
6.156534
6.281468
6.146731
6.315425
6.134045
6.303514
6.077854
7.063874
6.096006
7.092999
6.108105
7.122628
6.101189
7.110778
6.103234
6.191994
6.300237
6.171186
6.297446
6.140122
6.285987
6.129578
6.263935
6.077537
7.111807
6.084417
7.122153
6.080853
7.092111
6.026388
6.172057
6.267286
6.111874
6.225051
6.054086
6.209888
5.996439
7.086831
5.996815
7.065799
5.920783
6.061668
6.130253
5.943707
6.078582
5.831031
7.001050
5.776224
5.818470
5.896387
5.526804
5.074991
6.308137
4.846434
5.811235
4.433976
5.213486
3.916112
4.529617
3.219220
3.796563
2.460361
2.979292
1.755098
2.246326
1.073920
1.714376
0.562079
1.273426
0.270143
1.013655
0.000616
0.926731
-0.134689
-0.040941
1.170791
0.680481
2.072964
1.720481
3.266986
3.131816
4.545549
4.346759
5.672796
5.243173
6.379163
5.863833
6.793253
6.147697
7.069628
6.261248
7.145229
6.342970
7.126459
6.274551
7.170914
6.100396
5.657923
5.325043
5.850603
5.610442
5.998119
5.831685
6.134321
5.946498
6.248766
6.044341
6.275293
6.117952
6.309706
6.104670
6.329636
6.120110
6.258767
6.135858
6.244466
6.032708
6.230478
6.056398
5.130728
6.533195
5.419026
6.724393
5.672224
6.842044
5.881583
6.959452
5.981828
7.061748
6.067949
7.081964
6.125874
7.123621
6.088302
7.165923
6.088584
7.120278
6.085869
7.162195
5.977098
5.292897
5.146275
5.608458
5.409780
5.869108
5.654701
6.017773
5.862741
6.151437
5.962197
6.259831
6.057496
6.269395
6.132608
6.304161
6.110355
6.325868
6.132688
6.247135
6.128075
4.841176
6.133427
5.194929
6.427620
5.457767
6.680339
5.697163
6.820722
5.894077
6.958357
5.970459
7.072403
6.050886
7.093235
6.105202
7.148833
6.058989
7.192599
6.093741
4.891900
4.810673
5.266613
5.180465
5.596376
5.441461
5.867857
5.686060
6.012258
5.884935
6.151329
5.970893
6.258915
6.065248
6.259185
6.130241
6.307762
6.078618
4.416574
5.687644
4.832977
6.057582
5.216380
6.389297
5.474818
6.664049
5.708414
6.814540
5.892567
6.964219
5.950671
7.078976
6.031577
7.084599
6.102480
4.331845
4.367985
4.854391
4.806511
5.240270
5.200934
5.580898
5.460117
5.860545
5.704326
6.002137
5.892392
6.145699
5.953722
6.259376
6.039242
3.888745
5.095718
4.373005
5.635149
4.832868
6.023861
5.231980
6.379620
5.478579
6.661961
5.703318
6.802982
5.876328
6.950900
5.934493
3.674734
3.836640
4.279305
4.336852
4.828907
4.810697
5.218388
5.215097
5.572822
5.464192
5.854815
5.697613
5.997576
5.875810
3.190129
4.427146
3.844073
5.058720
4.361534
5.626830
4.842602
6.019535
5.235871
6.377099
5.468730
6.655332
5.692392
2.975630
3.143757
3.621860
3.813501
4.259212
4.330876
4.825031
4.824671
5.221614
5.227368
5.584627
5.464101
2.449934
3.747955
3.167491
4.420132
3.857443
5.081412
4.376516
5.649404
4.856958
6.031708
5.237523
2.192102
2.422504
2.964962
3.145267
3.624427
3.839769
4.293666
4.368201
4.864540
4.854382
1.786674
3.004885
2.477819
3.815043
3.226598
4.484131
3.906852
5.136854
4.400534
1.489258
1.793676
2.235702
2.468547
3.034682
3.232292
3.706744
3.914197
1.147472
2.357730
1.903923
3.151286
2.579394
3.930090
3.299637
0.975887
1.169304
1.579447
1.919919
2.380992
2.601806
0.662779
1.925525
1.325504
2.538492
2.022227
0.501564
0.672022
1.128708
1.357618
0.406735
1.530374
0.803162
0.150072
0.399644
0.189591
5.074995
6.308142
4.846439
5.811240
4.433980
5.213490
3.916115
4.529619
3.219223
3.796564
2.460361
2.979291
1.755095
2.246323
1.073919
1.714373
0.562076
1.273423
0.270141
1.013654
0.000615
0.926731
-0.134689
0.589203
0.596085
0.633772
0.634474
0.617223
0.644395
0.590049
0.560590
0.534420
0.464426
0.394832
0.349486
0.247305
0.167929
0.104856
0.002189
-0.081239
-0.118663
-0.193633
-0.261345
-0.185577
-0.210639
0.497590
1.288415
0.487301
1.279662
0.487979
1.199420
0.467516
1.124466
0.361710
1.039705
0.246383
0.892050
0.126424
0.762051
-0.047391
0.673719
-0.163719
0.577832
-0.177949
0.661925
-0.147643
0.371270
0.429811
0.403592
0.397910
0.410390
0.366987
0.327408
0.316259
0.235522
0.187489
0.134373
0.062033
-0.027915
-0.043234
-0.148276
-0.179836
-0.186911
-0.203571
-0.201992
-0.047689
0.278830
1.023249
0.290071
0.992820
0.233676
0.956259
0.176797
0.849236
0.109666
0.753328
-0.024814
0.676568
-0.128667
0.569809
-0.172226
0.573878
-0.204605
0.747823
-0.021713
0.199511
0.188366
0.168675
0.187579
0.134002
0.111916
0.086968
0.038687
-0.031601
-0.030135
-0.125362
-0.143390
-0.172583
-0.176114
-0.214115
-0.078973
-0.085402
0.092393
0.054259
0.804129
0.029806
0.739781
0.012115
0.685570
-0.073400
0.643172
-0.138020
0.560480
-0.169885
0.552452
-0.206794
0.658498
-0.090734
0.837218
0.233763
-0.030780
-0.020793
-0.029577
-0.051813
-0.096540
-0.071904
-0.148742
-0.142338
-0.173954
-0.154940
-0.208104
-0.078829
-0.109680
0.052727
0.172617
0.402661
-0.124353
0.584701
-0.164938
0.582110
-0.189479
0.537694
-0.184178
0.551419
-0.193455
0.644202
-0.088525
0.786866
0.172016
1.138378
0.539448
-0.171401
-0.130822
-0.185072
-0.154029
-0.170308
-0.131168
-0.173710
-0.044296
-0.069941
0.076803
0.173233
0.381379
0.511471
0.894690
-0.212519
0.549566
-0.174501
0.593708
-0.148186
0.704817
-0.020130
0.844072
0.226847
1.150848
0.549066
1.649660
1.080208
-0.088717
-0.037728
-0.060920
0.079000
0.060175
0.209074
0.293825
0.490148
0.595697
0.941772
1.089378
1.484429
0.025439
0.901584
0.157204
1.050692
0.409065
1.339934
0.713500
1.778903
1.177704
2.297841
1.799268
0.371096
0.522981
0.592412
0.779464
0.861937
1.173213
1.283919
1.641356
1.851988
2.258568
0.795621
1.737127
1.056540
2.118618
1.467577
2.562109
1.990555
3.129911
2.545288
1.373609
1.633466
1.699766
1.995660
2.141987
2.493670
2.632688
3.089543
1.954207
3.020735
2.356677
3.480600
2.800318
4.007332
3.320131
2.678135
2.928147
2.978773
3.346438
3.412494
3.806471
3.185274
4.375510
3.576845
4.766870
4.009066
3.820446
4.056953
4.090124
4.435461
4.216505
5.454379
4.507882
4.637826
4.923472
4.880648
5.665846
6.849129
5.995150
6.979514
6.193762
7.087707
6.275463
7.111211
6.283660
7.050340
6.229490
6.921873
6.102750
6.766092
5.914824
6.578897
5.716918
6.369808
5.511878
6.186875
5.308924
6.008006
5.035402
4.899765
5.722880
4.916227
5.731466
4.899045
5.678519
4.964709
5.715419
5.022455
5.821902
5.140401
5.938286
5.293840
6.111754
5.427994
6.319267
5.583078
6.503775
5.746755
6.715960
5.845446
6.978221
5.884670
5.526806
5.896390
5.776227
6.078584
5.920784
6.209889
6.026388
6.263933
6.103234
6.303515
6.102983
6.326819
6.108374
6.272545
6.110456
6.247953
6.025725
6.235179
5.997258
6.112649
5.983571
6.152087
5.818472
7.001051
5.943710
7.065801
6.054085
7.092111
6.129579
7.110776
6.134043
7.117359
6.131210
7.061202
6.115434
7.031536
6.020414
7.022269
5.959862
6.939253
5.921676
6.948642
5.756877
5.831033
6.130254
5.996816
6.225052
6.080853
6.285986
6.101190
6.315424
6.107364
6.276830
6.099664
6.244566
6.022342
6.215785
5.972202
6.113591
5.946626
6.052807
5.840988
6.020235
6.061669
7.086830
6.111874
7.122153
6.140121
7.122626
6.146730
7.069739
6.132850
7.018577
6.049998
6.974854
5.977759
6.873170
5.921534
6.813109
5.798808
6.795656
5.733613
5.996440
6.267286
6.084416
6.297446
6.108104
6.281466
6.102047
6.247074
6.034975
6.206532
5.968822
6.105851
5.918189
6.022555
5.812385
5.964905
5.751788
5.842897
6.172058
7.111807
6.171185
7.092998
6.156533
7.038179
6.092511
6.974277
6.014520
6.860540
5.940257
6.759434
5.814910
6.688912
5.716435
6.573148
5.666774
6.077537
6.300238
6.096005
6.265132
6.058074
6.217336
5.989648
6.120171
5.920049
6.019417
5.805860
5.934081
5.711932
5.803189
5.660869
5.694764
6.191993
7.063873
6.149250
7.004757
6.071430
6.896753
5.989136
6.773583
5.859640
6.662746
5.737045
6.515186
5.644907
6.392509
5.530024
6.077852
6.252157
6.020567
6.166464
5.951382
6.053517
5.835261
5.946802
5.717587
5.799935
5.627448
5.666437
5.512324
5.565858
6.136990
6.961164
6.061538
6.835685
5.940799
6.709560
5.803498
6.540706
5.682363
6.378409
5.529186
6.251320
5.403398
6.002656
6.122385
5.900279
6.007603
5.770040
5.850781
5.654215
5.691830
5.508351
5.562507
5.381767
5.407366
6.039892
6.801432
5.905241
6.636137
5.775565
6.453185
5.604678
6.290631
5.436692
6.099771
5.306499
5.861355
5.954701
5.737790
5.778861
5.574734
5.624050
5.413118
5.442181
5.288903
5.276935
5.894459
6.587947
5.731930
6.417005
5.550664
6.204929
5.388642
5.994379
5.195487
5.699823
5.753406
5.519541
5.551349
5.364077
5.354791
5.184286
5.196447
5.701020
6.381580
5.539547
6.163216
5.332554
5.958549
5.125864
5.515976
5.509358
5.311694
5.320159
5.120967
5.106692
5.513760
6.178493
5.314098
5.929721
5.117927
5.300319
5.277977
5.111134
5.067832
5.325162
5.977932
5.086726
5.072125
5.062371
5.206805
5.331406
6.839231
5.641445
6.884023
5.854442
6.972711
5.974633
7.061855
6.069604
7.081532
6.137962
7.108148
6.118618
7.130526
6.113826
7.078012
6.102458
7.083574
5.992186
7.124114
5.966510
7.039166
5.867704
0.189590
0.399644
0.803161
1.357618
2.022226
2.601805
3.299636
3.914197
4.400533
4.854381
5.237523
5.464101
5.692391
5.875810
5.934492
6.039241
6.102478
6.078618
6.093739
6.128075
5.977097
6.056398
0.150072
1.530373
1.128706
2.538490
2.380991
3.930089
3.706742
5.136852
4.864539
6.031707
5.584627
6.655332
5.997575
6.950898
6.259374
7.084597
6.307760
7.192597
6.247134
7.162194
6.230477
0.406733
0.672020
1.325502
1.919917
2.579392
3.232290
3.906850
4.368200
4.856956
5.227367
5.468728
5.697612
5.876325
5.953719
6.031574
6.130239
6.058986
6.132686
6.085867
6.032708
0.501563
1.925523
1.579445
3.151283
3.034680
4.484128
4.293663
5.649402
5.221613
6.377098
5.854813
6.802980
6.145696
7.078973
6.259182
7.148830
6.325865
7.120276
6.244465
0.662778
1.169303
1.903921
2.468545
3.226594
3.839766
4.376512
4.824669
5.235869
5.464191
5.703315
5.892390
5.950667
6.065244
6.105198
6.110353
6.088581
6.135857
0.975886
2.357729
2.235699
3.815039
3.624422
5.081407
4.825028
6.019533
5.572820
6.661959
6.002134
6.964215
6.258912
7.093232
6.304159
7.165920
6.258765
1.147469
1.793674
2.477815
3.145263
3.857438
4.330873
4.842599
5.215096
5.478576
5.704324
5.892564
5.970891
6.050883
6.132605
6.088298
6.120107
1.489255
3.004882
2.964959
4.420129
4.259209
5.626828
5.218387
6.379618
5.860543
6.814539
6.151327
7.072400
6.269391
7.123617
6.329632
1.786672
2.422502
3.167488
3.813498
4.361530
4.810695
5.231978
5.460116
5.708412
5.884933
5.970454
6.057491
6.125867
6.104665
2.192100
3.747952
3.621857
5.058716
4.828904
6.023860
5.580897
6.664047
6.012255
6.958353
6.259827
7.081960
6.309703
2.449932
3.143756
3.844072
4.336852
4.832868
5.200936
5.474818
5.686059
5.894075
5.962196
6.067947
6.117951
2.975631
4.427147
4.279307
5.635150
5.240271
6.389298
5.867858
6.820721
6.151436
7.061745
6.275290
3.190129
3.836641
4.373005
4.806512
5.216379
5.441460
5.697160
5.862738
5.981823
6.044337
3.674735
5.095719
4.854392
6.057583
5.596376
6.680338
6.017771
6.959450
6.248765
3.888749
4.367989
4.832980
5.180468
5.457768
5.654702
5.881584
5.946500
4.331847
5.687646
5.266615
6.427622
5.869110
6.842044
6.134321
4.416577
4.810676
5.194931
5.409782
5.672225
5.831686
4.891904
6.133431
5.608461
6.724396
5.998121
4.841179
5.146279
5.419028
5.610444
5.292900
6.533198
5.850606
5.130733
5.325048
5.657927
0.627413
1.532607
0.707729
1.500106
0.747440
1.464438
0.696408
1.420577
0.636141
1.297474
0.549877
1.169750
0.383364
1.041257
0.209836
0.864462
0.053965
0.725978
-0.129852
0.675057
-0.206988
0.653922
-0.213058
0.859973
0.751082
0.885672
0.824239
0.854424
0.851355
0.821889
0.773387
0.760104
0.674315
0.609431
0.553426
0.439872
0.361485
0.271324
0.167205
0.054236
0.010437
-0.133760
-0.149664
-0.253071
-0.117252
0.888466
1.721904
0.896382
1.732189
0.920700
1.650488
0.908774
1.568073
0.797265
1.467285
0.656372
1.296246
0.499665
1.113605
0.282740
0.957892
0.061267
0.792224
-0.110955
0.683892
-0.253070
0.980635
1.038657
1.063700
1.022967
1.083087
1.008376
0.994004
0.955400
0.876670
0.810256
0.732491
0.632067
0.521513
0.450299
0.289369
0.230595
0.083860
0.012349
-0.110955
-0.149664
1.088837
1.861322
1.141680
1.869381
1.098222
1.834829
1.035682
1.709751
0.934261
1.554361
0.750545
1.387839
0.530482
1.178709
0.315967
0.961900
0.083860
0.792224
-0.133761
1.220607
1.213067
1.228885
1.236230
1.209506
1.163293
1.137963
1.052666
0.977199
0.907813
0.771065
0.698373
0.558796
0.455119
0.315967
0.230594
0.061267
0.010437
1.258571
2.043997
1.283827
2.003680
1.262251
1.928171
1.150459
1.809897
0.987472
1.623455
0.796313
1.395721
0.558796
1.178708
0.289368
0.957891
0.054235
1.353768
1.367670
1.383540
1.348732
1.314999
1.278725
1.189373
1.126928
1.021041
0.919644
0.796314
0.698373
0.530481
0.450299
0.282739
0.167204
1.422391
2.136718
1.400894
2.108317
1.331210
1.997130
1.210793
1.823523
1.021041
1.623454
0.771066
1.387839
0.521512
1.113605
0.271324
1.461115
1.487674
1.443151
1.425592
1.364662
1.298954
1.210793
1.126929
0.987472
0.907811
0.750546
0.632066
0.499663
0.361485
1.490056
2.202612
1.463863
2.126510
1.364662
1.997131
1.189371
1.809898
0.977200
1.554359
0.732493
1.296246
0.439870
1.516552
1.511599
1.463863
1.425591
1.331209
1.278727
1.150456
1.052667
0.934262
0.810253
0.656372
0.553426
1.516552
2.202610
1.443153
2.108316
1.314997
1.928174
1.137960
1.709751
0.876671
1.467283
0.609430
1.490057
1.487671
1.400897
1.348730
1.262249
1.163296
1.035679
0.955400
0.797264
0.674314
1.461117
2.136715
1.383541
2.003678
1.209505
1.834829
0.994003
1.568073
0.760103
1.422393
1.367667
1.283827
1.236230
1.098222
1.008374
0.908774
0.773387
1.353768
2.043995
1.228885
1.869381
1.083087
1.650487
0.821888
1.258571
1.213068
1.141680
1.022967
0.920700
0.851354
1.220607
1.861323
1.063700
1.732189
0.854423
1.088837
1.038656
0.896382
0.824238
0.980636
1.721903
0.885672
0.888467
0.751081
0.859973
0.681788
1.630096
0.962636
1.859730
1.134456
1.985098
1.348513
2.108646
1.461450
2.213178
1.535633
2.232534
1.535634
2.213179
1.461449
2.108646
1.348514
1.985099
1.134456
1.859731
0.962636
1.630097
0.681788
0.627413
1.532626
0.707775
1.500135
0.747378
1.464680
0.696272
1.420710
0.636233
1.297605
0.549699
1.170280
0.383096
1.041519
0.209968
0.864734
0.053642
0.726845
-0.130264
0.675505
-0.206853
0.654475
-0.213598
0.859958
0.751073
0.885592
0.824328
0.854280
0.851323
0.821912
0.773295
0.759910
0.674490
0.609157
0.553310
0.439941
0.361300
0.270999
0.167454
0.053833
0.010208
-0.133664
-0.149950
-0.253570
-0.116978
0.888462
1.721983
0.896327
1.732251
0.920754
1.650560
0.908662
1.568420
0.797080
1.467463
0.656467
1.296436
0.499419
1.114253
0.282416
0.958213
0.061380
0.792599
-0.111387
0.684924
-0.253569
0.980599
1.038648
1.063706
1.022926
1.082974
1.008488
0.993826
0.955333
0.876714
0.810136
0.732254
0.632269
0.521209
0.450144
0.289451
0.230395
0.083472
0.012631
-0.111387
-0.149950
1.088853
1.861347
1.141633
1.869554
1.098120
1.834933
1.035740
1.709872
0.934091
1.554813
0.750310
1.388062
0.530570
1.178969
0.315637
0.962674
0.083472
0.792599
-0.133664
1.220580
1.213106
1.228807
1.236199
1.209529
1.163227
1.137810
1.052807
0.976989
0.907713
0.771127
0.698237
0.558509
0.455353
0.315637
0.230395
0.061379
0.010208
1.258554
2.044031
1.283851
2.003740
1.262155
1.928440
1.150309
1.810040
0.987534
1.623629
0.796077
1.396278
0.558509
1.178970
0.289452
0.958212
0.053832
1.353768
1.367648
1.383472
1.348803
1.314881
1.278668
1.189413
1.126843
1.020844
0.919818
0.796077
0.698236
0.530569
0.450144
0.282416
0.167454
1.422374
2.136808
1.400830
2.108388
1.331243
1.997232
1.210643
1.823888
1.020844
1.623628
0.771129
1.388062
0.521208
1.114253
0.270999
1.461089
1.487656
1.443167
1.425550
1.364553
1.299060
1.210642
1.126843
0.987534
0.907711
0.750311
0.632268
0.499418
0.361300
1.490063
2.202646
1.463798
2.126692
1.364553
1.997234
1.189411
1.810041
0.976990
1.554811
0.732256
1.296436
0.439940
1.516529
1.511636
1.463798
1.425550
1.331243
1.278670
1.150306
1.052809
0.934092
0.810134
0.656467
0.553311
1.516530
2.202645
1.443169
2.108388
1.314881
1.928443
1.137808
1.709873
0.876716
1.467462
0.609157
1.490065
1.487653
1.400832
1.348803
1.262154
1.163228
1.035740
0.955332
0.797080
0.674490
1.461092
2.136805
1.383475
2.003741
1.209528
1.834934
0.993827
1.568419
0.759911
1.422375
1.367646
1.283853
1.236199
1.098119
1.008488
0.908662
0.773295
1.353770
2.044032
1.228807
1.869554
1.082976
1.650560
0.821912
1.258554
1.213106
1.141632
1.022926
0.920754
0.851323
1.220579
1.861347
1.063706
1.732251
0.854280
1.088853
1.038648
0.896327
0.824329
0.980600
1.721982
0.885593
0.888462
0.751072
0.859959
4.919552
5.577240
4.768864
5.299618
4.538133
5.012139
4.300490
4.787918
4.104307
4.611236
4.014458
4.540124
4.014458
4.611236
4.104306
4.787917
4.300489
5.012137
4.538130
5.299616
4.768861
5.577237
4.919549
4.899657
5.722940
4.915893
5.731403
4.899309
5.677659
4.965020
5.715428
5.021788
5.821746
5.141158
5.936669
5.294582
6.111637
5.427252
6.318895
5.584209
6.501563
5.747817
6.715467
5.844837
6.977338
5.886025
4.936105
4.908721
4.837735
4.860582
4.889350
4.876483
4.913816
4.953805
5.009577
5.031739
5.149989
5.167004
5.282694
5.327203
5.450753
5.460950
5.627414
5.601203
5.764126
5.726609
5.873242
5.790971
4.720884
5.476832
4.719884
5.422130
4.699616
5.453740
4.767895
5.503833
4.892029
5.641413
5.021756
5.828513
5.199870
6.018729
5.389868
6.246975
5.551900
6.485068
5.717881
6.718458
5.873242
4.674375
4.665763
4.624791
4.661924
4.659526
4.669700
4.749547
4.770663
4.852946
4.919309
5.022232
5.070675
5.211090
5.258799
5.382072
5.443890
5.562089
5.596048
5.717881
5.726609
4.531047
5.207730
4.493774
5.154224
4.533140
5.215100
4.602862
5.347640
4.763152
5.509807
4.958875
5.739852
5.149989
5.987176
5.364091
6.228858
5.562088
6.485067
5.764126
4.443741
4.432223
4.432692
4.438340
4.455818
4.517687
4.580401
4.634005
4.755673
4.827270
4.939244
5.037405
5.159088
5.235720
5.364090
5.443891
5.551898
5.601202
4.337349
4.935151
4.287473
4.951895
4.359924
5.031025
4.505353
5.220294
4.686151
5.456680
4.924511
5.705782
5.159087
5.987177
5.382070
6.246976
5.627411
4.224804
4.247215
4.232918
4.258214
4.323478
4.388845
4.466842
4.578129
4.691983
4.789289
4.924511
5.037404
5.149988
5.258800
5.389865
5.460952
4.137821
4.716816
4.152201
4.788236
4.246239
4.949547
4.451048
5.167121
4.691982
5.456680
4.939245
5.739850
5.211088
6.018730
5.450748
4.074754
4.092102
4.094092
4.175830
4.243263
4.333059
4.451047
4.578129
4.686149
4.827269
4.958876
5.070674
5.199867
5.327205
4.002268
4.614929
4.076630
4.718670
4.243265
4.949545
4.466842
5.220295
4.755671
5.509805
5.022232
5.828512
5.282691
3.991542
4.025996
4.076632
4.175826
4.246243
4.388842
4.505352
4.634006
4.763150
4.919306
5.021755
5.167003
3.991543
4.614926
4.094096
4.788229
4.323483
5.031022
4.580399
5.347637
4.852946
5.641411
5.149986
4.002270
4.092097
4.152206
4.258208
4.359925
4.517685
4.602862
4.770658
4.892027
5.031738
4.074757
4.716810
4.232921
4.951892
4.455816
5.215097
4.749549
5.503829
5.009574
4.137822
4.247213
4.287471
4.438341
4.533138
4.669695
4.767895
4.953803
4.224801
4.935153
4.432685
5.154224
4.659525
5.453736
4.913813
4.337345
4.432226
4.493769
4.661921
4.699613
4.876482
4.443737
5.207729
4.624790
5.422127
4.889345
4.531045
4.665759
4.719883
4.860580
4.674375
5.476826
4.837733
4.720883
4.908717
4.936103
4.899768
5.722883
4.916229
5.731469
4.899046
5.678523
4.964711
5.715421
5.022458
5.821904
5.140403
5.938288
5.293840
6.111759
5.427991
6.319270
5.583078
6.503774
5.746756
6.715961
5.845446
6.978221
5.884670
4.936024
4.908677
4.837329
4.860969
4.888880
4.876140
4.914178
4.953496
5.008751
5.032674
5.149183
5.166478
5.283329
5.326784
5.449619
5.462203
5.626329
5.600593
5.764751
5.726065
5.871907
5.792147
4.720926
5.477125
4.719815
5.422107
4.700115
5.453806
4.767398
5.505056
4.891463
5.641440
5.022467
5.828716
5.198888
6.020665
5.388873
6.247260
5.552582
6.485572
5.716610
6.720975
5.871907
4.674173
4.665644
4.624891
4.661740
4.658958
4.670356
4.748915
4.770260
4.853476
4.918959
5.021263
5.071855
5.210110
5.258300
5.382742
5.443432
5.560871
5.597404
5.716610
5.726066
4.531248
5.207745
4.493617
5.154903
4.532833
5.215086
4.603454
5.347728
4.762400
5.511373
4.958042
5.739980
5.150688
5.987451
5.362956
6.231056
5.560871
6.485572
5.764751
4.443528
4.432455
4.432323
4.438112
4.456130
4.517434
4.579672
4.634948
4.754876
4.826864
4.939883
5.037014
5.158030
5.237049
5.362956
5.443433
5.552581
5.600593
4.337367
4.935147
4.287822
4.951917
4.359492
5.032080
4.504769
5.220325
4.686781
5.456802
4.923568
5.707624
5.158030
5.987452
5.382741
6.247263
5.626328
4.224795
4.247108
4.232529
4.258749
4.322942
4.388557
4.467336
4.577820
4.691146
4.790445
4.923569
5.037014
5.150687
5.258301
5.388871
5.462206
4.137795
4.717199
4.151947
4.788225
4.246677
4.949581
4.450371
5.168506
4.691146
5.456802
4.939884
5.739980
5.210110
6.020668
5.449617
4.074587
4.091987
4.094310
4.175640
4.242728
4.333872
4.450371
4.577822
4.686780
4.826864
4.958044
5.071856
5.198887
5.326788
4.002392
4.614926
4.076304
4.719438
4.242729
4.949579
4.467337
5.220327
4.754875
5.511372
5.021266
5.828718
5.283328
3.991409
4.026290
4.076306
4.175637
4.246682
4.388555
4.504769
4.634951
4.762401
4.918959
5.022469
5.166480
3.991410
4.614924
4.094316
4.788219
4.322948
5.032079
4.579672
5.347729
4.853479
5.641441
5.149183
4.002394
4.091983
4.151955
4.258744
4.359496
4.517435
4.603457
4.770258
4.891465
5.032677
4.074589
4.717196
4.232534
4.951916
4.456131
5.215086
4.748921
5.505056
5.008752
4.137797
4.247109
4.287821
4.438116
4.532834
4.670355
4.767402
4.953498
4.224795
4.935152
4.432319
5.154907
4.658961
5.453807
4.914180
4.337366
4.432461
4.493617
4.661742
4.700116
4.876144
4.443528
5.207748
4.624894
5.422109
4.888880
4.531251
4.665643
4.719820
4.860973
4.674177
5.477125
4.837332
4.720930
4.908679
4.936027

