Tension at each vertex
-0.029059
-0.029059
-0.028991
-0.028996
-1.873383
1.389915
-1.873383
1.389915
-0.990452
-0.990398
1.037809
1.038656
0.037624
-0.181253
-0.107585
-0.295683
-0.269386
-0.417201
-0.432765
-0.564259
-0.599562
-0.736878
-0.799535
-0.949829
-1.046909
-1.214871
-1.326537
-1.489602
-1.573693
-1.697615
-1.732618
-1.806237
-1.794705
-1.862896
-1.816765
-0.024464
-0.142751
-0.177536
-0.263219
-0.320510
-0.406584
-0.460925
-0.562832
-0.623046
-0.735270
-0.818998
-0.953446
-1.066387
-1.223768
-1.349888
-1.494128
-1.596817
-1.688048
-1.749960
-1.788576
-1.814400
-1.800102
0.005693
-0.204673
-0.151378
-0.322259
-0.299396
-0.457520
-0.458155
-0.600502
-0.632567
-0.773865
-0.836029
-0.993842
-1.086804
-1.258499
-1.364268
-1.520386
-1.598994
-1.713783
-1.742472
-1.817956
-1.814401
-0.052992
-0.113679
-0.192357
-0.261633
-0.331494
-0.409374
-0.483384
-0.570495
-0.648177
-0.756307
-0.849476
-0.984333
-1.103347
-1.255942
-1.379712
-1.515028
-1.604938
-1.696584
-1.742469
-1.788576
-0.037353
-0.204373
-0.162010
-0.336584
-0.316921
-0.472612
-0.476087
-0.624902
-0.652518
-0.801645
-0.861982
-1.021784
-1.114053
-1.283917
-1.383581
-1.535409
-1.604941
-1.713783
-1.749962
-0.031911
-0.129487
-0.195441
-0.262060
-0.344402
-0.416464
-0.496767
-0.580742
-0.665961
-0.768461
-0.869165
-1.001083
-1.119432
-1.268812
-1.383577
-1.515027
-1.598990
-1.688048
-0.052005
-0.189719
-0.186580
-0.339130
-0.330441
-0.484879
-0.490889
-0.638427
-0.667269
-0.816128
-0.872971
-1.032500
-1.119436
-1.283918
-1.379714
-1.520388
-1.596819
-0.048938
-0.131808
-0.192215
-0.273617
-0.348032
-0.422441
-0.504562
-0.585449
-0.671392
-0.773462
-0.872965
-1.001083
-1.114046
-1.255941
-1.364261
-1.494127
-0.045433
-0.197884
-0.196073
-0.338091
-0.345216
-0.487227
-0.500199
-0.644212
-0.671396
-0.816131
-0.869168
-1.021787
-1.103349
-1.258502
-1.349889
-0.055648
-0.125290
-0.199977
-0.275184
-0.347475
-0.427775
-0.500198
-0.585450
-0.667265
-0.768462
-0.861974
-0.984332
-1.086796
-1.223766
-0.053032
-0.199057
-0.197924
-0.342357
-0.347478
-0.487233
-0.504567
-0.638437
-0.665965
-0.801654
-0.849479
-0.993848
-1.066388
-0.053487
-0.128005
-0.197922
-0.275187
-0.345217
-0.422452
-0.490888
-0.580748
-0.652512
-0.756308
-0.836019
-0.953445
-0.053485
-0.199055
-0.199973
-0.338102
-0.348037
-0.484899
-0.496777
-0.624920
-0.648182
-0.773879
-0.819000
-0.053022
-0.125290
-0.196059
-0.273629
-0.330447
-0.416483
-0.476086
-0.570505
-0.632558
-0.735272
-0.055630
-0.197884
-0.192200
-0.339149
-0.344417
-0.472649
-0.483396
-0.600527
-0.623053
-0.045413
-0.131798
-0.186553
-0.262084
-0.316928
-0.409399
-0.458152
-0.562841
-0.048918
-0.189709
-0.195405
-0.336624
-0.331518
-0.457564
-0.460939
-0.051980
-0.129465
-0.161962
-0.261661
-0.299395
-0.406607
-0.031898
-0.204351
-0.192312
-0.322310
-0.320529
-0.037340
-0.113658
-0.151313
-0.263231
-0.052969
-0.204677
-0.177513
0.005721
-0.142726
-0.024445
-0.041148
-0.104393
-0.007402
-0.046384
-0.006378
-0.061387
0.019372
-0.063221
0.015365
-0.053160
0.015116
-0.054501
0.015117
-0.053152
0.015376
-0.063208
0.019391
-0.061358
-0.006360
-0.046350
-0.007373
-0.104359
-0.041124
0.151374
0.058699
0.261255
0.211957
0.377150
0.379948
0.514535
0.549824
0.679821
0.737309
0.869549
0.943263
1.068504
1.143858
1.243632
1.298072
1.367258
1.385430
1.426611
1.421470
1.441787
1.412303
1.425838
0.097527
0.109875
0.208259
0.260540
0.348457
0.411589
0.515759
0.579270
0.697675
0.769297
0.894570
0.972968
1.092521
1.160344
1.261820
1.299852
1.372469
1.384208
1.423574
1.414662
1.439429
1.423121
0.138432
0.056602
0.248399
0.218913
0.386132
0.382305
0.536086
0.563520
0.706419
0.762973
0.900186
0.971919
1.100325
1.164404
1.267331
1.310553
1.375245
1.390610
1.430183
1.416096
1.439452
0.073951
0.152053
0.208737
0.285995
0.364459
0.441967
0.531460
0.614186
0.718021
0.802807
0.920837
1.000239
1.116147
1.180709
1.273576
1.310910
1.380105
1.382804
1.430034
1.414726
0.100249
0.067445
0.253635
0.222600
0.392980
0.393879
0.550504
0.577282
0.729504
0.778791
0.924906
0.991156
1.118244
1.179146
1.278541
1.312170
1.380121
1.390675
1.423632
0.100389
0.145484
0.220127
0.305070
0.373409
0.462634
0.546653
0.634760
0.734311
0.825661
0.933481
1.018030
1.125983
1.185597
1.278476
1.310934
1.375163
1.384229
0.089782
0.090533
0.240118
0.235105
0.397976
0.401306
0.560819
0.587889
0.739370
0.789446
0.936975
0.995607
1.125989
1.179177
1.273596
1.310615
1.372403
0.087784
0.151615
0.235470
0.307677
0.386534
0.473973
0.554265
0.647767
0.742682
0.831443
0.936952
1.018040
1.118204
1.180730
1.267191
1.299999
0.099068
0.087783
0.238657
0.245775
0.393531
0.410641
0.562405
0.589081
0.742683
0.789461
0.933480
0.991200
1.116095
1.164560
1.261716
0.085200
0.163995
0.234990
0.314335
0.394099
0.473556
0.562399
0.647773
0.739350
0.825681
0.924832
1.000319
1.100189
1.160386
0.092008
0.089651
0.239715
0.244258
0.394098
0.410648
0.554257
0.587918
0.734274
0.778875
0.920774
0.972003
1.092515
0.090305
0.163123
0.239714
0.314339
0.393519
0.473990
0.560781
0.634803
0.729435
0.802840
0.900130
0.972998
0.090304
0.089655
0.234982
0.245793
0.386510
0.401347
0.546617
0.577333
0.718000
0.763046
0.894490
0.092000
0.164007
0.238636
0.307701
0.397943
0.462660
0.550464
0.614218
0.706325
0.769395
0.085183
0.087804
0.235449
0.235133
0.373385
0.393927
0.531411
0.563626
0.697596
0.099051
0.151632
0.240093
0.305099
0.392928
0.442021
0.536000
0.579314
0.087766
0.090562
0.220094
0.222653
0.364414
0.382371
0.515732
0.089754
0.145515
0.253594
0.286027
0.386081
0.411620
0.100364
0.067479
0.208709
0.218966
0.348416
0.100224
0.152083
0.248347
0.260583
0.073917
0.056654
0.208222
0.138398
0.109901
0.097498
-0.088398
-0.066718
-0.145684
-0.130656
-0.229329
-0.204932
-0.314135
-0.289470
-0.402098
-0.379458
-0.493408
-0.471199
-0.585553
-0.567013
-0.672935
-0.666640
-0.760212
-0.758546
-0.852257
-0.845975
-0.927045
-0.945917
-1.009546
-1.842042
-1.812961
-1.836178
-1.820041
-1.836479
-1.819475
-1.834354
-1.827919
-1.831305
-1.822233
-1.822137
-1.798534
-1.781217
-1.736281
-1.695807
-1.615539
-1.550307
-1.438755
-1.365206
-1.230126
-1.177652
-1.025775
-1.817581
-1.849686
-1.831732
-1.835156
-1.836533
-1.833399
-1.830707
-1.820814
-1.819973
-1.795238
-1.781288
-1.742332
-1.704907
-1.640466
-1.573669
-1.486121
-1.398820
-1.292278
-1.205469
-1.105311
-1.021771
-1.835584
-1.791765
-1.832152
-1.803707
-1.817407
-1.800920
-1.805948
-1.782954
-1.773610
-1.742865
-1.712315
-1.659005
-1.604600
-1.523156
-1.450093
-1.338742
-1.266805
-1.145632
-1.079760
-0.966074
-1.792605
-1.811206
-1.789641
-1.798923
-1.787496
-1.772417
-1.759805
-1.731786
-1.703583
-1.653776
-1.606322
-1.532080
-1.463514
-1.364095
-1.288013
-1.181299
-1.102035
-1.006876
-0.947341
-1.750489
-1.727618
-1.749631
-1.714358
-1.721271
-1.690061
-1.669922
-1.629781
-1.589051
-1.529900
-1.467670
-1.383098
-1.313698
-1.210619
-1.140629
-1.035810
-0.985546
-0.868440
-1.684517
-1.683221
-1.667721
-1.658701
-1.628040
-1.600180
-1.561175
-1.506832
-1.452950
-1.373860
-1.313003
-1.213338
-1.149398
-1.048726
-0.994613
-0.889201
-0.861454
-1.581154
-1.557161
-1.550248
-1.517133
-1.493980
-1.448091
-1.403133
-1.344602
-1.286085
-1.208285
-1.146328
-1.060493
-1.005965
-0.908795
-0.880360
-0.775318
-1.465029
-1.455905
-1.424774
-1.396854
-1.352769
-1.305694
-1.255108
-1.182122
-1.134139
-1.045580
-1.003188
-0.903959
-0.881025
-0.776497
-0.764505
-1.312233
-1.285672
-1.256866
-1.221248
-1.179440
-1.128316
-1.082519
-1.020014
-0.974151
-0.900985
-0.869547
-0.785067
-0.765947
-0.679700
-1.179654
-1.163671
-1.123746
-1.085114
-1.048794
-0.988844
-0.957382
-0.878558
-0.863439
-0.767474
-0.765046
-0.666972
-0.673318
-1.019875
-0.993146
-0.962521
-0.922958
-0.890358
-0.840742
-0.816265
-0.751579
-0.736133
-0.667226
-0.657730
-0.577500
-0.916290
-0.891532
-0.865001
-0.817436
-0.804682
-0.730430
-0.734246
-0.645695
-0.658286
-0.557512
-0.586621
-0.778938
-0.747202
-0.730093
-0.682573
-0.674902
-0.619367
-0.613581
-0.550619
-0.556480
-0.476767
-0.710849
-0.675877
-0.672531
-0.608922
-0.617691
-0.534312
-0.562199
-0.454622
-0.498346
-0.595207
-0.548402
-0.548267
-0.495965
-0.504696
-0.436421
-0.456307
-0.377899
-0.547148
-0.507103
-0.514905
-0.433384
-0.468800
-0.362620
-0.410548
-0.437252
-0.374045
-0.402114
-0.327968
-0.357681
-0.275978
-0.412535
-0.352488
-0.373445
-0.279880
-0.325999
-0.293201
-0.220591
-0.266152
-0.170395
-0.280797
-0.205971
-0.242338
-0.170280
-0.070288
-0.147163
0.151430
0.058635
0.261314
0.211883
0.377236
0.379847
0.514626
0.549747
0.679890
0.737204
0.869706
0.943064
1.068670
1.143756
1.243704
1.297947
1.367507
1.385167
1.426847
1.421397
1.441936
1.412180
1.426138
1.401329
1.382452
1.392848
1.396618
1.392706
1.395842
1.396271
1.411675
1.405261
1.424752
1.420776
1.435413
1.427525
1.436752
1.417288
1.413677
1.381464
1.355503
1.311150
1.265467
1.205236
1.151741
1.081828
0.055591
0.212923
0.129279
0.283903
0.225719
0.362652
0.327976
0.453982
0.435758
0.552108
0.547510
0.654076
0.661261
0.753583
0.771990
0.852880
0.866209
0.947506
0.952821
1.015197
1.032766
1.091045
0.164984
0.213480
0.250970
0.322658
0.346088
0.434422
0.445819
0.544055
0.553135
0.652770
0.665327
0.759451
0.777871
0.864845
0.878848
0.963568
0.971890
1.036968
1.055645
1.099530
1.099896
0.189950
0.336970
0.286580
0.423917
0.391099
0.520708
0.509990
0.625480
0.636157
0.737769
0.764019
0.853923
0.883184
0.966548
0.992471
1.058343
1.089250
1.135026
1.153902
1.202433
0.319916
0.355215
0.413005
0.479474
0.523789
0.599651
0.642730
0.723989
0.766465
0.850457
0.888201
0.972673
1.002758
1.075161
1.103467
1.158647
1.174652
1.226903
1.223413
0.345820
0.481898
0.457833
0.581226
0.584821
0.697188
0.721364
0.823953
0.861240
0.953798
0.995067
1.070570
1.113369
1.169355
1.200149
1.249369
1.263087
1.300264
0.477017
0.515416
0.596555
0.652252
0.724666
0.792974
0.861069
0.935781
0.995881
1.068317
1.118475
1.180257
1.211328
1.268399
1.277006
1.322293
1.324859
0.525642
0.639187
0.653619
0.765796
0.800863
0.904752
0.952350
1.044117
1.094947
1.167415
1.208985
1.266847
1.290542
1.331753
1.349000
1.370478
0.654955
0.699737
0.797975
0.853886
0.945013
1.010144
1.088621
1.151558
1.209643
1.267020
1.296880
1.343645
1.356257
1.386618
1.387889
0.721257
0.823366
0.871373
0.974873
1.029634
1.121216
1.173120
1.246650
1.281815
1.333901
1.356876
1.384297
1.398319
1.413634
0.854889
0.906347
1.012548
1.069488
1.160719
1.215239
1.277825
1.323646
1.359415
1.388262
1.402437
1.423253
1.418255
0.929824
1.028569
1.090116
1.180408
1.229731
1.301180
1.334062
1.375192
1.394177
1.415162
1.418771
1.428809
1.062159
1.113867
1.209603
1.258304
1.324942
1.356145
1.395083
1.414202
1.422511
1.435888
1.428366
1.130876
1.220126
1.269215
1.333316
1.365098
1.402778
1.409402
1.428584
1.424920
1.425864
1.241732
1.281279
1.352625
1.376498
1.409691
1.424158
1.432566
1.432179
1.426658
1.290780
1.354909
1.376417
1.418530
1.419444
1.430019
1.423248
1.420549
1.361810
1.386224
1.419971
1.420594
1.435249
1.428609
1.417906
1.383276
1.420366
1.423637
1.436745
1.415929
1.416119
1.424802
1.421990
1.429474
1.422492
1.418779
1.417282
1.439781
1.422441
1.409793
1.436424
1.412332
1.417474
1.418748
1.421622
1.431119
-0.015958
0.079077
0.086109
0.181051
0.172401
0.280467
0.267232
0.379189
0.363735
0.477817
0.463271
0.575319
0.563446
0.671022
0.665060
0.758150
0.763733
0.842672
0.843655
0.921970
0.920079
0.965797
0.971881
-0.884800
-0.807022
-0.719512
-0.638189
-0.568956
-0.487986
-0.414094
-0.337215
-0.256391
-0.173214
-0.088088
-0.001807
0.085034
0.172662
0.260745
0.349278
0.442616
0.527275
0.624220
0.716047
0.804174
0.902197
-0.807517
-0.733902
-0.628782
-0.555721
-0.456720
-0.389185
-0.291882
-0.216812
-0.124164
-0.045019
0.047897
0.129003
0.222508
0.300800
0.394832
0.466040
0.562855
0.635067
0.731901
0.800830
0.912527
-0.827709
-0.734923
-0.655559
-0.578107
-0.500411
-0.420131
-0.344953
-0.259726
-0.176357
-0.088446
-0.000006
0.087469
0.179265
0.266080
0.361025
0.450664
0.544542
0.635536
0.738118
0.823661
-0.740016
-0.656290
-0.556056
-0.477571
-0.388692
-0.306673
-0.215946
-0.133788
-0.042438
0.042166
0.134902
0.220220
0.311600
0.394487
0.483226
0.563768
0.659356
0.734671
0.831548
-0.746542
-0.665958
-0.587999
-0.505097
-0.427998
-0.346990
-0.264390
-0.177044
-0.088706
0.000878
0.091479
0.181138
0.274711
0.364737
0.463194
0.551469
0.651227
0.751472
-0.664423
-0.566201
-0.481996
-0.395677
-0.309914
-0.220485
-0.135722
-0.044609
0.041467
0.134882
0.222483
0.313428
0.399609
0.486683
0.572618
0.664759
0.747821
-0.670476
-0.591704
-0.509911
-0.429100
-0.350835
-0.264799
-0.178882
-0.088451
0.002449
0.091318
0.185230
0.274904
0.371686
0.464354
0.560572
0.657118
-0.576376
-0.478921
-0.403614
-0.306180
-0.227649
-0.130912
-0.051155
0.046278
0.129197
0.228609
0.308978
0.405765
0.483276
0.579923
0.662960
-0.593458
-0.508157
-0.431198
-0.348523
-0.266601
-0.177968
-0.088134
0.002326
0.092934
0.182823
0.278535
0.368734
0.468921
0.558753
-0.489187
-0.390514
-0.316439
-0.215107
-0.140995
-0.039911
0.034498
0.139243
0.217150
0.318169
0.393142
0.491643
0.568244
-0.509400
-0.423273
-0.349456
-0.262090
-0.178783
-0.086551
0.003458
0.089593
0.184092
0.271872
0.371459
0.459679
-0.400763
-0.298372
-0.226284
-0.123895
-0.052971
0.047668
0.124101
0.229075
0.301279
0.401504
0.473435
-0.425094
-0.337316
-0.263762
-0.173810
-0.086035
0.002458
0.090228
0.174966
0.274497
0.357663
-0.306862
-0.207720
-0.133211
-0.037780
0.033389
0.135226
0.213170
0.308540
0.381030
-0.340823
-0.250921
-0.176018
-0.082231
0.004309
0.082007
0.177835
0.257954
-0.209908
-0.120877
-0.042355
0.038654
0.125850
0.215836
0.293452
-0.255928
-0.166043
-0.081670
0.002143
0.085234
0.160614
-0.110394
-0.046149
0.043945
0.116250
0.215393
-0.170730
-0.077478
0.005366
0.071091
-0.013574
0.016493
0.141793
-0.087258
-0.009304
0.103987
-0.041149
-0.104394
-0.007402
-0.046385
-0.006379
-0.061387
0.019371
-0.063222
0.015364
-0.053160
0.015117
-0.054499
0.015119
-0.053150
0.015376
-0.063210
0.019385
-0.061366
-0.006370
-0.046361
-0.007386
-0.104371
-0.041134
0.037556
-0.181190
-0.107590
-0.295608
-0.269411
-0.417177
-0.432792
-0.564241
-0.599580
-0.736865
-0.799547
-0.949819
-1.046918
-1.214863
-1.326543
-1.489597
-1.573697
-1.697612
-1.732621
-1.806235
-1.794707
-1.862895
-1.816767
-0.024445
-0.142726
-0.177512
-0.263231
-0.320528
-0.406607
-0.460939
-0.562840
-0.623052
-0.735270
-0.818998
-0.953443
-1.066386
-1.223764
-1.349887
-1.494126
-1.596818
-1.688047
-1.749961
-1.788576
-1.814401
-1.800101
0.005721
-0.204677
-0.151312
-0.322310
-0.299394
-0.457563
-0.458151
-0.600525
-0.632557
-0.773877
-0.836017
-0.993846
-1.086794
-1.258500
-1.364260
-1.520386
-1.598988
-1.713783
-1.742468
-1.817956
-1.814399
-0.052969
-0.113658
-0.192311
-0.261661
-0.331516
-0.409396
-0.483395
-0.570503
-0.648181
-0.756306
-0.849477
-0.984330
-1.103347
-1.255939
-1.379712
-1.515026
-1.604940
-1.696583
-1.742471
-1.788576
-0.037341
-0.204352
-0.161962
-0.336625
-0.316925
-0.472646
-0.476084
-0.624918
-0.652511
-0.801652
-0.861972
-1.021785
-1.114044
-1.283916
-1.383574
-1.535407
-1.604936
-1.713782
-1.749958
-0.031899
-0.129466
-0.195406
-0.262084
-0.344414
-0.416480
-0.496775
-0.580747
-0.665963
-0.768461
-0.869166
-1.001081
-1.119433
-1.268810
-1.383579
-1.515026
-1.598993
-1.688047
-0.051981
-0.189710
-0.186553
-0.339149
-0.330445
-0.484897
-0.490886
-0.638435
-0.667263
-0.816129
-0.872963
-1.032498
-1.119429
-1.283914
-1.379709
-1.520384
-1.596815
-0.048918
-0.131797
-0.192200
-0.273629
-0.348035
-0.422450
-0.504565
-0.585450
-0.671395
-0.773461
-0.872968
-1.001081
-1.114050
-1.255939
-1.364265
-1.494126
-0.045414
-0.197883
-0.196058
-0.338101
-0.345215
-0.487232
-0.500198
-0.644213
-0.671391
-0.816128
-0.869163
-1.021782
-1.103344
-1.258496
-1.349885
-0.055630
-0.125289
-0.199971
-0.275186
-0.347477
-0.427775
-0.500200
-0.585451
-0.667269
-0.768462
-0.861980
-0.984331
-1.086801
-1.223766
-0.053021
-0.199053
-0.197921
-0.342357
-0.347475
-0.487230
-0.504565
-0.638430
-0.665963
-0.801646
-0.849475
-0.993840
-1.066384
-0.053483
-0.128000
-0.197921
-0.275184
-0.345218
-0.422446
-0.490895
-0.580747
-0.652521
-0.756309
-0.836028
-0.953445
-0.053483
-0.199049
-0.199971
-0.338091
-0.348037
-0.484888
-0.496776
-0.624909
-0.648181
-0.773868
-0.818998
-0.053026
-0.125279
-0.196061
-0.273616
-0.330450
-0.416478
-0.476098
-0.570505
-0.632572
-0.735273
-0.055642
-0.197867
-0.192196
-0.339129
-0.344416
-0.472631
-0.483398
-0.600513
-0.623052
-0.045427
-0.131783
-0.186548
-0.262060
-0.316941
-0.409397
-0.458171
-0.562843
-0.048934
-0.189683
-0.195390
-0.336583
-0.331519
-0.457544
-0.460943
-0.052009
-0.129442
-0.161933
-0.261628
-0.299423
-0.406607
-0.031928
-0.204326
-0.192258
-0.322243
-0.320533
-0.037377
-0.113638
-0.151277
-0.263192
-0.053013
-0.204640
-0.177455
0.005679
-0.142725
-0.024470
0.151429
0.058635
0.261314
0.211883
0.377236
0.379847
0.514626
0.549747
0.679890
0.737204
0.869707
0.943065
1.068671
1.143756
1.243704
1.297947
1.367508
1.385167
1.426847
1.421397
1.441936
1.412180
1.426138
0.097488
0.109894
0.208214
0.260579
0.348412
0.411617
0.515730
0.579313
0.697596
0.769395
0.894491
0.972999
1.092517
1.160387
1.261717
1.299999
1.372404
1.384229
1.423632
1.414726
1.439452
1.423121
0.138385
0.056648
0.248339
0.218962
0.386077
0.382369
0.535999
0.563625
0.706325
0.763046
0.900131
0.972004
1.100190
1.164561
1.267192
1.310616
1.375163
1.390675
1.430034
1.416096
1.439429
0.073902
0.152077
0.208701
0.286024
0.364411
0.442019
0.531410
0.614217
0.718000
0.802840
0.920775
1.000320
1.116096
1.180731
1.273596
1.310935
1.380122
1.382805
1.430183
1.414662
0.100210
0.067474
0.253587
0.222649
0.392925
0.393924
0.550463
0.577332
0.729435
0.778875
0.924833
0.991201
1.118205
1.179178
1.278477
1.312171
1.380105
1.390610
1.423574
0.100352
0.145511
0.220087
0.305096
0.373382
0.462658
0.546616
0.634803
0.734275
0.825682
0.933481
1.018041
1.125990
1.185598
1.278542
1.310910
1.375245
1.384208
0.089744
0.090558
0.240088
0.235131
0.397941
0.401345
0.560781
0.587918
0.739351
0.789462
0.936953
0.995608
1.125984
1.179147
1.273576
1.310554
1.372469
0.087759
0.151628
0.235445
0.307699
0.386508
0.473989
0.554257
0.647773
0.742684
0.831444
0.936976
1.018031
1.118245
1.180710
1.267332
1.299853
0.099047
0.087801
0.238634
0.245791
0.393518
0.410647
0.562399
0.589081
0.742683
0.789447
0.933482
0.991157
1.116148
1.164404
1.261821
0.085182
0.164005
0.234980
0.314338
0.394097
0.473555
0.562405
0.647768
0.739371
0.825662
0.924907
1.000240
1.100326
1.160345
0.091999
0.089654
0.239712
0.244257
0.394098
0.410641
0.554265
0.587889
0.734311
0.778792
0.920838
0.971920
1.092522
0.090304
0.163122
0.239714
0.314335
0.393530
0.473972
0.560820
0.634760
0.729504
0.802807
0.900186
0.972968
0.090305
0.089651
0.234989
0.245774
0.386533
0.401306
0.546653
0.577283
0.718022
0.762974
0.894571
0.092008
0.163994
0.238657
0.307676
0.397976
0.462634
0.550504
0.614186
0.706420
0.769298
0.085200
0.087783
0.235469
0.235105
0.373409
0.393879
0.531461
0.563520
0.697676
0.099068
0.151614
0.240117
0.305070
0.392979
0.441967
0.536086
0.579270
0.087784
0.090533
0.220127
0.222600
0.364459
0.382305
0.515760
0.089781
0.145484
0.253635
0.285995
0.386131
0.411589
0.100388
0.067444
0.208736
0.218912
0.348457
0.100249
0.152053
0.248398
0.260539
0.073950
0.056601
0.208258
0.138432
0.109875
0.097526
0.037624
-0.181253
-0.107585
-0.295682
-0.269385
-0.417201
-0.432765
-0.564258
-0.599561
-0.736877
-0.799533
-0.949827
-1.046908
-1.214870
-1.326536
-1.489601
-1.573692
-1.697614
-1.732617
-1.806237
-1.794704
-1.862896
-1.816765
-1.814738
-1.843650
-1.823857
-1.828837
-1.821401
-1.824126
-1.831752
-1.822063
-1.833710
-1.828421
-1.832720
-1.819505
-1.816853
-1.787787
-1.759640
-1.707534
-1.648465
-1.567211
-1.474986
-1.380004
-1.274400
-1.178533
-1.087014
-0.147162
-0.070288
-0.242339
-0.170395
-0.325999
-0.275978
-0.410548
-0.377899
-0.498347
-0.476766
-0.586621
-0.577500
-0.673318
-0.679700
-0.764505
-0.775318
-0.861454
-0.868440
-0.947341
-0.966074
-1.021771
-1.025775
-0.170280
-0.205971
-0.266152
-0.279880
-0.357681
-0.362620
-0.456307
-0.454622
-0.556480
-0.557512
-0.657730
-0.666972
-0.765947
-0.776497
-0.880360
-0.889201
-0.985546
-1.006876
-1.079760
-1.105311
-1.177652
-0.280797
-0.220590
-0.373445
-0.327967
-0.468800
-0.436420
-0.562199
-0.550619
-0.658286
-0.667226
-0.765046
-0.785067
-0.881025
-0.908795
-0.994613
-1.035810
-1.102035
-1.145632
-1.205469
-1.230126
-0.293201
-0.352488
-0.402114
-0.433384
-0.504696
-0.534311
-0.613581
-0.645695
-0.736132
-0.767474
-0.869547
-0.903959
-1.005965
-1.048726
-1.140629
-1.181299
-1.266805
-1.292278
-1.365206
-0.412535
-0.374044
-0.514905
-0.495965
-0.617690
-0.619367
-0.734246
-0.751579
-0.863439
-0.900985
-1.003189
-1.060493
-1.149398
-1.210619
-1.288014
-1.338742
-1.398820
-1.438755
-0.437252
-0.507102
-0.548266
-0.608922
-0.674902
-0.730430
-0.816264
-0.878558
-0.974151
-1.045580
-1.146328
-1.213338
-1.313698
-1.364095
-1.450093
-1.486121
-1.550307
-0.547147
-0.548401
-0.672530
-0.682572
-0.804681
-0.840742
-0.957382
-1.020014
-1.134139
-1.208285
-1.313003
-1.383099
-1.463514
-1.523157
-1.573669
-1.615539
-0.595206
-0.675876
-0.730092
-0.817436
-0.890357
-0.988844
-1.082519
-1.182122
-1.286085
-1.373860
-1.467670
-1.532081
-1.604601
-1.640466
-1.695807
-0.710848
-0.747201
-0.865000
-0.922957
-1.048794
-1.128316
-1.255108
-1.344602
-1.452950
-1.529900
-1.606323
-1.659005
-1.704908
-1.736281
-0.778937
-0.891531
-0.962520
-1.085113
-1.179440
-1.305694
-1.403133
-1.506833
-1.589052
-1.653777
-1.712316
-1.742333
-1.781217
-0.916289
-0.993145
-1.123745
-1.221247
-1.352768
-1.448091
-1.561176
-1.629781
-1.703583
-1.742865
-1.781288
-1.798534
-1.019874
-1.163670
-1.256865
-1.396853
-1.493980
-1.600180
-1.669922
-1.731786
-1.773610
-1.795238
-1.822137
-1.179653
-1.285671
-1.424773
-1.517132
-1.628040
-1.690061
-1.759805
-1.782954
-1.819973
-1.822233
-1.312232
-1.455904
-1.550247
-1.658701
-1.721271
-1.772417
-1.805948
-1.820814
-1.831305
-1.465028
-1.557160
-1.667721
-1.714358
-1.787496
-1.800920
-1.830707
-1.827919
-1.581153
-1.683221
-1.749631
-1.798923
-1.817407
-1.833399
-1.834354
-1.684517
-1.727617
-1.789641
-1.803707
-1.836533
-1.819475
-1.750488
-1.811206
-1.832151
-1.835156
-1.836479
-1.792605
-1.791765
-1.831732
-1.820041
-1.835584
-1.849686
-1.836177
-1.817581
-1.812961
-1.842042
-0.015958
0.079077
0.086109
0.181051
0.172401
0.280467
0.267232
0.379189
0.363735
0.477817
0.463271
0.575319
0.563446
0.671022
0.665060
0.758150
0.763733
0.842672
0.843655
0.921970
0.920079
0.965797
0.971881
1.431118
1.421622
1.417474
1.409793
1.418779
1.416119
1.417906
1.420548
1.426658
1.425864
1.428365
1.428809
1.418255
1.413634
1.387889
1.370478
1.324859
1.300264
1.223413
1.202433
1.099896
1.091046
1.418748
1.412332
1.422441
1.422492
1.415929
1.428609
1.423248
1.432178
1.424920
1.435888
1.418771
1.423252
1.398319
1.386618
1.348999
1.322293
1.263086
1.226903
1.153902
1.099530
1.032766
1.436424
1.439781
1.429474
1.436745
1.435249
1.430019
1.432566
1.428584
1.422511
1.415162
1.402437
1.384297
1.356257
1.331753
1.277006
1.249369
1.174652
1.135026
1.055645
1.015197
1.417282
1.421990
1.423637
1.420594
1.419444
1.424158
1.409402
1.414202
1.394177
1.388262
1.356876
1.343645
1.290542
1.268399
1.200149
1.158647
1.089250
1.036968
0.952821
1.424802
1.420366
1.419971
1.418530
1.409691
1.402778
1.395083
1.375192
1.359415
1.333901
1.296880
1.266847
1.211328
1.169355
1.103467
1.058343
0.971890
0.947506
1.383276
1.386224
1.376417
1.376497
1.365098
1.356145
1.334062
1.323646
1.281815
1.267020
1.208985
1.180257
1.113368
1.075161
0.992471
0.963568
0.866209
1.361810
1.354909
1.352626
1.333316
1.324943
1.301180
1.277825
1.246650
1.209643
1.167415
1.118475
1.070570
1.002758
0.966548
0.878848
0.852880
1.290780
1.281279
1.269215
1.258304
1.229731
1.215239
1.173120
1.151558
1.094947
1.068317
0.995067
0.972674
0.883184
0.864845
0.771990
1.241733
1.220127
1.209604
1.180408
1.160720
1.121216
1.088622
1.044117
0.995881
0.953798
0.888201
0.853924
0.777871
0.753583
1.130876
1.113867
1.090117
1.069488
1.029635
1.010144
0.952350
0.935781
0.861240
0.850457
0.764019
0.759452
0.661261
1.062160
1.028569
1.012549
0.974874
0.945013
0.904752
0.861070
0.823954
0.766465
0.737769
0.665327
0.654076
0.929825
0.906348
0.871373
0.853887
0.800863
0.792974
0.721364
0.723990
0.636157
0.652770
0.547510
0.854889
0.823367
0.797976
0.765796
0.724666
0.697189
0.642731
0.625480
0.553135
0.552108
0.721258
0.699737
0.653620
0.652252
0.584821
0.599651
0.509990
0.544055
0.435758
0.654956
0.639188
0.596555
0.581226
0.523789
0.520708
0.445819
0.453982
0.525642
0.515416
0.457833
0.479474
0.391099
0.434422
0.327976
0.477017
0.481898
0.413005
0.423917
0.346088
0.362652
0.345820
0.355215
0.286580
0.322658
0.225719
0.319916
0.336969
0.250970
0.283903
0.189950
0.213480
0.129279
0.164984
0.212922
0.055591
-0.088399
-0.066718
-0.145684
-0.130657
-0.229330
-0.204932
-0.314136
-0.289470
-0.402098
-0.379458
-0.493408
-0.471199
-0.585553
-0.567013
-0.672935
-0.666640
-0.760212
-0.758546
-0.852257
-0.845975
-0.927045
-0.945917
-1.009546
-0.877598
-0.820612
-0.691516
-0.638151
-0.526723
-0.462526
-0.368860
-0.296027
-0.202422
-0.128591
-0.035154
0.041439
0.135469
0.212214
0.305106
0.379191
0.469825
0.539826
0.640727
0.698374
0.811570
0.863705
0.980049
0.103987
-0.009304
0.141792
0.071091
0.215393
0.160614
0.293451
0.257954
0.381030
0.357663
0.473435
0.459679
0.568244
0.558753
0.662961
0.657118
0.747821
0.751472
0.831548
0.823661
0.912527
0.902197
-0.087258
0.016493
0.005366
0.116250
0.085234
0.215836
0.177835
0.308540
0.274497
0.401504
0.371459
0.491643
0.468921
0.579923
0.560572
0.664759
0.651227
0.734671
0.738118
0.800830
0.804174
-0.013574
-0.077478
0.043945
0.002143
0.125850
0.082007
0.213170
0.174966
0.301279
0.271872
0.393142
0.368734
0.483276
0.464354
0.572618
0.551469
0.659357
0.635536
0.731901
0.716047
-0.170730
-0.046149
-0.081670
0.038654
0.004309
0.135225
0.090229
0.229075
0.184092
0.318169
0.278536
0.405766
0.371686
0.486683
0.463195
0.563768
0.544542
0.635067
0.624220
-0.110394
-0.166043
-0.042355
-0.082232
0.033389
0.002458
0.124102
0.089593
0.217150
0.182823
0.308978
0.274904
0.399609
0.364737
0.483226
0.450664
0.562855
0.527275
-0.255927
-0.120876
-0.176018
-0.037781
-0.086035
0.047667
0.003458
0.139243
0.092934
0.228609
0.185230
0.313428
0.274711
0.394487
0.361025
0.466040
0.442616
-0.209908
-0.250921
-0.133210
-0.173810
-0.052970
-0.086551
0.034498
0.002326
0.129197
0.091318
0.222483
0.181138
0.311600
0.266080
0.394832
0.349278
-0.340823
-0.207719
-0.263762
-0.123895
-0.178782
-0.039911
-0.088134
0.046278
0.002449
0.134883
0.091479
0.220220
0.179266
0.300800
0.260745
-0.306863
-0.337316
-0.226284
-0.262089
-0.140995
-0.177968
-0.051155
-0.088451
0.041467
0.000878
0.134902
0.087469
0.222508
0.172662
-0.425094
-0.298372
-0.349456
-0.215106
-0.266601
-0.130912
-0.178882
-0.044609
-0.088706
0.042166
-0.000006
0.129003
0.085035
-0.400763
-0.423273
-0.316439
-0.348523
-0.227649
-0.264799
-0.135721
-0.177044
-0.042438
-0.088446
0.047897
-0.001807
-0.509400
-0.390515
-0.431198
-0.306180
-0.350835
-0.220485
-0.264390
-0.133788
-0.176357
-0.045019
-0.088088
-0.489187
-0.508157
-0.403614
-0.429100
-0.309914
-0.346990
-0.215945
-0.259726
-0.124163
-0.173214
-0.593458
-0.478921
-0.509911
-0.395677
-0.427998
-0.306672
-0.344953
-0.216812
-0.256391
-0.576376
-0.591704
-0.481996
-0.505097
-0.388692
-0.420131
-0.291882
-0.337215
-0.670476
-0.566201
-0.587999
-0.477570
-0.500411
-0.389185
-0.414094
-0.664423
-0.665958
-0.556056
-0.578107
-0.456720
-0.487986
-0.746542
-0.656290
-0.655559
-0.555721
-0.568956
-0.740016
-0.734923
-0.628782
-0.638189
-0.827709
-0.733902
-0.719512
-0.807517
-0.807022
-0.884800
0.037559
-0.181210
-0.107644
-0.295644
-0.269398
-0.417156
-0.432774
-0.564229
-0.599573
-0.736861
-0.799547
-0.949820
-1.046920
-1.214866
-1.326546
-1.489599
-1.573699
-1.697613
-1.732622
-1.806236
-1.794708
-1.862895
-1.816767
-1.814738
-1.843650
-1.823857
-1.828836
-1.821402
-1.824124
-1.831753
-1.822060
-1.833712
-1.828417
-1.832722
-1.819499
-1.816856
-1.787777
-1.759644
-1.707520
-1.648470
-1.567191
-1.474993
-1.379975
-1.274412
-1.178491
-1.087032
-0.147181
-0.070335
-0.242357
-0.170436
-0.326004
-0.276015
-0.410551
-0.377932
-0.498347
-0.476802
-0.586619
-0.577536
-0.673317
-0.679736
-0.764505
-0.775355
-0.861454
-0.868475
-0.947343
-0.966108
-1.021775
-1.025804
-0.170295
-0.205933
-0.266143
-0.279842
-0.357674
-0.362583
-0.456305
-0.454591
-0.556480
-0.557484
-0.657733
-0.666943
-0.765951
-0.776468
-0.880363
-0.889170
-0.985549
-1.006844
-1.079762
-1.105277
-1.177659
-0.280800
-0.220625
-0.373445
-0.327992
-0.468803
-0.436447
-0.562201
-0.550645
-0.658288
-0.667252
-0.765048
-0.785094
-0.881027
-0.908822
-0.994615
-1.035836
-1.102038
-1.145655
-1.205475
-1.230143
-0.293191
-0.352443
-0.402104
-0.433351
-0.504689
-0.534286
-0.613580
-0.645673
-0.736134
-0.767454
-0.869550
-0.903939
-1.005968
-1.048704
-1.140631
-1.181276
-1.266809
-1.292250
-1.365211
-0.412523
-0.374062
-0.514900
-0.495986
-0.617692
-0.619387
-0.734249
-0.751600
-0.863443
-0.901006
-1.003192
-1.060512
-1.149401
-1.210637
-1.288017
-1.338758
-1.398826
-1.438769
-0.437236
-0.507070
-0.548259
-0.608898
-0.674900
-0.730413
-0.816265
-0.878544
-0.974153
-1.045566
-1.146330
-1.213323
-1.313700
-1.364077
-1.450096
-1.486102
-1.550310
-0.547140
-0.548416
-0.672531
-0.682590
-0.804685
-0.840760
-0.957387
-1.020031
-1.134143
-1.208300
-1.313007
-1.383111
-1.463518
-1.523168
-1.573673
-1.615549
-0.595200
-0.675856
-0.730090
-0.817422
-0.890359
-0.988833
-1.082521
-1.182112
-1.286087
-1.373849
-1.467672
-1.532068
-1.604602
-1.640452
-1.695809
-0.710848
-0.747217
-0.865004
-0.922973
-1.048799
-1.128330
-1.255113
-1.344614
-1.452954
-1.529910
-1.606326
-1.659014
-1.704911
-1.736288
-0.778936
-0.891520
-0.962522
-1.085105
-1.179442
-1.305687
-1.403135
-1.506825
-1.589053
-1.653768
-1.712316
-1.742323
-1.781218
-0.916293
-0.993159
-1.123750
-1.221260
-1.352773
-1.448101
-1.561179
-1.629789
-1.703586
-1.742872
-1.781291
-1.798540
-1.019875
-1.163664
-1.256867
-1.396848
-1.493981
-1.600175
-1.669923
-1.731780
-1.773611
-1.795232
-1.822138
-1.179658
-1.285682
-1.424777
-1.517141
-1.628042
-1.690068
-1.759807
-1.782960
-1.819975
-1.822238
-1.312233
-1.455901
-1.550248
-1.658697
-1.721271
-1.772413
-1.805949
-1.820810
-1.831305
-1.465032
-1.557168
-1.667723
-1.714363
-1.787498
-1.800924
-1.830708
-1.827923
-1.581153
-1.683218
-1.749630
-1.798920
-1.817407
-1.833396
-1.834354
-1.684519
-1.727623
-1.789642
-1.803711
-1.836535
-1.819478
-1.750488
-1.811204
-1.832151
-1.835154
-1.836479
-1.792606
-1.791769
-1.831733
-1.820044
-1.835583
-1.849685
-1.836177
-1.817581
-1.812963
-1.842041
-0.015992
0.079149
0.086082
0.181117
0.172382
0.280565
0.267200
0.379308
0.363761
0.477916
0.463324
0.575525
0.563461
0.671255
0.665246
0.758322
0.763919
0.843101
0.843716
0.922382
0.920431
0.966079
0.972073
1.431235
1.421286
1.417241
1.409762
1.418447
1.415456
1.418285
1.419990
1.426306
1.426010
1.428318
1.428059
1.418946
1.413096
1.387846
1.370461
1.325054
1.299618
1.223986
1.201975
1.099966
1.090803
1.418759
1.412717
1.422501
1.422611
1.416473
1.428804
1.423049
1.432998
1.424753
1.435940
1.419089
1.423537
1.397778
1.387441
1.348599
1.322504
1.263026
1.227326
1.153360
1.100193
1.032485
1.436361
1.439381
1.429613
1.436298
1.434907
1.430061
1.432365
1.427981
1.422924
1.414730
1.402239
1.384338
1.356336
1.331162
1.277512
1.248968
1.174697
1.134860
1.055893
1.014636
1.417522
1.422151
1.423628
1.421164
1.419452
1.424243
1.409796
1.414422
1.393883
1.388934
1.356677
1.343754
1.290629
1.268725
1.199698
1.159237
1.088977
1.037184
0.952718
1.424649
1.420288
1.419782
1.418085
1.409865
1.402413
1.394812
1.375220
1.359352
1.333406
1.297222
1.266523
1.211266
1.169262
1.103643
1.057858
0.972249
0.947186
1.383324
1.386346
1.376724
1.376686
1.365010
1.356665
1.334024
1.323729
1.282020
1.267264
1.208696
1.180751
1.113203
1.075304
0.992430
0.963894
0.865875
1.361856
1.354629
1.352409
1.333274
1.324803
1.300789
1.277992
1.246380
1.209486
1.167365
1.118529
1.070168
1.003021
0.966292
0.878876
0.852703
1.290795
1.281626
1.269251
1.258413
1.229961
1.215436
1.172995
1.151958
1.094902
1.068414
0.995126
0.972922
0.882945
0.865199
0.771862
1.241607
1.219856
1.209648
1.180175
1.160540
1.121159
1.088574
1.043796
0.996020
0.953595
0.888149
0.853805
0.777982
0.753267
1.131049
1.114017
1.090105
1.069797
1.029664
1.010239
0.952476
0.935974
0.861120
0.850743
0.763971
0.759572
0.661232
1.062024
1.028497
1.012454
0.974629
0.945052
0.904577
0.860963
0.823862
0.766486
0.737518
0.665433
0.653912
0.929874
0.906447
0.871509
0.854040
0.800839
0.793206
0.721384
0.724086
0.636196
0.652948
0.547409
0.854876
0.823219
0.797862
0.765712
0.724622
0.696990
0.642760
0.625346
0.553094
0.551996
0.721283
0.699914
0.653671
0.652344
0.584900
0.599792
0.509962
0.544221
0.435761
0.654890
0.639039
0.596537
0.581110
0.523717
0.520617
0.445812
0.453832
0.525724
0.515526
0.457854
0.479611
0.391138
0.434507
0.328007
0.476946
0.481820
0.412963
0.423796
0.346072
0.362562
0.345867
0.355293
0.286634
0.322756
0.225730
0.319883
0.336889
0.250919
0.283829
0.189979
0.213567
0.129314
0.164948
0.212847
0.055621
-0.088386
-0.066675
-0.145678
-0.130608
-0.229327
-0.204889
-0.314129
-0.289430
-0.402100
-0.379417
-0.493414
-0.471160
-0.585559
-0.566973
-0.672942
-0.666598
-0.760217
-0.758504
-0.852261
-0.845932
-0.927047
-0.945874
-1.009546
-0.877646
-0.820553
-0.691576
-0.638082
-0.526799
-0.462440
-0.368955
-0.295917
-0.202546
-0.128448
-0.035313
0.041614
0.135286
0.212417
0.304872
0.379484
0.469481
0.540196
0.640387
0.698709
0.811176
0.864318
0.979286
0.103934
-0.009295
0.141737
0.071110
0.215307
0.160630
0.293367
0.257925
0.380925
0.357649
0.473247
0.459629
0.568093
0.558580
0.662746
0.657036
0.747431
0.751319
0.831303
0.823332
0.912147
0.902208
-0.087275
0.016552
0.005338
0.116327
0.085226
0.215910
0.177848
0.308657
0.274500
0.401654
0.371535
0.491774
0.469030
0.580181
0.560624
0.665058
0.651432
0.734901
0.738281
0.801345
0.804071
-0.013632
-0.077464
0.043886
0.002141
0.125784
0.082005
0.213064
0.174953
0.301171
0.271798
0.393006
0.368678
0.483036
0.464273
0.572413
0.551277
0.659086
0.635492
0.731412
0.716053
-0.170745
-0.046101
-0.081675
0.038722
0.004303
0.135318
0.090250
0.229168
0.184143
0.318318
0.278571
0.405962
0.371792
0.486861
0.463316
0.564089
0.544545
0.635466
0.624290
-0.110439
-0.166040
-0.042419
-0.082231
0.033317
0.002432
0.124016
0.089562
0.217011
0.182783
0.308830
0.274803
0.399426
0.364678
0.482920
0.450633
0.562561
0.527187
-0.255938
-0.120821
-0.176018
-0.037720
-0.086018
0.047754
0.003476
0.139364
0.092982
0.228736
0.185303
0.313624
0.274745
0.394748
0.361088
0.466292
0.442658
-0.209954
-0.250928
-0.133265
-0.173822
-0.053050
-0.086570
0.034402
0.002279
0.129080
0.091273
0.222299
0.181103
0.311393
0.266015
0.394589
0.349279
-0.340821
-0.207669
-0.263758
-0.123825
-0.178765
-0.039828
-0.088098
0.046395
0.002478
0.135045
0.091522
0.220399
0.179311
0.301045
0.260731
-0.306908
-0.337322
-0.226343
-0.262109
-0.141069
-0.177994
-0.051263
-0.088477
0.041332
0.000836
0.134739
0.087445
0.222281
0.172666
-0.425090
-0.298321
-0.349442
-0.215037
-0.266585
-0.130816
-0.178858
-0.044491
-0.088673
0.042323
0.000006
0.129203
0.085046
-0.400807
-0.423284
-0.316501
-0.348537
-0.227731
-0.264822
-0.135826
-0.177066
-0.042581
-0.088458
0.047729
-0.001823
-0.509394
-0.390459
-0.431187
-0.306108
-0.350817
-0.220389
-0.264376
-0.133659
-0.176343
-0.044872
-0.088075
-0.489236
-0.508168
-0.403677
-0.429113
-0.310000
-0.347001
-0.216056
-0.259741
-0.124293
-0.173221
-0.593452
-0.478866
-0.509903
-0.395601
-0.427988
-0.306576
-0.344940
-0.216693
-0.256389
-0.576426
-0.591711
-0.482063
-0.505106
-0.388776
-0.420141
-0.291987
-0.337216
-0.670473
-0.566143
-0.587992
-0.477496
-0.500404
-0.389089
-0.414091
-0.664473
-0.665964
-0.556121
-0.578113
-0.456803
-0.487990
-0.746539
-0.656233
-0.655556
-0.555647
-0.568953
-0.740065
-0.734926
-0.628845
-0.638193
-0.827710
-0.733846
-0.719510
-0.807561
-0.807026
-0.884803
-0.088389
-0.066669
-0.145668
-0.130597
-0.229318
-0.204882
-0.314126
-0.289428
-0.402099
-0.379416
-0.493413
-0.471160
-0.585558
-0.566972
-0.672941
-0.666597
-0.760216
-0.758503
-0.852260
-0.845931
-0.927046
-0.945874
-1.009546
-1.842041
-1.812963
-1.836177
-1.820044
-1.836478
-1.819478
-1.834354
-1.827923
-1.831305
-1.822238
-1.822137
-1.798539
-1.781217
-1.736288
-1.695808
-1.615549
-1.550309
-1.438768
-1.365210
-1.230143
-1.177658
-1.025803
-1.817581
-1.849684
-1.831733
-1.835153
-1.836534
-1.833396
-1.830708
-1.820810
-1.819975
-1.795231
-1.781290
-1.742323
-1.704910
-1.640452
-1.573672
-1.486101
-1.398825
-1.292250
-1.205475
-1.105276
-1.021775
-1.835582
-1.791768
-1.832150
-1.803710
-1.817406
-1.800924
-1.805948
-1.782959
-1.773610
-1.742871
-1.712315
-1.659013
-1.604601
-1.523167
-1.450095
-1.338757
-1.266808
-1.145654
-1.079762
-0.966108
-1.792605
-1.811203
-1.789641
-1.798920
-1.787497
-1.772412
-1.759806
-1.731779
-1.703585
-1.653767
-1.606325
-1.532067
-1.463517
-1.364076
-1.288016
-1.181274
-1.102037
-1.006844
-0.947342
-1.750486
-1.727621
-1.749629
-1.714362
-1.721270
-1.690066
-1.669921
-1.629788
-1.589051
-1.529909
-1.467670
-1.383110
-1.313699
-1.210635
-1.140630
-1.035835
-0.985547
-0.868474
-1.684517
-1.683216
-1.667721
-1.658695
-1.628041
-1.600173
-1.561177
-1.506823
-1.452952
-1.373847
-1.313005
-1.213321
-1.149400
-1.048702
-0.994613
-0.889169
-0.861453
-1.581151
-1.557166
-1.550246
-1.517139
-1.493978
-1.448099
-1.403132
-1.344611
-1.286085
-1.208297
-1.146328
-1.060511
-1.005966
-0.908820
-0.880362
-0.775354
-1.465029
-1.455898
-1.424775
-1.396845
-1.352770
-1.305684
-1.255110
-1.182109
-1.134141
-1.045564
-1.003190
-0.903937
-0.881025
-0.776466
-0.764504
-1.312230
-1.285679
-1.256863
-1.221257
-1.179439
-1.128328
-1.082518
-1.020029
-0.974151
-0.901004
-0.869548
-0.785093
-0.765950
-0.679735
-1.179655
-1.163662
-1.123747
-1.085103
-1.048797
-0.988831
-0.957385
-0.878542
-0.863441
-0.767453
-0.765047
-0.666942
-0.673316
-1.019872
-0.993157
-0.962520
-0.922971
-0.890357
-0.840759
-0.816264
-0.751599
-0.736133
-0.667252
-0.657732
-0.577535
-0.916292
-0.891520
-0.865004
-0.817422
-0.804685
-0.730413
-0.734250
-0.645673
-0.658288
-0.557483
-0.586619
-0.778937
-0.747218
-0.730091
-0.682592
-0.674901
-0.619389
-0.613581
-0.550646
-0.556481
-0.476802
-0.710852
-0.675861
-0.672536
-0.608903
-0.617696
-0.534289
-0.562203
-0.454592
-0.498348
-0.595207
-0.548424
-0.548266
-0.495992
-0.504693
-0.436450
-0.456306
-0.377932
-0.547152
-0.507082
-0.514910
-0.433359
-0.468807
-0.362583
-0.410550
-0.437253
-0.374076
-0.402112
-0.327994
-0.357673
-0.276013
-0.412540
-0.352451
-0.373445
-0.279836
-0.325998
-0.293189
-0.220612
-0.266129
-0.170425
-0.280765
-0.205907
-0.242342
-0.170264
-0.070317
-0.147171
0.151366
0.058693
0.261249
0.211952
0.377146
0.379945
0.514533
0.549823
0.679821
0.737309
0.869550
0.943263
1.068505
1.143859
1.243633
1.298073
1.367259
1.385430
1.426611
1.421470
1.441787
1.412303
1.425838
1.401495
1.382469
1.393273
1.396724
1.392734
1.396696
1.396222
1.411726
1.405841
1.424988
1.420228
1.436451
1.427084
1.436870
1.417434
1.414055
1.380742
1.356450
1.310581
1.265834
1.205057
1.152283
1.081278
0.055616
0.212842
0.129311
0.283827
0.225728
0.362560
0.328006
0.453831
0.435761
0.551995
0.547409
0.653912
0.661232
0.753267
0.771862
0.852703
0.865876
0.947186
0.952719
1.014636
1.032485
1.090803
0.164942
0.213563
0.250916
0.322754
0.346070
0.434506
0.445811
0.544221
0.553094
0.652948
0.665433
0.759572
0.777983
0.865200
0.878876
0.963895
0.972250
1.037184
1.055893
1.100194
1.099966
0.189975
0.336885
0.286631
0.423794
0.391137
0.520615
0.509962
0.625346
0.636196
0.737518
0.763972
0.853805
0.882946
0.966292
0.992430
1.057858
1.088977
1.134861
1.153360
1.201975
0.319880
0.355290
0.412961
0.479609
0.523716
0.599792
0.642760
0.724086
0.766486
0.850744
0.888149
0.972923
1.003021
1.075305
1.103643
1.159238
1.174697
1.227326
1.223986
0.345864
0.481818
0.457852
0.581109
0.584900
0.696990
0.721384
0.823863
0.861120
0.953596
0.995127
1.070169
1.113203
1.169263
1.199699
1.248968
1.263026
1.299619
0.476944
0.515525
0.596536
0.652343
0.724622
0.793206
0.860964
0.935975
0.996020
1.068415
1.118530
1.180752
1.211267
1.268725
1.277513
1.322505
1.325054
0.525723
0.639039
0.653671
0.765712
0.800839
0.904578
0.952477
1.043797
1.094903
1.167366
1.208697
1.266523
1.290629
1.331162
1.348600
1.370461
0.654890
0.699914
0.797863
0.854040
0.945053
1.010240
1.088574
1.151959
1.209487
1.267265
1.297223
1.343754
1.356336
1.387441
1.387847
0.721283
0.823220
0.871510
0.974630
1.029665
1.121160
1.172996
1.246381
1.282020
1.333406
1.356677
1.384338
1.397778
1.413096
0.854877
0.906447
1.012455
1.069797
1.160541
1.215436
1.277993
1.323729
1.359353
1.388935
1.402239
1.423537
1.418946
0.929875
1.028498
1.090106
1.180176
1.229962
1.300789
1.334025
1.375220
1.393883
1.414730
1.419089
1.428059
1.062025
1.114018
1.209649
1.258414
1.324804
1.356666
1.394812
1.414422
1.422924
1.435940
1.428318
1.131050
1.219857
1.269252
1.333275
1.365010
1.402413
1.409796
1.427981
1.424753
1.426010
1.241608
1.281627
1.352410
1.376687
1.409865
1.424243
1.432365
1.432998
1.426306
1.290796
1.354629
1.376724
1.418085
1.419452
1.430061
1.423049
1.419990
1.361856
1.386346
1.419783
1.421164
1.434907
1.428804
1.418285
1.383324
1.420288
1.423628
1.436299
1.416473
1.415456
1.424650
1.422151
1.429613
1.422611
1.418447
1.417523
1.439381
1.422501
1.409762
1.436361
1.412717
1.417241
1.418759
1.421286
1.431235
-0.015998
0.079145
0.086079
0.181114
0.172379
0.280564
0.267198
0.379307
0.363760
0.477916
0.463324
0.575524
0.563461
0.671255
0.665246
0.758322
0.763919
0.843102
0.843716
0.922382
0.920431
0.966079
0.972074
-0.884803
-0.807026
-0.719510
-0.638192
-0.568953
-0.487990
-0.414091
-0.337216
-0.256389
-0.173221
-0.088075
-0.001823
0.085046
0.172666
0.260731
0.349279
0.442658
0.527187
0.624290
0.716053
0.804071
0.902208
-0.807561
-0.733845
-0.628845
-0.555647
-0.456803
-0.389089
-0.291988
-0.216693
-0.124293
-0.044872
0.047729
0.129203
0.222281
0.301045
0.394589
0.466292
0.562561
0.635466
0.731412
0.801345
0.912147
-0.827709
-0.734926
-0.655555
-0.578112
-0.500404
-0.420140
-0.344940
-0.259741
-0.176343
-0.088458
0.000006
0.087445
0.179311
0.266015
0.361088
0.450633
0.544545
0.635492
0.738281
0.823333
-0.740064
-0.656233
-0.556120
-0.477496
-0.388775
-0.306575
-0.216055
-0.133659
-0.042581
0.042323
0.134739
0.220399
0.311393
0.394747
0.482920
0.564089
0.659086
0.734901
0.831303
-0.746539
-0.665964
-0.587992
-0.505106
-0.427987
-0.347001
-0.264376
-0.177066
-0.088673
0.000836
0.091522
0.181103
0.274744
0.364678
0.463316
0.551277
0.651433
0.751319
-0.664472
-0.566143
-0.482063
-0.395600
-0.310000
-0.220388
-0.135825
-0.044491
0.041332
0.135045
0.222299
0.313624
0.399426
0.486861
0.572413
0.665058
0.747431
-0.670472
-0.591710
-0.509902
-0.429113
-0.350817
-0.264822
-0.178858
-0.088476
0.002478
0.091273
0.185303
0.274803
0.371792
0.464273
0.560624
0.657036
-0.576426
-0.478865
-0.403676
-0.306107
-0.227730
-0.130815
-0.051262
0.046395
0.129079
0.228736
0.308829
0.405962
0.483036
0.580181
0.662746
-0.593451
-0.508167
-0.431186
-0.348536
-0.266585
-0.177993
-0.088098
0.002279
0.092982
0.182783
0.278571
0.368678
0.469030
0.558580
-0.489235
-0.390458
-0.316501
-0.215036
-0.141068
-0.039827
0.034402
0.139364
0.217011
0.318318
0.393005
0.491774
0.568093
-0.509393
-0.423283
-0.349441
-0.262108
-0.178764
-0.086569
0.003476
0.089562
0.184143
0.271798
0.371535
0.459629
-0.400807
-0.298320
-0.226342
-0.123823
-0.053049
0.047754
0.124016
0.229168
0.301170
0.401653
0.473246
-0.425089
-0.337320
-0.263756
-0.173821
-0.086017
0.002433
0.090250
0.174953
0.274499
0.357648
-0.306907
-0.207666
-0.133262
-0.037717
0.033317
0.135318
0.213063
0.308656
0.380924
-0.340819
-0.250924
-0.176015
-0.082230
0.004303
0.082004
0.177847
0.257924
-0.209950
-0.120816
-0.042416
0.038724
0.125783
0.215909
0.293365
-0.255934
-0.166035
-0.081674
0.002141
0.085225
0.160629
-0.110433
-0.046096
0.043887
0.116326
0.215306
-0.170740
-0.077461
0.005338
0.071109
-0.013626
0.016553
0.141734
-0.087275
-0.009296
0.103932
-1.814738
-1.843650
-1.823857
-1.828837
-1.821401
-1.824125
-1.831752
-1.822063
-1.833710
-1.828421
-1.832720
-1.819505
-1.816853
-1.787787
-1.759640
-1.707534
-1.648465
-1.567211
-1.474986
-1.380004
-1.274400
-1.178533
-1.087014
-1.800683
-1.810412
-1.797105
-1.809008
-1.804633
-1.806573
-1.809955
-1.822399
-1.820712
-1.831481
-1.832403
-1.835328
-1.820507
-1.814301
-1.772952
-1.740974
-1.662566
-1.604565
-1.487127
-1.418223
-1.280108
-1.218306
-1.787536
-1.805418
-1.792606
-1.784374
-1.793070
-1.791675
-1.798551
-1.798791
-1.818407
-1.815844
-1.829509
-1.828919
-1.827406
-1.810909
-1.784284
-1.743025
-1.674545
-1.600631
-1.496608
-1.402057
-1.280108
-1.786645
-1.749990
-1.768429
-1.761840
-1.762036
-1.769561
-1.783367
-1.790961
-1.802007
-1.820384
-1.823860
-1.835676
-1.828255
-1.826170
-1.786355
-1.759746
-1.677126
-1.617004
-1.496608
-1.418223
-1.747743
-1.753536
-1.733260
-1.738716
-1.748894
-1.743056
-1.762040
-1.772313
-1.792240
-1.801263
-1.822219
-1.826835
-1.828288
-1.820470
-1.790685
-1.751866
-1.677126
-1.600631
-1.487127
-1.720435
-1.702504
-1.720188
-1.700826
-1.720204
-1.730936
-1.745901
-1.761811
-1.784270
-1.804680
-1.815201
-1.835420
-1.828676
-1.828693
-1.790685
-1.759746
-1.674545
-1.604565
-1.700385
-1.679103
-1.684242
-1.688637
-1.696413
-1.702436
-1.733620
-1.746488
-1.773445
-1.794706
-1.814788
-1.825482
-1.828676
-1.820470
-1.786354
-1.743025
-1.662565
-1.664241
-1.656075
-1.660127
-1.656005
-1.686657
-1.694579
-1.718591
-1.748248
-1.770938
-1.798699
-1.814788
-1.835420
-1.828288
-1.826170
-1.784284
-1.740974
-1.640741
-1.619205
-1.647871
-1.638900
-1.662230
-1.683993
-1.714270
-1.737360
-1.770937
-1.794706
-1.815201
-1.826835
-1.828255
-1.810909
-1.772952
-1.627838
-1.613082
-1.620975
-1.638660
-1.660796
-1.681273
-1.714270
-1.748248
-1.773445
-1.804680
-1.822219
-1.835676
-1.827406
-1.814301
-1.599064
-1.587089
-1.622817
-1.617416
-1.660796
-1.683993
-1.718591
-1.746488
-1.784270
-1.801263
-1.823860
-1.828919
-1.820506
-1.613185
-1.589258
-1.622817
-1.638661
-1.662230
-1.694579
-1.733620
-1.761811
-1.792240
-1.820384
-1.829509
-1.835327
-1.613184
-1.587089
-1.620974
-1.638900
-1.686657
-1.702436
-1.745901
-1.772313
-1.802007
-1.815844
-1.832403
-1.599064
-1.613081
-1.647871
-1.656005
-1.696414
-1.730936
-1.762040
-1.790961
-1.818407
-1.831481
-1.627838
-1.619205
-1.660127
-1.688637
-1.720204
-1.743055
-1.783367
-1.798791
-1.820711
-1.640741
-1.656075
-1.684242
-1.700826
-1.748894
-1.769562
-1.798551
-1.822399
-1.664241
-1.679103
-1.720188
-1.738716
-1.762036
-1.791675
-1.809955
-1.700386
-1.702504
-1.733260
-1.761840
-1.793070
-1.806573
-1.720435
-1.753536
-1.768429
-1.784374
-1.804632
-1.747743
-1.749990
-1.792606
-1.809008
-1.786645
-1.805418
-1.797105
-1.787536
-1.810412
-1.800683
-1.807713
-1.837528
-1.763566
-1.761074
-1.727092
-1.698882
-1.662887
-1.642373
-1.612846
-1.580459
-1.607579
-1.519047
-1.607579
-1.580459
-1.612846
-1.642372
-1.662887
-1.698882
-1.727092
-1.761074
-1.763566
-1.837528
-1.807712
-1.814738
-1.843650
-1.823857
-1.828836
-1.821402
-1.824124
-1.831753
-1.822060
-1.833712
-1.828417
-1.832722
-1.819498
-1.816856
-1.787777
-1.759643
-1.707519
-1.648469
-1.567190
-1.474993
-1.379975
-1.274412
-1.178490
-1.087032
-1.800684
-1.810412
-1.797106
-1.809008
-1.804635
-1.806573
-1.809958
-1.822399
-1.820715
-1.831482
-1.832407
-1.835328
-1.820512
-1.814302
-1.772959
-1.740976
-1.662574
-1.604568
-1.487139
-1.418226
-1.280124
-1.218312
-1.787535
-1.805418
-1.792606
-1.784373
-1.793071
-1.791673
-1.798552
-1.798789
-1.818410
-1.815840
-1.829512
-1.828913
-1.827410
-1.810899
-1.784289
-1.743010
-1.674552
-1.600609
-1.496618
-1.402027
-1.280124
-1.786646
-1.749990
-1.768431
-1.761840
-1.762038
-1.769562
-1.783370
-1.790962
-1.802011
-1.820385
-1.823864
-1.835677
-1.828260
-1.826171
-1.786361
-1.759747
-1.677133
-1.617006
-1.496618
-1.418226
-1.747743
-1.753535
-1.733260
-1.738716
-1.748896
-1.743055
-1.762042
-1.772311
-1.792243
-1.801260
-1.822223
-1.826829
-1.828292
-1.820460
-1.790690
-1.751851
-1.677133
-1.600609
-1.487139
-1.720436
-1.702504
-1.720189
-1.700827
-1.720206
-1.730938
-1.745905
-1.761813
-1.784274
-1.804681
-1.815206
-1.835421
-1.828680
-1.828694
-1.790690
-1.759747
-1.674551
-1.604567
-1.700386
-1.679102
-1.684243
-1.688636
-1.696416
-1.702436
-1.733623
-1.746487
-1.773448
-1.794702
-1.814792
-1.825476
-1.828680
-1.820460
-1.786361
-1.743010
-1.662574
-1.664241
-1.656075
-1.660129
-1.656006
-1.686659
-1.694580
-1.718594
-1.748250
-1.770942
-1.798701
-1.814792
-1.835421
-1.828292
-1.826171
-1.784288
-1.740976
-1.640741
-1.619205
-1.647872
-1.638900
-1.662233
-1.683993
-1.714274
-1.737359
-1.770942
-1.794703
-1.815206
-1.826829
-1.828260
-1.810899
-1.772958
-1.627839
-1.613081
-1.620976
-1.638662
-1.660799
-1.681275
-1.714274
-1.748250
-1.773449
-1.804681
-1.822223
-1.835676
-1.827409
-1.814301
-1.599064
-1.587089
-1.622818
-1.617416
-1.660799
-1.683993
-1.718595
-1.746487
-1.784274
-1.801260
-1.823864
-1.828913
-1.820512
-1.613185
-1.589258
-1.622819
-1.638662
-1.662233
-1.694580
-1.733623
-1.761812
-1.792243
-1.820385
-1.829512
-1.835328
-1.613185
-1.587088
-1.620976
-1.638900
-1.686659
-1.702436
-1.745904
-1.772311
-1.802011
-1.815840
-1.832407
-1.599064
-1.613082
-1.647872
-1.656006
-1.696416
-1.730937
-1.762042
-1.790962
-1.818410
-1.831482
-1.627839
-1.619205
-1.660129
-1.688636
-1.720206
-1.743055
-1.783370
-1.798789
-1.820715
-1.640741
-1.656075
-1.684243
-1.700827
-1.748896
-1.769562
-1.798553
-1.822399
-1.664241
-1.679102
-1.720189
-1.738716
-1.762038
-1.791674
-1.809958
-1.700386
-1.702504
-1.733260
-1.761840
-1.793071
-1.806573
-1.720436
-1.753535
-1.768430
-1.784373
-1.804635
-1.747743
-1.749990
-1.792606
-1.809008
-1.786646
-1.805418
-1.797106
-1.787536
-1.810411
-1.800684
1.413561
1.355381
1.364166
1.320057
1.298237
1.258679
1.229832
1.197845
1.161396
1.163335
1.098222
1.195014
1.098222
1.163335
1.161396
1.197845
1.229831
1.258679
1.298237
1.320056
1.364166
1.355381
1.413561
1.401329
1.382452
1.392848
1.396618
1.392706
1.395842
1.396271
1.411674
1.405260
1.424752
1.420776
1.435413
1.427525
1.436752
1.417288
1.413677
1.381464
1.355503
1.311150
1.265467
1.205236
1.151741
1.081828
1.385302
1.397921
1.372405
1.378538
1.373988
1.384773
1.378092
1.391848
1.396788
1.405784
1.414825
1.421307
1.427884
1.422530
1.425975
1.397633
1.393596
1.341273
1.322433
1.245387
1.222511
1.121855
1.363674
1.343736
1.353895
1.352021
1.344432
1.359861
1.360643
1.377848
1.380287
1.405217
1.405454
1.427745
1.426800
1.436817
1.427899
1.421553
1.395490
1.368596
1.326735
1.274570
1.222511
1.327693
1.347433
1.312370
1.334973
1.324345
1.336180
1.337324
1.357947
1.365773
1.384302
1.400898
1.409356
1.425972
1.421434
1.428838
1.402735
1.400353
1.342706
1.326735
1.245387
1.299975
1.297699
1.296346
1.293508
1.294839
1.316606
1.317733
1.345955
1.356110
1.383856
1.394283
1.419501
1.423282
1.436981
1.431053
1.421715
1.400353
1.368596
1.322433
1.270505
1.274279
1.255245
1.278253
1.264846
1.288878
1.299249
1.324423
1.343607
1.367605
1.389198
1.402725
1.424613
1.418371
1.431053
1.402735
1.395489
1.341273
1.232521
1.242636
1.223385
1.240506
1.245797
1.273548
1.284098
1.320962
1.335975
1.370539
1.388719
1.413066
1.424613
1.436981
1.428838
1.421553
1.393596
1.198801
1.205563
1.198547
1.217036
1.217583
1.252428
1.270867
1.302551
1.333101
1.356751
1.388719
1.402725
1.423282
1.421434
1.427899
1.397633
1.166960
1.185717
1.163684
1.203138
1.207578
1.244620
1.267165
1.305254
1.333101
1.370538
1.389198
1.419501
1.425972
1.436817
1.425975
1.133505
1.150163
1.153017
1.174433
1.198328
1.232008
1.267164
1.302550
1.335973
1.367605
1.394283
1.409356
1.426800
1.422530
1.120653
1.155523
1.137380
1.185571
1.198327
1.244619
1.270866
1.320961
1.343607
1.383856
1.400898
1.427745
1.427884
1.090528
1.132541
1.137380
1.174433
1.207577
1.252427
1.284097
1.324424
1.356111
1.384302
1.405454
1.421307
1.090527
1.155523
1.153017
1.203138
1.217583
1.273548
1.299250
1.345955
1.365774
1.405217
1.414825
1.120653
1.150162
1.163684
1.217036
1.245797
1.288878
1.317733
1.357947
1.380287
1.405784
1.133505
1.185717
1.198547
1.240506
1.264846
1.316606
1.337323
1.377848
1.396787
1.166959
1.205564
1.223384
1.278253
1.294839
1.336179
1.360643
1.391848
1.198801
1.242635
1.255245
1.293507
1.324345
1.359860
1.378092
1.232522
1.274279
1.296345
1.334973
1.344431
1.384773
1.270505
1.297699
1.312370
1.352021
1.373988
1.299975
1.347432
1.353895
1.378538
1.327693
1.343736
1.372405
1.363674
1.397921
1.385302
1.401495
1.382469
1.393273
1.396724
1.392734
1.396696
1.396222
1.411726
1.405841
1.424988
1.420228
1.436451
1.427084
1.436870
1.417434
1.414055
1.380742
1.356449
1.310581
1.265834
1.205057
1.152283
1.081278
1.385124
1.397783
1.371930
1.378750
1.373308
1.384299
1.378236
1.391614
1.395918
1.406565
1.414167
1.421116
1.428027
1.422674
1.425108
1.398537
1.392916
1.341412
1.322307
1.245621
1.221864
1.122381
1.363888
1.344084
1.354004
1.352172
1.345242
1.360064
1.360264
1.379011
1.379909
1.405230
1.405869
1.428067
1.425932
1.438056
1.427172
1.421851
1.395446
1.369042
1.325995
1.275548
1.221864
1.327297
1.347240
1.312273
1.334513
1.323423
1.336833
1.336577
1.357560
1.366066
1.384328
1.399840
1.410524
1.425120
1.421501
1.428870
1.402975
1.399508
1.343610
1.325995
1.245621
1.300431
1.297769
1.296496
1.294624
1.294733
1.316572
1.318442
1.346217
1.355191
1.385348
1.393470
1.419690
1.423457
1.437376
1.430099
1.422978
1.399508
1.369042
1.322307
1.270016
1.274470
1.254313
1.277659
1.265096
1.288735
1.298066
1.325716
1.342651
1.367520
1.389431
1.402927
1.423516
1.419657
1.430099
1.402975
1.395446
1.341412
1.232806
1.242854
1.224456
1.240767
1.245086
1.275111
1.283363
1.321013
1.336382
1.370929
1.387489
1.414744
1.423516
1.437376
1.428870
1.421851
1.392916
1.198470
1.205016
1.197302
1.218068
1.216657
1.252124
1.271240
1.302762
1.331672
1.358484
1.387489
1.402927
1.423457
1.421501
1.427172
1.398537
1.167341
1.187036
1.163499
1.203019
1.208184
1.245117
1.265575
1.307448
1.331673
1.370930
1.389432
1.419690
1.425120
1.438056
1.425108
1.132559
1.149473
1.153288
1.174741
1.196487
1.234259
1.265576
1.302764
1.336384
1.367520
1.393470
1.410524
1.425931
1.422674
1.121495
1.156186
1.135658
1.188226
1.196488
1.245119
1.271242
1.321014
1.342651
1.385348
1.399840
1.428067
1.428027
1.089389
1.134349
1.135658
1.174742
1.208184
1.252125
1.283364
1.325715
1.355190
1.384327
1.405869
1.421116
1.089390
1.156186
1.153288
1.203019
1.216657
1.275110
1.298065
1.346216
1.366065
1.405230
1.414168
1.121495
1.149473
1.163498
1.218068
1.245085
1.288734
1.318442
1.357560
1.379909
1.406565
1.132559
1.187036
1.197302
1.240767
1.265096
1.316572
1.336577
1.379011
1.395918
1.167341
1.205017
1.224456
1.277660
1.294733
1.336834
1.360265
1.391614
1.198470
1.242854
1.254313
1.294625
1.323423
1.360065
1.378236
1.232806
1.274470
1.296497
1.334513
1.345242
1.384299
1.270016
1.297769
1.312273
1.352172
1.373308
1.300431
1.347240
1.354004
1.378750
1.327297
1.344084
1.371931
1.363888
1.397783
1.385124

