Tension at each vertex
0.005765
0.005762
0.005869
0.005865
-1.696909
1.273513
-1.696906
1.273514
-0.861603
-0.861467
1.087788
1.088495
-0.014892
-0.133012
-0.098111
-0.214246
-0.199837
-0.296152
-0.308763
-0.409004
-0.445925
-0.574082
-0.653133
-0.823131
-0.955414
-1.157490
-1.307809
-1.487819
-1.580742
-1.683808
-1.709636
-1.740711
-1.713126
-1.745763
-1.692293
-0.044640
-0.157879
-0.154373
-0.222104
-0.244700
-0.308625
-0.340151
-0.422897
-0.476857
-0.587036
-0.684612
-0.836628
-0.984193
-1.171155
-1.328455
-1.489369
-1.595174
-1.673165
-1.711959
-1.732444
-1.731858
-1.682989
-0.023313
-0.138556
-0.127904
-0.222032
-0.218058
-0.317144
-0.326205
-0.433261
-0.474484
-0.606268
-0.693449
-0.866731
-0.998391
-1.199330
-1.340993
-1.506100
-1.595813
-1.687058
-1.708611
-1.741048
-1.731864
-0.072754
-0.141551
-0.161045
-0.229009
-0.247877
-0.317599
-0.353585
-0.435289
-0.497707
-0.611499
-0.713114
-0.871355
-1.018130
-1.200909
-1.354066
-1.504206
-1.598537
-1.677891
-1.708601
-1.732444
-0.055752
-0.140136
-0.136605
-0.230414
-0.232497
-0.324997
-0.342268
-0.450001
-0.494403
-0.631722
-0.720192
-0.893390
-1.027646
-1.221229
-1.356536
-1.516952
-1.598548
-1.687061
-1.711966
-0.051600
-0.154159
-0.158140
-0.230867
-0.252239
-0.324984
-0.359903
-0.448089
-0.510511
-0.626037
-0.731545
-0.888735
-1.032965
-1.214541
-1.356525
-1.504207
-1.595802
-1.673165
-0.064567
-0.132262
-0.153827
-0.231528
-0.242175
-0.332801
-0.354007
-0.459381
-0.509612
-0.643293
-0.732706
-0.904908
-1.032979
-1.221237
-1.354083
-1.506110
-1.595185
-0.062878
-0.153055
-0.153763
-0.239073
-0.251892
-0.330622
-0.364971
-0.453568
-0.513710
-0.632704
-0.732695
-0.888735
-1.027638
-1.200919
-1.340988
-1.489373
-0.058286
-0.142275
-0.157800
-0.232073
-0.252366
-0.333543
-0.361129
-0.464099
-0.513720
-0.643293
-0.731552
-0.893405
-1.018150
-1.199356
-1.328476
-0.065177
-0.146748
-0.159951
-0.238252
-0.251829
-0.335496
-0.361124
-0.453564
-0.509596
-0.626031
-0.720168
-0.871360
-0.998397
-1.171177
-0.064246
-0.143539
-0.157876
-0.236691
-0.251837
-0.333544
-0.364975
-0.459393
-0.510513
-0.631726
-0.713106
-0.866752
-0.984226
-0.063083
-0.149341
-0.157875
-0.238250
-0.252357
-0.330626
-0.353990
-0.448088
-0.494388
-0.611480
-0.693400
-0.836634
-0.063088
-0.143538
-0.159951
-0.232084
-0.251887
-0.332815
-0.359910
-0.450018
-0.497723
-0.606282
-0.684574
-0.064240
-0.146756
-0.157783
-0.239079
-0.242162
-0.324982
-0.342248
-0.435288
-0.474479
-0.587045
-0.065164
-0.142291
-0.153759
-0.231540
-0.252237
-0.325025
-0.353589
-0.433284
-0.476883
-0.058273
-0.153057
-0.153811
-0.230876
-0.232467
-0.317599
-0.326185
-0.422887
-0.062870
-0.132286
-0.158122
-0.230445
-0.247879
-0.317173
-0.340159
-0.064537
-0.154175
-0.136580
-0.229006
-0.218023
-0.308625
-0.051582
-0.140160
-0.161038
-0.222078
-0.244694
-0.055730
-0.141562
-0.127854
-0.222104
-0.072720
-0.138609
-0.154372
-0.023276
-0.157866
-0.044627
-0.083067
-0.075973
-0.068653
-0.022695
-0.070463
-0.039556
-0.049109
-0.044465
-0.051178
-0.040082
-0.048754
-0.043446
-0.048756
-0.040070
-0.051165
-0.044453
-0.049096
-0.039519
-0.070457
-0.022656
-0.068628
-0.075931
-0.083057
0.068332
0.042657
0.181526
0.175164
0.312599
0.351009
0.487801
0.554127
0.696870
0.774758
0.913248
0.983692
1.100438
1.152306
1.232308
1.258793
1.305858
1.305431
1.327782
1.310639
1.319786
1.283914
1.276795
0.046541
0.037315
0.142382
0.189824
0.291281
0.364820
0.485971
0.571992
0.705465
0.794360
0.923395
1.003168
1.108398
1.163839
1.240561
1.261453
1.310321
1.304217
1.330932
1.305518
1.315799
1.301181
0.077255
0.056351
0.180891
0.199365
0.332647
0.373563
0.519106
0.582669
0.730475
0.806038
0.940614
1.008630
1.120633
1.163505
1.244592
1.262381
1.309392
1.305207
1.327880
1.312368
1.315808
0.027393
0.066027
0.152151
0.207254
0.315554
0.389746
0.512272
0.603271
0.731764
0.824231
0.948765
1.022814
1.126589
1.175154
1.246365
1.266502
1.311248
1.304903
1.327785
1.305541
0.045929
0.066911
0.185010
0.208894
0.341916
0.392311
0.535203
0.604155
0.752463
0.823247
0.960066
1.022396
1.130128
1.171620
1.249037
1.262693
1.311255
1.305241
1.331007
0.053230
0.057977
0.167942
0.219584
0.330066
0.406749
0.532450
0.620104
0.752347
0.842496
0.961752
1.035961
1.134010
1.177691
1.248977
1.266514
1.309368
1.304172
0.040484
0.082491
0.176038
0.222617
0.348077
0.403734
0.547490
0.618658
0.761294
0.835181
0.967686
1.025502
1.134012
1.171643
1.246412
1.262376
1.310331
0.044287
0.065112
0.181333
0.221465
0.345291
0.415767
0.542725
0.631632
0.763157
0.846910
0.967655
1.035967
1.130115
1.175125
1.244528
1.261523
0.049809
0.077002
0.179702
0.230956
0.347234
0.415010
0.550596
0.621473
0.763155
0.835196
0.961774
1.022401
1.126586
1.163607
1.240511
0.044093
0.075554
0.179689
0.228971
0.351089
0.415143
0.550586
0.631633
0.761288
0.842482
0.960025
1.022860
1.120539
1.163825
0.045411
0.078549
0.183004
0.228711
0.351088
0.415016
0.542730
0.618668
0.752336
0.823315
0.948726
1.008672
1.108457
0.047068
0.074072
0.183004
0.228971
0.347231
0.415767
0.547464
0.620132
0.752406
0.824227
0.940614
1.003126
0.047068
0.078550
0.179685
0.230968
0.345274
0.403774
0.532424
0.604187
0.731788
0.806062
0.923363
0.045409
0.075561
0.179684
0.221484
0.348047
0.406751
0.535192
0.603256
0.730411
0.794424
0.044075
0.077025
0.181315
0.222636
0.330066
0.392338
0.512245
0.582769
0.705410
0.049796
0.065117
0.176026
0.219589
0.341872
0.389785
0.519029
0.571989
0.044275
0.082516
0.167913
0.208952
0.315519
0.373612
0.485991
0.040454
0.058004
0.184969
0.207260
0.332622
0.364807
0.053203
0.066942
0.152144
0.199407
0.291253
0.045910
0.066037
0.180836
0.189859
0.027354
0.056420
0.142346
0.077212
0.037318
0.046521
-0.115036
-0.052813
-0.137725
-0.119958
-0.184149
-0.174105
-0.237852
-0.227398
-0.293090
-0.287508
-0.354602
-0.353115
-0.427346
-0.429069
-0.507622
-0.519263
-0.596947
-0.612818
-0.699426
-0.707383
-0.789846
-0.818556
-0.883092
-1.696036
-1.681387
-1.686457
-1.678827
-1.690264
-1.681085
-1.695956
-1.700733
-1.710187
-1.716757
-1.730411
-1.726465
-1.728834
-1.707350
-1.680542
-1.621573
-1.554095
-1.442978
-1.347937
-1.197044
-1.108647
-0.938620
-1.704744
-1.727465
-1.714072
-1.718212
-1.717119
-1.727348
-1.722798
-1.732764
-1.735827
-1.734461
-1.730983
-1.718713
-1.690922
-1.649393
-1.586739
-1.499155
-1.403186
-1.273622
-1.163053
-1.027617
-0.921276
-1.740162
-1.710551
-1.732517
-1.721186
-1.727006
-1.723570
-1.732681
-1.721643
-1.724384
-1.708203
-1.690037
-1.651385
-1.606086
-1.524977
-1.449246
-1.324866
-1.227859
-1.088614
-0.989943
-0.860567
-1.728468
-1.749643
-1.727157
-1.742316
-1.732837
-1.730124
-1.720533
-1.711352
-1.684998
-1.656338
-1.609362
-1.542956
-1.469509
-1.362956
-1.264449
-1.139063
-1.031611
-0.909206
-0.825535
-1.712034
-1.700844
-1.714711
-1.690581
-1.696218
-1.674944
-1.658465
-1.625014
-1.590260
-1.526960
-1.468341
-1.369732
-1.286661
-1.165432
-1.071066
-0.944236
-0.868388
-0.741040
-1.674757
-1.673628
-1.657643
-1.656372
-1.622818
-1.604773
-1.561470
-1.512494
-1.450146
-1.369647
-1.286851
-1.181667
-1.087721
-0.972489
-0.890044
-0.772190
-0.716657
-1.582023
-1.563766
-1.551431
-1.520283
-1.496943
-1.442528
-1.398373
-1.323672
-1.257835
-1.160563
-1.083656
-0.973810
-0.902831
-0.787690
-0.737655
-0.629784
-1.461427
-1.451527
-1.416496
-1.385914
-1.333859
-1.283298
-1.213357
-1.138811
-1.063088
-0.970571
-0.899162
-0.798411
-0.742867
-0.645375
-0.604685
-1.292058
-1.255803
-1.228395
-1.177304
-1.132714
-1.063246
-1.010531
-0.925272
-0.872628
-0.779005
-0.735822
-0.642507
-0.609774
-0.523604
-1.122682
-1.098794
-1.050522
-1.009314
-0.954332
-0.894608
-0.839492
-0.766764
-0.720848
-0.642129
-0.605810
-0.529819
-0.507235
-0.932991
-0.892311
-0.864511
-0.807533
-0.776891
-0.709569
-0.683036
-0.608274
-0.587465
-0.514520
-0.501056
-0.425259
-0.790999
-0.762280
-0.727310
-0.685642
-0.651750
-0.597774
-0.570817
-0.512928
-0.492583
-0.429138
-0.423354
-0.643564
-0.601176
-0.590003
-0.536753
-0.529996
-0.472232
-0.467565
-0.406032
-0.410940
-0.342183
-0.552942
-0.526880
-0.508685
-0.471550
-0.454109
-0.410406
-0.403137
-0.347804
-0.350231
-0.450161
-0.408144
-0.411231
-0.365515
-0.374839
-0.317308
-0.334257
-0.270558
-0.398907
-0.377501
-0.368137
-0.329481
-0.330038
-0.282349
-0.289331
-0.320384
-0.275912
-0.298435
-0.245193
-0.269246
-0.203575
-0.299900
-0.267770
-0.268073
-0.223557
-0.237259
-0.223463
-0.178473
-0.213732
-0.141503
-0.219296
-0.166459
-0.187563
-0.152029
-0.085471
-0.136473
0.068400
0.042589
0.181571
0.175097
0.312689
0.350899
0.487878
0.554089
0.696880
0.774697
0.913365
0.983536
1.100530
1.152290
1.232294
1.258747
1.305998
1.305296
1.327869
1.310656
1.319819
1.283870
1.276916
1.249139
1.231627
1.242448
1.249205
1.236878
1.244953
1.247695
1.257919
1.259924
1.278638
1.283738
1.298258
1.305632
1.318427
1.313909
1.322799
1.306828
1.298104
1.271741
1.247210
1.197998
1.171479
1.090411
0.022469
0.131600
0.099709
0.211684
0.197405
0.305055
0.307205
0.414703
0.431186
0.535346
0.560385
0.662017
0.688951
0.779212
0.810447
0.886875
0.906660
0.983045
0.990414
1.042186
1.063297
1.117541
0.103972
0.160057
0.195668
0.260131
0.303384
0.378807
0.425765
0.509263
0.557799
0.646165
0.691627
0.775584
0.819353
0.894190
0.923104
0.998531
1.010702
1.069265
1.085384
1.129099
1.111284
0.148954
0.267086
0.266834
0.377262
0.390277
0.501414
0.527524
0.636126
0.670239
0.770197
0.809580
0.896089
0.927816
1.008555
1.027017
1.088973
1.111429
1.152104
1.158902
1.205983
0.263005
0.310298
0.379800
0.447748
0.515844
0.592898
0.661018
0.740712
0.805873
0.880852
0.933153
1.006004
1.039016
1.099305
1.126130
1.168606
1.178971
1.225732
1.213319
0.317810
0.443605
0.463816
0.580086
0.615540
0.725706
0.769635
0.869065
0.911146
1.000938
1.031402
1.103860
1.129754
1.180566
1.194420
1.239574
1.237454
1.269281
0.445350
0.505233
0.596996
0.666392
0.752670
0.824714
0.901775
0.972446
1.031005
1.092017
1.136390
1.180980
1.206117
1.246564
1.250909
1.280852
1.282392
0.526147
0.648924
0.690974
0.804774
0.852191
0.954906
0.995994
1.082646
1.116101
1.179819
1.199626
1.250953
1.253682
1.288664
1.291773
1.307435
0.660506
0.727717
0.828796
0.895215
0.980758
1.042614
1.110834
1.157743
1.204134
1.241982
1.262725
1.288354
1.300472
1.309761
1.313198
0.753325
0.868179
0.918448
1.021048
1.064436
1.144291
1.175180
1.236614
1.247330
1.289532
1.293435
1.313094
1.311458
1.324852
0.883907
0.948872
1.042467
1.093585
1.167059
1.205923
1.250457
1.275237
1.302029
1.307766
1.320142
1.322071
1.318313
0.969187
1.067622
1.111774
1.190610
1.213707
1.270469
1.279844
1.309267
1.307701
1.325253
1.310198
1.319261
1.083536
1.131039
1.202531
1.234712
1.282434
1.292191
1.318874
1.318808
1.322547
1.315926
1.313606
1.141512
1.218145
1.241020
1.288466
1.294597
1.322580
1.308687
1.322266
1.304721
1.302561
1.227062
1.249129
1.298098
1.304170
1.323830
1.317653
1.323781
1.302654
1.299293
1.254821
1.301621
1.299178
1.325703
1.310930
1.314277
1.292493
1.290038
1.304390
1.306828
1.329767
1.312280
1.318861
1.296537
1.285512
1.304853
1.324436
1.308332
1.314183
1.282252
1.276411
1.330493
1.313541
1.315137
1.288292
1.284216
1.306750
1.310815
1.284240
1.270677
1.320004
1.288911
1.278896
1.277080
1.277482
1.307406
-0.060621
0.048076
0.036481
0.114819
0.120785
0.199591
0.218515
0.303307
0.327052
0.418177
0.447892
0.539274
0.569366
0.662375
0.687844
0.771314
0.798448
0.870897
0.880798
0.959566
0.957732
0.998415
1.006571
-0.729767
-0.646161
-0.545438
-0.469376
-0.408637
-0.347614
-0.296885
-0.249889
-0.199826
-0.150559
-0.093486
-0.030666
0.039794
0.121380
0.210533
0.308148
0.415965
0.518796
0.632630
0.740365
0.832499
0.943765
-0.669275
-0.566065
-0.474633
-0.398603
-0.324332
-0.273753
-0.209598
-0.163757
-0.104837
-0.054580
0.009246
0.070424
0.149483
0.223981
0.322530
0.409527
0.521620
0.619552
0.728799
0.823777
0.937052
-0.664628
-0.564739
-0.477303
-0.415912
-0.350837
-0.300668
-0.250998
-0.201962
-0.150620
-0.094275
-0.029102
0.040960
0.125540
0.214810
0.316218
0.423758
0.532055
0.645113
0.758606
0.856872
-0.587359
-0.493680
-0.403787
-0.336852
-0.273239
-0.218818
-0.161624
-0.112097
-0.051001
0.003475
0.076089
0.146043
0.233487
0.322031
0.424796
0.525186
0.641136
0.739746
0.852185
-0.576104
-0.494017
-0.418133
-0.358343
-0.301159
-0.254748
-0.201619
-0.152959
-0.092951
-0.029518
0.044243
0.127863
0.221761
0.323102
0.434849
0.546124
0.661140
0.782452
-0.505445
-0.415633
-0.340692
-0.280501
-0.219137
-0.167711
-0.110464
-0.055801
0.006331
0.072479
0.151130
0.232181
0.330040
0.427901
0.537833
0.650593
0.759480
-0.498006
-0.427165
-0.357520
-0.306288
-0.252859
-0.204717
-0.151361
-0.094794
-0.027109
0.043983
0.131443
0.224801
0.329251
0.442605
0.556783
0.677036
-0.421580
-0.348068
-0.281901
-0.223838
-0.167602
-0.113682
-0.054217
0.003610
0.074474
0.149552
0.234901
0.329904
0.433061
0.542065
0.660083
-0.426643
-0.361574
-0.303854
-0.254984
-0.202141
-0.153628
-0.092566
-0.028450
0.046313
0.130854
0.228446
0.330986
0.448254
0.563359
-0.348231
-0.285879
-0.222698
-0.170658
-0.111911
-0.056179
0.004797
0.072083
0.150456
0.232218
0.330260
0.431938
0.544893
-0.358908
-0.303844
-0.251792
-0.202611
-0.151514
-0.094300
-0.026065
0.043551
0.132947
0.225850
0.334089
0.446165
-0.281821
-0.226717
-0.167036
-0.114842
-0.052188
0.001433
0.074150
0.146242
0.232105
0.324181
0.431195
-0.300552
-0.249374
-0.199812
-0.152352
-0.092404
-0.028564
0.045249
0.127815
0.228125
0.326792
-0.218279
-0.173095
-0.107174
-0.057025
0.007246
0.067222
0.149555
0.222032
0.323265
-0.246626
-0.196578
-0.151129
-0.093998
-0.026287
0.039732
0.129732
0.218411
-0.159437
-0.116862
-0.043784
-0.003507
0.076429
0.135902
0.225531
-0.194549
-0.149757
-0.093623
-0.029666
0.041015
0.119760
-0.096722
-0.057682
0.014601
0.058378
0.147625
-0.150672
-0.096109
-0.030357
0.032242
-0.026895
-0.003652
0.082236
-0.109665
-0.044746
0.056862
-0.083069
-0.075976
-0.068656
-0.022698
-0.070466
-0.039559
-0.049112
-0.044468
-0.051181
-0.040086
-0.048758
-0.043449
-0.048760
-0.040074
-0.051169
-0.044457
-0.049101
-0.039523
-0.070462
-0.022660
-0.068632
-0.075935
-0.083061
-0.014973
-0.132938
-0.098168
-0.214204
-0.199885
-0.296114
-0.308812
-0.408982
-0.445956
-0.574102
-0.653115
-0.823029
-0.955422
-1.157467
-1.307824
-1.487805
-1.580756
-1.683798
-1.709646
-1.740704
-1.713132
-1.745757
-1.692298
-0.044629
-0.157869
-0.154374
-0.222106
-0.244696
-0.308628
-0.340162
-0.422890
-0.476888
-0.587050
-0.684577
-0.836638
-0.984226
-1.171175
-1.328474
-1.489371
-1.595183
-1.673162
-1.711963
-1.732441
-1.731861
-1.682985
-0.023279
-0.138612
-0.127857
-0.222081
-0.218026
-0.317176
-0.326188
-0.433287
-0.474484
-0.606286
-0.693405
-0.866756
-0.998394
-1.199356
-1.340986
-1.506108
-1.595801
-1.687059
-1.708598
-1.741045
-1.731854
-0.072722
-0.141565
-0.161041
-0.229009
-0.247882
-0.317603
-0.353592
-0.435292
-0.497728
-0.611486
-0.713111
-0.871362
-1.018149
-1.200919
-1.354082
-1.504206
-1.598546
-1.677890
-1.708608
-1.732441
-0.055732
-0.140163
-0.136583
-0.230448
-0.232470
-0.325028
-0.342252
-0.450022
-0.494393
-0.631731
-0.720172
-0.893407
-1.027637
-1.221237
-1.356527
-1.516951
-1.598536
-1.687057
-1.711956
-0.051585
-0.154178
-0.158125
-0.230879
-0.252240
-0.324986
-0.359913
-0.448092
-0.510518
-0.626034
-0.731556
-0.888739
-1.032979
-1.214543
-1.356539
-1.504206
-1.595813
-1.673164
-0.064540
-0.132290
-0.153814
-0.231543
-0.242166
-0.332819
-0.353993
-0.459397
-0.509601
-0.643296
-0.732698
-0.904911
-1.032965
-1.221233
-1.354071
-1.506101
-1.595175
-0.062873
-0.153060
-0.153763
-0.239082
-0.251891
-0.330630
-0.364979
-0.453569
-0.513723
-0.632705
-0.732708
-0.888736
-1.027648
-1.200917
-1.341001
-1.489372
-0.058276
-0.142294
-0.157787
-0.232088
-0.252361
-0.333548
-0.361127
-0.464104
-0.513712
-0.643292
-0.731541
-0.893390
-1.018135
-1.199342
-1.328465
-0.065168
-0.146760
-0.159954
-0.238253
-0.251841
-0.335501
-0.361133
-0.453571
-0.509614
-0.626031
-0.720179
-0.871351
-0.998402
-1.171173
-0.064243
-0.143542
-0.157879
-0.236695
-0.251834
-0.333548
-0.364976
-0.459386
-0.510513
-0.631713
-0.713084
-0.866717
-0.984207
-0.063091
-0.149344
-0.157880
-0.238256
-0.252370
-0.330627
-0.354013
-0.448095
-0.494412
-0.611485
-0.693398
-0.836596
-0.063087
-0.143543
-0.159955
-0.232077
-0.251897
-0.332807
-0.359911
-0.450009
-0.497728
-0.606269
-0.684531
-0.064250
-0.146753
-0.157805
-0.239078
-0.242181
-0.324991
-0.342278
-0.435298
-0.474514
-0.587077
-0.065181
-0.142280
-0.153767
-0.231533
-0.252244
-0.325004
-0.353598
-0.433269
-0.476883
-0.058290
-0.153059
-0.153832
-0.230873
-0.232504
-0.317605
-0.326222
-0.422906
-0.062882
-0.132267
-0.158144
-0.230420
-0.247884
-0.317148
-0.340166
-0.064571
-0.154165
-0.136610
-0.229015
-0.218066
-0.308630
-0.051604
-0.140141
-0.161050
-0.222037
-0.244708
-0.055756
-0.141556
-0.127909
-0.222109
-0.072758
-0.138560
-0.154378
-0.023318
-0.157884
-0.044644
0.068398
0.042587
0.181568
0.175095
0.312687
0.350897
0.487876
0.554087
0.696879
0.774696
0.913365
0.983536
1.100531
1.152290
1.232295
1.258747
1.305999
1.305297
1.327870
1.310657
1.319820
1.283871
1.276917
0.046517
0.037314
0.142342
0.189856
0.291249
0.364804
0.485989
0.571988
0.705408
0.794424
0.923362
1.003126
1.108458
1.163826
1.240512
1.261524
1.310332
1.304173
1.331008
1.305542
1.315809
1.301182
0.077208
0.056416
0.180832
0.199403
0.332619
0.373609
0.519027
0.582768
0.730410
0.806062
0.940614
1.008673
1.120539
1.163607
1.244529
1.262378
1.309369
1.305242
1.327786
1.312369
1.315800
0.027350
0.066033
0.152140
0.207257
0.315515
0.389782
0.512243
0.603254
0.731787
0.824226
0.948726
1.022860
1.126587
1.175126
1.246413
1.266516
1.311256
1.304904
1.327881
1.305519
0.045906
0.066938
0.184965
0.208948
0.341869
0.392335
0.535190
0.604186
0.752405
0.823315
0.960025
1.022401
1.130115
1.171644
1.248977
1.262694
1.311249
1.305208
1.330933
0.053199
0.058000
0.167909
0.219586
0.330063
0.406749
0.532421
0.620131
0.752335
0.842481
0.961774
1.035967
1.134013
1.177692
1.249038
1.266503
1.309393
1.304218
0.040450
0.082512
0.176022
0.222633
0.348044
0.403771
0.547461
0.618667
0.761287
0.835195
0.967655
1.025502
1.134011
1.171620
1.246366
1.262382
1.310322
0.044271
0.065113
0.181312
0.221481
0.345271
0.415765
0.542728
0.631632
0.763154
0.846909
0.967686
1.035961
1.130129
1.175155
1.244593
1.261454
0.049792
0.077021
0.179680
0.230965
0.347228
0.415013
0.550584
0.621471
0.763156
0.835181
0.961752
1.022396
1.126590
1.163506
1.240562
0.044071
0.075558
0.179682
0.228967
0.351085
0.415141
0.550594
0.631630
0.761293
0.842495
0.960066
1.022815
1.120634
1.163840
0.045405
0.078546
0.183001
0.228708
0.351086
0.415008
0.542723
0.618656
0.752346
0.823246
0.948765
1.008630
1.108398
0.047064
0.074068
0.183000
0.228968
0.347231
0.415765
0.547488
0.620103
0.752462
0.824231
0.940613
1.003168
0.047065
0.078545
0.179686
0.230953
0.345288
0.403732
0.532448
0.604153
0.731763
0.806037
0.923395
0.045408
0.075550
0.179699
0.221462
0.348074
0.406746
0.535201
0.603270
0.730474
0.794359
0.044089
0.076999
0.181330
0.222614
0.330063
0.392309
0.512271
0.582668
0.705464
0.049806
0.065109
0.176035
0.219581
0.341914
0.389743
0.519104
0.571990
0.044284
0.082488
0.167939
0.208891
0.315551
0.373561
0.485969
0.040481
0.057974
0.185008
0.207251
0.332644
0.364818
0.053227
0.066909
0.152148
0.199363
0.291278
0.045926
0.066024
0.180888
0.189821
0.027391
0.056348
0.142379
0.077252
0.037312
0.046539
-0.014894
-0.133014
-0.098114
-0.214249
-0.199840
-0.296155
-0.308766
-0.409007
-0.445929
-0.574087
-0.653136
-0.823134
-0.955416
-1.157488
-1.307807
-1.487817
-1.580741
-1.683805
-1.709633
-1.740708
-1.713122
-1.745760
-1.692290
-1.668670
-1.681087
-1.660158
-1.667783
-1.654958
-1.665999
-1.670750
-1.675377
-1.686759
-1.701619
-1.710137
-1.723297
-1.732671
-1.732886
-1.724430
-1.698178
-1.652329
-1.580724
-1.486024
-1.370930
-1.247301
-1.114407
-1.008766
-0.136475
-0.085474
-0.187565
-0.141505
-0.237261
-0.203577
-0.289333
-0.270560
-0.350233
-0.342185
-0.423356
-0.425261
-0.507237
-0.523606
-0.604687
-0.629785
-0.716659
-0.741040
-0.825535
-0.860567
-0.921276
-0.938620
-0.152031
-0.166461
-0.213734
-0.223559
-0.269249
-0.282351
-0.334259
-0.347806
-0.410942
-0.429140
-0.501059
-0.529821
-0.609775
-0.645376
-0.737657
-0.772190
-0.868390
-0.909207
-0.989942
-1.027617
-1.108647
-0.219299
-0.178475
-0.268075
-0.245196
-0.330040
-0.317311
-0.403139
-0.406034
-0.492586
-0.514523
-0.605812
-0.642510
-0.742869
-0.787691
-0.890045
-0.944235
-1.031612
-1.088614
-1.163053
-1.197044
-0.223465
-0.267773
-0.298438
-0.329484
-0.374841
-0.410409
-0.467567
-0.512931
-0.587468
-0.642130
-0.735822
-0.798414
-0.902831
-0.972491
-1.071067
-1.139063
-1.227859
-1.273622
-1.347936
-0.299903
-0.275915
-0.368140
-0.365518
-0.454112
-0.472235
-0.570820
-0.608276
-0.720849
-0.779006
-0.899162
-0.973812
-1.087721
-1.165434
-1.264450
-1.324866
-1.403186
-1.442977
-0.320387
-0.377503
-0.411234
-0.471553
-0.529998
-0.597777
-0.683040
-0.766766
-0.872630
-0.970574
-1.083657
-1.181668
-1.286662
-1.362955
-1.449245
-1.499155
-1.554094
-0.398910
-0.408147
-0.508689
-0.536755
-0.651753
-0.709571
-0.839496
-0.925273
-1.063090
-1.160564
-1.286851
-1.369732
-1.469508
-1.524976
-1.586738
-1.621572
-0.450165
-0.526884
-0.590006
-0.685646
-0.776895
-0.894608
-1.010532
-1.138812
-1.257835
-1.369647
-1.468340
-1.542954
-1.606084
-1.649391
-1.680541
-0.552946
-0.601179
-0.727311
-0.807536
-0.954335
-1.063246
-1.213357
-1.323672
-1.450145
-1.526958
-1.609361
-1.651383
-1.690920
-1.707348
-0.643566
-0.762284
-0.864512
-1.009315
-1.132715
-1.283298
-1.398372
-1.512493
-1.590259
-1.656336
-1.690035
-1.718711
-1.728832
-0.791001
-0.892314
-1.050524
-1.177304
-1.333859
-1.442527
-1.561468
-1.625012
-1.684996
-1.708201
-1.730981
-1.726463
-0.932992
-1.098794
-1.228395
-1.385914
-1.496941
-1.604771
-1.658462
-1.711350
-1.724382
-1.734458
-1.730409
-1.122682
-1.255803
-1.416495
-1.520281
-1.622816
-1.674942
-1.720530
-1.721641
-1.735825
-1.716755
-1.292056
-1.451526
-1.551429
-1.656370
-1.696215
-1.730121
-1.732679
-1.732761
-1.710185
-1.461425
-1.563764
-1.657641
-1.690578
-1.732834
-1.723567
-1.722796
-1.700731
-1.582021
-1.673625
-1.714708
-1.742313
-1.727003
-1.727345
-1.695953
-1.674754
-1.700842
-1.727154
-1.721183
-1.717116
-1.681083
-1.712031
-1.749640
-1.732514
-1.718209
-1.690261
-1.728465
-1.710548
-1.714070
-1.678824
-1.740159
-1.727462
-1.686454
-1.704741
-1.681384
-1.696033
-0.060623
0.048074
0.036479
0.114817
0.120783
0.199589
0.218513
0.303305
0.327051
0.418176
0.447891
0.539273
0.569365
0.662374
0.687844
0.771314
0.798448
0.870897
0.880798
0.959566
0.957732
0.998416
1.006571
1.307407
1.277483
1.278897
1.270678
1.284217
1.276412
1.285513
1.290039
1.299294
1.302561
1.313606
1.319262
1.318313
1.324852
1.313199
1.307435
1.282392
1.269281
1.213319
1.205983
1.111284
1.117541
1.277081
1.288912
1.284241
1.288293
1.282253
1.296538
1.292494
1.302654
1.304722
1.315927
1.310199
1.322072
1.311458
1.309762
1.291773
1.280853
1.237454
1.225732
1.158902
1.129099
1.063297
1.320005
1.310816
1.315138
1.314184
1.318862
1.314278
1.323782
1.322267
1.322548
1.325253
1.320142
1.313094
1.300473
1.288665
1.250909
1.239574
1.178971
1.152104
1.085385
1.042186
1.306751
1.313542
1.308332
1.312281
1.310931
1.317654
1.308687
1.318809
1.307702
1.307766
1.293436
1.288355
1.253682
1.246565
1.194420
1.168606
1.111429
1.069265
0.990414
1.330494
1.324437
1.329768
1.325704
1.323831
1.322581
1.318875
1.309267
1.302029
1.289533
1.262726
1.250953
1.206117
1.180567
1.126130
1.088973
1.010702
0.983045
1.304854
1.306828
1.299179
1.304171
1.294598
1.292192
1.279845
1.275238
1.247330
1.241982
1.199626
1.180980
1.129755
1.099306
1.027017
0.998531
0.906660
1.304391
1.301622
1.298099
1.288467
1.282435
1.270470
1.250458
1.236615
1.204134
1.179820
1.136391
1.103860
1.039016
1.008555
0.923104
0.886875
1.254822
1.249130
1.241021
1.234712
1.213707
1.205924
1.175180
1.157744
1.116101
1.092017
1.031403
1.006004
0.927816
0.894189
0.810447
1.227063
1.218146
1.202532
1.190610
1.167059
1.144292
1.110835
1.082646
1.031005
1.000938
0.933153
0.896088
0.819353
0.779212
1.141512
1.131040
1.111774
1.093586
1.064436
1.042614
0.995995
0.972446
0.911146
0.880852
0.809580
0.775584
0.688951
1.083536
1.067622
1.042468
1.021048
0.980758
0.954906
0.901775
0.869065
0.805872
0.770197
0.691627
0.662016
0.969187
0.948872
0.918447
0.895214
0.852191
0.824714
0.769635
0.740711
0.670239
0.646164
0.560384
0.883906
0.868179
0.828796
0.804774
0.752669
0.725705
0.661017
0.636125
0.557798
0.535345
0.753325
0.727716
0.690973
0.666391
0.615539
0.592897
0.527523
0.509262
0.431185
0.660505
0.648922
0.596995
0.580085
0.515843
0.501413
0.425764
0.414702
0.526145
0.505232
0.463815
0.447746
0.390275
0.378805
0.307204
0.445348
0.443603
0.379798
0.377260
0.303383
0.305053
0.317808
0.310296
0.266832
0.260129
0.197403
0.263003
0.267084
0.195665
0.211682
0.148951
0.160054
0.099707
0.103970
0.131598
0.022467
-0.115038
-0.052815
-0.137728
-0.119960
-0.184151
-0.174107
-0.237854
-0.227400
-0.293092
-0.287510
-0.354603
-0.353117
-0.427348
-0.429071
-0.507624
-0.519264
-0.596948
-0.612818
-0.699426
-0.707384
-0.789847
-0.818556
-0.883092
-0.770069
-0.664757
-0.542827
-0.477437
-0.384851
-0.328502
-0.264247
-0.214129
-0.156057
-0.109706
-0.047967
0.003606
0.076192
0.142020
0.228759
0.312067
0.413499
0.506545
0.623929
0.705897
0.829201
0.897002
0.995719
0.056860
-0.044748
0.082233
0.032240
0.147624
0.119758
0.225529
0.218410
0.323264
0.326791
0.431194
0.446165
0.544893
0.563359
0.660083
0.677036
0.759479
0.782452
0.852185
0.856872
0.937052
0.943765
-0.109668
-0.003654
-0.030358
0.058376
0.041013
0.135900
0.129730
0.222030
0.228124
0.324180
0.334088
0.431937
0.448254
0.542065
0.556782
0.650593
0.661140
0.739746
0.758606
0.823777
0.832499
-0.026897
-0.096111
0.014600
-0.029668
0.076427
0.039730
0.149554
0.127814
0.232104
0.225849
0.330260
0.330985
0.433061
0.442604
0.537832
0.546124
0.641136
0.645113
0.728799
0.740365
-0.150674
-0.057684
-0.093625
-0.003508
-0.026289
0.067221
0.045248
0.146241
0.132946
0.232217
0.228445
0.329903
0.329250
0.427900
0.434849
0.525186
0.532055
0.619552
0.632630
-0.096723
-0.149759
-0.043786
-0.094000
0.007245
-0.028565
0.074149
0.043550
0.150455
0.130853
0.234900
0.224800
0.330039
0.323101
0.424795
0.423758
0.521619
0.518796
-0.194551
-0.116864
-0.151131
-0.057027
-0.092405
0.001432
-0.026066
0.072083
0.046313
0.149551
0.131442
0.232181
0.221760
0.322030
0.316218
0.409527
0.415965
-0.159438
-0.196580
-0.107175
-0.152353
-0.052190
-0.094301
0.004796
-0.028451
0.074473
0.043982
0.151130
0.127863
0.233487
0.214810
0.322530
0.308148
-0.246627
-0.173096
-0.199813
-0.114843
-0.151515
-0.056180
-0.092567
0.003609
-0.027109
0.072479
0.044242
0.146043
0.125540
0.223981
0.210533
-0.218281
-0.249375
-0.167038
-0.202612
-0.111912
-0.153629
-0.054217
-0.094795
0.006331
-0.029519
0.076089
0.040959
0.149483
0.121379
-0.300554
-0.226719
-0.251793
-0.170659
-0.202142
-0.113683
-0.151362
-0.055801
-0.092952
0.003474
-0.029102
0.070424
0.039794
-0.281823
-0.303846
-0.222699
-0.254985
-0.167603
-0.204717
-0.110465
-0.152960
-0.051002
-0.094275
0.009246
-0.030666
-0.358910
-0.285880
-0.303855
-0.223839
-0.252860
-0.167712
-0.201620
-0.112097
-0.150621
-0.054580
-0.093486
-0.348233
-0.361575
-0.281902
-0.306289
-0.219137
-0.254749
-0.161624
-0.201962
-0.104838
-0.150559
-0.426644
-0.348070
-0.357521
-0.280502
-0.301159
-0.218819
-0.250998
-0.163757
-0.199826
-0.421581
-0.427166
-0.340693
-0.358344
-0.273240
-0.300668
-0.209598
-0.249889
-0.498007
-0.415634
-0.418134
-0.336852
-0.350838
-0.273754
-0.296885
-0.505446
-0.494018
-0.403788
-0.415912
-0.324332
-0.347614
-0.576105
-0.493681
-0.477303
-0.398603
-0.408637
-0.587360
-0.564740
-0.474633
-0.469376
-0.664629
-0.566065
-0.545438
-0.669275
-0.646161
-0.729767
-0.014969
-0.132934
-0.098163
-0.214199
-0.199879
-0.296108
-0.308802
-0.408966
-0.445945
-0.574033
-0.653203
-0.823113
-0.955405
-1.157445
-1.307810
-1.487800
-1.580754
-1.683799
-1.709649
-1.740707
-1.713136
-1.745760
-1.692301
-1.668671
-1.681089
-1.660161
-1.667781
-1.654964
-1.665994
-1.670759
-1.675367
-1.686770
-1.701604
-1.710151
-1.723276
-1.732688
-1.732856
-1.724452
-1.698136
-1.652353
-1.580668
-1.486052
-1.370853
-1.247339
-1.114298
-1.008815
-0.136477
-0.085529
-0.187583
-0.141563
-0.237260
-0.203649
-0.289333
-0.270622
-0.350239
-0.342253
-0.423353
-0.425337
-0.507238
-0.523680
-0.604692
-0.629862
-0.716666
-0.741116
-0.825548
-0.860641
-0.921292
-0.938685
-0.152047
-0.166390
-0.213730
-0.223502
-0.269247
-0.282283
-0.334266
-0.347742
-0.410943
-0.429079
-0.501063
-0.529753
-0.609782
-0.645306
-0.737662
-0.772117
-0.868395
-0.909127
-0.989949
-1.027529
-1.108666
-0.219294
-0.178537
-0.268075
-0.245246
-0.330048
-0.317365
-0.403139
-0.406094
-0.492588
-0.514579
-0.605817
-0.642569
-0.742875
-0.787751
-0.890052
-0.944295
-1.031623
-1.088668
-1.163077
-1.197089
-0.223465
-0.267712
-0.298442
-0.329428
-0.374838
-0.410359
-0.467568
-0.512876
-0.587472
-0.642078
-0.735827
-0.798356
-0.902836
-0.972428
-1.071072
-1.138998
-1.227872
-1.273548
-1.347954
-0.299908
-0.275958
-0.368137
-0.365566
-0.454113
-0.472280
-0.570826
-0.608324
-0.720855
-0.779055
-0.899169
-0.973856
-1.087731
-1.165478
-1.264466
-1.324907
-1.403210
-1.443020
-0.320379
-0.377460
-0.411230
-0.471504
-0.530001
-0.597734
-0.683039
-0.766723
-0.872632
-0.970524
-1.083661
-1.181619
-1.286669
-1.362902
-1.449259
-1.499101
-1.554107
-0.398909
-0.408177
-0.508690
-0.536796
-0.651757
-0.709611
-0.839499
-0.925307
-1.063096
-1.160600
-1.286862
-1.369767
-1.469526
-1.525012
-1.586757
-1.621609
-0.450155
-0.526841
-0.590006
-0.685613
-0.776894
-0.894568
-1.010531
-1.138772
-1.257837
-1.369607
-1.468349
-1.542915
-1.606094
-1.649353
-1.680553
-0.552933
-0.601226
-0.727327
-0.807562
-0.954333
-1.063272
-1.213361
-1.323699
-1.450157
-1.526988
-1.609376
-1.651415
-1.690938
-1.707378
-0.643591
-0.762263
-0.864500
-1.009273
-1.132704
-1.283264
-1.398372
-1.512463
-1.590263
-1.656309
-1.690043
-1.718682
-1.728843
-0.791015
-0.892311
-1.050509
-1.177316
-1.333859
-1.442549
-1.561476
-1.625038
-1.685009
-1.708227
-1.730997
-1.726489
-0.932956
-1.098748
-1.228376
-1.385881
-1.496939
-1.604748
-1.658466
-1.711329
-1.724389
-1.734438
-1.730416
-1.122659
-1.255805
-1.416491
-1.520299
-1.622822
-1.674964
-1.720542
-1.721664
-1.735838
-1.716778
-1.292034
-1.451501
-1.551423
-1.656353
-1.696217
-1.730107
-1.732683
-1.732748
-1.710191
-1.461421
-1.563778
-1.657647
-1.690597
-1.732843
-1.723587
-1.722807
-1.700750
-1.582013
-1.673614
-1.714708
-1.742304
-1.727006
-1.727337
-1.695958
-1.674758
-1.700859
-1.727161
-1.721201
-1.717125
-1.681099
-1.712028
-1.749635
-1.732515
-1.718205
-1.690264
-1.728470
-1.710564
-1.714076
-1.678838
-1.740157
-1.727461
-1.686456
-1.704746
-1.681395
-1.696032
-0.060662
0.048166
0.036479
0.114886
0.120776
0.199728
0.218471
0.303430
0.327120
0.418253
0.447922
0.539523
0.569318
0.662561
0.688025
0.771415
0.798501
0.871314
0.880719
0.959832
0.957990
0.998593
1.006562
1.307492
1.277382
1.278833
1.270738
1.284154
1.276185
1.285766
1.289810
1.299160
1.302728
1.313516
1.318930
1.318696
1.324556
1.313076
1.307580
1.282343
1.268914
1.213667
1.205689
1.111171
1.117523
1.277026
1.289068
1.284204
1.288272
1.282442
1.296560
1.292328
1.303056
1.304556
1.315925
1.310421
1.322147
1.311163
1.310300
1.291518
1.280933
1.237573
1.225936
1.158560
1.129653
1.063098
1.320024
1.310641
1.315296
1.314021
1.318750
1.314387
1.323699
1.321991
1.322841
1.325007
1.320004
1.313236
1.300413
1.288325
1.251244
1.239309
1.178865
1.152144
1.085401
1.041786
1.306845
1.313582
1.308231
1.312556
1.310844
1.317647
1.308889
1.318867
1.307487
1.308212
1.293253
1.288392
1.253837
1.246713
1.194121
1.169099
1.111236
1.069374
0.990488
1.330437
1.324468
1.329727
1.325488
1.324028
1.322390
1.318742
1.309379
1.301959
1.289240
1.263003
1.250724
1.206000
1.180630
1.126134
1.088622
1.010974
0.982796
1.304829
1.306828
1.299321
1.304227
1.294459
1.292530
1.279734
1.275256
1.247496
1.242092
1.199395
1.181402
1.129601
1.099372
1.027106
0.998734
0.906408
1.304500
1.301492
1.298001
1.288527
1.282373
1.270235
1.250657
1.236427
1.204011
1.179885
1.136368
1.103560
1.039255
1.008343
0.923030
0.886836
1.254748
1.249348
1.240967
1.234730
1.213851
1.206010
1.175023
1.158084
1.116001
1.092059
1.031514
1.006158
0.927606
0.894551
0.810343
1.227025
1.217979
1.202653
1.190467
1.166949
1.144337
1.110793
1.082402
1.031184
1.000763
0.933065
0.896077
0.819384
0.778919
1.141610
1.131106
1.111683
1.093836
1.064382
1.042649
0.996110
0.972565
0.910996
0.881153
0.809507
0.775654
0.689004
1.083457
1.067642
1.042422
1.020865
0.980872
0.954765
0.901682
0.869063
0.805871
0.769957
0.691770
0.661854
0.969165
0.948904
0.918546
0.895305
0.852101
0.824952
0.769597
0.740765
0.670310
0.646310
0.560256
0.883967
0.868075
0.828715
0.804768
0.752643
0.725518
0.661112
0.635992
0.557737
0.535289
0.753281
0.727887
0.690961
0.666439
0.615617
0.593009
0.527444
0.509468
0.431160
0.660472
0.648791
0.597046
0.579979
0.515777
0.501371
0.425764
0.414526
0.526210
0.505314
0.463778
0.447908
0.390273
0.378869
0.307246
0.445293
0.443570
0.379775
0.377126
0.303418
0.304955
0.317816
0.310354
0.266883
0.260228
0.197369
0.263013
0.267002
0.195616
0.211628
0.148945
0.160171
0.099716
0.103941
0.131504
0.022493
-0.115038
-0.052748
-0.137721
-0.119879
-0.184163
-0.174028
-0.237852
-0.227334
-0.293096
-0.287429
-0.354616
-0.353037
-0.427352
-0.428991
-0.507630
-0.519177
-0.596955
-0.612728
-0.699434
-0.707287
-0.789854
-0.818457
-0.883098
-0.770175
-0.664630
-0.542942
-0.477314
-0.384981
-0.328367
-0.264387
-0.213986
-0.156215
-0.109524
-0.048173
0.003819
0.075999
0.142197
0.228570
0.312331
0.413161
0.506917
0.623650
0.706101
0.829032
0.897394
0.995196
0.056808
-0.044767
0.082165
0.032259
0.147505
0.119756
0.225459
0.218343
0.323143
0.326816
0.430975
0.446117
0.544810
0.563194
0.659883
0.677078
0.759133
0.782348
0.852099
0.856627
0.936754
0.943881
-0.109678
-0.003556
-0.030392
0.058480
0.041032
0.135978
0.129746
0.222198
0.228094
0.324338
0.334187
0.432039
0.448307
0.542362
0.556738
0.650830
0.661321
0.739893
0.758636
0.824260
0.832336
-0.026978
-0.096107
0.014535
-0.029700
0.076341
0.039738
0.149402
0.127796
0.232009
0.225753
0.330108
0.330998
0.432795
0.442550
0.537709
0.545957
0.640892
0.645184
0.728386
0.740340
-0.150676
-0.057614
-0.093623
-0.003394
-0.026311
0.067347
0.045289
0.146338
0.132984
0.232421
0.228423
0.330102
0.329359
0.428039
0.434898
0.525534
0.531971
0.619856
0.632740
-0.096788
-0.149757
-0.043888
-0.094004
0.007158
-0.028615
0.074037
0.043546
0.150267
0.130825
0.234771
0.224694
0.329848
0.323123
0.424478
0.423739
0.521441
0.518680
-0.194567
-0.116770
-0.151121
-0.056942
-0.092386
0.001570
-0.026078
0.072239
0.046367
0.149678
0.131486
0.232426
0.221726
0.322277
0.316296
0.409711
0.415975
-0.159510
-0.196601
-0.107259
-0.152361
-0.052319
-0.094315
0.004681
-0.028513
0.074328
0.043976
0.150898
0.127846
0.233314
0.214727
0.322302
0.308199
-0.246621
-0.173003
-0.199820
-0.114728
-0.151494
-0.056072
-0.092537
0.003779
-0.027120
0.072673
0.044289
0.146207
0.125564
0.224258
0.210473
-0.218370
-0.249380
-0.167131
-0.202643
-0.112021
-0.153643
-0.054380
-0.094809
0.006180
-0.029575
0.075908
0.040970
0.149222
0.121384
-0.300549
-0.226635
-0.251779
-0.170542
-0.202144
-0.113538
-0.151338
-0.055662
-0.092927
0.003678
-0.029127
0.070644
0.039822
-0.281903
-0.303855
-0.222812
-0.254994
-0.167724
-0.204751
-0.110605
-0.152970
-0.051197
-0.094279
0.009071
-0.030707
-0.358912
-0.285778
-0.303846
-0.223729
-0.252844
-0.167566
-0.201625
-0.111924
-0.150605
-0.054420
-0.093475
-0.348322
-0.361591
-0.282007
-0.306300
-0.219278
-0.254757
-0.161773
-0.201991
-0.104999
-0.150557
-0.426640
-0.347967
-0.357522
-0.280375
-0.301151
-0.218684
-0.250986
-0.163592
-0.199841
-0.421678
-0.427172
-0.340807
-0.358360
-0.273370
-0.300678
-0.209759
-0.249889
-0.498008
-0.415531
-0.418130
-0.336726
-0.350839
-0.273607
-0.296884
-0.505542
-0.494026
-0.403906
-0.415921
-0.324466
-0.347627
-0.576109
-0.493572
-0.477303
-0.398479
-0.408636
-0.587455
-0.564749
-0.474750
-0.469386
-0.664639
-0.565952
-0.545440
-0.669367
-0.646176
-0.729782
-0.115041
-0.052752
-0.137725
-0.119882
-0.184166
-0.174032
-0.237854
-0.227336
-0.293098
-0.287431
-0.354618
-0.353039
-0.427353
-0.428992
-0.507632
-0.519178
-0.596956
-0.612728
-0.699434
-0.707288
-0.789855
-0.818457
-0.883097
-1.696029
-1.681392
-1.686453
-1.678834
-1.690261
-1.681096
-1.695955
-1.700747
-1.710189
-1.716776
-1.730415
-1.726488
-1.728842
-1.707378
-1.680553
-1.621609
-1.554107
-1.443020
-1.347954
-1.197089
-1.108666
-0.938685
-1.704743
-1.727458
-1.714073
-1.718202
-1.717122
-1.727334
-1.722804
-1.732746
-1.735836
-1.734437
-1.730996
-1.718682
-1.690938
-1.649353
-1.586758
-1.499102
-1.403210
-1.273549
-1.163078
-1.027529
-0.921293
-1.740153
-1.710560
-1.732512
-1.721197
-1.727003
-1.723585
-1.732681
-1.721662
-1.724388
-1.708227
-1.690043
-1.651415
-1.606094
-1.525013
-1.449259
-1.324908
-1.227873
-1.088669
-0.989949
-0.860641
-1.728468
-1.749633
-1.727159
-1.742302
-1.732841
-1.730105
-1.720540
-1.711329
-1.685009
-1.656309
-1.609376
-1.542916
-1.469527
-1.362903
-1.264467
-1.138998
-1.031625
-0.909128
-0.825547
-1.712026
-1.700857
-1.714706
-1.690596
-1.696216
-1.674964
-1.658466
-1.625038
-1.590264
-1.526989
-1.468350
-1.369769
-1.286670
-1.165480
-1.071073
-0.944294
-0.868397
-0.741116
-1.674757
-1.673614
-1.657647
-1.656353
-1.622824
-1.604750
-1.561478
-1.512465
-1.450158
-1.369609
-1.286863
-1.181620
-1.087731
-0.972430
-0.890054
-0.772117
-0.716668
-1.582016
-1.563782
-1.551427
-1.520304
-1.496943
-1.442553
-1.398375
-1.323703
-1.257839
-1.160601
-1.083661
-0.973858
-0.902836
-0.787752
-0.737663
-0.629862
-1.461428
-1.451508
-1.416499
-1.385889
-1.333867
-1.283269
-1.213363
-1.138773
-1.063097
-0.970526
-0.899167
-0.798359
-0.742875
-0.645307
-0.604693
-1.292052
-1.255824
-1.228394
-1.177329
-1.132711
-1.063272
-1.010529
-0.925305
-0.872629
-0.779054
-0.735826
-0.642571
-0.609783
-0.523682
-1.122680
-1.098768
-1.050523
-1.009274
-0.954327
-0.894559
-0.839494
-0.766719
-0.720852
-0.642077
-0.605818
-0.529754
-0.507240
-0.932965
-0.892300
-0.864466
-0.807532
-0.776876
-0.709602
-0.683035
-0.608322
-0.587472
-0.514581
-0.501065
-0.425338
-0.790897
-0.762164
-0.727274
-0.685594
-0.651748
-0.597730
-0.570826
-0.512877
-0.492589
-0.429080
-0.423355
-0.643542
-0.601213
-0.590005
-0.536793
-0.530002
-0.472281
-0.467570
-0.406096
-0.410945
-0.342255
-0.552979
-0.526860
-0.508701
-0.471512
-0.454118
-0.410362
-0.403142
-0.347745
-0.350241
-0.450166
-0.408190
-0.411238
-0.365571
-0.374842
-0.317369
-0.334269
-0.270625
-0.398923
-0.377467
-0.368144
-0.329434
-0.330052
-0.282287
-0.289336
-0.320387
-0.275966
-0.298448
-0.245251
-0.269251
-0.203653
-0.299915
-0.267717
-0.268080
-0.223507
-0.237264
-0.223470
-0.178542
-0.213735
-0.141567
-0.219299
-0.166394
-0.187587
-0.152051
-0.085533
-0.136481
0.068328
0.042653
0.181523
0.175161
0.312596
0.351006
0.487799
0.554125
0.696869
0.774757
0.913248
0.983692
1.100439
1.152307
1.232309
1.258794
1.305860
1.305432
1.327783
1.310640
1.319787
1.283915
1.276796
1.249179
1.231601
1.242573
1.249210
1.236791
1.245241
1.247584
1.257899
1.260162
1.278662
1.283489
1.298774
1.305383
1.318449
1.314118
1.322906
1.306472
1.298715
1.271424
1.247370
1.198063
1.171779
1.090044
0.022489
0.131501
0.099713
0.211625
0.197366
0.304952
0.307244
0.414524
0.431159
0.535288
0.560255
0.661853
0.689004
0.778919
0.810343
0.886836
0.906408
0.982796
0.990488
1.041786
1.063098
1.117523
0.103938
0.160167
0.195613
0.260225
0.303415
0.378867
0.425762
0.509466
0.557736
0.646309
0.691770
0.775653
0.819384
0.894551
0.923030
0.998734
1.010975
1.069374
1.085401
1.129653
1.111171
0.148941
0.266998
0.266880
0.377123
0.390271
0.501369
0.527442
0.635991
0.670309
0.769957
0.809507
0.896077
0.927606
1.008343
1.027106
1.088622
1.111236
1.152144
1.158561
1.205689
0.263010
0.310351
0.379772
0.447906
0.515775
0.593008
0.661111
0.740764
0.805870
0.881153
0.933065
1.006158
1.039255
1.099373
1.126134
1.169099
1.178865
1.225936
1.213667
0.317813
0.443567
0.463776
0.579977
0.615616
0.725517
0.769597
0.869062
0.910996
1.000763
1.031514
1.103561
1.129602
1.180631
1.194122
1.239310
1.237574
1.268914
0.445291
0.505312
0.597044
0.666438
0.752642
0.824951
0.901681
0.972565
1.031184
1.092059
1.136369
1.181403
1.206001
1.246713
1.251244
1.280934
1.282344
0.526208
0.648789
0.690960
0.804767
0.852101
0.954765
0.996111
1.082403
1.116002
1.179885
1.199395
1.250725
1.253837
1.288326
1.291519
1.307580
0.660471
0.727886
0.828714
0.895304
0.980872
1.042649
1.110793
1.158085
1.204011
1.242092
1.263004
1.288393
1.300413
1.310300
1.313076
0.753280
0.868074
0.918546
1.020866
1.064383
1.144338
1.175024
1.236428
1.247497
1.289241
1.293254
1.313236
1.311164
1.324556
0.883967
0.948904
1.042423
1.093836
1.166950
1.206011
1.250658
1.275257
1.301960
1.308213
1.320005
1.322148
1.318697
0.969165
1.067642
1.111684
1.190468
1.213852
1.270236
1.279735
1.309380
1.307488
1.325008
1.310422
1.318931
1.083458
1.131106
1.202654
1.234731
1.282374
1.292531
1.318743
1.318868
1.322842
1.315926
1.313517
1.141611
1.217980
1.240968
1.288528
1.294460
1.322392
1.308890
1.321991
1.304557
1.302728
1.227026
1.249350
1.298002
1.304228
1.324029
1.317648
1.323700
1.303057
1.299160
1.254749
1.301493
1.299322
1.325489
1.310845
1.314388
1.292329
1.289811
1.304501
1.306829
1.329728
1.312557
1.318751
1.296561
1.285767
1.304830
1.324469
1.308232
1.314022
1.282442
1.276186
1.330438
1.313583
1.315297
1.288272
1.284155
1.306846
1.310642
1.284205
1.270739
1.320025
1.289069
1.278833
1.277027
1.277383
1.307493
-0.060666
0.048162
0.036475
0.114882
0.120773
0.199725
0.218468
0.303428
0.327118
0.418251
0.447920
0.539522
0.569317
0.662560
0.688024
0.771415
0.798501
0.871314
0.880719
0.959832
0.957990
0.998593
1.006562
-0.729782
-0.646176
-0.545439
-0.469386
-0.408636
-0.347627
-0.296884
-0.249889
-0.199842
-0.150557
-0.093475
-0.030708
0.039822
0.121384
0.210472
0.308199
0.415974
0.518680
0.632740
0.740340
0.832336
0.943881
-0.669367
-0.565952
-0.474750
-0.398479
-0.324466
-0.273608
-0.209759
-0.163592
-0.104999
-0.054420
0.009071
0.070644
0.149221
0.224257
0.322302
0.409711
0.521441
0.619856
0.728386
0.824260
0.936754
-0.664640
-0.564749
-0.477303
-0.415921
-0.350839
-0.300678
-0.250987
-0.201991
-0.150605
-0.094280
-0.029127
0.040969
0.125564
0.214726
0.316296
0.423739
0.531971
0.645184
0.758636
0.856627
-0.587456
-0.493572
-0.403907
-0.336727
-0.273371
-0.218685
-0.161774
-0.111925
-0.051198
0.003677
0.075907
0.146207
0.233313
0.322277
0.424478
0.525533
0.640891
0.739893
0.852099
-0.576110
-0.494027
-0.418131
-0.358361
-0.301152
-0.254758
-0.201626
-0.152970
-0.092928
-0.029576
0.044288
0.127845
0.221725
0.323123
0.434897
0.545956
0.661320
0.782348
-0.505543
-0.415531
-0.340808
-0.280376
-0.219279
-0.167567
-0.110606
-0.055663
0.006179
0.072672
0.150897
0.232425
0.329847
0.428038
0.537708
0.650830
0.759132
-0.498010
-0.427174
-0.357524
-0.306301
-0.252845
-0.204752
-0.151340
-0.094810
-0.027121
0.043975
0.131485
0.224693
0.329358
0.442549
0.556737
0.677078
-0.421679
-0.347968
-0.282009
-0.223731
-0.167726
-0.113540
-0.054382
0.003778
0.074326
0.149677
0.234770
0.330101
0.432794
0.542362
0.659882
-0.426641
-0.361593
-0.303848
-0.254996
-0.202146
-0.153644
-0.092539
-0.028514
0.046365
0.130823
0.228422
0.330997
0.448306
0.563193
-0.348324
-0.285780
-0.222814
-0.170544
-0.112023
-0.056074
0.004679
0.072237
0.150265
0.232419
0.330106
0.432037
0.544809
-0.358914
-0.303857
-0.251781
-0.202645
-0.151496
-0.094317
-0.026080
0.043544
0.132982
0.225751
0.334186
0.446116
-0.281905
-0.226637
-0.167133
-0.114730
-0.052321
0.001568
0.074035
0.146336
0.232007
0.324337
0.430974
-0.300551
-0.249382
-0.199823
-0.152363
-0.092389
-0.028617
0.045286
0.127794
0.228092
0.326815
-0.218372
-0.173005
-0.107261
-0.056945
0.007156
0.067345
0.149400
0.222196
0.323141
-0.246624
-0.196604
-0.151124
-0.094007
-0.026313
0.039736
0.129744
0.218341
-0.159513
-0.116773
-0.043890
-0.003397
0.076338
0.135975
0.225456
-0.194570
-0.149760
-0.093626
-0.029702
0.041029
0.119753
-0.096792
-0.057617
0.014532
0.058477
0.147502
-0.150679
-0.096110
-0.030395
0.032256
-0.026982
-0.003559
0.082162
-0.109682
-0.044770
0.056804
-1.668673
-1.681090
-1.660160
-1.667785
-1.654960
-1.666002
-1.670752
-1.675379
-1.686761
-1.701621
-1.710138
-1.723298
-1.732673
-1.732888
-1.724432
-1.698179
-1.652329
-1.580725
-1.486025
-1.370930
-1.247301
-1.114407
-1.008766
-1.615715
-1.639545
-1.613505
-1.623777
-1.623012
-1.623230
-1.631620
-1.647547
-1.653987
-1.675344
-1.690613
-1.710050
-1.719556
-1.734996
-1.724311
-1.716134
-1.664128
-1.611773
-1.506307
-1.410751
-1.264563
-1.148529
-1.599850
-1.604976
-1.601043
-1.590087
-1.595874
-1.605935
-1.607703
-1.625306
-1.642000
-1.659305
-1.678970
-1.701904
-1.717378
-1.730642
-1.731024
-1.717808
-1.676969
-1.615501
-1.520544
-1.404267
-1.264563
-1.582973
-1.549094
-1.555035
-1.558097
-1.552100
-1.565780
-1.579010
-1.593557
-1.613183
-1.640941
-1.660723
-1.689206
-1.708544
-1.729634
-1.729040
-1.726064
-1.679529
-1.629002
-1.520544
-1.410751
-1.532271
-1.543332
-1.517128
-1.529148
-1.534028
-1.541508
-1.556490
-1.580514
-1.598933
-1.627428
-1.654571
-1.682450
-1.705129
-1.726144
-1.730160
-1.722027
-1.679529
-1.615501
-1.506307
-1.496323
-1.485107
-1.494487
-1.484531
-1.498012
-1.514106
-1.529345
-1.554790
-1.583184
-1.613560
-1.642991
-1.677883
-1.701527
-1.727268
-1.730160
-1.726064
-1.676969
-1.611774
-1.473046
-1.464018
-1.457205
-1.474175
-1.473997
-1.496753
-1.517937
-1.546170
-1.573507
-1.610506
-1.640504
-1.675979
-1.701527
-1.726144
-1.729041
-1.717809
-1.664129
-1.433733
-1.430689
-1.430463
-1.435284
-1.457544
-1.473077
-1.501291
-1.533813
-1.567766
-1.604442
-1.640504
-1.677883
-1.705129
-1.729634
-1.731024
-1.716135
-1.407469
-1.410427
-1.414068
-1.427987
-1.440237
-1.472804
-1.496988
-1.534583
-1.567766
-1.610506
-1.642991
-1.682451
-1.708545
-1.730643
-1.724312
-1.390092
-1.383403
-1.394090
-1.409887
-1.434698
-1.459045
-1.496988
-1.533813
-1.573507
-1.613560
-1.654572
-1.689207
-1.717379
-1.734997
-1.370023
-1.383807
-1.389102
-1.411686
-1.434698
-1.472804
-1.501291
-1.546170
-1.583184
-1.627429
-1.660724
-1.701905
-1.719558
-1.365173
-1.366539
-1.389102
-1.409888
-1.440237
-1.473077
-1.517937
-1.554791
-1.598934
-1.640942
-1.678971
-1.710051
-1.365173
-1.383807
-1.394090
-1.427988
-1.457544
-1.496754
-1.529346
-1.580515
-1.613184
-1.659306
-1.690615
-1.370024
-1.383403
-1.414069
-1.435284
-1.473998
-1.514107
-1.556491
-1.593558
-1.642002
-1.675345
-1.390093
-1.410428
-1.430463
-1.474175
-1.498013
-1.541508
-1.579011
-1.625307
-1.653989
-1.407470
-1.430690
-1.457206
-1.484532
-1.534028
-1.565781
-1.607704
-1.647549
-1.433733
-1.464018
-1.494489
-1.529149
-1.552101
-1.605936
-1.631622
-1.473047
-1.485108
-1.517129
-1.558099
-1.595876
-1.623232
-1.496325
-1.543334
-1.555037
-1.590088
-1.623014
-1.532272
-1.549096
-1.601044
-1.623779
-1.582974
-1.604978
-1.613507
-1.599852
-1.639548
-1.615717
-1.649606
-1.654925
-1.569648
-1.554130
-1.517912
-1.485826
-1.440769
-1.429745
-1.387770
-1.381184
-1.362048
-1.363846
-1.362047
-1.381184
-1.387770
-1.429744
-1.440768
-1.485825
-1.517911
-1.554128
-1.569646
-1.654923
-1.649603
-1.668668
-1.681086
-1.660158
-1.667778
-1.654962
-1.665992
-1.670757
-1.675365
-1.686768
-1.701603
-1.710149
-1.723275
-1.732688
-1.732856
-1.724451
-1.698136
-1.652353
-1.580668
-1.486053
-1.370853
-1.247339
-1.114299
-1.008815
-1.615722
-1.639546
-1.613515
-1.623779
-1.623023
-1.623233
-1.631635
-1.647551
-1.654005
-1.675350
-1.690634
-1.710058
-1.719582
-1.735006
-1.724341
-1.716147
-1.664162
-1.611788
-1.506348
-1.410764
-1.264610
-1.148547
-1.599851
-1.604976
-1.601046
-1.590084
-1.595880
-1.605928
-1.607712
-1.625295
-1.642012
-1.659289
-1.678986
-1.701881
-1.717397
-1.730611
-1.731047
-1.717765
-1.676998
-1.615441
-1.520581
-1.404187
-1.264610
-1.582977
-1.549096
-1.555043
-1.558099
-1.552110
-1.565783
-1.579023
-1.593561
-1.613199
-1.640947
-1.660743
-1.689213
-1.708567
-1.729643
-1.729069
-1.726074
-1.679562
-1.629015
-1.520581
-1.410764
-1.532272
-1.543331
-1.517132
-1.529144
-1.534034
-1.541500
-1.556499
-1.580502
-1.598946
-1.627412
-1.654587
-1.682426
-1.705150
-1.726110
-1.730186
-1.721982
-1.679562
-1.615441
-1.506348
-1.496327
-1.485108
-1.494494
-1.484533
-1.498021
-1.514109
-1.529357
-1.554795
-1.583199
-1.613565
-1.643010
-1.677889
-1.701549
-1.727277
-1.730186
-1.726074
-1.676998
-1.611788
-1.473048
-1.464016
-1.457209
-1.474170
-1.474004
-1.496745
-1.517947
-1.546158
-1.573521
-1.610488
-1.640521
-1.675955
-1.701549
-1.726110
-1.729069
-1.717765
-1.664163
-1.433736
-1.430691
-1.430468
-1.435285
-1.457552
-1.473080
-1.501302
-1.533816
-1.567780
-1.604447
-1.640521
-1.677889
-1.705150
-1.729642
-1.731047
-1.716147
-1.407471
-1.410425
-1.414072
-1.427982
-1.440244
-1.472795
-1.496999
-1.534571
-1.567780
-1.610487
-1.643009
-1.682426
-1.708567
-1.730610
-1.724341
-1.390095
-1.383403
-1.394095
-1.409889
-1.434705
-1.459047
-1.496999
-1.533816
-1.573520
-1.613564
-1.654587
-1.689212
-1.717397
-1.735005
-1.370025
-1.383805
-1.389106
-1.411680
-1.434705
-1.472795
-1.501302
-1.546157
-1.583198
-1.627411
-1.660742
-1.701880
-1.719581
-1.365174
-1.366539
-1.389106
-1.409888
-1.440244
-1.473079
-1.517946
-1.554793
-1.598945
-1.640946
-1.678984
-1.710056
-1.365174
-1.383804
-1.394094
-1.427981
-1.457551
-1.496744
-1.529356
-1.580501
-1.613198
-1.659288
-1.690633
-1.370024
-1.383403
-1.414071
-1.435285
-1.474003
-1.514108
-1.556498
-1.593560
-1.642011
-1.675348
-1.390094
-1.410425
-1.430467
-1.474169
-1.498020
-1.541499
-1.579021
-1.625293
-1.654003
-1.407470
-1.430690
-1.457208
-1.484531
-1.534033
-1.565781
-1.607710
-1.647549
-1.433735
-1.464015
-1.494492
-1.529143
-1.552108
-1.605927
-1.631632
-1.473046
-1.485107
-1.517131
-1.558097
-1.595878
-1.623231
-1.496326
-1.543330
-1.555041
-1.590082
-1.623021
-1.532271
-1.549094
-1.601044
-1.623776
-1.582975
-1.604974
-1.613512
-1.599849
-1.639543
-1.615719
1.254680
1.201314
1.207052
1.148023
1.134000
1.076609
1.057525
1.008414
0.987165
0.952287
0.947563
0.929478
0.947563
0.952288
0.987165
1.008415
1.057525
1.076609
1.134001
1.148024
1.207052
1.201315
1.254681
1.249140
1.231628
1.242449
1.249206
1.236878
1.244953
1.247696
1.257920
1.259924
1.278638
1.283739
1.298259
1.305632
1.318427
1.313909
1.322800
1.306828
1.298104
1.271741
1.247210
1.197999
1.171479
1.090411
1.242286
1.246679
1.215481
1.228604
1.222922
1.231085
1.228861
1.246615
1.251841
1.265835
1.280021
1.293137
1.303770
1.313785
1.322211
1.314658
1.318952
1.292245
1.283598
1.235097
1.212981
1.142450
1.197217
1.186869
1.190775
1.184543
1.183492
1.195778
1.199699
1.213143
1.227564
1.246372
1.258762
1.281893
1.293801
1.308355
1.317052
1.321808
1.314240
1.307434
1.282334
1.257538
1.212981
1.169957
1.179434
1.152071
1.171710
1.160646
1.174923
1.182820
1.201747
1.212746
1.237430
1.254552
1.272980
1.293371
1.305094
1.316934
1.316418
1.318584
1.295810
1.282334
1.235097
1.135657
1.125375
1.124974
1.118587
1.131308
1.139874
1.152474
1.175005
1.194541
1.217357
1.242205
1.266502
1.284634
1.305140
1.316144
1.320434
1.318585
1.307434
1.283598
1.102099
1.104347
1.090307
1.105571
1.099832
1.126302
1.136297
1.162385
1.185262
1.214605
1.236332
1.264348
1.285952
1.300664
1.316145
1.316418
1.314240
1.292245
1.067093
1.056103
1.055558
1.061268
1.076221
1.089873
1.117799
1.143838
1.171987
1.204419
1.234046
1.259444
1.285952
1.305140
1.316934
1.321808
1.318952
1.028755
1.035989
1.026958
1.044009
1.053869
1.085617
1.104299
1.144417
1.171071
1.205103
1.234046
1.264348
1.284635
1.305094
1.317052
1.314659
0.998266
0.990548
1.000872
1.013090
1.036088
1.065343
1.100889
1.131704
1.171072
1.204419
1.236332
1.266502
1.293371
1.308355
1.322211
0.969704
0.979961
0.979554
1.010640
1.030593
1.069821
1.100890
1.144419
1.171988
1.214606
1.242205
1.272980
1.293801
1.313785
0.947550
0.953165
0.971717
0.993414
1.030593
1.065344
1.104300
1.143839
1.185262
1.217357
1.254552
1.281893
1.303771
0.938740
0.957100
0.971717
1.010640
1.036089
1.085618
1.117799
1.162385
1.194541
1.237430
1.258762
1.293138
0.938740
0.953166
0.979554
1.013090
1.053870
1.089873
1.136297
1.175004
1.212746
1.246372
1.280021
0.947551
0.979960
1.000872
1.044009
1.076220
1.126302
1.152474
1.201747
1.227564
1.265835
0.969705
0.990548
1.026957
1.061268
1.099832
1.139875
1.182821
1.213144
1.251842
0.998266
1.035990
1.055558
1.105572
1.131309
1.174924
1.199700
1.246615
1.028755
1.056104
1.090308
1.118587
1.160648
1.195778
1.228862
1.067094
1.104347
1.124975
1.171711
1.183493
1.231086
1.102099
1.125376
1.152072
1.184543
1.222923
1.135657
1.179434
1.190776
1.228604
1.169958
1.186869
1.215481
1.197218
1.246680
1.242287
1.249178
1.231600
1.242572
1.249209
1.236790
1.245240
1.247584
1.257898
1.260161
1.278661
1.283488
1.298773
1.305382
1.318449
1.314117
1.322906
1.306472
1.298715
1.271424
1.247370
1.198063
1.171779
1.090044
1.242261
1.246669
1.215342
1.228759
1.222755
1.230986
1.228997
1.246524
1.251558
1.266195
1.279735
1.293008
1.303969
1.313705
1.321839
1.315102
1.318609
1.292153
1.283709
1.235051
1.212596
1.142774
1.197235
1.186970
1.190750
1.184521
1.183679
1.195777
1.199532
1.213559
1.227363
1.246359
1.259013
1.281930
1.293473
1.308959
1.316722
1.321882
1.314404
1.307587
1.281947
1.258210
1.212596
1.169888
1.179399
1.152117
1.171655
1.160451
1.175185
1.182593
1.201633
1.212942
1.237334
1.254218
1.273429
1.293034
1.304989
1.317128
1.316348
1.318197
1.296266
1.281946
1.235051
1.135730
1.125371
1.124919
1.118822
1.131198
1.139852
1.152699
1.175003
1.194283
1.217882
1.241914
1.266514
1.284868
1.305200
1.315770
1.321089
1.318197
1.307587
1.283709
1.102028
1.104442
1.090179
1.105504
1.099958
1.126223
1.136044
1.162751
1.184978
1.214495
1.236562
1.264254
1.285593
1.301155
1.315770
1.316348
1.314404
1.292153
1.067096
1.056095
1.055688
1.061259
1.076071
1.090236
1.117591
1.143821
1.172227
1.204425
1.233722
1.260043
1.285593
1.305200
1.317128
1.321882
1.318609
1.028760
1.035957
1.026827
1.044216
1.053683
1.085530
1.104495
1.144327
1.170783
1.205547
1.233722
1.264254
1.284867
1.304989
1.316722
1.315101
0.998254
0.990682
1.000783
1.013072
1.036260
1.065333
1.100658
1.132177
1.170782
1.204424
1.236562
1.266514
1.293033
1.308959
1.321839
0.969650
0.979924
0.979646
1.010582
1.030414
1.070136
1.100656
1.144325
1.172225
1.214494
1.241914
1.273429
1.293473
1.313704
0.947596
0.953157
0.971608
0.993682
1.030413
1.065331
1.104493
1.143820
1.184978
1.217882
1.254218
1.281930
1.303969
0.938696
0.957211
0.971608
1.010581
1.036258
1.085529
1.117590
1.162751
1.194283
1.237334
1.259013
1.293007
0.938696
0.953156
0.979646
1.013072
1.053683
1.090236
1.136045
1.175003
1.212942
1.246358
1.279735
0.947595
0.979924
1.000783
1.044217
1.076072
1.126224
1.152700
1.201632
1.227363
1.266195
0.969650
0.990682
1.026827
1.061259
1.099958
1.139851
1.182593
1.213558
1.251557
0.998254
1.035957
1.055688
1.105503
1.131197
1.175184
1.199530
1.246523
1.028759
1.056095
1.090178
1.118821
1.160450
1.195776
1.228997
1.067096
1.104441
1.124918
1.171654
1.183678
1.230985
1.102028
1.125371
1.152116
1.184521
1.222754
1.135729
1.179399
1.190749
1.228758
1.169887
1.186969
1.215341
1.197234
1.246668
1.242260

