Tension at each vertex
0.033552
0.033549
0.033659
0.033657
-1.660564
1.244461
-1.660569
1.244463
-0.827819
-0.827675
1.095943
1.096574
0.004281
-0.103277
-0.075240
-0.181615
-0.170793
-0.258838
-0.273375
-0.367272
-0.407033
-0.531943
-0.615782
-0.786802
-0.925494
-1.129955
-1.285257
-1.466112
-1.560309
-1.661014
-1.686712
-1.714975
-1.685913
-1.715342
-1.660180
-0.021959
-0.133863
-0.128543
-0.194803
-0.214042
-0.275586
-0.304373
-0.385003
-0.437985
-0.548483
-0.647811
-0.802577
-0.954282
-1.144570
-1.305186
-1.467099
-1.574520
-1.650827
-1.688332
-1.706882
-1.704600
-1.652033
-0.001166
-0.108730
-0.103372
-0.188099
-0.188017
-0.277894
-0.289831
-0.389927
-0.434319
-0.562379
-0.654678
-0.827469
-0.965249
-1.167401
-1.314715
-1.480213
-1.572976
-1.663486
-1.684885
-1.714884
-1.704606
-0.050282
-0.118049
-0.135179
-0.201953
-0.216632
-0.284814
-0.316660
-0.397321
-0.457700
-0.571773
-0.673794
-0.834247
-0.983611
-1.169127
-1.325486
-1.478120
-1.575097
-1.654563
-1.684869
-1.706877
-0.032487
-0.109913
-0.111085
-0.195635
-0.201397
-0.284529
-0.305044
-0.404928
-0.452923
-0.585559
-0.678700
-0.850246
-0.990526
-1.184791
-1.326450
-1.488165
-1.575106
-1.663482
-1.688328
-0.028903
-0.130867
-0.132136
-0.203756
-0.220360
-0.291782
-0.321932
-0.409449
-0.468492
-0.584550
-0.689541
-0.848760
-0.995020
-1.180079
-1.326436
-1.478116
-1.572954
-1.650812
-0.041114
-0.101192
-0.127242
-0.195946
-0.209950
-0.291307
-0.315434
-0.412824
-0.466794
-0.595201
-0.689702
-0.860163
-0.995033
-1.184793
-1.325493
-1.480214
-1.574519
-0.039199
-0.130343
-0.127046
-0.211729
-0.219191
-0.296920
-0.326079
-0.413984
-0.470515
-0.590591
-0.689690
-0.848758
-0.990509
-1.169124
-1.314694
-1.467089
-0.034453
-0.110282
-0.130725
-0.195755
-0.219387
-0.291268
-0.321868
-0.417059
-0.470528
-0.595204
-0.689552
-0.850255
-0.983618
-1.167410
-1.305191
-0.041302
-0.124194
-0.132613
-0.210852
-0.218681
-0.301654
-0.321863
-0.413981
-0.466780
-0.584550
-0.678681
-0.834245
-0.965230
-1.144563
-0.039972
-0.111378
-0.130531
-0.200065
-0.218690
-0.291268
-0.326085
-0.412838
-0.468497
-0.585574
-0.673804
-0.827485
-0.954289
-0.038997
-0.126668
-0.130530
-0.210849
-0.219378
-0.296925
-0.315415
-0.409448
-0.452907
-0.571769
-0.654657
-0.802576
-0.039003
-0.111377
-0.132614
-0.195767
-0.219187
-0.291322
-0.321940
-0.404945
-0.457707
-0.562405
-0.647815
-0.039966
-0.124201
-0.130707
-0.211735
-0.209938
-0.291779
-0.305023
-0.397322
-0.434292
-0.548482
-0.041291
-0.110299
-0.127045
-0.195957
-0.220362
-0.284557
-0.316660
-0.389958
-0.437992
-0.034441
-0.130343
-0.127227
-0.203765
-0.201366
-0.284815
-0.289805
-0.384998
-0.039194
-0.101217
-0.132120
-0.195667
-0.216636
-0.277924
-0.304377
-0.041085
-0.130882
-0.111062
-0.201948
-0.187984
-0.275589
-0.028888
-0.109936
-0.135177
-0.188146
-0.214035
-0.032469
-0.118059
-0.103324
-0.194806
-0.050251
-0.108786
-0.128542
-0.001131
-0.133849
-0.021951
-0.056954
-0.048503
-0.044544
0.006000
-0.047900
-0.009285
-0.027517
-0.013930
-0.029792
-0.009283
-0.027789
-0.012350
-0.027792
-0.009272
-0.029780
-0.013918
-0.027506
-0.009247
-0.047897
0.006038
-0.044519
-0.048461
-0.056948
0.088086
0.073328
0.206329
0.208929
0.342993
0.387392
0.520776
0.589147
0.726064
0.801488
0.931686
0.996674
1.105297
1.151011
1.225097
1.247067
1.290123
1.287375
1.307404
1.287602
1.296591
1.257637
1.250475
0.070278
0.062968
0.170089
0.218927
0.322390
0.396484
0.517079
0.601287
0.730921
0.815047
0.937803
1.011164
1.109864
1.159788
1.230958
1.248572
1.293891
1.285410
1.311063
1.283278
1.292366
1.276781
0.100091
0.087517
0.207527
0.234683
0.363780
0.411143
0.551486
0.616732
0.757071
0.829769
0.955374
1.018349
1.121807
1.160103
1.235082
1.249055
1.293181
1.286139
1.307246
1.290351
1.292371
0.051175
0.091533
0.180410
0.236433
0.347325
0.420525
0.543230
0.630383
0.755311
0.841526
0.959994
1.027371
1.125212
1.168259
1.235619
1.252115
1.294107
1.286417
1.307166
1.283295
0.070015
0.098990
0.212894
0.245371
0.373913
0.430275
0.566588
0.636999
0.776160
0.844225
0.971117
1.028799
1.128463
1.165831
1.237688
1.249083
1.294111
1.286168
1.311128
0.077372
0.083040
0.196249
0.247924
0.361475
0.436214
0.562206
0.644713
0.773786
0.856488
0.970750
1.037685
1.131032
1.169864
1.237632
1.252126
1.293164
1.285362
0.064546
0.115112
0.204220
0.259181
0.379590
0.440919
0.577393
0.649651
0.782579
0.853941
0.976331
1.030702
1.131032
1.165854
1.235665
1.249043
1.293906
0.069092
0.088880
0.209438
0.248645
0.376220
0.443761
0.571538
0.654547
0.783549
0.859702
0.976300
1.037690
1.128453
1.168225
1.235033
1.248626
0.073984
0.110128
0.207689
0.267431
0.378231
0.451672
0.579452
0.651755
0.783545
0.853955
0.970773
1.028797
1.125215
1.160191
1.230916
0.068759
0.098613
0.207818
0.255470
0.381864
0.442577
0.579441
0.654549
0.782575
0.856468
0.971084
1.027408
1.121723
1.159770
0.070015
0.111703
0.211006
0.265222
0.381861
0.451678
0.571544
0.649657
0.773779
0.844287
0.959960
1.018385
1.109926
0.071672
0.097075
0.211006
0.255469
0.378230
0.443757
0.577371
0.644736
0.776107
0.841516
0.955381
1.011114
0.071671
0.111704
0.207816
0.267441
0.376206
0.440958
0.562182
0.637028
0.755340
0.829785
0.937779
0.070015
0.098619
0.207673
0.248662
0.379563
0.436212
0.566585
0.630359
0.757016
0.815101
0.068742
0.110151
0.209421
0.259199
0.361481
0.430296
0.543208
0.616826
0.730871
0.073973
0.088881
0.204214
0.247924
0.373874
0.420560
0.551414
0.601276
0.069084
0.115135
0.196223
0.245429
0.347293
0.411186
0.517107
0.064519
0.083065
0.212855
0.236433
0.363764
0.396462
0.077347
0.099019
0.180410
0.234719
0.322366
0.070002
0.091537
0.207476
0.218960
0.051138
0.087588
0.170055
0.100050
0.062967
0.070265
-0.089928
-0.027082
-0.112589
-0.093683
-0.156386
-0.146075
-0.206692
-0.196425
-0.257492
-0.253213
-0.314490
-0.315372
-0.383861
-0.388564
-0.462187
-0.477652
-0.551346
-0.571576
-0.655460
-0.667567
-0.748120
-0.781138
-0.843430
-1.661601
-1.648306
-1.652686
-1.644472
-1.657159
-1.647144
-1.663385
-1.668334
-1.678965
-1.686401
-1.701958
-1.699536
-1.704914
-1.686357
-1.662896
-1.607900
-1.542911
-1.432713
-1.335728
-1.180793
-1.084311
-0.908850
-1.673425
-1.696516
-1.682827
-1.687569
-1.685985
-1.697925
-1.692774
-1.704882
-1.708124
-1.709154
-1.706648
-1.697990
-1.671716
-1.634834
-1.574318
-1.489312
-1.392866
-1.261639
-1.144674
-1.004139
-0.888153
-1.712250
-1.682257
-1.704848
-1.693018
-1.699836
-1.696012
-1.706910
-1.695724
-1.700700
-1.685625
-1.669884
-1.633436
-1.591580
-1.511803
-1.438061
-1.312695
-1.212144
-1.068683
-0.962084
-0.827470
-1.702795
-1.723892
-1.701518
-1.717299
-1.707908
-1.706525
-1.697018
-1.690234
-1.664118
-1.638708
-1.593008
-1.529304
-1.456813
-1.351682
-1.250044
-1.122843
-1.008280
-0.881454
-0.789125
-1.689613
-1.677524
-1.692472
-1.667642
-1.674662
-1.653256
-1.638619
-1.605300
-1.573218
-1.509762
-1.453983
-1.354851
-1.271565
-1.147929
-1.049493
-0.917781
-0.835499
-0.704139
-1.653806
-1.652087
-1.636290
-1.635804
-1.602285
-1.585621
-1.542964
-1.495445
-1.433804
-1.354597
-1.270224
-1.165183
-1.066778
-0.949057
-0.859880
-0.739314
-0.676372
-1.562602
-1.544129
-1.532466
-1.500505
-1.479318
-1.423485
-1.381724
-1.305416
-1.240508
-1.141106
-1.062918
-0.948894
-0.874312
-0.754741
-0.699676
-0.589495
-1.441506
-1.430742
-1.397074
-1.365887
-1.314889
-1.264535
-1.193903
-1.119498
-1.041106
-0.947264
-0.871289
-0.768642
-0.706721
-0.608684
-0.561547
-1.271732
-1.234073
-1.208457
-1.155805
-1.112574
-1.040979
-0.988573
-0.899653
-0.845975
-0.747985
-0.701854
-0.605328
-0.568815
-0.481742
-1.098260
-1.072969
-1.026199
-0.984170
-0.929210
-0.868372
-0.811442
-0.737345
-0.687358
-0.608054
-0.566303
-0.491476
-0.463531
-0.905046
-0.863324
-0.837187
-0.778295
-0.748607
-0.678258
-0.651200
-0.573369
-0.550764
-0.475556
-0.459926
-0.383904
-0.758096
-0.727531
-0.694791
-0.651953
-0.618072
-0.563577
-0.534268
-0.476630
-0.452604
-0.391169
-0.381109
-0.608335
-0.565113
-0.555724
-0.501434
-0.495183
-0.435718
-0.430723
-0.367914
-0.371679
-0.303521
-0.514896
-0.487317
-0.471614
-0.434146
-0.417212
-0.374036
-0.364793
-0.312046
-0.311028
-0.412642
-0.371146
-0.375870
-0.329999
-0.339667
-0.282279
-0.298346
-0.235795
-0.361785
-0.338797
-0.332547
-0.294436
-0.295023
-0.249382
-0.254428
-0.286115
-0.243293
-0.266180
-0.214112
-0.237562
-0.173095
-0.267057
-0.233709
-0.237094
-0.193041
-0.206769
-0.194684
-0.151462
-0.185770
-0.115330
-0.191208
-0.137428
-0.160606
-0.127148
-0.062418
-0.111516
0.088149
0.073265
0.206362
0.208867
0.343077
0.387284
0.520845
0.589118
0.726063
0.801437
0.931791
0.996534
1.105372
1.151006
1.225076
1.247030
1.290241
1.287266
1.307469
1.287624
1.296612
1.257604
1.250566
1.221897
1.200737
1.214059
1.219755
1.207431
1.215245
1.219720
1.228256
1.232397
1.250621
1.257123
1.271463
1.281419
1.294088
1.292460
1.303255
1.290157
1.284343
1.261971
1.240827
1.195781
1.173541
1.093770
0.049036
0.156524
0.129018
0.239984
0.230002
0.336019
0.341228
0.446622
0.464669
0.565920
0.590670
0.689412
0.714504
0.801432
0.830956
0.904272
0.921347
0.996377
1.001474
1.050193
1.071158
1.124379
0.130687
0.191444
0.226937
0.293402
0.337507
0.412594
0.460401
0.541298
0.589916
0.674432
0.718952
0.798066
0.840808
0.910932
0.938214
1.010189
1.021138
1.075664
1.092191
1.132740
1.112495
0.179749
0.297431
0.301913
0.412018
0.427490
0.536975
0.562778
0.669066
0.700265
0.797197
0.832538
0.916243
0.942814
1.022090
1.036242
1.095957
1.116037
1.155043
1.158553
1.206317
0.293958
0.346815
0.415129
0.485347
0.551545
0.628124
0.692582
0.769491
0.830502
0.901480
0.949071
1.018657
1.047877
1.104247
1.130012
1.168599
1.177238
1.222325
1.208503
0.351787
0.478273
0.500467
0.616692
0.649883
0.758363
0.797242
0.893934
0.929082
1.016900
1.040315
1.110901
1.132129
1.180856
1.191103
1.235791
1.229893
1.261146
0.478198
0.542677
0.630028
0.700992
0.781256
0.851534
0.921361
0.989254
1.040893
1.098380
1.138527
1.179193
1.202171
1.239363
1.242502
1.269698
1.270833
0.558728
0.682053
0.721517
0.833814
0.875013
0.975282
1.008445
1.092180
1.119043
1.180065
1.194922
1.244610
1.243865
1.277535
1.277935
1.293323
0.689128
0.758478
0.852014
0.917786
0.994923
1.053548
1.115089
1.157834
1.199710
1.234013
1.252596
1.274586
1.286351
1.292824
1.295254
0.778178
0.891819
0.935811
1.035143
1.071652
1.147679
1.172197
1.231083
1.237179
1.277406
1.278548
1.297239
1.292223
1.306141
0.901995
0.965968
1.051402
1.099447
1.165653
1.201326
1.241035
1.262505
1.287279
1.290307
1.301072
1.301374
1.296699
0.981631
1.076392
1.113923
1.189204
1.206507
1.260304
1.265850
1.293791
1.288706
1.306336
1.288262
1.296565
1.088093
1.132907
1.197496
1.226257
1.269747
1.276812
1.300748
1.298956
1.301381
1.291939
1.290004
1.140489
1.212923
1.231119
1.275717
1.277852
1.304831
1.288152
1.300484
1.281407
1.278034
1.219875
1.238778
1.283209
1.287081
1.304573
1.295622
1.301533
1.277485
1.273584
1.243111
1.287090
1.281793
1.305895
1.289637
1.291509
1.267464
1.264525
1.289230
1.288318
1.309938
1.289887
1.295229
1.270834
1.259298
1.286833
1.304449
1.285976
1.290879
1.257143
1.249258
1.309827
1.290904
1.291749
1.261439
1.257868
1.284838
1.286610
1.259077
1.243919
1.296472
1.262953
1.251441
1.251261
1.251134
1.282108
-0.035353
0.074311
0.062624
0.142198
0.149290
0.227686
0.249369
0.331882
0.358895
0.446178
0.479037
0.565345
0.597487
0.685479
0.712090
0.789887
0.818517
0.886066
0.895616
0.971648
0.969320
1.005808
1.014411
-0.684336
-0.597167
-0.494193
-0.419108
-0.360518
-0.302530
-0.255782
-0.212605
-0.165858
-0.119971
-0.065034
-0.003575
0.066220
0.147657
0.236445
0.333419
0.440601
0.541032
0.653338
0.758241
0.846958
0.955990
-0.625276
-0.519190
-0.427662
-0.352959
-0.281987
-0.235309
-0.174807
-0.133340
-0.077255
-0.029771
0.032477
0.091874
0.170668
0.243988
0.343132
0.428375
0.540669
0.636500
0.744756
0.837258
0.949908
-0.617334
-0.514007
-0.426410
-0.366951
-0.304717
-0.258821
-0.212976
-0.167683
-0.119704
-0.065982
-0.002132
0.066692
0.151108
0.239375
0.340348
0.446624
0.553365
0.664467
0.776488
0.870861
-0.542188
-0.447595
-0.357698
-0.294139
-0.233647
-0.183696
-0.130037
-0.084518
-0.025147
0.026261
0.098259
0.166148
0.253800
0.340892
0.443838
0.542466
0.658949
0.754821
0.867234
-0.527885
-0.444112
-0.369423
-0.312202
-0.258946
-0.216681
-0.167035
-0.122229
-0.064561
-0.002969
0.069995
0.152811
0.246388
0.346745
0.458236
0.567724
0.681810
0.801125
-0.460390
-0.371619
-0.297625
-0.242004
-0.183079
-0.136990
-0.081732
-0.030792
0.030468
0.093717
0.172726
0.251701
0.350778
0.446783
0.557840
0.669123
0.777580
-0.450392
-0.379846
-0.312284
-0.264790
-0.215049
-0.170666
-0.120637
-0.066915
-0.000321
0.069610
0.157141
0.249977
0.354519
0.467499
0.580761
0.699359
-0.377685
-0.307679
-0.242673
-0.189859
-0.135644
-0.086748
-0.027598
0.026317
0.097700
0.170201
0.257147
0.350697
0.455679
0.563149
0.682555
-0.381076
-0.317902
-0.263286
-0.218286
-0.168503
-0.123687
-0.064804
-0.002033
0.072526
0.157062
0.255194
0.357893
0.475593
0.589334
-0.307114
-0.249687
-0.187476
-0.141352
-0.083315
-0.031768
0.029798
0.093656
0.174033
0.253932
0.355014
0.455203
0.570511
-0.316540
-0.265000
-0.215933
-0.170252
-0.121950
-0.067344
0.000573
0.070018
0.160275
0.253950
0.363111
0.475523
-0.244387
-0.194644
-0.136083
-0.089159
-0.025665
0.024199
0.098494
0.168518
0.257608
0.348756
0.458928
-0.262601
-0.215377
-0.168044
-0.123969
-0.065707
-0.002240
0.072285
0.155907
0.257530
0.357562
-0.184804
-0.145010
-0.079747
-0.033034
0.032380
0.089739
0.174967
0.246815
0.351746
-0.213210
-0.166505
-0.123099
-0.068221
-0.000038
0.066969
0.158153
0.249039
-0.130205
-0.091535
-0.018264
0.020034
0.100948
0.160380
0.253100
-0.164880
-0.122948
-0.068222
-0.003805
0.067918
0.148786
-0.071153
-0.032897
0.038798
0.082542
0.173306
-0.124292
-0.071334
-0.005074
0.059318
-0.003551
0.021408
0.105553
-0.085083
-0.019288
0.078159
-0.056956
-0.048506
-0.044546
0.005997
-0.047902
-0.009287
-0.027519
-0.013932
-0.029794
-0.009286
-0.027792
-0.012352
-0.027794
-0.009274
-0.029782
-0.013921
-0.027508
-0.009249
-0.047899
0.006036
-0.044520
-0.048462
-0.056949
0.004207
-0.103202
-0.075287
-0.181570
-0.170834
-0.258791
-0.273418
-0.367233
-0.407066
-0.531917
-0.615812
-0.786783
-0.925528
-1.129947
-1.285290
-1.466114
-1.560338
-1.661014
-1.686726
-1.714969
-1.685925
-1.715341
-1.660193
-0.021953
-0.133851
-0.128545
-0.194808
-0.214037
-0.275591
-0.304379
-0.385001
-0.437995
-0.548486
-0.647820
-0.802583
-0.954297
-1.144572
-1.305200
-1.467096
-1.574524
-1.650817
-1.688331
-1.706879
-1.704609
-1.652037
-0.001134
-0.108788
-0.103326
-0.188148
-0.187986
-0.277926
-0.289807
-0.389960
-0.434296
-0.562410
-0.654663
-0.827493
-0.965238
-1.167419
-1.314702
-1.480219
-1.572957
-1.663483
-1.684868
-1.714883
-1.704600
-0.050253
-0.118061
-0.135179
-0.201950
-0.216638
-0.284817
-0.316662
-0.397326
-0.457710
-0.571774
-0.673810
-0.834253
-0.983627
-1.169133
-1.325501
-1.478120
-1.575106
-1.654561
-1.684880
-1.706876
-0.032472
-0.109938
-0.111064
-0.195669
-0.201368
-0.284560
-0.305025
-0.404949
-0.452911
-0.585580
-0.678687
-0.850264
-0.990518
-1.184802
-1.326442
-1.488168
-1.575096
-1.663481
-1.688320
-0.028890
-0.130885
-0.132123
-0.203767
-0.220364
-0.291781
-0.321942
-0.409452
-0.468501
-0.584556
-0.689559
-0.848767
-0.995042
-1.180087
-1.326457
-1.478122
-1.572973
-1.650819
-0.041088
-0.101219
-0.127229
-0.195959
-0.209940
-0.291325
-0.315418
-0.412841
-0.466784
-0.595210
-0.689697
-0.860172
-0.995028
-1.184799
-1.325492
-1.480215
-1.574519
-0.039196
-0.130345
-0.127047
-0.211737
-0.219189
-0.296927
-0.326087
-0.413984
-0.470532
-0.590597
-0.689709
-0.848769
-0.990535
-1.169135
-1.314722
-1.467103
-0.034444
-0.110301
-0.130710
-0.195770
-0.219380
-0.291271
-0.321866
-0.417062
-0.470520
-0.595207
-0.689548
-0.850254
-0.983620
-1.167410
-1.305196
-0.041293
-0.124203
-0.132616
-0.210851
-0.218692
-0.301657
-0.321871
-0.413988
-0.466798
-0.584556
-0.678707
-0.834256
-0.965258
-1.144578
-0.039969
-0.111379
-0.130532
-0.200067
-0.218683
-0.291270
-0.326082
-0.412828
-0.468496
-0.585565
-0.673801
-0.827477
-0.954292
-0.039005
-0.126671
-0.130533
-0.210854
-0.219389
-0.296923
-0.315437
-0.409453
-0.452928
-0.571779
-0.654685
-0.802586
-0.039000
-0.111380
-0.132615
-0.195757
-0.219193
-0.291310
-0.321935
-0.404932
-0.457704
-0.562384
-0.647817
-0.039974
-0.124196
-0.130727
-0.211731
-0.209952
-0.291784
-0.305046
-0.397324
-0.434323
-0.548489
-0.041304
-0.110285
-0.127048
-0.195947
-0.220362
-0.284531
-0.316662
-0.389930
-0.437988
-0.034455
-0.130345
-0.127244
-0.203758
-0.201399
-0.284816
-0.289833
-0.385006
-0.039201
-0.101194
-0.132137
-0.195637
-0.216633
-0.277895
-0.304375
-0.041116
-0.130869
-0.111086
-0.201955
-0.188018
-0.275588
-0.028905
-0.109914
-0.135181
-0.188100
-0.214043
-0.032489
-0.118051
-0.103374
-0.194805
-0.050284
-0.108731
-0.128544
-0.001168
-0.133864
-0.021960
0.088147
0.073263
0.206360
0.208865
0.343076
0.387284
0.520845
0.589119
0.726065
0.801439
0.931794
0.996537
1.105376
1.151010
1.225079
1.247033
1.290244
1.287269
1.307472
1.287627
1.296614
1.257606
1.250568
0.070263
0.062965
0.170054
0.218959
0.322366
0.396462
0.517108
0.601277
0.730873
0.815104
0.937781
1.011117
1.109929
1.159773
1.230919
1.248630
1.293909
1.285365
1.311131
1.283298
1.292373
1.276783
0.100049
0.087586
0.207475
0.234718
0.363763
0.411186
0.551415
0.616827
0.757018
0.829787
0.955384
1.018389
1.121727
1.160194
1.235037
1.249047
1.293167
1.286171
1.307168
1.290353
1.292369
0.051137
0.091535
0.180409
0.236432
0.347292
0.420560
0.543209
0.630361
0.755342
0.841519
0.959963
1.027411
1.125219
1.168228
1.235668
1.252130
1.294115
1.286420
1.307249
1.283281
0.070000
0.099018
0.212853
0.245428
0.373874
0.430296
0.566586
0.637029
0.776109
0.844290
0.971088
1.028801
1.128457
1.165857
1.237636
1.249086
1.294110
1.286142
1.311065
0.077345
0.083063
0.196221
0.247923
0.361480
0.436212
0.562183
0.644738
0.773781
0.856471
0.970777
1.037694
1.131035
1.169867
1.237692
1.252119
1.293184
1.285413
0.064517
0.115133
0.204212
0.259198
0.379562
0.440958
0.577372
0.649659
0.782577
0.853958
0.976303
1.030706
1.131036
1.165835
1.235623
1.249058
1.293894
0.069082
0.088879
0.209420
0.248660
0.376206
0.443757
0.571545
0.654551
0.783548
0.859705
0.976334
1.037688
1.128466
1.168262
1.235086
1.248575
0.073971
0.110149
0.207672
0.267439
0.378229
0.451678
0.579442
0.651757
0.783551
0.853944
0.970753
1.028802
1.125215
1.160107
1.230961
0.068740
0.098617
0.207814
0.255467
0.381861
0.442577
0.579453
0.654549
0.782581
0.856491
0.971121
1.027375
1.121811
1.159792
0.070013
0.111702
0.211005
0.265221
0.381863
0.451672
0.571539
0.649653
0.773788
0.844228
0.959997
1.018353
1.109868
0.071669
0.097073
0.211004
0.255468
0.378230
0.443761
0.577394
0.644714
0.776162
0.841529
0.955377
1.011168
0.071670
0.111701
0.207816
0.267430
0.376219
0.440919
0.562207
0.637000
0.755313
0.829772
0.937806
0.070013
0.098611
0.207687
0.248643
0.379589
0.436214
0.566589
0.630385
0.757073
0.815049
0.068757
0.110126
0.209436
0.259180
0.361475
0.430275
0.543231
0.616733
0.730923
0.073982
0.088877
0.204218
0.247923
0.373912
0.420525
0.551486
0.601288
0.069089
0.115110
0.196247
0.245370
0.347325
0.411142
0.517079
0.064544
0.083038
0.212892
0.236432
0.363779
0.396484
0.077369
0.098988
0.180408
0.234681
0.322389
0.070013
0.091531
0.207525
0.218925
0.051173
0.087515
0.170087
0.100088
0.062966
0.070275
0.004279
-0.103279
-0.075242
-0.181617
-0.170795
-0.258839
-0.273377
-0.367275
-0.407036
-0.531947
-0.615787
-0.786808
-0.925502
-1.129964
-1.285265
-1.466119
-1.560314
-1.661019
-1.686716
-1.714978
-1.685917
-1.715346
-1.660185
-1.633150
-1.645552
-1.622642
-1.632407
-1.617704
-1.630577
-1.634875
-1.640947
-1.652271
-1.669339
-1.677735
-1.693975
-1.703922
-1.708118
-1.702021
-1.681066
-1.637890
-1.571187
-1.477065
-1.361387
-1.232431
-1.093904
-0.979205
-0.111518
-0.062420
-0.160608
-0.115332
-0.206771
-0.173096
-0.254429
-0.235797
-0.311029
-0.303522
-0.381111
-0.383905
-0.463532
-0.481742
-0.561548
-0.589496
-0.676373
-0.704139
-0.789126
-0.827470
-0.888154
-0.908850
-0.127150
-0.137430
-0.185772
-0.193043
-0.237563
-0.249384
-0.298347
-0.312047
-0.371681
-0.391170
-0.459927
-0.491477
-0.568816
-0.608685
-0.699676
-0.739314
-0.835500
-0.881454
-0.962084
-1.004139
-1.084311
-0.191210
-0.151464
-0.237096
-0.214114
-0.295024
-0.282281
-0.364794
-0.367916
-0.452605
-0.475558
-0.566305
-0.605329
-0.706722
-0.754742
-0.859881
-0.917782
-1.008280
-1.068683
-1.144674
-1.180793
-0.194686
-0.233711
-0.266182
-0.294438
-0.339668
-0.374037
-0.430725
-0.476631
-0.550765
-0.608056
-0.701856
-0.768643
-0.874313
-0.949058
-1.049494
-1.122843
-1.212145
-1.261639
-1.335728
-0.267059
-0.243295
-0.332549
-0.330001
-0.417214
-0.435720
-0.534270
-0.573372
-0.687360
-0.747987
-0.871290
-0.948896
-1.066780
-1.147930
-1.250046
-1.312696
-1.392867
-1.432714
-0.286117
-0.338799
-0.375872
-0.434149
-0.495186
-0.563579
-0.651203
-0.737348
-0.845978
-0.947267
-1.062920
-1.165185
-1.271567
-1.351684
-1.438063
-1.489313
-1.542912
-0.361787
-0.371148
-0.471617
-0.501437
-0.618075
-0.678261
-0.811445
-0.899657
-1.041109
-1.141109
-1.270227
-1.354854
-1.456815
-1.511805
-1.574319
-1.607901
-0.412644
-0.487320
-0.555727
-0.651956
-0.748610
-0.868377
-0.988577
-1.119502
-1.240511
-1.354601
-1.453986
-1.529307
-1.591582
-1.634836
-1.662897
-0.514899
-0.565117
-0.694795
-0.778300
-0.929215
-1.040984
-1.193908
-1.305421
-1.433808
-1.509766
-1.593011
-1.633439
-1.671718
-1.686358
-0.608339
-0.727537
-0.837192
-0.984177
-1.112580
-1.264541
-1.381729
-1.495451
-1.573222
-1.638712
-1.669887
-1.697993
-1.704916
-0.758102
-0.863330
-1.026206
-1.155813
-1.314896
-1.423492
-1.542969
-1.605305
-1.664122
-1.685628
-1.706651
-1.699538
-0.905054
-1.072977
-1.208464
-1.365895
-1.479325
-1.585628
-1.638624
-1.690239
-1.700704
-1.709158
-1.701961
-1.098269
-1.234082
-1.397082
-1.500512
-1.602291
-1.653261
-1.697023
-1.695728
-1.708128
-1.686404
-1.271741
-1.430750
-1.532473
-1.635811
-1.674667
-1.706530
-1.706914
-1.704886
-1.678969
-1.441515
-1.544136
-1.636296
-1.667647
-1.707913
-1.696016
-1.692778
-1.668338
-1.562608
-1.652094
-1.692477
-1.717304
-1.699840
-1.697930
-1.663389
-1.653811
-1.677530
-1.701524
-1.693022
-1.685989
-1.647148
-1.689618
-1.723898
-1.704853
-1.687573
-1.657163
-1.702799
-1.682262
-1.682831
-1.644476
-1.712254
-1.696520
-1.652691
-1.673429
-1.648311
-1.661605
-0.035355
0.074308
0.062622
0.142196
0.149288
0.227685
0.249367
0.331881
0.358894
0.446177
0.479037
0.565345
0.597488
0.685479
0.712091
0.789888
0.818518
0.886067
0.895617
0.971649
0.969321
1.005809
1.014411
1.282110
1.251136
1.251443
1.243921
1.257870
1.249260
1.259300
1.264527
1.273586
1.278035
1.290005
1.296567
1.296700
1.306142
1.295255
1.293324
1.270834
1.261147
1.208503
1.206318
1.112495
1.124379
1.251263
1.262955
1.259079
1.261440
1.257145
1.270836
1.267466
1.277486
1.281408
1.291941
1.288263
1.301376
1.292224
1.292825
1.277936
1.269699
1.229893
1.222326
1.158554
1.132740
1.071159
1.296475
1.286612
1.291752
1.290882
1.295232
1.291511
1.301535
1.300486
1.301382
1.306337
1.301074
1.297241
1.286353
1.277536
1.242504
1.235792
1.177239
1.155044
1.092192
1.050194
1.284841
1.290907
1.285979
1.289889
1.289640
1.295624
1.288154
1.298958
1.288708
1.290309
1.278549
1.274588
1.243866
1.239365
1.191104
1.168600
1.116038
1.075665
1.001475
1.309830
1.304452
1.309941
1.305897
1.304575
1.304833
1.300750
1.293793
1.287281
1.277408
1.252598
1.244612
1.202173
1.180858
1.130013
1.095959
1.021140
0.996378
1.286836
1.288320
1.281796
1.287084
1.277855
1.276815
1.265853
1.262507
1.237181
1.234015
1.194924
1.179195
1.132131
1.104249
1.036243
1.010190
0.921348
1.289233
1.287093
1.283211
1.275720
1.269750
1.260307
1.241037
1.231086
1.199713
1.180067
1.138529
1.110903
1.047879
1.022091
0.938216
0.904274
1.243114
1.238781
1.231122
1.226260
1.206510
1.201329
1.172200
1.157837
1.119045
1.098383
1.040317
1.018659
0.942816
0.910934
0.830957
1.219878
1.212926
1.197499
1.189207
1.165656
1.147682
1.115091
1.092183
1.040895
1.016903
0.949073
0.916245
0.840809
0.801434
1.140492
1.132910
1.113926
1.099450
1.071655
1.053551
1.008448
0.989256
0.929084
0.901482
0.832539
0.798068
0.714505
1.088096
1.076395
1.051405
1.035146
0.994926
0.975284
0.921363
0.893936
0.830504
0.797198
0.718953
0.689413
0.981634
0.965971
0.935814
0.917789
0.875015
0.851536
0.797244
0.769493
0.700267
0.674433
0.590670
0.901997
0.891821
0.852016
0.833817
0.781258
0.758365
0.692583
0.669067
0.589917
0.565921
0.778180
0.758480
0.721519
0.700994
0.649884
0.628125
0.562779
0.541298
0.464669
0.689130
0.682054
0.630029
0.616692
0.551546
0.536976
0.460401
0.446622
0.558729
0.542678
0.500467
0.485347
0.427490
0.412594
0.341228
0.478198
0.478273
0.415128
0.412018
0.337506
0.336018
0.351786
0.346814
0.301912
0.293401
0.230001
0.293957
0.297429
0.226935
0.239982
0.179747
0.191442
0.129016
0.130685
0.156522
0.049034
-0.089931
-0.027084
-0.112592
-0.093685
-0.156388
-0.146077
-0.206694
-0.196427
-0.257494
-0.253215
-0.314491
-0.315373
-0.383862
-0.388565
-0.462188
-0.477653
-0.551346
-0.571576
-0.655460
-0.667567
-0.748121
-0.781137
-0.843430
-0.730563
-0.619161
-0.496041
-0.430643
-0.339911
-0.286873
-0.226415
-0.180095
-0.125915
-0.082825
-0.023058
0.026295
0.098212
0.162973
0.249997
0.332804
0.434211
0.525770
0.643061
0.721166
0.844717
0.907821
1.005727
0.078157
-0.019290
0.105550
0.059316
0.173304
0.148784
0.253099
0.249037
0.351745
0.357561
0.458927
0.475523
0.570511
0.589334
0.682556
0.699359
0.777580
0.801125
0.867235
0.870861
0.949909
0.955990
-0.085086
0.021406
-0.005076
0.082539
0.067916
0.160378
0.158151
0.246814
0.257529
0.348756
0.363110
0.455203
0.475593
0.563149
0.580762
0.669123
0.681811
0.754822
0.776488
0.837258
0.846958
-0.003553
-0.071336
0.038796
-0.003808
0.100946
0.066967
0.174965
0.155905
0.257607
0.253949
0.355013
0.357892
0.455678
0.467499
0.557840
0.567725
0.658949
0.664467
0.744756
0.758241
-0.124294
-0.032899
-0.068225
0.020031
-0.000041
0.089737
0.072283
0.168516
0.160274
0.253931
0.255193
0.350696
0.354519
0.446783
0.458236
0.542466
0.553365
0.636501
0.653338
-0.071155
-0.122951
-0.018267
-0.068223
0.032378
-0.002242
0.098492
0.070016
0.174031
0.157061
0.257146
0.249976
0.350777
0.346745
0.443838
0.446624
0.540669
0.541032
-0.164882
-0.091537
-0.123101
-0.033036
-0.065709
0.024197
0.000571
0.093654
0.072525
0.170199
0.157140
0.251701
0.246387
0.340891
0.340348
0.428375
0.440601
-0.130207
-0.166507
-0.079749
-0.123971
-0.025667
-0.067346
0.029796
-0.002035
0.097698
0.069609
0.172725
0.152811
0.253800
0.239375
0.343131
0.333419
-0.213212
-0.145012
-0.168046
-0.089161
-0.121952
-0.031770
-0.064805
0.026315
-0.000323
0.093716
0.069994
0.166147
0.151107
0.243987
0.236445
-0.184806
-0.215379
-0.136085
-0.170254
-0.083317
-0.123688
-0.027599
-0.066916
0.030466
-0.002970
0.098258
0.066691
0.170667
0.147657
-0.262602
-0.194645
-0.215934
-0.141354
-0.168505
-0.086749
-0.120639
-0.030793
-0.064562
0.026261
-0.002133
0.091874
0.066220
-0.244389
-0.265001
-0.187477
-0.218287
-0.135645
-0.170667
-0.081733
-0.122230
-0.025148
-0.065982
0.032477
-0.003575
-0.316541
-0.249688
-0.263287
-0.189860
-0.215050
-0.136991
-0.167036
-0.084518
-0.119705
-0.029771
-0.065034
-0.307115
-0.317903
-0.242673
-0.264791
-0.183080
-0.216681
-0.130038
-0.167683
-0.077255
-0.119971
-0.381077
-0.307679
-0.312285
-0.242005
-0.258947
-0.183697
-0.212976
-0.133340
-0.165858
-0.377686
-0.379846
-0.297625
-0.312202
-0.233648
-0.258821
-0.174808
-0.212605
-0.450392
-0.371620
-0.369424
-0.294140
-0.304717
-0.235309
-0.255782
-0.460390
-0.444112
-0.357699
-0.366952
-0.281987
-0.302530
-0.527886
-0.447596
-0.426410
-0.352959
-0.360518
-0.542188
-0.514007
-0.427662
-0.419108
-0.617334
-0.519190
-0.494193
-0.625276
-0.597167
-0.684336
0.004208
-0.103201
-0.075285
-0.181568
-0.170833
-0.258790
-0.273417
-0.367231
-0.407063
-0.531912
-0.615806
-0.786775
-0.925518
-1.129939
-1.285278
-1.466108
-1.560333
-1.661023
-1.686748
-1.714982
-1.685927
-1.715338
-1.660189
-1.633142
-1.645544
-1.622635
-1.632391
-1.617697
-1.630556
-1.634870
-1.640920
-1.652268
-1.669304
-1.677734
-1.693932
-1.703924
-1.708065
-1.702029
-1.681001
-1.637904
-1.571112
-1.477088
-1.361297
-1.232473
-1.093787
-0.979262
-0.111515
-0.062472
-0.160625
-0.115386
-0.206768
-0.173169
-0.254425
-0.235858
-0.311034
-0.303589
-0.381106
-0.383983
-0.463532
-0.481817
-0.561554
-0.589575
-0.676382
-0.704219
-0.789141
-0.827551
-0.888178
-0.908924
-0.127167
-0.137354
-0.185768
-0.192983
-0.237559
-0.249311
-0.298354
-0.311975
-0.371678
-0.391102
-0.459927
-0.491399
-0.568821
-0.608605
-0.699680
-0.739232
-0.835506
-0.881368
-0.962093
-1.004043
-1.084334
-0.191205
-0.151525
-0.237092
-0.214163
-0.295030
-0.282333
-0.364790
-0.367976
-0.452603
-0.475613
-0.566307
-0.605389
-0.706725
-0.754803
-0.859889
-0.917843
-1.008295
-1.068741
-1.144702
-1.180842
-0.194683
-0.233648
-0.266187
-0.294377
-0.339663
-0.373981
-0.430722
-0.476566
-0.550766
-0.607990
-0.701854
-0.768576
-0.874315
-0.948986
-1.049499
-1.122766
-1.212156
-1.261552
-1.335744
-0.267065
-0.243337
-0.332544
-0.330050
-0.417212
-0.435762
-0.534271
-0.573416
-0.687358
-0.748033
-0.871293
-0.948940
-1.066786
-1.147974
-1.250059
-1.312736
-1.392887
-1.432753
-0.286111
-0.338753
-0.375867
-0.434094
-0.495184
-0.563524
-0.651197
-0.737292
-0.845974
-0.947206
-1.062919
-1.165122
-1.271568
-1.351615
-1.438068
-1.489241
-1.542916
-0.361784
-0.371181
-0.471618
-0.501472
-0.618071
-0.678297
-0.811444
-0.899689
-1.041110
-1.141142
-1.270231
-1.354884
-1.456824
-1.511833
-1.574329
-1.607928
-0.412641
-0.487276
-0.555718
-0.651911
-0.748603
-0.868326
-0.988572
-1.119450
-1.240507
-1.354546
-1.453984
-1.529248
-1.591579
-1.634775
-1.662896
-0.514895
-0.565146
-0.694792
-0.778325
-0.929214
-1.041009
-1.193908
-1.305445
-1.433811
-1.509788
-1.593014
-1.633459
-1.671723
-1.686376
-0.608330
-0.727495
-0.837184
-0.984135
-1.112571
-1.264499
-1.381724
-1.495406
-1.573218
-1.638664
-1.669881
-1.697942
-1.704911
-0.758100
-0.863350
-1.026202
-1.155833
-1.314898
-1.423512
-1.542973
-1.605325
-1.664124
-1.685643
-1.706653
-1.699551
-0.905040
-1.072945
-1.208455
-1.365862
-1.479319
-1.585596
-1.638622
-1.690203
-1.700698
-1.709117
-1.701952
-1.098268
-1.234095
-1.397086
-1.500532
-1.602297
-1.653285
-1.697029
-1.695741
-1.708127
-1.686413
-1.271726
-1.430733
-1.532468
-1.635792
-1.674677
-1.706512
-1.706909
-1.704854
-1.678959
-1.441522
-1.544155
-1.636301
-1.667693
-1.707933
-1.696032
-1.692776
-1.668343
-1.562601
-1.652081
-1.692520
-1.717318
-1.699837
-1.697905
-1.663378
-1.653822
-1.677596
-1.701566
-1.693035
-1.685984
-1.647151
-1.689643
-1.723917
-1.704847
-1.687553
-1.657150
-1.702819
-1.682275
-1.682824
-1.644477
-1.712247
-1.696507
-1.652679
-1.673425
-1.648311
-1.661595
-0.035392
0.074398
0.062632
0.142260
0.149283
0.227827
0.249325
0.331997
0.358969
0.446243
0.479056
0.565589
0.597429
0.685641
0.712259
0.789969
0.818540
0.886455
0.895521
0.971870
0.969548
1.005955
1.014371
1.282177
1.251061
1.251393
1.243973
1.257822
1.249082
1.259499
1.264345
1.273470
1.278175
1.289916
1.296299
1.297005
1.305896
1.295130
1.293464
1.270760
1.260838
1.208793
1.206063
1.112367
1.124394
1.251209
1.263073
1.259039
1.261411
1.257283
1.270844
1.267318
1.277805
1.281260
1.291931
1.288444
1.301426
1.291975
1.293281
1.277715
1.269759
1.230018
1.222487
1.158262
1.133239
1.070981
1.296493
1.286471
1.291884
1.290754
1.295139
1.291605
1.301464
1.300261
1.301622
1.306133
1.300946
1.297373
1.286279
1.277252
1.242783
1.235563
1.177120
1.155105
1.092171
1.049846
1.284910
1.290932
1.285879
1.290108
1.289554
1.295608
1.288313
1.298996
1.288516
1.290685
1.278383
1.274613
1.244009
1.239479
1.190845
1.169041
1.115865
1.075751
1.001567
1.309781
1.304484
1.309910
1.305719
1.304744
1.304676
1.300634
1.293897
1.287211
1.277161
1.252835
1.244412
1.202053
1.180934
1.129988
1.095652
1.021378
0.996154
1.286805
1.288307
1.281905
1.287122
1.277720
1.277100
1.265743
1.262515
1.237324
1.234099
1.194715
1.179572
1.131987
1.104299
1.036342
1.010356
0.921124
1.289331
1.286988
1.283126
1.275780
1.269696
1.260106
1.241214
1.230922
1.199595
1.180139
1.138491
1.110638
1.048092
1.021898
0.938127
0.904261
1.243033
1.238965
1.231062
1.226263
1.206628
1.201394
1.172047
1.158140
1.118942
1.098412
1.040425
1.018784
0.942622
0.911270
0.830859
1.219848
1.212780
1.197612
1.189084
1.165555
1.147733
1.115047
1.091965
1.041061
1.016741
0.948980
0.916252
0.840818
0.801165
1.140570
1.132960
1.113828
1.099672
1.071591
1.053572
1.008551
0.989352
0.928937
0.901763
0.832463
0.798122
0.714570
1.088024
1.076421
1.051364
1.034981
0.995038
0.975155
0.921272
0.893947
0.830492
0.796976
0.719092
0.689259
0.981600
0.965988
0.935897
0.917861
0.874917
0.851758
0.797195
0.769533
0.700339
0.674559
0.590544
0.902060
0.891727
0.851940
0.833822
0.781230
0.758190
0.692681
0.668940
0.589853
0.565882
0.778124
0.758637
0.721493
0.701028
0.649956
0.628221
0.562692
0.541499
0.464638
0.689100
0.681931
0.630086
0.616592
0.551481
0.536948
0.460398
0.446453
0.558785
0.542748
0.500418
0.485504
0.427477
0.412648
0.341272
0.478146
0.478251
0.415107
0.411889
0.337552
0.335923
0.351783
0.346862
0.301961
0.293492
0.229958
0.293977
0.297352
0.226889
0.239940
0.179732
0.191560
0.129018
0.130660
0.156432
0.049060
-0.089933
-0.027017
-0.112584
-0.093601
-0.156402
-0.145992
-0.206691
-0.196357
-0.257493
-0.253127
-0.314502
-0.315285
-0.383863
-0.388480
-0.462191
-0.477558
-0.551353
-0.571478
-0.655468
-0.667465
-0.748130
-0.781031
-0.843440
-0.730676
-0.619028
-0.496159
-0.430516
-0.340042
-0.286734
-0.226551
-0.179956
-0.126062
-0.082646
-0.023257
0.026508
0.098033
0.163132
0.249841
0.333043
0.433901
0.526122
0.642813
0.721334
0.844603
0.908143
1.005280
0.078114
-0.019314
0.105486
0.059338
0.173188
0.148777
0.253042
0.248967
0.351629
0.357596
0.458718
0.475475
0.570451
0.589180
0.682370
0.699421
0.777266
0.801030
0.867185
0.870643
0.949643
0.956114
-0.085093
0.021510
-0.005108
0.082642
0.067944
0.160452
0.158166
0.246986
0.257494
0.348903
0.363210
0.455291
0.475628
0.563437
0.580701
0.669329
0.681977
0.754943
0.776491
0.837703
0.846797
-0.003633
-0.071335
0.038740
-0.003843
0.100863
0.066982
0.174816
0.155887
0.257528
0.253856
0.354868
0.357922
0.455427
0.467449
0.557746
0.567572
0.658726
0.664555
0.744388
0.758206
-0.124290
-0.032828
-0.068220
0.020153
-0.000064
0.089862
0.072330
0.168608
0.160305
0.254138
0.255161
0.350881
0.354625
0.446904
0.458265
0.542798
0.553272
0.636762
0.653451
-0.071217
-0.122945
-0.018368
-0.068228
0.032301
-0.002293
0.098384
0.070024
0.173847
0.157037
0.257036
0.249876
0.350599
0.346786
0.443543
0.446605
0.540533
0.540917
-0.164897
-0.091439
-0.123086
-0.032951
-0.065691
0.024343
0.000554
0.093809
0.072582
0.170318
0.157174
0.251945
0.246342
0.341116
0.340429
0.428532
0.440601
-0.130274
-0.166529
-0.079830
-0.123971
-0.025797
-0.067356
0.029692
-0.002094
0.097560
0.069618
0.172502
0.152798
0.253656
0.239294
0.342924
0.333483
-0.213203
-0.144910
-0.168055
-0.089041
-0.121927
-0.031662
-0.064779
0.026492
-0.000342
0.093904
0.070045
0.166297
0.151125
0.244258
0.236380
-0.184896
-0.215381
-0.136174
-0.170284
-0.083423
-0.123692
-0.027761
-0.066926
0.030331
-0.003025
0.098090
0.066715
0.170421
0.147660
-0.262595
-0.194558
-0.215920
-0.141229
-0.168511
-0.086602
-0.120612
-0.030659
-0.064540
0.026466
-0.002164
0.092082
0.066257
-0.244469
-0.265005
-0.187592
-0.218292
-0.135760
-0.170699
-0.081868
-0.122230
-0.025338
-0.065983
0.032323
-0.003618
-0.316545
-0.249580
-0.263277
-0.189749
-0.215035
-0.136840
-0.167045
-0.084346
-0.119684
-0.029620
-0.065023
-0.307204
-0.317918
-0.242778
-0.264796
-0.183222
-0.216686
-0.130177
-0.167712
-0.077407
-0.119962
-0.381073
-0.307570
-0.312289
-0.241874
-0.258937
-0.183564
-0.212964
-0.133173
-0.165877
-0.377785
-0.379850
-0.297738
-0.312219
-0.233776
-0.258827
-0.174967
-0.212603
-0.450394
-0.371513
-0.369421
-0.294009
-0.304721
-0.235161
-0.255778
-0.460488
-0.444118
-0.357820
-0.366959
-0.282118
-0.302544
-0.527894
-0.447482
-0.426411
-0.352832
-0.360517
-0.542288
-0.514017
-0.427782
-0.419118
-0.617349
-0.519071
-0.494197
-0.625374
-0.597185
-0.684355
-0.089934
-0.027019
-0.112584
-0.093602
-0.156402
-0.145992
-0.206691
-0.196357
-0.257493
-0.253127
-0.314502
-0.315285
-0.383863
-0.388480
-0.462192
-0.477558
-0.551354
-0.571479
-0.655469
-0.667465
-0.748131
-0.781032
-0.843441
-1.661599
-1.648317
-1.652686
-1.644484
-1.657157
-1.647157
-1.663382
-1.668346
-1.678960
-1.686414
-1.701954
-1.699552
-1.704912
-1.686378
-1.662898
-1.607931
-1.542919
-1.432755
-1.335747
-1.180843
-1.084335
-0.908924
-1.673428
-1.696510
-1.682829
-1.687558
-1.685987
-1.697904
-1.692774
-1.704852
-1.708127
-1.709116
-1.706654
-1.697943
-1.671725
-1.634778
-1.574332
-1.489245
-1.392891
-1.261555
-1.144705
-1.004045
-0.888179
-1.712241
-1.682265
-1.704833
-1.693017
-1.699817
-1.696016
-1.706900
-1.695736
-1.700696
-1.685642
-1.669882
-1.633461
-1.591582
-1.511837
-1.438072
-1.312740
-1.212160
-1.068744
-0.962096
-0.827552
-1.702792
-1.723868
-1.701496
-1.717255
-1.707896
-1.706494
-1.697021
-1.690200
-1.664124
-1.638666
-1.593017
-1.529252
-1.456828
-1.351620
-1.250064
-1.122770
-1.008298
-0.881370
-0.789143
-1.689608
-1.677545
-1.692475
-1.667671
-1.674668
-1.653279
-1.638619
-1.605325
-1.573219
-1.509792
-1.453989
-1.354889
-1.271573
-1.147979
-1.049503
-0.917847
-0.835509
-0.704220
-1.653826
-1.652101
-1.636325
-1.635806
-1.602303
-1.585600
-1.542975
-1.495411
-1.433816
-1.354552
-1.270237
-1.165128
-1.066792
-0.948991
-0.859893
-0.739234
-0.676383
-1.562611
-1.544164
-1.532475
-1.500539
-1.479327
-1.423518
-1.381730
-1.305452
-1.240513
-1.141148
-1.062925
-0.948946
-0.874319
-0.754807
-0.699682
-0.589576
-1.441526
-1.430738
-1.397095
-1.365871
-1.314906
-1.264507
-1.193915
-1.119458
-1.041117
-0.947212
-0.871298
-0.768580
-0.706728
-0.608607
-0.561555
-1.271740
-1.234108
-1.208465
-1.155843
-1.112580
-1.041018
-0.988579
-0.899696
-0.845980
-0.748038
-0.701858
-0.605392
-0.568823
-0.481818
-1.098276
-1.072953
-1.026212
-0.984143
-0.929222
-0.868333
-0.811450
-0.737298
-0.687363
-0.607993
-0.566310
-0.491401
-0.463532
-0.905050
-0.863359
-0.837192
-0.778332
-0.748609
-0.678302
-0.651201
-0.573420
-0.550769
-0.475615
-0.459928
-0.383983
-0.758107
-0.727502
-0.694799
-0.651917
-0.618075
-0.563528
-0.534275
-0.476569
-0.452605
-0.391103
-0.381106
-0.608335
-0.565152
-0.555723
-0.501476
-0.495187
-0.435765
-0.430724
-0.367977
-0.371678
-0.303590
-0.514899
-0.487279
-0.471621
-0.434096
-0.417214
-0.373983
-0.364791
-0.311976
-0.311035
-0.412644
-0.371183
-0.375869
-0.330052
-0.339664
-0.282334
-0.298354
-0.235858
-0.361787
-0.338755
-0.332545
-0.294378
-0.295031
-0.249311
-0.254426
-0.286112
-0.243338
-0.266188
-0.214164
-0.237560
-0.173169
-0.267066
-0.233649
-0.237093
-0.192984
-0.206768
-0.194684
-0.151526
-0.185768
-0.115386
-0.191206
-0.137355
-0.160625
-0.127168
-0.062473
-0.111516
0.088084
0.073327
0.206327
0.208928
0.342992
0.387392
0.520776
0.589148
0.726066
0.801490
0.931689
0.996677
1.105300
1.151015
1.225100
1.247070
1.290127
1.287378
1.307406
1.287605
1.296593
1.257639
1.250477
1.221925
1.200713
1.214148
1.219755
1.207350
1.215462
1.219621
1.228231
1.232576
1.250630
1.256916
1.271875
1.281209
1.294100
1.292642
1.303332
1.289864
1.284867
1.261705
1.240954
1.195868
1.173785
1.093454
0.049059
0.156431
0.129016
0.239939
0.229957
0.335923
0.341272
0.446453
0.464638
0.565883
0.590545
0.689259
0.714571
0.801166
0.830860
0.904262
0.921125
0.996154
1.001568
1.049847
1.070981
1.124395
0.130659
0.191559
0.226888
0.293491
0.337551
0.412647
0.460398
0.541500
0.589853
0.674560
0.719093
0.798123
0.840819
0.911271
0.938128
1.010358
1.021379
1.075752
1.092172
1.133240
1.112367
0.179730
0.297351
0.301960
0.411888
0.427477
0.536948
0.562693
0.668941
0.700340
0.796977
0.832465
0.916253
0.942624
1.021899
1.036344
1.095653
1.115866
1.155106
1.158263
1.206064
0.293976
0.346862
0.415107
0.485505
0.551481
0.628222
0.692682
0.769535
0.830493
0.901765
0.948982
1.018786
1.048093
1.104301
1.129989
1.169042
1.177121
1.222488
1.208793
0.351783
0.478251
0.500419
0.616593
0.649957
0.758191
0.797197
0.893949
0.928939
1.016743
1.040427
1.110640
1.131989
1.180935
1.190847
1.235564
1.230018
1.260839
0.478146
0.542748
0.630088
0.701029
0.781232
0.851760
0.921274
0.989354
1.041063
1.098414
1.138493
1.179574
1.202055
1.239481
1.242784
1.269761
1.270761
0.558786
0.681932
0.721495
0.833824
0.874920
0.975157
1.008554
1.091967
1.118945
1.180141
1.194717
1.244414
1.244011
1.277253
1.277717
1.293465
0.689102
0.758639
0.851942
0.917864
0.995040
1.053575
1.115049
1.158143
1.199598
1.234101
1.252836
1.274614
1.286280
1.293282
1.295131
0.778126
0.891730
0.935900
1.034984
1.071594
1.147736
1.172050
1.230924
1.237326
1.277163
1.278385
1.297374
1.291976
1.305897
0.902063
0.965991
1.051367
1.099675
1.165558
1.201397
1.241217
1.262517
1.287213
1.290687
1.300947
1.301427
1.297006
0.981603
1.076424
1.113831
1.189087
1.206631
1.260108
1.265745
1.293900
1.288518
1.306134
1.288446
1.296300
1.088027
1.132963
1.197616
1.226266
1.269699
1.277102
1.300636
1.298999
1.301624
1.291933
1.289917
1.140573
1.212783
1.231065
1.275783
1.277723
1.304678
1.288315
1.300263
1.281262
1.278176
1.219852
1.238968
1.283129
1.287124
1.304747
1.295610
1.301466
1.277807
1.273472
1.243037
1.286991
1.281908
1.305722
1.289556
1.291608
1.267319
1.264347
1.289334
1.288310
1.309912
1.290111
1.295141
1.270846
1.259501
1.286807
1.304486
1.285881
1.290756
1.257285
1.249084
1.309784
1.290935
1.291886
1.261413
1.257824
1.284912
1.286474
1.259041
1.243975
1.296495
1.263075
1.251394
1.251211
1.251063
1.282179
-0.035393
0.074397
0.062631
0.142259
0.149282
0.227826
0.249324
0.331997
0.358969
0.446243
0.479056
0.565589
0.597430
0.685642
0.712259
0.789970
0.818540
0.886456
0.895521
0.971870
0.969548
1.005956
1.014371
-0.684355
-0.597185
-0.494198
-0.419118
-0.360517
-0.302544
-0.255778
-0.212602
-0.165876
-0.119962
-0.065023
-0.003618
0.066257
0.147660
0.236380
0.333483
0.440601
0.540917
0.653451
0.758206
0.846797
0.956114
-0.625375
-0.519072
-0.427782
-0.352832
-0.282118
-0.235161
-0.174966
-0.133172
-0.077407
-0.029620
0.032323
0.092082
0.170421
0.244258
0.342923
0.428532
0.540533
0.636762
0.744388
0.837703
0.949643
-0.617349
-0.514017
-0.426411
-0.366959
-0.304721
-0.258826
-0.212963
-0.167711
-0.119684
-0.065983
-0.002164
0.066715
0.151125
0.239294
0.340429
0.446605
0.553272
0.664555
0.776491
0.870643
-0.542288
-0.447482
-0.357820
-0.294009
-0.233776
-0.183564
-0.130177
-0.084346
-0.025338
0.026466
0.098090
0.166297
0.253655
0.341116
0.443543
0.542798
0.658726
0.754944
0.867186
-0.527895
-0.444118
-0.369421
-0.312218
-0.258937
-0.216685
-0.167045
-0.122230
-0.064540
-0.003025
0.070045
0.152798
0.246341
0.346786
0.458265
0.567572
0.681977
0.801030
-0.460488
-0.371513
-0.297738
-0.241873
-0.183221
-0.136839
-0.081868
-0.030659
0.030331
0.093904
0.172502
0.251945
0.350599
0.446904
0.557747
0.669330
0.777266
-0.450394
-0.379850
-0.312289
-0.264796
-0.215034
-0.170699
-0.120612
-0.066925
-0.000342
0.069618
0.157174
0.249876
0.354625
0.467450
0.580702
0.699421
-0.377785
-0.307570
-0.242778
-0.189748
-0.135760
-0.086601
-0.027761
0.026492
0.097559
0.170318
0.257036
0.350881
0.455427
0.563437
0.682370
-0.381073
-0.317917
-0.263276
-0.218291
-0.168511
-0.123692
-0.064780
-0.002094
0.072582
0.157037
0.255160
0.357922
0.475628
0.589181
-0.307203
-0.249579
-0.187592
-0.141229
-0.083423
-0.031662
0.029692
0.093809
0.173846
0.254138
0.354868
0.455292
0.570451
-0.316545
-0.265005
-0.215920
-0.170284
-0.121927
-0.067356
0.000554
0.070023
0.160304
0.253856
0.363210
0.475475
-0.244468
-0.194558
-0.136173
-0.089041
-0.025797
0.024343
0.098384
0.168608
0.257528
0.348903
0.458718
-0.262594
-0.215380
-0.168055
-0.123971
-0.065691
-0.002293
0.072330
0.155886
0.257493
0.357596
-0.184896
-0.144910
-0.079830
-0.032951
0.032301
0.089862
0.174815
0.246986
0.351628
-0.213203
-0.166529
-0.123086
-0.068228
-0.000065
0.066981
0.158165
0.248966
-0.130274
-0.091439
-0.018368
0.020153
0.100862
0.160451
0.253041
-0.164898
-0.122945
-0.068221
-0.003844
0.067943
0.148776
-0.071218
-0.032829
0.038739
0.082641
0.173187
-0.124290
-0.071336
-0.005109
0.059337
-0.003634
0.021509
0.105484
-0.085094
-0.019315
0.078113
-1.633145
-1.645547
-1.622638
-1.632402
-1.617700
-1.630573
-1.634872
-1.640944
-1.652268
-1.669336
-1.677733
-1.693973
-1.703920
-1.708116
-1.702020
-1.681065
-1.637889
-1.571187
-1.477064
-1.361387
-1.232431
-1.093904
-0.979205
-1.577030
-1.601425
-1.574160
-1.584804
-1.584190
-1.584701
-1.593510
-1.610593
-1.617108
-1.640070
-1.656014
-1.677332
-1.688991
-1.707032
-1.699987
-1.696324
-1.649217
-1.600797
-1.498449
-1.400943
-1.250879
-1.126057
-1.558363
-1.564928
-1.559616
-1.549898
-1.554930
-1.567188
-1.567926
-1.588014
-1.604082
-1.623562
-1.643274
-1.668732
-1.685221
-1.702699
-1.705853
-1.698353
-1.662276
-1.606723
-1.513344
-1.396876
-1.250879
-1.540871
-1.506423
-1.512092
-1.515862
-1.509634
-1.524710
-1.538288
-1.553551
-1.573967
-1.602591
-1.623417
-1.653520
-1.674862
-1.698769
-1.702923
-1.704578
-1.664628
-1.619044
-1.513343
-1.400943
-1.488332
-1.500771
-1.472837
-1.487245
-1.491190
-1.500584
-1.515102
-1.541398
-1.558861
-1.589774
-1.616422
-1.647100
-1.670871
-1.696119
-1.703458
-1.702067
-1.664627
-1.606722
-1.498449
-1.451013
-1.440572
-1.449657
-1.440261
-1.454571
-1.471698
-1.487201
-1.513673
-1.542505
-1.573629
-1.604288
-1.640417
-1.666500
-1.695612
-1.703458
-1.704578
-1.662276
-1.600796
-1.427494
-1.419575
-1.412040
-1.431302
-1.430137
-1.455793
-1.475931
-1.506022
-1.532820
-1.571780
-1.601279
-1.640122
-1.666500
-1.696119
-1.702923
-1.698353
-1.649217
-1.387736
-1.385272
-1.384754
-1.391053
-1.413504
-1.430177
-1.459239
-1.492130
-1.526604
-1.564295
-1.601278
-1.640417
-1.670871
-1.698768
-1.705852
-1.696324
-1.360964
-1.366480
-1.368748
-1.385139
-1.396681
-1.431629
-1.454596
-1.494726
-1.526604
-1.571780
-1.604287
-1.647099
-1.674861
-1.702698
-1.699986
-1.343777
-1.337603
-1.349097
-1.365611
-1.390846
-1.416519
-1.454596
-1.492130
-1.532819
-1.573628
-1.616421
-1.653519
-1.685220
-1.707031
-1.323550
-1.339599
-1.343828
-1.369425
-1.390846
-1.431628
-1.459238
-1.506021
-1.542503
-1.589773
-1.623416
-1.668730
-1.688989
-1.318003
-1.320823
-1.343827
-1.365611
-1.396680
-1.430176
-1.475930
-1.513672
-1.558860
-1.602589
-1.643272
-1.677330
-1.318002
-1.339599
-1.349095
-1.385138
-1.413503
-1.455791
-1.487199
-1.541396
-1.573965
-1.623560
-1.656012
-1.323550
-1.337601
-1.368747
-1.391052
-1.430136
-1.471696
-1.515101
-1.553549
-1.604079
-1.640068
-1.343776
-1.366478
-1.384753
-1.431300
-1.454569
-1.500581
-1.538286
-1.588011
-1.617105
-1.360962
-1.385270
-1.412037
-1.440259
-1.491187
-1.524708
-1.567923
-1.610590
-1.387734
-1.419573
-1.449654
-1.487242
-1.509631
-1.567185
-1.593507
-1.427491
-1.440569
-1.472833
-1.515858
-1.554927
-1.584698
-1.451010
-1.500768
-1.512089
-1.549895
-1.584187
-1.488328
-1.506419
-1.559612
-1.584800
-1.540867
-1.564924
-1.574156
-1.558359
-1.601421
-1.577026
-1.612471
-1.616915
-1.528987
-1.511480
-1.474365
-1.442061
-1.394901
-1.385316
-1.341961
-1.336246
-1.315082
-1.318895
-1.315083
-1.336246
-1.341963
-1.385317
-1.394903
-1.442065
-1.474369
-1.511485
-1.528992
-1.616919
-1.612476
-1.633147
-1.645549
-1.622641
-1.632398
-1.617704
-1.630562
-1.634876
-1.640924
-1.652272
-1.669307
-1.677737
-1.693934
-1.703925
-1.708067
-1.702031
-1.681003
-1.637907
-1.571114
-1.477090
-1.361298
-1.232474
-1.093788
-0.979262
-1.577029
-1.601416
-1.574160
-1.584794
-1.584191
-1.584691
-1.593513
-1.610583
-1.617112
-1.640061
-1.656021
-1.677323
-1.689002
-1.707026
-1.700004
-1.696323
-1.649242
-1.600802
-1.498487
-1.400954
-1.250930
-1.126080
-1.558357
-1.564919
-1.559610
-1.549884
-1.554926
-1.567167
-1.567923
-1.587986
-1.604080
-1.623526
-1.643275
-1.668687
-1.685226
-1.702644
-1.705863
-1.698287
-1.662296
-1.606642
-1.513378
-1.396781
-1.250930
-1.540869
-1.506417
-1.512092
-1.515854
-1.509635
-1.524702
-1.538291
-1.553542
-1.573971
-1.602582
-1.623424
-1.653512
-1.674872
-1.698762
-1.702940
-1.704575
-1.664652
-1.619048
-1.513379
-1.400955
-1.488327
-1.500762
-1.472833
-1.487231
-1.491187
-1.500563
-1.515102
-1.541370
-1.558862
-1.589739
-1.616426
-1.647055
-1.670879
-1.696063
-1.703473
-1.702000
-1.664653
-1.606643
-1.498489
-1.451012
-1.440567
-1.449657
-1.440255
-1.454573
-1.471691
-1.487204
-1.513665
-1.542509
-1.573621
-1.604295
-1.640409
-1.666510
-1.695606
-1.703473
-1.704576
-1.662298
-1.600803
-1.427490
-1.419567
-1.412038
-1.431287
-1.430137
-1.455773
-1.475932
-1.505995
-1.532823
-1.571745
-1.601285
-1.640077
-1.666511
-1.696063
-1.702941
-1.698288
-1.649243
-1.387736
-1.385268
-1.384755
-1.391048
-1.413506
-1.430171
-1.459242
-1.492123
-1.526609
-1.564288
-1.601286
-1.640410
-1.670880
-1.698763
-1.705864
-1.696325
-1.360962
-1.366472
-1.368748
-1.385126
-1.396682
-1.431609
-1.454599
-1.494699
-1.526609
-1.571745
-1.604296
-1.647056
-1.674874
-1.702646
-1.700005
-1.343777
-1.337599
-1.349097
-1.365607
-1.390848
-1.416514
-1.454599
-1.492124
-1.532824
-1.573622
-1.616428
-1.653514
-1.685227
-1.707027
-1.323550
-1.339593
-1.343829
-1.369412
-1.390849
-1.431610
-1.459243
-1.505996
-1.542511
-1.589740
-1.623426
-1.668689
-1.689004
-1.318003
-1.320822
-1.343829
-1.365607
-1.396683
-1.430172
-1.475934
-1.513667
-1.558865
-1.602584
-1.643277
-1.677325
-1.318003
-1.339593
-1.349098
-1.385127
-1.413507
-1.455774
-1.487206
-1.541373
-1.573974
-1.623529
-1.656023
-1.323551
-1.337601
-1.368749
-1.391050
-1.430139
-1.471693
-1.515104
-1.553545
-1.604083
-1.640064
-1.343778
-1.366474
-1.384756
-1.431290
-1.454575
-1.500566
-1.538294
-1.587990
-1.617116
-1.360964
-1.385270
-1.412040
-1.440257
-1.491191
-1.524706
-1.567927
-1.610587
-1.387738
-1.419570
-1.449660
-1.487234
-1.509639
-1.567171
-1.593517
-1.427493
-1.440571
-1.472837
-1.515858
-1.554931
-1.584696
-1.451015
-1.500766
-1.512096
-1.549889
-1.584197
-1.488331
-1.506421
-1.559615
-1.584800
-1.540874
-1.564924
-1.574166
-1.558362
-1.601422
-1.577034
1.225939
1.169739
1.176023
1.112837
1.101329
1.040276
1.023004
0.971924
0.952384
0.914957
0.912872
0.891427
0.912873
0.914957
0.952384
0.971926
1.023005
1.040278
1.101331
1.112839
1.176025
1.169741
1.225941
1.221899
1.200739
1.214061
1.219757
1.207433
1.215247
1.219722
1.228257
1.232399
1.250622
1.257124
1.271464
1.281420
1.294089
1.292461
1.303256
1.290158
1.284344
1.261972
1.240827
1.195781
1.173541
1.093770
1.213568
1.218205
1.184465
1.198857
1.193367
1.200931
1.199523
1.218082
1.223091
1.237934
1.253086
1.266659
1.278591
1.290456
1.300229
1.295297
1.302723
1.278372
1.274346
1.228911
1.210625
1.143208
1.165689
1.154003
1.159849
1.150648
1.152097
1.163601
1.168604
1.181300
1.197984
1.215400
1.230079
1.252984
1.267056
1.282051
1.294127
1.300127
1.296679
1.292504
1.271960
1.251423
1.210626
1.138498
1.146675
1.119260
1.139961
1.127941
1.143286
1.151811
1.170753
1.182277
1.208026
1.225375
1.244890
1.266464
1.279680
1.293598
1.296006
1.300766
1.282018
1.271960
1.228911
1.102506
1.090605
1.091081
1.083337
1.098702
1.105172
1.120192
1.142017
1.163356
1.184988
1.212341
1.235833
1.256617
1.277565
1.292251
1.298258
1.300766
1.292504
1.274346
1.067679
1.070334
1.056539
1.071704
1.066155
1.094281
1.104156
1.130949
1.154336
1.184078
1.205828
1.235398
1.257733
1.274687
1.292251
1.296006
1.296679
1.278373
1.033215
1.019337
1.020805
1.025669
1.042801
1.055007
1.085998
1.110074
1.140063
1.171438
1.203193
1.228126
1.257733
1.277565
1.293598
1.300127
1.302724
0.993723
1.002088
0.992423
1.010231
1.021206
1.053616
1.071684
1.112767
1.139051
1.173845
1.203193
1.235398
1.256617
1.279681
1.294128
1.295298
0.963348
0.953451
0.967097
0.977586
1.002900
1.030928
1.068084
1.097072
1.139051
1.171438
1.205829
1.235833
1.266464
1.282052
1.300230
0.935426
0.946121
0.945683
0.978215
0.997893
1.037135
1.068085
1.112768
1.140064
1.184079
1.212342
1.244891
1.267057
1.290457
0.912069
0.917015
0.938690
0.957974
0.997893
1.030929
1.071685
1.110075
1.154336
1.184989
1.225376
1.252984
1.278592
0.903883
0.922778
0.938690
0.978217
1.002900
1.053617
1.085999
1.130949
1.163357
1.208026
1.230080
1.266661
0.903884
0.917016
0.945684
0.977587
1.021207
1.055007
1.104157
1.142017
1.182278
1.215401
1.253088
0.912070
0.946121
0.967098
1.010231
1.042801
1.094282
1.120192
1.170754
1.197985
1.237935
0.935426
0.953452
0.992423
1.025670
1.066156
1.105173
1.151812
1.181301
1.223093
0.963349
1.002089
1.020805
1.071706
1.098703
1.143288
1.168605
1.218084
0.993724
1.019338
1.056542
1.083338
1.127943
1.163603
1.199525
1.033216
1.070336
1.091082
1.139963
1.152098
1.200932
1.067680
1.090607
1.119261
1.150650
1.193369
1.102508
1.146676
1.159851
1.198859
1.138499
1.154005
1.184467
1.165690
1.218207
1.213570
1.221923
1.200711
1.214146
1.219753
1.207348
1.215461
1.219620
1.228229
1.232575
1.250629
1.256915
1.271873
1.281207
1.294099
1.292642
1.303331
1.289863
1.284867
1.261704
1.240954
1.195868
1.173785
1.093454
1.213555
1.218201
1.184363
1.198979
1.193244
1.200853
1.199632
1.218006
1.222871
1.238209
1.252859
1.266540
1.278760
1.290365
1.299930
1.295648
1.302440
1.278264
1.274466
1.228835
1.210300
1.143482
1.165694
1.154078
1.159820
1.150624
1.152226
1.163592
1.168463
1.181612
1.197817
1.215381
1.230274
1.253001
1.266792
1.282538
1.293858
1.300180
1.296836
1.292620
1.271639
1.252006
1.210300
1.138453
1.146650
1.119299
1.139920
1.127795
1.143480
1.151638
1.170655
1.182428
1.207933
1.225114
1.245228
1.266193
1.279569
1.293770
1.295915
1.300449
1.282384
1.271639
1.228835
1.102552
1.090600
1.091027
1.083505
1.098608
1.105147
1.120351
1.142005
1.163151
1.185386
1.212108
1.235833
1.256808
1.277602
1.291949
1.298799
1.300449
1.292620
1.274466
1.067633
1.070405
1.056450
1.071651
1.066248
1.094212
1.103964
1.131211
1.154115
1.183974
1.206008
1.235298
1.257447
1.275062
1.291949
1.295915
1.296836
1.278263
1.033209
1.019327
1.020889
1.025655
1.042681
1.055266
1.085833
1.110051
1.140239
1.171430
1.202937
1.228591
1.257447
1.277601
1.293770
1.300179
1.302440
0.993732
1.002063
0.992328
1.010373
1.021066
1.053539
1.071824
1.112680
1.138826
1.174166
1.202937
1.235298
1.256807
1.279569
1.293857
1.295647
0.963333
0.953542
0.967025
0.977566
1.003015
1.030909
1.067905
1.097415
1.138826
1.171429
1.206007
1.235833
1.266193
1.282538
1.299929
0.935390
0.946091
0.945746
0.978164
0.997757
1.037350
1.067904
1.112679
1.140238
1.183973
1.212107
1.245227
1.266791
1.290364
0.912097
0.917005
0.938607
0.958157
0.997756
1.030908
1.071823
1.110050
1.154114
1.185385
1.225114
1.253000
1.278760
0.903852
0.922852
0.938607
0.978162
1.003014
1.053538
1.085832
1.131211
1.163150
1.207932
1.230273
1.266539
0.903852
0.917004
0.945745
0.977565
1.021065
1.055265
1.103964
1.142004
1.182428
1.215380
1.252858
0.912096
0.946091
0.967023
1.010373
1.042681
1.094212
1.120351
1.170654
1.197816
1.238208
0.935389
0.953541
0.992328
1.025655
1.066247
1.105146
1.151636
1.181611
1.222870
0.963332
1.002062
1.020889
1.071649
1.098606
1.143478
1.168461
1.218004
0.993731
1.019326
1.056448
1.083504
1.127793
1.163591
1.199630
1.033208
1.070403
1.091026
1.139918
1.152225
1.200851
1.067632
1.090598
1.119298
1.150623
1.193242
1.102551
1.146648
1.159819
1.198977
1.138452
1.154076
1.184362
1.165692
1.218199
1.213553

