Tension at each vertex
-0.016658
-0.016659
-0.016579
-0.016586
-1.834768
1.378156
-1.834768
1.378156
-0.965226
-0.965156
1.048603
1.049459
0.022904
-0.172890
-0.109433
-0.283663
-0.260084
-0.399133
-0.413063
-0.540317
-0.574238
-0.711538
-0.775518
-0.930950
-1.032970
-1.208173
-1.326103
-1.492720
-1.578506
-1.699045
-1.733160
-1.797195
-1.784495
-1.842847
-1.800245
-0.031476
-0.151260
-0.177703
-0.260029
-0.310792
-0.392324
-0.442770
-0.540382
-0.599996
-0.711047
-0.797826
-0.934775
-1.054349
-1.216471
-1.348214
-1.495788
-1.598693
-1.688426
-1.746109
-1.782630
-1.803043
-1.782466
-0.003836
-0.189843
-0.149837
-0.304719
-0.286890
-0.434259
-0.436415
-0.573353
-0.606197
-0.747355
-0.812956
-0.975261
-1.074088
-1.252382
-1.363418
-1.521452
-1.602015
-1.711643
-1.740098
-1.805588
-1.803045
-0.058963
-0.127555
-0.189750
-0.262026
-0.319890
-0.397461
-0.463228
-0.549737
-0.624142
-0.733407
-0.828194
-0.967296
-1.091523
-1.249396
-1.378819
-1.516345
-1.606919
-1.696830
-1.740093
-1.782630
-0.044437
-0.190189
-0.161271
-0.317546
-0.304549
-0.447892
-0.454395
-0.596304
-0.626516
-0.774906
-0.839653
-1.003526
-1.102598
-1.277661
-1.382636
-1.536411
-1.606923
-1.711644
-1.746112
-0.038170
-0.141857
-0.190558
-0.263196
-0.330049
-0.405061
-0.474736
-0.560871
-0.640960
-0.746534
-0.847954
-0.984669
-1.107946
-1.263078
-1.382630
-1.516344
-1.602009
-1.688426
-0.056931
-0.179222
-0.184267
-0.320419
-0.317908
-0.459320
-0.469079
-0.608978
-0.641635
-0.788980
-0.851249
-1.014647
-1.107952
-1.277662
-1.378823
-1.521454
-1.598696
-0.054019
-0.142066
-0.187587
-0.273535
-0.332812
-0.411180
-0.481852
-0.566143
-0.645941
-0.752032
-0.851242
-0.984669
-1.102590
-1.249395
-1.363410
-1.495787
-0.050651
-0.189069
-0.192077
-0.320687
-0.331502
-0.461620
-0.477908
-0.614424
-0.645947
-0.788983
-0.847959
-1.003531
-1.091526
-1.252386
-1.348216
-0.059414
-0.135267
-0.195334
-0.274136
-0.332790
-0.416332
-0.477907
-0.566145
-0.641630
-0.746535
-0.839645
-0.967295
-1.074078
-1.216468
-0.057872
-0.190565
-0.193395
-0.325349
-0.332794
-0.461626
-0.481859
-0.608990
-0.640966
-0.774917
-0.828199
-0.975269
-1.054351
-0.057537
-0.137925
-0.193393
-0.274137
-0.331501
-0.411191
-0.469079
-0.560878
-0.626512
-0.733409
-0.812946
-0.934774
-0.057537
-0.190563
-0.195326
-0.320696
-0.332814
-0.459343
-0.474750
-0.596325
-0.624152
-0.747373
-0.797830
-0.057863
-0.135269
-0.192056
-0.273540
-0.317909
-0.405082
-0.454397
-0.549749
-0.606190
-0.711050
-0.059398
-0.189073
-0.187564
-0.320425
-0.330060
-0.447935
-0.463248
-0.573384
-0.600008
-0.050635
-0.142063
-0.184227
-0.263199
-0.304551
-0.397487
-0.436417
-0.540393
-0.054004
-0.179232
-0.190503
-0.317556
-0.319917
-0.434308
-0.442791
-0.056907
-0.141869
-0.161201
-0.262012
-0.286890
-0.392348
-0.038154
-0.190212
-0.189688
-0.304734
-0.310811
-0.044416
-0.127574
-0.149757
-0.260010
-0.058936
-0.189879
-0.177673
-0.003809
-0.151251
-0.031461
-0.056724
-0.093713
-0.028463
-0.038612
-0.025946
-0.056272
-0.000445
-0.059732
-0.003270
-0.052075
-0.002121
-0.054371
-0.002120
-0.052065
-0.003257
-0.059718
-0.000426
-0.056241
-0.025928
-0.038574
-0.028434
-0.093675
-0.056700
0.130574
0.054717
0.242016
0.201032
0.359602
0.367670
0.502597
0.541925
0.675479
0.736077
0.872001
0.945275
1.071691
1.143083
1.240831
1.290264
1.356074
1.370778
1.408420
1.402246
1.419251
1.391131
1.396134
0.084876
0.090394
0.191248
0.241868
0.332087
0.396421
0.503074
0.570705
0.691893
0.767650
0.894754
0.975067
1.093278
1.160109
1.258039
1.293096
1.361960
1.370194
1.407079
1.394922
1.416363
1.401489
0.123081
0.059096
0.232614
0.213257
0.371478
0.375116
0.526353
0.559310
0.704061
0.763815
0.902809
0.974156
1.101993
1.162040
1.262666
1.301129
1.362998
1.375263
1.411262
1.398503
1.416383
0.062974
0.127239
0.194607
0.263874
0.349794
0.424423
0.520936
0.604264
0.713769
0.800615
0.921608
1.001327
1.116544
1.179245
1.268514
1.303410
1.367882
1.369124
1.411119
1.394976
0.086658
0.069331
0.236359
0.217996
0.377894
0.387893
0.540725
0.574863
0.727275
0.780615
0.927322
0.993190
1.118793
1.176162
1.273036
1.302505
1.367898
1.375322
1.407147
0.088920
0.121393
0.207852
0.281280
0.360729
0.444080
0.537626
0.624044
0.731417
0.822942
0.934817
1.018819
1.126191
1.183745
1.272969
1.303432
1.362928
1.370197
0.078316
0.088640
0.223991
0.230096
0.382729
0.396083
0.551360
0.586634
0.737255
0.792074
0.938941
0.997617
1.126198
1.176191
1.268542
1.301176
1.361911
0.077115
0.129339
0.222380
0.284427
0.374329
0.454919
0.545838
0.636658
0.740422
0.828520
0.938916
1.018827
1.118758
1.179255
1.262538
1.293230
0.087380
0.084037
0.224176
0.239281
0.379334
0.405581
0.553537
0.588318
0.740423
0.792089
0.934822
0.993227
1.116501
1.162189
1.257944
0.075557
0.141759
0.221420
0.291819
0.381051
0.454561
0.553531
0.636662
0.737237
0.822956
0.927251
1.001403
1.101862
1.160138
0.080809
0.085541
0.225823
0.237247
0.381050
0.405587
0.545832
0.586660
0.731385
0.780698
0.921548
0.974232
1.093288
0.080111
0.140822
0.225822
0.291822
0.379324
0.454934
0.551323
0.624086
0.727206
0.800641
0.902764
0.975082
0.080111
0.085544
0.221413
0.239299
0.374306
0.396125
0.537592
0.574911
0.713756
0.763880
0.894681
0.080802
0.141771
0.224154
0.284451
0.382696
0.444102
0.540690
0.604288
0.703970
0.767744
0.075540
0.084058
0.222360
0.230123
0.360709
0.387938
0.520890
0.559418
0.691817
0.087363
0.129354
0.223968
0.281305
0.377842
0.424475
0.526266
0.570742
0.077097
0.088669
0.207818
0.218051
0.349750
0.375180
0.503055
0.078286
0.121424
0.236317
0.263903
0.371430
0.396444
0.088894
0.069366
0.194582
0.213310
0.332048
0.086631
0.127267
0.232560
0.241911
0.062937
0.059153
0.191211
0.123044
0.090417
0.084847
-0.098356
-0.065341
-0.146289
-0.134185
-0.222583
-0.205672
-0.302519
-0.283832
-0.385233
-0.367677
-0.471452
-0.454074
-0.560374
-0.545657
-0.646963
-0.643013
-0.734888
-0.735112
-0.828729
-0.823325
-0.906903
-0.924354
-0.991872
-1.816973
-1.793793
-1.810923
-1.798130
-1.812003
-1.797609
-1.811715
-1.807753
-1.812001
-1.806270
-1.808430
-1.788728
-1.774610
-1.734176
-1.695116
-1.619217
-1.552080
-1.441583
-1.363180
-1.227254
-1.167736
-1.013818
-1.801645
-1.829861
-1.813552
-1.817268
-1.817843
-1.817622
-1.814244
-1.808701
-1.808164
-1.788144
-1.775934
-1.741911
-1.705675
-1.645245
-1.578310
-1.490239
-1.401225
-1.290134
-1.199742
-1.092372
-1.007344
-1.820303
-1.782060
-1.816040
-1.792947
-1.803591
-1.790695
-1.795612
-1.775260
-1.767858
-1.739829
-1.710920
-1.660495
-1.606614
-1.525412
-1.450963
-1.337947
-1.260774
-1.137812
-1.066488
-0.950267
-1.784667
-1.803536
-1.781594
-1.792400
-1.780883
-1.768387
-1.756137
-1.731770
-1.703381
-1.657796
-1.609562
-1.536743
-1.466785
-1.365754
-1.285477
-1.175302
-1.091999
-0.990615
-0.928966
-1.745571
-1.727358
-1.745806
-1.713861
-1.719759
-1.690692
-1.670693
-1.632045
-1.591727
-1.531865
-1.469761
-1.382544
-1.310152
-1.204348
-1.129961
-1.021450
-0.967528
-0.848750
-1.685672
-1.684841
-1.669169
-1.661671
-1.629967
-1.604478
-1.563790
-1.510904
-1.454710
-1.375686
-1.310149
-1.209911
-1.140382
-1.036935
-0.978721
-0.870467
-0.838529
-1.583640
-1.561454
-1.552796
-1.520679
-1.496846
-1.449510
-1.404556
-1.342954
-1.282915
-1.201639
-1.136886
-1.046709
-0.989733
-0.889451
-0.857527
-0.752251
-1.466433
-1.458336
-1.425440
-1.397777
-1.351336
-1.304403
-1.249171
-1.176992
-1.122925
-1.034527
-0.986440
-0.887548
-0.858636
-0.755822
-0.738895
-1.310658
-1.282466
-1.254055
-1.215294
-1.173073
-1.118492
-1.071583
-1.004717
-0.958019
-0.880978
-0.847788
-0.761949
-0.740794
-0.654371
-1.171353
-1.155156
-1.112114
-1.074511
-1.032966
-0.974768
-0.937292
-0.861407
-0.839079
-0.748166
-0.738364
-0.645598
-0.646212
-1.006769
-0.977067
-0.947239
-0.904004
-0.872156
-0.819010
-0.794496
-0.727907
-0.711818
-0.642161
-0.632561
-0.552976
-0.895518
-0.871969
-0.841211
-0.797372
-0.777649
-0.710331
-0.705402
-0.625801
-0.629747
-0.538595
-0.559222
-0.757349
-0.723225
-0.707256
-0.658633
-0.651167
-0.595330
-0.589926
-0.527218
-0.533213
-0.455650
-0.683761
-0.653582
-0.643159
-0.588982
-0.588007
-0.517029
-0.533793
-0.440760
-0.472812
-0.571863
-0.526238
-0.525960
-0.475661
-0.483990
-0.418230
-0.437183
-0.361931
-0.521209
-0.489257
-0.487698
-0.420729
-0.442784
-0.354555
-0.388928
-0.419017
-0.360523
-0.385826
-0.317340
-0.344602
-0.266813
-0.392380
-0.343519
-0.352669
-0.276396
-0.309056
-0.283392
-0.218182
-0.259392
-0.170447
-0.269616
-0.204425
-0.230574
-0.169916
-0.079822
-0.145840
0.130635
0.054649
0.242075
0.200957
0.359692
0.367565
0.502688
0.541854
0.675538
0.735979
0.872155
0.945079
1.071847
1.142998
1.240884
1.290156
1.356307
1.370538
1.408628
1.402197
1.419374
1.391024
1.396401
1.370606
1.357403
1.365030
1.370652
1.364042
1.368678
1.369096
1.383600
1.378492
1.397957
1.395646
1.410172
1.405190
1.415220
1.398280
1.397156
1.367643
1.344923
1.303082
1.261718
1.202016
1.154204
1.079043
0.048576
0.191010
0.124895
0.264380
0.219858
0.346194
0.321402
0.440170
0.430297
0.541738
0.543869
0.648224
0.659718
0.751689
0.772860
0.853198
0.868706
0.948966
0.955166
1.016400
1.034468
1.092429
0.150619
0.197388
0.236956
0.302547
0.332968
0.414411
0.435672
0.527730
0.546698
0.642392
0.662832
0.754756
0.779109
0.864127
0.882106
0.965739
0.974783
1.040738
1.057583
1.103669
1.099930
0.181149
0.317232
0.281791
0.407580
0.387714
0.509014
0.507884
0.619284
0.636018
0.736285
0.766290
0.855391
0.886526
0.969572
0.994770
1.060978
1.090261
1.135320
1.153142
1.200440
0.305023
0.338056
0.400945
0.462929
0.514690
0.587608
0.638072
0.717457
0.766667
0.848453
0.891284
0.973650
1.005788
1.076825
1.105258
1.158749
1.174472
1.225801
1.220959
0.337377
0.466643
0.454515
0.572054
0.584653
0.693948
0.724253
0.825178
0.865505
0.957476
0.998152
1.073754
1.114057
1.169444
1.197884
1.246057
1.257606
1.293726
0.464837
0.503384
0.588933
0.644194
0.722078
0.789692
0.862456
0.936065
0.998361
1.068948
1.119775
1.178334
1.209746
1.263482
1.272053
1.314557
1.317442
0.520106
0.632424
0.654548
0.764998
0.805032
0.908087
0.956596
1.047772
1.096748
1.167899
1.206387
1.263198
1.283179
1.323673
1.338283
1.358702
0.648710
0.695332
0.796774
0.853614
0.946525
1.011132
1.090079
1.150018
1.207896
1.261338
1.290583
1.333272
1.346513
1.372359
1.375243
0.721189
0.824917
0.875373
0.978875
1.033359
1.123116
1.172510
1.244078
1.275089
1.325870
1.345156
1.371357
1.382529
1.397743
0.854320
0.907786
1.014225
1.070013
1.160399
1.211849
1.272618
1.314311
1.349448
1.373200
1.388287
1.404606
1.400970
0.933088
1.032343
1.092239
1.180932
1.226161
1.295450
1.324129
1.363249
1.378492
1.399092
1.398783
1.409520
1.063320
1.114159
1.207351
1.253024
1.317526
1.344101
1.381998
1.396659
1.404945
1.413893
1.408473
1.131360
1.219070
1.263797
1.325033
1.352329
1.388383
1.390820
1.409601
1.402854
1.403985
1.238702
1.274608
1.343294
1.363360
1.394747
1.404893
1.413552
1.408311
1.404459
1.284300
1.345309
1.362162
1.401781
1.399461
1.408927
1.399213
1.397401
1.351918
1.372018
1.404477
1.401105
1.415010
1.404690
1.394559
1.369278
1.402639
1.402400
1.414167
1.391110
1.390982
1.408741
1.402869
1.409651
1.398788
1.395037
1.396925
1.415768
1.396401
1.384325
1.416089
1.391534
1.393176
1.391852
1.394218
1.410064
-0.029216
0.071866
0.074689
0.162756
0.160872
0.258031
0.254699
0.357543
0.351873
0.458897
0.454264
0.560689
0.557775
0.661989
0.662177
0.754389
0.763469
0.842616
0.845066
0.925078
0.921968
0.969989
0.973656
-0.859997
-0.782882
-0.692237
-0.612136
-0.543931
-0.467034
-0.396880
-0.325569
-0.250172
-0.173022
-0.092772
-0.010715
0.072980
0.159245
0.246965
0.336670
0.431632
0.519705
0.619185
0.714475
0.803436
0.905943
-0.787829
-0.705796
-0.605019
-0.530162
-0.436172
-0.371029
-0.280139
-0.209974
-0.123433
-0.049451
0.038279
0.115799
0.206481
0.283738
0.377636
0.451526
0.549956
0.627130
0.725338
0.800977
0.910848
-0.801626
-0.709830
-0.627041
-0.553802
-0.477353
-0.403161
-0.331842
-0.253636
-0.175542
-0.093315
-0.009026
0.075314
0.165260
0.252568
0.347549
0.440461
0.535887
0.631860
0.734883
0.825161
-0.716472
-0.629525
-0.532451
-0.454961
-0.371101
-0.293760
-0.209183
-0.132648
-0.046832
0.032477
0.121578
0.204067
0.294169
0.377625
0.468062
0.552092
0.650092
0.730838
0.829430
-0.719449
-0.639968
-0.560782
-0.483581
-0.408731
-0.334764
-0.256823
-0.176735
-0.093059
-0.008189
0.079081
0.167760
0.260467
0.352674
0.451833
0.545179
0.646075
0.751277
-0.638856
-0.542199
-0.459725
-0.377844
-0.296776
-0.214020
-0.134127
-0.049577
0.032245
0.120813
0.206632
0.295337
0.382866
0.471443
0.560829
0.656216
0.744055
-0.642744
-0.566363
-0.485875
-0.411320
-0.336535
-0.258048
-0.177413
-0.093088
-0.006337
0.079349
0.171458
0.261952
0.358618
0.455061
0.553212
0.654533
-0.551524
-0.458675
-0.384614
-0.294751
-0.220013
-0.131017
-0.054752
0.035368
0.116404
0.211035
0.291893
0.387386
0.469121
0.566775
0.655877
-0.566258
-0.485731
-0.411337
-0.335360
-0.258164
-0.177127
-0.091995
-0.006341
0.081053
0.170067
0.265137
0.357221
0.458864
0.553617
-0.466825
-0.375229
-0.302706
-0.210912
-0.138824
-0.046440
0.025997
0.123599
0.201805
0.298046
0.377028
0.474626
0.557463
-0.484875
-0.405212
-0.334403
-0.254561
-0.176757
-0.090767
-0.004727
0.078295
0.171357
0.259902
0.359337
0.451704
-0.382370
-0.289658
-0.219021
-0.126266
-0.055984
0.035225
0.111955
0.209666
0.284349
0.381339
0.459774
-0.404787
-0.324162
-0.254374
-0.172721
-0.089512
-0.005593
0.079098
0.163731
0.262109
0.347656
-0.294246
-0.206429
-0.131819
-0.045606
0.025265
0.118500
0.197788
0.286671
0.365127
-0.325147
-0.243225
-0.173542
-0.086421
-0.003465
0.071984
0.166372
0.248001
-0.204762
-0.125224
-0.045957
0.026176
0.113459
0.195623
0.275934
-0.245430
-0.165205
-0.085449
-0.005523
0.074851
0.151869
-0.112082
-0.052875
0.034756
0.101059
0.198347
-0.168067
-0.082865
-0.003093
0.062604
-0.020084
0.009336
0.126799
-0.093553
-0.018355
0.091120
-0.056724
-0.093713
-0.028463
-0.038613
-0.025947
-0.056273
-0.000446
-0.059733
-0.003270
-0.052075
-0.002121
-0.054371
-0.002120
-0.052065
-0.003259
-0.059722
-0.000433
-0.056251
-0.025941
-0.038589
-0.028448
-0.093687
-0.056710
0.022830
-0.172832
-0.109471
-0.283574
-0.260084
-0.399103
-0.413094
-0.540295
-0.574260
-0.711522
-0.775533
-0.930938
-1.032981
-1.208163
-1.326111
-1.492714
-1.578511
-1.699041
-1.733163
-1.797192
-1.784498
-1.842846
-1.800247
-0.031462
-0.151251
-0.177673
-0.260009
-0.310810
-0.392347
-0.442790
-0.540392
-0.600006
-0.711048
-0.797829
-0.934772
-1.054349
-1.216467
-1.348215
-1.495785
-1.598694
-1.688425
-1.746111
-1.782630
-1.803045
-1.782466
-0.003809
-0.189880
-0.149757
-0.304734
-0.286889
-0.434306
-0.436415
-0.573382
-0.606188
-0.747371
-0.812944
-0.975267
-1.074076
-1.252384
-1.363408
-1.521453
-1.602007
-1.711643
-1.740092
-1.805587
-1.803042
-0.058937
-0.127575
-0.189689
-0.262012
-0.319917
-0.397484
-0.463246
-0.549747
-0.624150
-0.733407
-0.828197
-0.967293
-1.091524
-1.249393
-1.378821
-1.516343
-1.606922
-1.696828
-1.740096
-1.782630
-0.044417
-0.190212
-0.161201
-0.317557
-0.304551
-0.447931
-0.454395
-0.596323
-0.626510
-0.774915
-0.839643
-1.003529
-1.102588
-1.277660
-1.382627
-1.536409
-1.606917
-1.711642
-1.746108
-0.038155
-0.141869
-0.190504
-0.263199
-0.330059
-0.405079
-0.474748
-0.560876
-0.640965
-0.746534
-0.847958
-0.984667
-1.107949
-1.263076
-1.382633
-1.516343
-1.602013
-1.688425
-0.056908
-0.179232
-0.184227
-0.320425
-0.317908
-0.459340
-0.469077
-0.608988
-0.641629
-0.788982
-0.851241
-1.014645
-1.107944
-1.277658
-1.378816
-1.521450
-1.598691
-0.054005
-0.142064
-0.187564
-0.273539
-0.332813
-0.411190
-0.481857
-0.566144
-0.645947
-0.752031
-0.851248
-0.984667
-1.102596
-1.249394
-1.363415
-1.495786
-0.050635
-0.189073
-0.192055
-0.320695
-0.331499
-0.461624
-0.477907
-0.614424
-0.645942
-0.788980
-0.847954
-1.003525
-1.091521
-1.252379
-1.348211
-0.059398
-0.135268
-0.195324
-0.274136
-0.332793
-0.416332
-0.477909
-0.566145
-0.641637
-0.746535
-0.839654
-0.967295
-1.074086
-1.216468
-0.057863
-0.190561
-0.193389
-0.325348
-0.332790
-0.461622
-0.481856
-0.608982
-0.640964
-0.774908
-0.828195
-0.975260
-1.054347
-0.057535
-0.137921
-0.193389
-0.274134
-0.331503
-0.411185
-0.469087
-0.560877
-0.626523
-0.733410
-0.812958
-0.934775
-0.057535
-0.190559
-0.195324
-0.320682
-0.332813
-0.459329
-0.474747
-0.596312
-0.624150
-0.747359
-0.797829
-0.057869
-0.135260
-0.192061
-0.273524
-0.317911
-0.405075
-0.454412
-0.549749
-0.606207
-0.711052
-0.059411
-0.189060
-0.187562
-0.320399
-0.330055
-0.447911
-0.463249
-0.573367
-0.600007
-0.050650
-0.142056
-0.184229
-0.263164
-0.304559
-0.397485
-0.436438
-0.540397
-0.054022
-0.179215
-0.190503
-0.317495
-0.319903
-0.434285
-0.442794
-0.056938
-0.141861
-0.161200
-0.261949
-0.286900
-0.392349
-0.038181
-0.190205
-0.189677
-0.304625
-0.310789
-0.044448
-0.127577
-0.149775
-0.259941
-0.058975
-0.189857
-0.177658
-0.003849
-0.151266
-0.031486
0.130634
0.054648
0.242075
0.200957
0.359692
0.367565
0.502688
0.541854
0.675539
0.735979
0.872155
0.945079
1.071848
1.142999
1.240884
1.290156
1.356307
1.370538
1.408628
1.402197
1.419374
1.391024
1.396401
0.084840
0.090411
0.191205
0.241907
0.332044
0.396443
0.503053
0.570741
0.691816
0.767744
0.894681
0.975083
1.093289
1.160139
1.257945
1.293231
1.361912
1.370197
1.407147
1.394977
1.416383
1.401490
0.123037
0.059146
0.232555
0.213306
0.371427
0.375179
0.526265
0.559417
0.703969
0.763880
0.902765
0.974233
1.101863
1.162190
1.262539
1.301176
1.362928
1.375323
1.411119
1.398503
1.416363
0.062930
0.127261
0.194577
0.263900
0.349747
0.424473
0.520889
0.604288
0.713756
0.800642
0.921549
1.001404
1.116502
1.179256
1.268543
1.303432
1.367898
1.369124
1.411262
1.394922
0.086624
0.069360
0.236312
0.218048
0.377839
0.387937
0.540689
0.574911
0.727206
0.780699
0.927252
0.993228
1.118759
1.176192
1.272970
1.302506
1.367883
1.375264
1.407079
0.088887
0.121419
0.207814
0.281303
0.360706
0.444101
0.537590
0.624086
0.731385
0.822957
0.934822
1.018828
1.126199
1.183746
1.273036
1.303410
1.362998
1.370194
0.078281
0.088665
0.223964
0.230121
0.382694
0.396124
0.551322
0.586660
0.737237
0.792090
0.938917
0.997618
1.126192
1.176162
1.268514
1.301129
1.361960
0.077093
0.129350
0.222356
0.284449
0.374304
0.454933
0.545832
0.636663
0.740423
0.828520
0.938942
1.018820
1.118794
1.179246
1.262666
1.293097
0.087360
0.084055
0.224152
0.239297
0.379322
0.405587
0.553531
0.588318
0.740423
0.792075
0.934818
0.993191
1.116545
1.162040
1.258040
0.075539
0.141769
0.221411
0.291820
0.381049
0.454561
0.553537
0.636658
0.737256
0.822943
0.927323
1.001328
1.101994
1.160109
0.080801
0.085542
0.225820
0.237246
0.381050
0.405580
0.545838
0.586634
0.731418
0.780616
0.921609
0.974156
1.093278
0.080110
0.140821
0.225822
0.291818
0.379334
0.454919
0.551360
0.624044
0.727275
0.800616
0.902810
0.975068
0.080111
0.085540
0.221420
0.239281
0.374329
0.396083
0.537626
0.574863
0.713769
0.763816
0.894755
0.080809
0.141758
0.224175
0.284427
0.382729
0.444080
0.540726
0.604265
0.704062
0.767650
0.075557
0.084036
0.222380
0.230096
0.360729
0.387893
0.520937
0.559311
0.691893
0.087379
0.129338
0.223991
0.281279
0.377894
0.424423
0.526353
0.570706
0.077114
0.088639
0.207851
0.217996
0.349794
0.375116
0.503074
0.078316
0.121392
0.236359
0.263874
0.371478
0.396421
0.088919
0.069331
0.194607
0.213257
0.332087
0.086657
0.127239
0.232614
0.241868
0.062974
0.059096
0.191248
0.123081
0.090394
0.084876
0.022904
-0.172890
-0.109433
-0.283663
-0.260083
-0.399132
-0.413063
-0.540316
-0.574236
-0.711536
-0.775516
-0.930949
-1.032968
-1.208172
-1.326102
-1.492719
-1.578505
-1.699044
-1.733159
-1.797194
-1.784494
-1.842847
-1.800244
-1.793871
-1.815481
-1.796631
-1.802226
-1.793773
-1.798565
-1.805101
-1.799007
-1.810335
-1.809267
-1.814262
-1.806296
-1.805797
-1.781962
-1.757203
-1.708973
-1.651853
-1.571266
-1.478484
-1.379134
-1.271310
-1.167936
-1.077578
-0.145841
-0.079821
-0.230574
-0.170448
-0.309056
-0.266813
-0.388928
-0.361931
-0.472812
-0.455650
-0.559222
-0.552976
-0.646212
-0.654371
-0.738895
-0.752251
-0.838529
-0.848750
-0.928967
-0.950267
-1.007344
-1.013818
-0.169916
-0.204426
-0.259392
-0.276396
-0.344602
-0.354555
-0.437183
-0.440760
-0.533213
-0.538595
-0.632561
-0.645598
-0.740794
-0.755822
-0.857527
-0.870468
-0.967529
-0.990615
-1.066488
-1.092373
-1.167736
-0.269616
-0.218181
-0.352668
-0.317340
-0.442784
-0.418229
-0.533793
-0.527218
-0.629747
-0.642162
-0.738364
-0.761949
-0.858636
-0.889451
-0.978721
-1.021450
-1.092000
-1.137813
-1.199742
-1.227254
-0.283391
-0.343519
-0.385826
-0.420729
-0.483990
-0.517029
-0.589926
-0.625801
-0.711818
-0.748166
-0.847789
-0.887548
-0.989733
-1.036935
-1.129961
-1.175302
-1.260774
-1.290134
-1.363180
-0.392380
-0.360523
-0.487698
-0.475660
-0.588007
-0.595330
-0.705402
-0.727907
-0.839079
-0.880978
-0.986440
-1.046710
-1.140383
-1.204349
-1.285477
-1.337947
-1.401225
-1.441583
-0.419016
-0.489257
-0.525959
-0.588981
-0.651167
-0.710330
-0.794496
-0.861407
-0.958019
-1.034527
-1.136886
-1.209912
-1.310153
-1.365755
-1.450963
-1.490239
-1.552080
-0.521208
-0.526237
-0.643158
-0.658632
-0.777648
-0.819009
-0.937292
-1.004717
-1.122925
-1.201639
-1.310150
-1.382545
-1.466786
-1.525412
-1.578310
-1.619217
-0.571862
-0.653581
-0.707255
-0.797371
-0.872156
-0.974768
-1.071583
-1.176992
-1.282915
-1.375686
-1.469761
-1.536744
-1.606614
-1.645245
-1.695117
-0.683760
-0.723224
-0.841210
-0.904004
-1.032965
-1.118491
-1.249171
-1.342954
-1.454710
-1.531866
-1.609563
-1.660496
-1.705676
-1.734176
-0.757348
-0.871968
-0.947238
-1.074510
-1.173073
-1.304403
-1.404556
-1.510904
-1.591727
-1.657797
-1.710920
-1.741912
-1.774611
-0.895517
-0.977066
-1.112113
-1.215294
-1.351336
-1.449511
-1.563790
-1.632045
-1.703381
-1.739829
-1.775934
-1.788728
-1.006767
-1.155155
-1.254054
-1.397776
-1.496846
-1.604478
-1.670693
-1.731770
-1.767858
-1.788144
-1.808431
-1.171352
-1.282465
-1.425440
-1.520678
-1.629967
-1.690692
-1.756137
-1.775260
-1.808164
-1.806270
-1.310657
-1.458335
-1.552795
-1.661671
-1.719759
-1.768387
-1.795612
-1.808701
-1.812001
-1.466432
-1.561453
-1.669168
-1.713861
-1.780883
-1.790695
-1.814244
-1.807753
-1.583640
-1.684841
-1.745806
-1.792400
-1.803591
-1.817622
-1.811715
-1.685671
-1.727358
-1.781594
-1.792947
-1.817843
-1.797609
-1.745570
-1.803535
-1.816040
-1.817268
-1.812003
-1.784666
-1.782060
-1.813552
-1.798130
-1.820303
-1.829860
-1.810923
-1.801645
-1.793792
-1.816972
-0.029217
0.071866
0.074689
0.162756
0.160872
0.258031
0.254699
0.357543
0.351873
0.458897
0.454264
0.560689
0.557775
0.661990
0.662177
0.754389
0.763470
0.842616
0.845066
0.925078
0.921968
0.969989
0.973656
1.410064
1.394218
1.393176
1.384325
1.395037
1.390982
1.394559
1.397401
1.404459
1.403985
1.408473
1.409520
1.400969
1.397742
1.375243
1.358702
1.317442
1.293726
1.220959
1.200440
1.099930
1.092429
1.391852
1.391534
1.396401
1.398788
1.391109
1.404690
1.399213
1.408311
1.402854
1.413893
1.398783
1.404606
1.382529
1.372359
1.338283
1.314557
1.257606
1.225801
1.153142
1.103669
1.034468
1.416089
1.415768
1.409651
1.414167
1.415010
1.408927
1.413552
1.409601
1.404945
1.399092
1.388287
1.371357
1.346513
1.323673
1.272053
1.246057
1.174472
1.135320
1.057583
1.016400
1.396925
1.402869
1.402400
1.401105
1.399460
1.404893
1.390820
1.396659
1.378492
1.373200
1.345156
1.333272
1.283179
1.263482
1.197884
1.158749
1.090261
1.040738
0.955166
1.408741
1.402639
1.404478
1.401781
1.394747
1.388383
1.381998
1.363249
1.349448
1.325870
1.290583
1.263198
1.209746
1.169444
1.105259
1.060978
0.974783
0.948966
1.369278
1.372018
1.362163
1.363360
1.352330
1.344101
1.324129
1.314311
1.275089
1.261338
1.206387
1.178334
1.114057
1.076825
0.994770
0.965739
0.868706
1.351919
1.345309
1.343295
1.325034
1.317526
1.295450
1.272618
1.244078
1.207896
1.167899
1.119775
1.073754
1.005788
0.969572
0.882106
0.853198
1.284300
1.274609
1.263797
1.253024
1.226161
1.211849
1.172510
1.150018
1.096748
1.068948
0.998152
0.973650
0.886526
0.864127
0.772860
1.238703
1.219071
1.207352
1.180932
1.160400
1.123116
1.090080
1.047772
0.998361
0.957476
0.891284
0.855392
0.779109
0.751689
1.131360
1.114160
1.092239
1.070013
1.033359
1.011132
0.956596
0.936065
0.865505
0.848453
0.766290
0.754756
0.659718
1.063321
1.032344
1.014226
0.978875
0.946525
0.908087
0.862456
0.825178
0.766667
0.736285
0.662832
0.648225
0.933089
0.907786
0.875373
0.853614
0.805032
0.789692
0.724253
0.717458
0.636018
0.642392
0.543869
0.854320
0.824918
0.796774
0.764999
0.722078
0.693949
0.638072
0.619284
0.546698
0.541738
0.721190
0.695332
0.654549
0.644195
0.584653
0.587608
0.507884
0.527730
0.430297
0.648710
0.632424
0.588933
0.572054
0.514690
0.509014
0.435672
0.440170
0.520106
0.503384
0.454515
0.462930
0.387714
0.414411
0.321402
0.464837
0.466643
0.400945
0.407580
0.332969
0.346194
0.337377
0.338056
0.281791
0.302547
0.219858
0.305023
0.317231
0.236956
0.264380
0.181149
0.197388
0.124895
0.150619
0.191010
0.048576
-0.098356
-0.065341
-0.146290
-0.134185
-0.222583
-0.205673
-0.302519
-0.283832
-0.385233
-0.367677
-0.471452
-0.454074
-0.560374
-0.545657
-0.646963
-0.643013
-0.734888
-0.735112
-0.828729
-0.823325
-0.906903
-0.924354
-0.991872
-0.864643
-0.795281
-0.669205
-0.612139
-0.505168
-0.441349
-0.353392
-0.284391
-0.197188
-0.128076
-0.040382
0.031857
0.121990
0.196641
0.287824
0.363003
0.454693
0.528741
0.631395
0.694886
0.808958
0.866470
0.976671
0.091120
-0.018355
0.126799
0.062603
0.198347
0.151868
0.275934
0.248001
0.365127
0.347656
0.459774
0.451704
0.557463
0.553617
0.655877
0.654533
0.744056
0.751277
0.829430
0.825161
0.910848
0.905943
-0.093553
0.009336
-0.003093
0.101059
0.074851
0.195623
0.166373
0.286671
0.262109
0.381339
0.359337
0.474626
0.458864
0.566775
0.553212
0.656216
0.646075
0.730838
0.734883
0.800977
0.803436
-0.020084
-0.082865
0.034756
-0.005523
0.113459
0.071983
0.197788
0.163731
0.284349
0.259902
0.377028
0.357221
0.469121
0.455061
0.560829
0.545179
0.650093
0.631860
0.725338
0.714475
-0.168067
-0.052875
-0.085449
0.026176
-0.003465
0.118499
0.079098
0.209665
0.171357
0.298046
0.265137
0.387386
0.358618
0.471443
0.451834
0.552092
0.535887
0.627130
0.619185
-0.112082
-0.165206
-0.045957
-0.086421
0.025265
-0.005593
0.111955
0.078295
0.201805
0.170067
0.291893
0.261952
0.382866
0.352674
0.468062
0.440461
0.549956
0.519705
-0.245430
-0.125223
-0.173542
-0.045606
-0.089513
0.035225
-0.004727
0.123599
0.081053
0.211035
0.171458
0.295337
0.260467
0.377625
0.347549
0.451526
0.431632
-0.204761
-0.243225
-0.131819
-0.172720
-0.055984
-0.090767
0.025997
-0.006341
0.116404
0.079349
0.206632
0.167760
0.294169
0.252568
0.377636
0.336670
-0.325146
-0.206428
-0.254373
-0.126266
-0.176757
-0.046441
-0.091995
0.035368
-0.006337
0.120813
0.079081
0.204068
0.165260
0.283738
0.246965
-0.294246
-0.324161
-0.219021
-0.254560
-0.138824
-0.177127
-0.054752
-0.093088
0.032245
-0.008188
0.121578
0.075314
0.206481
0.159245
-0.404788
-0.289658
-0.334403
-0.210912
-0.258164
-0.131017
-0.177413
-0.049577
-0.093059
0.032477
-0.009026
0.115799
0.072980
-0.382371
-0.405212
-0.302707
-0.335360
-0.220012
-0.258048
-0.134127
-0.176735
-0.046832
-0.093315
0.038279
-0.010715
-0.484875
-0.375229
-0.411337
-0.294750
-0.336535
-0.214020
-0.256823
-0.132648
-0.175542
-0.049450
-0.092772
-0.466826
-0.485732
-0.384614
-0.411320
-0.296777
-0.334764
-0.209183
-0.253636
-0.123433
-0.173022
-0.566258
-0.458675
-0.485875
-0.377844
-0.408731
-0.293759
-0.331842
-0.209974
-0.250172
-0.551525
-0.566363
-0.459725
-0.483581
-0.371101
-0.403161
-0.280140
-0.325569
-0.642744
-0.542199
-0.560782
-0.454961
-0.477353
-0.371029
-0.396880
-0.638857
-0.639969
-0.532451
-0.553802
-0.436172
-0.467034
-0.719449
-0.629525
-0.627041
-0.530162
-0.543931
-0.716472
-0.709830
-0.605019
-0.612136
-0.801627
-0.705796
-0.692237
-0.787830
-0.782882
-0.859997
0.022836
-0.172831
-0.109499
-0.283639
-0.260105
-0.399083
-0.413071
-0.540279
-0.574248
-0.711516
-0.775530
-0.930938
-1.032982
-1.208166
-1.326114
-1.492716
-1.578513
-1.699042
-1.733165
-1.797193
-1.784498
-1.842846
-1.800247
-1.793870
-1.815480
-1.796631
-1.802224
-1.793773
-1.798561
-1.805100
-1.799000
-1.810335
-1.809257
-1.814262
-1.806284
-1.805798
-1.781946
-1.757207
-1.708952
-1.651859
-1.571238
-1.478493
-1.379096
-1.271326
-1.167881
-1.077602
-0.145853
-0.079874
-0.230596
-0.170496
-0.309062
-0.266859
-0.388931
-0.361971
-0.472812
-0.455693
-0.559220
-0.553020
-0.646211
-0.654416
-0.738895
-0.752297
-0.838531
-0.848794
-0.928970
-0.950310
-1.007350
-1.013854
-0.169933
-0.204384
-0.259387
-0.276356
-0.344596
-0.354511
-0.437182
-0.440722
-0.533213
-0.538560
-0.632565
-0.645562
-0.740798
-0.755785
-0.857532
-0.870428
-0.967532
-0.990575
-1.066491
-1.092328
-1.167745
-0.269627
-0.218230
-0.352672
-0.317371
-0.442787
-0.418262
-0.533793
-0.527252
-0.629748
-0.642194
-0.738366
-0.761983
-0.858638
-0.889485
-0.978724
-1.021483
-1.092003
-1.137842
-1.199751
-1.227277
-0.283391
-0.343471
-0.385817
-0.420689
-0.483982
-0.516998
-0.589924
-0.625772
-0.711820
-0.748139
-0.847792
-0.887522
-0.989736
-1.036907
-1.129964
-1.175271
-1.260779
-1.290098
-1.363187
-0.392370
-0.360544
-0.487691
-0.475685
-0.588008
-0.595354
-0.705405
-0.727933
-0.839083
-0.881004
-0.986444
-1.046735
-1.140387
-1.204372
-1.285483
-1.337967
-1.401233
-1.441601
-0.418997
-0.489218
-0.525951
-0.588951
-0.651164
-0.710308
-0.794496
-0.861388
-0.958021
-1.034508
-1.136889
-1.209891
-1.310156
-1.365730
-1.450967
-1.490213
-1.552083
-0.521198
-0.526254
-0.643157
-0.658653
-0.777651
-0.819031
-0.937297
-1.004738
-1.122930
-1.201659
-1.310155
-1.382561
-1.466791
-1.525427
-1.578315
-1.619231
-0.571853
-0.653555
-0.707251
-0.797352
-0.872156
-0.974753
-1.071585
-1.176978
-1.282917
-1.375671
-1.469763
-1.536726
-1.606616
-1.645226
-1.695118
-0.683757
-0.723241
-0.841214
-0.904022
-1.032970
-1.118509
-1.249176
-1.342969
-1.454715
-1.531878
-1.609566
-1.660507
-1.705679
-1.734185
-0.757345
-0.871952
-0.947239
-1.074499
-1.173075
-1.304392
-1.404557
-1.510892
-1.591727
-1.657784
-1.710920
-1.741897
-1.774610
-0.895520
-0.977082
-1.112118
-1.215309
-1.351341
-1.449523
-1.563794
-1.632055
-1.703384
-1.739836
-1.775937
-1.788734
-1.006767
-1.155146
-1.254055
-1.397768
-1.496847
-1.604470
-1.670693
-1.731760
-1.767857
-1.788133
-1.808429
-1.171357
-1.282478
-1.425444
-1.520690
-1.629970
-1.690701
-1.756138
-1.775266
-1.808165
-1.806274
-1.310657
-1.458329
-1.552795
-1.661665
-1.719758
-1.768379
-1.795610
-1.808693
-1.811999
-1.466436
-1.561463
-1.669171
-1.713868
-1.780884
-1.790700
-1.814244
-1.807756
-1.583639
-1.684837
-1.745805
-1.792395
-1.803589
-1.817616
-1.811713
-1.685673
-1.727364
-1.781595
-1.792951
-1.817843
-1.797612
-1.745569
-1.803532
-1.816038
-1.817264
-1.812001
-1.784667
-1.782065
-1.813552
-1.798132
-1.820301
-1.829858
-1.810921
-1.801645
-1.793795
-1.816971
-0.029253
0.071945
0.074665
0.162826
0.160855
0.258140
0.254664
0.357670
0.351907
0.458997
0.454317
0.560912
0.557779
0.662225
0.662369
0.754553
0.763636
0.843060
0.845097
0.925477
0.922311
0.970260
0.973809
1.410183
1.393933
1.392982
1.384326
1.394774
1.390416
1.394935
1.396902
1.404154
1.404152
1.408403
1.408845
1.401617
1.397237
1.375173
1.358733
1.317579
1.293120
1.221502
1.200002
1.099955
1.092227
1.391841
1.391874
1.396431
1.398864
1.391575
1.404833
1.399005
1.409056
1.402667
1.413927
1.399096
1.404838
1.382025
1.373149
1.337899
1.314738
1.257592
1.226185
1.152623
1.104334
1.034195
1.416049
1.415409
1.409812
1.413777
1.414721
1.408996
1.413373
1.409054
1.405355
1.398681
1.388094
1.371430
1.346557
1.323114
1.272542
1.245671
1.174479
1.135197
1.057786
1.015850
1.397137
1.403001
1.402359
1.401620
1.399434
1.404952
1.391182
1.396838
1.378200
1.373849
1.344946
1.333363
1.283290
1.263775
1.197447
1.159342
1.089994
1.040936
0.955099
1.408608
1.402589
1.404322
1.401376
1.394945
1.388043
1.381752
1.363303
1.349379
1.325399
1.290931
1.262879
1.209666
1.169386
1.105401
1.060499
0.975137
0.948648
1.369306
1.372109
1.362439
1.363517
1.352219
1.344599
1.324066
1.314378
1.275294
1.261557
1.206096
1.178834
1.113886
1.076954
0.994757
0.966052
0.868375
1.351987
1.345054
1.343101
1.325018
1.317401
1.295078
1.272806
1.243814
1.207741
1.167874
1.119814
1.073355
1.006059
0.969314
0.882111
0.853041
1.284292
1.274938
1.263808
1.253112
1.226380
1.212025
1.172369
1.150423
1.096685
1.069035
0.998225
0.973889
0.886281
0.864498
0.772732
1.238594
1.218814
1.207420
1.180710
1.160230
1.123081
1.090032
1.047452
0.998517
0.957269
0.891221
0.855289
0.779210
0.751362
1.131522
1.114293
1.092207
1.070320
1.033368
1.011216
0.956724
0.936250
0.865371
0.848754
0.766235
0.754870
0.659703
1.063194
1.032290
1.014139
0.978633
0.946584
0.907911
0.862349
0.825101
0.766686
0.736024
0.662951
0.648053
0.933123
0.907873
0.875506
0.853759
0.804990
0.789935
0.724262
0.717549
0.636064
0.642573
0.543758
0.854323
0.824774
0.796663
0.764927
0.722037
0.693743
0.638117
0.619145
0.546652
0.541630
0.721201
0.695514
0.654589
0.644280
0.584734
0.587750
0.507844
0.527911
0.430295
0.648649
0.632273
0.588928
0.571934
0.514617
0.508927
0.435668
0.440008
0.520187
0.503492
0.454525
0.463076
0.387748
0.414496
0.321435
0.464768
0.466570
0.400906
0.407451
0.332961
0.346098
0.337418
0.338132
0.281845
0.302650
0.219861
0.304997
0.317147
0.236904
0.264305
0.181173
0.197483
0.124928
0.150583
0.190927
0.048606
-0.098343
-0.065289
-0.146283
-0.134129
-0.222583
-0.205622
-0.302515
-0.283785
-0.385235
-0.367626
-0.471459
-0.454026
-0.560380
-0.545608
-0.646970
-0.642962
-0.734892
-0.735059
-0.828734
-0.823271
-0.906906
-0.924300
-0.991872
-0.864703
-0.795207
-0.669278
-0.612057
-0.505258
-0.441249
-0.353501
-0.284268
-0.197326
-0.127917
-0.040558
0.032047
0.121796
0.196850
0.287585
0.363307
0.454334
0.529127
0.631052
0.695209
0.808591
0.867064
0.975925
0.091065
-0.018349
0.126739
0.062623
0.198251
0.151883
0.275846
0.247964
0.365014
0.347647
0.459570
0.451653
0.557316
0.553438
0.655656
0.654472
0.743656
0.751131
0.829207
0.824837
0.910469
0.905978
-0.093569
0.009405
-0.003122
0.101146
0.074847
0.195702
0.166388
0.286802
0.262107
0.381499
0.359421
0.474758
0.458970
0.567052
0.553246
0.656518
0.646282
0.731061
0.735025
0.801507
0.803314
-0.020148
-0.082851
0.034692
-0.005530
0.113385
0.071981
0.197668
0.163717
0.284236
0.259820
0.376882
0.357175
0.468864
0.454983
0.560628
0.544984
0.649815
0.631837
0.724842
0.714479
-0.168082
-0.052819
-0.085452
0.026255
-0.003474
0.118604
0.079124
0.209765
0.171410
0.298212
0.265164
0.387594
0.358729
0.471623
0.451948
0.552432
0.535871
0.627531
0.619264
-0.112134
-0.165203
-0.046030
-0.086421
0.025185
-0.005624
0.111861
0.078266
0.201650
0.170028
0.291739
0.261846
0.382673
0.352627
0.467739
0.440434
0.549669
0.519609
-0.245442
-0.125159
-0.173540
-0.045537
-0.089493
0.035324
-0.004712
0.123733
0.081104
0.211170
0.171531
0.295550
0.260490
0.377898
0.347616
0.451778
0.431672
-0.204816
-0.243234
-0.131881
-0.172734
-0.056076
-0.090784
0.025890
-0.006392
0.116275
0.079308
0.206430
0.167728
0.293956
0.252498
0.377385
0.336680
-0.325144
-0.206369
-0.254370
-0.126183
-0.176739
-0.046348
-0.091957
0.035500
-0.006312
0.120992
0.079126
0.204255
0.165305
0.284001
0.246941
-0.294302
-0.324168
-0.219091
-0.254582
-0.138908
-0.177153
-0.054875
-0.093112
0.032098
-0.008235
0.121403
0.075295
0.206236
0.159251
-0.404783
-0.289598
-0.334388
-0.210832
-0.258149
-0.130906
-0.177388
-0.049448
-0.093025
0.032650
-0.009018
0.116016
0.072994
-0.382423
-0.405223
-0.302780
-0.335374
-0.220108
-0.258073
-0.134243
-0.176757
-0.046992
-0.093325
0.038099
-0.010736
-0.484870
-0.375162
-0.411326
-0.294667
-0.336515
-0.213911
-0.256810
-0.132504
-0.175527
-0.049292
-0.092758
-0.466884
-0.485743
-0.384688
-0.411335
-0.296876
-0.334776
-0.209308
-0.253653
-0.123576
-0.173028
-0.566252
-0.458609
-0.485867
-0.377754
-0.408721
-0.293649
-0.331828
-0.209841
-0.250171
-0.551585
-0.566372
-0.459804
-0.483592
-0.371197
-0.403171
-0.280260
-0.325570
-0.642740
-0.542130
-0.560776
-0.454873
-0.477346
-0.370919
-0.396877
-0.638918
-0.639975
-0.532529
-0.553809
-0.436269
-0.467038
-0.719448
-0.629456
-0.627038
-0.530076
-0.543928
-0.716531
-0.709834
-0.605096
-0.612140
-0.801629
-0.705728
-0.692235
-0.787885
-0.782888
-0.860001
-0.098347
-0.065290
-0.146279
-0.134121
-0.222575
-0.205615
-0.302510
-0.283781
-0.385234
-0.367625
-0.471458
-0.454025
-0.560379
-0.545607
-0.646969
-0.642961
-0.734891
-0.735059
-0.828733
-0.823270
-0.906906
-0.924300
-0.991872
-1.816971
-1.793794
-1.810921
-1.798132
-1.812000
-1.797611
-1.811712
-1.807756
-1.811998
-1.806274
-1.808428
-1.788734
-1.774609
-1.734184
-1.695117
-1.619230
-1.552083
-1.441601
-1.363186
-1.227276
-1.167744
-1.013854
-1.801645
-1.829858
-1.813552
-1.817264
-1.817842
-1.817615
-1.814243
-1.808692
-1.808164
-1.788132
-1.775936
-1.741896
-1.705678
-1.645225
-1.578314
-1.490212
-1.401232
-1.290097
-1.199750
-1.092328
-1.007350
-1.820300
-1.782064
-1.816037
-1.792950
-1.803588
-1.790699
-1.795609
-1.775265
-1.767856
-1.739835
-1.710918
-1.660505
-1.606614
-1.525425
-1.450965
-1.337966
-1.260778
-1.137841
-1.066490
-0.950309
-1.784666
-1.803531
-1.781594
-1.792394
-1.780883
-1.768378
-1.756137
-1.731758
-1.703382
-1.657782
-1.609565
-1.536724
-1.466789
-1.365729
-1.285481
-1.175269
-1.092002
-0.990574
-0.928969
-1.745567
-1.727363
-1.745803
-1.713866
-1.719756
-1.690699
-1.670691
-1.632053
-1.591725
-1.531876
-1.469761
-1.382559
-1.310154
-1.204371
-1.129963
-1.021482
-0.967531
-0.848793
-1.685671
-1.684835
-1.669169
-1.661663
-1.629968
-1.604468
-1.563792
-1.510890
-1.454713
-1.375668
-1.310153
-1.209889
-1.140385
-1.036905
-0.978723
-0.870427
-0.838530
-1.583637
-1.561460
-1.552793
-1.520687
-1.496844
-1.449521
-1.404555
-1.342967
-1.282915
-1.201656
-1.136886
-1.046733
-0.989734
-0.889483
-0.857530
-0.752296
-1.466433
-1.458327
-1.425441
-1.397765
-1.351339
-1.304389
-1.249174
-1.176975
-1.122928
-1.034506
-0.986443
-0.887520
-0.858637
-0.755784
-0.738894
-1.310655
-1.282476
-1.254053
-1.215307
-1.173072
-1.118507
-1.071583
-1.004736
-0.958019
-0.881003
-0.847790
-0.761982
-0.740797
-0.654415
-1.171355
-1.155144
-1.112116
-1.074497
-1.032969
-0.974751
-0.937296
-0.861386
-0.839082
-0.748139
-0.738365
-0.645561
-0.646210
-1.006766
-0.977081
-0.947238
-0.904022
-0.872156
-0.819031
-0.794496
-0.727933
-0.711820
-0.642194
-0.632564
-0.553020
-0.895521
-0.871953
-0.841215
-0.797354
-0.777653
-0.710309
-0.705406
-0.625772
-0.629749
-0.538560
-0.559220
-0.757349
-0.723246
-0.707255
-0.658657
-0.651167
-0.595357
-0.589926
-0.527253
-0.533214
-0.455693
-0.683764
-0.653562
-0.643164
-0.588957
-0.588013
-0.517001
-0.533796
-0.440722
-0.472813
-0.571865
-0.526265
-0.525960
-0.475694
-0.483988
-0.418264
-0.437182
-0.361970
-0.521214
-0.489232
-0.487702
-0.420695
-0.442788
-0.354509
-0.388928
-0.419016
-0.360556
-0.385821
-0.317369
-0.344591
-0.266854
-0.392378
-0.343465
-0.352660
-0.276344
-0.309054
-0.283358
-0.218202
-0.259368
-0.170484
-0.269588
-0.204361
-0.230583
-0.169917
-0.079864
-0.145855
0.130569
0.054711
0.242011
0.201028
0.359598
0.367668
0.502595
0.541925
0.675479
0.736078
0.872001
0.945275
1.071692
1.143084
1.240832
1.290265
1.356075
1.370779
1.408420
1.402246
1.419252
1.391131
1.396134
1.370744
1.357404
1.365387
1.370726
1.364025
1.369398
1.369008
1.383624
1.379004
1.398126
1.395153
1.411118
1.404773
1.415309
1.398462
1.397467
1.366986
1.345825
1.302553
1.262042
1.201891
1.154712
1.078510
0.048602
0.190923
0.124925
0.264302
0.219859
0.346096
0.321434
0.440007
0.430295
0.541629
0.543758
0.648053
0.659703
0.751362
0.772733
0.853042
0.868376
0.948648
0.955100
1.015850
1.034195
1.092227
0.150578
0.197480
0.236901
0.302648
0.332959
0.414495
0.435667
0.527910
0.546652
0.642573
0.662951
0.754870
0.779210
0.864499
0.882111
0.966052
0.975138
1.040936
1.057787
1.104335
1.099955
0.181170
0.317144
0.281843
0.407449
0.387747
0.508925
0.507844
0.619145
0.636064
0.736024
0.766236
0.855289
0.886282
0.969314
0.994758
1.060500
1.089995
1.135197
1.152623
1.200002
0.304993
0.338130
0.400904
0.463074
0.514616
0.587750
0.638117
0.717549
0.766686
0.848755
0.891221
0.973889
1.006059
1.076955
1.105401
1.159342
1.174479
1.226185
1.221502
0.337416
0.466567
0.454524
0.571933
0.584734
0.693743
0.724262
0.825101
0.865372
0.957269
0.998226
1.073356
1.113887
1.169386
1.197448
1.245671
1.257592
1.293120
0.464765
0.503491
0.588927
0.644280
0.722037
0.789935
0.862349
0.936250
0.998518
1.069035
1.119815
1.178835
1.209667
1.263776
1.272543
1.314739
1.317580
0.520186
0.632272
0.654589
0.764927
0.804991
0.907912
0.956725
1.047453
1.096686
1.167875
1.206097
1.262879
1.283291
1.323114
1.337899
1.358733
0.648649
0.695514
0.796663
0.853759
0.946585
1.011217
1.090033
1.150423
1.207741
1.261558
1.290931
1.333364
1.346557
1.373149
1.375173
0.721201
0.824774
0.875507
0.978634
1.033369
1.123082
1.172370
1.243814
1.275295
1.325399
1.344947
1.371431
1.382025
1.397237
0.854324
0.907874
1.014140
1.070321
1.160231
1.212025
1.272807
1.314379
1.349379
1.373849
1.388095
1.404838
1.401618
0.933124
1.032291
1.092208
1.180710
1.226380
1.295079
1.324066
1.363304
1.378200
1.398681
1.399096
1.408845
1.063195
1.114294
1.207421
1.253113
1.317401
1.344600
1.381753
1.396838
1.405356
1.413928
1.408403
1.131523
1.218815
1.263809
1.325019
1.352220
1.388044
1.391182
1.409055
1.402667
1.404152
1.238594
1.274939
1.343101
1.363518
1.394945
1.404952
1.413373
1.409057
1.404154
1.284292
1.345055
1.362439
1.401376
1.399434
1.408996
1.399005
1.396903
1.351987
1.372110
1.404323
1.401620
1.414721
1.404833
1.394936
1.369306
1.402590
1.402359
1.413778
1.391575
1.390416
1.408608
1.403001
1.409812
1.398864
1.394774
1.397138
1.415410
1.396431
1.384326
1.416049
1.391874
1.392982
1.391841
1.393933
1.410182
-0.029259
0.071941
0.074661
0.162824
0.160852
0.258138
0.254662
0.357669
0.351906
0.458996
0.454316
0.560912
0.557779
0.662225
0.662370
0.754553
0.763637
0.843060
0.845097
0.925477
0.922311
0.970260
0.973809
-0.860001
-0.782888
-0.692235
-0.612140
-0.543928
-0.467038
-0.396877
-0.325570
-0.250171
-0.173028
-0.092758
-0.010736
0.072994
0.159251
0.246941
0.336680
0.431672
0.519609
0.619264
0.714479
0.803314
0.905978
-0.787885
-0.705727
-0.605095
-0.530076
-0.436269
-0.370919
-0.280260
-0.209841
-0.123576
-0.049292
0.038099
0.116016
0.206236
0.284000
0.377385
0.451778
0.549669
0.627531
0.724842
0.801507
0.910469
-0.801628
-0.709834
-0.627037
-0.553808
-0.477346
-0.403171
-0.331828
-0.253653
-0.175527
-0.093325
-0.009018
0.075295
0.165305
0.252498
0.347616
0.440434
0.535871
0.631838
0.735025
0.824837
-0.716531
-0.629456
-0.532529
-0.454873
-0.371197
-0.293649
-0.209308
-0.132504
-0.046992
0.032650
0.121403
0.204255
0.293956
0.377898
0.467739
0.552432
0.649815
0.731061
0.829207
-0.719447
-0.639974
-0.560775
-0.483591
-0.408720
-0.334775
-0.256809
-0.176757
-0.093025
-0.008235
0.079126
0.167728
0.260490
0.352627
0.451948
0.544985
0.646282
0.751131
-0.638917
-0.542129
-0.459803
-0.377753
-0.296876
-0.213910
-0.134242
-0.049448
0.032098
0.120992
0.206430
0.295550
0.382673
0.471623
0.560628
0.656518
0.743656
-0.642739
-0.566371
-0.485867
-0.411334
-0.336515
-0.258073
-0.177388
-0.093112
-0.006312
0.079308
0.171531
0.261846
0.358729
0.454983
0.553246
0.654473
-0.551584
-0.458608
-0.384687
-0.294666
-0.220107
-0.130905
-0.054875
0.035500
0.116275
0.211170
0.291739
0.387594
0.468864
0.567052
0.655656
-0.566251
-0.485742
-0.411325
-0.335373
-0.258148
-0.177152
-0.091957
-0.006392
0.081103
0.170027
0.265164
0.357175
0.458969
0.553438
-0.466883
-0.375161
-0.302780
-0.210831
-0.138907
-0.046347
0.025890
0.123733
0.201650
0.298212
0.376882
0.474758
0.557316
-0.484869
-0.405222
-0.334387
-0.254581
-0.176738
-0.090784
-0.004712
0.078266
0.171410
0.259820
0.359420
0.451653
-0.382423
-0.289596
-0.219089
-0.126182
-0.056075
0.035324
0.111860
0.209765
0.284235
0.381499
0.459570
-0.404782
-0.324166
-0.254368
-0.172732
-0.089493
-0.005623
0.079124
0.163717
0.262106
0.347647
-0.294300
-0.206366
-0.131879
-0.045536
0.025186
0.118603
0.197667
0.286801
0.365013
-0.325141
-0.243231
-0.173539
-0.086420
-0.003474
0.071981
0.166387
0.247963
-0.204812
-0.125155
-0.046029
0.026255
0.113384
0.195701
0.275845
-0.245437
-0.165200
-0.085452
-0.005530
0.074846
0.151882
-0.112129
-0.052816
0.034692
0.101144
0.198249
-0.168078
-0.082850
-0.003123
0.062622
-0.020146
0.009404
0.126736
-0.093570
-0.018351
0.091061
-1.793871
-1.815481
-1.796631
-1.802226
-1.793773
-1.798565
-1.805101
-1.799007
-1.810335
-1.809266
-1.814261
-1.806295
-1.805796
-1.781961
-1.757203
-1.708973
-1.651853
-1.571265
-1.478484
-1.379134
-1.271310
-1.167935
-1.077578
-1.769027
-1.782609
-1.766590
-1.777493
-1.774046
-1.775381
-1.779823
-1.792516
-1.792757
-1.805593
-1.809535
-1.815610
-1.805810
-1.803374
-1.767976
-1.739351
-1.665983
-1.606922
-1.492733
-1.417060
-1.280306
-1.206633
-1.756781
-1.769933
-1.760083
-1.751316
-1.759063
-1.760279
-1.766157
-1.770272
-1.789003
-1.790706
-1.805614
-1.809620
-1.811492
-1.800277
-1.778714
-1.741612
-1.677980
-1.604652
-1.502811
-1.403135
-1.280306
-1.751281
-1.716353
-1.731000
-1.726957
-1.725660
-1.734314
-1.747526
-1.756906
-1.769714
-1.790085
-1.797195
-1.812340
-1.810627
-1.812517
-1.780466
-1.756820
-1.680727
-1.620012
-1.502811
-1.417060
-1.710168
-1.716772
-1.695467
-1.702049
-1.710796
-1.708560
-1.726406
-1.739544
-1.759425
-1.772355
-1.794880
-1.803849
-1.810043
-1.806952
-1.784121
-1.749510
-1.680727
-1.604652
-1.492733
-1.680638
-1.665061
-1.680163
-1.663816
-1.680783
-1.692538
-1.707690
-1.725699
-1.749431
-1.772130
-1.786896
-1.809897
-1.809822
-1.814098
-1.784121
-1.756820
-1.677980
-1.606922
-1.659601
-1.641688
-1.643088
-1.650596
-1.656896
-1.666785
-1.695446
-1.711873
-1.739111
-1.763252
-1.786268
-1.801179
-1.809822
-1.806952
-1.780466
-1.741612
-1.665982
-1.622697
-1.616763
-1.619592
-1.617424
-1.645124
-1.655257
-1.680133
-1.710189
-1.736045
-1.765142
-1.786268
-1.809896
-1.810043
-1.812517
-1.778714
-1.739351
-1.598246
-1.583296
-1.604584
-1.602267
-1.622756
-1.646478
-1.676208
-1.701556
-1.736045
-1.763252
-1.786896
-1.803849
-1.810627
-1.800277
-1.767976
-1.584010
-1.572354
-1.580581
-1.597017
-1.620639
-1.640964
-1.676208
-1.710188
-1.739110
-1.772130
-1.794880
-1.812340
-1.811492
-1.803373
-1.557492
-1.554136
-1.580180
-1.581707
-1.620639
-1.646478
-1.680133
-1.711873
-1.749431
-1.772355
-1.797194
-1.809620
-1.805810
-1.564323
-1.550144
-1.580180
-1.597017
-1.622756
-1.655257
-1.695446
-1.725699
-1.759425
-1.790085
-1.805614
-1.815610
-1.564323
-1.554136
-1.580581
-1.602267
-1.645124
-1.666785
-1.707690
-1.739544
-1.769714
-1.790706
-1.809535
-1.557493
-1.572354
-1.604584
-1.617424
-1.656896
-1.692538
-1.726406
-1.756906
-1.789002
-1.805593
-1.584010
-1.583296
-1.619592
-1.650596
-1.680783
-1.708560
-1.747526
-1.770272
-1.792756
-1.598246
-1.616763
-1.643088
-1.663816
-1.710795
-1.734314
-1.766157
-1.792516
-1.622696
-1.641688
-1.680163
-1.702048
-1.725660
-1.760278
-1.779823
-1.659601
-1.665061
-1.695467
-1.726957
-1.759063
-1.775381
-1.680638
-1.716772
-1.731000
-1.751316
-1.774045
-1.710168
-1.716353
-1.760083
-1.777493
-1.751281
-1.769933
-1.766590
-1.756781
-1.782610
-1.769027
-1.784697
-1.804322
-1.731171
-1.724623
-1.691353
-1.661846
-1.624372
-1.605883
-1.573163
-1.549829
-1.559556
-1.508034
-1.559556
-1.549829
-1.573164
-1.605883
-1.624372
-1.661846
-1.691353
-1.724623
-1.731171
-1.804322
-1.784696
-1.793870
-1.815480
-1.796631
-1.802224
-1.793772
-1.798561
-1.805100
-1.799000
-1.810334
-1.809257
-1.814262
-1.806283
-1.805798
-1.781945
-1.757206
-1.708951
-1.651858
-1.571237
-1.478493
-1.379095
-1.271326
-1.167880
-1.077602
-1.769028
-1.782609
-1.766592
-1.777491
-1.774047
-1.775379
-1.779825
-1.792513
-1.792759
-1.805590
-1.809538
-1.815608
-1.805815
-1.803373
-1.767984
-1.739352
-1.665994
-1.606925
-1.492749
-1.417065
-1.280327
-1.206642
-1.756780
-1.769932
-1.760082
-1.751314
-1.759063
-1.760274
-1.766157
-1.770264
-1.789002
-1.790697
-1.805615
-1.809607
-1.811494
-1.800260
-1.778718
-1.741590
-1.677988
-1.604622
-1.502825
-1.403094
-1.280327
-1.751282
-1.716352
-1.731001
-1.726956
-1.725661
-1.734312
-1.747527
-1.756903
-1.769716
-1.790082
-1.797197
-1.812337
-1.810631
-1.812516
-1.780473
-1.756820
-1.680737
-1.620014
-1.502825
-1.417065
-1.710167
-1.716771
-1.695467
-1.702045
-1.710795
-1.708555
-1.726406
-1.739536
-1.759424
-1.772345
-1.794881
-1.803836
-1.810045
-1.806935
-1.784127
-1.749488
-1.680737
-1.604622
-1.492749
-1.680639
-1.665060
-1.680164
-1.663814
-1.680783
-1.692535
-1.707690
-1.725696
-1.749431
-1.772127
-1.786897
-1.809894
-1.809825
-1.814097
-1.784127
-1.756820
-1.677988
-1.606925
-1.659601
-1.641687
-1.643088
-1.650592
-1.656895
-1.666779
-1.695445
-1.711865
-1.739110
-1.763241
-1.786269
-1.801165
-1.809825
-1.806935
-1.780473
-1.741590
-1.665993
-1.622697
-1.616762
-1.619592
-1.617422
-1.645124
-1.655254
-1.680132
-1.710185
-1.736044
-1.765138
-1.786269
-1.809894
-1.810045
-1.812516
-1.778718
-1.739352
-1.598246
-1.583294
-1.604584
-1.602263
-1.622755
-1.646472
-1.676207
-1.701547
-1.736045
-1.763242
-1.786897
-1.803835
-1.810630
-1.800260
-1.767984
-1.584010
-1.572353
-1.580580
-1.597015
-1.620638
-1.640961
-1.676207
-1.710185
-1.739110
-1.772127
-1.794881
-1.812337
-1.811494
-1.803372
-1.557492
-1.554134
-1.580180
-1.581703
-1.620638
-1.646472
-1.680132
-1.711865
-1.749431
-1.772344
-1.797196
-1.809607
-1.805815
-1.564323
-1.550143
-1.580180
-1.597015
-1.622756
-1.655254
-1.695445
-1.725696
-1.759424
-1.790082
-1.805614
-1.815607
-1.564323
-1.554134
-1.580580
-1.602263
-1.645123
-1.666779
-1.707690
-1.739536
-1.769715
-1.790696
-1.809538
-1.557492
-1.572353
-1.604584
-1.617423
-1.656895
-1.692535
-1.726405
-1.756903
-1.789002
-1.805590
-1.584010
-1.583294
-1.619592
-1.650592
-1.680783
-1.708555
-1.747527
-1.770264
-1.792758
-1.598246
-1.616762
-1.643088
-1.663814
-1.710795
-1.734311
-1.766157
-1.792513
-1.622697
-1.641687
-1.680164
-1.702046
-1.725661
-1.760274
-1.779825
-1.659600
-1.665061
-1.695467
-1.726956
-1.759063
-1.775378
-1.680639
-1.716771
-1.731001
-1.751313
-1.774047
-1.710167
-1.716352
-1.760082
-1.777491
-1.751282
-1.769932
-1.766592
-1.756780
-1.782608
-1.769028
1.382785
1.329405
1.336159
1.289520
1.268449
1.225423
1.198717
1.161995
1.130071
1.119388
1.076346
1.127432
1.076346
1.119388
1.130070
1.161995
1.198717
1.225423
1.268449
1.289520
1.336159
1.329405
1.382785
1.370606
1.357403
1.365030
1.370652
1.364042
1.368678
1.369096
1.383600
1.378492
1.397956
1.395646
1.410172
1.405190
1.415220
1.398280
1.397156
1.367643
1.344923
1.303082
1.261718
1.202016
1.154204
1.079043
1.360055
1.369898
1.344251
1.351712
1.346890
1.357317
1.351540
1.366306
1.371172
1.381148
1.391069
1.398996
1.405850
1.403823
1.407503
1.383564
1.379866
1.333403
1.314293
1.243874
1.218310
1.125140
1.332518
1.316857
1.323794
1.322265
1.315453
1.330407
1.331374
1.347677
1.352542
1.376167
1.378728
1.401397
1.402705
1.413782
1.407804
1.403851
1.380444
1.357767
1.317709
1.271220
1.218310
1.299124
1.316921
1.284155
1.305363
1.294967
1.307072
1.309980
1.329939
1.338510
1.358430
1.374819
1.385517
1.402333
1.401435
1.408689
1.388319
1.385319
1.335439
1.317709
1.243874
1.270564
1.266634
1.265682
1.262337
1.265830
1.284192
1.287790
1.314905
1.326866
1.353821
1.366927
1.392106
1.398293
1.413680
1.410230
1.403870
1.385319
1.357766
1.314293
1.240581
1.243790
1.225764
1.246258
1.235369
1.259816
1.270302
1.295757
1.315621
1.340638
1.361872
1.378668
1.399615
1.398261
1.410230
1.388319
1.380444
1.333403
1.203327
1.208248
1.194498
1.208046
1.215373
1.239971
1.254509
1.288778
1.306391
1.340732
1.360641
1.385847
1.399615
1.413680
1.408689
1.403851
1.379866
1.168984
1.174454
1.166968
1.185551
1.188969
1.222599
1.241015
1.274603
1.303444
1.330229
1.360641
1.378668
1.398292
1.401435
1.407804
1.383564
1.137879
1.149274
1.136359
1.167488
1.176690
1.211780
1.236305
1.273818
1.303444
1.340731
1.361872
1.392106
1.402333
1.413782
1.407503
1.105332
1.119197
1.121630
1.145999
1.167242
1.203518
1.236304
1.274601
1.306390
1.340638
1.366927
1.385517
1.402705
1.403823
1.090763
1.115026
1.108053
1.149677
1.167241
1.211778
1.241013
1.288777
1.315621
1.353822
1.374819
1.401397
1.405850
1.068508
1.100815
1.108053
1.145999
1.176689
1.222599
1.254508
1.295757
1.326867
1.358430
1.378728
1.398996
1.068508
1.115027
1.121630
1.167488
1.188969
1.239972
1.270303
1.314905
1.338511
1.376167
1.391069
1.090763
1.119197
1.136359
1.185552
1.215374
1.259817
1.287790
1.329939
1.352541
1.381148
1.105333
1.149274
1.166968
1.208047
1.235369
1.284192
1.309979
1.347677
1.371172
1.137879
1.174454
1.194498
1.246258
1.265830
1.307071
1.331374
1.366306
1.168983
1.208247
1.225764
1.262336
1.294967
1.330407
1.351539
1.203328
1.243790
1.265682
1.305363
1.315453
1.357317
1.240581
1.266634
1.284155
1.322265
1.346890
1.270564
1.316921
1.323794
1.351712
1.299124
1.316857
1.344251
1.332518
1.369898
1.360055
1.370744
1.357404
1.365387
1.370726
1.364025
1.369398
1.369007
1.383624
1.379004
1.398126
1.395153
1.411118
1.404773
1.415308
1.398461
1.397467
1.366985
1.345825
1.302552
1.262042
1.201891
1.154712
1.078510
1.359915
1.369794
1.343851
1.351930
1.346336
1.356946
1.351699
1.366097
1.370433
1.381855
1.390474
1.398807
1.406028
1.403897
1.406731
1.384387
1.379244
1.333481
1.314228
1.244043
1.217699
1.125638
1.332679
1.317145
1.323859
1.322356
1.316097
1.330535
1.331033
1.348672
1.352180
1.376165
1.379129
1.401630
1.401952
1.414902
1.407152
1.404088
1.380466
1.358144
1.317028
1.272162
1.217700
1.298811
1.316770
1.284105
1.305023
1.294243
1.307648
1.309346
1.329618
1.338801
1.358398
1.373928
1.386532
1.401585
1.401443
1.408784
1.388471
1.384561
1.336265
1.317028
1.244043
1.270917
1.266678
1.265757
1.263198
1.265689
1.284153
1.288385
1.315067
1.326113
1.355089
1.366227
1.392234
1.398515
1.413973
1.409401
1.405018
1.384562
1.358144
1.314228
1.240208
1.243967
1.225073
1.245838
1.235601
1.259667
1.269376
1.296815
1.314820
1.340523
1.362139
1.378760
1.398693
1.399370
1.409401
1.388470
1.380466
1.333481
1.203524
1.208382
1.195262
1.208191
1.214827
1.241199
1.253898
1.288794
1.306789
1.340979
1.359648
1.387265
1.398693
1.413973
1.408785
1.404088
1.379244
1.168763
1.174089
1.166103
1.186344
1.188242
1.222350
1.241368
1.274673
1.302341
1.331611
1.359648
1.378760
1.398515
1.401443
1.407152
1.384387
1.138117
1.150170
1.136165
1.167404
1.177184
1.212064
1.235143
1.275501
1.302342
1.340980
1.362140
1.392234
1.401584
1.414902
1.406731
1.104715
1.118765
1.121864
1.146125
1.165980
1.205126
1.235144
1.274675
1.306791
1.340524
1.366227
1.386532
1.401952
1.403897
1.091284
1.115405
1.106951
1.151471
1.165981
1.212066
1.241370
1.288795
1.314820
1.355088
1.373928
1.401630
1.406028
1.067823
1.101935
1.106951
1.146125
1.177185
1.222352
1.253898
1.296815
1.326112
1.358397
1.379129
1.398807
1.067823
1.115405
1.121864
1.167404
1.188241
1.241198
1.269374
1.315066
1.338801
1.376165
1.390474
1.091284
1.118765
1.136164
1.186343
1.214826
1.259666
1.288385
1.329618
1.352180
1.381856
1.104715
1.150170
1.166102
1.208191
1.235600
1.284153
1.309346
1.348672
1.370433
1.138118
1.174089
1.195263
1.245839
1.265690
1.307649
1.331033
1.366097
1.168763
1.208382
1.225073
1.263199
1.294244
1.330535
1.351699
1.203524
1.243967
1.265757
1.305023
1.316097
1.356946
1.240208
1.266678
1.284105
1.322356
1.346336
1.270917
1.316770
1.323859
1.351929
1.298811
1.317145
1.343851
1.332679
1.369794
1.359915

