Tension at each vertex
0.038372
0.038369
0.038479
0.038478
-1.656608
1.243546
-1.656610
1.243548
-0.823816
-0.823668
1.096869
1.097491
0.008242
-0.098585
-0.071264
-0.176991
-0.166668
-0.254151
-0.269059
-0.362472
-0.402610
-0.527188
-0.611434
-0.782356
-0.921480
-1.125926
-1.281565
-1.462425
-1.556822
-1.657424
-1.683291
-1.711463
-1.682453
-1.711726
-1.656592
-0.017785
-0.129642
-0.124377
-0.190643
-0.209834
-0.271317
-0.300068
-0.380602
-0.433583
-0.544099
-0.643518
-0.798379
-0.950282
-1.140692
-1.301480
-1.463440
-1.571040
-1.647323
-1.684869
-1.703385
-1.701114
-1.648399
0.003058
-0.104084
-0.099292
-0.183388
-0.183847
-0.273071
-0.285456
-0.385002
-0.429793
-0.557469
-0.650201
-0.822766
-0.960991
-1.163058
-1.310799
-1.476263
-1.569351
-1.659889
-1.681428
-1.711342
-1.701119
-0.046173
-0.113862
-0.131070
-0.197837
-0.212412
-0.280600
-0.312272
-0.392922
-0.453213
-0.567288
-0.669290
-0.829818
-0.979283
-1.164895
-1.321437
-1.474242
-1.571463
-1.651001
-1.681412
-1.703379
-0.028269
-0.105208
-0.106940
-0.190871
-0.197155
-0.279624
-0.300610
-0.399867
-0.448305
-0.580452
-0.674011
-0.845253
-0.985989
-1.180137
-1.322300
-1.484042
-1.571473
-1.659887
-1.684867
-0.024737
-0.126766
-0.128014
-0.199669
-0.216112
-0.287554
-0.317471
-0.405015
-0.463848
-0.579917
-0.684824
-0.844116
-0.990436
-1.175659
-1.322286
-1.474239
-1.569331
-1.647313
-0.036912
-0.096391
-0.123053
-0.191108
-0.205649
-0.286326
-0.310905
-0.407655
-0.462075
-0.589931
-0.684899
-0.855038
-0.990449
-1.180140
-1.321446
-1.476266
-1.571042
-0.034976
-0.126328
-0.122867
-0.207659
-0.214881
-0.292672
-0.321548
-0.409484
-0.465771
-0.585906
-0.684887
-0.844114
-0.985973
-1.164892
-1.310779
-1.463433
-0.030222
-0.105407
-0.126516
-0.190856
-0.215046
-0.286219
-0.317299
-0.411852
-0.465783
-0.589934
-0.684835
-0.845263
-0.979291
-1.163067
-1.301486
-0.037081
-0.120204
-0.128384
-0.206794
-0.214333
-0.297403
-0.317293
-0.409480
-0.462061
-0.579918
-0.673992
-0.829815
-0.960972
-1.140686
-0.035706
-0.106496
-0.126304
-0.195140
-0.214342
-0.286220
-0.321554
-0.407668
-0.463854
-0.580467
-0.669300
-0.822781
-0.950289
-0.034758
-0.122669
-0.126303
-0.206791
-0.215037
-0.292677
-0.310887
-0.405015
-0.448288
-0.567284
-0.650180
-0.798376
-0.034763
-0.106495
-0.128385
-0.190869
-0.214877
-0.286341
-0.317478
-0.399884
-0.453219
-0.557494
-0.643523
-0.035700
-0.120212
-0.126499
-0.207665
-0.205637
-0.287550
-0.300589
-0.392924
-0.429766
-0.544097
-0.037070
-0.105423
-0.122867
-0.191120
-0.216113
-0.279653
-0.312271
-0.385033
-0.433590
-0.030210
-0.126328
-0.123039
-0.199678
-0.197125
-0.280601
-0.285430
-0.380598
-0.034972
-0.096415
-0.127999
-0.190903
-0.212416
-0.273101
-0.300071
-0.036883
-0.126782
-0.106917
-0.197831
-0.183815
-0.271320
-0.024722
-0.105231
-0.131068
-0.183435
-0.209827
-0.028252
-0.113872
-0.099244
-0.190646
-0.046142
-0.104141
-0.124376
0.003093
-0.129629
-0.017778
-0.052385
-0.043908
-0.040158
0.010811
-0.043677
-0.004361
-0.023378
-0.008990
-0.025695
-0.004315
-0.023752
-0.007348
-0.023755
-0.004303
-0.025683
-0.008979
-0.023367
-0.004322
-0.043675
0.010850
-0.040133
-0.043866
-0.052380
0.092165
0.078259
0.210660
0.213829
0.347348
0.391979
0.524701
0.592983
0.729087
0.804161
0.933512
0.998096
1.106092
1.151469
1.225224
1.247008
1.289884
1.287083
1.307055
1.287092
1.296192
1.256966
1.249929
0.074664
0.067463
0.174613
0.223387
0.326711
0.400548
0.520730
0.604468
0.733528
0.817095
0.939268
1.012117
1.110388
1.159999
1.230882
1.248413
1.293599
1.285061
1.310735
1.282861
1.291913
1.276336
0.104429
0.092437
0.211934
0.239646
0.368074
0.415711
0.555242
0.620381
0.759795
0.832150
0.956903
1.019542
1.122349
1.160456
1.235058
1.248895
1.292931
1.285779
1.306868
1.289911
1.291918
0.055485
0.095998
0.184876
0.240794
0.351576
0.424373
0.546751
0.633305
0.757726
0.843291
0.961229
1.028105
1.125569
1.168298
1.235521
1.251862
1.293784
1.286109
1.306789
1.282878
0.074368
0.103980
0.217361
0.250364
0.378199
0.434794
0.570175
0.640487
0.778610
0.846393
0.972374
1.029777
1.128838
1.166037
1.237550
1.248936
1.293788
1.285808
1.310800
0.081731
0.087398
0.200684
0.252150
0.365629
0.439892
0.565589
0.647406
0.776026
0.857996
0.971848
1.038224
1.131302
1.169865
1.237495
1.251874
1.292916
1.285014
0.068872
0.120166
0.208667
0.264161
0.383782
0.445329
0.580807
0.652961
0.784819
0.855934
0.977407
1.031613
1.131301
1.166060
1.235566
1.248883
1.293615
0.073477
0.093088
0.213837
0.252721
0.380301
0.447276
0.574825
0.657081
0.785701
0.861120
0.977376
1.038230
1.128829
1.168263
1.235011
1.248466
0.078315
0.115214
0.212083
0.272380
0.382331
0.456005
0.582745
0.654995
0.785697
0.855949
0.971872
1.029775
1.125574
1.160542
1.230840
0.073110
0.102738
0.212204
0.259454
0.385922
0.446028
0.582735
0.657083
0.784815
0.857977
0.972342
1.028141
1.122266
1.159981
0.074374
0.116776
0.215380
0.270164
0.385920
0.456012
0.574832
0.652966
0.776020
0.846454
0.961195
1.019578
1.110450
0.076017
0.101189
0.215381
0.259453
0.382330
0.447271
0.580786
0.647429
0.778558
0.843281
0.956911
1.012066
0.076016
0.116777
0.212202
0.272390
0.380287
0.445367
0.565565
0.640516
0.757755
0.832165
0.939245
0.074374
0.102743
0.212068
0.252738
0.383756
0.439889
0.570173
0.633280
0.759741
0.817149
0.073093
0.115237
0.213821
0.264179
0.365635
0.434815
0.546730
0.620475
0.733479
0.078304
0.093090
0.208662
0.252149
0.378161
0.424408
0.555172
0.604457
0.073470
0.120189
0.200659
0.250421
0.351544
0.415755
0.520760
0.068845
0.087423
0.217323
0.240794
0.368060
0.400525
0.081707
0.104009
0.184877
0.239683
0.326688
0.074356
0.096002
0.211884
0.223420
0.055448
0.092508
0.174580
0.104389
0.067461
0.074652
-0.085587
-0.022567
-0.108291
-0.089332
-0.152053
-0.141822
-0.202294
-0.192162
-0.252945
-0.248898
-0.309755
-0.310931
-0.378978
-0.383989
-0.457191
-0.473043
-0.546335
-0.566979
-0.650551
-0.663047
-0.743365
-0.776787
-0.838805
-1.657747
-1.644667
-1.648958
-1.640696
-1.653488
-1.643367
-1.659723
-1.664615
-1.675322
-1.682739
-1.698390
-1.695991
-1.701509
-1.683076
-1.659796
-1.605033
-1.540189
-1.430078
-1.332989
-1.177825
-1.080725
-0.905005
-1.669784
-1.692873
-1.679167
-1.683978
-1.682315
-1.694398
-1.689136
-1.701399
-1.704569
-1.705754
-1.703216
-1.694788
-1.668533
-1.631964
-1.571524
-1.486735
-1.390219
-1.259002
-1.141470
-1.000736
-0.883976
-1.708713
-1.678740
-1.701347
-1.689461
-1.696365
-1.692442
-1.703481
-1.692194
-1.697328
-1.682239
-1.666659
-1.630273
-1.588656
-1.508912
-1.435349
-1.309921
-1.209118
-1.065434
-0.958272
-0.823331
-1.699313
-1.720374
-1.698032
-1.713834
-1.704429
-1.703130
-1.693582
-1.686958
-1.660796
-1.635604
-1.589959
-1.526428
-1.454021
-1.349026
-1.247101
-1.119901
-1.004780
-0.877742
-0.784731
-1.686242
-1.674082
-1.689108
-1.664192
-1.671326
-1.649844
-1.635361
-1.601979
-1.570135
-1.506592
-1.451068
-1.351893
-1.268587
-1.144808
-1.046126
-0.914091
-0.831374
-0.699766
-1.650387
-1.648601
-1.632850
-1.632390
-1.598882
-1.582306
-1.539699
-1.492289
-1.430705
-1.351626
-1.267118
-1.162162
-1.063416
-0.945625
-0.855948
-0.735284
-0.671727
-1.559212
-1.540710
-1.529138
-1.497080
-1.476104
-1.420117
-1.378611
-1.302156
-1.237381
-1.137833
-1.059617
-0.945293
-0.870501
-0.750638
-0.695221
-0.584915
-1.438018
-1.427159
-1.393656
-1.362400
-1.311548
-1.261221
-1.190586
-1.116250
-1.037689
-0.943791
-0.867502
-0.764783
-0.702396
-0.604418
-0.556711
-1.268263
-1.230489
-1.205073
-1.152304
-1.109241
-1.037506
-0.985197
-0.896005
-0.842328
-0.744017
-0.697714
-0.600948
-0.564183
-0.477062
-1.094564
-1.069135
-1.022570
-0.980474
-0.925598
-0.864690
-0.807688
-0.733518
-0.683235
-0.603924
-0.561764
-0.487056
-0.458657
-0.901231
-0.859425
-0.833481
-0.774439
-0.744892
-0.674306
-0.647260
-0.569178
-0.546469
-0.471069
-0.455280
-0.379233
-0.754021
-0.723258
-0.690777
-0.647805
-0.613996
-0.559434
-0.529981
-0.472343
-0.448026
-0.386754
-0.376301
-0.604183
-0.560872
-0.551644
-0.497251
-0.491061
-0.431428
-0.426407
-0.363465
-0.367110
-0.298974
-0.510553
-0.482756
-0.467310
-0.429727
-0.412870
-0.369671
-0.360267
-0.307695
-0.306345
-0.408325
-0.366818
-0.371654
-0.325721
-0.335377
-0.277969
-0.293904
-0.231410
-0.357420
-0.334173
-0.328186
-0.290024
-0.290605
-0.245061
-0.249911
-0.281860
-0.239112
-0.261954
-0.209935
-0.233265
-0.168855
-0.262742
-0.229165
-0.232792
-0.188683
-0.202389
-0.190545
-0.147412
-0.181548
-0.111232
-0.186911
-0.132960
-0.156298
-0.122999
-0.058372
-0.107179
0.092228
0.078196
0.210692
0.213767
0.347431
0.391872
0.524769
0.592954
0.729084
0.804110
0.933615
0.997957
1.106166
1.151464
1.225203
1.246972
1.289999
1.286975
1.307118
1.287114
1.296212
1.256933
1.250017
1.221335
1.199803
1.213392
1.218968
1.206679
1.214430
1.219102
1.227431
1.231774
1.249917
1.256511
1.270784
1.280931
1.293485
1.292055
1.302891
1.289922
1.284225
1.262059
1.241011
1.196234
1.174132
1.094483
0.053610
0.160885
0.133685
0.244412
0.234683
0.340356
0.345655
0.450647
0.468630
0.569450
0.593947
0.692332
0.717115
0.803710
0.832978
0.906041
0.922810
0.997785
1.002660
1.051186
1.072143
1.125304
0.135181
0.196260
0.231551
0.298011
0.341983
0.416825
0.464479
0.544954
0.593347
0.677406
0.721682
0.800308
0.842881
0.912592
0.939701
1.011437
1.022275
1.076492
1.093102
1.133423
1.113066
0.184426
0.301835
0.306537
0.416357
0.431824
0.540953
0.566497
0.672452
0.703212
0.799829
0.834703
0.918208
0.944269
1.023541
1.037301
1.096923
1.116832
1.155766
1.159055
1.206914
0.298395
0.351511
0.419412
0.489614
0.555363
0.631761
0.695669
0.772279
0.832788
0.903465
0.950587
1.019996
1.048922
1.105018
1.130785
1.169097
1.177679
1.222661
1.208811
0.356150
0.482426
0.504488
0.620505
0.653255
0.761509
0.799787
0.896283
0.930750
1.018533
1.041350
1.111895
1.132812
1.181462
1.191457
1.236221
1.230068
1.261339
0.482131
0.546789
0.633410
0.704407
0.783919
0.854067
0.923155
0.990928
1.041986
1.099281
1.139206
1.179601
1.202512
1.239533
1.242646
1.269666
1.270860
0.562281
0.685460
0.724434
0.836555
0.877084
0.977238
1.009722
1.093338
1.119754
1.180666
1.195219
1.244911
1.243937
1.277613
1.277836
1.293292
0.692062
0.761509
0.854165
0.919944
0.996304
1.054785
1.115843
1.158380
1.200003
1.234152
1.252654
1.274444
1.286256
1.292573
1.294979
0.780580
0.894086
0.937451
1.036596
1.072588
1.148451
1.172553
1.231405
1.237220
1.277423
1.278411
1.297141
1.291876
1.305933
0.903741
0.967689
1.052418
1.100355
1.166047
1.201636
1.241073
1.262410
1.287136
1.290041
1.300741
1.300986
1.296309
0.982914
1.077461
1.114522
1.189683
1.206650
1.260367
1.265729
1.293681
1.288374
1.306125
1.287851
1.296146
1.088805
1.133567
1.197694
1.226349
1.269632
1.276623
1.300433
1.298614
1.301006
1.291372
1.289566
1.140900
1.213152
1.231128
1.275662
1.277594
1.304631
1.287804
1.300103
1.280984
1.277562
1.219950
1.238792
1.282971
1.286824
1.304247
1.295150
1.301149
1.276899
1.273022
1.243001
1.286936
1.281542
1.305566
1.289292
1.291108
1.266933
1.264031
1.289006
1.287971
1.309598
1.289424
1.294747
1.270251
1.258737
1.286544
1.304135
1.285560
1.290476
1.256639
1.248633
1.309426
1.290432
1.291297
1.260753
1.257320
1.284466
1.286138
1.258595
1.243334
1.296010
1.262317
1.250788
1.250730
1.250607
1.281571
-0.030936
0.079013
0.067152
0.146816
0.153894
0.232114
0.253897
0.336008
0.363104
0.449860
0.482804
0.568462
0.600611
0.688025
0.714618
0.791835
0.820532
0.887617
0.897109
0.972911
0.970548
1.006705
1.015369
-0.679336
-0.591901
-0.488724
-0.413677
-0.355167
-0.297294
-0.250716
-0.207671
-0.161008
-0.115235
-0.060366
0.001025
0.070713
0.151989
0.240502
0.337120
0.443920
0.543814
0.655736
0.760202
0.848477
0.957315
-0.620431
-0.514200
-0.422623
-0.347996
-0.277162
-0.230682
-0.170253
-0.128990
-0.072914
-0.025545
0.036699
0.095905
0.174621
0.247597
0.346579
0.431294
0.543357
0.638670
0.746650
0.838756
0.951294
-0.612190
-0.508622
-0.420974
-0.361594
-0.299444
-0.253739
-0.208013
-0.162831
-0.114954
-0.061333
0.002466
0.071136
0.155408
0.243347
0.343996
0.449839
0.556110
0.666787
0.778437
0.872355
-0.537271
-0.442675
-0.352694
-0.289356
-0.228929
-0.179186
-0.125578
-0.080237
-0.020801
0.030400
0.102398
0.169975
0.257504
0.344164
0.446852
0.544974
0.661248
0.756583
0.868870
-0.522678
-0.438772
-0.364104
-0.306967
-0.253859
-0.211747
-0.162171
-0.117511
-0.059901
0.001592
0.074459
0.157060
0.250376
0.350348
0.461480
0.570464
0.684169
0.803088
-0.455486
-0.366813
-0.292778
-0.237426
-0.178469
-0.132653
-0.077325
-0.026560
0.034762
0.097739
0.176729
0.255301
0.354252
0.449723
0.560581
0.671380
0.779573
-0.445217
-0.374651
-0.307133
-0.259786
-0.210150
-0.165868
-0.115922
-0.062304
0.004272
0.074064
0.161463
0.254004
0.358240
0.470826
0.583630
0.701777
-0.372833
-0.303073
-0.238000
-0.185457
-0.131176
-0.082528
-0.023200
0.030456
0.101930
0.174098
0.261022
0.354131
0.458947
0.565891
0.685131
-0.376014
-0.312888
-0.258358
-0.213490
-0.163742
-0.119045
-0.060198
0.002536
0.077039
0.161423
0.259350
0.361729
0.479088
0.592315
-0.302403
-0.245273
-0.182934
-0.137122
-0.078921
-0.027579
0.034161
0.097726
0.178226
0.257733
0.358812
0.458456
0.573638
-0.311621
-0.260215
-0.211202
-0.165600
-0.117330
-0.062794
0.005164
0.074551
0.164744
0.258207
0.367123
0.479148
-0.239831
-0.190359
-0.131677
-0.085018
-0.021271
0.028364
0.102815
0.172593
0.261752
0.352499
0.462578
-0.257875
-0.210785
-0.163425
-0.119439
-0.061164
0.002339
0.076859
0.160428
0.261904
0.361695
-0.180377
-0.140829
-0.075424
-0.028846
0.036756
0.093927
0.179311
0.250900
0.355821
-0.208644
-0.162009
-0.118585
-0.063737
0.004538
0.071573
0.162713
0.253527
-0.125916
-0.087352
-0.013938
0.024287
0.105325
0.164674
0.257426
-0.160407
-0.118529
-0.063749
0.000754
0.072500
0.153401
-0.066951
-0.028591
0.043091
0.086936
0.177708
-0.119900
-0.066897
-0.000556
0.063917
0.000614
0.025848
0.109873
-0.080673
-0.014792
0.082305
-0.052387
-0.043911
-0.040160
0.010808
-0.043680
-0.004363
-0.023380
-0.008992
-0.025697
-0.004317
-0.023754
-0.007351
-0.023757
-0.004305
-0.025685
-0.008981
-0.023369
-0.004324
-0.043677
0.010848
-0.040134
-0.043867
-0.052381
0.008168
-0.098509
-0.071310
-0.176946
-0.166708
-0.254105
-0.269102
-0.362432
-0.402643
-0.527161
-0.611463
-0.782336
-0.921511
-1.125916
-1.281595
-1.462424
-1.556850
-1.657424
-1.683309
-1.711456
-1.682461
-1.711721
-1.656602
-0.017780
-0.129631
-0.124379
-0.190648
-0.209829
-0.271322
-0.300074
-0.380600
-0.433593
-0.544101
-0.643528
-0.798383
-0.950297
-1.140694
-1.301493
-1.463439
-1.571045
-1.647314
-1.684868
-1.703377
-1.701118
-1.648399
0.003090
-0.104143
-0.099246
-0.183437
-0.183817
-0.273103
-0.285432
-0.385036
-0.429769
-0.557499
-0.650186
-0.822788
-0.960979
-1.163074
-1.310786
-1.476271
-1.569333
-1.659886
-1.681409
-1.711337
-1.701109
-0.046144
-0.113874
-0.131070
-0.197833
-0.212418
-0.280603
-0.312274
-0.392927
-0.453223
-0.567288
-0.669306
-0.829822
-0.979298
-1.164899
-1.321452
-1.474242
-1.571473
-1.650997
-1.681422
-1.703376
-0.028254
-0.105234
-0.106919
-0.190905
-0.197127
-0.279655
-0.300591
-0.399888
-0.448292
-0.580472
-0.673998
-0.845270
-0.985980
-1.180146
-1.322291
-1.484045
-1.571462
-1.659884
-1.684859
-0.024725
-0.126784
-0.128002
-0.199680
-0.216115
-0.287553
-0.317481
-0.405018
-0.463857
-0.579923
-0.684841
-0.844121
-0.990457
-1.175666
-1.322305
-1.474245
-1.569350
-1.647319
-0.036885
-0.096418
-0.123041
-0.191122
-0.205639
-0.286344
-0.310889
-0.407671
-0.462065
-0.589939
-0.684892
-0.855045
-0.990443
-1.180144
-1.321443
-1.476267
-1.571041
-0.034975
-0.126330
-0.122869
-0.207667
-0.214879
-0.292679
-0.321556
-0.409483
-0.465787
-0.585911
-0.684905
-0.844123
-0.985997
-1.164901
-1.310805
-1.463446
-0.030212
-0.105425
-0.126501
-0.190871
-0.215039
-0.286223
-0.317296
-0.411855
-0.465775
-0.589936
-0.684830
-0.845260
-0.979290
-1.163065
-1.301487
-0.037072
-0.120214
-0.128388
-0.206793
-0.214344
-0.297405
-0.317301
-0.409487
-0.462079
-0.579922
-0.674017
-0.829824
-0.960998
-1.140699
-0.035702
-0.106498
-0.126305
-0.195143
-0.214335
-0.286222
-0.321550
-0.407658
-0.463852
-0.580457
-0.669296
-0.822772
-0.950290
-0.034766
-0.122672
-0.126306
-0.206796
-0.215048
-0.292675
-0.310908
-0.405019
-0.448309
-0.567293
-0.650207
-0.798384
-0.034760
-0.106499
-0.128386
-0.190858
-0.214883
-0.286329
-0.317473
-0.399870
-0.453216
-0.557473
-0.643524
-0.035708
-0.120206
-0.126518
-0.207661
-0.205651
-0.287556
-0.300613
-0.392925
-0.429797
-0.544103
-0.037083
-0.105409
-0.122869
-0.191110
-0.216114
-0.279626
-0.312274
-0.385005
-0.433586
-0.030224
-0.126330
-0.123055
-0.199671
-0.197157
-0.280602
-0.285458
-0.380605
-0.034978
-0.096393
-0.128016
-0.190873
-0.212414
-0.273073
-0.300069
-0.036914
-0.126768
-0.106941
-0.197838
-0.183849
-0.271319
-0.024739
-0.105210
-0.131071
-0.183390
-0.209835
-0.028270
-0.113864
-0.099293
-0.190644
-0.046174
-0.104086
-0.124378
0.003057
-0.129644
-0.017786
0.092225
0.078194
0.210690
0.213766
0.347430
0.391872
0.524770
0.592955
0.729086
0.804113
0.933618
0.997961
1.106169
1.151468
1.225206
1.246975
1.290002
1.286978
1.307121
1.287116
1.296214
1.256935
1.250019
0.074651
0.067460
0.174579
0.223419
0.326688
0.400525
0.520761
0.604459
0.733482
0.817152
0.939248
1.012070
1.110454
1.159985
1.230844
1.248470
1.293618
1.285017
1.310802
1.282881
1.291920
1.276338
0.104388
0.092507
0.211883
0.239682
0.368059
0.415755
0.555173
0.620477
0.759744
0.832169
0.956915
1.019582
1.122270
1.160546
1.235014
1.248887
1.292919
1.285811
1.306792
1.289913
1.291916
0.055447
0.096000
0.184875
0.240793
0.351544
0.424408
0.546732
0.633282
0.757758
0.843284
0.961199
1.028145
1.125578
1.168267
1.235569
1.251877
1.293791
1.286112
1.306871
1.282863
0.074354
0.104007
0.217322
0.250421
0.378161
0.434815
0.570174
0.640518
0.778560
0.846458
0.972346
1.029779
1.128833
1.166064
1.237499
1.248940
1.293787
1.285783
1.310737
0.081705
0.087422
0.200658
0.252148
0.365635
0.439890
0.565566
0.647432
0.776023
0.857980
0.971875
1.038234
1.131305
1.169869
1.237554
1.251866
1.292935
1.285064
0.068843
0.120187
0.208660
0.264178
0.383756
0.445367
0.580788
0.652969
0.784818
0.855953
0.977380
1.031617
1.131306
1.166041
1.235525
1.248899
1.293602
0.073468
0.093088
0.213820
0.252737
0.380287
0.447272
0.574833
0.657085
0.785700
0.861124
0.977411
1.038228
1.128842
1.168301
1.235062
1.248416
0.078302
0.115235
0.212066
0.272389
0.382330
0.456012
0.582736
0.654998
0.785704
0.855938
0.971852
1.029781
1.125573
1.160460
1.230885
0.073091
0.102741
0.212201
0.259452
0.385919
0.446028
0.582747
0.657083
0.784822
0.858000
0.972378
1.028109
1.122353
1.160003
0.074372
0.116775
0.215379
0.270163
0.385922
0.456006
0.574826
0.652963
0.776029
0.846396
0.961233
1.019546
1.110392
0.076014
0.101187
0.215379
0.259453
0.382331
0.447276
0.580809
0.647408
0.778612
0.843294
0.956906
1.012120
0.076015
0.116774
0.212203
0.272379
0.380301
0.445329
0.565591
0.640490
0.757728
0.832154
0.939272
0.074372
0.102736
0.212081
0.252720
0.383782
0.439892
0.570177
0.633307
0.759797
0.817098
0.073108
0.115212
0.213836
0.264160
0.365629
0.434794
0.546752
0.620382
0.733530
0.078312
0.093086
0.208666
0.252149
0.378199
0.424374
0.555243
0.604470
0.073475
0.120164
0.200682
0.250362
0.351575
0.415711
0.520731
0.068870
0.087396
0.217359
0.240793
0.368073
0.400548
0.081729
0.103978
0.184874
0.239645
0.326710
0.074366
0.095996
0.211932
0.223385
0.055483
0.092435
0.174612
0.104427
0.067461
0.074662
0.008239
-0.098587
-0.071267
-0.176993
-0.166670
-0.254153
-0.269061
-0.362474
-0.402613
-0.527192
-0.611439
-0.782362
-0.921487
-1.125934
-1.281572
-1.462431
-1.556826
-1.657427
-1.683293
-1.711463
-1.682453
-1.711727
-1.656593
-1.629377
-1.641783
-1.618654
-1.628674
-1.613765
-1.626826
-1.631031
-1.637228
-1.648485
-1.665708
-1.674018
-1.690439
-1.700319
-1.704753
-1.698696
-1.678077
-1.634987
-1.568637
-1.474509
-1.358881
-1.229512
-1.090740
-0.975295
-0.107182
-0.058374
-0.156300
-0.111234
-0.202391
-0.168856
-0.249912
-0.231411
-0.306346
-0.298975
-0.376302
-0.379234
-0.458658
-0.477063
-0.556712
-0.584915
-0.671728
-0.699766
-0.784731
-0.823331
-0.883977
-0.905005
-0.123001
-0.132962
-0.181550
-0.188685
-0.233266
-0.245063
-0.293906
-0.307696
-0.367111
-0.386755
-0.455281
-0.487057
-0.564184
-0.604419
-0.695222
-0.735285
-0.831375
-0.877743
-0.958273
-1.000736
-1.080725
-0.186913
-0.147414
-0.232794
-0.209936
-0.290606
-0.277971
-0.360269
-0.363466
-0.448027
-0.471071
-0.561765
-0.600949
-0.702397
-0.750639
-0.855949
-0.914092
-1.004782
-1.065434
-1.141471
-1.177825
-0.190547
-0.229167
-0.261955
-0.290026
-0.335379
-0.369673
-0.426409
-0.472345
-0.546470
-0.603925
-0.697716
-0.764785
-0.870503
-0.945626
-1.046127
-1.119902
-1.209120
-1.259003
-1.332989
-0.262744
-0.239114
-0.328188
-0.325723
-0.412872
-0.431430
-0.529983
-0.569180
-0.683238
-0.744019
-0.867504
-0.945295
-1.063418
-1.144810
-1.247103
-1.309922
-1.390220
-1.430079
-0.281861
-0.334175
-0.371656
-0.429729
-0.491064
-0.559436
-0.647262
-0.733521
-0.842330
-0.943794
-1.059620
-1.162165
-1.268589
-1.349028
-1.435351
-1.486737
-1.540190
-0.357423
-0.366820
-0.467312
-0.497254
-0.613999
-0.674310
-0.807691
-0.896009
-1.037693
-1.137837
-1.267122
-1.351896
-1.454024
-1.508915
-1.571526
-1.605035
-0.408328
-0.482759
-0.551648
-0.647809
-0.744896
-0.864695
-0.985201
-1.116255
-1.237386
-1.351631
-1.451071
-1.526431
-1.588659
-1.631966
-1.659797
-0.510556
-0.560876
-0.690781
-0.774444
-0.925603
-1.037512
-1.190592
-1.302162
-1.430709
-1.506597
-1.589962
-1.630276
-1.668535
-1.683078
-0.604187
-0.723264
-0.833486
-0.980480
-1.109248
-1.261227
-1.378617
-1.492294
-1.570139
-1.635608
-1.666662
-1.694791
-1.701511
-0.754026
-0.859431
-1.022576
-1.152311
-1.311555
-1.420124
-1.539705
-1.601984
-1.660800
-1.682242
-1.703219
-1.695993
-0.901238
-1.069142
-1.205080
-1.362407
-1.476110
-1.582312
-1.635365
-1.686962
-1.697331
-1.705756
-1.698392
-1.094571
-1.230496
-1.393664
-1.497087
-1.598887
-1.649849
-1.693586
-1.692198
-1.704572
-1.682741
-1.268270
-1.427165
-1.529144
-1.632396
-1.671331
-1.703134
-1.703484
-1.701402
-1.675325
-1.438025
-1.540716
-1.632854
-1.664196
-1.704432
-1.692445
-1.689139
-1.664618
-1.559217
-1.648605
-1.689112
-1.713838
-1.696368
-1.694400
-1.659726
-1.650389
-1.674086
-1.698036
-1.689463
-1.682317
-1.643370
-1.686244
-1.720377
-1.701350
-1.683980
-1.653491
-1.699315
-1.678742
-1.679169
-1.640698
-1.708714
-1.692875
-1.648960
-1.669786
-1.644669
-1.657749
-0.030938
0.079010
0.067150
0.146814
0.153892
0.232112
0.253896
0.336007
0.363103
0.449860
0.482804
0.568462
0.600612
0.688026
0.714619
0.791836
0.820533
0.887618
0.897110
0.972911
0.970548
1.006705
1.015369
1.281572
1.250608
1.250789
1.243336
1.257322
1.248635
1.258738
1.264032
1.273024
1.277563
1.289567
1.296147
1.296310
1.305934
1.294981
1.293293
1.270861
1.261340
1.208811
1.206914
1.113067
1.125304
1.250732
1.262319
1.258597
1.260754
1.256640
1.270253
1.266934
1.276901
1.280986
1.291373
1.287852
1.300987
1.291877
1.292574
1.277837
1.269667
1.230069
1.222662
1.159056
1.133424
1.072144
1.296012
1.286140
1.291300
1.290478
1.294750
1.291110
1.301151
1.300105
1.301008
1.306127
1.300743
1.297142
1.286258
1.277614
1.242647
1.236223
1.177680
1.155767
1.093103
1.051187
1.284468
1.290435
1.285562
1.289426
1.289294
1.295152
1.287806
1.298616
1.288376
1.290043
1.278412
1.274446
1.243939
1.239535
1.191459
1.169099
1.116833
1.076493
1.002660
1.309428
1.304138
1.309601
1.305568
1.304249
1.304633
1.300435
1.293684
1.287138
1.277425
1.252656
1.244913
1.202514
1.181464
1.130786
1.096924
1.022276
0.997786
1.286547
1.287974
1.281545
1.286826
1.277596
1.276625
1.265731
1.262413
1.237223
1.234154
1.195221
1.179603
1.132814
1.105020
1.037303
1.011439
0.922811
1.289010
1.286939
1.282974
1.275665
1.269635
1.260370
1.241076
1.231407
1.200005
1.180668
1.139209
1.111897
1.048924
1.023543
0.939703
0.906042
1.243004
1.238796
1.231131
1.226352
1.206653
1.201639
1.172556
1.158383
1.119757
1.099283
1.041353
1.019998
0.944271
0.912593
0.832979
1.219953
1.213156
1.197697
1.189687
1.166050
1.148454
1.115846
1.093341
1.041988
1.018535
0.950589
0.918210
0.842882
0.803711
1.140904
1.133571
1.114526
1.100359
1.072592
1.054788
1.009725
0.990930
0.930752
0.903467
0.834705
0.800310
0.717116
1.088809
1.077464
1.052422
1.036599
0.996307
0.977241
0.923157
0.896285
0.832791
0.799831
0.721683
0.692333
0.982917
0.967692
0.937454
0.919947
0.877086
0.854069
0.799789
0.772281
0.703214
0.677407
0.593948
0.903744
0.894089
0.854168
0.836558
0.783922
0.761511
0.695671
0.672453
0.593348
0.569450
0.780582
0.761512
0.724436
0.704409
0.653257
0.631762
0.566498
0.544955
0.468630
0.692064
0.685462
0.633412
0.620507
0.555364
0.540954
0.464479
0.450647
0.562283
0.546790
0.504489
0.489615
0.431824
0.416825
0.345655
0.482131
0.482427
0.419412
0.416357
0.341983
0.340355
0.356150
0.351511
0.306536
0.298010
0.234682
0.298395
0.301834
0.231550
0.244410
0.184425
0.196258
0.133683
0.135180
0.160883
0.053608
-0.085589
-0.022569
-0.108293
-0.089334
-0.152055
-0.141824
-0.202296
-0.192163
-0.252946
-0.248899
-0.309756
-0.310932
-0.378979
-0.383990
-0.457191
-0.473043
-0.546336
-0.566979
-0.650551
-0.663047
-0.743366
-0.776787
-0.838805
-0.726047
-0.614226
-0.491008
-0.425622
-0.334933
-0.282109
-0.221769
-0.175616
-0.121529
-0.078568
-0.018774
0.030432
0.102334
0.166848
0.253740
0.336181
0.437304
0.528370
0.645430
0.722913
0.846419
0.909011
1.006849
0.082303
-0.014794
0.109870
0.063915
0.177706
0.153400
0.257424
0.253526
0.355820
0.361694
0.462578
0.479149
0.573639
0.592315
0.685131
0.701777
0.779574
0.803089
0.868871
0.872355
0.951294
0.957315
-0.080675
0.025845
-0.000558
0.086934
0.072498
0.164672
0.162712
0.250898
0.261903
0.352499
0.367122
0.458456
0.479088
0.565891
0.583631
0.671380
0.684169
0.756584
0.778437
0.838756
0.848478
0.000612
-0.066899
0.043089
0.000752
0.105323
0.071572
0.179310
0.160427
0.261751
0.258206
0.358812
0.361729
0.458947
0.470826
0.560582
0.570464
0.661248
0.666787
0.746650
0.760202
-0.119902
-0.028593
-0.063751
0.024285
0.004536
0.093925
0.076857
0.172592
0.164742
0.257732
0.259349
0.354131
0.358240
0.449723
0.461480
0.544974
0.556110
0.638670
0.655736
-0.066953
-0.118531
-0.013940
-0.063739
0.036755
0.002337
0.102813
0.074549
0.178225
0.161422
0.261021
0.254004
0.354252
0.350348
0.446852
0.449839
0.543357
0.543814
-0.160409
-0.087354
-0.118587
-0.028848
-0.061165
0.028362
0.005163
0.097725
0.077038
0.174097
0.161462
0.255300
0.250376
0.344164
0.343996
0.431294
0.443920
-0.125917
-0.162011
-0.075426
-0.119441
-0.021273
-0.062795
0.034159
0.002535
0.101929
0.074063
0.176729
0.157060
0.257504
0.243346
0.346579
0.337120
-0.208646
-0.140830
-0.163427
-0.085020
-0.117332
-0.027580
-0.060199
0.030454
0.004270
0.097738
0.074459
0.169974
0.155407
0.247597
0.240502
-0.180379
-0.210786
-0.131678
-0.165602
-0.078922
-0.119047
-0.023201
-0.062305
0.034761
0.001591
0.102397
0.071136
0.174621
0.151989
-0.257876
-0.190360
-0.211203
-0.137123
-0.163743
-0.082529
-0.115923
-0.026561
-0.059902
0.030399
0.002465
0.095905
0.070713
-0.239832
-0.260216
-0.182935
-0.213491
-0.131177
-0.165869
-0.077326
-0.117512
-0.020801
-0.061334
0.036699
0.001025
-0.311622
-0.245274
-0.258358
-0.185458
-0.210151
-0.132654
-0.162172
-0.080237
-0.114955
-0.025545
-0.060366
-0.302404
-0.312888
-0.238001
-0.259787
-0.178470
-0.211748
-0.125578
-0.162832
-0.072914
-0.115236
-0.376015
-0.303074
-0.307134
-0.237427
-0.253860
-0.179186
-0.208014
-0.128990
-0.161008
-0.372834
-0.374652
-0.292779
-0.306967
-0.228929
-0.253739
-0.170254
-0.207671
-0.445218
-0.366813
-0.364104
-0.289356
-0.299445
-0.230682
-0.250717
-0.455486
-0.438772
-0.352694
-0.361594
-0.277162
-0.297294
-0.522678
-0.442675
-0.420974
-0.347996
-0.355167
-0.537271
-0.508622
-0.422623
-0.413677
-0.612190
-0.514200
-0.488724
-0.620431
-0.591901
-0.679337
0.008169
-0.098508
-0.071309
-0.176944
-0.166707
-0.254103
-0.269101
-0.362430
-0.402640
-0.527158
-0.611458
-0.782330
-0.921503
-1.125909
-1.281588
-1.462415
-1.556846
-1.657424
-1.683321
-1.711473
-1.682471
-1.711724
-1.656602
-1.629372
-1.641778
-1.618650
-1.628661
-1.613762
-1.626809
-1.631031
-1.637205
-1.648487
-1.665678
-1.674022
-1.690400
-1.700326
-1.704704
-1.698709
-1.678014
-1.635004
-1.568562
-1.474532
-1.358788
-1.229551
-1.090618
-0.975349
-0.107178
-0.058426
-0.156317
-0.111287
-0.202387
-0.168929
-0.249908
-0.231473
-0.306351
-0.299043
-0.376297
-0.379311
-0.458656
-0.477137
-0.556717
-0.584993
-0.671735
-0.699844
-0.784745
-0.823410
-0.883998
-0.905076
-0.123019
-0.132885
-0.181546
-0.188625
-0.233262
-0.244989
-0.293913
-0.307624
-0.367108
-0.386686
-0.455281
-0.486978
-0.564187
-0.604337
-0.695223
-0.735199
-0.831379
-0.877653
-0.958279
-1.000636
-1.080745
-0.186908
-0.147475
-0.232789
-0.209985
-0.290612
-0.278023
-0.360264
-0.363527
-0.448025
-0.471126
-0.561767
-0.601008
-0.702398
-0.750700
-0.855956
-0.914152
-1.004793
-1.065490
-1.141496
-1.177871
-0.190544
-0.229104
-0.261961
-0.289964
-0.335373
-0.369616
-0.426406
-0.472279
-0.546471
-0.603859
-0.697713
-0.764715
-0.870503
-0.945551
-1.046129
-1.119822
-1.209129
-1.258913
-1.333003
-0.262749
-0.239155
-0.328183
-0.325773
-0.412869
-0.431473
-0.529984
-0.569224
-0.683236
-0.744065
-0.867505
-0.945339
-1.063423
-1.144853
-1.247115
-1.309960
-1.390240
-1.430117
-0.281855
-0.334129
-0.371651
-0.429674
-0.491062
-0.559381
-0.647256
-0.733464
-0.842326
-0.943732
-1.059618
-1.162100
-1.268590
-1.348958
-1.435356
-1.486664
-1.540195
-0.357420
-0.366853
-0.467313
-0.497289
-0.613995
-0.674346
-0.807690
-0.896041
-1.037695
-1.137870
-1.267126
-1.351927
-1.454033
-1.508944
-1.571538
-1.605065
-0.408325
-0.482714
-0.551639
-0.647763
-0.744889
-0.864643
-0.985196
-1.116202
-1.237381
-1.351576
-1.451071
-1.526374
-1.588659
-1.631907
-1.659799
-0.510552
-0.560905
-0.690778
-0.774468
-0.925603
-1.037537
-1.190592
-1.302187
-1.430714
-1.506621
-1.589969
-1.630300
-1.668544
-1.683100
-0.604178
-0.723222
-0.833478
-0.980438
-1.109239
-1.261185
-1.378613
-1.492251
-1.570137
-1.635564
-1.666661
-1.694744
-1.701510
-0.754025
-0.859451
-1.022573
-1.152333
-1.311557
-1.420145
-1.539710
-1.602007
-1.660806
-1.682262
-1.703226
-1.696011
-0.901225
-1.069110
-1.205071
-1.362373
-1.476106
-1.582281
-1.635365
-1.686931
-1.697331
-1.705721
-1.698390
-1.094570
-1.230514
-1.393665
-1.497109
-1.598893
-1.649872
-1.693596
-1.692218
-1.704578
-1.682756
-1.268261
-1.427140
-1.529142
-1.632374
-1.671335
-1.703120
-1.703486
-1.701377
-1.675321
-1.438023
-1.540742
-1.632857
-1.664223
-1.704456
-1.692470
-1.689145
-1.664630
-1.559216
-1.648586
-1.689119
-1.713856
-1.696381
-1.694384
-1.659721
-1.650393
-1.674117
-1.698085
-1.689500
-1.682322
-1.643378
-1.686255
-1.720405
-1.701370
-1.683970
-1.653483
-1.699341
-1.678773
-1.679171
-1.640703
-1.708719
-1.692870
-1.648954
-1.669789
-1.644674
-1.657743
-0.030975
0.079100
0.067161
0.146877
0.153888
0.232255
0.253854
0.336123
0.363180
0.449926
0.482823
0.568706
0.600553
0.688186
0.714786
0.791917
0.820553
0.888003
0.897013
0.973129
0.970773
1.006849
1.015327
1.281639
1.250537
1.250742
1.243389
1.257278
1.248465
1.258936
1.263859
1.272914
1.277704
1.289482
1.295888
1.296610
1.305695
1.294857
1.293433
1.270787
1.261038
1.209096
1.206664
1.112938
1.125322
1.250680
1.262434
1.258558
1.260727
1.256777
1.270263
1.266791
1.277215
1.280843
1.291366
1.288032
1.301039
1.291635
1.293024
1.277622
1.269728
1.230194
1.222820
1.158770
1.133917
1.071969
1.296031
1.286004
1.291431
1.290356
1.294661
1.291205
1.301084
1.299888
1.301245
1.305929
1.300618
1.297275
1.286185
1.277337
1.242922
1.235998
1.177561
1.155831
1.093080
1.050845
1.284536
1.290461
1.285465
1.289642
1.289211
1.295138
1.287963
1.298655
1.288189
1.290414
1.278250
1.274471
1.244081
1.239647
1.191205
1.169535
1.116663
1.076578
1.002755
1.309381
1.304171
1.309572
1.305395
1.304417
1.304481
1.300322
1.293789
1.287069
1.277184
1.252889
1.244718
1.202394
1.181541
1.130759
1.096623
1.022511
0.997565
1.286516
1.287961
1.281652
1.286864
1.277464
1.276906
1.265623
1.262421
1.237363
1.234236
1.195016
1.179976
1.132673
1.105070
1.037404
1.011602
0.922591
1.289107
1.286837
1.282891
1.275726
1.269582
1.260173
1.241251
1.231247
1.199890
1.180742
1.139170
1.111637
1.049135
1.023353
0.939614
0.906033
1.242924
1.238977
1.231071
1.226356
1.206769
1.201704
1.172406
1.158683
1.119654
1.099312
1.041460
1.020122
0.944080
0.912928
0.832883
1.219925
1.213013
1.197810
1.189566
1.165951
1.148507
1.115802
1.093127
1.042152
1.018376
0.950497
0.918220
0.842890
0.803446
1.140980
1.133619
1.114427
1.100578
1.072527
1.054809
1.009827
0.991025
0.930606
0.903748
0.834630
0.800364
0.717183
1.088737
1.077492
1.052382
1.036437
0.996418
0.977114
0.923067
0.896298
0.832778
0.799611
0.721822
0.692182
0.982883
0.967708
0.937536
0.920017
0.876988
0.854290
0.799740
0.772321
0.703287
0.677532
0.593824
0.903808
0.893997
0.854092
0.836566
0.783895
0.761339
0.695769
0.672329
0.593285
0.569414
0.780525
0.761668
0.724409
0.704442
0.653328
0.631858
0.566411
0.545156
0.468599
0.692035
0.685340
0.633471
0.620408
0.555300
0.540928
0.464476
0.450480
0.562339
0.546859
0.504439
0.489772
0.431811
0.416878
0.345700
0.482080
0.482407
0.419392
0.416228
0.342030
0.340262
0.356146
0.351558
0.306585
0.298101
0.234638
0.298416
0.301758
0.231504
0.244369
0.184408
0.196376
0.133685
0.135155
0.160794
0.053633
-0.085593
-0.022502
-0.108285
-0.089250
-0.152070
-0.141738
-0.202292
-0.192093
-0.252945
-0.248811
-0.309767
-0.310843
-0.378979
-0.383904
-0.457194
-0.472947
-0.546341
-0.566879
-0.650558
-0.662942
-0.743373
-0.776678
-0.838813
-0.726158
-0.614091
-0.491125
-0.425494
-0.335064
-0.281970
-0.221904
-0.175478
-0.121675
-0.078390
-0.018972
0.030645
0.102157
0.167006
0.253587
0.336417
0.436998
0.528721
0.645186
0.723077
0.846312
0.909327
1.006412
0.082261
-0.014818
0.109806
0.063937
0.177590
0.153392
0.257369
0.253455
0.355705
0.361731
0.462371
0.479102
0.573582
0.592164
0.684948
0.701842
0.779264
0.802995
0.868825
0.872140
0.951033
0.957440
-0.080682
0.025951
-0.000590
0.087037
0.072527
0.164745
0.162726
0.251071
0.261867
0.352645
0.367222
0.458544
0.479122
0.566179
0.583570
0.671584
0.684335
0.756704
0.778438
0.839198
0.848318
0.000533
-0.066899
0.043034
0.000716
0.105240
0.071587
0.179162
0.160409
0.261674
0.258114
0.358668
0.361760
0.458698
0.470778
0.560492
0.570314
0.661029
0.666877
0.746288
0.760168
-0.119897
-0.028523
-0.063747
0.024408
0.004512
0.094050
0.076904
0.172683
0.164773
0.257939
0.259316
0.354314
0.358347
0.449843
0.461508
0.545305
0.556017
0.638928
0.655850
-0.067015
-0.118524
-0.014041
-0.063743
0.036679
0.002286
0.102706
0.074558
0.178041
0.161398
0.260914
0.253905
0.354075
0.350392
0.446561
0.449820
0.543226
0.543700
-0.160424
-0.087255
-0.118571
-0.028763
-0.061148
0.028509
0.005145
0.097879
0.077095
0.174215
0.161495
0.255545
0.250329
0.344387
0.344078
0.431449
0.443920
-0.125984
-0.162033
-0.075507
-0.119441
-0.021403
-0.062805
0.034056
0.002475
0.101791
0.074074
0.176507
0.157047
0.257363
0.243266
0.346374
0.337186
-0.208637
-0.140728
-0.163437
-0.084900
-0.117307
-0.027473
-0.060174
0.030631
0.004251
0.097925
0.074510
0.170122
0.155425
0.247867
0.240437
-0.180469
-0.210787
-0.131766
-0.165632
-0.079028
-0.119050
-0.023363
-0.062314
0.034627
0.001536
0.102230
0.071161
0.174376
0.151993
-0.257868
-0.190273
-0.211189
-0.136998
-0.163751
-0.082382
-0.115897
-0.026428
-0.059880
0.030604
0.002434
0.096112
0.070750
-0.239912
-0.260219
-0.183049
-0.213496
-0.131292
-0.165901
-0.077461
-0.117511
-0.020991
-0.061334
0.036546
0.000981
-0.311626
-0.245165
-0.258348
-0.185348
-0.210136
-0.132502
-0.162182
-0.080066
-0.114934
-0.025396
-0.060356
-0.302492
-0.312902
-0.238105
-0.259792
-0.178612
-0.211752
-0.125717
-0.162860
-0.073065
-0.115225
-0.376010
-0.302964
-0.307138
-0.237295
-0.253850
-0.179054
-0.208001
-0.128823
-0.161027
-0.372933
-0.374655
-0.292891
-0.306984
-0.229057
-0.253744
-0.170412
-0.207669
-0.445219
-0.366706
-0.364101
-0.289225
-0.299449
-0.230534
-0.250712
-0.455583
-0.438777
-0.352815
-0.361601
-0.277292
-0.297308
-0.522685
-0.442560
-0.420974
-0.347869
-0.355165
-0.537369
-0.508631
-0.422742
-0.413686
-0.612203
-0.514079
-0.488727
-0.620527
-0.591918
-0.679353
-0.085594
-0.022503
-0.108285
-0.089250
-0.152070
-0.141739
-0.202292
-0.192093
-0.252945
-0.248811
-0.309767
-0.310844
-0.378980
-0.383904
-0.457195
-0.472948
-0.546343
-0.566880
-0.650559
-0.662943
-0.743374
-0.776678
-0.838813
-1.657743
-1.644675
-1.648955
-1.640705
-1.653484
-1.643378
-1.659719
-1.664627
-1.675318
-1.682753
-1.698388
-1.696009
-1.701509
-1.683099
-1.659799
-1.605066
-1.540196
-1.430119
-1.333005
-1.177873
-1.080746
-0.905077
-1.669784
-1.692863
-1.679162
-1.683959
-1.682309
-1.694372
-1.689135
-1.701370
-1.704573
-1.705717
-1.703224
-1.694742
-1.668544
-1.631908
-1.571539
-1.486666
-1.390242
-1.258916
-1.141499
-1.000638
-0.884000
-1.708701
-1.678743
-1.701325
-1.689452
-1.696344
-1.692448
-1.703474
-1.692210
-1.697326
-1.682259
-1.666660
-1.630300
-1.588660
-1.508946
-1.435359
-1.309963
-1.209132
-1.065492
-0.958282
-0.823411
-1.699313
-1.720361
-1.698033
-1.713818
-1.704437
-1.703109
-1.693589
-1.686927
-1.660804
-1.635564
-1.589969
-1.526376
-1.454036
-1.348961
-1.247118
-1.119825
-1.004797
-0.877655
-0.784747
-1.686245
-1.674119
-1.689132
-1.664236
-1.671339
-1.649873
-1.635364
-1.602006
-1.570137
-1.506623
-1.451073
-1.351931
-1.268594
-1.144857
-1.046133
-0.914155
-0.831382
-0.699846
-1.650404
-1.648605
-1.632874
-1.632384
-1.598899
-1.582285
-1.539712
-1.492254
-1.430717
-1.351580
-1.267130
-1.162105
-1.063428
-0.945555
-0.855959
-0.735202
-0.671737
-1.559220
-1.540744
-1.529147
-1.497115
-1.476111
-1.420150
-1.378617
-1.302192
-1.237386
-1.137875
-1.059623
-0.945343
-0.870506
-0.750703
-0.695226
-0.584995
-1.438034
-1.427151
-1.393675
-1.362381
-1.311564
-1.261191
-1.190598
-1.116208
-1.037700
-0.943737
-0.867510
-0.764719
-0.702402
-0.604339
-0.556718
-1.268269
-1.230521
-1.205079
-1.152340
-1.109246
-1.037544
-0.985202
-0.896046
-0.842331
-0.744069
-0.697717
-0.601011
-0.564189
-0.477138
-1.094578
-1.069117
-1.022581
-0.980445
-0.925609
-0.864649
-0.807695
-0.733469
-0.683239
-0.603862
-0.561770
-0.486980
-0.458658
-0.901233
-0.859458
-0.833484
-0.774475
-0.744894
-0.674351
-0.647260
-0.569227
-0.546474
-0.471128
-0.455282
-0.379312
-0.754031
-0.723228
-0.690783
-0.647768
-0.613999
-0.559384
-0.529987
-0.472282
-0.448026
-0.386687
-0.376297
-0.604183
-0.560910
-0.551642
-0.497292
-0.491065
-0.431475
-0.426407
-0.363528
-0.367109
-0.299043
-0.510556
-0.482718
-0.467316
-0.429676
-0.412871
-0.369618
-0.360265
-0.307624
-0.306352
-0.408328
-0.366856
-0.371653
-0.325774
-0.335374
-0.278024
-0.293913
-0.231473
-0.357422
-0.334131
-0.328184
-0.289965
-0.290613
-0.244990
-0.249908
-0.281856
-0.239157
-0.261962
-0.209986
-0.233262
-0.168929
-0.262751
-0.229105
-0.232790
-0.188626
-0.202388
-0.190545
-0.147476
-0.181546
-0.111288
-0.186909
-0.132886
-0.156318
-0.123020
-0.058427
-0.107179
0.092164
0.078258
0.210659
0.213828
0.347347
0.391980
0.524702
0.592984
0.729089
0.804164
0.933515
0.998100
1.106096
1.151472
1.225228
1.247012
1.289887
1.287086
1.307058
1.287095
1.296194
1.256968
1.249930
1.221362
1.199780
1.213479
1.218969
1.206601
1.214643
1.219007
1.227409
1.231951
1.249929
1.256312
1.271190
1.280728
1.293500
1.292237
1.302967
1.289637
1.284741
1.261799
1.241136
1.196323
1.174371
1.094174
0.053632
0.160793
0.133684
0.244369
0.234638
0.340262
0.345700
0.450480
0.468600
0.569415
0.593825
0.692183
0.717185
0.803447
0.832884
0.906034
0.922592
0.997566
1.002756
1.050846
1.071969
1.125323
0.135154
0.196375
0.231503
0.298100
0.342030
0.416879
0.464477
0.545157
0.593286
0.677533
0.721824
0.800365
0.842891
0.912930
0.939615
1.011603
1.022512
1.076579
1.093080
1.133917
1.112938
0.184407
0.301757
0.306584
0.416229
0.431811
0.540929
0.566413
0.672330
0.703288
0.799613
0.834632
0.918222
0.944082
1.023354
1.037405
1.096624
1.116664
1.155831
1.158771
1.206665
0.298415
0.351558
0.419392
0.489773
0.555301
0.631859
0.695771
0.772322
0.832780
0.903750
0.950499
1.020124
1.049136
1.105072
1.130761
1.169536
1.177562
1.222821
1.209096
0.356146
0.482407
0.504440
0.620409
0.653330
0.761340
0.799743
0.896301
0.930609
1.018378
1.041463
1.111639
1.132675
1.181543
1.191206
1.235999
1.230195
1.261039
0.482081
0.546860
0.633472
0.704444
0.783897
0.854292
0.923070
0.991027
1.042155
1.099314
1.139173
1.179978
1.202396
1.239649
1.242923
1.269729
1.270787
0.562340
0.685342
0.724412
0.836568
0.876991
0.977116
1.009830
1.093129
1.119657
1.180744
1.195018
1.244719
1.244083
1.277338
1.277623
1.293434
0.692037
0.761670
0.854095
0.920020
0.996421
1.054812
1.115805
1.158686
1.199892
1.234239
1.252891
1.274473
1.286186
1.293025
1.294858
0.780528
0.894000
0.937539
1.036440
1.072530
1.148510
1.172408
1.231250
1.237366
1.277186
1.278252
1.297277
1.291636
1.305697
0.903811
0.967712
1.052385
1.100581
1.165954
1.201707
1.241253
1.262423
1.287071
1.290416
1.300620
1.301040
1.296611
0.982886
1.077495
1.114431
1.189569
1.206772
1.260176
1.265626
1.293791
1.288191
1.305931
1.288034
1.295890
1.088741
1.133623
1.197813
1.226359
1.269585
1.276909
1.300324
1.298657
1.301247
1.291368
1.289483
1.140983
1.213016
1.231074
1.275729
1.277467
1.304484
1.287965
1.299890
1.280844
1.277705
1.219929
1.238980
1.282894
1.286867
1.304419
1.295140
1.301085
1.277217
1.272915
1.242927
1.286840
1.281655
1.305398
1.289213
1.291208
1.266792
1.263861
1.289111
1.287964
1.309575
1.289644
1.294663
1.270265
1.258938
1.286519
1.304174
1.285467
1.290358
1.256778
1.248466
1.309384
1.290463
1.291433
1.260729
1.257280
1.284538
1.286006
1.258560
1.243391
1.296033
1.262436
1.250743
1.250682
1.250539
1.281641
-0.030976
0.079098
0.067160
0.146876
0.153887
0.232255
0.253853
0.336123
0.363180
0.449926
0.482823
0.568707
0.600554
0.688187
0.714787
0.791918
0.820554
0.888004
0.897014
0.973129
0.970773
1.006850
1.015327
-0.679354
-0.591918
-0.488727
-0.413686
-0.355165
-0.297308
-0.250712
-0.207669
-0.161027
-0.115225
-0.060356
0.000981
0.070750
0.151993
0.240437
0.337186
0.443920
0.543700
0.655850
0.760168
0.848318
0.957440
-0.620528
-0.514079
-0.422742
-0.347869
-0.277292
-0.230534
-0.170412
-0.128823
-0.073065
-0.025395
0.036546
0.096112
0.174376
0.247867
0.346374
0.431449
0.543226
0.638928
0.746288
0.839198
0.951033
-0.612204
-0.508632
-0.420974
-0.361601
-0.299449
-0.253744
-0.208001
-0.162860
-0.114934
-0.061334
0.002434
0.071161
0.155424
0.243266
0.344078
0.449820
0.556017
0.666878
0.778438
0.872141
-0.537370
-0.442560
-0.352815
-0.289225
-0.229057
-0.179054
-0.125717
-0.080066
-0.020991
0.030604
0.102230
0.170122
0.257363
0.344387
0.446561
0.545305
0.661029
0.756704
0.868826
-0.522686
-0.438777
-0.364101
-0.306984
-0.253850
-0.211751
-0.162182
-0.117511
-0.059880
0.001536
0.074510
0.157047
0.250329
0.350392
0.461508
0.570314
0.684335
0.802996
-0.455584
-0.366706
-0.292891
-0.237295
-0.178612
-0.132502
-0.077461
-0.026427
0.034627
0.097925
0.176507
0.255545
0.354075
0.449843
0.560493
0.671585
0.779264
-0.445220
-0.374655
-0.307138
-0.259792
-0.210136
-0.165901
-0.115897
-0.062314
0.004250
0.074074
0.161495
0.253905
0.358347
0.470779
0.583571
0.701843
-0.372933
-0.302964
-0.238105
-0.185347
-0.131291
-0.082381
-0.023363
0.030631
0.101791
0.174215
0.260914
0.354314
0.458698
0.566179
0.684948
-0.376011
-0.312902
-0.258348
-0.213495
-0.163751
-0.119049
-0.060174
0.002475
0.077095
0.161398
0.259316
0.361761
0.479123
0.592165
-0.302492
-0.245165
-0.183049
-0.136998
-0.079028
-0.027473
0.034056
0.097879
0.178041
0.257939
0.358668
0.458544
0.573582
-0.311626
-0.260219
-0.211189
-0.165632
-0.117307
-0.062805
0.005144
0.074558
0.164772
0.258114
0.367223
0.479103
-0.239912
-0.190273
-0.131766
-0.084899
-0.021403
0.028509
0.102706
0.172683
0.261674
0.352645
0.462371
-0.257868
-0.210787
-0.163437
-0.119441
-0.061148
0.002286
0.076904
0.160408
0.261867
0.361731
-0.180469
-0.140728
-0.075507
-0.028763
0.036678
0.094050
0.179161
0.251071
0.355705
-0.208637
-0.162033
-0.118571
-0.063743
0.004511
0.071586
0.162726
0.253455
-0.125984
-0.087256
-0.014042
0.024407
0.105239
0.164745
0.257369
-0.160425
-0.118525
-0.063747
0.000715
0.072527
0.153392
-0.067015
-0.028523
0.043033
0.087036
0.177589
-0.119898
-0.066899
-0.000591
0.063936
0.000532
0.025950
0.109805
-0.080684
-0.014819
0.082260
-1.629375
-1.641781
-1.618652
-1.628671
-1.613762
-1.626823
-1.631029
-1.637225
-1.648483
-1.665706
-1.674015
-1.690437
-1.700317
-1.704751
-1.698695
-1.678075
-1.634986
-1.568636
-1.474508
-1.358880
-1.229512
-1.090739
-0.975295
-1.573078
-1.597517
-1.570196
-1.580844
-1.580244
-1.580772
-1.589583
-1.606743
-1.613210
-1.636269
-1.652190
-1.673591
-1.685306
-1.703443
-1.696549
-1.693127
-1.646286
-1.598103
-1.495971
-1.398336
-1.248040
-1.122639
-1.554220
-1.560973
-1.555484
-1.545955
-1.550845
-1.563315
-1.563897
-1.584206
-1.600164
-1.619795
-1.639433
-1.665037
-1.681475
-1.699203
-1.702396
-1.695237
-1.659366
-1.604212
-1.510872
-1.394500
-1.248040
-1.536701
-1.502257
-1.507916
-1.511721
-1.505480
-1.520647
-1.534252
-1.549559
-1.569988
-1.598649
-1.619483
-1.649652
-1.671033
-1.695042
-1.699418
-1.701285
-1.661687
-1.616404
-1.510871
-1.398336
-1.484109
-1.496670
-1.468553
-1.483207
-1.487029
-1.496628
-1.511032
-1.537511
-1.554846
-1.585949
-1.612448
-1.643310
-1.667035
-1.692515
-1.699911
-1.698939
-1.661687
-1.604211
-1.495970
-1.446664
-1.436330
-1.445369
-1.436015
-1.450380
-1.467568
-1.483105
-1.509629
-1.538465
-1.569600
-1.600297
-1.636448
-1.662605
-1.691862
-1.699911
-1.701284
-1.659365
-1.598102
-1.423137
-1.415349
-1.407739
-1.427192
-1.425887
-1.451825
-1.471815
-1.502119
-1.528775
-1.567880
-1.597250
-1.636326
-1.662605
-1.692515
-1.699417
-1.695237
-1.646286
-1.383398
-1.380987
-1.380432
-1.386874
-1.409309
-1.426018
-1.455125
-1.488092
-1.522511
-1.560261
-1.597250
-1.636448
-1.667035
-1.695042
-1.702395
-1.693126
-1.356538
-1.362286
-1.364420
-1.381024
-1.392532
-1.427635
-1.450452
-1.490865
-1.522511
-1.567880
-1.600296
-1.643309
-1.671032
-1.699202
-1.696548
-1.339321
-1.333195
-1.344768
-1.361363
-1.386668
-1.412401
-1.450452
-1.488091
-1.528775
-1.569599
-1.612447
-1.649651
-1.681474
-1.703442
-1.319109
-1.335327
-1.339446
-1.365343
-1.386668
-1.427634
-1.455124
-1.502118
-1.538465
-1.585949
-1.619482
-1.665036
-1.685305
-1.313586
-1.316447
-1.339446
-1.361362
-1.392531
-1.426017
-1.471814
-1.509628
-1.554845
-1.598648
-1.639431
-1.673589
-1.313586
-1.335327
-1.344767
-1.381023
-1.409308
-1.451824
-1.483103
-1.537510
-1.569986
-1.619793
-1.652188
-1.319108
-1.333194
-1.364419
-1.386873
-1.425885
-1.467567
-1.511031
-1.549557
-1.600162
-1.636267
-1.339320
-1.362284
-1.380431
-1.427190
-1.450379
-1.496627
-1.534250
-1.584205
-1.613208
-1.356536
-1.380986
-1.407738
-1.436014
-1.487027
-1.520645
-1.563895
-1.606741
-1.383397
-1.415347
-1.445367
-1.483205
-1.505478
-1.563313
-1.589581
-1.423135
-1.436328
-1.468551
-1.511719
-1.550842
-1.580770
-1.446661
-1.496667
-1.507913
-1.545953
-1.580242
-1.484106
-1.502255
-1.555481
-1.580842
-1.536698
-1.560970
-1.570194
-1.554217
-1.597515
-1.573076
-1.608604
-1.613025
-1.524988
-1.507355
-1.470176
-1.437844
-1.390595
-1.381081
-1.337581
-1.331916
-1.310702
-1.314719
-1.310702
-1.331917
-1.337583
-1.381082
-1.390596
-1.437847
-1.470179
-1.507358
-1.524991
-1.613027
-1.608606
-1.629374
-1.641781
-1.618654
-1.628665
-1.613766
-1.626812
-1.631033
-1.637206
-1.648487
-1.665677
-1.674022
-1.690399
-1.700326
-1.704703
-1.698708
-1.678015
-1.635005
-1.568563
-1.474533
-1.358789
-1.229552
-1.090619
-0.975350
-1.573079
-1.597511
-1.570199
-1.580837
-1.580248
-1.580766
-1.589590
-1.606737
-1.613219
-1.636264
-1.652202
-1.673587
-1.685323
-1.703441
-1.696570
-1.693129
-1.646314
-1.598109
-1.496009
-1.398345
-1.248089
-1.122658
-1.554216
-1.560966
-1.555480
-1.545943
-1.550843
-1.563297
-1.563897
-1.584182
-1.600167
-1.619763
-1.639439
-1.664996
-1.681485
-1.699152
-1.702410
-1.695173
-1.659388
-1.604131
-1.510905
-1.394402
-1.248089
-1.536700
-1.502253
-1.507917
-1.511716
-1.505484
-1.520642
-1.534258
-1.549553
-1.569996
-1.598644
-1.619495
-1.649649
-1.671048
-1.695040
-1.699439
-1.701284
-1.661714
-1.616409
-1.510906
-1.398346
-1.484106
-1.496662
-1.468551
-1.483194
-1.487028
-1.496610
-1.511034
-1.537485
-1.554851
-1.585917
-1.612456
-1.643268
-1.667048
-1.692462
-1.699930
-1.698873
-1.661714
-1.604131
-1.496009
-1.446663
-1.436327
-1.445370
-1.436011
-1.450384
-1.467563
-1.483110
-1.509624
-1.538473
-1.569595
-1.600308
-1.636444
-1.662620
-1.691859
-1.699930
-1.701285
-1.659389
-1.598109
-1.423134
-1.415341
-1.407739
-1.427179
-1.425888
-1.451806
-1.471819
-1.502094
-1.528782
-1.567847
-1.597260
-1.636284
-1.662620
-1.692462
-1.699439
-1.695173
-1.646314
-1.383398
-1.380985
-1.380434
-1.386870
-1.409312
-1.426013
-1.455131
-1.488087
-1.522519
-1.560256
-1.597261
-1.636444
-1.667048
-1.695040
-1.702411
-1.693129
-1.356536
-1.362279
-1.364421
-1.381011
-1.392535
-1.427616
-1.450457
-1.490840
-1.522519
-1.567847
-1.600308
-1.643268
-1.671048
-1.699152
-1.696571
-1.339321
-1.333192
-1.344769
-1.361360
-1.386672
-1.412397
-1.450457
-1.488087
-1.528782
-1.569595
-1.612456
-1.649649
-1.681485
-1.703441
-1.319109
-1.335321
-1.339448
-1.365331
-1.386672
-1.427617
-1.455131
-1.502094
-1.538474
-1.585918
-1.619495
-1.664996
-1.685322
-1.313586
-1.316446
-1.339448
-1.361360
-1.392535
-1.426014
-1.471820
-1.509625
-1.554852
-1.598645
-1.639439
-1.673587
-1.313587
-1.335321
-1.344770
-1.381012
-1.409313
-1.451808
-1.483112
-1.537487
-1.569997
-1.619764
-1.652202
-1.319109
-1.333194
-1.364422
-1.386872
-1.425889
-1.467564
-1.511036
-1.549555
-1.600168
-1.636264
-1.339322
-1.362280
-1.380435
-1.427181
-1.450385
-1.496612
-1.534260
-1.584184
-1.613220
-1.356538
-1.380986
-1.407741
-1.436013
-1.487031
-1.520644
-1.563900
-1.606739
-1.383400
-1.415344
-1.445373
-1.483197
-1.505486
-1.563300
-1.589592
-1.423137
-1.436329
-1.468554
-1.511719
-1.550846
-1.580769
-1.446666
-1.496665
-1.507920
-1.545947
-1.580252
-1.484108
-1.502256
-1.555484
-1.580841
-1.536703
-1.560969
-1.570203
-1.554219
-1.597514
-1.573082
1.225251
1.168795
1.175216
1.111646
1.100421
1.039032
1.021960
0.970682
0.951316
0.913721
0.911827
0.889971
0.911829
0.913722
0.951316
0.970683
1.021960
1.039033
1.100422
1.111647
1.175217
1.168797
1.225253
1.221337
1.199804
1.213394
1.218970
1.206680
1.214431
1.219103
1.227432
1.231776
1.249918
1.256513
1.270786
1.280932
1.293486
1.292056
1.302891
1.289923
1.284225
1.262060
1.241011
1.196234
1.174133
1.094483
1.212868
1.217568
1.183619
1.198110
1.192657
1.200149
1.198809
1.217436
1.222392
1.237289
1.252511
1.266058
1.278072
1.290011
1.299821
1.294996
1.302591
1.278264
1.274502
1.229147
1.211056
1.143790
1.164818
1.152973
1.159067
1.149563
1.151266
1.162675
1.167771
1.180363
1.197270
1.214497
1.229378
1.252205
1.266419
1.281367
1.293668
1.299628
1.296452
1.292314
1.272022
1.251651
1.211056
1.137647
1.145742
1.118325
1.139145
1.127005
1.142437
1.151009
1.169937
1.181498
1.207331
1.224658
1.244225
1.265860
1.279108
1.293134
1.295653
1.300526
1.281942
1.272022
1.229147
1.101541
1.089476
1.090077
1.082173
1.097800
1.104041
1.119298
1.141038
1.162542
1.184027
1.211598
1.234934
1.255928
1.276807
1.291740
1.297751
1.300526
1.292314
1.274502
1.066619
1.069328
1.055536
1.070696
1.065154
1.093444
1.103282
1.130147
1.153564
1.183308
1.205038
1.234685
1.257033
1.274091
1.291740
1.295653
1.296452
1.278264
1.032227
1.018083
1.019754
1.024511
1.041840
1.053898
1.085190
1.109043
1.139203
1.170437
1.202376
1.227185
1.257033
1.276807
1.293135
1.299628
1.302591
0.992627
1.001094
0.991354
1.009249
1.020320
1.052777
1.070787
1.111935
1.138182
1.173019
1.202376
1.234685
1.255928
1.279109
1.293668
1.294996
0.962233
0.952136
0.966097
0.976428
1.001945
1.029844
1.067150
1.095933
1.138182
1.170438
1.205038
1.234934
1.265861
1.281368
1.299822
0.934424
0.945161
0.944669
0.977313
0.996947
1.036219
1.067150
1.111936
1.139203
1.183309
1.211598
1.244226
1.266420
1.290012
0.911008
0.915885
0.937772
0.956769
0.996947
1.029845
1.070788
1.109044
1.153565
1.184027
1.224659
1.252206
1.278073
0.902818
0.921824
0.937772
0.977314
1.001945
1.052777
1.085190
1.130147
1.162542
1.207331
1.229379
1.266059
0.902819
0.915885
0.944670
0.976428
1.020320
1.053899
1.103283
1.141038
1.181499
1.214497
1.252512
0.911009
0.945161
0.966097
1.009248
1.041840
1.093444
1.119299
1.169938
1.197271
1.237290
0.934425
0.952137
0.991354
1.024511
1.065154
1.104041
1.151009
1.180364
1.222393
0.962233
1.001095
1.019754
1.070697
1.097800
1.142438
1.167772
1.217437
0.992627
1.018083
1.055537
1.082173
1.127007
1.162676
1.198811
1.032228
1.069330
1.090078
1.139147
1.151267
1.200150
1.066620
1.089477
1.118327
1.149564
1.192658
1.101542
1.145742
1.159069
1.198112
1.137648
1.152974
1.183620
1.164820
1.217569
1.212870
1.221360
1.199778
1.213477
1.218967
1.206600
1.214642
1.219006
1.227407
1.231950
1.249927
1.256311
1.271189
1.280727
1.293499
1.292236
1.302967
1.289636
1.284740
1.261799
1.241136
1.196322
1.174371
1.094174
1.212856
1.217564
1.183521
1.198231
1.192540
1.200075
1.198918
1.217365
1.222181
1.237560
1.252293
1.265944
1.278242
1.289923
1.299532
1.295340
1.302316
1.278156
1.274624
1.229069
1.210738
1.144059
1.164823
1.153045
1.159040
1.149541
1.151393
1.162668
1.167636
1.180670
1.197110
1.214482
1.229572
1.252226
1.266165
1.281847
1.293408
1.299682
1.296609
1.292429
1.271708
1.252225
1.210738
1.137604
1.145718
1.118366
1.139107
1.126866
1.142627
1.150844
1.169846
1.181650
1.207244
1.224409
1.244557
1.265601
1.279001
1.293307
1.295564
1.300219
1.282300
1.271708
1.229069
1.101585
1.089471
1.090025
1.082337
1.097710
1.104019
1.119456
1.141029
1.162346
1.184418
1.211375
1.234938
1.256119
1.276846
1.291449
1.298284
1.300219
1.292428
1.274623
1.066576
1.069397
1.055451
1.070646
1.065247
1.093380
1.103100
1.130405
1.153354
1.183209
1.205217
1.234590
1.256759
1.274458
1.291449
1.295564
1.296609
1.278155
1.032222
1.018074
1.019836
1.024499
1.041725
1.054152
1.085033
1.109025
1.139378
1.170434
1.202132
1.227642
1.256759
1.276845
1.293307
1.299681
1.302315
0.992637
1.001071
0.991264
1.009388
1.020186
1.052704
1.070926
1.111853
1.137968
1.173334
1.202132
1.234590
1.256119
1.279001
1.293407
1.295339
0.962218
0.952225
0.966028
0.976410
1.002059
1.029829
1.066980
1.096270
1.137968
1.170434
1.205217
1.234938
1.265600
1.281846
1.299531
0.934390
0.945133
0.944732
0.977265
0.996818
1.036430
1.066979
1.111852
1.139377
1.183209
1.211374
1.244557
1.266164
1.289922
0.911036
0.915876
0.937694
0.956949
0.996818
1.029828
1.070925
1.109024
1.153354
1.184417
1.224408
1.252225
1.278241
0.902789
0.921896
0.937694
0.977264
1.002058
1.052703
1.085032
1.130404
1.162346
1.207243
1.229571
1.265943
0.902789
0.915875
0.944731
0.976410
1.020186
1.054152
1.103100
1.141029
1.181649
1.214481
1.252292
0.911035
0.945133
0.966027
1.009388
1.041726
1.093380
1.119456
1.169845
1.197109
1.237559
0.934390
0.952225
0.991265
1.024499
1.065246
1.104018
1.150843
1.180669
1.222179
0.962218
1.001070
1.019836
1.070645
1.097709
1.142625
1.167635
1.217364
0.992636
1.018073
1.055450
1.082336
1.126865
1.162667
1.198917
1.032221
1.069396
1.090025
1.139106
1.151392
1.200074
1.066575
1.089470
1.118364
1.149540
1.192538
1.101584
1.145717
1.159039
1.198229
1.137603
1.153044
1.183520
1.164822
1.217562
1.212855

