Tension at each vertex
-0.615480
-0.615480
-0.614654
-0.614653
-2.537614
0.332949
-2.537613
0.332951
-1.630224
-1.629028
0.353940
0.356983
-0.623371
-0.826085
-0.702633
-0.881549
-0.825982
-0.970598
-0.953798
-1.118226
-1.141631
-1.341775
-1.424232
-1.670338
-1.802198
-2.058920
-2.179783
-2.383768
-2.427058
-2.548387
-2.533086
-2.585698
-2.519636
-2.605043
-2.509159
-0.759648
-0.999395
-0.903513
-1.039541
-0.984379
-1.127815
-1.092356
-1.254240
-1.262574
-1.459588
-1.524462
-1.763659
-1.875915
-2.126540
-2.224134
-2.417866
-2.454995
-2.557881
-2.540168
-2.592625
-2.550077
-2.505419
-0.685101
-0.803051
-0.759162
-0.892659
-0.854071
-0.995465
-0.988936
-1.150861
-1.186826
-1.388610
-1.481483
-1.726027
-1.855226
-2.104669
-2.215107
-2.399668
-2.443418
-2.552801
-2.533526
-2.588482
-2.550143
-0.779167
-0.996207
-0.882074
-1.050510
-0.976837
-1.137762
-1.094443
-1.273313
-1.277443
-1.489687
-1.548522
-1.801019
-1.902067
-2.152508
-2.239193
-2.428665
-2.449024
-2.562713
-2.533452
-2.592614
-0.750309
-0.782772
-0.799744
-0.889899
-0.883692
-1.006822
-1.020059
-1.172229
-1.223393
-1.421732
-1.522856
-1.759183
-1.893490
-2.127529
-2.233307
-2.410961
-2.449115
-2.552820
-2.540236
-0.749436
-1.018722
-0.851018
-1.068047
-0.961942
-1.149442
-1.090833
-1.290810
-1.280280
-1.507663
-1.558626
-1.819461
-1.907338
-2.165277
-2.233235
-2.428645
-2.443332
-2.557882
-0.751800
-0.779524
-0.831778
-0.879343
-0.914782
-1.011484
-1.045722
-1.182997
-1.253285
-1.437152
-1.548627
-1.773127
-1.907436
-2.127538
-2.239270
-2.399750
-2.455044
-0.766720
-1.004519
-0.843899
-1.080624
-0.944334
-1.163069
-1.083376
-1.298938
-1.271438
-1.515676
-1.548565
-1.819423
-1.893392
-2.152509
-2.214978
-2.417869
-0.749471
-0.798367
-0.833069
-0.884397
-0.936926
-1.007197
-1.066420
-1.187613
-1.271535
-1.437157
-1.558700
-1.759269
-1.902091
-2.104773
-2.224199
-0.759735
-0.997948
-0.850671
-1.072859
-0.938650
-1.171393
-1.066384
-1.298894
-1.253203
-1.507674
-1.522713
-1.801016
-1.855108
-2.126460
-0.763095
-0.794378
-0.838707
-0.894318
-0.938722
-1.007192
-1.083433
-1.183095
-1.280287
-1.421861
-1.548586
-1.726135
-1.875953
-0.757161
-1.005405
-0.838678
-1.072823
-0.936870
-1.163086
-1.045575
-1.290816
-1.223291
-1.489620
-1.481381
-1.763668
-0.757197
-0.794381
-0.850713
-0.884477
-0.944303
-1.011618
-1.090878
-1.172322
-1.277507
-1.388800
-1.524440
-0.763061
-0.997957
-0.832938
-1.080664
-0.914683
-1.149368
-1.019958
-1.273297
-1.186622
-1.459596
-0.759689
-0.798514
-0.843890
-0.879415
-0.961997
-1.007010
-1.094395
-1.151117
-1.262596
-0.749355
-1.004469
-0.831723
-1.068039
-0.883462
-1.137791
-0.988763
-1.254137
-0.766762
-0.779669
-0.850913
-0.890186
-0.976831
-0.995637
-1.092420
-0.751598
-1.018826
-0.799560
-1.050395
-0.853947
-1.127775
-0.749319
-0.782923
-0.882143
-0.892942
-0.984264
-0.750276
-0.996156
-0.758830
-1.039606
-0.778961
-0.803534
-0.903444
-0.684827
-0.999209
-0.759713
-1.000700
-0.755963
-0.967284
-0.673558
-0.952842
-0.708237
-0.926157
-0.708155
-0.931520
-0.707986
-0.920441
-0.718141
-0.920454
-0.707935
-0.931447
-0.708070
-0.926189
-0.707909
-0.952914
-0.673341
-0.967115
-0.755687
-1.000826
-0.561179
-0.691160
-0.481962
-0.571032
-0.407617
-0.428023
-0.266799
-0.259562
-0.086038
-0.054068
0.117993
0.151081
0.302081
0.314427
0.425082
0.404354
0.475569
0.427548
0.467108
0.403459
0.443380
0.338078
0.367401
-0.686882
-0.844412
-0.665224
-0.706379
-0.539854
-0.559136
-0.369601
-0.361150
-0.159735
-0.134720
0.068531
0.092462
0.269882
0.268677
0.406636
0.368694
0.464871
0.399200
0.469252
0.381999
0.427861
0.391589
-0.606907
-0.653007
-0.513611
-0.554630
-0.399686
-0.412343
-0.251471
-0.235943
-0.062083
-0.028779
0.139069
0.169942
0.315529
0.320220
0.428741
0.402612
0.475409
0.420595
0.467120
0.406045
0.427856
-0.698615
-0.831573
-0.630808
-0.695912
-0.507807
-0.536199
-0.332353
-0.333408
-0.122403
-0.104003
0.104241
0.114520
0.295940
0.280395
0.419006
0.370427
0.471034
0.400088
0.466769
0.382093
-0.672402
-0.620904
-0.543640
-0.535709
-0.407360
-0.397661
-0.248569
-0.216240
-0.052082
-0.013936
0.148823
0.180362
0.317897
0.323758
0.427189
0.401225
0.471006
0.420757
0.469511
-0.665368
-0.851558
-0.588981
-0.701874
-0.476112
-0.524432
-0.302416
-0.319522
-0.090440
-0.085995
0.129156
0.127902
0.312657
0.283595
0.426911
0.370510
0.475348
0.398966
-0.670848
-0.611179
-0.569260
-0.511708
-0.423652
-0.383117
-0.249775
-0.202507
-0.055416
-0.003914
0.145831
0.182975
0.312596
0.323908
0.419195
0.402534
0.464957
-0.681729
-0.832653
-0.574798
-0.705938
-0.445258
-0.524386
-0.280371
-0.310931
-0.067175
-0.081152
0.145640
0.127972
0.317873
0.280184
0.428579
0.368921
-0.665695
-0.626373
-0.563615
-0.508618
-0.436696
-0.367418
-0.260266
-0.199018
-0.067257
-0.003789
0.129268
0.180308
0.295990
0.320632
0.406391
-0.673528
-0.822617
-0.578202
-0.692375
-0.435013
-0.528745
-0.260364
-0.310881
-0.055408
-0.086164
0.148728
0.114690
0.315108
0.268615
-0.677593
-0.619905
-0.565782
-0.516245
-0.435086
-0.367336
-0.280329
-0.202532
-0.090435
-0.013601
0.104007
0.170164
0.270167
-0.670756
-0.829066
-0.565800
-0.692355
-0.436668
-0.524487
-0.249829
-0.319399
-0.052389
-0.104043
0.139157
0.092139
-0.670803
-0.619871
-0.578209
-0.508605
-0.445309
-0.382867
-0.302616
-0.216046
-0.122228
-0.028750
0.068431
-0.677557
-0.822648
-0.563659
-0.705843
-0.423838
-0.524457
-0.248511
-0.333641
-0.062303
-0.134447
-0.673629
-0.626190
-0.574953
-0.511573
-0.476038
-0.397597
-0.332459
-0.235380
-0.160069
-0.665778
-0.832680
-0.569217
-0.701993
-0.407532
-0.536001
-0.251880
-0.361249
-0.681734
-0.611076
-0.589133
-0.535287
-0.508068
-0.412082
-0.369390
-0.670990
-0.851404
-0.543895
-0.695984
-0.399641
-0.559397
-0.665578
-0.620711
-0.630729
-0.554466
-0.540021
-0.672367
-0.831695
-0.513881
-0.706158
-0.698862
-0.652444
-0.665516
-0.607192
-0.844534
-0.686853
-0.977770
-0.673577
-0.948074
-0.763502
-0.974786
-0.812078
-1.032028
-0.858860
-1.087129
-0.928604
-1.154610
-1.006108
-1.245773
-1.101504
-1.348296
-1.219210
-1.463027
-1.342738
-1.591366
-1.462345
-1.706168
-1.600828
-1.822499
-2.497622
-2.500171
-2.497636
-2.494829
-2.507271
-2.493016
-2.514436
-2.517447
-2.530333
-2.533947
-2.561526
-2.545873
-2.573530
-2.541805
-2.548958
-2.481199
-2.461412
-2.332049
-2.290160
-2.100438
-2.062770
-1.809307
-2.547980
-2.567495
-2.566218
-2.550413
-2.570127
-2.560546
-2.574593
-2.560510
-2.594849
-2.556785
-2.596616
-2.545597
-2.569756
-2.487663
-2.492784
-2.354152
-2.338149
-2.136394
-2.105289
-1.861969
-1.845098
-2.565453
-2.517606
-2.554054
-2.535715
-2.546928
-2.537870
-2.563411
-2.536281
-2.565454
-2.534158
-2.547879
-2.494422
-2.494818
-2.392483
-2.374165
-2.214715
-2.175220
-1.973431
-1.935433
-1.706933
-2.585147
-2.598321
-2.583956
-2.583939
-2.600704
-2.565172
-2.595015
-2.550195
-2.569898
-2.500850
-2.516362
-2.399583
-2.402875
-2.231304
-2.215340
-1.997439
-1.978035
-1.723262
-1.741090
-2.542889
-2.520712
-2.556340
-2.508835
-2.544576
-2.503189
-2.519014
-2.464591
-2.475845
-2.384165
-2.382526
-2.246468
-2.225612
-2.045797
-2.016889
-1.799043
-1.796173
-1.552395
-2.563604
-2.534506
-2.550770
-2.519890
-2.524604
-2.469753
-2.481685
-2.382438
-2.388987
-2.246785
-2.241421
-2.051931
-2.043408
-1.811213
-1.823982
-1.559957
-1.610920
-2.450785
-2.411711
-2.430523
-2.371412
-2.393659
-2.302220
-2.313415
-2.195157
-2.189855
-2.032626
-2.022483
-1.827488
-1.829553
-1.604779
-1.634953
-1.402153
-2.395377
-2.345996
-2.359826
-2.279605
-2.285885
-2.175395
-2.172055
-2.018202
-2.019724
-1.822175
-1.838098
-1.605487
-1.649328
-1.399722
-1.474153
-2.199970
-2.124853
-2.145143
-2.044431
-2.056673
-1.922229
-1.935388
-1.766594
-1.786544
-1.589054
-1.627974
-1.413946
-1.473706
-1.254047
-2.079492
-1.992335
-2.005805
-1.886834
-1.901973
-1.746163
-1.769618
-1.579299
-1.626058
-1.408639
-1.479191
-1.248013
-1.352792
-1.828531
-1.724406
-1.758418
-1.621000
-1.662188
-1.496795
-1.555137
-1.364569
-1.439100
-1.238324
-1.334734
-1.116174
-1.711157
-1.591072
-1.635090
-1.486452
-1.542228
-1.362651
-1.436866
-1.239476
-1.337033
-1.114186
-1.248505
-1.482537
-1.351551
-1.424770
-1.264382
-1.355356
-1.178082
-1.284714
-1.085216
-1.220346
-1.003762
-1.418241
-1.275465
-1.360572
-1.196188
-1.290895
-1.101404
-1.227201
-1.012941
-1.157759
-1.236413
-1.088057
-1.198754
-1.026675
-1.167673
-0.967345
-1.121803
-0.911448
-1.226251
-1.069472
-1.191618
-1.001881
-1.136414
-0.938405
-1.093793
-1.082563
-0.909437
-1.065292
-0.880055
-1.050649
-0.824149
-1.114575
-0.938186
-1.076112
-0.866838
-1.046849
-0.973303
-0.793142
-0.997541
-0.762036
-1.050844
-0.813722
-0.995890
-0.915771
-0.717665
-0.967711
-0.560801
-0.691492
-0.481945
-0.571389
-0.407124
-0.428738
-0.266473
-0.259668
-0.086152
-0.054361
0.118529
0.150370
0.302373
0.314430
0.424968
0.404135
0.476095
0.427070
0.467345
0.403552
0.443468
0.337916
0.367783
0.299111
0.275757
0.293049
0.304355
0.284431
0.305999
0.291862
0.327859
0.310623
0.356968
0.343303
0.394780
0.376983
0.437611
0.404477
0.468604
0.417717
0.473427
0.399562
0.447199
0.336367
0.390608
0.220441
-0.839207
-0.548172
-0.768024
-0.481785
-0.693760
-0.410303
-0.597900
-0.332949
-0.485338
-0.234659
-0.367385
-0.124270
-0.238857
-0.020276
-0.109834
0.080483
-0.004299
0.173654
0.090223
0.224574
0.178966
0.300535
-0.710381
-0.555340
-0.661061
-0.474289
-0.569654
-0.382015
-0.462914
-0.264464
-0.347467
-0.135555
-0.217710
-0.011744
-0.087124
0.108275
0.020725
0.218317
0.112568
0.291837
0.193928
0.351844
0.218090
-0.754185
-0.433976
-0.634141
-0.359011
-0.521507
-0.255608
-0.399094
-0.139713
-0.257383
-0.022056
-0.112005
0.096819
0.015058
0.206348
0.125215
0.281954
0.223288
0.334245
0.282205
0.376930
-0.571060
-0.459236
-0.485567
-0.331759
-0.374223
-0.198025
-0.235732
-0.059248
-0.090336
0.082879
0.040821
0.213190
0.153397
0.309539
0.246797
0.377442
0.303167
0.431626
0.336202
-0.598445
-0.296373
-0.464726
-0.183330
-0.312109
-0.058255
-0.153707
0.077179
-0.004567
0.204774
0.127646
0.302371
0.237288
0.370168
0.309953
0.417644
0.358351
0.432391
-0.418919
-0.293893
-0.281770
-0.145170
-0.132369
0.013839
0.017610
0.165834
0.154781
0.289118
0.266331
0.377730
0.337606
0.439190
0.378634
0.465190
0.407043
-0.405485
-0.125991
-0.238857
0.020201
-0.069765
0.164353
0.088295
0.286950
0.219450
0.376181
0.309249
0.434591
0.363541
0.456366
0.401667
0.454888
-0.211269
-0.094005
-0.047155
0.074596
0.111386
0.226304
0.247514
0.343963
0.343120
0.423518
0.396541
0.460799
0.425801
0.467687
0.431284
-0.178265
0.079763
0.001372
0.229884
0.161432
0.349129
0.281138
0.428661
0.353133
0.464347
0.393663
0.465200
0.407270
0.454719
0.019017
0.120204
0.184398
0.269542
0.313636
0.379181
0.394046
0.440539
0.434591
0.457092
0.441432
0.453857
0.426275
0.055500
0.274831
0.212748
0.391658
0.320694
0.457357
0.380172
0.472217
0.399590
0.461906
0.390777
0.434930
0.235145
0.298763
0.356911
0.397252
0.427130
0.440407
0.451442
0.447133
0.437510
0.428181
0.412146
0.245978
0.415248
0.346635
0.468820
0.393215
0.474851
0.391121
0.450059
0.371954
0.406057
0.386223
0.402681
0.446844
0.436812
0.453758
0.433239
0.433131
0.397838
0.395256
0.361517
0.474326
0.395407
0.475162
0.386426
0.433331
0.355052
0.383489
0.456168
0.433570
0.456258
0.415385
0.429944
0.378342
0.378399
0.397350
0.470180
0.387306
0.427223
0.339965
0.368357
0.462663
0.406017
0.423930
0.366846
0.375272
0.387602
0.428517
0.340727
0.358571
0.425802
0.361597
0.375047
0.341756
0.362769
0.419014
-0.931487
-0.601368
-0.806555
-0.579560
-0.728875
-0.515102
-0.655087
-0.426384
-0.563722
-0.332556
-0.456033
-0.224452
-0.346666
-0.108634
-0.231841
-0.003943
-0.119287
0.096451
-0.034536
0.191157
0.046521
0.225035
0.091549
-1.607505
-1.527267
-1.393788
-1.302637
-1.229371
-1.162364
-1.106834
-1.065011
-1.018667
-0.979070
-0.933948
-0.884664
-0.828205
-0.762793
-0.689414
-0.603399
-0.507572
-0.410790
-0.296947
-0.183890
-0.092358
0.053853
-1.470300
-1.263607
-1.194718
-1.038894
-0.986782
-0.878083
-0.844979
-0.753534
-0.737684
-0.654475
-0.641899
-0.559899
-0.540177
-0.448811
-0.413607
-0.310067
-0.256279
-0.132971
-0.079750
0.060055
0.115912
-1.536210
-1.427794
-1.304824
-1.242321
-1.160658
-1.112716
-1.061838
-1.021010
-0.976024
-0.934294
-0.881344
-0.826608
-0.758761
-0.684579
-0.597401
-0.498319
-0.400858
-0.279768
-0.171856
-0.053723
-1.350824
-1.169235
-1.097018
-0.957656
-0.922636
-0.814090
-0.793029
-0.706411
-0.690940
-0.610599
-0.594462
-0.507442
-0.480969
-0.378102
-0.338080
-0.214867
-0.157351
-0.024431
0.037872
-1.432335
-1.335856
-1.236029
-1.174364
-1.105989
-1.067695
-1.014830
-0.978861
-0.929046
-0.881136
-0.821613
-0.755227
-0.678060
-0.588185
-0.490112
-0.380512
-0.269236
-0.136770
-1.233176
-1.070396
-1.008264
-0.891245
-0.856225
-0.762221
-0.744247
-0.659717
-0.646547
-0.563000
-0.541395
-0.447815
-0.410561
-0.299173
-0.244512
-0.109386
-0.046344
-1.337051
-1.250931
-1.166762
-1.114562
-1.059559
-1.019402
-0.972800
-0.931508
-0.875205
-0.821764
-0.749369
-0.673445
-0.581419
-0.479245
-0.369335
-0.249649
-1.115716
-0.984942
-0.930773
-0.828798
-0.799000
-0.715642
-0.693181
-0.618078
-0.595727
-0.511816
-0.480498
-0.379636
-0.329166
-0.209761
-0.133540
-1.249913
-1.170636
-1.109260
-1.061911
-1.012624
-0.976212
-0.925474
-0.877358
-0.815654
-0.750403
-0.664737
-0.580639
-0.467187
-0.364327
-1.015341
-0.911347
-0.856839
-0.777695
-0.742729
-0.669274
-0.645453
-0.572578
-0.538823
-0.459081
-0.406444
-0.306876
-0.233267
-1.168501
-1.105779
-1.057555
-1.011164
-0.971957
-0.927990
-0.870117
-0.820886
-0.740418
-0.670523
-0.567672
-0.474145
-0.928111
-0.844918
-0.795553
-0.729071
-0.685061
-0.631898
-0.589862
-0.525974
-0.478605
-0.396089
-0.325460
-1.105494
-1.049930
-1.007495
-0.972250
-0.922883
-0.874491
-0.812148
-0.749469
-0.655949
-0.582612
-0.846779
-0.795658
-0.732911
-0.681127
-0.637289
-0.587957
-0.532510
-0.481708
-0.404852
-1.051707
-0.997926
-0.971750
-0.924979
-0.866193
-0.823175
-0.734070
-0.674541
-0.783869
-0.745455
-0.667635
-0.649936
-0.578180
-0.547885
-0.477776
-0.999247
-0.967885
-0.923152
-0.873049
-0.812295
-0.751762
-0.718045
-0.689831
-0.623046
-0.604457
-0.526913
-0.975063
-0.927645
-0.869594
-0.830877
-0.638760
-0.651749
-0.559754
-0.958139
-0.903148
-0.542882
-1.000699
-0.755962
-0.967283
-0.673557
-0.952841
-0.708235
-0.926156
-0.708154
-0.931518
-0.707984
-0.920439
-0.718139
-0.920452
-0.707933
-0.931445
-0.708068
-0.926188
-0.707907
-0.952913
-0.673339
-0.967113
-0.755685
-1.000824
-0.623832
-0.825645
-0.702772
-0.881282
-0.826243
-0.970186
-0.954101
-1.117948
-1.141766
-1.341605
-1.424394
-1.670126
-1.802406
-2.058729
-2.179881
-2.383676
-2.427165
-2.548292
-2.533195
-2.585640
-2.519713
-2.605016
-2.509223
-0.759712
-0.999208
-0.903442
-1.039604
-0.984262
-1.127773
-1.092417
-1.254133
-1.262593
-1.459591
-1.524435
-1.763663
-1.875951
-2.126460
-2.224200
-2.417872
-2.455044
-2.557881
-2.540235
-2.592613
-2.550141
-2.505418
-0.684826
-0.803533
-0.758828
-0.892940
-0.853944
-0.995633
-0.988759
-1.151113
-1.186617
-1.388796
-1.481377
-1.726133
-1.855105
-2.104769
-2.214979
-2.399753
-2.443333
-2.552820
-2.533451
-2.588481
-2.550075
-0.778960
-0.996154
-0.882141
-1.050393
-0.976828
-1.137788
-1.094391
-1.273292
-1.277501
-1.489616
-1.548584
-1.801013
-1.902085
-2.152507
-2.239273
-2.428648
-2.449117
-2.562714
-2.533526
-2.592624
-0.750275
-0.782922
-0.799558
-0.890183
-0.883458
-1.007006
-1.019954
-1.172318
-1.223286
-1.421856
-1.522709
-1.759267
-1.893390
-2.127538
-2.233238
-2.410965
-2.449028
-2.552803
-2.540169
-0.749318
-1.018824
-0.850911
-1.068036
-0.961993
-1.149364
-1.090874
-1.290811
-1.280282
-1.507669
-1.558697
-1.819422
-1.907433
-2.165276
-2.233310
-2.428671
-2.443424
-2.557886
-0.751597
-0.779667
-0.831720
-0.879411
-0.914679
-1.011614
-1.045570
-1.183091
-1.253198
-1.437152
-1.548562
-1.773123
-1.907330
-2.127526
-2.239197
-2.399678
-2.455006
-0.766761
-1.004467
-0.843887
-1.080661
-0.944300
-1.163082
-1.083428
-1.298890
-1.271531
-1.515673
-1.548625
-1.819456
-1.893482
-2.152502
-2.215110
-2.417882
-0.749353
-0.798512
-0.832935
-0.884474
-0.936865
-1.007188
-1.066379
-1.187610
-1.271433
-1.437151
-1.558626
-1.759181
-1.902060
-2.104655
-2.224134
-0.759687
-0.997955
-0.850710
-1.072820
-0.938718
-1.171389
-1.066415
-1.298934
-1.253283
-1.507664
-1.522859
-1.801025
-1.855215
-2.126508
-0.763058
-0.794378
-0.838675
-0.894315
-0.938646
-1.007193
-1.083372
-1.182994
-1.280279
-1.421734
-1.548530
-1.726045
-1.875905
-0.757195
-1.005402
-0.838704
-1.072856
-0.936922
-1.163065
-1.045718
-1.290809
-1.223394
-1.489692
-1.481497
-1.763702
-0.757158
-0.794376
-0.850668
-0.884393
-0.944330
-1.011480
-1.090829
-1.172227
-1.277446
-1.388618
-1.524471
-0.763092
-0.997945
-0.833066
-1.080621
-0.914778
-1.149439
-1.020057
-1.273311
-1.186831
-1.459599
-0.759733
-0.798364
-0.843895
-0.879340
-0.961938
-1.006819
-1.094442
-1.150859
-1.262578
-0.749469
-1.004516
-0.831775
-1.068043
-0.883688
-1.137758
-0.988935
-1.254238
-0.766718
-0.779521
-0.851015
-0.889896
-0.976833
-0.995462
-1.092354
-0.751797
-1.018720
-0.799741
-1.050507
-0.854068
-1.127812
-0.749433
-0.782769
-0.882071
-0.892656
-0.984376
-0.750306
-0.996204
-0.759159
-1.039538
-0.779164
-0.803048
-0.903510
-0.685099
-0.999393
-0.759646
-0.560800
-0.691492
-0.481945
-0.571389
-0.407124
-0.428738
-0.266473
-0.259668
-0.086151
-0.054360
0.118530
0.150370
0.302374
0.314431
0.424970
0.404137
0.476097
0.427072
0.467347
0.403554
0.443470
0.337918
0.367785
-0.686851
-0.844533
-0.665516
-0.706157
-0.540021
-0.559397
-0.369390
-0.361249
-0.160069
-0.134446
0.068431
0.092140
0.270168
0.268616
0.406393
0.368922
0.464958
0.398968
0.469513
0.382096
0.427858
0.391591
-0.607190
-0.652443
-0.513881
-0.554466
-0.399641
-0.412082
-0.251879
-0.235380
-0.062302
-0.028750
0.139158
0.170165
0.315109
0.320634
0.428580
0.402536
0.475349
0.420759
0.466771
0.406047
0.427863
-0.698861
-0.831694
-0.630728
-0.695983
-0.508067
-0.536001
-0.332459
-0.333641
-0.122227
-0.104042
0.104008
0.114691
0.295991
0.280186
0.419197
0.370512
0.471007
0.400090
0.467122
0.382002
-0.672365
-0.620710
-0.543894
-0.535287
-0.407531
-0.397597
-0.248511
-0.216046
-0.052389
-0.013601
0.148729
0.180309
0.317874
0.323909
0.426913
0.401226
0.471036
0.420597
0.469254
-0.665577
-0.851403
-0.589132
-0.701993
-0.476038
-0.524457
-0.302616
-0.319399
-0.090435
-0.086163
0.129269
0.127973
0.312597
0.283597
0.427190
0.370429
0.475411
0.399202
-0.670989
-0.611075
-0.569216
-0.511572
-0.423837
-0.382867
-0.249829
-0.202532
-0.055407
-0.003788
0.145641
0.182976
0.312658
0.323759
0.419008
0.402614
0.464873
-0.681732
-0.832679
-0.574952
-0.705842
-0.445309
-0.524487
-0.280329
-0.310881
-0.067257
-0.081152
0.145831
0.127903
0.317898
0.280397
0.428743
0.368695
-0.665776
-0.626189
-0.563659
-0.508605
-0.436667
-0.367336
-0.260364
-0.199018
-0.067175
-0.003914
0.129157
0.180363
0.295942
0.320221
0.406637
-0.673628
-0.822647
-0.578208
-0.692355
-0.435086
-0.528745
-0.260266
-0.310930
-0.055416
-0.085994
0.148824
0.114522
0.315530
0.268678
-0.677556
-0.619870
-0.565799
-0.516244
-0.435012
-0.367418
-0.280371
-0.202507
-0.090439
-0.013936
0.104242
0.169943
0.269883
-0.670801
-0.829065
-0.565781
-0.692375
-0.436695
-0.524386
-0.249775
-0.319522
-0.052082
-0.104003
0.139070
0.092463
-0.670754
-0.619904
-0.578201
-0.508617
-0.445258
-0.383116
-0.302416
-0.216239
-0.122402
-0.028778
0.068532
-0.677591
-0.822616
-0.563615
-0.705938
-0.423651
-0.524432
-0.248569
-0.333408
-0.062083
-0.134719
-0.673527
-0.626372
-0.574797
-0.511708
-0.476112
-0.397662
-0.332352
-0.235943
-0.159734
-0.665694
-0.832652
-0.569259
-0.701874
-0.407360
-0.536199
-0.251471
-0.361150
-0.681728
-0.611178
-0.588981
-0.535709
-0.507807
-0.412343
-0.369601
-0.670847
-0.851557
-0.543640
-0.695912
-0.399685
-0.559136
-0.665367
-0.620904
-0.630808
-0.554630
-0.539854
-0.672402
-0.831573
-0.513611
-0.706379
-0.698614
-0.653006
-0.665224
-0.606906
-0.844412
-0.686881
-0.623370
-0.826084
-0.702631
-0.881547
-0.825980
-0.970595
-0.953795
-1.118222
-1.141626
-1.341771
-1.424228
-1.670334
-1.802196
-2.058919
-2.179784
-2.383769
-2.427057
-2.548385
-2.533085
-2.585698
-2.519634
-2.605041
-2.509158
-2.513056
-2.530329
-2.503183
-2.506339
-2.498646
-2.499921
-2.521233
-2.501731
-2.536309
-2.527027
-2.557441
-2.543178
-2.585808
-2.548585
-2.587142
-2.522670
-2.535689
-2.424797
-2.400685
-2.230105
-2.176671
-1.963331
-1.928431
-0.967710
-0.717664
-0.995889
-0.762035
-1.046849
-0.824148
-1.093792
-0.911448
-1.157758
-1.003761
-1.248504
-1.116173
-1.352791
-1.254047
-1.474153
-1.402153
-1.610920
-1.552395
-1.741089
-1.706932
-1.845097
-1.809307
-0.915770
-0.813721
-0.997540
-0.866837
-1.050648
-0.938404
-1.121802
-1.012940
-1.220345
-1.114185
-1.334733
-1.248013
-1.473705
-1.399721
-1.634953
-1.559955
-1.796173
-1.723262
-1.935432
-1.861968
-2.062771
-1.050843
-0.793140
-1.076111
-0.880054
-1.136412
-0.967344
-1.227200
-1.085214
-1.337031
-1.238323
-1.479190
-1.413945
-1.649327
-1.604778
-1.823982
-1.799040
-1.978034
-1.973431
-2.105288
-2.100437
-0.973302
-0.938184
-1.065291
-1.001879
-1.167671
-1.101402
-1.284712
-1.239474
-1.439098
-1.408638
-1.627972
-1.605487
-1.829551
-1.811212
-2.016889
-1.997437
-2.175220
-2.136393
-2.290160
-1.114573
-0.909435
-1.191615
-1.026673
-1.290893
-1.178080
-1.436864
-1.364567
-1.626056
-1.589053
-1.838095
-1.827488
-2.043405
-2.045796
-2.215339
-2.214714
-2.338149
-2.332048
-1.082560
-1.069469
-1.198751
-1.196185
-1.355353
-1.362648
-1.555134
-1.579296
-1.786542
-1.822173
-2.022480
-2.051928
-2.225610
-2.231303
-2.374164
-2.354152
-2.461411
-1.226248
-1.088054
-1.360569
-1.264378
-1.542225
-1.496791
-1.769615
-1.766591
-2.019721
-2.032623
-2.241420
-2.246464
-2.402875
-2.392481
-2.492784
-2.481198
-1.236410
-1.275461
-1.424766
-1.486450
-1.662184
-1.746158
-1.935386
-2.018200
-2.189851
-2.246784
-2.382525
-2.399584
-2.494817
-2.487663
-2.548958
-1.418237
-1.351547
-1.635086
-1.620997
-1.901971
-1.922225
-2.172053
-2.195155
-2.388985
-2.384163
-2.516362
-2.494421
-2.569756
-2.541805
-1.482532
-1.591069
-1.758414
-1.886831
-2.056671
-2.175393
-2.313412
-2.382437
-2.475844
-2.500849
-2.547879
-2.545597
-2.573531
-1.711154
-1.724404
-2.005801
-2.044427
-2.285883
-2.302219
-2.481683
-2.464590
-2.569898
-2.534158
-2.596616
-2.545873
-1.828529
-1.992332
-2.145139
-2.279602
-2.393657
-2.469751
-2.519013
-2.550195
-2.565454
-2.556785
-2.561526
-2.079489
-2.124851
-2.359826
-2.371410
-2.524602
-2.503188
-2.595015
-2.536281
-2.594849
-2.533947
-2.199968
-2.345996
-2.430522
-2.519890
-2.544575
-2.565171
-2.563410
-2.560510
-2.530333
-2.395377
-2.411709
-2.550769
-2.508834
-2.600704
-2.537870
-2.574593
-2.517447
-2.450784
-2.534505
-2.556339
-2.583938
-2.546927
-2.560546
-2.514435
-2.563603
-2.520711
-2.583955
-2.535714
-2.570127
-2.493016
-2.542889
-2.598321
-2.554053
-2.550412
-2.507271
-2.585146
-2.517605
-2.566217
-2.494828
-2.565452
-2.567494
-2.497636
-2.547979
-2.500170
-2.497621
-0.931487
-0.601368
-0.806555
-0.579560
-0.728875
-0.515102
-0.655087
-0.426384
-0.563721
-0.332556
-0.456033
-0.224452
-0.346666
-0.108634
-0.231841
-0.003943
-0.119287
0.096451
-0.034536
0.191157
0.046521
0.225035
0.091549
0.419016
0.362771
0.375050
0.358574
0.375274
0.368359
0.378401
0.383491
0.395257
0.406059
0.412147
0.434932
0.426276
0.454719
0.431285
0.454889
0.407044
0.432392
0.336202
0.376930
0.218090
0.300535
0.341758
0.361599
0.340729
0.366848
0.339967
0.378344
0.355054
0.397840
0.371956
0.428182
0.390779
0.453858
0.407271
0.467688
0.401668
0.465190
0.358351
0.431627
0.282205
0.351844
0.178966
0.425804
0.428519
0.423933
0.427225
0.429946
0.433333
0.433133
0.450061
0.437512
0.461907
0.441433
0.465201
0.425802
0.456367
0.378635
0.417645
0.303167
0.334245
0.193929
0.224574
0.387604
0.406019
0.387307
0.415387
0.386428
0.433241
0.391123
0.447134
0.399592
0.457093
0.393665
0.460800
0.363542
0.439191
0.309954
0.377442
0.223289
0.291837
0.090223
0.462665
0.470182
0.456260
0.475164
0.453760
0.474853
0.451444
0.472218
0.434592
0.464348
0.396542
0.434592
0.337607
0.370169
0.246798
0.281955
0.112569
0.173655
0.397352
0.433572
0.395409
0.436814
0.393217
0.440408
0.380173
0.440541
0.353134
0.423519
0.309250
0.377731
0.237289
0.309540
0.125215
0.218318
-0.004298
0.456169
0.474328
0.446845
0.468822
0.427132
0.457358
0.394047
0.428663
0.343122
0.376182
0.266332
0.302372
0.153398
0.206349
0.020726
0.080483
0.361519
0.402683
0.346636
0.397253
0.320696
0.379182
0.281139
0.343964
0.219451
0.289119
0.127647
0.213191
0.015059
0.108276
-0.109834
0.386225
0.415249
0.356912
0.391660
0.313637
0.349130
0.247516
0.286951
0.154782
0.204775
0.040822
0.096820
-0.087123
-0.020275
0.245980
0.298764
0.212749
0.269543
0.161433
0.226305
0.088296
0.165835
-0.004566
0.082880
-0.112004
-0.011743
-0.238856
0.235146
0.274832
0.184399
0.229885
0.111387
0.164354
0.017610
0.077180
-0.090335
-0.022056
-0.217709
-0.124269
0.055501
0.120205
0.001373
0.074597
-0.069764
0.013839
-0.153707
-0.059248
-0.257383
-0.135555
-0.367385
0.019018
0.079764
-0.047154
0.020201
-0.132368
-0.058254
-0.235732
-0.139713
-0.347467
-0.234659
-0.178265
-0.094004
-0.238856
-0.145170
-0.312109
-0.198025
-0.399094
-0.264464
-0.485338
-0.211268
-0.125990
-0.281770
-0.183329
-0.374223
-0.255608
-0.462914
-0.332949
-0.405485
-0.293893
-0.464726
-0.331759
-0.521507
-0.382015
-0.597900
-0.418919
-0.296372
-0.485567
-0.359011
-0.569654
-0.410303
-0.598445
-0.459236
-0.634141
-0.474289
-0.693760
-0.571060
-0.433976
-0.661061
-0.481785
-0.754185
-0.555340
-0.768024
-0.710381
-0.548172
-0.839207
-0.977770
-0.673576
-0.948074
-0.763501
-0.974785
-0.812078
-1.032028
-0.858860
-1.087129
-0.928604
-1.154609
-1.006108
-1.245773
-1.101504
-1.348296
-1.219210
-1.463027
-1.342737
-1.591366
-1.462344
-1.706169
-1.600828
-1.822499
-1.608545
-1.402353
-1.287438
-1.145839
-1.069246
-0.945330
-0.910563
-0.807486
-0.785919
-0.702373
-0.686645
-0.607920
-0.592005
-0.507717
-0.481477
-0.383072
-0.344145
-0.228695
-0.168352
-0.058060
0.021609
0.123126
0.166042
-0.542881
-0.903148
-0.559754
-0.830877
-0.526913
-0.751762
-0.477777
-0.674541
-0.404852
-0.582612
-0.325460
-0.474145
-0.233267
-0.364327
-0.133540
-0.249648
-0.046344
-0.136770
0.037872
-0.053723
0.115912
0.053853
-0.958139
-0.651749
-0.869594
-0.604457
-0.812295
-0.547885
-0.734070
-0.481708
-0.655949
-0.396089
-0.567672
-0.306876
-0.467187
-0.209761
-0.369335
-0.109386
-0.269236
-0.024431
-0.171856
0.060055
-0.092358
-0.638760
-0.927645
-0.623046
-0.873049
-0.578180
-0.823175
-0.532511
-0.749469
-0.478605
-0.670523
-0.406444
-0.580639
-0.329166
-0.479245
-0.244512
-0.380511
-0.157351
-0.279768
-0.079750
-0.183890
-0.975063
-0.689831
-0.923152
-0.649936
-0.866193
-0.587958
-0.812148
-0.525975
-0.740418
-0.459081
-0.664737
-0.379636
-0.581419
-0.299173
-0.490112
-0.214867
-0.400858
-0.132971
-0.296947
-0.718045
-0.967885
-0.667635
-0.924979
-0.637290
-0.874492
-0.589862
-0.820886
-0.538823
-0.750403
-0.480498
-0.673445
-0.410561
-0.588185
-0.338080
-0.498319
-0.256279
-0.410790
-0.999247
-0.745454
-0.971750
-0.681127
-0.922883
-0.631899
-0.870117
-0.572579
-0.815654
-0.511816
-0.749369
-0.447815
-0.678060
-0.378102
-0.597401
-0.310067
-0.507572
-0.783869
-0.997926
-0.732911
-0.972250
-0.685061
-0.927991
-0.645454
-0.877358
-0.595727
-0.821764
-0.541395
-0.755227
-0.480969
-0.684580
-0.413607
-0.603399
-1.051706
-0.795657
-1.007495
-0.729072
-0.971957
-0.669274
-0.925474
-0.618078
-0.875205
-0.563000
-0.821613
-0.507442
-0.758761
-0.448811
-0.689414
-0.846779
-1.049930
-0.795553
-1.011164
-0.742729
-0.976212
-0.693181
-0.931508
-0.646547
-0.881136
-0.594462
-0.826608
-0.540178
-0.762793
-1.105494
-0.844918
-1.057555
-0.777695
-1.012624
-0.715642
-0.972800
-0.659717
-0.929046
-0.610599
-0.881344
-0.559899
-0.828205
-0.928110
-1.105779
-0.856839
-1.061912
-0.799001
-1.019403
-0.744247
-0.978862
-0.690940
-0.934294
-0.641899
-0.884664
-1.168500
-0.911347
-1.109260
-0.828798
-1.059559
-0.762221
-1.014830
-0.706411
-0.976024
-0.654475
-0.933948
-1.015341
-1.170635
-0.930773
-1.114562
-0.856225
-1.067696
-0.793029
-1.021010
-0.737684
-0.979070
-1.249913
-0.984942
-1.166762
-0.891245
-1.105989
-0.814090
-1.061838
-0.753534
-1.018667
-1.115716
-1.250931
-1.008264
-1.174364
-0.922636
-1.112716
-0.844980
-1.065011
-1.337051
-1.070396
-1.236029
-0.957656
-1.160658
-0.878083
-1.106834
-1.233176
-1.335856
-1.097019
-1.242321
-0.986782
-1.162364
-1.432335
-1.169235
-1.304824
-1.038894
-1.229371
-1.350824
-1.427794
-1.194718
-1.302637
-1.536210
-1.263607
-1.393788
-1.470300
-1.527267
-1.607505
-0.623834
-0.825648
-0.702775
-0.881286
-0.826247
-0.970189
-0.954103
-1.117950
-1.141764
-1.341591
-1.424391
-1.670065
-1.802393
-2.058795
-2.179882
-2.383648
-2.427146
-2.548285
-2.533193
-2.585641
-2.519715
-2.605018
-2.509225
-2.513044
-2.530308
-2.503186
-2.506275
-2.498678
-2.499788
-2.521295
-2.501556
-2.536365
-2.526804
-2.557541
-2.542849
-2.585950
-2.548210
-2.587265
-2.522220
-2.535897
-2.424182
-2.400950
-2.229433
-2.176930
-1.962470
-1.928870
-0.967617
-0.718020
-0.996114
-0.762212
-1.046931
-0.824669
-1.093698
-0.911860
-1.157950
-1.004053
-1.248583
-1.116737
-1.352756
-1.254535
-1.474347
-1.402538
-1.611078
-1.552951
-1.741171
-1.707456
-1.845371
-1.809695
-0.915992
-0.813109
-0.997627
-0.866515
-1.050561
-0.937945
-1.121980
-1.012321
-1.220406
-1.113777
-1.334675
-1.247477
-1.473852
-1.399042
-1.635039
-1.559399
-1.796174
-1.722618
-1.935592
-1.861145
-2.062979
-1.050911
-0.793575
-1.076025
-0.880394
-1.136581
-0.967570
-1.227265
-1.085681
-1.336994
-1.238711
-1.479361
-1.414245
-1.649449
-1.605245
-1.824041
-1.799462
-1.978261
-1.973738
-2.105564
-2.100812
-0.973233
-0.937803
-1.065448
-1.001361
-1.167721
-1.101077
-1.284656
-1.239034
-1.439229
-1.408079
-1.628037
-1.605048
-1.829544
-1.810686
-2.017025
-1.996782
-2.175363
-2.135772
-2.290247
-1.114716
-0.909612
-1.191664
-1.027061
-1.290853
-1.178389
-1.437011
-1.364800
-1.626145
-1.589441
-1.838132
-1.827823
-2.043593
-2.046052
-2.215533
-2.215052
-2.338311
-2.332368
-1.082592
-1.069218
-1.198697
-1.195825
-1.355464
-1.362189
-1.555175
-1.578956
-1.786522
-1.821747
-2.022592
-2.051404
-2.225704
-2.230832
-2.374213
-2.353625
-2.461535
-1.226214
-1.088295
-1.360691
-1.264563
-1.542284
-1.497116
-1.769631
-1.766858
-2.019872
-2.032831
-2.241555
-2.246761
-2.402980
-2.392744
-2.492981
-2.481410
-1.236492
-1.275101
-1.424780
-1.486186
-1.662151
-1.745816
-1.935469
-2.017780
-2.189905
-2.246427
-2.382540
-2.399166
-2.494912
-2.487177
-2.549037
-1.418273
-1.351810
-1.635082
-1.621208
-1.902091
-1.922395
-2.172139
-2.195408
-2.389050
-2.384378
-2.516513
-2.494594
-2.569900
-2.542036
-1.482487
-1.590791
-1.758472
-1.886508
-2.056685
-2.175125
-2.313399
-2.382110
-2.475908
-2.500468
-2.547924
-2.545255
-2.573546
-1.711222
-1.724538
-2.005870
-2.044652
-2.285916
-2.302391
-2.481795
-2.464732
-2.569995
-2.534356
-2.596697
-2.546051
-1.828506
-1.992185
-2.145111
-2.279347
-2.393683
-2.469455
-2.519024
-2.549940
-2.565449
-2.556496
-2.561572
-2.079559
-2.124992
-2.359888
-2.371521
-2.524657
-2.503358
-2.595064
-2.536428
-2.594954
-2.534069
-2.199961
-2.345757
-2.430479
-2.519702
-2.544543
-2.564955
-2.563434
-2.560263
-2.530347
-2.395374
-2.411842
-2.550787
-2.508956
-2.600776
-2.537975
-2.574658
-2.517582
-2.450711
-2.534347
-2.556327
-2.583765
-2.546916
-2.560394
-2.514419
-2.563642
-2.520807
-2.583991
-2.535833
-2.570156
-2.493116
-2.542836
-2.598229
-2.554014
-2.550302
-2.507268
-2.585160
-2.517698
-2.566251
-2.494898
-2.565413
-2.567423
-2.497615
-2.547993
-2.500240
-2.497581
-0.931840
-0.600872
-0.806395
-0.579259
-0.729041
-0.514105
-0.655504
-0.425806
-0.563244
-0.332271
-0.456149
-0.222993
-0.347181
-0.107891
-0.230999
-0.003574
-0.119435
0.098493
-0.035194
0.192146
0.047562
0.225736
0.091154
0.419287
0.362489
0.374831
0.358779
0.375094
0.367641
0.379175
0.382806
0.394752
0.406632
0.411775
0.433842
0.427466
0.453736
0.430670
0.455510
0.406623
0.431064
0.337398
0.375790
0.217362
0.300752
0.341533
0.362102
0.340596
0.366770
0.340517
0.378470
0.354438
0.399197
0.371382
0.428207
0.391516
0.454174
0.406219
0.469697
0.400747
0.465515
0.358951
0.432380
0.280909
0.354248
0.178093
0.425898
0.427939
0.424450
0.426747
0.429536
0.433724
0.432846
0.449140
0.438455
0.461111
0.440826
0.465788
0.425424
0.455159
0.379775
0.416655
0.302491
0.334642
0.193628
0.223009
0.387884
0.406194
0.386881
0.416332
0.386105
0.433218
0.391768
0.447393
0.398766
0.458749
0.392979
0.460955
0.364195
0.439751
0.308807
0.379544
0.222482
0.292262
0.090793
0.462431
0.470325
0.456149
0.474418
0.454437
0.474251
0.450898
0.472690
0.434265
0.463297
0.397517
0.433759
0.336958
0.370613
0.246521
0.280586
0.113629
0.172600
0.397254
0.433532
0.395860
0.437061
0.392613
0.441680
0.379723
0.440605
0.353766
0.423950
0.308305
0.379520
0.236629
0.309797
0.125792
0.219076
-0.005372
0.456581
0.473937
0.446431
0.469114
0.426901
0.456488
0.394794
0.427997
0.342511
0.376597
0.266059
0.301192
0.154345
0.205463
0.020122
0.080645
0.361127
0.403532
0.346395
0.397282
0.321220
0.379541
0.280416
0.345417
0.218973
0.289268
0.128226
0.213784
0.014119
0.110052
-0.110364
0.386124
0.414593
0.357418
0.391171
0.313113
0.349448
0.247265
0.285968
0.155542
0.204053
0.040235
0.097046
-0.087284
-0.021560
0.246336
0.299061
0.212238
0.270638
0.161128
0.226404
0.088825
0.166312
-0.005321
0.084378
-0.112428
-0.011497
-0.238367
0.234753
0.275031
0.184206
0.229115
0.111934
0.163788
0.017065
0.077399
-0.090527
-0.023130
-0.216995
-0.125037
0.055343
0.120271
0.001795
0.074984
-0.070323
0.015049
-0.154004
-0.059069
-0.256907
-0.134957
-0.368104
0.019363
0.079367
-0.047616
0.020370
-0.132571
-0.059120
-0.235192
-0.140333
-0.347967
-0.234607
-0.178649
-0.093110
-0.239041
-0.145025
-0.311681
-0.197540
-0.399652
-0.263236
-0.485604
-0.211438
-0.126633
-0.281410
-0.183814
-0.374690
-0.255540
-0.463076
-0.333856
-0.405158
-0.293514
-0.465118
-0.330765
-0.521686
-0.381780
-0.597543
-0.419300
-0.296316
-0.485765
-0.359729
-0.569319
-0.410821
-0.598563
-0.459024
-0.633810
-0.473812
-0.694158
-0.570863
-0.434397
-0.661462
-0.481810
-0.754443
-0.554499
-0.768153
-0.710616
-0.548735
-0.839001
-0.977919
-0.673223
-0.947954
-0.763023
-0.975023
-0.811376
-1.032112
-0.858479
-1.087030
-0.928051
-1.154811
-1.005369
-1.245848
-1.100988
-1.348234
-1.218561
-1.463186
-1.341918
-1.591482
-1.461641
-1.706181
-1.600024
-1.822675
-1.609283
-1.401435
-1.288027
-1.144980
-1.070093
-0.944261
-0.911356
-0.806750
-0.786471
-0.701419
-0.687790
-0.606495
-0.592956
-0.507024
-0.481888
-0.381983
-0.345704
-0.226693
-0.169568
-0.057336
0.021382
0.124548
0.164034
-0.542956
-0.903457
-0.560154
-0.830653
-0.527617
-0.751942
-0.477832
-0.675065
-0.405490
-0.582245
-0.326559
-0.474487
-0.233283
-0.365164
-0.134474
-0.249139
-0.047844
-0.137319
0.037895
-0.054805
0.114650
0.054543
-0.958305
-0.650937
-0.869946
-0.603910
-0.812031
-0.547552
-0.734186
-0.480535
-0.656376
-0.395383
-0.567085
-0.306495
-0.467279
-0.208071
-0.369889
-0.108458
-0.268382
-0.023888
-0.172103
0.062385
-0.093283
-0.639290
-0.927781
-0.623151
-0.873425
-0.578682
-0.822937
-0.533382
-0.749694
-0.478732
-0.671143
-0.407226
-0.580254
-0.330465
-0.479610
-0.244648
-0.381367
-0.158463
-0.279144
-0.081497
-0.184236
-0.974936
-0.689474
-0.923280
-0.649004
-0.866545
-0.587307
-0.811795
-0.525564
-0.740501
-0.457719
-0.665185
-0.378775
-0.580790
-0.298653
-0.490248
-0.212954
-0.401555
-0.131811
-0.296269
-0.718456
-0.967739
-0.668298
-0.925133
-0.637473
-0.874934
-0.590491
-0.820635
-0.539871
-0.750653
-0.480734
-0.674105
-0.411505
-0.587738
-0.339576
-0.498589
-0.256577
-0.411538
-0.999502
-0.744894
-0.971566
-0.680707
-0.922974
-0.630820
-0.870472
-0.571799
-0.815246
-0.511293
-0.749454
-0.446262
-0.678573
-0.377069
-0.596844
-0.309402
-0.507804
-0.784096
-0.998208
-0.733421
-0.972096
-0.685874
-0.928163
-0.645740
-0.877843
-0.596501
-0.821484
-0.542623
-0.755448
-0.481339
-0.685190
-0.414675
-0.602881
-1.051785
-0.794835
-1.007758
-0.728399
-0.971724
-0.668759
-0.925547
-0.616839
-0.875581
-0.562074
-0.821209
-0.506789
-0.758904
-0.447134
-0.689991
-0.847408
-1.050031
-0.795865
-1.011488
-0.743363
-0.976048
-0.694154
-0.931681
-0.646959
-0.881620
-0.595374
-0.826274
-0.541510
-0.762972
-1.105379
-0.844447
-1.057625
-0.776730
-1.012896
-0.714839
-0.972545
-0.659080
-0.929132
-0.609215
-0.881763
-0.558884
-0.827835
-0.928623
-1.105677
-0.857598
-1.062028
-0.799422
-1.019749
-0.745017
-0.978677
-0.692049
-0.934447
-0.642384
-0.885119
-1.168709
-0.910679
-1.109126
-0.828210
-1.059629
-0.761107
-1.015116
-0.705488
-0.975773
-0.653765
-0.934068
-1.015724
-1.170859
-0.931409
-1.114457
-0.857119
-1.067824
-0.793555
-1.021360
-0.738535
-0.978852
-1.250006
-0.984063
-1.166978
-0.890451
-1.105839
-0.813386
-1.061912
-0.752329
-1.018983
-1.116395
-1.251026
-1.008753
-1.174610
-0.923393
-1.112617
-0.845960
-1.065125
-1.337014
-1.069753
-1.236125
-0.956638
-1.160862
-0.877197
-1.106693
-1.233784
-1.335804
-1.097815
-1.242459
-0.987361
-1.162614
-1.432538
-1.168462
-1.304757
-1.038126
-1.229467
-1.351307
-1.427989
-1.195456
-1.302616
-1.536390
-1.262625
-1.393951
-1.470967
-1.527468
-1.607581
-0.977917
-0.673221
-0.947951
-0.763020
-0.975020
-0.811373
-1.032108
-0.858475
-1.087026
-0.928047
-1.154807
-1.005365
-1.245844
-1.100984
-1.348230
-1.218557
-1.463182
-1.341914
-1.591480
-1.461639
-1.706179
-1.600023
-1.822675
-2.497579
-2.500237
-2.497612
-2.494895
-2.507266
-2.493113
-2.514416
-2.517579
-2.530345
-2.534067
-2.561570
-2.546049
-2.573544
-2.542034
-2.549035
-2.481407
-2.461532
-2.332365
-2.290245
-2.100809
-2.062977
-1.809695
-2.547990
-2.567420
-2.566249
-2.550299
-2.570153
-2.560391
-2.574655
-2.560261
-2.594952
-2.556494
-2.596695
-2.545253
-2.569898
-2.487174
-2.492978
-2.353622
-2.338308
-2.135769
-2.105560
-1.861141
-1.845369
-2.565410
-2.517696
-2.554011
-2.535831
-2.546913
-2.537973
-2.563432
-2.536426
-2.565447
-2.534353
-2.547921
-2.494591
-2.494908
-2.392739
-2.374208
-2.215047
-2.175359
-1.973735
-1.935588
-1.707453
-2.585160
-2.598228
-2.583990
-2.583764
-2.600776
-2.564955
-2.595063
-2.549940
-2.569994
-2.500466
-2.516509
-2.399163
-2.402975
-2.230827
-2.215527
-1.996775
-1.978256
-1.722615
-1.741168
-2.542839
-2.520811
-2.556332
-2.508961
-2.544547
-2.503362
-2.519025
-2.464732
-2.475906
-2.384373
-2.382535
-2.246753
-2.225696
-2.046046
-2.017019
-1.799455
-1.796169
-1.552947
-2.563653
-2.534361
-2.550803
-2.519718
-2.524669
-2.469461
-2.481796
-2.382108
-2.389045
-2.246422
-2.241548
-2.051395
-2.043585
-1.810679
-1.824036
-1.559393
-1.611074
-2.450739
-2.411875
-2.430514
-2.371548
-2.393696
-2.302393
-2.313395
-2.195402
-2.189896
-2.032823
-2.022583
-1.827817
-1.829536
-1.605239
-1.635034
-1.402533
-2.395419
-2.345817
-2.359928
-2.279350
-2.285909
-2.175118
-2.172134
-2.017773
-2.019864
-1.821739
-1.838123
-1.605043
-1.649443
-1.399036
-1.474342
-2.199955
-2.124975
-2.145072
-2.044626
-2.056676
-1.922387
-1.935463
-1.766852
-1.786515
-1.589435
-1.628030
-1.414239
-1.473846
-1.254531
-2.079483
-1.992130
-2.005850
-1.886509
-1.902089
-1.745812
-1.769626
-1.578950
-1.626139
-1.408072
-1.479355
-1.247472
-1.352752
-1.828548
-1.724576
-1.758493
-1.621217
-1.662153
-1.497115
-1.555171
-1.364796
-1.439224
-1.238706
-1.334670
-1.116733
-1.711268
-1.590816
-1.635097
-1.486195
-1.542285
-1.362187
-1.437008
-1.239029
-1.336989
-1.113772
-1.248579
-1.482493
-1.351821
-1.424785
-1.264562
-1.355463
-1.178386
-1.284652
-1.085677
-1.220401
-1.004049
-1.418283
-1.275103
-1.360691
-1.195824
-1.290850
-1.101073
-1.227261
-1.012317
-1.157946
-1.236492
-1.088295
-1.198696
-1.027058
-1.167717
-0.967566
-1.121976
-0.911856
-1.226212
-1.069216
-1.191660
-1.001357
-1.136578
-0.937941
-1.093694
-1.082589
-0.909609
-1.065445
-0.880390
-1.050557
-0.824665
-1.114713
-0.937800
-1.076022
-0.866512
-1.046928
-0.973230
-0.793572
-0.997623
-0.762209
-1.050909
-0.813106
-0.996112
-0.915989
-0.718018
-0.967615
-0.561177
-0.691159
-0.481961
-0.571031
-0.407617
-0.428023
-0.266799
-0.259562
-0.086037
-0.054068
0.117994
0.151082
0.302082
0.314428
0.425084
0.404355
0.475571
0.427550
0.467110
0.403461
0.443382
0.338080
0.367403
0.299229
0.275666
0.293398
0.304401
0.284100
0.306909
0.291491
0.327812
0.311328
0.357109
0.342452
0.396521
0.376148
0.437741
0.405221
0.469029
0.416479
0.475760
0.398418
0.447815
0.336832
0.391709
0.219001
-0.839000
-0.548734
-0.768152
-0.481810
-0.694157
-0.410821
-0.597543
-0.333856
-0.485604
-0.234608
-0.368103
-0.125037
-0.238367
-0.021560
-0.110364
0.080645
-0.005372
0.172600
0.090793
0.223009
0.178093
0.300752
-0.710615
-0.554499
-0.661462
-0.473812
-0.569319
-0.381780
-0.463076
-0.263236
-0.347968
-0.134957
-0.216995
-0.011496
-0.087284
0.110052
0.020122
0.219076
0.113629
0.292263
0.193628
0.354248
0.217362
-0.754442
-0.434396
-0.633810
-0.359729
-0.521686
-0.255540
-0.399652
-0.140333
-0.256907
-0.023130
-0.112428
0.097046
0.014119
0.205463
0.125792
0.280587
0.222483
0.334642
0.280910
0.375790
-0.570863
-0.459024
-0.485766
-0.330765
-0.374690
-0.197540
-0.235192
-0.059069
-0.090527
0.084379
0.040235
0.213784
0.154345
0.309797
0.246522
0.379545
0.302492
0.432381
0.337398
-0.598562
-0.296316
-0.465118
-0.183814
-0.311681
-0.059120
-0.154004
0.077400
-0.005320
0.204053
0.128227
0.301192
0.236630
0.370613
0.308807
0.416655
0.358952
0.431064
-0.419301
-0.293514
-0.281410
-0.145025
-0.132571
0.015049
0.017066
0.166312
0.155542
0.289268
0.266059
0.379520
0.336958
0.439751
0.379775
0.465515
0.406623
-0.405158
-0.126632
-0.239040
0.020371
-0.070323
0.163789
0.088826
0.285969
0.218974
0.376598
0.308306
0.433760
0.364196
0.455160
0.400748
0.455510
-0.211438
-0.093110
-0.047616
0.074984
0.111935
0.226405
0.247265
0.345418
0.342512
0.423951
0.397518
0.460956
0.425425
0.469698
0.430671
-0.178649
0.079368
0.001796
0.229115
0.161129
0.349449
0.280417
0.427998
0.353768
0.463299
0.392980
0.465789
0.406220
0.453736
0.019364
0.120272
0.184206
0.270639
0.313114
0.379542
0.394795
0.440606
0.434266
0.458751
0.440827
0.454175
0.427467
0.055343
0.275032
0.212239
0.391172
0.321221
0.456489
0.379724
0.472691
0.398768
0.461113
0.391518
0.433843
0.234754
0.299062
0.357419
0.397284
0.426902
0.441681
0.450899
0.447394
0.438456
0.428208
0.411777
0.246338
0.414595
0.346396
0.469115
0.392615
0.474253
0.391770
0.449142
0.371384
0.406633
0.386125
0.403533
0.446433
0.437063
0.454438
0.433220
0.432848
0.399199
0.394754
0.361128
0.473938
0.395862
0.474420
0.386107
0.433725
0.354440
0.382807
0.456583
0.433534
0.456151
0.416334
0.429538
0.378472
0.379177
0.397256
0.470327
0.386883
0.426749
0.340520
0.367643
0.462433
0.406196
0.424452
0.366772
0.375096
0.387886
0.427941
0.340598
0.358782
0.425900
0.362104
0.374833
0.341535
0.362491
0.419289
-0.931838
-0.600871
-0.806395
-0.579259
-0.729041
-0.514105
-0.655504
-0.425806
-0.563244
-0.332271
-0.456149
-0.222993
-0.347182
-0.107891
-0.230999
-0.003574
-0.119436
0.098493
-0.035194
0.192147
0.047562
0.225736
0.091154
-1.607581
-1.527468
-1.393950
-1.302616
-1.229467
-1.162614
-1.106693
-1.065125
-1.018983
-0.978851
-0.934069
-0.885119
-0.827836
-0.762971
-0.689991
-0.602881
-0.507804
-0.411538
-0.296269
-0.184236
-0.093283
0.054543
-1.470966
-1.262624
-1.195455
-1.038125
-0.987360
-0.877197
-0.845960
-0.752328
-0.738534
-0.653764
-0.642384
-0.558884
-0.541510
-0.447134
-0.414675
-0.309402
-0.256577
-0.131811
-0.081497
0.062385
0.114650
-1.536389
-1.427987
-1.304756
-1.242458
-1.160861
-1.112616
-1.061912
-1.021359
-0.975773
-0.934447
-0.881763
-0.826273
-0.758904
-0.685190
-0.596845
-0.498589
-0.401556
-0.279144
-0.172103
-0.054805
-1.351305
-1.168460
-1.097814
-0.956637
-0.923392
-0.813385
-0.793555
-0.705488
-0.692048
-0.609215
-0.595374
-0.506789
-0.481339
-0.377069
-0.339576
-0.212954
-0.158463
-0.023888
0.037895
-1.432535
-1.335802
-1.236124
-1.174609
-1.105838
-1.067822
-1.015116
-0.978676
-0.929132
-0.881619
-0.821209
-0.755448
-0.678573
-0.587738
-0.490248
-0.381367
-0.268382
-0.137319
-1.233781
-1.069750
-1.008751
-0.890449
-0.857118
-0.761106
-0.745017
-0.659080
-0.646958
-0.562074
-0.542623
-0.446262
-0.411505
-0.298653
-0.244648
-0.108458
-0.047844
-1.337011
-1.251023
-1.166976
-1.114455
-1.059628
-1.019747
-0.972544
-0.931680
-0.875581
-0.821484
-0.749454
-0.674105
-0.580790
-0.479610
-0.369890
-0.249139
-1.116391
-0.984060
-0.931407
-0.828207
-0.799420
-0.714837
-0.694153
-0.616838
-0.596501
-0.511293
-0.480734
-0.378775
-0.330466
-0.208071
-0.134474
-1.250002
-1.170855
-1.109124
-1.062026
-1.012894
-0.976047
-0.925546
-0.877843
-0.815245
-0.750653
-0.665185
-0.580254
-0.467280
-0.365164
-1.015720
-0.910676
-0.857596
-0.776728
-0.743361
-0.668757
-0.645739
-0.571799
-0.539871
-0.457718
-0.407226
-0.306495
-0.233283
-1.168705
-1.105674
-1.057623
-1.011486
-0.971723
-0.928162
-0.870471
-0.820635
-0.740501
-0.671143
-0.567085
-0.474487
-0.928619
-0.844444
-0.795862
-0.728397
-0.685873
-0.630819
-0.590491
-0.525564
-0.478732
-0.395383
-0.326559
-1.105376
-1.050028
-1.007756
-0.972094
-0.922973
-0.874933
-0.811795
-0.749694
-0.656376
-0.582244
-0.847405
-0.794832
-0.733419
-0.680706
-0.637472
-0.587306
-0.533381
-0.480535
-0.405490
-1.051782
-0.998205
-0.971565
-0.925131
-0.866544
-0.822936
-0.734186
-0.675064
-0.784094
-0.744892
-0.668296
-0.649002
-0.578681
-0.547551
-0.477832
-0.999500
-0.967736
-0.923278
-0.873424
-0.812030
-0.751941
-0.718454
-0.689472
-0.623150
-0.603909
-0.527617
-0.974934
-0.927779
-0.869945
-0.830652
-0.639288
-0.650936
-0.560153
-0.958304
-0.903456
-0.542955
-2.513057
-2.530330
-2.503184
-2.506340
-2.498646
-2.499921
-2.521233
-2.501731
-2.536309
-2.527027
-2.557440
-2.543178
-2.585807
-2.548584
-2.587142
-2.522670
-2.535688
-2.424797
-2.400684
-2.230105
-2.176671
-1.963330
-1.928431
-2.427187
-2.451336
-2.432979
-2.435356
-2.446682
-2.433523
-2.452646
-2.466107
-2.471489
-2.496590
-2.512040
-2.533960
-2.543697
-2.571672
-2.556689
-2.574326
-2.522067
-2.505633
-2.399199
-2.346686
-2.183453
-2.092360
-2.432274
-2.448353
-2.446861
-2.423808
-2.441850
-2.442398
-2.450663
-2.455628
-2.488643
-2.480982
-2.524068
-2.520108
-2.559803
-2.545268
-2.580580
-2.535846
-2.547530
-2.453212
-2.421373
-2.263247
-2.183453
-2.425006
-2.347756
-2.386805
-2.370917
-2.375754
-2.380279
-2.406807
-2.408055
-2.439394
-2.461644
-2.484323
-2.514662
-2.535912
-2.562130
-2.565948
-2.579455
-2.540289
-2.520444
-2.421373
-2.346686
-2.367306
-2.393059
-2.351541
-2.370487
-2.378832
-2.374498
-2.400459
-2.412317
-2.439561
-2.452522
-2.494422
-2.498425
-2.543686
-2.538147
-2.571212
-2.540500
-2.540289
-2.453212
-2.399199
-2.327580
-2.290879
-2.332584
-2.290313
-2.331051
-2.329149
-2.358821
-2.372062
-2.414091
-2.432457
-2.474141
-2.501493
-2.533414
-2.560413
-2.571212
-2.579455
-2.547530
-2.505633
-2.314619
-2.303418
-2.295547
-2.317386
-2.312226
-2.334041
-2.359744
-2.376728
-2.413017
-2.435032
-2.475268
-2.493365
-2.533414
-2.538147
-2.565948
-2.535846
-2.522067
-2.269025
-2.240957
-2.263871
-2.244445
-2.294424
-2.285117
-2.336981
-2.350402
-2.402401
-2.424846
-2.475268
-2.501493
-2.543686
-2.562130
-2.580580
-2.574326
-2.242683
-2.250903
-2.254194
-2.266862
-2.278684
-2.310661
-2.335003
-2.366976
-2.402401
-2.435032
-2.474141
-2.498424
-2.535912
-2.545268
-2.556689
-2.228504
-2.189908
-2.229942
-2.220662
-2.271848
-2.272065
-2.335003
-2.350402
-2.413017
-2.432457
-2.494422
-2.514662
-2.559803
-2.571671
-2.205265
-2.224936
-2.226560
-2.250709
-2.271847
-2.310661
-2.336981
-2.376728
-2.414091
-2.452522
-2.484323
-2.520107
-2.543696
-2.200654
-2.172474
-2.226559
-2.220662
-2.278683
-2.285116
-2.359743
-2.372062
-2.439561
-2.461643
-2.524068
-2.533960
-2.200654
-2.224936
-2.229942
-2.266862
-2.294424
-2.334041
-2.358821
-2.412317
-2.439394
-2.480982
-2.512040
-2.205264
-2.189907
-2.254194
-2.244445
-2.312225
-2.329149
-2.400459
-2.408055
-2.488643
-2.496589
-2.228504
-2.250903
-2.263870
-2.317386
-2.331051
-2.374498
-2.406807
-2.455627
-2.471488
-2.242684
-2.240958
-2.295547
-2.290312
-2.378832
-2.380278
-2.450662
-2.466107
-2.269025
-2.303418
-2.332583
-2.370487
-2.375754
-2.442397
-2.452646
-2.314619
-2.290879
-2.351541
-2.370917
-2.441850
-2.433523
-2.327580
-2.393060
-2.386805
-2.423809
-2.446682
-2.367307
-2.347757
-2.446861
-2.435357
-2.425007
-2.448353
-2.432980
-2.432275
-2.451337
-2.427188
-2.451964
-2.520087
-2.364570
-2.394192
-2.328246
-2.328866
-2.243861
-2.275090
-2.193510
-2.220795
-2.168535
-2.201821
-2.168535
-2.220795
-2.193510
-2.275089
-2.243861
-2.328866
-2.328245
-2.394191
-2.364569
-2.520086
-2.451962
-2.513042
-2.530306
-2.503183
-2.506272
-2.498675
-2.499785
-2.521293
-2.501554
-2.536363
-2.526802
-2.557540
-2.542847
-2.585948
-2.548208
-2.587264
-2.522218
-2.535895
-2.424180
-2.400949
-2.229431
-2.176929
-1.962471
-1.928870
-2.427216
-2.451325
-2.433035
-2.435337
-2.446762
-2.433521
-2.452727
-2.466123
-2.471608
-2.496587
-2.512197
-2.533995
-2.543843
-2.571735
-2.556908
-2.574357
-2.522339
-2.505741
-2.399460
-2.346822
-2.183854
-2.092458
-2.432274
-2.448314
-2.446881
-2.423730
-2.441878
-2.442274
-2.450724
-2.455426
-2.488737
-2.480738
-2.524157
-2.519803
-2.559952
-2.544841
-2.580775
-2.535368
-2.547719
-2.452624
-2.421692
-2.262456
-2.183854
-2.425029
-2.347753
-2.386845
-2.370917
-2.375824
-2.380269
-2.406905
-2.408066
-2.439492
-2.461671
-2.484471
-2.514666
-2.536098
-2.562181
-2.566126
-2.579527
-2.540562
-2.520473
-2.421692
-2.346821
-2.367308
-2.393019
-2.351566
-2.370392
-2.378881
-2.374362
-2.400514
-2.412130
-2.439659
-2.452246
-2.494556
-2.498104
-2.543819
-2.537748
-2.571428
-2.539957
-2.540561
-2.452624
-2.399459
-2.327598
-2.290874
-2.332626
-2.290314
-2.331106
-2.329157
-2.358912
-2.372056
-2.414211
-2.432478
-2.474260
-2.501527
-2.533595
-2.560419
-2.571428
-2.579526
-2.547718
-2.505740
-2.314626
-2.303373
-2.295571
-2.317296
-2.312279
-2.333886
-2.359824
-2.376532
-2.413103
-2.434777
-2.475410
-2.493007
-2.533595
-2.537748
-2.566125
-2.535367
-2.522338
-2.269038
-2.240959
-2.263910
-2.244439
-2.294489
-2.285123
-2.337053
-2.350416
-2.402516
-2.424841
-2.475410
-2.501527
-2.543818
-2.562181
-2.580775
-2.574356
-2.242692
-2.250853
-2.254228
-2.266767
-2.278731
-2.310517
-2.335088
-2.366759
-2.402516
-2.434776
-2.474260
-2.498104
-2.536097
-2.544840
-2.556907
-2.228518
-2.189908
-2.229974
-2.220666
-2.271909
-2.272058
-2.335088
-2.350416
-2.413103
-2.432478
-2.494556
-2.514665
-2.559951
-2.571733
-2.205273
-2.224889
-2.226596
-2.250604
-2.271909
-2.310516
-2.337053
-2.376531
-2.414210
-2.452245
-2.484470
-2.519802
-2.543842
-2.200667
-2.172471
-2.226596
-2.220666
-2.278731
-2.285123
-2.359824
-2.372055
-2.439658
-2.461670
-2.524156
-2.533994
-2.200667
-2.224889
-2.229973
-2.266767
-2.294488
-2.333885
-2.358911
-2.412129
-2.439491
-2.480737
-2.512196
-2.205274
-2.189909
-2.254228
-2.244439
-2.312278
-2.329157
-2.400514
-2.408065
-2.488736
-2.496585
-2.228518
-2.250852
-2.263909
-2.317295
-2.331106
-2.374361
-2.406904
-2.455424
-2.471606
-2.242692
-2.240959
-2.295570
-2.290313
-2.378881
-2.380267
-2.450723
-2.466121
-2.269038
-2.303373
-2.332626
-2.370391
-2.375822
-2.442273
-2.452725
-2.314626
-2.290874
-2.351565
-2.370916
-2.441877
-2.433519
-2.327598
-2.393018
-2.386844
-2.423729
-2.446760
-2.367308
-2.347752
-2.446879
-2.435335
-2.425028
-2.448313
-2.433033
-2.432273
-2.451323
-2.427214
0.353447
0.222046
0.304405
0.185403
0.210000
0.111778
0.138405
0.041055
0.070310
-0.006519
0.029696
-0.025219
0.029696
-0.006518
0.070312
0.041056
0.138407
0.111780
0.210002
0.185405
0.304407
0.222049
0.353449
0.299114
0.275759
0.293052
0.304358
0.284433
0.306001
0.291864
0.327861
0.310625
0.356969
0.343305
0.394782
0.376984
0.437612
0.404478
0.468604
0.417717
0.473427
0.399562
0.447199
0.336367
0.390608
0.220441
0.322972
0.332419
0.283941
0.312557
0.289276
0.314884
0.301013
0.326026
0.329630
0.348825
0.363353
0.381497
0.400582
0.410563
0.435760
0.424286
0.451104
0.413296
0.431312
0.358765
0.364100
0.263554
0.249157
0.227081
0.229191
0.232245
0.222749
0.243874
0.241592
0.270650
0.270463
0.315545
0.312587
0.366920
0.362393
0.417915
0.405933
0.460336
0.428288
0.477450
0.417214
0.456433
0.364100
0.210944
0.268129
0.203089
0.247234
0.218801
0.249904
0.239502
0.276184
0.276388
0.311955
0.325910
0.354360
0.375916
0.396327
0.417380
0.421950
0.438977
0.415824
0.417214
0.358765
0.181843
0.153574
0.169570
0.156431
0.166743
0.184360
0.191402
0.224836
0.238951
0.280891
0.294877
0.346473
0.354014
0.409375
0.408149
0.456920
0.438977
0.477450
0.431313
0.149149
0.184872
0.131458
0.183373
0.147911
0.196947
0.188816
0.235156
0.240306
0.287222
0.298533
0.341283
0.359574
0.390012
0.408149
0.421951
0.428288
0.413296
0.104881
0.092406
0.097687
0.094907
0.117900
0.133102
0.158807
0.193227
0.218124
0.263191
0.289163
0.337306
0.359574
0.409376
0.417380
0.460337
0.451105
0.074738
0.110733
0.073240
0.122063
0.098934
0.159896
0.152234
0.213165
0.218856
0.275629
0.289164
0.341283
0.354014
0.396328
0.405933
0.424286
0.043678
0.030451
0.043127
0.053494
0.081312
0.105197
0.142480
0.177983
0.218857
0.263191
0.298534
0.346473
0.375917
0.417916
0.435761
0.014850
0.061277
0.029362
0.086941
0.074415
0.142608
0.142480
0.213166
0.218125
0.287223
0.294877
0.354361
0.362394
0.410564
-0.001306
-0.006384
0.018496
0.035574
0.074415
0.105197
0.152234
0.193228
0.240307
0.280892
0.325911
0.366921
0.400583
-0.012192
0.041826
0.018497
0.086941
0.081312
0.159897
0.158808
0.235157
0.238952
0.311956
0.312589
0.381498
-0.012192
-0.006384
0.029363
0.053495
0.098936
0.133103
0.188817
0.224837
0.276389
0.315546
0.363354
-0.001305
0.061278
0.043129
0.122064
0.117901
0.196949
0.191403
0.276186
0.270464
0.348827
0.014852
0.030453
0.073240
0.094909
0.147912
0.184362
0.239504
0.270652
0.329632
0.043679
0.110735
0.097688
0.183375
0.166745
0.249905
0.241594
0.326028
0.074740
0.092408
0.131460
0.156433
0.218804
0.243877
0.301015
0.104883
0.184874
0.169571
0.247236
0.222751
0.314886
0.149151
0.153577
0.203092
0.232247
0.289279
0.181846
0.268131
0.229194
0.312559
0.210946
0.227083
0.283944
0.249159
0.332421
0.322974
0.299226
0.275664
0.293395
0.304398
0.284098
0.306907
0.291489
0.327810
0.311326
0.357107
0.342450
0.396519
0.376147
0.437740
0.405220
0.469028
0.416478
0.475759
0.398418
0.447815
0.336831
0.391709
0.219001
0.322904
0.332400
0.283520
0.313022
0.288799
0.314545
0.301441
0.325724
0.328744
0.349888
0.362474
0.380964
0.401265
0.410152
0.434530
0.425658
0.449929
0.412724
0.431862
0.358297
0.362664
0.264731
0.249182
0.227387
0.229094
0.232183
0.223270
0.243914
0.241026
0.271959
0.269819
0.315545
0.313354
0.367110
0.361315
0.419993
0.404839
0.460658
0.428949
0.478040
0.415839
0.459084
0.362664
0.210758
0.268019
0.203236
0.247072
0.218212
0.250653
0.238831
0.275772
0.276990
0.311588
0.324867
0.355675
0.374847
0.395823
0.418078
0.421507
0.437656
0.417279
0.415838
0.358297
0.182036
0.153577
0.169368
0.157142
0.166387
0.184311
0.192039
0.224886
0.238132
0.282568
0.293961
0.346581
0.354769
0.409649
0.406916
0.459263
0.437656
0.478040
0.431862
0.148956
0.185146
0.131097
0.183147
0.148278
0.196685
0.188056
0.236202
0.239453
0.286794
0.299247
0.340867
0.358429
0.391471
0.406916
0.421507
0.428949
0.412724
0.104871
0.092386
0.098038
0.094904
0.117431
0.134213
0.158175
0.193223
0.218825
0.263269
0.288146
0.339269
0.358429
0.409649
0.418078
0.460658
0.449929
0.074764
0.110633
0.072857
0.122647
0.098392
0.159598
0.152797
0.212825
0.217964
0.276889
0.288146
0.340866
0.354769
0.395823
0.404838
0.425657
0.043626
0.030848
0.042855
0.053467
0.081790
0.105191
0.141763
0.179431
0.217964
0.263269
0.299247
0.346581
0.374847
0.419993
0.434529
0.014702
0.061167
0.029625
0.086742
0.073868
0.143474
0.141763
0.212824
0.218824
0.286793
0.293960
0.355674
0.361314
0.410151
-0.001182
-0.006396
0.018170
0.036363
0.073868
0.105190
0.152797
0.193222
0.239452
0.282567
0.324867
0.367109
0.401264
-0.012315
0.042138
0.018170
0.086742
0.081789
0.159597
0.158174
0.236201
0.238131
0.311587
0.313353
0.380963
-0.012315
-0.006397
0.029624
0.053467
0.098391
0.134212
0.188055
0.224885
0.276989
0.315543
0.362473
-0.001182
0.061166
0.042853
0.122646
0.117429
0.196683
0.192037
0.275770
0.269817
0.349887
0.014701
0.030846
0.072857
0.094903
0.148277
0.184309
0.238829
0.271958
0.328742
0.043625
0.110631
0.098036
0.183145
0.166385
0.250651
0.241023
0.325722
0.074763
0.092385
0.131095
0.157140
0.218210
0.243912
0.301440
0.104869
0.185144
0.169366
0.247069
0.223268
0.314543
0.148954
0.153575
0.203233
0.232181
0.288797
0.182033
0.268017
0.229092
0.313020
0.210755
0.227385
0.283518
0.249180
0.332398
0.322902

