Tension at each vertex
-0.689497
-0.689498
-0.688655
-0.688659
-2.688110
0.440375
-2.688110
0.440376
-1.613870
-1.612682
0.387573
0.391427
-0.500672
-0.888131
-0.649956
-0.943543
-0.821689
-1.046264
-0.979555
-1.197850
-1.171197
-1.396439
-1.422597
-1.667760
-1.739657
-1.997454
-2.076412
-2.310998
-2.341622
-2.522213
-2.497345
-2.620377
-2.542544
-2.684273
-2.564668
-0.706935
-0.948026
-0.888938
-1.037633
-0.997444
-1.163051
-1.124095
-1.300570
-1.289437
-1.484235
-1.512363
-1.738659
-1.808361
-2.051993
-2.129944
-2.340082
-2.386601
-2.521004
-2.527163
-2.602235
-2.577613
-2.575305
-0.627916
-0.884619
-0.729839
-0.988294
-0.865987
-1.095929
-1.026509
-1.243640
-1.219606
-1.449485
-1.475505
-1.728641
-1.794432
-2.054984
-2.123591
-2.347408
-2.373686
-2.545083
-2.509563
-2.641136
-2.577678
-0.714671
-0.939131
-0.868180
-1.031720
-0.997560
-1.156856
-1.130827
-1.308354
-1.304228
-1.506897
-1.539003
-1.773994
-1.842543
-2.085998
-2.154851
-2.359920
-2.383756
-2.530603
-2.509485
-2.602224
-0.697274
-0.855514
-0.779491
-0.986551
-0.896669
-1.115089
-1.055260
-1.271503
-1.255164
-1.485711
-1.517669
-1.766797
-1.836072
-2.086828
-2.150206
-2.366499
-2.383843
-2.545103
-2.527227
-0.697129
-0.959915
-0.841001
-1.049651
-0.987629
-1.164276
-1.133195
-1.318926
-1.311504
-1.520974
-1.550974
-1.792709
-1.851337
-2.100880
-2.150131
-2.359898
-2.373588
-2.520996
-0.702036
-0.848599
-0.816877
-0.973878
-0.933185
-1.120987
-1.083664
-1.286792
-1.284718
-1.504774
-1.543146
-1.781713
-1.851434
-2.086840
-2.154921
-2.347481
-2.386640
-0.718571
-0.947438
-0.838274
-1.063162
-0.972335
-1.177639
-1.126394
-1.325329
-1.303961
-1.526543
-1.543083
-1.792677
-1.835973
-2.085998
-2.123454
-2.340067
-0.704560
-0.861122
-0.823040
-0.977002
-0.959438
-1.117516
-1.107908
-1.291975
-1.304054
-1.504781
-1.551042
-1.766884
-1.842569
-2.055091
-2.129997
-0.714556
-0.943910
-0.845018
-1.057351
-0.965393
-1.185492
-1.107874
-1.325291
-1.284634
-1.520983
-1.517521
-1.773984
-1.794314
-2.051935
-0.719156
-0.854414
-0.832128
-0.985352
-0.965464
-1.117517
-1.126448
-1.286895
-1.311510
-1.485838
-1.539057
-1.728744
-1.808406
-0.713742
-0.951692
-0.832102
-1.057321
-0.959384
-1.177669
-1.083523
-1.318934
-1.255056
-1.506832
-1.475379
-1.738635
-0.713777
-0.854414
-0.845051
-0.977093
-0.972309
-1.121132
-1.133245
-1.271611
-1.304281
-1.449680
-1.512338
-0.719110
-0.943922
-0.822902
-1.063214
-0.933100
-1.164229
-1.055155
-1.308351
-1.219391
-1.484235
-0.714491
-0.861262
-0.838251
-0.973968
-0.987690
-1.115309
-1.130790
-1.243908
-1.289457
-0.704430
-0.947384
-0.816796
-1.049678
-0.896457
-1.156907
-1.026335
-1.300485
-0.718584
-0.848735
-0.840865
-0.986865
-0.997578
-1.096145
-1.124161
-0.701815
-0.959993
-0.779276
-1.031648
-0.865857
-1.163041
-0.697005
-0.855644
-0.868194
-0.988629
-0.997355
-0.697222
-0.939075
-0.729460
-1.037706
-0.714446
-0.885083
-0.888854
-0.627630
-0.947831
-0.706967
-0.954899
-0.791628
-0.879830
-0.724092
-0.855748
-0.749333
-0.832749
-0.739884
-0.839498
-0.735005
-0.830090
-0.742722
-0.830103
-0.734943
-0.839417
-0.739786
-0.832751
-0.748988
-0.855791
-0.723836
-0.879637
-0.791327
-0.954980
-0.409025
-0.688545
-0.343626
-0.516173
-0.273000
-0.356870
-0.147683
-0.196340
0.003669
-0.009504
0.180559
0.186432
0.360434
0.363179
0.504889
0.481703
0.590002
0.531905
0.610003
0.529868
0.602528
0.478413
0.553670
-0.606869
-0.740401
-0.565215
-0.599010
-0.422726
-0.454975
-0.255371
-0.270732
-0.063065
-0.065703
0.147042
0.148132
0.344970
0.330307
0.496817
0.450354
0.576942
0.509139
0.600347
0.514076
0.588324
0.525423
-0.513946
-0.667710
-0.392750
-0.530467
-0.279148
-0.365606
-0.145784
-0.190268
0.020441
0.006360
0.204434
0.205507
0.384908
0.374533
0.520149
0.485902
0.592226
0.526144
0.612311
0.518936
0.588345
-0.612891
-0.719161
-0.534385
-0.570221
-0.399522
-0.416706
-0.224757
-0.233870
-0.029374
-0.028110
0.182865
0.177443
0.374945
0.349625
0.513066
0.457469
0.590730
0.505565
0.611792
0.514249
-0.579464
-0.629997
-0.428331
-0.514899
-0.286717
-0.360418
-0.141573
-0.178316
0.032374
0.018889
0.219457
0.219677
0.394103
0.383899
0.524378
0.484018
0.590716
0.526385
0.600653
-0.590893
-0.731905
-0.494470
-0.569423
-0.370388
-0.395895
-0.199137
-0.211403
-0.000676
-0.003500
0.206544
0.195898
0.392904
0.354130
0.524033
0.457582
0.592066
0.508944
-0.581005
-0.616560
-0.457272
-0.489582
-0.305947
-0.348190
-0.143435
-0.168543
0.030967
0.027431
0.220808
0.222590
0.392847
0.384084
0.513268
0.485906
0.576943
-0.608268
-0.711356
-0.480644
-0.569646
-0.339284
-0.391680
-0.177523
-0.198853
0.020669
0.003443
0.220597
0.195979
0.394035
0.349443
0.519829
0.450749
-0.582312
-0.625292
-0.456978
-0.484540
-0.322681
-0.333446
-0.155901
-0.166293
0.020587
0.027571
0.206650
0.219674
0.374932
0.375122
0.496450
-0.599508
-0.702294
-0.480476
-0.555723
-0.325844
-0.394630
-0.156000
-0.198799
0.030956
-0.003644
0.219282
0.177700
0.384337
0.330302
-0.597894
-0.616073
-0.464318
-0.490678
-0.325914
-0.333361
-0.177494
-0.168537
-0.000713
0.019311
0.182562
0.205826
0.345236
-0.594897
-0.708406
-0.464334
-0.555703
-0.322666
-0.391755
-0.143528
-0.211233
0.031998
-0.028110
0.204454
0.147853
-0.594941
-0.616039
-0.480493
-0.484506
-0.339363
-0.347906
-0.199372
-0.178073
-0.029227
0.006472
0.146855
-0.597870
-0.702307
-0.457046
-0.569527
-0.306159
-0.395888
-0.141561
-0.234060
0.020118
-0.065328
-0.599625
-0.625095
-0.480814
-0.489424
-0.370347
-0.360304
-0.224914
-0.189602
-0.063476
-0.582408
-0.711363
-0.457261
-0.569499
-0.286940
-0.416456
-0.146278
-0.270781
-0.608296
-0.616423
-0.494655
-0.514439
-0.399822
-0.365277
-0.255193
-0.581174
-0.731722
-0.428616
-0.570249
-0.279167
-0.455195
-0.591119
-0.629774
-0.534347
-0.530247
-0.422927
-0.579464
-0.719234
-0.393067
-0.598755
-0.613168
-0.667120
-0.565531
-0.514251
-0.740485
-0.606878
-0.927179
-0.686615
-0.944007
-0.739813
-1.005190
-0.784547
-1.081797
-0.844740
-1.152824
-0.927385
-1.233066
-1.014014
-1.326044
-1.115392
-1.417532
-1.231230
-1.515165
-1.343677
-1.621941
-1.452314
-1.712545
-1.576662
-1.822611
-2.595301
-2.565533
-2.589013
-2.572914
-2.596985
-2.568761
-2.596642
-2.589247
-2.598376
-2.589372
-2.606566
-2.574515
-2.582438
-2.527327
-2.515456
-2.415409
-2.385271
-2.233440
-2.199615
-2.001299
-1.998907
-1.745685
-2.605230
-2.650285
-2.633036
-2.619706
-2.642035
-2.619417
-2.636293
-2.601131
-2.636549
-2.571481
-2.604116
-2.521487
-2.534811
-2.417118
-2.410188
-2.250268
-2.228746
-2.028330
-2.012030
-1.792795
-1.803940
-2.615174
-2.536429
-2.608162
-2.561355
-2.588510
-2.562938
-2.589666
-2.549557
-2.567601
-2.522997
-2.520416
-2.447544
-2.430427
-2.312843
-2.283084
-2.115761
-2.090837
-1.889804
-1.886618
-1.662935
-2.606444
-2.624457
-2.602722
-2.602352
-2.613843
-2.565813
-2.591517
-2.525348
-2.540502
-2.441460
-2.451407
-2.308761
-2.306503
-2.119458
-2.115324
-1.896941
-1.904419
-1.667203
-1.723983
-2.535488
-2.489779
-2.544273
-2.476666
-2.518531
-2.463693
-2.473054
-2.408241
-2.405841
-2.309358
-2.291230
-2.155841
-2.134502
-1.958776
-1.948750
-1.743113
-1.776087
-1.532792
-2.523264
-2.500226
-2.508117
-2.473403
-2.471518
-2.404269
-2.412342
-2.296520
-2.302255
-2.143682
-2.151232
-1.947670
-1.966742
-1.734016
-1.785318
-1.521322
-1.625926
-2.378911
-2.326627
-2.352051
-2.284388
-2.303176
-2.212593
-2.213478
-2.103203
-2.093305
-1.947247
-1.944220
-1.767568
-1.789046
-1.576943
-1.647712
-1.408382
-2.310291
-2.268005
-2.272896
-2.194430
-2.197234
-2.083061
-2.090908
-1.926026
-1.954007
-1.746321
-1.800330
-1.554973
-1.654434
-1.381197
-1.518302
-2.098130
-2.027194
-2.042794
-1.952536
-1.961878
-1.841785
-1.857614
-1.709761
-1.737979
-1.560076
-1.622860
-1.414197
-1.510899
-1.283145
-2.003062
-1.930059
-1.941195
-1.824587
-1.855383
-1.693449
-1.747992
-1.540062
-1.637834
-1.386430
-1.522631
-1.248171
-1.422887
-1.761492
-1.669223
-1.700980
-1.579822
-1.623393
-1.474981
-1.546248
-1.364507
-1.461941
-1.262116
-1.388309
-1.154826
-1.696464
-1.586871
-1.638931
-1.481188
-1.571610
-1.359491
-1.490229
-1.242495
-1.410754
-1.121049
-1.340097
-1.474963
-1.350389
-1.429696
-1.269609
-1.376602
-1.196965
-1.325011
-1.115382
-1.282808
-1.038875
-1.464398
-1.313078
-1.425392
-1.223057
-1.371410
-1.116762
-1.321845
-1.016597
-1.258217
-1.270909
-1.106335
-1.237197
-1.043106
-1.215591
-0.985978
-1.180292
-0.933191
-1.300413
-1.116236
-1.283291
-1.022492
-1.235529
-0.936853
-1.189533
-1.126296
-0.907653
-1.107421
-0.873931
-1.093885
-0.820064
-1.187895
-0.969599
-1.162911
-0.863961
-1.128742
-0.997942
-0.750919
-1.019166
-0.718728
-1.103563
-0.824477
-1.052736
-0.901625
-0.630497
-0.979486
-0.408603
-0.688938
-0.343533
-0.516606
-0.272423
-0.357676
-0.147260
-0.196534
0.003641
-0.009912
0.181265
0.185508
0.360913
0.363053
0.504874
0.481325
0.590815
0.531117
0.610523
0.529847
0.602813
0.478090
0.554421
0.470273
0.441237
0.461699
0.462947
0.458935
0.472230
0.455907
0.501520
0.474065
0.525220
0.501822
0.559113
0.524180
0.588513
0.539296
0.598673
0.531732
0.579345
0.488846
0.526650
0.407878
0.447507
0.295237
-0.811893
-0.397405
-0.743815
-0.341983
-0.660502
-0.280343
-0.552406
-0.212274
-0.434518
-0.124527
-0.314839
-0.030207
-0.186716
0.059894
-0.062258
0.151464
0.041884
0.237713
0.136789
0.291351
0.227849
0.361818
-0.616217
-0.477174
-0.572684
-0.357836
-0.481285
-0.251922
-0.381219
-0.136852
-0.276519
-0.023614
-0.158162
0.082633
-0.040210
0.188151
0.061816
0.284252
0.154056
0.349648
0.238311
0.401881
0.274359
-0.707561
-0.284720
-0.598819
-0.230230
-0.484439
-0.145014
-0.360226
-0.050156
-0.217692
0.049548
-0.074839
0.157142
0.054100
0.258953
0.171242
0.335422
0.275415
0.393066
0.345416
0.443286
-0.469038
-0.366395
-0.390373
-0.226649
-0.290212
-0.098579
-0.165399
0.026626
-0.036349
0.156836
0.085594
0.277410
0.198585
0.371547
0.295129
0.442366
0.359711
0.498327
0.399715
-0.533853
-0.166804
-0.422166
-0.081861
-0.276471
0.017558
-0.123636
0.135414
0.026489
0.252450
0.168458
0.350992
0.289978
0.428329
0.376849
0.487066
0.437916
0.517017
-0.315014
-0.210490
-0.193749
-0.069803
-0.062907
0.079362
0.073109
0.223326
0.207239
0.348945
0.322465
0.448316
0.403851
0.520753
0.455055
0.559542
0.491121
-0.340425
-0.030224
-0.199932
0.088449
-0.040564
0.214555
0.122108
0.334731
0.266378
0.434396
0.376158
0.506590
0.449644
0.546248
0.500857
0.560471
-0.118169
-0.035516
0.024470
0.123232
0.172599
0.276033
0.308720
0.407496
0.415872
0.505175
0.483944
0.563362
0.523342
0.587244
0.540338
-0.125061
0.143220
0.037170
0.279662
0.200331
0.404776
0.339346
0.499569
0.435680
0.555653
0.495663
0.575118
0.527039
0.577608
0.096112
0.159492
0.250333
0.317023
0.385863
0.446036
0.482496
0.534399
0.538431
0.575736
0.560072
0.589133
0.556788
0.101519
0.328171
0.261184
0.454826
0.390794
0.543311
0.474732
0.579904
0.517346
0.584989
0.525858
0.573584
0.307588
0.344334
0.438373
0.469033
0.525711
0.541133
0.570151
0.572730
0.571031
0.575981
0.555020
0.303333
0.487004
0.424914
0.565841
0.500116
0.593936
0.518929
0.587395
0.513946
0.555348
0.472637
0.475809
0.554551
0.539258
0.579250
0.564685
0.573413
0.550063
0.550426
0.445960
0.578520
0.506741
0.607333
0.519837
0.579498
0.506274
0.538197
0.564795
0.538991
0.584402
0.543385
0.577877
0.528452
0.537712
0.509136
0.606025
0.528208
0.581772
0.492532
0.534784
0.594837
0.531299
0.567425
0.517260
0.535875
0.522114
0.593883
0.499267
0.523995
0.572293
0.495412
0.541889
0.506846
0.535903
0.566312
-0.860298
-0.571247
-0.743361
-0.482753
-0.662019
-0.381288
-0.580598
-0.279867
-0.484649
-0.185671
-0.381830
-0.085775
-0.279707
0.011906
-0.171481
0.097800
-0.066870
0.180674
0.015596
0.258089
0.093368
0.292123
0.128538
-1.642305
-1.569904
-1.470619
-1.386298
-1.322517
-1.250840
-1.188013
-1.131152
-1.066899
-1.001018
-0.934523
-0.862760
-0.784604
-0.705601
-0.619558
-0.526210
-0.427783
-0.334511
-0.223594
-0.123770
-0.027305
0.092974
-1.465732
-1.301990
-1.228701
-1.087686
-1.023802
-0.906849
-0.856592
-0.740600
-0.706901
-0.595695
-0.561449
-0.453362
-0.419011
-0.307917
-0.270554
-0.165671
-0.117175
-0.010200
0.037223
0.147167
0.199427
-1.583731
-1.494690
-1.400732
-1.333810
-1.259482
-1.193324
-1.134630
-1.068280
-1.000396
-0.933091
-0.857947
-0.781046
-0.696787
-0.613332
-0.512806
-0.418649
-0.315805
-0.210528
-0.102899
-0.000478
-1.370183
-1.206306
-1.140708
-0.997826
-0.955057
-0.825911
-0.787259
-0.672907
-0.640247
-0.525348
-0.494553
-0.380185
-0.343848
-0.229628
-0.194119
-0.074121
-0.031505
0.085496
0.127492
-1.497973
-1.418669
-1.337168
-1.265571
-1.195883
-1.135593
-1.067859
-0.999672
-0.928862
-0.855781
-0.773278
-0.694103
-0.601259
-0.508424
-0.403606
-0.306340
-0.195669
-0.083457
-1.269164
-1.102463
-1.053259
-0.916027
-0.876883
-0.748356
-0.721493
-0.600565
-0.572511
-0.453898
-0.423808
-0.301710
-0.270096
-0.149023
-0.111773
0.017737
0.051491
-1.419150
-1.342272
-1.265596
-1.196993
-1.135198
-1.067197
-0.997516
-0.927930
-0.849586
-0.773763
-0.685129
-0.601669
-0.497049
-0.402710
-0.292943
-0.190185
-1.159402
-1.007799
-0.970046
-0.831401
-0.800565
-0.676753
-0.650795
-0.529312
-0.502788
-0.379437
-0.349386
-0.225358
-0.195272
-0.066309
-0.025958
-1.344533
-1.259730
-1.198679
-1.130468
-1.066506
-0.995776
-0.923499
-0.849969
-0.766646
-0.689662
-0.590552
-0.504569
-0.388444
-0.300824
-1.058186
-0.921501
-0.880809
-0.753233
-0.725592
-0.604901
-0.579509
-0.458891
-0.428105
-0.307479
-0.274377
-0.155116
-0.114338
-1.265378
-1.183402
-1.133966
-1.057562
-0.995744
-0.921114
-0.843060
-0.773310
-0.678497
-0.604095
-0.488707
-0.407562
-0.963718
-0.835646
-0.795873
-0.682134
-0.647580
-0.540969
-0.502766
-0.390824
-0.352913
-0.241637
-0.201475
-1.194545
-1.112402
-1.062616
-0.987558
-0.917761
-0.845493
-0.763670
-0.694812
-0.585765
-0.516160
-0.864339
-0.763047
-0.710836
-0.617055
-0.573834
-0.476951
-0.423441
-0.332933
-0.278194
-1.127797
-1.039088
-0.993328
-0.912293
-0.836143
-0.779261
-0.674644
-0.617607
-0.772110
-0.699373
-0.624260
-0.570065
-0.487813
-0.422117
-0.350840
-1.053603
-0.976773
-0.909883
-0.841509
-0.761944
-0.705455
-0.677195
-0.646107
-0.549497
-0.515941
-0.407764
-0.989230
-0.904626
-0.828644
-0.789473
-0.574536
-0.615915
-0.450747
-0.923742
-0.859977
-0.442254
-0.954900
-0.791630
-0.879832
-0.724093
-0.855749
-0.749335
-0.832751
-0.739886
-0.839499
-0.735006
-0.830090
-0.742720
-0.830102
-0.734940
-0.839416
-0.739787
-0.832756
-0.748996
-0.855802
-0.723848
-0.879650
-0.791340
-0.954989
-0.501185
-0.887631
-0.650107
-0.943198
-0.821968
-1.045848
-0.979879
-1.197561
-1.171365
-1.396251
-1.422771
-1.667533
-1.739849
-1.997281
-2.076536
-2.310894
-2.341735
-2.522117
-2.497458
-2.620317
-2.542627
-2.684243
-2.564737
-0.706968
-0.947832
-0.888854
-1.037706
-0.997354
-1.163041
-1.124161
-1.300484
-1.289457
-1.484234
-1.512337
-1.738635
-1.808405
-2.051934
-2.129996
-2.340066
-2.386638
-2.520995
-2.527225
-2.602223
-2.577677
-2.575304
-0.627631
-0.885083
-0.729460
-0.988630
-0.865856
-1.096144
-1.026335
-1.243907
-1.219390
-1.449679
-1.475378
-1.728744
-1.794313
-2.055090
-2.123452
-2.347480
-2.373586
-2.545101
-2.509483
-2.641134
-2.577612
-0.714447
-0.939075
-0.868195
-1.031649
-0.997576
-1.156905
-1.130790
-1.308349
-1.304281
-1.506831
-1.539057
-1.773983
-1.842568
-2.085997
-2.154919
-2.359896
-2.383841
-2.530601
-2.509561
-2.602234
-0.697223
-0.855645
-0.779277
-0.986867
-0.896454
-1.115307
-1.055154
-1.271610
-1.255055
-1.485837
-1.517520
-1.766884
-1.835972
-2.086839
-2.150128
-2.366497
-2.383753
-2.545081
-2.527161
-0.697006
-0.959994
-0.840866
-1.049679
-0.987686
-1.164227
-1.133244
-1.318934
-1.311509
-1.520983
-1.551041
-1.792676
-1.851433
-2.100879
-2.150204
-2.359918
-2.373683
-2.521002
-0.701816
-0.848736
-0.816795
-0.973969
-0.933097
-1.121130
-1.083522
-1.286896
-1.284633
-1.504781
-1.543082
-1.781713
-1.851335
-2.086826
-2.154848
-2.347406
-2.386599
-0.718585
-0.947384
-0.838252
-1.063214
-0.972307
-1.177668
-1.126447
-1.325292
-1.304055
-1.526544
-1.543146
-1.792709
-1.836071
-2.085997
-2.123589
-2.340080
-0.704431
-0.861261
-0.822900
-0.977092
-0.959382
-1.117516
-1.107875
-1.291977
-1.303962
-1.504776
-1.550973
-1.766797
-1.842541
-2.054983
-2.129941
-0.714491
-0.943921
-0.845050
-1.057320
-0.965463
-1.185494
-1.107910
-1.325334
-1.284720
-1.520977
-1.517669
-1.773994
-1.794430
-2.051992
-0.719110
-0.854412
-0.832100
-0.985352
-0.965393
-1.117520
-1.126398
-1.286798
-1.311507
-1.485715
-1.539003
-1.728642
-1.808359
-0.713775
-0.951688
-0.832126
-1.057352
-0.959440
-1.177645
-1.083670
-1.318933
-1.255168
-1.506902
-1.475506
-1.738660
-0.713738
-0.854406
-0.845012
-0.977002
-0.972340
-1.120997
-1.133204
-1.271512
-1.304233
-1.449491
-1.512364
-0.719150
-0.943898
-0.823030
-1.063161
-0.933194
-1.164291
-1.055272
-1.308365
-1.219613
-1.484241
-0.714549
-0.861103
-0.838254
-0.973878
-0.987643
-1.115109
-1.130842
-1.243652
-1.289444
-0.704553
-0.947411
-0.816845
-1.049652
-0.896688
-1.156879
-1.026526
-1.300584
-0.718566
-0.848558
-0.840951
-0.986551
-0.997583
-1.095953
-1.124113
-0.702039
-0.959864
-0.779413
-1.031714
-0.866011
-1.163073
-0.697144
-0.855462
-0.868075
-0.988277
-0.997464
-0.697297
-0.939083
-0.729729
-1.037605
-0.714692
-0.884578
-0.888847
-0.627929
-0.947993
-0.706940
-0.408603
-0.688939
-0.343533
-0.516607
-0.272424
-0.357676
-0.147261
-0.196534
0.003641
-0.009912
0.181265
0.185508
0.360913
0.363053
0.504874
0.481326
0.590816
0.531118
0.610523
0.529848
0.602813
0.478090
0.554421
-0.606888
-0.740491
-0.565540
-0.598759
-0.422932
-0.455198
-0.255196
-0.270783
-0.063477
-0.065328
0.146855
0.147853
0.345237
0.330303
0.496450
0.450750
0.576943
0.508945
0.600654
0.514249
0.588346
0.525423
-0.514263
-0.667125
-0.393076
-0.530252
-0.279172
-0.365281
-0.146281
-0.189604
0.020118
0.006471
0.204454
0.205826
0.384337
0.375123
0.519830
0.485907
0.592067
0.526386
0.611792
0.518937
0.588324
-0.613183
-0.719239
-0.534357
-0.570253
-0.399827
-0.416459
-0.224916
-0.234062
-0.029228
-0.028111
0.182563
0.177700
0.374933
0.349443
0.513269
0.457583
0.590717
0.505565
0.612311
0.514077
-0.579479
-0.629779
-0.428624
-0.514443
-0.286944
-0.360307
-0.141563
-0.178075
0.031997
0.019310
0.219283
0.219674
0.394036
0.384085
0.524034
0.484018
0.590731
0.526144
0.600347
-0.591132
-0.731727
-0.494663
-0.569502
-0.370352
-0.395890
-0.199375
-0.211235
-0.000714
-0.003644
0.206650
0.195979
0.392847
0.354131
0.524379
0.457469
0.592227
0.509139
-0.581184
-0.616427
-0.457266
-0.489427
-0.306162
-0.347909
-0.143530
-0.168538
0.030955
0.027571
0.220598
0.222591
0.392905
0.383899
0.513067
0.485903
0.576943
-0.608303
-0.711367
-0.480819
-0.569529
-0.339366
-0.391757
-0.177495
-0.198799
0.020586
0.003443
0.220808
0.195899
0.394103
0.349625
0.520150
0.450355
-0.582412
-0.625097
-0.457049
-0.484508
-0.322668
-0.333363
-0.156001
-0.166294
0.020669
0.027431
0.206544
0.219677
0.374946
0.374534
0.496817
-0.599628
-0.702308
-0.480496
-0.555705
-0.325916
-0.394632
-0.155902
-0.198854
0.030967
-0.003499
0.219457
0.177443
0.384908
0.330308
-0.597871
-0.616040
-0.464336
-0.490680
-0.325845
-0.333447
-0.177524
-0.168544
-0.000676
0.018889
0.182866
0.205507
0.344971
-0.594941
-0.708407
-0.464320
-0.555725
-0.322682
-0.391681
-0.143435
-0.211404
0.032374
-0.028110
0.204435
0.148132
-0.594898
-0.616074
-0.480478
-0.484541
-0.339285
-0.348191
-0.199138
-0.178317
-0.029374
0.006360
0.147042
-0.597894
-0.702295
-0.456979
-0.569648
-0.305948
-0.395896
-0.141573
-0.233870
0.020441
-0.065703
-0.599509
-0.625293
-0.480646
-0.489583
-0.370389
-0.360419
-0.224758
-0.190269
-0.063065
-0.582313
-0.711357
-0.457273
-0.569424
-0.286718
-0.416707
-0.145785
-0.270732
-0.608268
-0.616561
-0.494471
-0.514900
-0.399523
-0.365606
-0.255371
-0.581006
-0.731906
-0.428332
-0.570222
-0.279149
-0.454976
-0.590894
-0.629998
-0.534386
-0.530468
-0.422726
-0.579465
-0.719162
-0.392751
-0.599011
-0.612892
-0.667711
-0.565216
-0.513947
-0.740402
-0.606870
-0.500673
-0.888132
-0.649957
-0.943543
-0.821688
-1.046265
-0.979555
-1.197850
-1.171196
-1.396438
-1.422597
-1.667759
-1.739656
-1.997453
-2.076410
-2.310997
-2.341621
-2.522212
-2.497343
-2.620376
-2.542542
-2.684272
-2.564667
-2.596255
-2.636323
-2.607566
-2.612906
-2.603998
-2.599603
-2.626631
-2.587798
-2.629208
-2.597521
-2.630262
-2.587067
-2.624875
-2.556336
-2.576820
-2.480973
-2.473236
-2.337139
-2.299262
-2.127922
-2.078038
-1.884738
-1.861734
-0.979486
-0.630497
-1.052737
-0.718729
-1.128742
-0.820064
-1.189533
-0.933192
-1.258218
-1.038875
-1.340097
-1.154827
-1.422887
-1.283146
-1.518302
-1.408383
-1.625926
-1.532792
-1.723984
-1.662936
-1.803940
-1.745685
-0.901625
-0.824477
-1.019167
-0.863962
-1.093885
-0.936853
-1.180292
-1.016597
-1.282808
-1.121049
-1.388309
-1.248172
-1.510899
-1.381198
-1.647713
-1.521322
-1.776088
-1.667204
-1.886618
-1.792795
-1.998907
-1.103563
-0.750919
-1.162912
-0.873931
-1.235529
-0.985978
-1.321845
-1.115382
-1.410754
-1.262116
-1.522631
-1.414198
-1.654434
-1.576943
-1.785319
-1.743113
-1.904419
-1.889804
-2.012031
-2.001299
-0.997942
-0.969599
-1.107421
-1.022492
-1.215591
-1.116762
-1.325011
-1.242495
-1.461941
-1.386430
-1.622860
-1.554973
-1.789047
-1.734016
-1.948751
-1.896942
-2.090837
-2.028331
-2.199615
-1.187895
-0.907653
-1.283291
-1.043105
-1.371410
-1.196965
-1.490229
-1.364507
-1.637835
-1.560077
-1.800330
-1.767569
-1.966742
-1.958776
-2.115325
-2.115762
-2.228747
-2.233440
-1.126296
-1.116236
-1.237196
-1.223057
-1.376601
-1.359491
-1.546249
-1.540062
-1.737980
-1.746321
-1.944221
-1.947671
-2.134503
-2.119459
-2.283084
-2.250269
-2.385271
-1.300412
-1.106335
-1.425391
-1.269609
-1.571610
-1.474981
-1.747993
-1.709762
-1.954007
-1.947247
-2.151232
-2.155842
-2.306503
-2.312844
-2.410188
-2.415409
-1.270908
-1.313078
-1.429696
-1.481188
-1.623393
-1.693449
-1.857614
-1.926026
-2.093306
-2.143682
-2.291230
-2.308761
-2.430427
-2.417118
-2.515456
-1.464397
-1.350388
-1.638931
-1.579822
-1.855383
-1.841785
-2.090909
-2.103203
-2.302256
-2.309358
-2.451408
-2.447544
-2.534811
-2.527327
-1.474962
-1.586871
-1.700979
-1.824586
-1.961878
-2.083061
-2.213478
-2.296520
-2.405841
-2.441460
-2.520416
-2.521487
-2.582438
-1.696464
-1.669223
-1.941195
-1.952535
-2.197234
-2.212593
-2.412342
-2.408241
-2.540502
-2.522996
-2.604116
-2.574515
-1.761491
-1.930058
-2.042794
-2.194430
-2.303176
-2.404269
-2.473054
-2.525348
-2.567601
-2.571481
-2.606566
-2.003062
-2.027193
-2.272895
-2.284387
-2.471518
-2.463692
-2.591517
-2.549557
-2.636549
-2.589371
-2.098129
-2.268004
-2.352050
-2.473402
-2.518531
-2.565813
-2.589665
-2.601130
-2.598375
-2.310291
-2.326626
-2.508116
-2.476665
-2.613843
-2.562937
-2.636292
-2.589246
-2.378909
-2.500225
-2.544272
-2.602351
-2.588509
-2.619417
-2.596641
-2.523263
-2.489778
-2.602721
-2.561355
-2.642034
-2.568760
-2.535487
-2.624456
-2.608161
-2.619705
-2.596985
-2.606443
-2.536428
-2.633035
-2.572913
-2.615173
-2.650284
-2.589013
-2.605229
-2.565533
-2.595300
-0.860298
-0.571248
-0.743361
-0.482753
-0.662020
-0.381288
-0.580598
-0.279867
-0.484649
-0.185672
-0.381830
-0.085775
-0.279707
0.011906
-0.171481
0.097800
-0.066870
0.180674
0.015596
0.258089
0.093368
0.292123
0.128538
0.566312
0.535904
0.541889
0.523995
0.535875
0.534784
0.537712
0.538197
0.550425
0.555348
0.555019
0.573584
0.556787
0.577608
0.540338
0.560471
0.491121
0.517017
0.399715
0.443286
0.274359
0.361818
0.506846
0.495413
0.499268
0.517259
0.492531
0.528451
0.506274
0.550062
0.513946
0.575981
0.525857
0.589133
0.527039
0.587244
0.500857
0.559542
0.437916
0.498327
0.345416
0.401881
0.227849
0.572294
0.593884
0.567425
0.581772
0.577877
0.579498
0.573413
0.587395
0.571031
0.584988
0.560072
0.575118
0.523341
0.546248
0.455055
0.487066
0.359711
0.393066
0.238311
0.291351
0.522114
0.531299
0.528208
0.543385
0.519837
0.564685
0.518929
0.572730
0.517346
0.575736
0.495663
0.563362
0.449643
0.520753
0.376848
0.442366
0.275416
0.349648
0.136789
0.594837
0.606026
0.584403
0.607333
0.579250
0.593937
0.570151
0.579904
0.538431
0.555653
0.483944
0.506590
0.403851
0.428329
0.295129
0.335422
0.154056
0.237713
0.509137
0.538991
0.506741
0.539258
0.500116
0.541133
0.474732
0.534399
0.435680
0.505175
0.376158
0.448316
0.289978
0.371547
0.171242
0.284252
0.041884
0.564795
0.578520
0.554551
0.565842
0.525711
0.543311
0.482496
0.499569
0.415872
0.434397
0.322465
0.350992
0.198585
0.258953
0.061816
0.151464
0.445960
0.475809
0.424915
0.469033
0.390794
0.446036
0.339346
0.407496
0.266378
0.348945
0.168458
0.277410
0.054100
0.188151
-0.062258
0.472638
0.487004
0.438373
0.454827
0.385863
0.404777
0.308721
0.334732
0.207239
0.252450
0.085594
0.157143
-0.040209
0.059894
0.303333
0.344334
0.261185
0.317023
0.200332
0.276033
0.122108
0.223326
0.026489
0.156836
-0.074839
0.082633
-0.186716
0.307588
0.328172
0.250334
0.279662
0.172599
0.214555
0.073109
0.135415
-0.036348
0.049548
-0.158162
-0.030207
0.101519
0.159492
0.037171
0.123233
-0.040564
0.079362
-0.123636
0.026626
-0.217692
-0.023614
-0.314839
0.096112
0.143220
0.024470
0.088449
-0.062907
0.017558
-0.165398
-0.050156
-0.276519
-0.124527
-0.125061
-0.035516
-0.199932
-0.069803
-0.276471
-0.098579
-0.360226
-0.136852
-0.434518
-0.118169
-0.030224
-0.193749
-0.081861
-0.290212
-0.145014
-0.381219
-0.212274
-0.340426
-0.210491
-0.422166
-0.226650
-0.484439
-0.251923
-0.552406
-0.315014
-0.166804
-0.390373
-0.230231
-0.481285
-0.280343
-0.533854
-0.366396
-0.598820
-0.357836
-0.660503
-0.469039
-0.284721
-0.572685
-0.341984
-0.707561
-0.477175
-0.743816
-0.616217
-0.397406
-0.811894
-0.927181
-0.686616
-0.944007
-0.739814
-1.005191
-0.784547
-1.081798
-0.844741
-1.152824
-0.927385
-1.233067
-1.014015
-1.326045
-1.115393
-1.417533
-1.231231
-1.515166
-1.343677
-1.621941
-1.452315
-1.712545
-1.576663
-1.822612
-1.552273
-1.421495
-1.305428
-1.186747
-1.105052
-0.980943
-0.932616
-0.813555
-0.770940
-0.664528
-0.629064
-0.521105
-0.488996
-0.382876
-0.345276
-0.240651
-0.203808
-0.095962
-0.046330
0.046235
0.117504
0.192914
0.268478
-0.442254
-0.859978
-0.450747
-0.789474
-0.407765
-0.705456
-0.350840
-0.617607
-0.278194
-0.516160
-0.201475
-0.407562
-0.114338
-0.300824
-0.025958
-0.190185
0.051491
-0.083457
0.127492
-0.000478
0.199427
0.092974
-0.923743
-0.615915
-0.828644
-0.515942
-0.761944
-0.422118
-0.674644
-0.332933
-0.585765
-0.241638
-0.488707
-0.155116
-0.388444
-0.066309
-0.292943
0.017737
-0.195669
0.085496
-0.102899
0.147167
-0.027305
-0.574536
-0.904627
-0.549497
-0.841509
-0.487813
-0.779262
-0.423442
-0.694812
-0.352913
-0.604095
-0.274377
-0.504569
-0.195272
-0.402710
-0.111773
-0.306340
-0.031505
-0.210528
0.037223
-0.123770
-0.989230
-0.646107
-0.909883
-0.570066
-0.836143
-0.476951
-0.763670
-0.390825
-0.678497
-0.307479
-0.590552
-0.225359
-0.497049
-0.149024
-0.403606
-0.074121
-0.315805
-0.010200
-0.223594
-0.677195
-0.976773
-0.624260
-0.912294
-0.573835
-0.845494
-0.502766
-0.773311
-0.428105
-0.689662
-0.349386
-0.601669
-0.270096
-0.508424
-0.194119
-0.418649
-0.117175
-0.334511
-1.053603
-0.699372
-0.993327
-0.617055
-0.917761
-0.540970
-0.843060
-0.458891
-0.766646
-0.379438
-0.685129
-0.301710
-0.601259
-0.229628
-0.512806
-0.165671
-0.427783
-0.772109
-1.039088
-0.710835
-0.987559
-0.647580
-0.921114
-0.579509
-0.849969
-0.502788
-0.773763
-0.423808
-0.694103
-0.343848
-0.613332
-0.270554
-0.526210
-1.127797
-0.763046
-1.062616
-0.682133
-0.995744
-0.604901
-0.923499
-0.529313
-0.849586
-0.453898
-0.773278
-0.380185
-0.696787
-0.307917
-0.619558
-0.864339
-1.112402
-0.795873
-1.057562
-0.725592
-0.995776
-0.650794
-0.927930
-0.572511
-0.855781
-0.494553
-0.781046
-0.419011
-0.705601
-1.194545
-0.835647
-1.133967
-0.753232
-1.066506
-0.676752
-0.997516
-0.600565
-0.928862
-0.525348
-0.857947
-0.453362
-0.784604
-0.963718
-1.183402
-0.880809
-1.130468
-0.800565
-1.067197
-0.721493
-0.999672
-0.640247
-0.933091
-0.561449
-0.862760
-1.265378
-0.921501
-1.198679
-0.831401
-1.135198
-0.748356
-1.067859
-0.672907
-1.000396
-0.595694
-0.934523
-1.058186
-1.259730
-0.970046
-1.196993
-0.876883
-1.135593
-0.787258
-1.068280
-0.706901
-1.001018
-1.344533
-1.007799
-1.265597
-0.916027
-1.195883
-0.825911
-1.134630
-0.740600
-1.066899
-1.159402
-1.342272
-1.053259
-1.265571
-0.955057
-1.193324
-0.856593
-1.131152
-1.419150
-1.102463
-1.337168
-0.997826
-1.259482
-0.906849
-1.188014
-1.269165
-1.418669
-1.140708
-1.333810
-1.023802
-1.250840
-1.497973
-1.206307
-1.400732
-1.087686
-1.322517
-1.370183
-1.494690
-1.228701
-1.386298
-1.583731
-1.301991
-1.470619
-1.465732
-1.569904
-1.642306
-0.501184
-0.887656
-0.650167
-0.943236
-0.821957
-1.045827
-0.979861
-1.197548
-1.171357
-1.396245
-1.422769
-1.667531
-1.739850
-1.997282
-2.076539
-2.310896
-2.341737
-2.522119
-2.497459
-2.620318
-2.542628
-2.684244
-2.564738
-2.596239
-2.636302
-2.607570
-2.612839
-2.604033
-2.599473
-2.626695
-2.587623
-2.629275
-2.597296
-2.630367
-2.586744
-2.625019
-2.555956
-2.576958
-2.480510
-2.473444
-2.336519
-2.299522
-2.127218
-2.078312
-1.883842
-1.862164
-0.979420
-0.630885
-1.052962
-0.718960
-1.128813
-0.820609
-1.189452
-0.933629
-1.258392
-1.039219
-1.340160
-1.155412
-1.422861
-1.283658
-1.518476
-1.408813
-1.626068
-1.533363
-1.724067
-1.663480
-1.804182
-1.746105
-0.901846
-0.823851
-1.019234
-0.863597
-1.093807
-0.936354
-1.180459
-1.015967
-1.282864
-1.120604
-1.388270
-1.247604
-1.511033
-1.380509
-1.647786
-1.520730
-1.776088
-1.666533
-1.886744
-1.791967
-1.999091
-1.103623
-0.751371
-1.162839
-0.874281
-1.235688
-0.986239
-1.321902
-1.115860
-1.410728
-1.262519
-1.522786
-1.414533
-1.654541
-1.577419
-1.785379
-1.743547
-1.904620
-1.890144
-2.012288
-2.001671
-0.997872
-0.969172
-1.107555
-1.021963
-1.215624
-1.116411
-1.324964
-1.242037
-1.462059
-1.385874
-1.622914
-1.554515
-1.789041
-1.733474
-1.948861
-1.896285
-2.090958
-2.027682
-2.199703
-1.188014
-0.907855
-1.283328
-1.043500
-1.371383
-1.197283
-1.490368
-1.364768
-1.637916
-1.560469
-1.800371
-1.767913
-1.966909
-1.959057
-2.115502
-2.116097
-2.228915
-2.233758
-1.126306
-1.115950
-1.237144
-1.222678
-1.376698
-1.359039
-1.546280
-1.539712
-1.737965
-1.745890
-1.944314
-1.947155
-2.134578
-2.118972
-2.283134
-2.249726
-2.385383
-1.300380
-1.106585
-1.425506
-1.269819
-1.571669
-1.475311
-1.748020
-1.710036
-1.954147
-1.947475
-2.151357
-2.156135
-2.306616
-2.313108
-2.410381
-2.415637
-1.270977
-1.312714
-1.429704
-1.480918
-1.623367
-1.693105
-1.857688
-1.925622
-2.093348
-2.143322
-2.291249
-2.308342
-2.430512
-2.416639
-2.515531
-1.464431
-1.350664
-1.638945
-1.580045
-1.855499
-1.841975
-2.090996
-2.103458
-2.302331
-2.309577
-2.451557
-2.447733
-2.534958
-2.527559
-1.474924
-1.586600
-1.701031
-1.824272
-1.961891
-2.082795
-2.213475
-2.296200
-2.405901
-2.441093
-2.520459
-2.521141
-2.582463
-1.696555
-1.669383
-1.941251
-1.952761
-2.197283
-2.212777
-2.412456
-2.408400
-2.540604
-2.523196
-2.604212
-2.574697
-1.761475
-1.929871
-2.042770
-2.194186
-2.303211
-2.403993
-2.473070
-2.525097
-2.567605
-2.571192
-2.606610
-2.003089
-2.027350
-2.272983
-2.284531
-2.471585
-2.463869
-2.591580
-2.549709
-2.636657
-2.589504
-2.098137
-2.267808
-2.352034
-2.473227
-2.518514
-2.565603
-2.589688
-2.600891
-2.598390
-2.310325
-2.326789
-2.508156
-2.476799
-2.613918
-2.563053
-2.636362
-2.589382
-2.378867
-2.500080
-2.544266
-2.602187
-2.588500
-2.619263
-2.596630
-2.523312
-2.489889
-2.602761
-2.561475
-2.642071
-2.568863
-2.535442
-2.624363
-2.608127
-2.619595
-2.596981
-2.606463
-2.536526
-2.633068
-2.572988
-2.615132
-2.650213
-2.588993
-2.605244
-2.565602
-2.595261
-0.860663
-0.570688
-0.743245
-0.482379
-0.662198
-0.380216
-0.581035
-0.279161
-0.484168
-0.185272
-0.381883
-0.084125
-0.280192
0.012901
-0.170460
0.098360
-0.066804
0.183146
0.015029
0.259516
0.094790
0.293093
0.128406
0.566701
0.535204
0.541371
0.524109
0.535245
0.533238
0.538870
0.536862
0.549495
0.556044
0.554634
0.571637
0.558744
0.576038
0.539715
0.561029
0.490965
0.514978
0.401545
0.441644
0.273758
0.361748
0.506666
0.496382
0.499249
0.517383
0.493753
0.528869
0.505463
0.552363
0.513223
0.576085
0.526917
0.589807
0.525380
0.590146
0.499499
0.560117
0.438414
0.499549
0.343547
0.404956
0.226700
0.572296
0.592832
0.568046
0.580755
0.577041
0.579892
0.572896
0.585786
0.572404
0.583733
0.559261
0.575720
0.523090
0.544398
0.456749
0.485641
0.359131
0.393241
0.238326
0.289181
0.522678
0.531695
0.527820
0.544994
0.519573
0.564788
0.520014
0.573265
0.516212
0.578110
0.494779
0.563643
0.450364
0.521671
0.375229
0.445068
0.274332
0.350302
0.137229
0.594418
0.606045
0.584057
0.606077
0.580078
0.592936
0.569301
0.580382
0.538054
0.554073
0.485280
0.505418
0.403169
0.428642
0.295077
0.333534
0.155501
0.236321
0.509117
0.539124
0.507546
0.539744
0.499446
0.542965
0.474272
0.534560
0.436524
0.505873
0.374924
0.450597
0.289161
0.371954
0.171760
0.285358
0.040467
0.565231
0.577808
0.553889
0.566062
0.525327
0.542021
0.483404
0.498625
0.415112
0.434737
0.322275
0.349395
0.199806
0.257802
0.061264
0.151416
0.445608
0.477046
0.424736
0.469198
0.391567
0.446612
0.338513
0.409346
0.265872
0.349194
0.169087
0.278262
0.052924
0.190274
-0.062913
0.472392
0.486050
0.438908
0.454087
0.385156
0.405015
0.308433
0.333420
0.208137
0.251524
0.084973
0.157225
-0.040239
0.058288
0.303880
0.344806
0.260681
0.318434
0.200075
0.276235
0.122762
0.224000
0.025626
0.158605
-0.075300
0.083012
-0.186275
0.307052
0.328274
0.250045
0.278636
0.173178
0.213812
0.072472
0.135524
-0.036505
0.048227
-0.157355
-0.031137
0.101425
0.159675
0.037732
0.123782
-0.041133
0.080787
-0.123903
0.026908
-0.217191
-0.022828
-0.315647
0.096435
0.142664
0.023903
0.088513
-0.063142
0.016502
-0.164841
-0.050905
-0.277048
-0.124613
-0.125406
-0.034446
-0.200055
-0.069557
-0.275978
-0.097950
-0.360796
-0.135478
-0.434769
-0.118402
-0.031017
-0.193416
-0.082459
-0.290732
-0.145058
-0.381381
-0.213322
-0.340023
-0.209996
-0.422525
-0.225543
-0.484572
-0.251591
-0.552034
-0.315454
-0.166848
-0.390601
-0.231055
-0.480985
-0.280948
-0.533917
-0.366097
-0.598456
-0.357260
-0.660870
-0.468883
-0.285217
-0.573117
-0.342102
-0.707777
-0.476273
-0.743899
-0.616473
-0.398028
-0.811668
-0.927301
-0.686224
-0.943901
-0.739283
-1.005418
-0.783822
-1.081871
-0.844307
-1.152749
-0.926782
-1.233264
-1.013255
-1.326117
-1.114824
-1.417492
-1.230532
-1.515309
-1.342834
-1.622043
-1.451561
-1.712559
-1.575832
-1.822749
-1.553045
-1.420514
-1.306110
-1.185795
-1.105987
-0.979791
-0.933519
-0.812674
-0.771667
-0.663402
-0.630377
-0.519521
-0.490144
-0.381946
-0.345975
-0.239239
-0.205726
-0.093587
-0.047918
0.047334
0.116816
0.194985
0.265651
-0.442395
-0.860257
-0.451193
-0.789249
-0.408538
-0.705610
-0.351000
-0.618145
-0.278928
-0.515826
-0.202753
-0.407943
-0.114532
-0.301825
-0.027109
-0.189780
0.049589
-0.084159
0.127235
-0.001902
0.197774
0.093668
-0.923906
-0.615082
-0.828998
-0.515322
-0.761705
-0.421704
-0.674735
-0.331673
-0.586174
-0.240776
-0.488064
-0.154592
-0.388414
-0.064379
-0.293428
0.018978
-0.194607
0.086279
-0.102941
0.150007
-0.028305
-0.575108
-0.904733
-0.549685
-0.841866
-0.488371
-0.779046
-0.424399
-0.695039
-0.353170
-0.604772
-0.275284
-0.504261
-0.196798
-0.403150
-0.112135
-0.307390
-0.032885
-0.209981
0.034972
-0.124101
-0.989134
-0.645699
-0.909995
-0.569105
-0.836476
-0.476214
-0.763314
-0.390319
-0.678514
-0.306005
-0.590944
-0.224303
-0.496323
-0.148325
-0.403589
-0.071913
-0.316464
-0.008623
-0.222849
-0.677636
-0.976646
-0.624970
-0.912433
-0.574114
-0.845940
-0.503466
-0.773112
-0.429269
-0.689941
-0.349787
-0.602420
-0.271204
-0.508072
-0.195909
-0.418953
-0.117806
-0.335335
-1.053851
-0.698755
-0.993158
-0.616573
-0.917814
-0.539849
-0.843370
-0.458000
-0.766207
-0.378791
-0.685117
-0.300005
-0.601705
-0.228333
-0.512192
-0.164732
-0.427954
-0.772399
-1.039366
-0.711386
-0.987440
-0.648453
-0.921289
-0.579913
-0.850481
-0.503660
-0.773557
-0.425196
-0.694354
-0.344453
-0.613999
-0.271871
-0.525714
-1.127859
-0.762199
-1.062853
-0.681393
-0.995511
-0.604306
-0.923515
-0.528006
-0.849904
-0.452817
-0.772845
-0.379346
-0.696858
-0.306013
-0.620127
-0.864998
-1.112502
-0.796261
-1.057891
-0.726282
-0.995661
-0.651851
-0.928112
-0.573081
-0.856288
-0.495620
-0.780764
-0.420572
-0.705761
-1.194441
-0.835113
-1.134006
-0.752234
-1.066740
-0.675859
-0.997258
-0.599813
-0.928893
-0.523846
-0.858326
-0.452126
-0.784245
-0.964265
-1.183335
-0.881610
-1.130588
-0.801086
-1.067545
-0.722349
-0.999533
-0.641487
-0.933239
-0.562153
-0.863209
-1.265561
-0.920771
-1.198552
-0.830736
-1.135236
-0.747187
-1.068112
-0.671851
-1.000153
-0.594811
-0.934611
-1.058637
-1.259952
-0.970730
-1.196923
-0.877838
-1.135712
-0.787924
-1.068621
-0.707888
-1.000831
-1.344603
-1.006889
-1.265784
-0.915157
-1.195751
-0.825101
-1.134679
-0.739294
-1.067190
-1.160117
-1.342365
-1.053833
-1.265801
-0.955884
-1.193251
-0.857676
-1.131253
-1.419120
-1.101751
-1.337246
-0.996767
-1.259666
-0.905852
-1.187889
-1.269813
-1.418637
-1.141549
-1.333929
-1.024494
-1.251074
-1.498149
-1.205474
-1.400683
-1.086833
-1.322595
-1.370727
-1.494859
-1.229491
-1.386289
-1.583893
-1.300979
-1.470762
-1.466424
-1.570081
-1.642383
-0.927302
-0.686216
-0.943889
-0.739270
-1.005408
-0.783815
-1.081868
-0.844304
-1.152749
-0.926782
-1.233264
-1.013255
-1.326117
-1.114823
-1.417491
-1.230532
-1.515308
-1.342833
-1.622042
-1.451561
-1.712559
-1.575831
-1.822749
-2.595259
-2.565601
-2.588992
-2.572987
-2.596980
-2.568862
-2.596629
-2.589380
-2.598389
-2.589503
-2.606608
-2.574695
-2.582461
-2.527558
-2.515529
-2.415636
-2.385382
-2.233757
-2.199702
-2.001670
-1.999090
-1.746104
-2.605243
-2.650212
-2.633067
-2.619593
-2.642070
-2.619262
-2.636361
-2.600890
-2.636655
-2.571191
-2.604211
-2.521139
-2.534956
-2.416637
-2.410380
-2.249724
-2.228914
-2.027681
-2.012287
-1.791966
-1.804182
-2.615130
-2.536524
-2.608125
-2.561474
-2.588498
-2.563051
-2.589686
-2.549707
-2.567603
-2.523195
-2.520457
-2.447731
-2.430510
-2.313107
-2.283132
-2.116096
-2.090956
-1.890143
-1.886743
-1.663479
-2.606461
-2.624361
-2.602760
-2.602185
-2.613916
-2.565601
-2.591578
-2.525095
-2.540602
-2.441091
-2.451555
-2.308340
-2.306615
-2.118971
-2.115501
-1.896284
-1.904619
-1.666532
-1.724066
-2.535440
-2.489888
-2.544264
-2.476797
-2.518511
-2.463866
-2.473067
-2.408398
-2.405898
-2.309575
-2.291247
-2.156133
-2.134576
-1.959055
-1.948859
-1.743546
-1.776087
-1.533363
-2.523310
-2.500078
-2.508154
-2.473225
-2.471583
-2.403991
-2.412454
-2.296197
-2.302329
-2.143319
-2.151355
-1.947153
-1.966907
-1.733472
-1.785378
-1.520729
-1.626067
-2.378865
-2.326786
-2.352031
-2.284528
-2.303208
-2.212775
-2.213472
-2.103456
-2.093345
-1.947473
-1.944312
-1.767911
-1.789040
-1.577418
-1.647785
-1.408813
-2.310323
-2.267806
-2.272981
-2.194184
-2.197281
-2.082793
-2.090994
-1.925621
-1.954145
-1.745889
-1.800370
-1.554514
-1.654540
-1.380508
-1.518475
-2.098134
-2.027348
-2.042768
-1.952759
-1.961889
-1.841973
-1.857687
-1.710034
-1.737964
-1.560469
-1.622913
-1.414532
-1.511033
-1.283658
-2.003089
-1.929870
-1.941250
-1.824271
-1.855499
-1.693105
-1.748020
-1.539712
-1.637916
-1.385874
-1.522786
-1.247604
-1.422861
-1.761474
-1.669383
-1.701031
-1.580045
-1.623367
-1.475311
-1.546280
-1.364769
-1.462060
-1.262519
-1.388270
-1.155413
-1.696557
-1.586602
-1.638947
-1.480921
-1.571671
-1.359041
-1.490370
-1.242038
-1.410729
-1.120605
-1.340160
-1.474927
-1.350668
-1.429707
-1.269823
-1.376701
-1.197287
-1.324967
-1.115862
-1.282865
-1.039220
-1.464438
-1.312721
-1.425513
-1.222684
-1.371389
-1.116415
-1.321905
-1.015969
-1.258393
-1.270986
-1.106595
-1.237152
-1.043507
-1.215629
-0.986244
-1.180461
-0.933630
-1.300393
-1.115962
-1.283339
-1.021971
-1.235693
-0.936355
-1.189452
-1.126322
-0.907869
-1.107563
-0.874284
-1.093806
-0.820606
-1.188030
-0.969179
-1.162839
-0.863591
-1.128808
-0.997869
-0.751357
-1.019219
-0.718947
-1.103586
-0.823822
-1.052945
-0.901811
-0.630863
-0.979407
-0.409034
-0.688550
-0.343633
-0.516178
-0.273005
-0.356874
-0.147686
-0.196342
0.003668
-0.009505
0.180559
0.186432
0.360435
0.363179
0.504890
0.481704
0.590003
0.531905
0.610003
0.529868
0.602528
0.478413
0.553670
0.470610
0.441190
0.462584
0.463164
0.458713
0.474230
0.455552
0.501573
0.475449
0.525705
0.500324
0.562039
0.522854
0.588811
0.540136
0.599580
0.529665
0.582726
0.487060
0.527696
0.408105
0.449191
0.293211
-0.811672
-0.398033
-0.743902
-0.342105
-0.660873
-0.280950
-0.552035
-0.213324
-0.434770
-0.124614
-0.315647
-0.031138
-0.186275
0.058288
-0.062913
0.151415
0.040467
0.236321
0.137230
0.289180
0.226700
0.361748
-0.616479
-0.476278
-0.573121
-0.357263
-0.480988
-0.251593
-0.381383
-0.135479
-0.277049
-0.022829
-0.157355
0.083012
-0.040239
0.190274
0.061264
0.285358
0.155501
0.350302
0.238326
0.404956
0.273758
-0.707781
-0.285221
-0.598459
-0.231058
-0.484574
-0.145060
-0.360797
-0.050906
-0.217191
0.048226
-0.075300
0.157225
0.052925
0.257802
0.171761
0.333534
0.274332
0.393241
0.343547
0.441644
-0.468888
-0.366100
-0.390604
-0.225546
-0.290734
-0.097952
-0.164842
0.026907
-0.036506
0.158605
0.084973
0.278262
0.199806
0.371954
0.295078
0.445068
0.359131
0.499549
0.401545
-0.533921
-0.166850
-0.422527
-0.082461
-0.275980
0.016501
-0.123903
0.135523
0.025626
0.251524
0.169088
0.349395
0.289162
0.428642
0.375230
0.485641
0.438415
0.514978
-0.315457
-0.209999
-0.193418
-0.069559
-0.063143
0.080786
0.072471
0.224000
0.208137
0.349194
0.322276
0.450598
0.403169
0.521672
0.456749
0.560117
0.490966
-0.340025
-0.031018
-0.200056
0.088513
-0.041134
0.213812
0.122762
0.333420
0.265873
0.434737
0.374924
0.505418
0.450365
0.544398
0.499500
0.561029
-0.118404
-0.034448
0.023903
0.123781
0.173178
0.276235
0.308433
0.409346
0.415112
0.505873
0.485280
0.563643
0.523090
0.590146
0.539715
-0.125407
0.142664
0.037732
0.278636
0.200075
0.405016
0.338514
0.498625
0.436524
0.554074
0.494780
0.575720
0.525380
0.576038
0.096435
0.159675
0.250045
0.318434
0.385156
0.446613
0.483404
0.534560
0.538054
0.578110
0.559261
0.589808
0.558744
0.101425
0.328275
0.260682
0.454088
0.391567
0.542022
0.474272
0.580382
0.516212
0.583733
0.526918
0.571637
0.307052
0.344807
0.438908
0.469199
0.525328
0.542965
0.569301
0.573265
0.572405
0.576085
0.554634
0.303881
0.486051
0.424737
0.566062
0.499447
0.592936
0.520014
0.585786
0.513223
0.556044
0.472393
0.477047
0.553890
0.539745
0.580078
0.564788
0.572896
0.552363
0.549494
0.445608
0.577809
0.507547
0.606078
0.519573
0.579892
0.505463
0.536862
0.565232
0.539125
0.584057
0.544994
0.577041
0.528869
0.538869
0.509118
0.606045
0.527820
0.580755
0.493753
0.533238
0.594419
0.531695
0.568046
0.517383
0.535245
0.522679
0.592832
0.499249
0.524109
0.572296
0.496382
0.541371
0.506666
0.535204
0.566701
-0.860668
-0.570692
-0.743248
-0.482382
-0.662201
-0.380218
-0.581038
-0.279163
-0.484169
-0.185273
-0.381884
-0.084126
-0.280192
0.012901
-0.170461
0.098360
-0.066804
0.183146
0.015029
0.259516
0.094790
0.293093
0.128406
-1.642383
-1.570081
-1.470762
-1.386289
-1.322595
-1.251074
-1.187889
-1.131253
-1.067190
-1.000831
-0.934611
-0.863209
-0.784246
-0.705761
-0.620127
-0.525714
-0.427954
-0.335334
-0.222849
-0.124100
-0.028305
0.093668
-1.466423
-1.300979
-1.229491
-1.086833
-1.024494
-0.905853
-0.857676
-0.739294
-0.707888
-0.594811
-0.562153
-0.452126
-0.420573
-0.306013
-0.271871
-0.164732
-0.117806
-0.008623
0.034972
0.150007
0.197774
-1.583892
-1.494859
-1.400683
-1.333928
-1.259666
-1.193250
-1.134678
-1.068621
-1.000154
-0.933239
-0.858326
-0.780764
-0.696858
-0.613999
-0.512192
-0.418953
-0.316465
-0.209981
-0.102941
-0.001902
-1.370727
-1.205474
-1.141549
-0.996767
-0.955884
-0.825101
-0.787923
-0.671851
-0.641487
-0.523846
-0.495621
-0.379346
-0.344453
-0.228333
-0.195909
-0.071913
-0.032885
0.086279
0.127234
-1.498149
-1.418636
-1.337246
-1.265801
-1.195751
-1.135712
-1.068112
-0.999533
-0.928893
-0.856288
-0.772845
-0.694354
-0.601706
-0.508072
-0.403590
-0.307390
-0.194608
-0.084158
-1.269813
-1.101751
-1.053833
-0.915156
-0.877838
-0.747187
-0.722349
-0.599812
-0.573081
-0.452817
-0.425196
-0.300005
-0.271205
-0.148325
-0.112135
0.018977
0.049589
-1.419119
-1.342364
-1.265784
-1.196922
-1.135236
-1.067545
-0.997258
-0.928112
-0.849905
-0.773557
-0.685117
-0.602421
-0.496324
-0.403150
-0.293429
-0.189780
-1.160117
-1.006889
-0.970730
-0.830735
-0.801085
-0.675858
-0.651851
-0.528006
-0.503661
-0.378791
-0.349788
-0.224304
-0.196799
-0.064379
-0.027109
-1.344603
-1.259951
-1.198552
-1.130587
-1.066739
-0.995661
-0.923515
-0.850481
-0.766207
-0.689942
-0.590945
-0.504261
-0.388415
-0.301826
-1.058637
-0.920771
-0.881610
-0.752233
-0.726282
-0.604305
-0.579913
-0.458000
-0.429270
-0.306006
-0.275285
-0.154593
-0.114533
-1.265561
-1.183334
-1.134006
-1.057890
-0.995511
-0.921289
-0.843370
-0.773113
-0.678515
-0.604773
-0.488065
-0.407944
-0.964265
-0.835113
-0.796260
-0.681391
-0.648452
-0.539849
-0.503466
-0.390320
-0.353171
-0.240777
-0.202755
-1.194441
-1.112500
-1.062852
-0.987439
-0.917814
-0.845940
-0.763315
-0.695039
-0.586175
-0.515827
-0.864997
-0.762196
-0.711384
-0.616571
-0.574113
-0.476214
-0.424401
-0.331674
-0.278930
-1.127858
-1.039363
-0.993156
-0.912432
-0.836476
-0.779047
-0.674737
-0.618146
-0.772395
-0.698750
-0.624967
-0.569103
-0.488372
-0.421705
-0.351002
-1.053847
-0.976641
-0.909994
-0.841865
-0.761706
-0.705611
-0.677629
-0.645694
-0.549683
-0.515322
-0.408539
-0.989127
-0.904730
-0.828998
-0.789250
-0.575100
-0.615080
-0.451195
-0.923904
-0.860258
-0.442396
-2.596255
-2.636324
-2.607566
-2.612907
-2.603999
-2.599604
-2.626632
-2.587799
-2.629209
-2.597522
-2.630262
-2.587067
-2.624875
-2.556336
-2.576820
-2.480973
-2.473236
-2.337138
-2.299262
-2.127922
-2.078038
-1.884738
-1.861733
-2.552599
-2.552969
-2.545492
-2.553145
-2.561350
-2.547535
-2.565497
-2.577737
-2.576878
-2.593646
-2.600046
-2.608730
-2.597723
-2.607896
-2.562903
-2.555396
-2.466676
-2.436177
-2.293509
-2.255702
-2.070968
-2.042425
-2.547029
-2.590879
-2.571468
-2.550853
-2.574120
-2.561634
-2.576259
-2.560896
-2.604742
-2.573854
-2.618350
-2.591439
-2.622253
-2.577683
-2.591338
-2.515270
-2.491963
-2.373632
-2.311382
-2.155020
-2.070968
-2.561894
-2.465401
-2.529794
-2.497407
-2.511865
-2.508394
-2.543112
-2.534464
-2.562311
-2.578047
-2.589184
-2.605855
-2.606190
-2.614129
-2.579357
-2.570987
-2.485694
-2.448487
-2.311382
-2.255702
-2.511244
-2.535563
-2.493561
-2.507935
-2.524718
-2.500157
-2.535065
-2.531767
-2.565859
-2.557871
-2.602369
-2.584827
-2.615162
-2.585571
-2.588178
-2.525217
-2.485693
-2.373632
-2.293509
-2.477727
-2.423631
-2.485231
-2.420683
-2.477849
-2.468079
-2.502392
-2.503991
-2.547352
-2.556828
-2.583799
-2.603380
-2.608542
-2.616560
-2.588178
-2.570987
-2.491963
-2.436177
-2.469882
-2.440279
-2.449268
-2.455839
-2.458961
-2.459030
-2.502624
-2.501055
-2.541839
-2.551015
-2.586541
-2.584333
-2.608542
-2.585571
-2.579357
-2.515270
-2.466676
-2.423880
-2.381403
-2.414701
-2.378532
-2.449831
-2.425392
-2.477815
-2.490731
-2.533889
-2.551749
-2.586541
-2.603380
-2.615162
-2.614129
-2.591338
-2.555396
-2.401110
-2.374097
-2.416453
-2.393330
-2.421642
-2.442562
-2.475076
-2.493765
-2.533889
-2.551016
-2.583799
-2.584827
-2.606190
-2.577683
-2.562903
-2.394087
-2.334746
-2.376412
-2.368190
-2.419146
-2.413984
-2.475076
-2.490731
-2.541839
-2.556828
-2.602369
-2.605856
-2.622253
-2.607896
-2.357128
-2.335413
-2.385398
-2.369112
-2.419146
-2.442562
-2.477815
-2.501055
-2.547352
-2.557871
-2.589184
-2.591439
-2.597723
-2.387672
-2.307264
-2.385398
-2.368191
-2.421642
-2.425393
-2.502624
-2.503992
-2.565860
-2.578048
-2.618351
-2.608730
-2.387672
-2.335413
-2.376412
-2.393331
-2.449831
-2.459030
-2.502392
-2.531768
-2.562311
-2.573855
-2.600047
-2.357129
-2.334746
-2.416454
-2.378533
-2.458961
-2.468080
-2.535066
-2.534465
-2.604743
-2.593647
-2.394087
-2.374098
-2.414701
-2.455840
-2.477849
-2.500158
-2.543113
-2.560897
-2.576879
-2.401111
-2.381404
-2.449269
-2.420684
-2.524718
-2.508395
-2.576260
-2.577738
-2.423881
-2.440280
-2.485232
-2.507936
-2.511866
-2.561635
-2.565497
-2.469883
-2.423632
-2.493562
-2.497408
-2.574121
-2.547536
-2.477728
-2.535564
-2.529795
-2.550854
-2.561351
-2.511245
-2.465402
-2.571469
-2.553146
-2.561895
-2.590880
-2.545493
-2.547029
-2.552970
-2.552600
-2.531004
-2.648676
-2.478256
-2.533395
-2.454169
-2.465667
-2.378770
-2.405897
-2.330963
-2.322320
-2.345632
-2.216560
-2.345632
-2.322319
-2.330963
-2.405896
-2.378769
-2.465666
-2.454168
-2.533394
-2.478255
-2.648675
-2.531003
-2.596239
-2.636301
-2.607569
-2.612838
-2.604032
-2.599472
-2.626694
-2.587621
-2.629273
-2.597294
-2.630366
-2.586743
-2.625018
-2.555955
-2.576957
-2.480509
-2.473443
-2.336518
-2.299522
-2.127217
-2.078311
-1.883842
-1.862164
-2.552631
-2.552955
-2.545549
-2.553129
-2.561429
-2.547534
-2.565582
-2.577753
-2.576998
-2.593651
-2.600203
-2.608765
-2.597881
-2.607956
-2.563124
-2.555436
-2.466948
-2.436277
-2.293784
-2.255822
-2.071361
-2.042522
-2.547026
-2.590842
-2.571487
-2.550776
-2.574153
-2.561512
-2.576323
-2.560703
-2.604837
-2.573612
-2.618450
-2.591134
-2.622404
-2.577264
-2.591534
-2.514782
-2.492166
-2.373029
-2.311696
-2.154219
-2.071361
-2.561918
-2.465398
-2.529836
-2.497408
-2.511935
-2.508389
-2.543208
-2.534476
-2.562414
-2.578074
-2.589329
-2.605869
-2.606374
-2.614180
-2.579545
-2.571057
-2.485961
-2.448528
-2.311696
-2.255822
-2.511245
-2.535524
-2.493586
-2.507845
-2.524766
-2.500025
-2.535125
-2.531584
-2.565957
-2.557608
-2.602501
-2.584510
-2.615303
-2.585174
-2.588390
-2.524684
-2.485961
-2.373028
-2.293784
-2.477747
-2.423629
-2.485274
-2.420686
-2.477906
-2.468088
-2.502481
-2.503992
-2.547469
-2.556850
-2.583922
-2.603416
-2.608718
-2.616580
-2.588390
-2.571057
-2.492166
-2.436276
-2.469888
-2.440236
-2.449293
-2.455752
-2.459013
-2.458885
-2.502702
-2.500866
-2.541929
-2.550767
-2.586679
-2.583992
-2.608718
-2.585174
-2.579544
-2.514782
-2.466947
-2.423895
-2.381406
-2.414740
-2.378530
-2.449894
-2.425400
-2.477890
-2.490745
-2.534000
-2.551754
-2.586679
-2.603416
-2.615302
-2.614179
-2.591533
-2.555435
-2.401119
-2.374050
-2.416486
-2.393240
-2.421691
-2.442424
-2.475158
-2.493561
-2.534000
-2.550767
-2.583921
-2.584510
-2.606373
-2.577263
-2.563123
-2.394102
-2.334747
-2.376445
-2.368195
-2.419205
-2.413983
-2.475158
-2.490745
-2.541928
-2.556850
-2.602500
-2.605868
-2.622404
-2.607955
-2.357137
-2.335368
-2.385432
-2.369015
-2.419205
-2.442424
-2.477890
-2.500865
-2.547468
-2.557607
-2.589329
-2.591133
-2.597880
-2.387685
-2.307262
-2.385432
-2.368195
-2.421691
-2.425400
-2.502702
-2.503992
-2.565956
-2.578074
-2.618449
-2.608763
-2.387685
-2.335367
-2.376444
-2.393239
-2.449893
-2.458884
-2.502480
-2.531584
-2.562413
-2.573611
-2.600202
-2.357137
-2.334747
-2.416485
-2.378530
-2.459012
-2.468087
-2.535124
-2.534475
-2.604837
-2.593650
-2.394101
-2.374049
-2.414739
-2.455751
-2.477906
-2.500024
-2.543208
-2.560702
-2.576997
-2.401118
-2.381405
-2.449292
-2.420685
-2.524766
-2.508388
-2.576322
-2.577752
-2.423895
-2.440235
-2.485273
-2.507845
-2.511933
-2.561511
-2.565581
-2.469887
-2.423628
-2.493585
-2.497407
-2.574152
-2.547533
-2.477746
-2.535523
-2.529836
-2.550775
-2.561428
-2.511245
-2.465398
-2.571486
-2.553128
-2.561917
-2.590841
-2.545548
-2.547026
-2.552955
-2.552630
0.555888
0.380670
0.493464
0.365509
0.399900
0.302245
0.332059
0.237089
0.259931
0.221637
0.171354
0.303505
0.171354
0.221636
0.259930
0.237089
0.332057
0.302244
0.399899
0.365508
0.493464
0.380670
0.555888
0.470274
0.441237
0.461699
0.462947
0.458935
0.472229
0.455907
0.501519
0.474065
0.525219
0.501822
0.559112
0.524180
0.588513
0.539296
0.598673
0.531732
0.579345
0.488846
0.526650
0.407878
0.447507
0.295237
0.479109
0.513118
0.463323
0.488469
0.459971
0.495154
0.470571
0.494397
0.496414
0.513604
0.521310
0.535719
0.551946
0.546764
0.571864
0.538212
0.565322
0.497902
0.521210
0.412969
0.441441
0.294606
0.437893
0.389472
0.408223
0.411875
0.396688
0.420253
0.417788
0.453671
0.439370
0.496488
0.479831
0.538046
0.520721
0.577501
0.547955
0.598581
0.549117
0.585785
0.513823
0.533923
0.441441
0.380780
0.467646
0.377494
0.435432
0.400008
0.435067
0.409536
0.455458
0.448501
0.480333
0.494371
0.514287
0.535029
0.538880
0.562128
0.537821
0.561312
0.496881
0.513823
0.412970
0.358928
0.331630
0.353853
0.339757
0.339636
0.375730
0.370922
0.410957
0.416619
0.467004
0.466742
0.523798
0.518932
0.571294
0.556068
0.595754
0.561312
0.585785
0.521210
0.328169
0.379448
0.306463
0.381835
0.326155
0.377908
0.364799
0.415876
0.413587
0.460001
0.473102
0.501645
0.525478
0.532978
0.556068
0.537821
0.549117
0.497902
0.275657
0.286547
0.271451
0.279840
0.296344
0.328255
0.334000
0.383872
0.398555
0.447029
0.465981
0.514433
0.525478
0.571294
0.562128
0.598581
0.565322
0.251021
0.298051
0.253848
0.313915
0.266954
0.341817
0.331304
0.387680
0.399329
0.446644
0.465981
0.501645
0.518932
0.538879
0.547955
0.538212
0.213631
0.234222
0.203287
0.250993
0.260797
0.292415
0.323746
0.365521
0.399329
0.447029
0.473101
0.523798
0.535029
0.577500
0.571864
0.174351
0.241961
0.207612
0.259609
0.251043
0.319258
0.323746
0.387680
0.398554
0.460000
0.466742
0.514287
0.520720
0.546764
0.170715
0.207108
0.182219
0.236906
0.251043
0.292415
0.331304
0.383872
0.413586
0.467004
0.494371
0.538046
0.551946
0.121145
0.228983
0.182218
0.259609
0.260796
0.341817
0.333999
0.415875
0.416618
0.480332
0.479831
0.535718
0.121145
0.207108
0.207612
0.250992
0.266953
0.328254
0.364799
0.410956
0.448501
0.496488
0.521309
0.170715
0.241959
0.203287
0.313914
0.296343
0.377908
0.370922
0.455457
0.439369
0.513604
0.174350
0.234221
0.253847
0.279840
0.326154
0.375729
0.409535
0.453671
0.496414
0.213630
0.298051
0.271450
0.381835
0.339635
0.435067
0.417787
0.494397
0.251020
0.286546
0.306462
0.339756
0.400007
0.420253
0.470570
0.275657
0.379447
0.353852
0.435432
0.396687
0.495153
0.328168
0.331629
0.377493
0.411875
0.459971
0.358927
0.467645
0.408223
0.488469
0.380780
0.389472
0.463322
0.437892
0.513118
0.479109
0.470610
0.441190
0.462583
0.463164
0.458713
0.474230
0.455552
0.501573
0.475449
0.525705
0.500324
0.562039
0.522854
0.588811
0.540135
0.599580
0.529665
0.582726
0.487059
0.527696
0.408104
0.449191
0.293211
0.478788
0.512903
0.462286
0.489117
0.458580
0.494148
0.471105
0.493816
0.494450
0.515557
0.519682
0.534989
0.552726
0.546599
0.569621
0.540620
0.563372
0.497546
0.521565
0.412814
0.439295
0.296382
0.438232
0.390226
0.408326
0.412092
0.398319
0.420640
0.416778
0.456409
0.438321
0.496525
0.481017
0.538702
0.518580
0.581018
0.546007
0.599298
0.549650
0.586925
0.511611
0.537638
0.439295
0.380037
0.467262
0.377421
0.434565
0.398128
0.436573
0.407937
0.454539
0.449384
0.480095
0.492000
0.517012
0.532947
0.538530
0.562775
0.537740
0.559011
0.499367
0.511610
0.412814
0.359770
0.331763
0.353986
0.342053
0.339263
0.375649
0.372441
0.411449
0.414586
0.470527
0.464825
0.524196
0.519780
0.572126
0.553681
0.599555
0.559012
0.586925
0.521565
0.327255
0.379891
0.304684
0.380666
0.326773
0.377524
0.362396
0.418596
0.411517
0.459545
0.473970
0.501623
0.522944
0.536007
0.553681
0.537740
0.549650
0.497546
0.276128
0.286947
0.273479
0.280333
0.294857
0.331499
0.332415
0.383982
0.399631
0.447764
0.463313
0.518510
0.522944
0.572126
0.562776
0.599298
0.563373
0.250452
0.297008
0.251473
0.315950
0.265120
0.341127
0.332214
0.387853
0.396398
0.450258
0.463313
0.501623
0.519780
0.538531
0.546006
0.540620
0.214295
0.236771
0.202864
0.250784
0.262020
0.293353
0.320597
0.370095
0.396398
0.447764
0.473970
0.524197
0.532948
0.581018
0.569621
0.172578
0.240633
0.208165
0.260126
0.247492
0.323614
0.320597
0.387853
0.399631
0.459545
0.464825
0.517012
0.518580
0.546599
0.172292
0.208389
0.178921
0.242044
0.247492
0.293353
0.332215
0.383982
0.411517
0.470527
0.492000
0.538702
0.552726
0.118990
0.232409
0.178921
0.260126
0.262020
0.341127
0.332416
0.418597
0.414586
0.480096
0.481017
0.534989
0.118991
0.208389
0.208166
0.250784
0.265120
0.331500
0.362397
0.411449
0.449385
0.496525
0.519682
0.172292
0.240635
0.202864
0.315951
0.294858
0.377525
0.372442
0.454540
0.438321
0.515557
0.172579
0.236772
0.251474
0.280334
0.326774
0.375649
0.407938
0.456410
0.494450
0.214296
0.297008
0.273480
0.380666
0.339264
0.436574
0.416778
0.493817
0.250454
0.286948
0.304685
0.342054
0.398129
0.420640
0.471106
0.276128
0.379892
0.353987
0.434565
0.398320
0.494149
0.327256
0.331764
0.377421
0.412093
0.458581
0.359770
0.467263
0.408326
0.489117
0.380037
0.390226
0.462287
0.438232
0.512903
0.478788

