Tension at each vertex
52.967456
52.967454
52.967469
52.967470
46.729029
52.771770
46.729028
52.771769
45.947395
45.947417
54.041738
54.041764
52.812331
52.586835
52.244134
51.949956
51.510268
50.914275
50.254005
49.435305
48.426767
47.551523
46.739725
46.134829
45.856881
45.760518
45.699725
45.841655
45.947306
46.046113
46.212566
46.359524
46.406969
46.579993
46.662774
52.734991
52.510549
52.248002
51.811432
51.413885
50.829697
50.064191
49.245886
48.315830
47.331106
46.626871
46.103919
45.773080
45.722877
45.757061
45.783568
45.950059
46.083597
46.159683
46.334602
46.451256
46.518051
52.787584
52.472653
52.205715
51.847649
51.302773
50.764294
50.012657
49.097682
48.186939
47.301524
46.502403
46.081892
45.811564
45.688707
45.755021
45.867291
45.904788
46.102879
46.215204
46.299685
46.451255
52.754391
52.494377
52.126403
51.772527
51.298111
50.612482
49.912891
49.022863
48.035463
47.197659
46.505453
45.981449
45.799305
45.718793
45.701881
45.847463
45.962585
46.028652
46.215209
46.334603
52.704126
52.496163
52.168727
51.719434
51.252210
50.636722
49.794306
48.967176
48.017403
47.113992
46.468330
46.043063
45.745800
45.740921
45.756190
45.815920
45.962581
46.102880
46.159678
52.761808
52.406506
52.137102
51.721180
51.160361
50.557596
49.788430
48.827309
47.958063
47.099379
46.389489
46.008010
45.797251
45.666620
45.756182
45.847461
45.904791
46.083596
52.738659
52.487563
52.073550
51.724114
51.190444
50.497998
49.746017
48.863466
47.867575
47.094564
46.429510
45.975943
45.797258
45.740921
45.701889
45.867295
45.950058
52.688109
52.437878
52.118264
51.627029
51.163181
50.498049
49.662769
48.809522
47.900457
47.006553
46.429515
46.008013
45.745792
45.718793
45.755017
45.783562
52.739044
52.417056
52.105027
51.702090
51.097783
50.509216
49.702645
48.773502
47.900452
47.094563
46.389483
46.043057
45.799313
45.688707
45.757067
52.733074
52.435833
52.049226
51.661872
51.143772
50.421689
49.702645
48.809521
47.867577
47.099378
46.468335
45.981454
45.811560
45.722878
52.681714
52.464087
52.099766
51.638517
51.143769
50.509215
49.662767
48.863464
47.958059
47.113986
46.505449
46.081883
45.773080
52.734762
52.379457
52.099768
51.661873
51.097785
50.498049
49.746018
48.827303
48.017402
47.197658
46.502400
46.103926
52.734761
52.464087
52.049223
51.702088
51.163179
50.497992
49.788424
48.967172
48.035455
47.301517
46.626870
52.681716
52.435833
52.105030
51.627027
51.190445
50.557596
49.794303
49.022858
48.186936
47.331099
52.733074
52.417054
52.118264
51.724112
51.160355
50.636715
49.912885
49.097668
48.315823
52.739048
52.437880
52.073549
51.721180
51.252212
50.612475
50.012654
49.245882
52.688107
52.487561
52.137102
51.719426
51.298107
50.764286
50.064177
52.738663
52.406504
52.168731
51.772527
51.302767
50.829692
52.761811
52.496161
52.126397
51.847643
51.413881
52.704125
52.494380
52.205719
51.811425
52.754395
52.472642
52.248000
52.787589
52.510553
52.734987
52.967662
52.982718
52.916346
53.015985
52.961709
52.949696
52.970373
52.993703
52.911507
53.000195
52.965533
52.947034
52.965532
53.000195
52.911507
52.993703
52.970370
52.949701
52.961704
53.015985
52.916346
52.982721
52.967654
53.169219
53.340948
53.445594
53.649914
53.780845
53.861702
54.008344
54.103922
54.088425
54.173725
54.145389
54.059719
54.026137
53.942225
53.761601
53.705396
53.559515
53.395404
53.309933
53.203556
53.024133
52.980001
52.858769
53.125356
53.319632
53.506078
53.588753
53.792073
53.905292
53.962182
54.083068
54.140776
54.093252
54.136712
54.078390
53.955989
53.906818
53.801462
53.621802
53.553415
53.422396
53.256249
53.185940
53.076673
52.933254
53.203405
53.319733
53.529095
53.693177
53.764243
53.950804
54.039276
54.070006
54.152654
54.175545
54.084007
54.097561
54.002109
53.864598
53.794057
53.691774
53.498631
53.441925
53.309632
53.157468
53.076672
53.173403
53.360308
53.476217
53.674772
53.824876
53.878901
54.040015
54.102208
54.096686
54.149740
54.132496
54.015145
53.994402
53.886246
53.730528
53.664897
53.550741
53.366505
53.309639
53.185943
53.142121
53.386918
53.553753
53.658750
53.839542
53.971166
53.997133
54.132466
54.155177
54.119943
54.132616
54.091034
53.939367
53.906091
53.781050
53.631484
53.550731
53.441926
53.256243
53.197667
53.309461
53.543496
53.691794
53.781299
53.944550
54.048556
54.050942
54.150511
54.146239
54.074342
54.064923
53.991236
53.827613
53.781044
53.664893
53.498640
53.422394
53.189506
53.401634
53.498727
53.721860
53.847338
53.921949
54.054689
54.133578
54.097075
54.169688
54.127680
54.034664
53.991242
53.906094
53.730532
53.691780
53.553408
53.136858
53.363602
53.554556
53.641213
53.845159
53.952524
53.999218
54.108079
54.150577
54.089429
54.127679
54.064925
53.939360
53.886240
53.794054
53.621794
53.195887
53.348247
53.557274
53.733012
53.797329
53.983970
54.057641
54.080133
54.150574
54.169688
54.074342
54.091029
53.994405
53.864606
53.801460
53.191134
53.373874
53.506056
53.703049
53.853466
53.900938
54.057639
54.108078
54.097076
54.146237
54.132614
54.015149
54.002104
53.906809
53.143016
53.406986
53.563356
53.681724
53.853463
53.983970
53.999219
54.133578
54.150509
54.119945
54.132492
54.097558
53.955987
53.197120
53.322065
53.563356
53.703048
53.797330
53.952521
54.054688
54.050941
54.155172
54.149737
54.084006
54.078386
53.197118
53.406986
53.506055
53.733012
53.845157
53.921950
54.048550
54.132466
54.096687
54.175543
54.136708
53.143017
53.373872
53.557273
53.641212
53.847333
53.944547
53.997133
54.102201
54.152648
54.093251
53.191131
53.348249
53.554551
53.721859
53.781298
53.971164
54.040008
54.070009
54.140768
53.195884
53.363598
53.498727
53.691788
53.839536
53.878899
54.039269
54.083062
53.136857
53.401633
53.543490
53.658753
53.824867
53.950803
53.962180
53.189503
53.309460
53.553747
53.674765
53.764242
53.905282
53.197660
53.386918
53.476215
53.693174
53.792064
53.142122
53.360300
53.529088
53.588752
53.173394
53.319740
53.506068
53.203399
53.319624
53.125355
52.852042
52.777867
52.526581
52.446978
52.214085
51.965313
51.739300
51.456854
51.047661
50.739328
50.279957
49.786621
49.323927
48.835080
48.262590
47.875640
47.409815
47.019182
46.751595
46.512514
46.252435
46.182434
46.036715
46.630977
46.698097
46.709561
46.654781
46.700490
46.691918
46.606038
46.622934
46.585542
46.467055
46.454306
46.385280
46.242825
46.200304
46.112811
45.950401
45.906320
45.820750
45.708065
45.697799
45.758594
45.777081
46.579132
46.548417
46.586624
46.607567
46.516212
46.566110
46.523330
46.440797
46.421756
46.389833
46.240452
46.231723
46.136162
46.004304
45.946343
45.883164
45.731344
45.751936
45.729613
45.737725
45.912062
46.459773
46.472716
46.407768
46.453433
46.441077
46.355576
46.370266
46.332275
46.217852
46.201044
46.140466
45.997641
45.970728
45.888615
45.764419
45.740141
45.740288
45.674298
45.824354
46.003008
46.285346
46.352750
46.331943
46.275980
46.286019
46.279063
46.160051
46.179896
46.110222
46.005935
45.964903
45.921400
45.773158
45.785548
45.736672
45.696452
45.782338
45.936497
46.096396
46.210231
46.149570
46.187240
46.173732
46.085918
46.104264
46.063074
45.955801
45.947176
45.894141
45.778601
45.771439
45.747206
45.672779
45.763207
45.864134
45.995586
46.321447
46.070287
46.077865
45.985891
46.036215
45.986241
45.914949
45.903055
45.881639
45.761291
45.784278
45.747055
45.693324
45.759407
45.857042
45.941134
46.252498
46.594714
45.886167
45.926913
45.902447
45.831895
45.851492
45.823072
45.738311
45.753146
45.747213
45.677891
45.767417
45.831552
45.919893
46.175374
46.501497
46.857420
45.811549
45.774131
45.782674
45.787660
45.701756
45.750246
45.738906
45.702578
45.778879
45.866911
45.923156
46.188095
46.455893
46.803771
47.297721
45.733432
45.740809
45.684222
45.729048
45.750532
45.711149
45.815995
45.892249
45.966641
46.204786
46.467175
46.766245
47.244580
47.766040
45.686810
45.769399
45.784910
45.781855
45.878922
45.988428
46.049079
46.307754
46.534393
46.837286
47.257748
47.767501
48.208075
45.896294
45.890078
46.015996
46.119238
46.204341
46.442036
46.680013
46.945206
47.352725
47.804418
48.224133
48.795208
46.243012
46.373790
46.439516
46.694395
46.904358
47.169301
47.526566
47.961449
48.314313
48.867566
49.336333
46.818457
47.037154
47.245554
47.460532
47.801578
48.168913
48.493418
48.976333
49.414271
49.805546
47.707058
47.892488
48.164217
48.501869
48.749655
49.194800
49.554798
49.920131
50.332982
48.662800
48.904389
49.104174
49.456219
49.771367
50.055241
50.438484
50.782414
49.535146
49.826090
50.044307
50.284672
50.588124
50.903935
51.111772
50.412368
50.549597
50.801902
51.033177
51.214893
51.501786
51.061699
51.251211
51.349046
51.614463
51.794763
51.559531
51.735714
51.886998
52.001029
52.013355
52.106877
52.256057
52.357920
52.469771
52.560921
53.169227
53.340949
53.445595
53.649915
53.780855
53.861696
54.008353
54.103926
54.088426
54.173725
54.145397
54.059714
54.026135
53.942221
53.761601
53.705385
53.559516
53.395401
53.309929
53.203561
53.024131
52.980002
52.858770
52.742807
52.741078
52.653590
52.714945
52.697298
52.672859
52.725838
52.780856
52.749462
52.873766
52.919955
52.957312
53.069835
53.179348
53.196283
53.369416
53.449393
53.515877
53.654755
53.769943
53.782322
53.941917
53.987492
53.205053
53.394247
53.476310
53.544832
53.670530
53.778666
53.791142
53.928489
53.985511
53.996030
54.078425
54.127705
54.080992
54.153232
54.147357
54.095836
54.121693
54.117132
54.031134
54.063677
54.038508
53.970864
53.438486
53.528588
53.643153
53.771697
53.771696
53.930098
53.974102
54.005294
54.076272
54.144567
54.081043
54.176374
54.148539
54.114226
54.116185
54.127716
54.012571
54.060420
54.001892
53.942514
53.932760
53.580672
53.711861
53.733417
53.884402
53.948719
53.969597
54.063249
54.117572
54.076523
54.156689
54.144978
54.094569
54.114042
54.099368
54.000670
54.022131
53.980794
53.887822
53.897080
53.867234
53.690672
53.857726
53.920639
53.961417
54.049146
54.122501
54.073540
54.172855
54.147460
54.116951
54.115289
54.116359
53.997622
54.029843
53.960946
53.881952
53.862982
53.846407
53.722678
53.858592
53.909482
54.014844
54.086099
54.057951
54.150214
54.144371
54.102574
54.116956
54.103367
53.996853
54.005796
53.952034
53.845448
53.835605
53.788517
53.678717
53.693098
53.981696
54.069465
54.044749
54.155934
54.146865
54.123021
54.128930
54.131125
54.008373
54.030705
53.957485
53.857412
53.824335
53.787461
53.645979
53.664430
53.590083
54.003363
54.124950
54.132473
54.109203
54.134381
54.128205
54.021420
54.030333
53.967953
53.847429
53.826055
53.762418
53.627582
53.618987
53.553889
53.446635
54.123836
54.118872
54.149342
54.157184
54.048762
54.070458
53.996412
53.885921
53.847352
53.788607
53.632139
53.629779
53.535172
53.430885
53.401116
54.142735
54.156622
54.065376
54.085711
54.024438
53.904583
53.875155
53.798532
53.649739
53.623972
53.533597
53.403658
53.377650
53.314090
54.091116
54.132243
54.067837
53.962897
53.924134
53.856067
53.692093
53.670377
53.559680
53.432894
53.380038
53.318202
53.171161
54.097031
53.999163
53.969862
53.897053
53.740589
53.704241
53.598492
53.450849
53.400152
53.315245
53.168850
53.147226
54.031701
53.975239
53.811536
53.783589
53.664586
53.520554
53.451025
53.368603
53.197464
53.175585
53.070864
53.876769
53.846682
53.734207
53.580034
53.513196
53.413752
53.242309
53.199597
53.094561
52.955302
53.824355
53.682298
53.602021
53.508554
53.318757
53.279267
53.152697
53.012668
52.951738
53.691642
53.589789
53.404664
53.350637
53.225541
53.064910
53.004540
52.902949
53.515748
53.465645
53.328127
53.169147
53.091684
52.991567
52.814971
53.435466
53.261950
53.190185
53.072920
52.896767
52.842501
53.309146
53.201755
53.008421
52.959634
52.823917
53.126306
53.063741
52.933472
52.764661
53.064777
52.905954
52.822221
52.949537
52.829276
52.806220
53.063150
53.241158
53.241499
53.443577
53.504201
53.585805
53.692226
53.815280
53.806951
53.959028
53.993394
54.021115
54.080607
54.146378
54.079929
54.172950
54.148864
54.123061
54.129549
54.155179
54.048794
54.109143
54.059121
46.448672
47.139604
47.945893
48.828823
49.784247
50.564298
51.188751
51.783653
52.201618
52.506072
52.853557
53.092488
53.263510
53.511931
53.673766
53.772924
53.949352
54.035168
54.050576
54.137870
54.131428
54.071743
46.664221
47.425793
48.360908
49.309082
50.110986
50.941230
51.507956
51.976800
52.400819
52.736114
52.936586
53.250669
53.423945
53.581513
53.772647
53.921929
53.958930
54.113800
54.131356
54.123272
54.139275
46.961222
47.785186
48.704180
49.697999
50.509983
51.153951
51.763659
52.188797
52.499126
52.849221
53.091628
53.263949
53.514382
53.678160
53.778300
53.956306
54.042494
54.058561
54.141354
54.135818
47.181745
48.213091
49.146338
50.047624
50.856597
51.499451
51.929955
52.413530
52.705264
52.958402
53.227175
53.451068
53.563852
53.803165
53.908873
53.992338
54.101857
54.164639
54.102340
47.586606
48.528312
49.575097
50.427390
51.105224
51.732846
52.173782
52.489346
52.846937
53.092443
53.268917
53.521724
53.688703
53.791521
53.970151
54.059506
54.069701
54.150657
47.993637
49.030507
49.915052
50.818746
51.435374
51.934172
52.378542
52.727428
52.936407
53.257278
53.437249
53.599504
53.794150
53.948762
53.984980
54.139098
54.149665
48.373780
49.453162
50.353085
51.056585
51.709099
52.161087
52.486863
52.847686
53.099402
53.277129
53.533098
53.702592
53.805717
53.985301
54.071374
54.077876
48.884052
49.855640
50.737367
51.430905
51.892902
52.396062
52.702721
52.962836
53.238485
53.468474
53.584298
53.826696
53.935237
54.015974
54.121358
49.367135
50.296108
51.023188
51.688056
52.153218
52.480442
52.846517
53.098988
53.279120
53.535205
53.707433
53.810232
53.990372
54.075754
49.778827
50.725988
51.388017
51.904712
52.365691
52.723119
52.937519
53.261346
53.446501
53.609142
53.806600
53.961927
53.997656
50.268752
51.005651
51.678001
52.147436
52.477474
52.843027
53.099206
53.277901
53.536948
53.709180
53.814304
53.993045
50.694754
51.404604
51.879512
52.385731
52.701051
52.960011
53.239459
53.470502
53.588184
53.830063
53.942506
51.012137
51.682065
52.150414
52.477721
52.842936
53.098335
53.277494
53.534722
53.709821
53.812029
51.398961
51.907886
52.368230
52.724761
52.938712
53.259679
53.447458
53.606173
53.804388
51.700130
52.161002
52.480986
52.842435
53.097055
53.272747
53.530275
53.702867
51.909129
52.399505
52.710285
52.960929
53.236991
53.464496
53.578221
52.179712
52.489826
52.842563
53.094008
53.266183
53.518869
52.398245
52.740438
52.942440
53.254208
53.436145
52.500579
52.845005
53.088666
53.255138
52.733501
52.968273
53.227397
52.841058
53.079682
52.956842
52.967659
52.982718
52.916343
53.015984
52.961707
52.949693
52.970371
52.993700
52.911504
53.000193
52.965531
52.947033
52.965532
53.000195
52.911508
52.993704
52.970371
52.949702
52.961707
53.015989
52.916350
52.982723
52.967658
52.812325
52.586840
52.244136
51.949960
51.510264
50.914285
50.254000
49.435310
48.426767
47.551526
46.739720
46.134834
45.856876
45.760518
45.699723
45.841654
45.947303
46.046114
46.212563
46.359522
46.406967
46.579992
46.662773
52.734987
52.510554
52.248004
51.811431
51.413888
50.829703
50.064187
49.245894
48.315830
47.331106
46.626871
46.103918
45.773075
45.722875
45.757059
45.783564
45.950055
46.083596
46.159679
46.334601
46.451253
46.518050
52.787588
52.472644
52.205719
51.847648
51.302771
50.764296
50.012661
49.097678
48.186944
47.301522
46.502404
46.081888
45.811567
45.688699
45.755023
45.867287
45.904786
46.102877
46.215204
46.299683
46.451255
52.754392
52.494381
52.126397
51.772531
51.298112
50.612481
49.912894
49.022865
48.035463
47.197660
46.505455
45.981444
45.799306
45.718789
45.701878
45.847460
45.962581
46.028650
46.215207
46.334601
52.704122
52.496161
52.168730
51.719428
51.252215
50.636720
49.794309
48.967175
48.017409
47.113987
46.468335
46.043058
45.745801
45.740916
45.756191
45.815917
45.962581
46.102878
46.159678
52.761810
52.406502
52.137103
51.721182
51.160358
50.557599
49.788431
48.827309
47.958066
47.099378
46.389488
46.008008
45.797249
45.666617
45.756180
45.847458
45.904789
46.083594
52.738662
52.487559
52.073548
51.724112
51.190446
50.497996
49.746022
48.863465
47.867579
47.094563
46.429512
45.975939
45.797260
45.740918
45.701889
45.867293
45.950056
52.688107
52.437877
52.118263
51.627027
51.163180
50.498051
49.662768
48.809524
47.900457
47.006552
46.429514
46.008010
45.745791
45.718790
45.755013
45.783561
52.739047
52.417050
52.105028
51.702089
51.097784
50.509217
49.702648
48.773502
47.900456
47.094562
46.389486
46.043055
45.799314
45.688706
45.757067
52.733075
52.435832
52.049222
51.661873
51.143770
50.421689
49.702645
48.809521
47.867577
47.099376
46.468333
45.981452
45.811559
45.722874
52.681715
52.464085
52.099766
51.638517
51.143770
50.509216
49.662770
48.863466
47.958061
47.113986
46.505452
46.081881
45.773083
52.734761
52.379455
52.099765
51.661872
51.097784
50.498049
49.746017
48.827304
48.017402
47.197655
46.502400
46.103925
52.734762
52.464086
52.049224
51.702089
51.163179
50.497995
49.788427
48.967172
48.035460
47.301518
46.626868
52.681715
52.435832
52.105027
51.627028
51.190443
50.557594
49.794305
49.022857
48.186932
47.331102
52.733074
52.417056
52.118264
51.724112
51.160360
50.636717
49.912885
49.097675
48.315821
52.739046
52.437878
52.073550
51.721178
51.252209
50.612477
50.012650
49.245882
52.688109
52.487562
52.137102
51.719432
51.298106
50.764290
50.064180
52.738661
52.406507
52.168727
51.772526
51.302767
50.829693
52.761809
52.496164
52.126400
51.847648
51.413877
52.704126
52.494380
52.205713
51.811429
52.754391
52.472653
52.247998
52.787584
52.510550
52.734992
53.169224
53.340944
53.445589
53.649910
53.780851
53.861690
54.008350
54.103920
54.088424
54.173721
54.145397
54.059711
54.026140
53.942227
53.761598
53.705396
53.559518
53.395402
53.309934
53.203559
53.024132
52.980001
52.858772
53.125360
53.319629
53.506073
53.588756
53.792071
53.905287
53.962187
54.083064
54.140774
54.093254
54.136712
54.078387
53.955990
53.906820
53.801458
53.621806
53.553415
53.422395
53.256250
53.185943
53.076672
52.933255
53.203401
53.319743
53.529092
53.693179
53.764247
53.950806
54.039274
54.070012
54.152653
54.175546
54.084007
54.097566
54.002104
53.864604
53.794056
53.691775
53.498631
53.441928
53.309629
53.157470
53.076671
53.173398
53.360305
53.476219
53.674770
53.824872
53.878903
54.040014
54.102206
54.096687
54.149742
54.132491
54.015150
53.994401
53.886247
53.730528
53.664900
53.550740
53.366508
53.309640
53.185945
53.142123
53.386921
53.553750
53.658757
53.839540
53.971168
53.997135
54.132469
54.155173
54.119949
54.132614
54.091036
53.939365
53.906095
53.781047
53.631486
53.550730
53.441926
53.256241
53.197663
53.309464
53.543493
53.691791
53.781300
53.944550
54.048554
54.050945
54.150510
54.146240
54.074342
54.064927
53.991234
53.827615
53.781045
53.664895
53.498639
53.422397
53.189505
53.401634
53.498729
53.721862
53.847336
53.921953
54.054689
54.133580
54.097075
54.169692
54.127678
54.034667
53.991242
53.906096
53.730529
53.691784
53.553407
53.136859
53.363601
53.554554
53.641215
53.845159
53.952524
53.999219
54.108082
54.150576
54.089430
54.127681
54.064929
53.939358
53.886245
53.794053
53.621795
53.195887
53.348250
53.557274
53.733013
53.797330
53.983973
54.057640
54.080135
54.150577
54.169691
54.074340
54.091034
53.994403
53.864606
53.801461
53.191132
53.373873
53.506055
53.703050
53.853465
53.900940
54.057640
54.108080
54.097076
54.146243
54.132614
54.015152
54.002106
53.906813
53.143017
53.406987
53.563356
53.681725
53.853465
53.983971
53.999218
54.133581
54.150510
54.119944
54.132494
54.097559
53.955983
53.197119
53.322065
53.563356
53.703048
53.797329
53.952525
54.054689
54.050941
54.155175
54.149742
54.084003
54.078392
53.197119
53.406985
53.506054
53.733012
53.845158
53.921947
54.048554
54.132467
54.096684
54.175545
54.136712
53.143015
53.373873
53.557273
53.641211
53.847336
53.944550
53.997131
54.102207
54.152651
54.093248
53.191133
53.348244
53.554554
53.721857
53.781297
53.971165
54.040011
54.070001
54.140776
53.195886
53.363599
53.498725
53.691791
53.839539
53.878896
54.039275
54.083063
53.136856
53.401631
53.543493
53.658746
53.824873
53.950800
53.962179
53.189504
53.309457
53.553750
53.674768
53.764240
53.905286
53.197664
53.386915
53.476212
53.693172
53.792069
53.142117
53.360304
53.529091
53.588747
53.173398
53.319729
53.506074
53.203403
53.319628
53.125352
52.812330
52.586836
52.244136
51.949963
51.510276
50.914288
50.254017
49.435322
48.426777
47.551533
46.739730
46.134836
45.856879
45.760510
45.699725
45.841643
45.947300
46.046109
46.212560
46.359522
46.406966
46.579992
46.662773
46.768441
46.817231
46.758878
46.839519
46.824203
46.773790
46.787629
46.783149
46.662465
46.684224
46.610032
46.497721
46.450522
46.387571
46.210361
46.180961
46.060977
45.914269
45.853565
45.803476
45.671707
45.746574
45.808268
52.560922
52.469775
52.256062
52.001040
51.794777
51.501804
51.111795
50.782439
50.333007
49.805571
49.336348
48.795206
48.208031
47.765987
47.297643
46.857300
46.594583
46.321342
46.096318
46.002955
45.912026
45.777064
52.357925
52.106886
51.887010
51.614478
51.214914
50.903957
50.438513
49.920157
49.414297
48.867581
48.224133
47.767485
47.244521
46.803699
46.501421
46.252395
45.995478
45.936413
45.824300
45.737692
45.758575
52.013361
51.735725
51.349060
51.033193
50.588145
50.055264
49.554823
48.976352
48.314324
47.804415
47.257721
46.766211
46.455820
46.175297
45.941065
45.864069
45.782274
45.674245
45.729573
45.697774
51.559539
51.251226
50.801921
50.284692
49.771390
49.194824
48.493439
47.961460
47.352731
46.837269
46.467132
46.188059
45.919845
45.856978
45.763155
45.696418
45.740270
45.751925
45.708058
51.061710
50.549612
50.044328
49.456237
48.749670
48.168927
47.526575
46.945199
46.534381
46.204765
45.923103
45.831508
45.759374
45.672740
45.736625
45.740096
45.731303
45.820720
50.412382
49.826107
49.104193
48.501888
47.801590
47.169306
46.680011
46.307741
45.966622
45.866898
45.767392
45.693291
45.747186
45.785543
45.764419
45.883162
45.906318
49.535161
48.904403
48.164232
47.460540
46.904362
46.442030
46.049062
45.892228
45.778851
45.677866
45.747035
45.771416
45.773133
45.888595
45.946329
45.950394
48.662813
47.892499
47.245560
46.694396
46.204338
45.988426
45.815982
45.702564
45.747199
45.784259
45.778583
45.921389
45.970720
46.004296
46.112804
47.707069
47.037158
46.439520
46.119228
45.878907
45.711138
45.738891
45.753130
45.761283
45.894135
45.964892
45.997633
46.136157
46.200303
46.818459
46.373793
46.015999
45.781850
45.750521
45.750236
45.738297
45.881621
45.947161
46.005925
46.140456
46.231714
46.242817
46.243008
45.890069
45.784907
45.729041
45.701749
45.823070
45.903052
45.955796
46.110218
46.201042
46.240450
46.385279
45.896295
45.769389
45.684216
45.787647
45.851478
45.914938
46.063064
46.179886
46.217844
46.389828
46.454301
45.686809
45.740805
45.782675
45.831895
45.986237
46.104263
46.160048
46.332273
46.421752
46.467052
45.733426
45.774114
45.902440
46.036208
46.085910
46.279057
46.370261
46.440795
46.585543
45.811554
45.926911
45.985888
46.173730
46.286016
46.355576
46.523328
46.622929
45.886163
46.077857
46.187236
46.275978
46.441073
46.566104
46.606038
46.070287
46.149567
46.331938
46.453430
46.516211
46.691918
46.210230
46.352748
46.407767
46.607566
46.700490
46.285341
46.472713
46.586623
46.654777
46.459772
46.548416
46.709561
46.579131
46.698094
46.630976
53.063147
53.241155
53.241493
53.443575
53.504194
53.585797
53.692223
53.815273
53.806938
53.959027
53.993386
54.021099
54.080602
54.146377
54.079916
54.172936
54.148852
54.123054
54.129540
54.155171
54.048786
54.109138
54.059116
52.806221
52.829278
52.822219
52.764662
52.823917
52.842504
52.814973
52.902948
52.951744
52.955299
53.070866
53.147225
53.171164
53.314098
53.401103
53.446653
53.590057
53.693102
53.722671
53.867221
53.932748
53.970859
52.949542
52.905954
52.933479
52.959635
52.896769
52.991568
53.004540
53.012671
53.094561
53.175588
53.168850
53.318199
53.377666
53.430869
53.553911
53.664408
53.678719
53.846401
53.897069
53.942497
54.038506
53.064774
53.063741
53.008417
53.072919
53.091683
53.064912
53.152700
53.199592
53.197470
53.315242
53.380037
53.403663
53.535161
53.619001
53.645964
53.788508
53.862979
53.887808
54.001871
54.063671
53.126314
53.201751
53.190193
53.169149
53.225539
53.279275
53.242300
53.368610
53.400148
53.432899
53.533594
53.629776
53.627587
53.787459
53.835595
53.881951
53.980787
54.060398
54.031130
53.309143
53.261948
53.328128
53.350629
53.318762
53.413749
53.451029
53.450842
53.559685
53.623972
53.632133
53.762416
53.824336
53.845437
53.960940
54.022132
54.012549
54.117123
53.435468
53.465647
53.404667
53.508559
53.513191
53.520559
53.598487
53.670375
53.649745
53.788599
53.826059
53.857405
53.952035
54.029830
54.000679
54.127703
54.121685
53.515749
53.589780
53.602029
53.580021
53.664592
53.704241
53.692087
53.798533
53.847345
53.847435
53.957472
54.005801
53.997608
54.099366
54.116183
54.095823
53.691634
53.682304
53.734208
53.783588
53.740588
53.856064
53.875157
53.885911
53.967956
54.030703
53.996850
54.116359
54.114033
54.114226
54.147356
53.824355
53.846679
53.811535
53.897051
53.924132
53.904584
53.996406
54.030327
54.008376
54.103359
54.115290
54.094565
54.148524
54.153236
53.876765
53.975237
53.969866
53.962888
54.024438
54.070456
54.021416
54.131119
54.116960
54.116939
54.144986
54.176361
54.080989
54.031695
53.999165
54.067833
54.085708
54.048759
54.128201
54.128922
54.102572
54.147453
54.156684
54.081042
54.127690
54.097025
54.132244
54.065371
54.157180
54.134375
54.123018
54.144363
54.172854
54.076516
54.144562
54.078427
54.091114
54.156619
54.149339
54.109198
54.146857
54.150212
54.073530
54.117571
54.076259
53.996028
54.142730
54.118868
54.132469
54.155926
54.057946
54.122495
54.063242
54.005290
53.985502
54.123831
54.124946
54.044744
54.086090
54.049141
53.969588
53.974095
53.928484
54.003357
54.069460
54.014838
53.961408
53.948715
53.930089
53.791139
53.981690
53.909477
53.920631
53.884395
53.771689
53.778657
53.858586
53.857721
53.733409
53.771691
53.670526
53.690664
53.711855
53.643144
53.544826
53.580667
53.528583
53.476304
53.438479
53.394242
53.205050
52.852044
52.777869
52.526585
52.446987
52.214097
51.965326
51.739324
51.456877
51.047689
50.739362
50.279988
49.786642
49.323925
48.835060
48.262545
47.875550
47.409711
47.019094
46.751513
46.512441
46.252379
46.182396
46.036702
46.262533
46.815768
47.502558
48.472201
49.337677
50.177002
50.938506
51.548449
51.960401
52.430849
52.714596
52.962129
53.227206
53.446638
53.556971
53.793192
53.896610
53.977897
54.088764
54.149689
54.101077
54.163061
54.097928
52.956840
53.079681
53.227396
53.255135
53.436140
53.518870
53.578214
53.702862
53.804388
53.812025
53.942494
53.993049
53.997655
54.075749
54.121349
54.077877
54.149663
54.150657
54.102336
54.135820
54.139272
54.071746
52.841057
52.968275
53.088663
53.254206
53.266183
53.464492
53.530268
53.606174
53.709812
53.830052
53.814304
53.961925
53.990359
54.015967
54.071369
54.139092
54.069690
54.164632
54.141345
54.123268
54.131424
52.733506
52.845008
52.942441
53.094014
53.236989
53.272748
53.447463
53.534721
53.588177
53.709191
53.806599
53.810230
53.935236
53.985306
53.984977
54.059505
54.101852
54.058563
54.131357
54.137874
52.500583
52.740444
52.842570
52.960931
53.097056
53.259688
53.277490
53.470502
53.536955
53.609143
53.707429
53.826697
53.805717
53.948759
53.970140
53.992333
54.042488
54.113798
54.050572
52.398254
52.489840
52.710291
52.842446
52.938725
53.098344
53.239466
53.277920
53.446509
53.535213
53.584306
53.702604
53.794150
53.791524
53.908872
53.956310
53.958932
54.035174
52.179728
52.399518
52.480998
52.724781
52.842945
52.960024
53.099225
53.261361
53.279127
53.468490
53.533106
53.599509
53.688698
53.803165
53.778298
53.921931
53.949348
51.909146
52.161024
52.368255
52.477742
52.701072
52.843060
52.937540
53.099012
53.238508
53.277153
53.437260
53.521733
53.563860
53.678169
53.772651
53.772931
51.700151
51.907916
52.150436
52.385760
52.477507
52.723150
52.846541
52.962868
53.099426
53.257296
53.268924
53.451078
53.514385
53.581520
53.673763
51.398993
51.682097
51.879545
52.147482
52.365727
52.480482
52.702760
52.847727
52.936432
53.092467
53.227191
53.263967
53.423954
53.511939
51.012165
51.404641
51.678040
51.904754
52.153256
52.396110
52.486901
52.727461
52.846958
52.958424
53.091640
53.250681
53.263511
50.694785
51.005693
51.388056
51.688105
51.892951
52.161140
52.378580
52.489381
52.705289
52.849248
52.936601
53.092500
50.268771
50.726018
51.023220
51.430953
51.709141
51.934211
52.173811
52.413561
52.499145
52.736130
52.853561
49.778834
50.296131
50.737395
51.056625
51.435408
51.732882
51.929982
52.188828
52.400838
52.506086
49.367118
49.855639
50.353093
50.818766
51.105239
51.499474
51.763675
51.976817
52.201623
48.884004
49.453142
49.915041
50.427393
50.856600
51.153967
51.507968
51.783666
48.373704
49.030465
49.575059
50.047600
50.509967
50.941231
51.188749
47.993560
48.528246
49.146276
49.697962
50.110965
50.564298
47.586513
48.213001
48.704097
49.309036
49.784225
47.181646
47.785092
48.360836
48.828796
46.961126
47.425714
47.945846
46.664153
47.139565
46.448635
52.812324
52.586841
52.244139
51.949964
51.510271
50.914294
50.254011
49.435321
48.426779
47.551532
46.739728
46.134843
45.856878
45.760515
45.699728
45.841646
45.947302
46.046113
46.212560
46.359525
46.406968
46.579993
46.662773
46.768442
46.817232
46.758880
46.839521
46.824204
46.773797
46.787628
46.783151
46.662469
46.684228
46.610031
46.497731
46.450520
46.387576
46.210366
46.180966
46.060976
45.914283
45.853561
45.803484
45.671713
45.746584
45.808263
52.560926
52.469770
52.256055
52.001043
51.794772
51.501794
51.111798
50.782430
50.332997
49.805570
49.336339
48.795194
48.208034
47.765979
47.297636
46.857305
46.594581
46.321337
46.096326
46.002952
45.912023
45.777070
52.357920
52.106897
51.887006
51.614479
51.214918
50.903959
50.438505
49.920166
49.414290
48.867581
48.224137
47.767488
47.244517
46.803715
46.501421
46.252402
45.995489
45.936422
45.824299
45.737711
45.758573
52.013356
51.735718
51.349062
51.033186
50.588137
50.055264
49.554815
48.976341
48.314326
47.804408
47.257714
46.766215
46.455818
46.175293
45.941074
45.864067
45.782273
45.674253
45.729570
45.697771
51.559543
51.251228
50.801915
50.284700
49.771385
49.194823
48.493443
47.961462
47.352726
46.837282
46.467132
46.188065
45.919856
45.856987
45.763155
45.696437
45.740270
45.751934
45.708067
51.061703
50.549612
50.044322
49.456229
48.749672
48.168921
47.526568
46.945202
46.534379
46.204761
45.923112
45.831507
45.759372
45.672748
45.736624
45.740094
45.731310
45.820717
50.412379
49.826106
49.104197
48.501889
47.801586
47.169316
46.680011
46.307745
45.966631
45.866906
45.767393
45.693308
45.747188
45.785550
45.764427
45.883170
45.906316
49.535161
48.904398
48.164226
47.460543
46.904360
46.442027
46.049068
45.892227
45.778850
45.677873
45.747036
45.771415
45.773139
45.888594
45.946328
45.950400
48.662810
47.892507
47.245562
46.694398
46.204346
45.988432
45.815983
45.702578
45.747201
45.784266
45.778592
45.921397
45.970720
46.004309
46.112804
47.707065
47.037156
46.439524
46.119227
45.878906
45.711144
45.738892
45.753129
45.761289
45.894135
45.964890
45.997638
46.136156
46.200301
46.818465
46.373796
46.016000
45.781860
45.750524
45.750241
45.738305
45.881628
45.947162
46.005937
46.140457
46.231719
46.242823
46.243007
45.890073
45.784907
45.729040
45.701755
45.823070
45.903051
45.955802
46.110218
46.201041
46.240455
46.385278
45.896297
45.769394
45.684222
45.787653
45.851480
45.914949
46.063066
46.179891
46.217851
46.389834
46.454301
45.686814
45.740804
45.782676
45.831899
45.986238
46.104262
46.160054
46.332273
46.421750
46.467055
45.733427
45.774124
45.902441
46.036212
46.085916
46.279062
46.370261
46.440803
46.585544
45.811556
45.926909
45.985894
46.173731
46.286015
46.355578
46.523329
46.622928
45.886169
46.077862
46.187237
46.275984
46.441075
46.566109
46.606041
46.070287
46.149568
46.331940
46.453430
46.516214
46.691916
46.210233
46.352752
46.407771
46.607568
46.700490
46.285345
46.472713
46.586622
46.654779
46.459774
46.548419
46.709563
46.579131
46.698094
46.630978
53.063139
53.241160
53.241497
53.443578
53.504189
53.585814
53.692214
53.815278
53.806945
53.959029
53.993380
54.021118
54.080592
54.146382
54.079925
54.172938
54.148845
54.123074
54.129530
54.155178
54.048793
54.109144
54.059108
52.806221
52.829276
52.822217
52.764664
52.823914
52.842498
52.814976
52.902942
52.951737
52.955302
53.070861
53.147216
53.171169
53.314091
53.401094
53.446659
53.590049
53.693092
53.722678
53.867212
53.932738
53.970865
52.949538
52.905954
52.933474
52.959631
52.896770
52.991569
53.004534
53.012679
53.094556
53.175587
53.168855
53.318200
53.377657
53.430884
53.553903
53.664409
53.678725
53.846405
53.897059
53.942518
54.038497
53.064776
53.063739
53.008422
53.072918
53.091679
53.064913
53.152696
53.199586
53.197474
53.315236
53.380029
53.403668
53.535154
53.618991
53.645971
53.788500
53.862969
53.887814
54.001863
54.063660
53.126313
53.201750
53.190186
53.169152
53.225535
53.279275
53.242304
53.368610
53.400141
53.432912
53.533588
53.629776
53.627592
53.787462
53.835585
53.881970
53.980779
54.060401
54.031137
53.309141
53.261950
53.328129
53.350626
53.318765
53.413743
53.451023
53.450846
53.559679
53.623963
53.632138
53.762409
53.824326
53.845443
53.960933
54.022121
54.012556
54.117114
53.435465
53.465643
53.404666
53.508557
53.513185
53.520569
53.598481
53.670374
53.649751
53.788601
53.826050
53.857421
53.952028
54.029831
54.000686
54.127707
54.121675
53.515752
53.589778
53.602026
53.580025
53.664587
53.704233
53.692092
53.798527
53.847336
53.847440
53.957466
54.005791
53.997614
54.099358
54.116173
54.095831
53.691629
53.682309
53.734202
53.783586
53.740593
53.856066
53.875149
53.885925
53.967950
54.030703
53.996856
54.116363
54.114023
54.114245
54.147349
53.824353
53.846674
53.811540
53.897046
53.924123
53.904588
53.996400
54.030317
54.008381
54.103352
54.115280
54.094572
54.148517
54.153225
53.876768
53.975238
53.969859
53.962899
54.024434
54.070455
54.021421
54.131122
54.116951
54.116955
54.144980
54.176362
54.080997
54.031688
53.999168
54.067829
54.085699
54.048763
54.128196
54.128913
54.102577
54.147447
54.156674
54.081049
54.127683
54.097023
54.132243
54.065375
54.157183
54.134368
54.123032
54.144359
54.172855
54.076523
54.144567
54.078418
54.091116
54.156615
54.149331
54.109202
54.146852
54.150203
54.073535
54.117565
54.076249
53.996035
54.142725
54.118878
54.132465
54.155927
54.057952
54.122499
54.063235
54.005306
53.985496
54.123826
54.124939
54.044747
54.086085
54.049133
53.969594
53.974089
53.928475
54.003361
54.069464
54.014832
53.961422
53.948711
53.930091
53.791146
53.981683
53.909481
53.920625
53.884387
53.771694
53.778652
53.858582
53.857722
53.733415
53.771696
53.670519
53.690668
53.711851
53.643136
53.544832
53.580661
53.528597
53.476301
53.438475
53.394236
53.205055
52.852039
52.777872
52.526590
52.446991
52.214091
51.965339
51.739319
51.456877
51.047693
50.739363
50.279978
49.786652
49.323917
48.835059
48.262550
47.875554
47.409707
47.019110
46.751512
46.512448
46.252388
46.182406
46.036699
46.262527
46.815776
47.502561
48.472205
49.337665
50.177019
50.938496
51.548452
51.960406
52.430855
52.714584
52.962151
53.227197
53.446642
53.556977
53.793200
53.896597
53.977920
54.088755
54.149693
54.101082
54.163069
54.097914
52.956845
53.079675
53.227392
53.255142
53.436132
53.518865
53.578221
53.702854
53.804382
53.812033
53.942484
53.993043
53.997662
54.075739
54.121342
54.077886
54.149651
54.150650
54.102343
54.135809
54.139262
54.071754
52.841052
52.968290
53.088655
53.254211
53.266189
53.464494
53.530262
53.606193
53.709803
53.830059
53.814313
53.961928
53.990353
54.015988
54.071359
54.139099
54.069698
54.164635
54.141338
54.123293
54.131412
52.733498
52.845004
52.942447
53.094007
53.236984
53.272757
53.447454
53.534717
53.588185
53.709182
53.806593
53.810240
53.935226
53.985301
53.984984
54.059495
54.101843
54.058573
54.131343
54.137867
52.500588
52.740446
52.842564
52.960948
53.097048
53.259693
53.277498
53.470506
53.536950
53.609166
53.707420
53.826705
53.805726
53.948763
53.970135
53.992356
54.042477
54.113806
54.050581
52.398248
52.489847
52.710283
52.842441
52.938732
53.098336
53.239459
53.277929
53.446499
53.535209
53.584315
53.702598
53.794144
53.791534
53.908861
53.956306
53.958938
54.035164
52.179720
52.399522
52.481003
52.724783
52.842939
52.960043
53.099216
53.261368
53.279136
53.468494
53.533102
53.599532
53.688691
53.803175
53.778307
53.921935
53.949341
51.909149
52.161016
52.368247
52.477750
52.701062
52.843055
52.937547
53.099004
53.238501
53.277165
53.437251
53.521731
53.563867
53.678163
53.772643
53.772941
51.700144
51.907931
52.150427
52.385764
52.477513
52.723152
52.846535
52.962889
53.099418
53.257304
53.268934
53.451083
53.514381
53.581543
53.673754
51.398982
51.682091
51.879548
52.147474
52.365719
52.480490
52.702750
52.847722
52.936439
53.092459
53.227183
53.263977
53.423943
53.511934
51.012168
51.404640
51.678033
51.904770
52.153246
52.396114
52.486908
52.727465
52.846952
52.958446
53.091632
53.250689
53.263520
50.694774
51.005697
51.388043
51.688097
51.892954
52.161131
52.378570
52.489390
52.705278
52.849242
52.936607
53.092492
50.268758
50.726019
51.023223
51.430953
51.709132
51.934229
52.173801
52.413565
52.499153
52.736134
52.853554
49.778834
50.296120
50.737384
51.056630
51.435394
51.732875
51.929986
52.188818
52.400828
52.506095
49.367108
49.855653
50.353081
50.818768
51.105243
51.499475
51.763667
51.976836
52.201613
48.883992
49.453134
49.915043
50.427383
50.856589
51.153972
51.507955
51.783660
48.373709
49.030466
49.575050
50.047617
50.509956
50.941235
51.188755
47.993553
48.528254
49.146264
49.697954
50.110967
50.564289
47.586508
48.213007
48.704105
49.309040
49.784217
47.181650
47.785088
48.360828
48.828802
46.961122
47.425733
47.945839
46.664146
47.139561
46.448642
52.852040
52.777871
52.526586
52.446983
52.214080
51.965326
51.739297
51.456857
51.047667
50.739333
50.279952
49.786635
49.323924
48.835082
48.262595
47.875644
47.409806
47.019198
46.751589
46.512518
46.252441
46.182442
46.036711
46.630977
46.698095
46.709560
46.654780
46.700489
46.691917
46.606041
46.622930
46.585540
46.467057
46.454303
46.385276
46.242829
46.200299
46.112810
45.950405
45.906319
45.820746
45.708072
45.697795
45.758591
45.777087
46.579131
46.548418
46.586623
46.607568
46.516213
46.566108
46.523327
46.440803
46.421753
46.389835
46.240455
46.231726
46.136159
46.004315
45.946339
45.883169
45.731349
45.751942
45.729611
45.737743
45.912058
46.459773
46.472714
46.407770
46.453429
46.441076
46.355577
46.370264
46.332271
46.217855
46.201039
46.140464
45.997643
45.970725
45.888610
45.764425
45.740136
45.740286
45.674303
45.824349
46.003002
46.285344
46.352748
46.331941
46.275983
46.286016
46.279064
46.160053
46.179897
46.110219
46.005943
45.964899
45.921403
45.773163
45.785552
45.736668
45.696466
45.782333
45.936503
46.096402
46.210231
46.149570
46.187240
46.173728
46.085920
46.104260
46.063072
45.955802
45.947173
45.894137
45.778606
45.771433
45.747204
45.672782
45.763203
45.864128
45.995592
46.321438
46.070284
46.077863
45.985891
46.036215
45.986238
45.914954
45.903052
45.881641
45.761294
45.784280
45.747052
45.693336
45.759403
45.857046
45.941138
46.252501
46.594708
45.886168
45.926910
45.902447
45.831895
45.851490
45.823068
45.738315
45.753140
45.747211
45.677893
45.767413
45.831547
45.919898
46.175366
46.501492
46.857423
45.811547
45.774133
45.782670
45.787661
45.701758
45.750247
45.738904
45.702587
45.778875
45.866915
45.923160
46.188097
46.455888
46.803785
47.297714
45.733431
45.740806
45.684225
45.729043
45.750530
45.711150
45.815991
45.892244
45.966645
46.204779
46.467172
46.766247
47.244574
47.766033
45.686811
45.769398
45.784909
45.781862
45.878918
45.988431
46.049082
46.307756
46.534390
46.837298
47.257742
47.767506
48.208079
45.896293
45.890078
46.015993
46.119233
46.204345
46.442029
46.680010
46.945207
47.352720
47.804412
48.224138
48.795200
46.243010
46.373793
46.439520
46.694397
46.904356
47.169311
47.526561
47.961453
48.314317
48.867569
49.336329
46.818459
47.037148
47.245552
47.460533
47.801574
48.168907
48.493422
48.976326
49.414268
49.805549
47.707057
47.892497
48.164215
48.501874
48.749659
49.194802
49.554795
49.920144
50.332977
48.662797
48.904385
49.104177
49.456212
49.771364
50.055243
50.438479
50.782409
49.535151
49.826093
50.044306
50.284684
50.588120
50.903939
51.111778
50.412366
50.549599
50.801898
51.033172
51.214898
51.501779
51.061697
51.251216
51.349051
51.614466
51.794760
51.559535
51.735708
51.886996
52.001032
52.013353
52.106889
52.256052
52.357916
52.469766
52.560925
53.169222
53.340952
53.445598
53.649919
53.780851
53.861705
54.008351
54.103925
54.088431
54.173726
54.145394
54.059720
54.026135
53.942222
53.761602
53.705388
53.559513
53.395406
53.309927
53.203562
53.024130
52.980004
52.858770
52.742807
52.741076
52.653592
52.714945
52.697296
52.672864
52.725836
52.780856
52.749464
52.873767
52.919951
52.957323
53.069829
53.179351
53.196287
53.369419
53.449385
53.515895
53.654747
53.769947
53.782328
53.941924
53.987481
53.205058
53.394240
53.476307
53.544836
53.670523
53.778660
53.791149
53.928480
53.985506
53.996035
54.078417
54.127698
54.081000
54.153221
54.147350
54.095842
54.121684
54.117123
54.031142
54.063665
54.038499
53.970870
53.438480
53.528602
53.643146
53.771701
53.771701
53.930100
53.974098
54.005310
54.076264
54.144571
54.081050
54.176376
54.148534
54.114245
54.116177
54.127720
54.012579
54.060422
54.001885
53.942535
53.932751
53.580667
53.711856
53.733422
53.884395
53.948715
53.969602
54.063242
54.117567
54.076530
54.156680
54.144973
54.094575
54.114034
54.099360
54.000677
54.022121
53.980786
53.887829
53.897070
53.867225
53.690675
53.857728
53.920635
53.961430
54.049140
54.122505
54.073547
54.172857
54.147456
54.116967
54.115282
54.116364
53.997629
54.029845
53.960940
53.881970
53.862973
53.846412
53.722686
53.858589
53.909486
54.014838
54.086095
54.057956
54.150207
54.144366
54.102580
54.116949
54.103361
53.996860
54.005788
53.952028
53.845454
53.835596
53.788510
53.678723
53.693088
53.981691
54.069469
54.044754
54.155935
54.146861
54.123035
54.128924
54.131129
54.008379
54.030706
53.957480
53.857428
53.824328
53.787465
53.645986
53.664433
53.590076
54.003366
54.124944
54.132469
54.109208
54.134374
54.128200
54.021426
54.030326
53.967948
53.847435
53.826048
53.762412
53.627588
53.618979
53.553882
53.446641
54.123834
54.118883
54.149338
54.157187
54.048768
54.070460
53.996408
53.885934
53.847346
53.788611
53.632146
53.629781
53.535167
53.430901
53.401110
54.142729
54.156619
54.065380
54.085706
54.024434
53.904587
53.875150
53.798527
53.649744
53.623966
53.533592
53.403663
53.377644
53.314083
54.091121
54.132244
54.067835
53.962907
53.924130
53.856070
53.692098
53.670378
53.559676
53.432906
53.380032
53.318205
53.171167
54.097028
53.999166
53.969858
53.897051
53.740592
53.704236
53.598489
53.450854
53.400147
53.315240
53.168855
53.147221
54.031699
53.975243
53.811539
53.783590
53.664584
53.520563
53.451021
53.368606
53.197469
53.175586
53.070859
53.876772
53.846677
53.734208
53.580036
53.513192
53.413750
53.242313
53.199592
53.094557
52.955306
53.824354
53.682307
53.602015
53.508559
53.318761
53.279267
53.152695
53.012677
52.951735
53.691639
53.589786
53.404670
53.350630
53.225540
53.064914
53.004536
52.902946
53.515750
53.465646
53.328123
53.169157
53.091680
52.991567
52.814975
53.435467
53.261951
53.190184
53.072916
52.896770
52.842498
53.309143
53.201758
53.008421
52.959636
52.823916
53.126309
53.063736
52.933474
52.764662
53.064776
52.905960
52.822218
52.949537
52.829275
52.806223
53.063144
53.241163
53.241503
53.443580
53.504196
53.585820
53.692219
53.815284
53.806958
53.959030
53.993388
54.021133
54.080598
54.146383
54.079937
54.172952
54.148857
54.123082
54.129539
54.155184
54.048803
54.109147
54.059113
46.448679
47.139597
47.945886
48.828826
49.784240
50.564288
51.188758
51.783646
52.201610
52.506079
52.853551
53.092478
53.263519
53.511923
53.673755
53.772933
53.949344
54.035158
54.050585
54.137863
54.131418
54.071752
46.664212
47.425809
48.360897
49.309084
50.110987
50.941235
51.507945
51.976819
52.400811
52.736116
52.936592
53.250676
53.423932
53.581536
53.772637
53.921932
53.958936
54.113806
54.131344
54.123294
54.139264
46.961216
47.785176
48.704183
49.697992
50.509974
51.153957
51.763653
52.188788
52.499134
52.849215
53.091618
53.263957
53.514374
53.678148
53.778308
53.956298
54.042483
54.058570
54.141346
54.135809
47.181747
48.213094
49.146325
50.047640
50.856588
51.499455
51.929958
52.413537
52.705251
52.958423
53.227165
53.451069
53.563859
53.803170
53.908859
53.992360
54.101846
54.164643
54.102346
47.586596
48.528315
49.575091
50.427382
51.105231
51.732840
52.173774
52.489353
52.846932
53.092433
53.268924
53.521714
53.688689
53.791530
53.970143
54.059496
54.069709
54.150649
47.993627
49.030509
49.915053
50.818752
51.435364
51.934190
52.378535
52.727431
52.936412
53.257284
53.437235
53.599524
53.794138
53.948764
53.984986
54.139103
54.149652
48.373784
49.453157
50.353078
51.056591
51.709094
52.161079
52.486870
52.847681
53.099393
53.277136
53.533089
53.702581
53.805725
53.985293
54.071364
54.077884
48.884042
49.855655
50.737360
51.430909
51.892907
52.396068
52.702710
52.962856
53.238476
53.468476
53.584303
53.826700
53.935225
54.015994
54.121348
49.367130
50.296102
51.023195
51.688052
52.153210
52.480449
52.846512
53.098979
53.279126
53.535198
53.707424
53.810240
53.990365
54.075744
49.778830
50.725994
51.388008
51.904730
52.365684
52.723122
52.937524
53.261352
53.446489
53.609160
53.806591
53.961929
53.997661
50.268746
51.005658
51.677996
52.147429
52.477481
52.843022
53.099197
53.277908
53.536942
53.709171
53.814312
53.993038
50.694748
51.404607
51.879516
52.385737
52.701042
52.960029
53.239452
53.470504
53.588188
53.830068
53.942496
51.012144
51.682061
52.150408
52.477728
52.842931
53.098327
53.277500
53.534717
53.709812
53.812036
51.398953
51.907902
52.368224
52.724764
52.938718
53.259684
53.447449
53.606189
53.804381
51.700126
52.160996
52.480993
52.842430
53.097047
53.272754
53.530270
53.702860
51.909133
52.399510
52.710277
52.960945
53.236985
53.464498
53.578226
52.179707
52.489832
52.842559
53.094001
53.266189
53.518864
52.398240
52.740440
52.942445
53.254213
53.436137
52.500584
52.845001
53.088659
53.255144
52.733494
52.968288
53.227392
52.841053
53.079676
52.956846
46.768441
46.817233
46.758878
46.839521
46.824203
46.773798
46.787623
46.783153
46.662465
46.684230
46.610027
46.497732
46.450518
46.387580
46.210358
46.180969
46.060984
45.914271
45.853587
45.803479
45.671723
45.746582
45.808277
46.842444
46.905509
46.930754
46.875916
46.926335
46.918703
46.834056
46.854051
46.811788
46.697006
46.680825
46.611411
46.461235
46.424830
46.319871
46.158672
46.093214
45.989450
45.823242
45.795747
45.720880
45.702855
46.989708
46.978246
47.023646
47.054719
46.967035
47.022968
46.978438
46.898958
46.880933
46.843419
46.689729
46.681948
46.570162
46.435095
46.355617
46.269247
46.068362
46.026302
45.896942
45.766955
45.720883
47.083104
47.119303
47.070433
47.126135
47.119264
47.038958
47.055410
47.015607
46.894302
46.883684
46.801583
46.658973
46.605921
46.510257
46.327658
46.270162
46.139489
45.959421
45.896947
45.795749
47.124310
47.217058
47.213678
47.171192
47.189066
47.187196
47.066903
47.090115
47.005120
46.892919
46.837233
46.767433
46.576999
46.545935
46.398684
46.239251
46.139489
46.026302
45.823253
47.267304
47.233577
47.288469
47.289944
47.204924
47.229461
47.181423
47.069575
47.045391
46.969452
46.809473
46.769842
46.647478
46.479490
46.398684
46.270164
46.068364
45.989452
47.341902
47.383158
47.305751
47.366891
47.320587
47.241099
47.218937
47.178168
47.017658
47.005061
46.879640
46.737247
46.647478
46.545937
46.327653
46.269252
46.093217
47.358037
47.428094
47.421257
47.350641
47.364424
47.322386
47.193397
47.182597
47.089355
46.940023
46.879640
46.769841
46.577001
46.510261
46.355612
46.158679
47.468209
47.435739
47.459207
47.458446
47.339027
47.359347
47.264653
47.148986
47.089352
47.005065
46.809472
46.767431
46.605922
46.435102
46.319865
47.506193
47.513278
47.432105
47.464251
47.410839
47.296743
47.264651
47.182601
47.017652
46.969457
46.837233
46.658972
46.570161
46.424839
47.480198
47.547779
47.502324
47.429720
47.410839
47.359349
47.193393
47.178175
47.045384
46.892923
46.801582
46.681952
46.461230
47.552117
47.486007
47.502327
47.464245
47.339027
47.322391
47.218929
47.069582
47.005114
46.883686
46.689725
46.611421
47.552119
47.547777
47.432114
47.458434
47.364425
47.241109
47.181410
47.090122
46.894299
46.843422
46.680817
47.480207
47.513275
47.459217
47.350628
47.320592
47.229467
47.066896
47.015607
46.880933
46.697013
47.506205
47.435734
47.421257
47.366889
47.204931
47.187190
47.055417
46.898955
46.811785
47.468216
47.428088
47.305743
47.289960
47.189062
47.038950
46.978444
46.854053
47.358032
47.383161
47.288465
47.171205
47.119257
47.022971
46.834052
47.341895
47.233596
47.213671
47.126134
46.967033
46.918710
47.267305
47.217065
47.070430
47.054718
46.926331
47.124308
47.119294
47.023653
46.875914
47.083107
46.978241
46.930756
46.989712
46.905506
46.842445
46.842600
46.957811
46.998012
47.164447
47.229686
47.276599
47.395450
47.466659
47.445380
47.551618
47.559936
47.526133
47.559933
47.551612
47.445372
47.466657
47.395454
47.276595
47.229681
47.164452
46.998011
46.957810
46.842600
46.768440
46.817232
46.758878
46.839520
46.824200
46.773800
46.787621
46.783155
46.662466
46.684230
46.610025
46.497740
46.450515
46.387583
46.210361
46.180973
46.060980
45.914286
45.853584
45.803487
45.671730
45.746591
45.808274
46.842444
46.905509
46.930752
46.875917
46.926333
46.918704
46.834059
46.854050
46.811785
46.697011
46.680823
46.611411
46.461239
46.424829
46.319869
46.158678
46.093212
45.989449
45.823247
45.795746
45.720876
45.702863
46.989709
46.978249
47.023646
47.054721
46.967036
47.022971
46.978440
46.898965
46.880930
46.843421
46.689732
46.681952
46.570160
46.435106
46.355615
46.269252
46.068366
46.026308
45.896938
45.766972
45.720880
47.083102
47.119299
47.070430
47.126130
47.119258
47.038956
47.055409
47.015610
46.894304
46.883681
46.801581
46.658977
46.605919
46.510256
46.327662
46.270160
46.139486
45.959428
45.896944
45.795747
47.124309
47.217060
47.213680
47.171199
47.189065
47.187192
47.066898
47.090119
47.005120
46.892925
46.837230
46.767437
46.577003
46.545939
46.398681
46.239263
46.139485
46.026309
45.823258
47.267311
47.233586
47.288476
47.289952
47.204935
47.229464
47.181415
47.069575
47.045392
46.969451
46.809475
46.769841
46.647475
46.479495
46.398681
46.270162
46.068369
45.989451
47.341901
47.383155
47.305747
47.366891
47.320590
47.241111
47.218935
47.178167
47.017661
47.005064
46.879637
46.737256
46.647475
46.545941
46.327656
46.269257
46.093213
47.358034
47.428090
47.421250
47.350637
47.364420
47.322389
47.193400
47.182594
47.089353
46.940027
46.879637
46.769840
46.577004
46.510260
46.355608
46.158685
47.468212
47.435744
47.459206
47.458443
47.339025
47.359350
47.264651
47.148992
47.089349
47.005067
46.809474
46.767434
46.605918
46.435112
46.319860
47.506200
47.513283
47.432108
47.464250
47.410837
47.296745
47.264649
47.182601
47.017653
46.969456
46.837230
46.658976
46.570158
46.424837
47.480203
47.547782
47.502324
47.429723
47.410839
47.359349
47.193393
47.178180
47.045378
46.892931
46.801578
46.681955
46.461233
47.552117
47.486008
47.502326
47.464246
47.339031
47.322386
47.218928
47.069588
47.005110
46.883686
46.689727
46.611420
47.552117
47.547775
47.432113
47.458439
47.364426
47.241106
47.181414
47.090122
46.894301
46.843425
46.680813
47.480203
47.513269
47.459216
47.350636
47.320587
47.229463
47.066904
47.015603
46.880933
46.697016
47.506198
47.435732
47.421262
47.366891
47.204922
47.187198
47.055414
46.898959
46.811784
47.468212
47.428092
47.305748
47.289950
47.189061
47.038957
46.978440
46.854053
47.358036
47.383166
47.288456
47.171204
47.119261
47.022970
46.834052
47.341896
47.233589
47.213667
47.126138
46.967034
46.918709
47.267298
47.217063
47.070434
47.054719
46.926329
47.124310
47.119298
47.023651
46.875917
47.083109
46.978240
46.930756
46.989711
46.905507
46.842445
52.676057
52.578066
52.407873
52.365109
52.238915
52.096114
52.049324
51.973033
51.836002
51.852361
51.813994
51.761425
51.813993
51.852363
51.836012
51.973030
52.049323
52.096121
52.238911
52.365106
52.407875
52.578064
52.676058
52.742808
52.741076
52.653593
52.714944
52.697300
52.672859
52.725840
52.780859
52.749461
52.873770
52.919955
52.957317
53.069831
53.179359
53.196285
53.369408
53.449410
53.515856
53.654763
53.769938
53.782318
53.941910
53.987494
52.592049
52.606882
52.590676
52.530298
52.584016
52.603905
52.574254
52.665441
52.717592
52.722258
52.844960
52.926267
52.956595
53.104546
53.203798
53.250602
53.414025
53.513862
53.575226
53.719701
53.818506
53.853691
52.521204
52.452812
52.468893
52.486931
52.419711
52.511477
52.529216
52.537789
52.630106
52.719301
52.721549
52.883872
52.957278
53.024137
53.163847
53.293824
53.331276
53.517506
53.613451
53.685235
53.818503
52.404049
52.385166
52.306788
52.363003
52.376651
52.349215
52.441520
52.498545
52.507096
52.640128
52.723570
52.765733
52.919660
53.027113
53.084836
53.253570
53.372482
53.432518
53.613455
53.719698
52.243473
52.283364
52.259186
52.221694
52.278439
52.332367
52.307549
52.442484
52.499314
52.550591
52.679256
52.802114
52.837732
53.025878
53.125312
53.213489
53.372483
53.517499
53.575230
52.195287
52.116694
52.158414
52.175366
52.141884
52.242920
52.298966
52.318942
52.453668
52.552331
52.598130
52.763943
52.879347
52.946327
53.125313
53.253569
53.331281
53.513848
52.094255
52.093503
52.019304
52.106559
52.126463
52.139981
52.245139
52.345946
52.366768
52.543891
52.637600
52.719239
52.879346
53.025881
53.084832
53.293823
53.414033
51.953714
51.997536
52.001646
51.977206
52.071376
52.137854
52.156346
52.306583
52.405759
52.466919
52.637601
52.763945
52.837732
53.027119
53.163845
53.250598
51.930020
51.884083
51.938059
51.993954
51.979099
52.121946
52.192617
52.256947
52.405758
52.543892
52.598129
52.802117
52.919657
53.024146
53.203795
51.865244
51.874810
51.841118
51.949766
52.014185
52.046284
52.192618
52.306584
52.366767
52.552333
52.679256
52.765740
52.957275
53.104557
51.773064
51.854925
51.873909
51.896013
52.014185
52.121949
52.156343
52.345951
52.453662
52.550598
52.723565
52.883882
52.956588
51.810074
51.780594
51.873913
51.949762
51.979100
52.137860
52.245132
52.318951
52.499304
52.640138
52.721543
52.926277
51.810073
51.854926
51.841122
51.993948
52.071380
52.139985
52.298959
52.442491
52.507088
52.719309
52.844955
51.773066
51.874817
51.938060
51.977200
52.126476
52.242913
52.307552
52.498546
52.630106
52.722261
51.865252
51.884083
52.001641
52.106566
52.141884
52.332365
52.441520
52.537792
52.717591
51.930026
51.997528
52.019308
52.175376
52.278427
52.349224
52.529210
52.665448
51.953709
52.093506
52.158422
52.221687
52.376653
52.511478
52.574253
52.094260
52.116703
52.259178
52.363005
52.419712
52.603906
52.195289
52.283355
52.306790
52.486930
52.584018
52.243467
52.385169
52.468893
52.530299
52.404052
52.452808
52.590679
52.521203
52.606882
52.592053
52.742808
52.741076
52.653593
52.714944
52.697296
52.672864
52.725835
52.780857
52.749465
52.873770
52.919946
52.957329
53.069825
53.179358
53.196291
53.369410
53.449400
53.515874
53.654755
53.769942
53.782324
53.941916
53.987483
52.592051
52.606884
52.590675
52.530301
52.584014
52.603901
52.574256
52.665441
52.717588
52.722260
52.844955
52.926263
52.956598
53.104541
53.203791
53.250608
53.414019
53.513855
53.575233
53.719694
53.818496
53.853699
52.521202
52.452811
52.468890
52.486929
52.419712
52.511475
52.529206
52.537793
52.630105
52.719302
52.721551
52.883875
52.957272
53.024150
53.163841
53.293825
53.331282
53.517510
53.613441
53.685255
53.818492
52.404051
52.385168
52.306790
52.363001
52.376649
52.349222
52.441518
52.498534
52.507096
52.640127
52.723563
52.765738
52.919656
53.027106
53.084842
53.253563
53.372474
53.432525
53.613446
53.719690
52.243466
52.283354
52.259175
52.221687
52.278424
52.332359
52.307555
52.442485
52.499301
52.550600
52.679251
52.802113
52.837737
53.025880
53.125304
53.213505
53.372474
53.517502
53.575236
52.195288
52.116702
52.158420
52.175370
52.141884
52.242905
52.298954
52.318948
52.453659
52.552323
52.598134
52.763937
52.879339
52.946333
53.125305
53.253563
53.331287
53.513841
52.094259
52.093503
52.019306
52.106563
52.126468
52.139985
52.245125
52.345945
52.366769
52.543889
52.637593
52.719250
52.879338
53.025883
53.084836
53.293826
53.414023
51.953709
51.997525
52.001634
51.977199
52.071372
52.137852
52.156342
52.306576
52.405752
52.466922
52.637593
52.763939
52.837735
53.027114
53.163836
53.250606
51.930022
51.884083
51.938050
51.993943
51.979095
52.121944
52.192609
52.256952
52.405750
52.543892
52.598131
52.802119
52.919648
53.024160
53.203786
51.865249
51.874813
51.841115
51.949755
52.014175
52.046282
52.192609
52.306577
52.366767
52.552329
52.679247
52.765745
52.957267
53.104550
51.773063
51.854922
51.873904
51.896009
52.014176
52.121941
52.156344
52.345946
52.453657
52.550605
52.723558
52.883880
52.956593
51.810071
51.780591
51.873902
51.949757
51.979097
52.137846
52.245131
52.318947
52.499303
52.640129
52.721548
52.926269
51.810071
51.854920
51.841114
51.993947
52.071369
52.139984
52.298957
52.442488
52.507092
52.719307
52.844948
51.773063
51.874804
51.938055
51.977202
52.126458
52.242917
52.307547
52.498546
52.630097
52.722266
51.865242
51.884080
52.001642
52.106556
52.141882
52.332368
52.441512
52.537801
52.717583
51.930018
51.997532
52.019303
52.175364
52.278433
52.349219
52.529210
52.665440
51.953713
52.093502
52.158409
52.221699
52.376646
52.511478
52.574255
52.094254
52.116695
52.259182
52.363001
52.419713
52.603903
52.195285
52.283364
52.306789
52.486930
52.584014
52.243473
52.385165
52.468893
52.530299
52.404049
52.452812
52.590675
52.521205
52.606880
52.592051

