Tension at each vertex
52.896795
52.896790
52.896812
52.896813
46.668664
52.710400
46.668663
52.710398
45.887385
45.887411
53.979460
53.979494
52.747617
52.528444
52.194961
51.912019
51.487590
50.907960
50.265209
49.458678
48.450801
47.562633
46.721874
46.087431
45.794373
45.692445
45.632823
45.776712
45.885954
45.986960
46.154340
46.301809
46.349526
46.521243
46.603731
52.670805
52.452958
52.200271
51.775214
51.392928
50.825171
50.076915
49.269208
48.336973
47.339605
46.605229
46.054335
45.710135
45.655065
45.691017
45.720243
45.889374
46.025307
46.102241
46.277204
46.393640
46.459659
52.724170
52.416202
52.159189
51.813408
51.283978
50.762123
50.027099
49.120471
48.203926
47.300919
46.472395
46.027809
45.746988
45.620790
45.689273
45.804226
45.844731
46.044772
46.157711
46.242501
46.393638
52.690765
52.438539
52.080772
51.739270
51.280544
50.612248
49.927831
49.043627
48.046112
47.184913
46.466835
45.925477
45.734252
45.651652
45.637220
45.785767
45.902717
45.971408
46.157716
46.277206
52.641384
52.440711
52.124110
51.687404
51.235593
50.637386
49.808144
48.984530
48.020948
47.091853
46.424715
45.983960
45.680187
45.673222
45.691399
45.754336
45.902713
46.044773
46.102236
52.698822
52.351707
52.092242
51.689491
51.143623
50.558041
49.800227
48.842318
47.956556
47.075549
46.345206
45.948072
45.730960
45.600000
45.691392
45.785766
45.844734
46.025306
52.676086
52.432847
52.029221
51.692108
51.173432
50.496988
49.756090
48.874710
47.863785
47.070961
46.384955
45.914702
45.730967
45.673222
45.637226
45.804229
45.889372
52.625377
52.383077
52.073197
51.594965
51.145282
50.496235
49.671549
48.819119
47.896119
46.985059
46.384960
45.948075
45.680180
45.651651
45.689269
45.720237
52.676437
52.362294
52.059852
51.669251
51.079516
50.506172
49.710895
48.781532
47.896114
47.070961
46.345200
45.983953
45.734258
45.620788
45.691022
52.670175
52.380865
52.003712
51.628934
51.124871
50.419179
49.710895
48.819118
47.863788
47.075548
46.424720
45.925480
45.746984
45.655065
52.618974
52.409035
52.054077
51.605332
51.124868
50.506171
49.671547
48.874708
47.956552
47.091847
46.466829
46.027798
45.710134
52.671841
52.324472
52.054079
51.628935
51.079518
50.496236
49.756093
48.842312
48.020948
47.184912
46.472392
46.054341
52.671840
52.409035
52.003710
51.669250
51.145281
50.496982
49.800222
48.984527
48.046102
47.300909
46.605226
52.618976
52.380866
52.059856
51.594964
51.173435
50.558042
49.808142
49.043621
48.203923
47.339596
52.670176
52.362292
52.073198
51.692106
51.143618
50.637380
49.927825
49.120456
48.336963
52.676443
52.383081
52.029222
51.689493
51.235596
50.612241
50.027097
49.269203
52.625375
52.432846
52.092244
51.687395
51.280541
50.762115
50.076901
52.676093
52.351707
52.124115
51.739272
51.283974
50.825167
52.698827
52.440709
52.080767
51.813402
51.392925
52.641385
52.438545
52.159195
51.775207
52.690772
52.416190
52.200270
52.724178
52.452965
52.670801
52.898358
52.913190
52.847332
52.946970
52.892858
52.881188
52.902024
52.925497
52.843423
52.932169
52.897473
52.879115
52.897472
52.932169
52.843422
52.925496
52.902020
52.881194
52.892851
52.946971
52.847332
52.913194
52.898349
53.096403
53.265007
53.367733
53.571671
53.702631
53.784697
53.933313
54.031546
54.018969
54.107173
54.081050
53.997094
53.964537
53.880873
53.700106
53.643608
53.497168
53.332598
53.246883
53.140645
52.961387
52.917713
52.797024
53.052230
53.243861
53.428883
53.510471
53.714538
53.828871
53.888035
54.011520
54.072170
54.027348
54.073020
54.016037
53.894375
53.845174
53.739575
53.559375
53.490538
53.359153
53.192847
53.122696
53.013689
52.870959
53.130149
53.243662
53.451433
53.615150
53.686495
53.874675
53.965305
53.998834
54.084237
54.109735
54.020078
54.034972
53.939871
53.802258
53.731325
53.628689
53.435010
53.378263
53.245890
53.094212
53.013688
53.100403
53.284421
53.398722
53.596706
53.747652
53.803132
53.966684
54.031674
54.028941
54.084482
54.068957
53.952570
53.932184
53.823710
53.667318
53.601370
53.486764
53.302645
53.245896
53.122699
53.068920
53.310896
53.476196
53.580864
53.762319
53.895838
53.924063
54.062229
54.087559
54.054563
54.068862
54.028084
53.876553
53.843048
53.717488
53.567716
53.486752
53.378264
53.192840
53.124839
53.233770
53.466284
53.614425
53.704712
53.869793
53.976235
53.981399
54.083441
54.081259
54.010602
54.002059
53.928318
53.764500
53.717481
53.601366
53.435018
53.359149
53.116609
53.326238
53.421758
53.644739
53.771080
53.847549
53.982618
54.064164
54.030067
54.104532
54.063842
53.971440
53.928324
53.843052
53.667321
53.628694
53.490531
53.064414
53.288489
53.478013
53.564661
53.769334
53.878710
53.927634
54.039177
54.083783
54.024532
54.063841
54.002061
53.876546
53.823701
53.731320
53.559366
53.123415
53.273463
53.480890
53.656639
53.721814
53.910167
53.986148
54.011045
54.083780
54.104532
54.010601
54.028078
53.932186
53.802267
53.739571
53.118896
53.299264
53.430012
53.626985
53.778085
53.827523
53.986145
54.039176
54.030067
54.081255
54.068860
53.952574
53.939864
53.845164
53.070850
53.332497
53.487336
53.605683
53.778082
53.910167
53.927634
54.064163
54.083438
54.054564
54.068951
54.034968
53.894372
53.124984
53.247685
53.487335
53.626984
53.721814
53.878707
53.982615
53.981397
54.087551
54.084478
54.020076
54.016031
53.124981
53.332497
53.430011
53.656638
53.769331
53.847550
53.976227
54.062229
54.028940
54.109730
54.073013
53.070851
53.299262
53.480888
53.564660
53.771073
53.869789
53.924062
54.031666
54.084229
54.027347
53.118892
53.273465
53.478006
53.644738
53.704710
53.895835
53.966676
53.998838
54.072159
53.123411
53.288484
53.421758
53.614418
53.762312
53.803130
53.965294
54.011513
53.064412
53.326237
53.466276
53.580868
53.747641
53.874674
53.888032
53.116604
53.233768
53.476187
53.596698
53.686493
53.828859
53.124830
53.310896
53.398719
53.615147
53.714527
53.068920
53.284411
53.451423
53.510470
53.100392
53.243671
53.428870
53.130141
53.243852
53.052228
52.785780
52.714605
52.468125
52.393428
52.166573
51.924396
51.705974
51.432583
51.031078
50.731571
50.278748
49.791360
49.330876
48.840538
48.263723
47.870614
47.397582
46.996735
46.719460
46.472418
46.206341
46.131462
45.981638
46.571862
46.638651
46.650530
46.596154
46.642429
46.633825
46.548811
46.565070
46.528199
46.409022
46.395724
46.325811
46.182391
46.137516
46.049368
45.884276
45.838427
45.751844
45.638233
45.627477
45.693173
45.713063
46.520452
46.490315
46.528598
46.550032
46.459129
46.509196
46.466609
46.383960
46.364305
46.331902
46.181659
46.170760
46.074647
45.940258
45.880391
45.815435
45.662773
45.681731
45.661669
45.672998
45.853158
46.402055
46.414962
46.350764
46.396174
46.384607
46.298531
46.313292
46.274568
46.159899
46.140868
46.080067
45.934901
45.905781
45.822275
45.696323
45.670168
45.672267
45.606448
45.763027
45.947378
46.228010
46.295100
46.274936
46.219065
46.229063
46.221975
46.102716
46.120879
46.050875
45.944668
45.901552
45.856544
45.706684
45.716802
45.668684
45.629584
45.717706
45.879542
46.047538
46.152262
46.091533
46.129195
46.115479
46.027948
46.044555
46.003511
45.894271
45.884394
45.829389
45.713025
45.702700
45.680054
45.604460
45.698528
45.804410
45.943729
46.280547
46.010677
46.018048
45.926547
45.975666
45.926087
45.853267
45.840493
45.817283
45.696259
45.716650
45.680494
45.625798
45.694663
45.796700
45.889115
46.209093
46.563039
45.824755
45.864152
45.840049
45.768016
45.787335
45.757128
45.672404
45.685057
45.680275
45.610456
45.702491
45.771321
45.866783
46.130712
46.470384
46.834641
45.746811
45.708434
45.717060
45.720678
45.635526
45.682389
45.672316
45.636375
45.715271
45.808405
45.870770
46.145313
46.424427
46.784646
47.288106
45.666121
45.672219
45.616859
45.660055
45.683652
45.645317
45.753704
45.835732
45.916207
46.165243
46.438449
46.750239
47.238098
47.766599
45.620388
45.702029
45.720712
45.719651
45.821169
45.936906
46.004179
46.275158
46.511611
46.827284
47.257756
47.773764
48.216582
45.837155
45.833165
45.963920
46.072280
46.167906
46.415911
46.664237
46.943064
47.359482
47.817627
48.239801
48.809025
46.200747
46.339677
46.414050
46.677549
46.901408
47.176694
47.542843
47.984299
48.338932
48.889474
49.349845
46.805680
47.033616
47.252280
47.477163
47.825766
48.199987
48.525657
49.003824
49.434134
49.815848
47.722145
47.914591
48.194138
48.537283
48.786415
49.229336
49.580538
49.936356
50.337345
48.689857
48.936382
49.139457
49.489842
49.798985
50.075435
50.446936
50.778276
49.558492
49.850486
50.066839
50.301991
50.596688
50.901417
51.097377
50.422250
50.557611
50.804837
51.029573
51.201423
51.478858
51.052492
51.239353
51.331366
51.590068
51.761818
51.534181
51.706318
51.852387
51.960131
51.972410
52.062888
52.207154
52.306634
52.415076
52.500275
53.096412
53.265007
53.367734
53.571672
53.702645
53.784690
53.933324
54.031551
54.018971
54.107174
54.081061
53.997089
53.964538
53.880871
53.700108
53.643598
53.497172
53.332596
53.246880
53.140651
52.961387
52.917714
52.797026
52.681693
52.680376
52.592934
52.654241
52.636548
52.612388
52.664913
52.720215
52.689098
52.813587
52.860210
52.898420
53.011249
53.121632
53.139061
53.312883
53.392712
53.459654
53.597852
53.712211
53.723370
53.882624
53.925920
53.129753
53.317522
53.399108
53.466619
53.592586
53.700895
53.714580
53.852816
53.911468
53.923427
54.007317
54.058177
54.012875
54.085908
54.081456
54.030494
54.057066
54.053363
53.967972
54.000718
53.976339
53.908873
53.361807
53.450004
53.564685
53.693000
53.693883
53.853087
53.898822
53.931690
54.004471
54.074634
54.012902
54.109385
54.083118
54.049734
54.052489
54.064850
53.950314
53.998556
53.940966
53.882150
53.872760
53.502234
53.633066
53.654769
53.806251
53.872036
53.894476
53.990078
54.046489
54.007541
54.089170
54.079401
54.030191
54.050478
54.036825
53.939004
53.960836
53.920163
53.827446
53.837129
53.807772
53.612275
53.779268
53.843362
53.885233
53.974918
54.050409
54.003767
54.104976
54.081919
54.052665
54.052244
54.054593
53.936578
53.969151
53.901306
53.822670
53.804198
53.787749
53.664583
53.780926
53.832792
53.939511
54.012803
53.986863
54.081398
54.077938
54.037879
54.053801
54.041652
53.935720
53.945323
53.892597
53.786014
53.776885
53.730264
53.621031
53.635639
53.906058
53.995245
53.972750
54.085962
54.079573
54.057729
54.065646
54.069382
53.947605
53.970641
53.898320
53.798115
53.766006
53.729356
53.588219
53.606965
53.533268
53.930213
54.053725
54.063785
54.042708
54.070113
54.065848
53.960318
53.970160
53.908578
53.788049
53.767450
53.703742
53.569363
53.561140
53.496533
53.389426
54.053914
54.050907
54.083958
54.093739
53.987195
54.009939
53.937101
53.826499
53.788759
53.729660
53.573808
53.571468
53.477358
53.373206
53.344149
54.075681
54.091676
54.002568
54.024154
53.964523
53.844764
53.816134
53.739254
53.590769
53.564914
53.474883
53.345112
53.319554
53.256174
54.026883
54.069391
54.007117
53.902447
53.864862
53.796535
53.632926
53.610804
53.500525
53.373489
53.321273
53.259452
53.113286
54.034812
53.937645
53.909780
53.836968
53.680953
53.644096
53.538535
53.390631
53.340392
53.255454
53.109674
53.088144
53.970839
53.914474
53.751625
53.723087
53.604620
53.459768
53.390843
53.307798
53.137504
53.115551
53.011549
53.816060
53.785850
53.673878
53.518809
53.452314
53.352087
53.181380
53.138667
53.034049
52.895308
53.763748
53.621066
53.541038
53.446824
53.257345
53.217522
53.091448
52.951731
52.891338
53.630375
53.528160
53.342770
53.288569
53.163372
53.003029
52.943068
52.842064
53.453834
53.403611
53.265867
53.106882
53.029830
52.929885
52.753906
53.373050
53.199458
53.127765
53.010328
52.835093
52.781189
53.246609
53.139131
52.946260
52.897788
52.762555
53.063596
53.001301
52.871386
52.703390
53.002191
52.844046
52.760859
52.887392
52.767692
52.744468
52.991970
53.167487
53.166547
53.367190
53.427607
53.508672
53.615545
53.739003
53.731925
53.884961
53.920905
53.949823
54.010457
54.077487
54.012112
54.105813
54.082813
54.057538
54.064350
54.090908
53.984805
54.045646
53.996204
46.405415
47.108674
47.923018
48.807650
49.757357
50.527678
51.143503
51.730326
52.141357
52.441596
52.786372
53.023021
53.193331
53.441611
53.603198
53.702884
53.880034
53.966178
53.982456
54.070734
54.064974
54.006699
46.624543
47.400108
48.339999
49.285342
50.079748
50.900779
51.456861
51.919842
52.337843
52.669891
52.867515
53.181348
53.352886
53.511360
53.702256
53.852437
53.889392
54.045753
54.062971
54.056867
54.073600
46.930107
47.761896
48.683608
49.671213
50.473781
51.108137
51.709797
52.128183
52.434676
52.782223
53.022485
53.194174
53.444621
53.608073
53.708718
53.887308
53.973641
53.990543
54.074348
54.069670
47.156383
48.196696
49.125115
50.018905
50.816172
51.449940
51.872422
52.351397
52.638474
52.890281
53.157542
53.381116
53.493329
53.733875
53.838757
53.923570
54.033047
54.096995
54.035680
47.567881
48.513035
49.554736
50.395204
51.061805
51.679924
52.113871
52.425382
52.780179
53.023559
53.199243
53.452110
53.618532
53.721758
53.900838
53.990290
54.001666
54.083842
47.980889
49.017806
49.892370
50.784419
51.388530
51.879429
52.316415
52.662026
52.867669
53.188460
53.366259
53.529436
53.723578
53.878755
53.915069
54.070633
54.081724
48.368133
49.442191
50.328786
51.018533
51.659609
52.103211
52.423937
52.781322
53.030667
53.207211
53.463119
53.631678
53.735311
53.915193
54.002005
54.009763
48.879800
49.843758
50.709929
51.390340
51.840463
52.336801
52.637325
52.895373
53.168727
53.397699
53.512928
53.755994
53.863936
53.946065
54.052317
49.365678
50.280501
50.992370
51.643156
52.098447
52.418709
52.780894
53.030051
53.209065
53.464353
53.635798
53.738720
53.919804
54.005875
49.774433
50.707567
51.351752
51.856815
52.307861
52.659827
52.869613
53.191761
53.374433
53.537301
53.734267
53.890198
53.926600
50.261253
50.981351
51.638016
52.095221
52.417353
52.777708
53.030279
53.206967
53.465032
53.636275
53.741754
53.921289
50.681597
51.374109
51.833881
52.330335
52.637963
52.892705
53.168476
53.397936
53.514470
53.756912
53.869283
50.992636
51.645093
52.100277
52.418698
52.777962
53.028973
53.205752
53.461294
53.635734
53.738133
51.371791
51.865153
52.313660
52.662409
52.870639
53.188474
53.373358
53.531574
53.729486
51.665263
52.112208
52.422662
52.777467
53.027366
53.200061
53.455780
53.627349
51.867654
52.345900
52.647817
52.892751
53.164780
53.389719
53.502152
52.131842
52.431635
52.777367
53.023802
53.192719
53.443283
52.344820
52.678113
52.873753
53.181549
53.360348
52.442368
52.779536
53.017936
53.180935
52.670838
52.899242
53.153998
52.775044
53.008569
52.887249
52.898352
52.913187
52.847327
52.946967
52.892854
52.881183
52.902020
52.925493
52.843419
52.932168
52.897471
52.879114
52.897472
52.932169
52.843423
52.925498
52.902022
52.881197
52.892856
52.946976
52.847337
52.913196
52.898354
52.747610
52.528451
52.194963
51.912024
51.487584
50.907972
50.265201
49.458682
48.450799
47.562636
46.721869
46.087438
45.794369
45.692448
45.632824
45.776713
45.885952
45.986963
46.154339
46.301809
46.349527
46.521243
46.603732
52.670798
52.452963
52.200271
51.775209
51.392928
50.825175
50.076908
49.269213
48.336971
47.339604
46.605230
46.054337
45.710132
45.655067
45.691017
45.720243
45.889373
46.025307
46.102241
46.277205
46.393640
46.459660
52.724174
52.416189
52.159192
51.813404
51.283974
50.762121
50.027101
49.120464
48.203931
47.300916
46.472397
46.027806
45.746994
45.620784
45.689278
45.804224
45.844733
46.044772
46.157714
46.242500
46.393641
52.690766
52.438543
52.080764
51.739274
51.280542
50.612244
49.927831
49.043627
48.046109
47.184914
46.466837
45.925473
45.734254
45.651651
45.637218
45.785768
45.902716
45.971408
46.157717
46.277205
52.641379
52.440708
52.124112
51.687394
51.235598
50.637381
49.808145
48.984527
48.020954
47.091848
46.424722
45.983957
45.680191
45.673221
45.691402
45.754335
45.902717
46.044773
46.102240
52.698823
52.351703
52.092243
51.689491
51.143619
50.558041
49.800227
48.842315
47.956558
47.075549
46.345206
45.948072
45.730960
45.600000
45.691391
45.785765
45.844734
46.025306
52.676089
52.432843
52.029221
51.692104
51.173435
50.496981
49.756095
48.874707
47.863788
47.070961
46.384959
45.914701
45.730971
45.673221
45.637230
45.804230
45.889373
52.625373
52.383077
52.073197
51.594962
51.145282
50.496234
49.671546
48.819119
47.896118
46.985058
46.384960
45.948073
45.680180
45.651651
45.689268
45.720239
52.676440
52.362288
52.059855
51.669248
51.079517
50.506170
49.710896
48.781530
47.896117
47.070960
46.345204
45.983953
45.734262
45.620789
45.691025
52.670175
52.380864
52.003709
51.628934
51.124869
50.419177
49.710893
48.819116
47.863786
47.075546
46.424718
45.925479
45.746984
45.655064
52.618974
52.409033
52.054078
51.605330
51.124870
50.506169
49.671549
48.874708
47.956554
47.091847
46.466833
46.027797
45.710138
52.671839
52.324470
52.054077
51.628934
51.079516
50.496234
49.756089
48.842311
48.020947
47.184907
46.472392
46.054341
52.671840
52.409034
52.003711
51.669249
51.145282
50.496983
49.800224
48.984525
48.046107
47.300910
46.605224
52.618975
52.380864
52.059854
51.594964
51.173433
50.558038
49.808142
49.043619
48.203917
47.339599
52.670176
52.362294
52.073199
51.692106
51.143622
50.637381
49.927824
49.120463
48.336961
52.676440
52.383078
52.029223
51.689490
51.235592
50.612244
50.027091
49.269202
52.625379
52.432847
52.092244
51.687403
51.280540
50.762119
50.076904
52.676089
52.351710
52.124110
51.739270
51.283973
50.825167
52.698824
52.440714
52.080769
51.813408
51.392921
52.641385
52.438544
52.159188
51.775212
52.690767
52.416204
52.200268
52.724171
52.452961
52.670806
53.096407
53.265000
53.367726
53.571664
53.702638
53.784682
53.933318
54.031542
54.018966
54.107167
54.081058
53.997083
53.964540
53.880873
53.700102
53.643606
53.497171
53.332593
53.246882
53.140646
52.961385
52.917711
52.797026
53.052234
53.243857
53.428877
53.510474
53.714535
53.828863
53.888041
54.011516
54.072167
54.027350
54.073018
54.016033
53.894376
53.845175
53.739570
53.559377
53.490537
53.359150
53.192847
53.122697
53.013687
52.870958
53.130144
53.243675
53.451429
53.615152
53.686500
53.874678
53.965301
53.998842
54.084234
54.109735
54.020078
54.034976
53.939864
53.802265
53.731322
53.628688
53.435008
53.378265
53.245885
53.094212
53.013686
53.100398
53.284417
53.398725
53.596703
53.747647
53.803134
53.966682
54.031670
54.028942
54.084483
54.068951
53.952574
53.932182
53.823708
53.667317
53.601371
53.486761
53.302645
53.245897
53.122698
53.068922
53.310900
53.476192
53.580873
53.762317
53.895839
53.924064
54.062233
54.087553
54.054569
54.068859
54.028085
53.876551
53.843051
53.717483
53.567716
53.486752
53.378263
53.192836
53.124834
53.233773
53.466281
53.614422
53.704713
53.869793
53.976230
53.981401
54.083438
54.081259
54.010600
54.002062
53.928315
53.764500
53.717483
53.601365
53.435016
53.359152
53.116607
53.326239
53.421760
53.644741
53.771076
53.847554
53.982615
54.064165
54.030065
54.104535
54.063838
53.971441
53.928323
53.843051
53.667318
53.628696
53.490529
53.064415
53.288487
53.478009
53.564662
53.769332
53.878709
53.927632
54.039179
54.083780
54.024533
54.063841
54.002062
53.876543
53.823706
53.731319
53.559364
53.123414
53.273467
53.480889
53.656639
53.721813
53.910169
53.986144
54.011045
54.083779
54.104532
54.010597
54.028081
53.932183
53.802264
53.739572
53.118894
53.299263
53.430011
53.626986
53.778081
53.827523
53.986144
54.039177
54.030064
54.081260
54.068858
53.952574
53.939865
53.845167
53.070851
53.332498
53.487334
53.605683
53.778081
53.910166
53.927630
54.064165
54.083436
54.054561
54.068952
54.034967
53.894366
53.124981
53.247685
53.487334
53.626984
53.721811
53.878710
53.982613
53.981396
54.087553
54.084481
54.020072
54.016036
53.124982
53.332496
53.430009
53.656638
53.769330
53.847545
53.976229
54.062227
54.028936
54.109731
54.073016
53.070848
53.299263
53.480887
53.564657
53.771075
53.869790
53.924058
54.031670
54.084231
54.027341
53.118893
53.273459
53.478008
53.644735
53.704707
53.895834
53.966678
53.998827
54.072167
53.123412
53.288484
53.421754
53.614421
53.762314
53.803125
53.965301
54.011513
53.064411
53.326233
53.466278
53.580858
53.747646
53.874668
53.888030
53.116605
53.233764
53.476190
53.596700
53.686489
53.828862
53.124833
53.310891
53.398715
53.615142
53.714531
53.068913
53.284414
53.451426
53.510463
53.100396
53.243656
53.428876
53.130144
53.243855
53.052223
52.747613
52.528443
52.194960
51.912022
51.487594
50.907969
50.265217
49.458692
48.450811
47.562645
46.721882
46.087442
45.794374
45.692442
45.632827
45.776703
45.885952
45.986957
46.154338
46.301809
46.349527
46.521243
46.603733
46.707665
46.756830
46.698610
46.779595
46.764416
46.715191
46.728953
46.725181
46.604766
46.626212
46.551983
46.439104
46.390724
46.327004
46.148181
46.116937
45.995416
45.846726
45.784746
45.733586
45.602257
45.679318
45.745385
52.500273
52.415077
52.207156
51.960138
51.761829
51.478873
51.097398
50.778301
50.337368
49.815869
49.349853
48.809013
48.216527
47.766532
47.288021
46.834516
46.562903
46.280441
46.047457
45.947325
45.853120
45.713045
52.306636
52.062893
51.852394
51.590080
51.201441
50.901437
50.446964
49.936380
49.434158
48.889481
48.239804
47.773764
47.238023
46.784564
46.470300
46.208983
45.943621
45.879453
45.762971
45.672962
45.693155
51.972412
51.706325
51.331376
51.029586
50.596707
50.075456
49.580560
49.003841
48.338934
47.817623
47.257794
46.750236
46.424338
46.130625
45.889043
45.804341
45.717633
45.606388
45.661623
45.627451
51.534186
51.239364
50.804852
50.302007
49.799005
49.229360
48.525680
47.984306
47.359480
46.827279
46.438434
46.145268
45.866727
45.796634
45.698479
45.629551
45.672249
45.681718
45.638227
51.052499
50.557621
50.066856
49.489854
48.786428
48.200004
47.542852
46.943056
46.511591
46.165211
45.870707
45.771275
45.694628
45.604421
45.668637
45.670125
45.662733
45.751816
50.422260
49.850500
49.139474
48.537300
47.825783
47.176704
46.664241
46.275146
45.916189
45.808393
45.702464
45.625766
45.680039
45.716799
45.696325
45.815435
45.838426
49.558504
48.936393
48.194155
47.477176
46.901418
46.415912
46.004168
45.835715
45.715243
45.610432
45.680477
45.702681
45.706662
45.822259
45.880380
45.884271
48.689870
47.914605
47.252293
46.677555
46.167912
45.936910
45.753696
45.636366
45.680266
45.716636
45.713010
45.856536
45.905776
45.940252
46.049362
47.722159
47.033625
46.414059
46.072276
45.821160
45.645311
45.672306
45.685046
45.696254
45.829387
45.901545
45.934895
46.074646
46.137520
46.805688
46.339685
45.963929
45.719652
45.683647
45.682384
45.672394
45.817270
45.884383
45.944661
46.080061
46.170753
46.182384
46.200747
45.833160
45.720713
45.660052
45.635521
45.757130
45.840492
45.894270
46.050874
46.140870
46.181660
46.325815
45.837161
45.702023
45.616857
45.720670
45.787324
45.853259
46.003505
46.120872
46.159894
46.331900
46.395722
45.620390
45.672219
45.717063
45.768020
45.926086
46.044557
46.102716
46.274570
46.364305
46.409022
45.666119
45.708421
45.840046
45.975661
46.027943
46.221971
46.313290
46.383960
46.528202
45.746819
45.864154
45.926546
46.115481
46.229063
46.298533
46.466609
46.565068
45.824754
46.018043
46.129194
46.219065
46.384606
46.509193
46.548814
46.010679
46.091534
46.274933
46.396175
46.459130
46.633829
46.152266
46.295100
46.350766
46.550032
46.642431
46.228008
46.414963
46.528599
46.596154
46.402058
46.490315
46.650532
46.520453
46.638651
46.571865
52.991963
53.167482
53.166538
53.367186
53.427598
53.508662
53.615539
53.738995
53.731909
53.884958
53.920894
53.949804
54.010450
54.077483
54.012096
54.105797
54.082799
54.057529
54.064339
54.090899
53.984796
54.045642
53.996199
52.744467
52.767691
52.760855
52.703389
52.762551
52.781189
52.753905
52.842059
52.891338
52.895302
53.011548
53.088139
53.113286
53.256177
53.344136
53.389441
53.533239
53.635643
53.664573
53.807758
53.872748
53.908868
52.887395
52.844042
52.871389
52.897786
52.835090
52.929883
52.943064
52.951729
53.034044
53.115551
53.109670
53.259445
53.319565
53.373187
53.496552
53.606939
53.621033
53.787739
53.837117
53.882133
53.976336
53.002185
53.001297
52.946253
53.010324
53.029826
53.003026
53.091447
53.138657
53.137506
53.255447
53.321268
53.345114
53.477343
53.561152
53.588199
53.730254
53.804191
53.827429
53.940943
54.000711
53.063601
53.139124
53.127769
53.106881
53.163366
53.217525
53.181368
53.307801
53.340384
53.373490
53.474877
53.571461
53.569365
53.729349
53.776873
53.822667
53.920154
53.998533
53.967967
53.246604
53.199452
53.265865
53.288557
53.257346
53.352080
53.390843
53.390619
53.500527
53.564910
53.573798
53.703736
53.766003
53.786000
53.901298
53.960833
53.950289
54.053353
53.373049
53.403609
53.342769
53.446825
53.452305
53.459770
53.538526
53.610798
53.590771
53.729649
53.767450
53.798105
53.892595
53.969135
53.939010
54.064834
54.057057
53.453833
53.528147
53.541042
53.518793
53.604622
53.644092
53.632916
53.739252
53.788748
53.788051
53.898304
53.945325
53.936560
54.036821
54.052483
54.030479
53.630364
53.621069
53.673875
53.723082
53.680948
53.796528
53.816132
53.826485
53.908578
53.970635
53.935714
54.054589
54.050467
54.049730
54.081453
53.763744
53.785842
53.751620
53.836962
53.864856
53.844762
53.937092
53.970150
53.947604
54.041640
54.052241
54.030183
54.083100
54.085911
53.816052
53.914469
53.909781
53.902434
53.964519
54.009932
53.960310
54.069372
54.053802
54.052650
54.079406
54.109369
54.012870
53.970829
53.937643
54.007111
54.024147
53.987188
54.065842
54.065635
54.037874
54.081908
54.089163
54.012898
54.058160
54.034803
54.069388
54.002560
54.093732
54.070105
54.057722
54.077928
54.104972
54.007531
54.074628
54.007316
54.026877
54.091670
54.083952
54.042701
54.079563
54.081393
54.003754
54.046485
54.004455
53.923424
54.075673
54.050899
54.063778
54.085951
53.986856
54.050400
53.990069
53.931684
53.911456
54.053906
54.053719
53.972742
54.012792
53.974910
53.894465
53.898812
53.852809
53.930205
53.995238
53.939502
53.885221
53.872030
53.853076
53.714575
53.906050
53.832784
53.843351
53.806242
53.693873
53.700885
53.780918
53.779261
53.654759
53.692992
53.592579
53.612265
53.633058
53.564674
53.466612
53.502227
53.449997
53.399100
53.361799
53.317515
53.129747
52.785778
52.714603
52.468125
52.393434
52.166582
51.924407
51.705995
51.432604
51.031106
50.731603
50.278778
49.791378
49.330869
48.840517
48.263674
47.870519
47.397478
46.996640
46.719375
46.472341
46.206283
46.131422
45.981626
46.213225
46.778863
47.476114
48.452262
49.312690
50.147323
50.897819
51.498653
51.902847
52.368933
52.647554
52.893731
53.156848
53.376004
53.485715
53.723189
53.826060
53.908892
54.019818
54.082023
54.033699
54.097925
54.032991
52.887245
53.008565
53.153995
53.180929
53.360341
53.443282
53.502144
53.627342
53.729484
53.738127
53.869268
53.921291
53.926596
54.005868
54.052307
54.009763
54.081720
54.083840
54.035676
54.069670
54.073596
54.006702
52.775040
52.899241
53.017930
53.181545
53.192715
53.389713
53.455770
53.531572
53.635723
53.756898
53.741751
53.890193
53.919789
53.946056
54.001997
54.070625
54.001652
54.096988
54.074338
54.056862
54.064970
52.670840
52.779537
52.873751
53.023806
53.164776
53.200059
53.373360
53.461291
53.514461
53.636284
53.734264
53.738716
53.863933
53.915195
53.915064
53.990287
54.033041
53.990544
54.062971
54.070737
52.442369
52.678116
52.777370
52.892751
53.027364
53.188480
53.205746
53.397933
53.465036
53.537299
53.635791
53.755992
53.735308
53.878749
53.900825
53.923564
53.973635
54.045751
53.982450
52.344826
52.431647
52.647821
52.777475
52.870649
53.028978
53.168479
53.206983
53.374438
53.464359
53.512933
53.631687
53.723576
53.721759
53.838754
53.887312
53.889393
53.966183
52.131855
52.345910
52.422670
52.662425
52.777968
52.892715
53.030295
53.191773
53.209068
53.397711
53.463124
53.529439
53.618524
53.733873
53.708715
53.852438
53.880029
51.867668
52.112227
52.313681
52.418716
52.637980
52.777738
52.869632
53.030072
53.168747
53.207232
53.366268
53.452117
53.493334
53.608080
53.702258
53.702891
51.665281
51.865180
52.100296
52.330360
52.417383
52.659854
52.780915
52.895402
53.030688
53.188476
53.199248
53.381124
53.444622
53.511366
53.603195
51.371822
51.645124
51.833912
52.095264
52.307895
52.418746
52.637361
52.781359
52.867691
53.023580
53.157556
53.194190
53.352893
53.441619
50.992663
51.374145
51.638055
51.856854
52.098484
52.336845
52.423972
52.662055
52.780197
52.890301
53.022495
53.181358
53.193330
50.681627
50.981392
51.351790
51.643203
51.840510
52.103260
52.316449
52.425415
52.638497
52.782248
52.867528
53.023032
50.261272
50.707600
50.992402
51.390387
51.659649
51.879467
52.113897
52.351426
52.434692
52.669906
52.786374
49.774437
50.280524
50.709956
51.018572
51.388561
51.679959
51.872447
52.128212
52.337861
52.441609
49.365659
49.843758
50.328797
50.784442
51.061819
51.449963
51.709812
51.919857
52.141361
48.879750
49.442168
49.892355
50.395212
50.816174
51.108152
51.456873
51.730339
48.368058
49.017749
49.554690
50.018883
50.473766
50.900779
51.143501
47.980808
48.512965
49.125052
49.671175
50.079727
50.527681
47.567787
48.196604
48.683524
49.285298
49.757334
47.156280
47.761799
48.339927
48.807624
46.930009
47.400026
47.922968
46.624474
47.108637
46.405375
52.747607
52.528451
52.194964
51.912027
51.487590
50.907981
50.265212
49.458695
48.450813
47.562645
46.721879
46.087448
45.794370
45.692445
45.632827
45.776704
45.885950
45.986960
46.154333
46.301810
46.349525
46.521243
46.603729
46.707664
46.756830
46.698611
46.779596
46.764415
46.715197
46.728950
46.725182
46.604767
46.626215
46.551980
46.439113
46.390719
46.327009
46.148184
46.116942
45.995413
45.846741
45.784740
45.733596
45.602263
45.679330
45.745379
52.500280
52.415072
52.207150
51.960144
51.761825
51.478865
51.097404
50.778293
50.337359
49.815871
49.349845
48.808999
48.216530
47.766522
47.288013
46.834519
46.562898
46.280433
46.047463
45.947317
45.853114
45.713050
52.306632
52.062910
51.852393
51.590085
51.201449
50.901443
50.446958
49.936396
49.434154
48.889483
48.239810
47.773769
47.238016
46.784581
46.470298
46.208990
45.943630
45.879463
45.762968
45.672985
45.693152
51.972409
51.706319
51.331382
51.029581
50.596701
50.075460
49.580555
49.003830
48.338938
47.817615
47.257786
46.750239
46.424334
46.130618
45.889050
45.804336
45.717629
45.606394
45.661618
45.627446
51.534193
51.239370
50.804849
50.302022
49.799003
49.229363
48.525686
47.984310
47.359475
46.827294
46.438433
46.145274
45.866736
45.796643
45.698477
45.629571
45.672247
45.681728
45.638235
51.052495
50.557624
50.066853
49.489847
48.786432
48.199998
47.542846
46.943058
46.511587
46.165204
45.870713
45.771271
45.694624
45.604426
45.668634
45.670120
45.662738
45.751811
50.422260
49.850503
49.139481
48.537304
47.825779
47.176716
46.664239
46.275149
45.916196
45.808400
45.702462
45.625783
45.680038
45.716806
45.696332
45.815443
45.838423
49.558507
48.936389
48.194148
47.477177
46.901413
46.415905
46.004172
45.835711
45.715240
45.610437
45.680475
45.702675
45.706667
45.822255
45.880375
45.884275
48.689869
47.914614
47.252292
46.677557
46.167918
45.936915
45.753695
45.636379
45.680265
45.716641
45.713017
45.856543
45.905773
45.940266
46.049360
47.722155
47.033619
46.414061
46.072272
45.821156
45.645314
45.672304
45.685041
45.696259
45.829383
45.901541
45.934898
46.074642
46.137515
46.805693
46.339688
45.963928
45.719662
45.683647
45.682388
45.672400
45.817275
45.884381
45.944672
46.080059
46.170757
46.182389
46.200743
45.833161
45.720710
45.660048
45.635525
45.757126
45.840489
45.894272
46.050872
46.140865
46.181662
46.325811
45.837161
45.702027
45.616862
45.720674
45.787323
45.853269
46.003504
46.120875
46.159899
46.331904
46.395719
45.620393
45.672215
45.717062
45.768020
45.926084
46.044551
46.102719
46.274566
46.364300
46.409023
45.666118
45.708430
45.840045
45.975664
46.027946
46.221975
46.313287
46.383967
46.528200
45.746818
45.864148
45.926549
46.115478
46.229059
46.298533
46.466608
46.565064
45.824757
46.018046
46.129192
46.219070
46.384605
46.509196
46.548815
46.010677
46.091532
46.274932
46.396171
46.459131
46.633823
46.152265
46.295102
46.350767
46.550033
46.642428
46.228009
46.414959
46.528596
46.596153
46.402056
46.490317
46.650532
46.520451
46.638648
46.571864
52.991956
53.167491
53.166545
53.367191
53.427594
53.508685
53.615530
53.739003
53.731919
53.884962
53.920888
53.949829
54.010438
54.077492
54.012107
54.105801
54.082792
54.057557
54.064326
54.090909
53.984806
54.045649
53.996188
52.744469
52.767691
52.760854
52.703392
52.762550
52.781183
52.753910
52.842055
52.891332
52.895309
53.011544
53.088129
53.113295
53.256169
53.344126
53.389449
53.533231
53.635630
53.664582
53.807746
53.872735
53.908875
52.887392
52.844046
52.871386
52.897785
52.835095
52.929886
52.943059
52.951743
53.034040
53.115552
53.109678
53.259450
53.319555
53.373208
53.496543
53.606942
53.621041
53.787746
53.837104
53.882161
53.976325
53.002189
53.001296
52.946260
53.010324
53.029823
53.003030
53.091444
53.138650
53.137514
53.255441
53.321260
53.345121
53.477336
53.561140
53.588209
53.730244
53.804180
53.827437
53.940933
54.000696
53.063602
53.139125
53.127763
53.106888
53.163362
53.217527
53.181374
53.307804
53.340376
53.373508
53.474870
53.571463
53.569373
53.729354
53.776861
53.822692
53.920144
53.998538
53.967977
53.246603
53.199457
53.265867
53.288554
53.257352
53.352074
53.390837
53.390626
53.500521
53.564899
53.573807
53.703728
53.765993
53.786008
53.901290
53.960820
53.950300
54.053342
53.373047
53.403608
53.342771
53.446826
53.452299
53.459785
53.538521
53.610799
53.590779
53.729654
53.767440
53.798127
53.892587
53.969138
53.939020
54.064841
54.057044
53.453838
53.528146
53.541040
53.518799
53.604617
53.644083
53.632924
53.739245
53.788738
53.788058
53.898296
53.945312
53.936570
54.036811
54.052471
54.030488
53.630359
53.621077
53.673870
53.723082
53.680956
53.796533
53.816123
53.826504
53.908572
53.970637
53.935723
54.054596
54.050455
54.049756
54.081445
53.763743
53.785837
53.751627
53.836957
53.864847
53.844768
53.937086
53.970139
53.947612
54.041632
54.052230
54.030191
54.083093
54.085896
53.816057
53.914472
53.909773
53.902449
53.964515
54.009933
53.960318
54.069378
54.053792
54.052672
54.079399
54.109372
54.012881
53.970822
53.937648
54.007107
54.024137
53.987194
54.065835
54.065625
54.037881
54.081901
54.089150
54.012908
54.058151
54.034802
54.069389
54.002566
54.093738
54.070097
54.057741
54.077923
54.104974
54.007540
54.074635
54.007306
54.026881
54.091665
54.083943
54.042706
54.079557
54.081382
54.003761
54.046478
54.004445
53.923432
54.075668
54.050914
54.063775
54.085953
53.986864
54.050407
53.990060
53.931706
53.911451
54.053902
54.053711
53.972747
54.012786
53.974900
53.894472
53.898806
53.852798
53.930212
53.995243
53.939496
53.885241
53.872026
53.853080
53.714585
53.906043
53.832790
53.843346
53.806233
53.693881
53.700879
53.780915
53.779265
53.654768
53.693000
53.592572
53.612271
53.633054
53.564666
53.466619
53.502221
53.450016
53.399097
53.361794
53.317508
53.129755
52.785775
52.714610
52.468134
52.393442
52.166578
51.924426
51.705992
51.432609
51.031114
50.731609
50.278769
49.791394
49.330863
48.840518
48.263682
47.870526
47.397471
46.996658
46.719373
46.472350
46.206292
46.131434
45.981621
46.213216
46.778873
47.476115
48.452270
49.312675
50.147345
50.897807
51.498660
51.902852
52.368944
52.647540
52.893760
53.156838
53.376012
53.485723
53.723201
53.826044
53.908923
54.019806
54.082029
54.033705
54.097937
54.032972
52.887252
53.008560
53.153991
53.180939
53.360333
53.443279
53.502153
53.627334
53.729477
53.738138
53.869256
53.921286
53.926605
54.005857
54.052297
54.009774
54.081705
54.083832
54.035683
54.069657
54.073583
54.006712
52.775036
52.899262
53.017922
53.181554
53.192725
53.389719
53.455765
53.531598
53.635714
53.756909
53.741763
53.890198
53.919783
53.946084
54.001986
54.070636
54.001664
54.096993
54.074330
54.056894
54.064955
52.670833
52.779534
52.873760
53.023800
53.164770
53.200071
53.373350
53.461287
53.514472
53.636275
53.734256
53.738729
53.863920
53.915190
53.915072
53.990276
54.033030
53.990557
54.062952
54.070730
52.442377
52.678122
52.777365
52.892775
53.027355
53.188490
53.205757
53.397940
53.465031
53.537328
53.635781
53.756005
53.735321
53.878756
53.900819
53.923594
53.973621
54.045763
53.982462
52.344821
52.431657
52.647812
52.777472
52.870658
53.028972
53.168473
53.206997
53.374427
53.464355
53.512944
53.631680
53.723569
53.721773
53.838740
53.887307
53.889401
53.966172
52.131848
52.345918
52.422679
52.662431
52.777963
52.892741
53.030286
53.191784
53.209082
53.397719
53.463121
53.529469
53.618516
53.733887
53.708727
53.852445
53.880022
51.867674
52.112221
52.313675
52.418728
52.637970
52.777735
52.869641
53.030065
53.168739
53.207247
53.366256
53.452116
53.493343
53.608073
53.702249
53.702904
51.665276
51.865201
52.100288
52.330370
52.417393
52.659861
52.780910
52.895430
53.030679
53.188489
53.199262
53.381134
53.444618
53.511396
53.603184
51.371811
51.645120
51.833918
52.095257
52.307886
52.418758
52.637349
52.781356
52.867700
53.023573
53.157548
53.194204
53.352880
53.441615
50.992669
51.374148
51.638048
51.856877
52.098474
52.336855
52.423982
52.662063
52.780192
52.890330
53.022486
53.181371
53.193342
50.681616
50.981400
51.351776
51.643198
51.840515
52.103252
52.316439
52.425428
52.638484
52.782244
52.867536
53.023024
50.261260
50.707605
50.992408
51.390390
51.659642
51.879491
52.113887
52.351436
52.434704
52.669914
52.786369
49.774438
50.280515
50.709945
51.018581
51.388547
51.679954
51.872453
52.128203
52.337850
52.441622
49.365651
49.843778
50.328784
50.784446
51.061826
51.449967
51.709806
51.919884
52.141351
48.879736
49.442167
49.892362
50.395199
50.816163
51.108161
51.456858
51.730333
48.368065
49.017769
49.554689
50.018903
50.473755
50.900787
51.143509
47.980799
48.512979
49.125039
49.671171
50.079729
50.527670
47.567778
48.196613
48.683532
49.285303
49.757327
47.156283
47.761796
48.339916
48.807630
46.930002
47.400051
47.922962
46.624463
47.108630
46.405383
52.785777
52.714610
52.468131
52.393436
52.166567
51.924413
51.705970
51.432587
51.031085
50.731578
50.278742
49.791379
49.330873
48.840543
48.263730
47.870621
47.397574
46.996755
46.719454
46.472424
46.206347
46.131473
45.981633
46.571866
46.638650
46.650531
46.596155
46.642430
46.633826
46.548817
46.565067
46.528199
46.409025
46.395723
46.325808
46.182396
46.137512
46.049367
45.884280
45.838426
45.751840
45.638240
45.627472
45.693169
45.713068
46.520453
46.490318
46.528599
46.550035
46.459132
46.509197
46.466608
46.383969
46.364304
46.331907
46.181663
46.170765
46.074645
45.940272
45.880387
45.815443
45.662779
45.681739
45.661666
45.673018
45.853153
46.402058
46.414962
46.350769
46.396172
46.384607
46.298534
46.313292
46.274566
46.159905
46.140865
46.080066
45.934904
45.905779
45.822271
45.696331
45.670163
45.672266
45.606453
45.763022
45.947372
46.228011
46.295100
46.274935
46.219071
46.229062
46.221978
46.102719
46.120882
46.050874
45.944680
45.901550
45.856550
45.706691
45.716809
45.668681
45.629602
45.717701
45.879551
46.047545
46.152265
46.091536
46.129197
46.115477
46.027952
46.044552
46.003512
45.894274
45.884393
45.829386
45.713032
45.702695
45.680053
45.604465
45.698524
45.804404
45.943737
46.280537
46.010676
46.018049
45.926549
45.975668
45.926087
45.853275
45.840491
45.817289
45.696265
45.716656
45.680492
45.625814
45.694659
45.796708
45.889122
46.209099
46.563033
45.824759
45.864151
45.840052
45.768018
45.787334
45.757126
45.672411
45.685052
45.680275
45.610460
45.702489
45.771316
45.866791
46.130704
46.470380
46.834644
45.746811
45.708439
45.717057
45.720682
45.635530
45.682393
45.672316
45.636389
45.715267
45.808412
45.870776
46.145318
46.424423
46.784663
47.288099
45.666122
45.672218
45.616865
45.660051
45.683653
45.645319
45.753702
45.835728
45.916214
46.165236
46.438447
46.750242
47.238093
47.766591
45.620390
45.702031
45.720711
45.719662
45.821167
45.936912
46.004185
46.275162
46.511608
46.827300
47.257750
47.773771
48.216588
45.837157
45.833166
45.963919
46.072276
46.167912
46.415904
46.664235
46.943066
47.359476
47.817620
48.239808
48.809015
46.200744
46.339681
46.414055
46.677552
46.901406
47.176707
47.542837
47.984305
48.338937
48.889478
49.349841
46.805684
47.033609
47.252278
47.477163
47.825761
48.199979
48.525662
49.003814
49.434131
49.815851
47.722144
47.914601
48.194134
48.537288
48.786419
49.229339
49.580534
49.936371
50.337338
48.689853
48.936375
49.139460
49.489833
49.798981
50.075436
50.446930
50.778269
49.558496
49.850490
50.066836
50.302004
50.596683
50.901423
51.097383
50.422247
50.557611
50.804831
51.029566
51.201428
51.478849
51.052489
51.239359
51.331372
51.590073
51.761815
51.534185
51.706310
51.852383
51.960134
51.972408
52.062904
52.207149
52.306630
52.415070
52.500280
53.096406
53.265012
53.367739
53.571677
53.702638
53.784702
53.933321
54.031551
54.018976
54.107176
54.081057
53.997096
53.964536
53.880870
53.700108
53.643601
53.497166
53.332600
53.246877
53.140650
52.961384
52.917714
52.797024
52.681691
52.680372
52.592934
52.654240
52.636543
52.612394
52.664908
52.720214
52.689100
52.813588
52.860203
52.898434
53.011240
53.121635
53.139066
53.312887
53.392701
53.459678
53.597840
53.712217
53.723378
53.882633
53.925905
53.129759
53.317514
53.399104
53.466624
53.592578
53.700889
53.714588
53.852805
53.911461
53.923434
54.007306
54.058167
54.012884
54.085894
54.081448
54.030500
54.057053
54.053351
53.967981
54.000702
53.976327
53.908880
53.361801
53.450022
53.564677
53.693007
53.693889
53.853090
53.898817
53.931711
54.004462
54.074641
54.012911
54.109388
54.083110
54.049757
54.052478
54.064856
53.950324
53.998560
53.940957
53.882178
53.872748
53.502229
53.633060
53.654776
53.806242
53.872031
53.894482
53.990068
54.046481
54.007549
54.089158
54.079393
54.030197
54.050467
54.036814
53.939012
53.960822
53.920153
53.827454
53.837115
53.807760
53.612280
53.779271
53.843357
53.885250
53.974909
54.050415
54.003775
54.104978
54.081912
54.052685
54.052234
54.054599
53.936587
53.969154
53.901298
53.822694
53.804186
53.787755
53.664593
53.780922
53.832796
53.939503
54.012797
53.986870
54.081388
54.077932
54.037885
54.053791
54.041644
53.935727
53.945311
53.892588
53.786021
53.776873
53.730253
53.621039
53.635626
53.906052
53.995250
53.972756
54.085963
54.079569
54.057746
54.065637
54.069386
53.947612
53.970642
53.898313
53.798135
53.765996
53.729361
53.588227
53.606968
53.533259
53.930218
54.053717
54.063780
54.042714
54.070105
54.065841
53.960324
53.970150
53.908571
53.788054
53.767439
53.703733
53.569370
53.561128
53.496523
53.389433
54.053911
54.050920
54.083952
54.093743
53.987201
54.009940
53.937096
53.826515
53.788750
53.729664
53.573815
53.571469
53.477351
53.373225
53.344141
54.075673
54.091672
54.002573
54.024146
53.964517
53.844769
53.816125
53.739247
53.590774
53.564904
53.474875
53.345118
53.319544
53.256165
54.026889
54.069392
54.007114
53.902459
53.864856
53.796538
53.632932
53.610805
53.500519
53.373505
53.321265
53.259455
53.113293
54.034807
53.937648
53.909773
53.836963
53.680956
53.644088
53.538529
53.390635
53.340383
53.255447
53.109680
53.088135
53.970834
53.914478
53.751628
53.723087
53.604617
53.459779
53.390835
53.307801
53.137510
53.115551
53.011543
53.816062
53.785841
53.673877
53.518811
53.452306
53.352082
53.181384
53.138658
53.034042
52.895312
53.763745
53.621076
53.541029
53.446828
53.257349
53.217520
53.091443
52.951742
52.891332
53.630370
53.528155
53.342776
53.288559
53.163368
53.003033
52.943061
52.842058
53.453836
53.403611
53.265862
53.106893
53.029824
52.929885
52.753911
53.373049
53.199458
53.127761
53.010322
52.835095
52.781184
53.246605
53.139133
52.946260
52.897788
52.762552
53.063598
53.001293
52.871385
52.703390
53.002188
52.844051
52.760855
52.887390
52.767689
52.744470
52.991962
53.167495
53.166552
53.367195
53.427602
53.508692
53.615537
53.739011
53.731933
53.884964
53.920898
53.949847
54.010446
54.077494
54.012122
54.105816
54.082805
54.057565
54.064337
54.090915
53.984816
54.045653
53.996194
46.405421
47.108668
47.923007
48.807655
49.757349
50.527670
51.143512
51.730321
52.141349
52.441607
52.786368
53.023011
53.193343
53.441604
53.603187
53.702896
53.880026
53.966165
53.982467
54.070725
54.064961
54.006709
46.624532
47.400126
48.339985
49.285348
50.079749
50.900788
51.456849
51.919868
52.337835
52.669898
52.867523
53.181360
53.352870
53.511391
53.702243
53.852443
53.889399
54.045763
54.062954
54.056896
54.073585
46.930102
47.761884
48.683614
49.671205
50.473774
51.108146
51.709793
52.128175
52.434687
52.782218
53.022475
53.194185
53.444613
53.608059
53.708730
53.887300
53.973629
53.990554
54.074339
54.069657
47.156384
48.196702
49.125101
50.018927
50.816161
51.449948
51.872427
52.351410
52.638459
52.890309
53.157532
53.381121
53.493336
53.733883
53.838739
53.923599
54.033033
54.097001
54.035687
47.567872
48.513040
49.554730
50.395196
51.061815
51.679919
52.113863
52.425392
52.780175
53.023548
53.199254
53.452100
53.618517
53.721770
53.900829
53.990278
54.001677
54.083832
47.980877
49.017812
49.892372
50.784429
51.388518
51.879454
52.316406
52.662032
52.867675
53.188471
53.366243
53.529464
53.723565
53.878759
53.915075
54.070642
54.081707
48.368139
49.442186
50.328780
51.018542
51.659605
52.103203
52.423947
52.781317
53.030657
53.207220
53.463111
53.631664
53.735322
53.915184
54.001993
54.009773
48.879788
49.843779
50.709920
51.390347
51.840469
52.336811
52.637312
52.895399
53.168717
53.397704
53.512933
53.756002
53.863920
53.946091
54.052305
49.365674
50.280495
50.992379
51.643153
52.098440
52.418719
52.780889
53.030042
53.209074
53.464346
53.635787
53.738730
53.919797
54.005863
49.774436
50.707576
51.351741
51.856838
52.307853
52.659834
52.869620
53.191771
53.374419
53.537325
53.734256
53.890202
53.926606
50.261247
50.981360
51.638012
52.095214
52.417363
52.777703
53.030269
53.206976
53.465026
53.636265
53.741764
53.921282
50.681589
51.374114
51.833886
52.330344
52.637952
52.892728
53.168467
53.397940
53.514476
53.756919
53.869269
50.992644
51.645090
52.100270
52.418707
52.777957
53.028964
53.205760
53.461288
53.635725
53.738142
51.371781
51.865173
52.313653
52.662414
52.870645
53.188482
53.373346
53.531596
53.729478
51.665259
52.112202
52.422670
52.777463
53.027357
53.200069
53.455775
53.627340
51.867658
52.345908
52.647807
52.892773
53.164773
53.389724
53.502158
52.131835
52.431643
52.777362
53.023795
53.192727
53.443279
52.344814
52.678118
52.873759
53.181557
53.360338
52.442375
52.779532
53.017928
53.180942
52.670830
52.899261
53.153992
52.775039
53.008563
52.887254
46.707663
46.756831
46.698610
46.779596
46.764414
46.715197
46.728947
46.725182
46.604763
46.626216
46.551976
46.439111
46.390718
46.327011
46.148175
46.116943
45.995420
45.846727
45.784767
45.733589
45.602275
45.679326
45.745396
46.781073
46.843832
46.869256
46.815300
46.865577
46.859013
46.774791
46.795215
46.753080
46.638720
46.621549
46.552278
46.400816
46.363411
46.256882
46.094534
46.026595
45.922004
45.754076
45.725574
45.650918
45.635593
46.927085
46.916116
46.960975
46.993212
46.906022
46.962648
46.918696
46.840061
46.821768
46.784718
46.630501
46.622021
46.509396
46.373348
46.291981
46.204621
46.001739
45.958513
45.827892
45.696794
45.650921
47.019198
47.056130
47.007435
47.063599
47.057403
46.978378
46.994946
46.956165
46.834772
46.824176
46.741526
46.598610
46.543989
46.447734
46.263379
46.204808
46.072433
45.891546
45.827898
45.725575
47.060424
47.153179
47.150149
47.108893
47.126848
47.126380
47.006595
47.030406
46.945365
46.833365
46.776648
46.706555
46.514810
46.482825
46.334064
46.173864
46.072432
45.958513
45.754086
47.202607
47.169649
47.224312
47.227084
47.142817
47.168247
47.120713
47.009761
46.985132
46.909355
46.748578
46.708355
46.584793
46.416209
46.334063
46.204810
46.001741
45.922006
47.276826
47.319016
47.242035
47.304067
47.258411
47.180374
47.158180
47.118229
46.957512
46.944803
46.818457
46.675873
46.584792
46.482826
46.263374
46.204625
46.026596
47.293377
47.363764
47.357368
47.288106
47.302173
47.261372
47.132843
47.122391
47.028918
46.879743
46.818456
46.708354
46.514811
46.447737
46.291975
46.094539
47.403412
47.372088
47.395417
47.396010
47.277222
47.298509
47.203963
47.089108
47.028915
46.944806
46.748577
46.706552
46.543987
46.373353
46.256874
47.441313
47.449207
47.368679
47.401641
47.348830
47.235996
47.203962
47.122394
46.957506
46.909358
46.776647
46.598608
46.509393
46.363418
47.415631
47.483944
47.438719
47.367624
47.348829
47.298512
47.132838
47.118233
46.985125
46.833367
46.741523
46.622023
46.400809
47.487264
47.422227
47.438722
47.401637
47.277221
47.261378
47.158171
47.009767
46.945359
46.824177
46.630496
46.552285
47.487266
47.483942
47.368687
47.395999
47.302171
47.180385
47.120698
47.030412
46.834767
46.784720
46.621540
47.415639
47.449205
47.395424
47.288094
47.258414
47.168253
47.006585
46.956166
46.821765
46.638725
47.441324
47.372083
47.357365
47.304065
47.142823
47.126372
46.994949
46.840058
46.753073
47.403418
47.363757
47.242028
47.227096
47.126844
46.978369
46.918700
46.795214
47.293371
47.319017
47.224309
47.108902
47.057394
46.962649
46.774785
47.276820
47.169664
47.150143
47.063596
46.906019
46.859017
47.202607
47.153184
47.007429
46.993211
46.865570
47.060421
47.056120
46.960978
46.815297
47.019197
46.916112
46.869255
46.927087
46.843828
46.781071
46.781930
46.895270
46.935394
47.100734
47.165204
47.212303
47.330686
47.402082
47.380977
47.487163
47.495168
47.461901
47.495165
47.487157
47.380970
47.402081
47.330691
47.212300
47.165201
47.100740
46.935396
46.895269
46.781933
46.707664
46.756831
46.698611
46.779596
46.764414
46.715200
46.728946
46.725187
46.604766
46.626219
46.551975
46.439122
46.390715
46.327017
46.148179
46.116950
45.995417
45.846745
45.784764
45.733599
45.602282
45.679338
45.745390
46.781071
46.843830
46.869252
46.815299
46.865572
46.859012
46.774792
46.795211
46.753074
46.638723
46.621545
46.552276
46.400818
46.363408
46.256879
46.094538
46.026591
45.922002
45.754080
45.725572
45.650913
45.635601
46.927084
46.916119
46.960973
46.993212
46.906022
46.962650
46.918696
46.840067
46.821762
46.784719
46.630503
46.622024
46.509392
46.373359
46.291977
46.204627
46.001743
45.958521
45.827887
45.696814
45.650916
47.019193
47.056124
47.007430
47.063592
47.057394
46.978374
46.994943
46.956167
46.834772
46.824172
46.741522
46.598613
46.543984
46.447732
46.263382
46.204806
46.072428
45.891553
45.827894
45.725572
47.060421
47.153180
47.150150
47.108898
47.126845
47.126375
47.006588
47.030409
46.945364
46.833371
46.776644
46.706559
46.514812
46.482830
46.334060
46.173879
46.072427
45.958522
45.754091
47.202612
47.169656
47.224317
47.227091
47.142826
47.168249
47.120703
47.009760
46.985131
46.909352
46.748579
46.708353
46.584789
46.416214
46.334059
46.204808
46.001745
45.922004
47.276824
47.319012
47.242031
47.304066
47.258413
47.180386
47.158176
47.118227
46.957514
46.944807
46.818453
46.675883
46.584788
46.482832
46.263376
46.204632
46.026591
47.293372
47.363759
47.357360
47.288101
47.302168
47.261374
47.132845
47.122388
47.028915
46.879747
46.818454
46.708352
46.514814
46.447736
46.291971
46.094546
47.403415
47.372092
47.395415
47.396007
47.277219
47.298513
47.203961
47.089114
47.028912
46.944809
46.748579
46.706557
46.543983
46.373366
46.256869
47.441320
47.449212
47.368682
47.401640
47.348827
47.235998
47.203959
47.122395
46.957507
46.909358
46.776644
46.598613
46.509390
46.363417
47.415635
47.483947
47.438718
47.367628
47.348828
47.298512
47.132838
47.118240
46.985119
46.833378
46.741520
46.622028
46.400812
47.487265
47.422228
47.438720
47.401637
47.277225
47.261373
47.158170
47.009773
46.945355
46.824178
46.630499
46.552285
47.487265
47.483940
47.368686
47.396005
47.302172
47.180383
47.120702
47.030413
46.834769
46.784725
46.621536
47.415635
47.449200
47.395424
47.288102
47.258410
47.168249
47.006595
46.956162
46.821765
46.638729
47.441317
47.372082
47.357371
47.304068
47.142815
47.126381
46.994947
46.840064
46.753073
47.403415
47.363761
47.242034
47.227088
47.126844
46.978377
46.918696
46.795216
47.293375
47.319022
47.224301
47.108903
47.057399
46.962650
46.774787
47.276821
47.169659
47.150141
47.063601
46.906021
46.859018
47.202601
47.153184
47.007435
46.993213
46.865570
47.060424
47.056126
46.960978
46.815301
47.019201
46.916113
46.869257
46.927088
46.843830
46.781073
52.615578
52.518185
52.348944
52.306384
52.180142
52.037478
51.990374
51.913625
51.776265
51.791597
51.752918
51.700369
51.752916
51.791599
51.776274
51.913620
51.990372
52.037483
52.180135
52.306381
52.348944
52.518181
52.615578
52.681690
52.680372
52.592933
52.654237
52.636547
52.612386
52.664910
52.720214
52.689092
52.813588
52.860204
52.898422
53.011241
53.121641
53.139059
53.312875
53.392725
53.459632
53.597858
53.712205
53.723366
53.882616
53.925922
52.531815
52.546665
52.530686
52.470578
52.523762
52.543783
52.514110
52.605233
52.657463
52.662861
52.785548
52.867926
52.898704
53.047538
53.147095
53.194934
53.357825
53.458519
53.518553
53.662435
53.759703
53.794348
52.461629
52.393704
52.409274
52.427479
52.360237
52.451423
52.469192
52.477916
52.570159
52.659971
52.662800
52.825720
52.900107
52.967688
53.107961
53.238764
53.275705
53.462866
53.556985
53.628236
53.759700
52.344817
52.326280
52.248064
52.303674
52.317199
52.289705
52.381439
52.438856
52.447577
52.581184
52.665326
52.708328
52.863195
52.971437
53.029652
53.199234
53.317242
53.378232
53.556988
53.662430
52.185013
52.224466
52.200375
52.162734
52.218760
52.272544
52.247673
52.382551
52.439971
52.491845
52.621520
52.744991
52.781941
52.970610
53.070487
53.159331
53.317241
53.462859
53.518556
52.136722
52.058102
52.099217
52.116033
52.082237
52.182839
52.238932
52.259290
52.394521
52.493884
52.540904
52.707351
52.823804
52.891480
53.070487
53.199234
53.275708
53.458505
52.035148
52.034378
51.959990
52.046563
52.066284
52.079631
52.184921
52.285969
52.307923
52.485399
52.580513
52.662727
52.823803
52.970612
53.029646
53.238763
53.357829
51.894726
51.938038
51.941869
51.917080
52.010795
52.077152
52.096184
52.246682
52.346899
52.408753
52.580514
52.707351
52.781940
52.971442
53.107955
53.194930
51.870523
51.824249
51.877759
51.933152
51.918415
52.060850
52.132242
52.197004
52.346898
52.485399
52.540902
52.744992
52.863190
52.967695
53.147088
51.804980
51.814227
51.780525
51.888660
51.953193
51.985385
52.132242
52.246682
52.307920
52.493885
52.621518
52.708332
52.900101
53.047547
51.712418
51.793765
51.812879
51.834811
51.953193
52.060851
52.096180
52.285972
52.394512
52.491850
52.665319
52.825728
52.898693
51.749071
51.719564
51.812883
51.888654
51.918417
52.077157
52.184912
52.259297
52.439959
52.581191
52.662791
52.867934
51.749070
51.793765
51.780529
51.933144
52.010799
52.079631
52.238924
52.382555
52.447567
52.659975
52.785539
51.712421
51.814232
51.877759
51.917072
52.066296
52.182829
52.247674
52.438852
52.570157
52.662862
51.804988
51.824248
51.941863
52.046569
52.082233
52.272540
52.381437
52.477913
52.657459
51.870528
51.938029
51.959992
52.116043
52.218744
52.289711
52.469183
52.605237
51.894719
52.034382
52.099219
52.162727
52.317197
52.451420
52.514105
52.035151
52.058110
52.200363
52.303673
52.360235
52.543782
52.136720
52.224455
52.248065
52.427474
52.523760
52.185006
52.326279
52.409273
52.470576
52.344820
52.393696
52.530688
52.461626
52.546663
52.531817
52.681693
52.680374
52.592936
52.654240
52.636544
52.612395
52.664907
52.720215
52.689100
52.813591
52.860196
52.898440
53.011235
53.121642
53.139068
53.312879
53.392713
53.459656
53.597848
53.712210
53.723374
53.882625
53.925908
52.531816
52.546666
52.530684
52.470580
52.523758
52.543777
52.514112
52.605232
52.657457
52.662865
52.785541
52.867920
52.898708
53.047531
53.147085
53.194942
53.357816
53.458509
53.518561
53.662425
53.759689
53.794359
52.461624
52.393701
52.409269
52.427475
52.360237
52.451420
52.469180
52.477922
52.570156
52.659972
52.662803
52.825724
52.900097
52.967705
53.107952
53.238766
53.275712
53.462871
53.556971
53.628264
53.759686
52.344818
52.326280
52.248065
52.303672
52.317195
52.289713
52.381435
52.438843
52.447577
52.581181
52.665316
52.708335
52.863188
52.971428
53.029659
53.199226
53.317230
53.378242
53.556976
53.662420
52.185006
52.224455
52.200362
52.162727
52.218744
52.272536
52.247680
52.382551
52.439957
52.491858
52.621513
52.744990
52.781948
52.970613
53.070476
53.159353
53.317229
53.462864
53.518563
52.136721
52.058108
52.099221
52.116035
52.082237
52.182822
52.238919
52.259298
52.394510
52.493875
52.540910
52.707344
52.823795
52.891489
53.070476
53.199226
53.275716
53.458495
52.035151
52.034378
51.959993
52.046566
52.066288
52.079636
52.184905
52.285969
52.307926
52.485398
52.580505
52.662744
52.823793
52.970616
53.029652
53.238768
53.357817
51.894720
51.938026
51.941855
51.917074
52.010789
52.077151
52.096181
52.246674
52.346891
52.408759
52.580505
52.707346
52.781945
52.971436
53.107945
53.194941
51.870524
51.824249
51.877748
51.933142
51.918411
52.060848
52.132233
52.197012
52.346890
52.485401
52.540906
52.744995
52.863180
52.967715
53.147077
51.804984
51.814228
51.780522
51.888648
51.953183
51.985385
52.132234
52.246675
52.307924
52.493881
52.621509
52.708340
52.900092
53.047540
51.712417
51.793761
51.812872
51.834809
51.953184
52.060844
52.096183
52.285970
52.394507
52.491863
52.665312
52.825729
52.898701
51.749067
51.719561
51.812871
51.888648
51.918414
52.077143
52.184912
52.259296
52.439958
52.581183
52.662799
52.867926
51.749067
51.793758
51.780522
51.933143
52.010788
52.079635
52.238921
52.382555
52.447574
52.659976
52.785532
51.712418
51.814219
51.877755
51.917076
52.066277
52.182835
52.247671
52.438853
52.570148
52.662871
51.804978
51.824246
51.941864
52.046560
52.082233
52.272546
52.381430
52.477927
52.657451
51.870522
51.938034
51.959988
52.116033
52.218751
52.289709
52.469184
52.605231
51.894725
52.034379
52.099209
52.162741
52.317191
52.451424
52.514109
52.035145
52.058105
52.200369
52.303671
52.360239
52.543779
52.136719
52.224465
52.248065
52.427476
52.523757
52.185014
52.326276
52.409275
52.470578
52.344818
52.393703
52.530685
52.461630
52.546662
52.531816

