Tension at each vertex
-1.197867
-1.197867
-1.197266
-1.197268
-2.717030
-0.315672
-2.717027
-0.315673
-1.956959
-1.956115
-0.462710
-0.460215
-1.166980
-1.343667
-1.250509
-1.396716
-1.363127
-1.482290
-1.480124
-1.610119
-1.635002
-1.778762
-1.838666
-1.995246
-2.080631
-2.240226
-2.323153
-2.464340
-2.516157
-2.617737
-2.635954
-2.692810
-2.676112
-2.737295
-2.691867
-1.282370
-1.445831
-1.402123
-1.504257
-1.480816
-1.596096
-1.581252
-1.708367
-1.720123
-1.863014
-1.903346
-2.066436
-2.126667
-2.296051
-2.355373
-2.500577
-2.539095
-2.637742
-2.646478
-2.706688
-2.692703
-2.691338
-1.229977
-1.329993
-1.292105
-1.415748
-1.385773
-1.509215
-1.511270
-1.639469
-1.671281
-1.816641
-1.877291
-2.037844
-2.117935
-2.275351
-2.352807
-2.482900
-2.533047
-2.626408
-2.639376
-2.698507
-2.692747
-1.282793
-1.450781
-1.384852
-1.508889
-1.480041
-1.598098
-1.586592
-1.720269
-1.731410
-1.884383
-1.922796
-2.091457
-2.149376
-2.317776
-2.370421
-2.514164
-2.538735
-2.644668
-2.639326
-2.706678
-1.270505
-1.316413
-1.327146
-1.415825
-1.410485
-1.524556
-1.534164
-1.661405
-1.699429
-1.842576
-1.908983
-2.064097
-2.145010
-2.296129
-2.368781
-2.493599
-2.538795
-2.626419
-2.646522
-1.271797
-1.459663
-1.364451
-1.521167
-1.469218
-1.605463
-1.587221
-1.730015
-1.738400
-1.897506
-1.931258
-2.106224
-2.155508
-2.327198
-2.368733
-2.514147
-2.532986
-2.637738
-1.269974
-1.321066
-1.348787
-1.412510
-1.436063
-1.529858
-1.556122
-1.673492
-1.720614
-1.857354
-1.927123
-2.073547
-2.155575
-2.296136
-2.370471
-2.482951
-2.539118
-1.282413
-1.447328
-1.362918
-1.526137
-1.459462
-1.614796
-1.582490
-1.737491
-1.734598
-1.901735
-1.927083
-2.106201
-2.144951
-2.317779
-2.352715
-2.500572
-1.272356
-1.332788
-1.352092
-1.418863
-1.451834
-1.530721
-1.572540
-1.676757
-1.734661
-1.857359
-1.931310
-2.064161
-2.149394
-2.275432
-2.355411
-1.278031
-1.443701
-1.365849
-1.521649
-1.456009
-1.618915
-1.572514
-1.737459
-1.720559
-1.897513
-1.908888
-2.091461
-2.117865
-2.296012
-1.280651
-1.331029
-1.358174
-1.424678
-1.456055
-1.530717
-1.582523
-1.673553
-1.738398
-1.842671
-1.922841
-2.037920
-2.126713
-1.277535
-1.447331
-1.358152
-1.521626
-1.451795
-1.614804
-1.556015
-1.730012
-1.699350
-1.884339
-1.877230
-2.066429
-1.277557
-1.331034
-1.365876
-1.418919
-1.459437
-1.529952
-1.587238
-1.661456
-1.731444
-1.816777
-1.903338
-1.280626
-1.443707
-1.352000
-1.526167
-1.435990
-1.605410
-1.534087
-1.720234
-1.671121
-1.863027
-1.277995
-1.332897
-1.362904
-1.412564
-1.469253
-1.524687
-1.586545
-1.639632
-1.720112
-1.272268
-1.447296
-1.348748
-1.521161
-1.410322
-1.598124
-1.511138
-1.708270
-1.282437
-1.321173
-1.364370
-1.416035
-1.480028
-1.509341
-1.581295
-1.269826
-1.459742
-1.327011
-1.508808
-1.385688
-1.596062
-1.271704
-1.316529
-1.384896
-1.415951
-1.480731
-1.270477
-1.450746
-1.291866
-1.504303
-1.282638
-1.330346
-1.402069
-1.229775
-1.445698
-1.282413
-1.439741
-1.261876
-1.411299
-1.227334
-1.390626
-1.250307
-1.374718
-1.249202
-1.374965
-1.250964
-1.367100
-1.256780
-1.367106
-1.250925
-1.374909
-1.249133
-1.374736
-1.250063
-1.390669
-1.227169
-1.411171
-1.261671
-1.439823
-1.108011
-1.216150
-1.049215
-1.114164
-0.992401
-1.010387
-0.896737
-0.896093
-0.779001
-0.757845
-0.644798
-0.611393
-0.507479
-0.477693
-0.390642
-0.376498
-0.311772
-0.317149
-0.275463
-0.296543
-0.266045
-0.315256
-0.295713
-1.215796
-1.307434
-1.187331
-1.208403
-1.088731
-1.103832
-0.968224
-0.968296
-0.826720
-0.814793
-0.669500
-0.655932
-0.517674
-0.514175
-0.394474
-0.409262
-0.314908
-0.347022
-0.275314
-0.324193
-0.270977
-0.306017
-1.157615
-1.189694
-1.069916
-1.112082
-0.987698
-1.006027
-0.889200
-0.883621
-0.764567
-0.743256
-0.626084
-0.597819
-0.490912
-0.467838
-0.380202
-0.372031
-0.307549
-0.319679
-0.273110
-0.300107
-0.270969
-1.212430
-1.303680
-1.160240
-1.194978
-1.069245
-1.081083
-0.944372
-0.945102
-0.799630
-0.790457
-0.643040
-0.634373
-0.496642
-0.499839
-0.381480
-0.403412
-0.307151
-0.347453
-0.273428
-0.324092
-1.195972
-1.168842
-1.095663
-1.100858
-0.994230
-1.001455
-0.885974
-0.874783
-0.756666
-0.732525
-0.616768
-0.587991
-0.483032
-0.461792
-0.375738
-0.371195
-0.307167
-0.319531
-0.275116
-1.199080
-1.307874
-1.130937
-1.195672
-1.045351
-1.068865
-0.924336
-0.929520
-0.779004
-0.774325
-0.624731
-0.622928
-0.484449
-0.495379
-0.375956
-0.403340
-0.307636
-0.347162
-1.192570
-1.168892
-1.110984
-1.087347
-1.006845
-0.992232
-0.887785
-0.867245
-0.756020
-0.726975
-0.615824
-0.584619
-0.484493
-0.461672
-0.381350
-0.372043
-0.314893
-1.207783
-1.290407
-1.122997
-1.192498
-1.024803
-1.065716
-0.907633
-0.922327
-0.763914
-0.768614
-0.615962
-0.622873
-0.483069
-0.499966
-0.380386
-0.409026
-1.193497
-1.177794
-1.108883
-1.087358
-1.015067
-0.984070
-0.895075
-0.864157
-0.763974
-0.726881
-0.624662
-0.588003
-0.496643
-0.467472
-0.394704
-1.201062
-1.283629
-1.122222
-1.182629
-1.016830
-1.065980
-0.895145
-0.922288
-0.756023
-0.774428
-0.616868
-0.634214
-0.491269
-0.514186
-1.201622
-1.173915
-1.112956
-1.091333
-1.016883
-0.984009
-0.907612
-0.867248
-0.779023
-0.732254
-0.643238
-0.597618
-0.517497
-1.199040
-1.286397
-1.112971
-1.182613
-1.015053
-1.065776
-0.887838
-0.929412
-0.756911
-0.790459
-0.626057
-0.656127
-1.199074
-1.173888
-1.122230
-1.087342
-1.024850
-0.992042
-0.924496
-0.874623
-0.799529
-0.743196
-0.669614
-1.201602
-1.283648
-1.108922
-1.192420
-1.006990
-1.068864
-0.885955
-0.945241
-0.764762
-0.814555
-1.201137
-1.177657
-1.123116
-1.087238
-1.045316
-1.001389
-0.944471
-0.883185
-0.826994
-1.193565
-1.290417
-1.110967
-1.195741
-0.994370
-1.080920
-0.889521
-0.968335
-1.207794
-1.168807
-1.131058
-1.100542
-1.069451
-1.005812
-0.968101
-1.192681
-1.307754
-1.095858
-1.195008
-0.987690
-1.103994
-1.199240
-1.168690
-1.160203
-1.111945
-1.088869
-1.195958
-1.303754
-1.070121
-1.208230
-1.212617
-1.189281
-1.187556
-1.157827
-1.307507
-1.215788
-1.415327
-1.228268
-1.419951
-1.284043
-1.458610
-1.321791
-1.516374
-1.367363
-1.573032
-1.430316
-1.640293
-1.499561
-1.718192
-1.582360
-1.797458
-1.673977
-1.881441
-1.763850
-1.966268
-1.847848
-2.041794
-1.933384
-2.117251
-2.694896
-2.690302
-2.691597
-2.690084
-2.699461
-2.686872
-2.700922
-2.699111
-2.704039
-2.697284
-2.707585
-2.684081
-2.684619
-2.644626
-2.630292
-2.559244
-2.533282
-2.429773
-2.398828
-2.268874
-2.253276
-2.088088
-2.713439
-2.719908
-2.728808
-2.704750
-2.731657
-2.706219
-2.728378
-2.693867
-2.727487
-2.672434
-2.701615
-2.633016
-2.649291
-2.552986
-2.558580
-2.431644
-2.427924
-2.274131
-2.273186
-2.098752
-2.120061
-2.707562
-2.673227
-2.703775
-2.685624
-2.694362
-2.681536
-2.694771
-2.667921
-2.675590
-2.642887
-2.637183
-2.581845
-2.568200
-2.483395
-2.459423
-2.346203
-2.322416
-2.185252
-2.176929
-2.018490
-2.706121
-2.700011
-2.702482
-2.686284
-2.707352
-2.661583
-2.688450
-2.630545
-2.649675
-2.567513
-2.584362
-2.471836
-2.480032
-2.339484
-2.345856
-2.179845
-2.196993
-2.009020
-2.055800
-2.647543
-2.629241
-2.653288
-2.616398
-2.635849
-2.600707
-2.603276
-2.555190
-2.552601
-2.481245
-2.468084
-2.372749
-2.355910
-2.233020
-2.223515
-2.077365
-2.090753
-1.922343
-2.636822
-2.604300
-2.624127
-2.584699
-2.597296
-2.534606
-2.553137
-2.459528
-2.474057
-2.353729
-2.367965
-2.216457
-2.238787
-2.062975
-2.103499
-1.905076
-1.974573
-2.531039
-2.502558
-2.513465
-2.468700
-2.479893
-2.415458
-2.415576
-2.336793
-2.330435
-2.225789
-2.223365
-2.096462
-2.105533
-1.955989
-1.990164
-1.822722
-2.480913
-2.432923
-2.454263
-2.382985
-2.399715
-2.307314
-2.324128
-2.198549
-2.225835
-2.072085
-2.111604
-1.932443
-1.997415
-1.796510
-1.885910
-2.335575
-2.286724
-2.297019
-2.233313
-2.239932
-2.153162
-2.163977
-2.057042
-2.071865
-1.944731
-1.978389
-1.829110
-1.882811
-1.720470
-2.262538
-2.193733
-2.217509
-2.121106
-2.152474
-2.029061
-2.068738
-1.918179
-1.980764
-1.800609
-1.886762
-1.689723
-1.799427
-2.095628
-2.028528
-2.050061
-1.963326
-1.988046
-1.882689
-1.923081
-1.793303
-1.850271
-1.706827
-1.780531
-1.617171
-2.032770
-1.939966
-1.982559
-1.864358
-1.924298
-1.773181
-1.854725
-1.682622
-1.784885
-1.587098
-1.721135
-1.871878
-1.786349
-1.832352
-1.721786
-1.784335
-1.659684
-1.734849
-1.589754
-1.690638
-1.523276
-1.837684
-1.722055
-1.797090
-1.656523
-1.746281
-1.577648
-1.699988
-1.501287
-1.645690
-1.698174
-1.590957
-1.665361
-1.539208
-1.640527
-1.489109
-1.605493
-1.442828
-1.689816
-1.560658
-1.663794
-1.496744
-1.620565
-1.436824
-1.582625
-1.572162
-1.437872
-1.551082
-1.408844
-1.535193
-1.363732
-1.587641
-1.445419
-1.557358
-1.377897
-1.530603
-1.469664
-1.326978
-1.478707
-1.299988
-1.517065
-1.338424
-1.473694
-1.401522
-1.249900
-1.434444
-1.107730
-1.216406
-1.049181
-1.114448
-0.992024
-1.010926
-0.896474
-0.896206
-0.779041
-0.758104
-0.644352
-0.611979
-0.507195
-0.477754
-0.390673
-0.376723
-0.311281
-0.317620
-0.275172
-0.296529
-0.265898
-0.315438
-0.295283
-0.345529
-0.343204
-0.347756
-0.328781
-0.350436
-0.325998
-0.348455
-0.310298
-0.336475
-0.294515
-0.321231
-0.275733
-0.312429
-0.265953
-0.314895
-0.273800
-0.338681
-0.304370
-0.386954
-0.356475
-0.459216
-0.422575
-0.555021
-1.323017
-1.094862
-1.269481
-1.046543
-1.217634
-0.995969
-1.147387
-0.942691
-1.068706
-0.874809
-0.986097
-0.803176
-0.895694
-0.733471
-0.807831
-0.664328
-0.731173
-0.601161
-0.662358
-0.558625
-0.597278
-0.509901
-1.215257
-1.104468
-1.181582
-1.031311
-1.116964
-0.959593
-1.044976
-0.875095
-0.967773
-0.789977
-0.879708
-0.708061
-0.793107
-0.626995
-0.716289
-0.554029
-0.647894
-0.498864
-0.586703
-0.454585
-0.555053
-1.254092
-1.007801
-1.173482
-0.960619
-1.096363
-0.892096
-1.012046
-0.817804
-0.912595
-0.740032
-0.812761
-0.657682
-0.720331
-0.581680
-0.635627
-0.521762
-0.560378
-0.476379
-0.504588
-0.439413
-1.114924
-1.028763
-1.054841
-0.933785
-0.981616
-0.840979
-0.888876
-0.746733
-0.793377
-0.648194
-0.701719
-0.558073
-0.616395
-0.484322
-0.543645
-0.426971
-0.490065
-0.380948
-0.453676
-1.139000
-0.916633
-1.054464
-0.846542
-0.951476
-0.766544
-0.844458
-0.674442
-0.737610
-0.585746
-0.635049
-0.508929
-0.546728
-0.446839
-0.477962
-0.400115
-0.426703
-0.372036
-1.005670
-0.914694
-0.913751
-0.813054
-0.817014
-0.701963
-0.715285
-0.595577
-0.613747
-0.500585
-0.525860
-0.422263
-0.457973
-0.363750
-0.409634
-0.325825
-0.375972
-1.004943
-0.808315
-0.899341
-0.713323
-0.784749
-0.616245
-0.667120
-0.523269
-0.562123
-0.443020
-0.476865
-0.382659
-0.413476
-0.343405
-0.367967
-0.321985
-0.863160
-0.781041
-0.755402
-0.665288
-0.643432
-0.552162
-0.540226
-0.451522
-0.453572
-0.373674
-0.390283
-0.320705
-0.348890
-0.290223
-0.324801
-0.852274
-0.672677
-0.729827
-0.567601
-0.610797
-0.469286
-0.505246
-0.390999
-0.424167
-0.336445
-0.368642
-0.306214
-0.333716
-0.292690
-0.704578
-0.634610
-0.588125
-0.516574
-0.482382
-0.416876
-0.398673
-0.341646
-0.342207
-0.296417
-0.310068
-0.274245
-0.297705
-0.687272
-0.530310
-0.566383
-0.431023
-0.463044
-0.353463
-0.388539
-0.307256
-0.341710
-0.286349
-0.319959
-0.281947
-0.546976
-0.493042
-0.440796
-0.393436
-0.361611
-0.324947
-0.310515
-0.286594
-0.290303
-0.272169
-0.288829
-0.534813
-0.404962
-0.435756
-0.330925
-0.364651
-0.290259
-0.330154
-0.276776
-0.318937
-0.285471
-0.414222
-0.381698
-0.336462
-0.318060
-0.295009
-0.283698
-0.281203
-0.280889
-0.287603
-0.417721
-0.319128
-0.354156
-0.278662
-0.324451
-0.277065
-0.320397
-0.294092
-0.324125
-0.314354
-0.286187
-0.290339
-0.274640
-0.290402
-0.292634
-0.349202
-0.277563
-0.318657
-0.275842
-0.326785
-0.298489
-0.278334
-0.294665
-0.276551
-0.295691
-0.292698
-0.321129
-0.271924
-0.324900
-0.305044
-0.272848
-0.303146
-0.289521
-0.325083
-0.300987
-0.266789
-1.373968
-1.154638
-1.291711
-1.115413
-1.234813
-1.052869
-1.181499
-0.983443
-1.115184
-0.915433
-1.042753
-0.840596
-0.968509
-0.766748
-0.889466
-0.698943
-0.814189
-0.634087
-0.751943
-0.573493
-0.695873
-0.541352
-0.662132
-1.981826
-1.925329
-1.838429
-1.768568
-1.707695
-1.649661
-1.594861
-1.551185
-1.504155
-1.458765
-1.415474
-1.369417
-1.318335
-1.266968
-1.209693
-1.144084
-1.077267
-1.007779
-0.930148
-0.854680
-0.787406
-0.692615
-1.872697
-1.718888
-1.676558
-1.547888
-1.509055
-1.403967
-1.378943
-1.282105
-1.271951
-1.185467
-1.176390
-1.094599
-1.086021
-0.998543
-0.986165
-0.897977
-0.874812
-0.781374
-0.759632
-0.657423
-0.637792
-1.930863
-1.862641
-1.773563
-1.719219
-1.651990
-1.600245
-1.550967
-1.505544
-1.456796
-1.414268
-1.365923
-1.315298
-1.262232
-1.204373
-1.137779
-1.068940
-0.999442
-0.916957
-0.846466
-0.761114
-1.790641
-1.645295
-1.603343
-1.476411
-1.452086
-1.344459
-1.326926
-1.236189
-1.227890
-1.139760
-1.134728
-1.047654
-1.035688
-0.945620
-0.931199
-0.830905
-0.811610
-0.708582
-0.687542
-1.862831
-1.794243
-1.717351
-1.661823
-1.598735
-1.555162
-1.503533
-1.458300
-1.411472
-1.365021
-1.311601
-1.259110
-1.199105
-1.131265
-1.062966
-0.986659
-0.911648
-0.823745
-1.705722
-1.566644
-1.529170
-1.413966
-1.392530
-1.289266
-1.281746
-1.189991
-1.183914
-1.096261
-1.089395
-0.995796
-0.985294
-0.888235
-0.868809
-0.764207
-0.743059
-1.792810
-1.727021
-1.657806
-1.603716
-1.551432
-1.505243
-1.454896
-1.411321
-1.360708
-1.310576
-1.254638
-1.196010
-1.126811
-1.056723
-0.981345
-0.900099
-1.617802
-1.490503
-1.461923
-1.351895
-1.335324
-1.240811
-1.234072
-1.143692
-1.139477
-1.048701
-1.038594
-0.944558
-0.929757
-0.827439
-0.802508
-1.725202
-1.657995
-1.600289
-1.550664
-1.501166
-1.454560
-1.406717
-1.360059
-1.306008
-1.254843
-1.190442
-1.127303
-1.049871
-0.980069
-1.534496
-1.422741
-1.395272
-1.295701
-1.284185
-1.194331
-1.187828
-1.100841
-1.091826
-1.001609
-0.987309
-0.893945
-0.868204
-1.656757
-1.594018
-1.548808
-1.497547
-1.452710
-1.406365
-1.355665
-1.309401
-1.248680
-1.195818
-1.119011
-1.056771
-1.460066
-1.358752
-1.334669
-1.247613
-1.233245
-1.153374
-1.140656
-1.058385
-1.042465
-0.956954
-0.933913
-1.595044
-1.537487
-1.496081
-1.448545
-1.402314
-1.356416
-1.302823
-1.255688
-1.184806
-1.131855
-1.387107
-1.305538
-1.277951
-1.203115
-1.186060
-1.113103
-1.091366
-1.019778
-0.991124
-1.540955
-1.482607
-1.448973
-1.399470
-1.349540
-1.310665
-1.242616
-1.200824
-1.324271
-1.260602
-1.221957
-1.171146
-1.134439
-1.078898
-1.044797
-1.486104
-1.439898
-1.397045
-1.352655
-1.299813
-1.258205
-1.263847
-1.218990
-1.176345
-1.134969
-1.087358
-1.445056
-1.394583
-1.345399
-1.314800
-1.197451
-1.191052
-1.117866
-1.408719
-1.365347
-1.121649
-1.439741
-1.261876
-1.411300
-1.227335
-1.390626
-1.250308
-1.374719
-1.249203
-1.374966
-1.250965
-1.367101
-1.256781
-1.367108
-1.250926
-1.374910
-1.249134
-1.374738
-1.250065
-1.390671
-1.227171
-1.411174
-1.261673
-1.439825
-1.167325
-1.343347
-1.250618
-1.396525
-1.363325
-1.481998
-1.480351
-1.609924
-1.635062
-1.778617
-1.838777
-1.995082
-2.080762
-2.240111
-2.323227
-2.464275
-2.516230
-2.617667
-2.636030
-2.692768
-2.676163
-2.737275
-2.691909
-1.282413
-1.445699
-1.402069
-1.504304
-1.480732
-1.596063
-1.581296
-1.708271
-1.720113
-1.863028
-1.903337
-2.066428
-2.126712
-2.296011
-2.355409
-2.500571
-2.539116
-2.637735
-2.646520
-2.706675
-2.692744
-2.691335
-1.229776
-1.330347
-1.291867
-1.415952
-1.385689
-1.509342
-1.511139
-1.639633
-1.671122
-1.816777
-1.877228
-2.037919
-2.117864
-2.275431
-2.352714
-2.482949
-2.532984
-2.626417
-2.639324
-2.698503
-2.692700
-1.282638
-1.450747
-1.384897
-1.508809
-1.480029
-1.598125
-1.586547
-1.720235
-1.731445
-1.884339
-1.922840
-2.091460
-2.149394
-2.317778
-2.370470
-2.514146
-2.538793
-2.644665
-2.639374
-2.706685
-1.270478
-1.316529
-1.327011
-1.416036
-1.410323
-1.524689
-1.534088
-1.661457
-1.699351
-1.842671
-1.908887
-2.064160
-2.144950
-2.296136
-2.368732
-2.493598
-2.538734
-2.626406
-2.646476
-1.271704
-1.459743
-1.364371
-1.521162
-1.469254
-1.605412
-1.587239
-1.730012
-1.738399
-1.897513
-1.931309
-2.106201
-2.155575
-2.327198
-2.368780
-2.514164
-2.533046
-2.637740
-1.269827
-1.321174
-1.348749
-1.412565
-1.435990
-1.529953
-1.556015
-1.673553
-1.720559
-1.857359
-1.927083
-2.073547
-2.155509
-2.296130
-2.370421
-2.482899
-2.539094
-1.282438
-1.447297
-1.362905
-1.526168
-1.459438
-1.614805
-1.582523
-1.737458
-1.734661
-1.901735
-1.927124
-2.106225
-2.145013
-2.317778
-2.352808
-2.500577
-1.272269
-1.332898
-1.352001
-1.418919
-1.451796
-1.530718
-1.572513
-1.676755
-1.734597
-1.857355
-1.931260
-2.064100
-2.149380
-2.275353
-2.355375
-1.277996
-1.443708
-1.365877
-1.521627
-1.456056
-1.618915
-1.572537
-1.737487
-1.720612
-1.897507
-1.908987
-2.091463
-2.117941
-2.296055
-1.280627
-1.331035
-1.358153
-1.424679
-1.456010
-1.530720
-1.582485
-1.673484
-1.738394
-1.842577
-1.922803
-2.037853
-2.126675
-1.277558
-1.447332
-1.358175
-1.521650
-1.451834
-1.614795
-1.556117
-1.730003
-1.699418
-1.884384
-1.877301
-2.066448
-1.277536
-1.331030
-1.365850
-1.418865
-1.459463
-1.529858
-1.587214
-1.661385
-1.731390
-1.816640
-1.903358
-1.280652
-1.443703
-1.352094
-1.526139
-1.436065
-1.605466
-1.534158
-1.720241
-1.671249
-1.863007
-1.278033
-1.332790
-1.362920
-1.412513
-1.469222
-1.524562
-1.586590
-1.639437
-1.720078
-1.272358
-1.447330
-1.348791
-1.521172
-1.410490
-1.598107
-1.511274
-1.708338
-1.282416
-1.321069
-1.364455
-1.415830
-1.480047
-1.509225
-1.581259
-1.269977
-1.459666
-1.327150
-1.508894
-1.385780
-1.596105
-1.271799
-1.316416
-1.384856
-1.415753
-1.480822
-1.270507
-1.450784
-1.292109
-1.504262
-1.282795
-1.329996
-1.402127
-1.229979
-1.445834
-1.282373
-1.107731
-1.216406
-1.049182
-1.114448
-0.992024
-1.010927
-0.896474
-0.896206
-0.779041
-0.758104
-0.644353
-0.611979
-0.507196
-0.477755
-0.390674
-0.376724
-0.311282
-0.317621
-0.275172
-0.296529
-0.265898
-0.315439
-0.295283
-1.215790
-1.307508
-1.187557
-1.208231
-1.088870
-1.103995
-0.968102
-0.968336
-0.826994
-0.814555
-0.669614
-0.656127
-0.517498
-0.514186
-0.394704
-0.409027
-0.314894
-0.347163
-0.275117
-0.324092
-0.270970
-0.306017
-1.157829
-1.189283
-1.070122
-1.111946
-0.987691
-1.005813
-0.889522
-0.883185
-0.764763
-0.743197
-0.626058
-0.597619
-0.491269
-0.467472
-0.380386
-0.372044
-0.307636
-0.319531
-0.273428
-0.300107
-0.270977
-1.212619
-1.303755
-1.160204
-1.195009
-1.069452
-1.080921
-0.944472
-0.945242
-0.799530
-0.790460
-0.643239
-0.634215
-0.496643
-0.499966
-0.381351
-0.403340
-0.307167
-0.347454
-0.273111
-0.324193
-1.195960
-1.168691
-1.095859
-1.100543
-0.994371
-1.001390
-0.885955
-0.874623
-0.756911
-0.732255
-0.616869
-0.588003
-0.483069
-0.461672
-0.375957
-0.371196
-0.307152
-0.319679
-0.275315
-1.199242
-1.307756
-1.131059
-1.195742
-1.045317
-1.068865
-0.924496
-0.929413
-0.779023
-0.774429
-0.624662
-0.622873
-0.484494
-0.495380
-0.375738
-0.403413
-0.307549
-0.347023
-1.192682
-1.168808
-1.110968
-1.087239
-1.006991
-0.992042
-0.887839
-0.867249
-0.756024
-0.726881
-0.615962
-0.584619
-0.484450
-0.461792
-0.381481
-0.372031
-0.314908
-1.207795
-1.290418
-1.123117
-1.192421
-1.024851
-1.065776
-0.907613
-0.922289
-0.763975
-0.768615
-0.615824
-0.622928
-0.483033
-0.499839
-0.380203
-0.409262
-1.193567
-1.177658
-1.108923
-1.087343
-1.015054
-0.984010
-0.895146
-0.864158
-0.763915
-0.726976
-0.624731
-0.587992
-0.496643
-0.467838
-0.394475
-1.201139
-1.283649
-1.122231
-1.182614
-1.016883
-1.065981
-0.895076
-0.922328
-0.756021
-0.774326
-0.616768
-0.634374
-0.490912
-0.514176
-1.201603
-1.173889
-1.112972
-1.091334
-1.016831
-0.984071
-0.907634
-0.867245
-0.779005
-0.732526
-0.643040
-0.597820
-0.517675
-1.199075
-1.286399
-1.112957
-1.182630
-1.015068
-1.065716
-0.887786
-0.929521
-0.756667
-0.790457
-0.626084
-0.655932
-1.199041
-1.173916
-1.122222
-1.087359
-1.024804
-0.992232
-0.924336
-0.874783
-0.799631
-0.743256
-0.669500
-1.201623
-1.283630
-1.108883
-1.192499
-1.006846
-1.068866
-0.885974
-0.945103
-0.764567
-0.814793
-1.201063
-1.177795
-1.122998
-1.087347
-1.045352
-1.001456
-0.944372
-0.883622
-0.826720
-1.193498
-1.290408
-1.110985
-1.195673
-0.994231
-1.081084
-0.889200
-0.968297
-1.207784
-1.168893
-1.130937
-1.100859
-1.069245
-1.006028
-0.968225
-1.192571
-1.307875
-1.095663
-1.194979
-0.987698
-1.103832
-1.199080
-1.168843
-1.160241
-1.112082
-1.088732
-1.195972
-1.303681
-1.069916
-1.208404
-1.212430
-1.189695
-1.187332
-1.157616
-1.307435
-1.215797
-1.166981
-1.343668
-1.250510
-1.396717
-1.363127
-1.482291
-1.480125
-1.610120
-1.635003
-1.778763
-1.838666
-1.995246
-2.080630
-2.240225
-2.323151
-2.464339
-2.516155
-2.617734
-2.635952
-2.692807
-2.676109
-2.737292
-2.691864
-2.706845
-2.706018
-2.705189
-2.693767
-2.701420
-2.687398
-2.716930
-2.684696
-2.722172
-2.694094
-2.726935
-2.687284
-2.722433
-2.662970
-2.683596
-2.602578
-2.604420
-2.492396
-2.478427
-2.339167
-2.319310
-2.163888
-2.164635
-1.434445
-1.249901
-1.473695
-1.299988
-1.530603
-1.363733
-1.582626
-1.442829
-1.645691
-1.523276
-1.721136
-1.617171
-1.799427
-1.720470
-1.885910
-1.822722
-1.974573
-1.922343
-2.055800
-2.018490
-2.120061
-2.088088
-1.401523
-1.338424
-1.478708
-1.377898
-1.535193
-1.436824
-1.605494
-1.501288
-1.690638
-1.587098
-1.780531
-1.689723
-1.882811
-1.796510
-1.990164
-1.905076
-2.090753
-2.009019
-2.176928
-2.098752
-2.253276
-1.517066
-1.326979
-1.557359
-1.408845
-1.620566
-1.489109
-1.699988
-1.589754
-1.784886
-1.706827
-1.886762
-1.829110
-1.997415
-1.955989
-2.103498
-2.077364
-2.196993
-2.185251
-2.273186
-2.268874
-1.469665
-1.445420
-1.551083
-1.496745
-1.640527
-1.577648
-1.734850
-1.682622
-1.850271
-1.800609
-1.978389
-1.932443
-2.105533
-2.062975
-2.223515
-2.179844
-2.322415
-2.274130
-2.398828
-1.587642
-1.437873
-1.663795
-1.539209
-1.746281
-1.659684
-1.854726
-1.793303
-1.980765
-1.944731
-2.111604
-2.096461
-2.238787
-2.233020
-2.345855
-2.346202
-2.427924
-2.429773
-1.572163
-1.560659
-1.665362
-1.656523
-1.784336
-1.773182
-1.923081
-1.918179
-2.071865
-2.072084
-2.223364
-2.216456
-2.355909
-2.339483
-2.459422
-2.431643
-2.533281
-1.689817
-1.590958
-1.797091
-1.721787
-1.924298
-1.882689
-2.068738
-2.057042
-2.225835
-2.225789
-2.367964
-2.372748
-2.480031
-2.483393
-2.558579
-2.559243
-1.698175
-1.722055
-1.832352
-1.864359
-1.988046
-2.029061
-2.163977
-2.198548
-2.330435
-2.353728
-2.468082
-2.471835
-2.568198
-2.552984
-2.630291
-1.837684
-1.786349
-1.982559
-1.963326
-2.152474
-2.153161
-2.324128
-2.336792
-2.474056
-2.481244
-2.584360
-2.581844
-2.649289
-2.644625
-1.871878
-1.939966
-2.050061
-2.121106
-2.239931
-2.307313
-2.415575
-2.459526
-2.552600
-2.567511
-2.637181
-2.633014
-2.684618
-2.032770
-2.028527
-2.217508
-2.233312
-2.399714
-2.415457
-2.553135
-2.555188
-2.649673
-2.642885
-2.701614
-2.684079
-2.095627
-2.193732
-2.297018
-2.382984
-2.479891
-2.534604
-2.603273
-2.630543
-2.675588
-2.672432
-2.707583
-2.262537
-2.286722
-2.454262
-2.468698
-2.597294
-2.600705
-2.688448
-2.667919
-2.727485
-2.697282
-2.335573
-2.432921
-2.513463
-2.584697
-2.635846
-2.661580
-2.694769
-2.693865
-2.704036
-2.480911
-2.502556
-2.624125
-2.616396
-2.707349
-2.681534
-2.728375
-2.699109
-2.531037
-2.604297
-2.653285
-2.686281
-2.694359
-2.706216
-2.700919
-2.636820
-2.629238
-2.702479
-2.685621
-2.731654
-2.686869
-2.647540
-2.700008
-2.703772
-2.704748
-2.699458
-2.706118
-2.673224
-2.728805
-2.690081
-2.707559
-2.719905
-2.691594
-2.713436
-2.690299
-2.694893
-1.373968
-1.154639
-1.291711
-1.115414
-1.234813
-1.052869
-1.181499
-0.983443
-1.115184
-0.915433
-1.042753
-0.840596
-0.968509
-0.766748
-0.889466
-0.698944
-0.814189
-0.634087
-0.751943
-0.573493
-0.695873
-0.541352
-0.662132
-0.266789
-0.300987
-0.289521
-0.305044
-0.292698
-0.298490
-0.292635
-0.294092
-0.287603
-0.285471
-0.288829
-0.281947
-0.297705
-0.292690
-0.324801
-0.321985
-0.375972
-0.372036
-0.453676
-0.439413
-0.555053
-0.509901
-0.325083
-0.303146
-0.324901
-0.295692
-0.326785
-0.290403
-0.320397
-0.280889
-0.318937
-0.272169
-0.319959
-0.274245
-0.333716
-0.290224
-0.367967
-0.325825
-0.426703
-0.380948
-0.504588
-0.454585
-0.597278
-0.272849
-0.271924
-0.276552
-0.275842
-0.274641
-0.277065
-0.281203
-0.276776
-0.290303
-0.286349
-0.310068
-0.306215
-0.348889
-0.343405
-0.409634
-0.400115
-0.490065
-0.476379
-0.586703
-0.558626
-0.321129
-0.294666
-0.318658
-0.290339
-0.324452
-0.283699
-0.330154
-0.286594
-0.341710
-0.296417
-0.368642
-0.320705
-0.413476
-0.363750
-0.477961
-0.426971
-0.560378
-0.498864
-0.662358
-0.278334
-0.277563
-0.286188
-0.278662
-0.295010
-0.290260
-0.310515
-0.307257
-0.342208
-0.336445
-0.390283
-0.382659
-0.457973
-0.446839
-0.543645
-0.521762
-0.647894
-0.601161
-0.349203
-0.314354
-0.354156
-0.318060
-0.364651
-0.324948
-0.388539
-0.341647
-0.424167
-0.373674
-0.476865
-0.422263
-0.546728
-0.484322
-0.635627
-0.554029
-0.731173
-0.324125
-0.319128
-0.336462
-0.330926
-0.361611
-0.353463
-0.398673
-0.390999
-0.453572
-0.443020
-0.525860
-0.508929
-0.616395
-0.581681
-0.716289
-0.664328
-0.417721
-0.381698
-0.435756
-0.393437
-0.463044
-0.416877
-0.505246
-0.451522
-0.562123
-0.500585
-0.635049
-0.558073
-0.720331
-0.626995
-0.807831
-0.414223
-0.404962
-0.440796
-0.431024
-0.482382
-0.469287
-0.540227
-0.523270
-0.613747
-0.585746
-0.701719
-0.657682
-0.793107
-0.733471
-0.534814
-0.493042
-0.566383
-0.516575
-0.610797
-0.552162
-0.667120
-0.595577
-0.737610
-0.648194
-0.812761
-0.708062
-0.895694
-0.546977
-0.530310
-0.588125
-0.567602
-0.643432
-0.616245
-0.715285
-0.674442
-0.793377
-0.740032
-0.879709
-0.803177
-0.687272
-0.634610
-0.729828
-0.665288
-0.784749
-0.701964
-0.844459
-0.746733
-0.912595
-0.789977
-0.986097
-0.704578
-0.672677
-0.755402
-0.713323
-0.817014
-0.766544
-0.888876
-0.817805
-0.967773
-0.874809
-0.852275
-0.781041
-0.899341
-0.813055
-0.951477
-0.840979
-1.012047
-0.875095
-1.068706
-0.863161
-0.808316
-0.913751
-0.846542
-0.981617
-0.892096
-1.044976
-0.942691
-1.004944
-0.914695
-1.054465
-0.933786
-1.096363
-0.959593
-1.147387
-1.005670
-0.916633
-1.054841
-0.960620
-1.116964
-0.995970
-1.139000
-1.028763
-1.173482
-1.031311
-1.217634
-1.114924
-1.007801
-1.181583
-1.046544
-1.254093
-1.104468
-1.269481
-1.215258
-1.094862
-1.323017
-1.415327
-1.228268
-1.419952
-1.284043
-1.458611
-1.321792
-1.516375
-1.367363
-1.573032
-1.430317
-1.640294
-1.499561
-1.718192
-1.582360
-1.797458
-1.673977
-1.881441
-1.763850
-1.966267
-1.847848
-2.041794
-1.933384
-2.117251
-1.953837
-1.812612
-1.746751
-1.627863
-1.579667
-1.464742
-1.438244
-1.337291
-1.317786
-1.232148
-1.222127
-1.138102
-1.131888
-1.049626
-1.036504
-0.952218
-0.936881
-0.844103
-0.820974
-0.733051
-0.698012
-0.617712
-0.594757
-1.121649
-1.365347
-1.117866
-1.314800
-1.087359
-1.258205
-1.044798
-1.200824
-0.991124
-1.131855
-0.933914
-1.056771
-0.868204
-0.980069
-0.802508
-0.900099
-0.743059
-0.823745
-0.687542
-0.761114
-0.637792
-0.692614
-1.408719
-1.191052
-1.345400
-1.134969
-1.299813
-1.078898
-1.242616
-1.019778
-1.184807
-0.956954
-1.119011
-0.893945
-1.049871
-0.827439
-0.981345
-0.764207
-0.911648
-0.708582
-0.846466
-0.657423
-0.787406
-1.197452
-1.394584
-1.176346
-1.352655
-1.134439
-1.310665
-1.091366
-1.255688
-1.042465
-1.195818
-0.987309
-1.127303
-0.929757
-1.056723
-0.868809
-0.986659
-0.811610
-0.916957
-0.759632
-0.854680
-1.445056
-1.218990
-1.397045
-1.171146
-1.349540
-1.113103
-1.302823
-1.058385
-1.248680
-1.001609
-1.190442
-0.944558
-1.126811
-0.888235
-1.062966
-0.830905
-0.999442
-0.781374
-0.930148
-1.263847
-1.439898
-1.221958
-1.399470
-1.186060
-1.356416
-1.140656
-1.309401
-1.091826
-1.254843
-1.038594
-1.196010
-0.985294
-1.131265
-0.931199
-1.068940
-0.874812
-1.007779
-1.486105
-1.260602
-1.448973
-1.203115
-1.402315
-1.153375
-1.355665
-1.100841
-1.306008
-1.048701
-1.254638
-0.995796
-1.199105
-0.945620
-1.137779
-0.897977
-1.077267
-1.324272
-1.482607
-1.277952
-1.448546
-1.233246
-1.406365
-1.187828
-1.360059
-1.139478
-1.310576
-1.089395
-1.259110
-1.035688
-1.204373
-0.986165
-1.144084
-1.540956
-1.305539
-1.496082
-1.247613
-1.452710
-1.194331
-1.406717
-1.143692
-1.360709
-1.096261
-1.311601
-1.047653
-1.262232
-0.998543
-1.209693
-1.387107
-1.537488
-1.334670
-1.497548
-1.284185
-1.454560
-1.234072
-1.411322
-1.183914
-1.365021
-1.134728
-1.315298
-1.086021
-1.266968
-1.595045
-1.358753
-1.548809
-1.295701
-1.501166
-1.240811
-1.454896
-1.189991
-1.411472
-1.139760
-1.365923
-1.094599
-1.318335
-1.460066
-1.594018
-1.395272
-1.550664
-1.335324
-1.505243
-1.281746
-1.458300
-1.227890
-1.414268
-1.176391
-1.369417
-1.656758
-1.422741
-1.600289
-1.351895
-1.551433
-1.289266
-1.503533
-1.236189
-1.456796
-1.185467
-1.415474
-1.534496
-1.657995
-1.461923
-1.603716
-1.392530
-1.555162
-1.326926
-1.505544
-1.271951
-1.458765
-1.725202
-1.490503
-1.657806
-1.413966
-1.598736
-1.344459
-1.550967
-1.282105
-1.504155
-1.617802
-1.727021
-1.529169
-1.661823
-1.452086
-1.600245
-1.378943
-1.551185
-1.792810
-1.566644
-1.717351
-1.476411
-1.651990
-1.403967
-1.594861
-1.705722
-1.794243
-1.603343
-1.719219
-1.509055
-1.649660
-1.862831
-1.645295
-1.773563
-1.547888
-1.707695
-1.790640
-1.862641
-1.676558
-1.768568
-1.930863
-1.718888
-1.838429
-1.872697
-1.925329
-1.981826
-1.167323
-1.343345
-1.250614
-1.396521
-1.363320
-1.481991
-1.480343
-1.609944
-1.635111
-1.778634
-1.838765
-1.995069
-2.080753
-2.240106
-2.323224
-2.464274
-2.516230
-2.617669
-2.636032
-2.692771
-2.676166
-2.737278
-2.691912
-2.706840
-2.706006
-2.705193
-2.693727
-2.701448
-2.687306
-2.716981
-2.684582
-2.722211
-2.693949
-2.727013
-2.687056
-2.722540
-2.662721
-2.683676
-2.602278
-2.604569
-2.491963
-2.478615
-2.338704
-2.319473
-2.163295
-2.164939
-1.434382
-1.250159
-1.473862
-1.300109
-1.530673
-1.364101
-1.582556
-1.443122
-1.645833
-1.523468
-1.721198
-1.617567
-1.799390
-1.720813
-1.886049
-1.822973
-1.974685
-1.922731
-2.055837
-2.018855
-2.120247
-2.088341
-1.401681
-1.337976
-1.478771
-1.377664
-1.535126
-1.436499
-1.605626
-1.500838
-1.690692
-1.586811
-1.780484
-1.689348
-1.882920
-1.796018
-1.990229
-1.904689
-2.090736
-2.008574
-2.177038
-2.098167
-2.253418
-1.517121
-1.327288
-1.557300
-1.409087
-1.620695
-1.489256
-1.700044
-1.590080
-1.784851
-1.707097
-1.886886
-1.829300
-1.997502
-1.956313
-2.103522
-2.077657
-2.197148
-2.185449
-2.273374
-2.269133
-1.469612
-1.445147
-1.551197
-1.496370
-1.640569
-1.577423
-1.734803
-1.682318
-1.850368
-1.800206
-1.978438
-1.932143
-2.105512
-2.062614
-2.223609
-2.179377
-2.322513
-2.273705
-2.398871
-1.587748
-1.437992
-1.663842
-1.539485
-1.746253
-1.659901
-1.854836
-1.793449
-1.980831
-1.944999
-2.111615
-2.096693
-2.238917
-2.233182
-2.345988
-2.346436
-2.428020
-2.429995
-1.572191
-1.560485
-1.665323
-1.656277
-1.784417
-1.772852
-1.923112
-1.917948
-2.071839
-2.071795
-2.223443
-2.216084
-2.355973
-2.339165
-2.459442
-2.431286
-2.533372
-1.689800
-1.591141
-1.797188
-1.721904
-1.924346
-1.882913
-2.068740
-2.057226
-2.225943
-2.225918
-2.368060
-2.372953
-2.480094
-2.483577
-2.558722
-2.559379
-1.698251
-1.721798
-1.832364
-1.864177
-1.988011
-2.028827
-2.164038
-2.198253
-2.330472
-2.353492
-2.468083
-2.471557
-2.568270
-2.552646
-2.630352
-1.837717
-1.786530
-1.982549
-1.963470
-2.152559
-2.153267
-2.324193
-2.336969
-2.474095
-2.481395
-2.584474
-2.581956
-2.649398
-2.644791
-1.871829
-1.939775
-2.050098
-2.120871
-2.239944
-2.307137
-2.415561
-2.459312
-2.552652
-2.567248
-2.637220
-2.632790
-2.684625
-2.032828
-2.028609
-2.217546
-2.233464
-2.399734
-2.415582
-2.553223
-2.555282
-2.649750
-2.643029
-2.701669
-2.684208
-2.095610
-2.193604
-2.296988
-2.382819
-2.479923
-2.534404
-2.603291
-2.630381
-2.675583
-2.672242
-2.707625
-2.262542
-2.286823
-2.454327
-2.468782
-2.597345
-2.600831
-2.688483
-2.668026
-2.727568
-2.697363
-2.335581
-2.432777
-2.513455
-2.584584
-2.635829
-2.661441
-2.694794
-2.693695
-2.704054
-2.480936
-2.502667
-2.624146
-2.616488
-2.707409
-2.681604
-2.728428
-2.699208
-2.531003
-2.604201
-2.653289
-2.686164
-2.694358
-2.706119
-2.700908
-2.636859
-2.629308
-2.702511
-2.685709
-2.731677
-2.686942
-2.647513
-2.699950
-2.703748
-2.704676
-2.699463
-2.706131
-2.673291
-2.728835
-2.690129
-2.707538
-2.719857
-2.691584
-2.713449
-2.690350
-2.694868
-1.374232
-1.154267
-1.291619
-1.115176
-1.234946
-1.052137
-1.181809
-0.982987
-1.114857
-0.915184
-1.042810
-0.839503
-0.968851
-0.766116
-0.888809
-0.698595
-0.814182
-0.632489
-0.752342
-0.572596
-0.694986
-0.540725
-0.662269
-0.266541
-0.301366
-0.289799
-0.304921
-0.292996
-0.299331
-0.291898
-0.294861
-0.288137
-0.285007
-0.289097
-0.283098
-0.296524
-0.293643
-0.325225
-0.321597
-0.376123
-0.373286
-0.452558
-0.440428
-0.555480
-0.509910
-0.325223
-0.302587
-0.324951
-0.295672
-0.326117
-0.290202
-0.320920
-0.279516
-0.319410
-0.272115
-0.319294
-0.273858
-0.334722
-0.288424
-0.368798
-0.325480
-0.426351
-0.380196
-0.505752
-0.452625
-0.598009
-0.272822
-0.272537
-0.276133
-0.276408
-0.275104
-0.276782
-0.281503
-0.277729
-0.289446
-0.287115
-0.310580
-0.305811
-0.349081
-0.344542
-0.408593
-0.400996
-0.490474
-0.476226
-0.586745
-0.559981
-0.320805
-0.294446
-0.318941
-0.289386
-0.324655
-0.283657
-0.329506
-0.286284
-0.342423
-0.294938
-0.369201
-0.320533
-0.413004
-0.363182
-0.478974
-0.425250
-0.561061
-0.498454
-0.662048
-0.278580
-0.277517
-0.286368
-0.279407
-0.294470
-0.290858
-0.311032
-0.306934
-0.342452
-0.337420
-0.389448
-0.383389
-0.458430
-0.446611
-0.543715
-0.522945
-0.646990
-0.602037
-0.349232
-0.314301
-0.353683
-0.317776
-0.365096
-0.323810
-0.388848
-0.341551
-0.423637
-0.373240
-0.477649
-0.420806
-0.547249
-0.484067
-0.635276
-0.553333
-0.732075
-0.323835
-0.319543
-0.336863
-0.330761
-0.361841
-0.354258
-0.398092
-0.391584
-0.454062
-0.442782
-0.526000
-0.509936
-0.615624
-0.582407
-0.716673
-0.664323
-0.417967
-0.380935
-0.435886
-0.393348
-0.462568
-0.416518
-0.505789
-0.450340
-0.562455
-0.500429
-0.634637
-0.557531
-0.721087
-0.625617
-0.808255
-0.414363
-0.405549
-0.440445
-0.431474
-0.482832
-0.469113
-0.540415
-0.524099
-0.613172
-0.586332
-0.702138
-0.657601
-0.793152
-0.734498
-0.534478
-0.492751
-0.566723
-0.515676
-0.610973
-0.552040
-0.666701
-0.595146
-0.738175
-0.647041
-0.813066
-0.707825
-0.895389
-0.547319
-0.530222
-0.588305
-0.568250
-0.643054
-0.616711
-0.715708
-0.674347
-0.793494
-0.740881
-0.879183
-0.803772
-0.687342
-0.634506
-0.729470
-0.664938
-0.785132
-0.701033
-0.844641
-0.746557
-0.912259
-0.789473
-0.986635
-0.704362
-0.673019
-0.755776
-0.713258
-0.817174
-0.767225
-0.888509
-0.818284
-0.968138
-0.874830
-0.852515
-0.780344
-0.899431
-0.812904
-0.951150
-0.840572
-1.012435
-0.874179
-1.068884
-0.863312
-0.808826
-0.913526
-0.846923
-0.981974
-0.892095
-1.045097
-0.943373
-1.004680
-0.914375
-1.054718
-0.933043
-1.096463
-0.959386
-1.147131
-1.005972
-0.916634
-1.055002
-0.961161
-1.116755
-0.996359
-1.139054
-1.028577
-1.173233
-1.030934
-1.217900
-1.114812
-1.008121
-1.181889
-1.046588
-1.254257
-1.103848
-1.269553
-1.215440
-1.095278
-1.322859
-1.415426
-1.228006
-1.419861
-1.283695
-1.458780
-1.321280
-1.516442
-1.367087
-1.572960
-1.429923
-1.640446
-1.499022
-1.718257
-1.581993
-1.797408
-1.673518
-1.881559
-1.763255
-1.966353
-1.847356
-2.041786
-1.932827
-2.117371
-1.954358
-1.811966
-1.747157
-1.627245
-1.580283
-1.463947
-1.438830
-1.336735
-1.318199
-1.231429
-1.222979
-1.137031
-1.132622
-1.049047
-1.036890
-0.951325
-0.938107
-0.842551
-0.821973
-0.732372
-0.698395
-0.616409
-0.596530
-1.121712
-1.365555
-1.118159
-1.314636
-1.087872
-1.258323
-1.044865
-1.201197
-0.991600
-1.131618
-0.934744
-1.057031
-0.868289
-0.980728
-0.803243
-0.899812
-0.744270
-0.824198
-0.687667
-0.762019
-0.638840
-0.692157
-1.408846
-1.190465
-1.345659
-1.134562
-1.299640
-1.078635
-1.242699
-1.018920
-1.185103
-0.956398
-1.118582
-0.893614
-1.049882
-0.826162
-0.981692
-0.763417
-0.910967
-0.708087
-0.846536
-0.655585
-0.788077
-1.197833
-1.394674
-1.176429
-1.352916
-1.134806
-1.310503
-1.091999
-1.255854
-1.042590
-1.196280
-0.987897
-1.127077
-0.930746
-1.057019
-0.869001
-0.987345
-0.812494
-0.916574
-0.761064
-0.854906
-1.444973
-1.218726
-1.397143
-1.170472
-1.349790
-1.112621
-1.302574
-1.058062
-1.248720
-1.000608
-1.190733
-0.943877
-1.126333
-0.887790
-1.062993
-0.829446
-0.999907
-0.780374
-0.929661
-1.264143
-1.439791
-1.222431
-1.399583
-1.186200
-1.356735
-1.141115
-1.309245
-1.092592
-1.255043
-1.038809
-1.196519
-0.986012
-1.131005
-0.932356
-1.069150
-0.875164
-1.008332
-1.486293
-1.260198
-1.448843
-1.202805
-1.402377
-1.152594
-1.355905
-1.100261
-1.305705
-1.048288
-1.254664
-0.994644
-1.199435
-0.944788
-1.137371
-0.897389
-1.077407
-1.324426
-1.482813
-1.278318
-1.448442
-1.233827
-1.406502
-1.188046
-1.360421
-1.140048
-1.310412
-1.090303
-1.259294
-1.036027
-1.204831
-0.987006
-1.143739
-1.541020
-1.304940
-1.496268
-1.247128
-1.452537
-1.193948
-1.406758
-1.142789
-1.360955
-1.095560
-1.311301
-1.047120
-1.262313
-0.997271
-1.210097
-1.387552
-1.537572
-1.334884
-1.497790
-1.284641
-1.454457
-1.234772
-1.411464
-1.184234
-1.365382
-1.135421
-1.315086
-1.087032
-1.267098
-1.594957
-1.358411
-1.548861
-1.294999
-1.501353
-1.240228
-1.454704
-1.189509
-1.411524
-1.138732
-1.366209
-1.093809
-1.318079
-1.460431
-1.593947
-1.395810
-1.550765
-1.335620
-1.505501
-1.282309
-1.458180
-1.228705
-1.414391
-1.176786
-1.369744
-1.656907
-1.422263
-1.600183
-1.351466
-1.551484
-1.288451
-1.503733
-1.235503
-1.456613
-1.184909
-1.415561
-1.534753
-1.658166
-1.462377
-1.603643
-1.393169
-1.555266
-1.327310
-1.505801
-1.272591
-1.458616
-1.725271
-1.489860
-1.657960
-1.413395
-1.598622
-1.343938
-1.551026
-1.281206
-1.504380
-1.618281
-1.727102
-1.529504
-1.662006
-1.452633
-1.600172
-1.379658
-1.551279
-1.792770
-1.566183
-1.717425
-1.475666
-1.652140
-1.403320
-1.594754
-1.706153
-1.794198
-1.603908
-1.719324
-1.509461
-1.649846
-1.862974
-1.644746
-1.773504
-1.547336
-1.707770
-1.790963
-1.862783
-1.677084
-1.768541
-1.930988
-1.718177
-1.838548
-1.873167
-1.925472
-1.981859
-1.415428
-1.228008
-1.419863
-1.283697
-1.458781
-1.321281
-1.516442
-1.367087
-1.572960
-1.429923
-1.640445
-1.499021
-1.718257
-1.581993
-1.797407
-1.673518
-1.881559
-1.763255
-1.966353
-1.847356
-2.041786
-1.932827
-2.117371
-2.694865
-2.690347
-2.691582
-2.690126
-2.699460
-2.686940
-2.700906
-2.699206
-2.704052
-2.697361
-2.707623
-2.684206
-2.684624
-2.644790
-2.630352
-2.559379
-2.533371
-2.429994
-2.398871
-2.269133
-2.253418
-2.088341
-2.713446
-2.719853
-2.728832
-2.704673
-2.731674
-2.706116
-2.728426
-2.693693
-2.727566
-2.672241
-2.701667
-2.632789
-2.649397
-2.552645
-2.558722
-2.431285
-2.428020
-2.273705
-2.273374
-2.098167
-2.120247
-2.707535
-2.673288
-2.703745
-2.685706
-2.694356
-2.681602
-2.694792
-2.668025
-2.675581
-2.643027
-2.637219
-2.581955
-2.568269
-2.483577
-2.459442
-2.346436
-2.322513
-2.185449
-2.177038
-2.018855
-2.706128
-2.699948
-2.702509
-2.686161
-2.707407
-2.661439
-2.688482
-2.630379
-2.649749
-2.567247
-2.584473
-2.471557
-2.480093
-2.339165
-2.345988
-2.179377
-2.197148
-2.008574
-2.055837
-2.647511
-2.629306
-2.653287
-2.616486
-2.635827
-2.600829
-2.603290
-2.555281
-2.552652
-2.481395
-2.468083
-2.372953
-2.355973
-2.233182
-2.223609
-2.077657
-2.090736
-1.922732
-2.636857
-2.604199
-2.624145
-2.584583
-2.597344
-2.534404
-2.553223
-2.459312
-2.474095
-2.353492
-2.368060
-2.216084
-2.238917
-2.062614
-2.103522
-1.904689
-1.974685
-2.531002
-2.502667
-2.513454
-2.468782
-2.479923
-2.415583
-2.415562
-2.336969
-2.330473
-2.225918
-2.223443
-2.096694
-2.105512
-1.956313
-1.990229
-1.822973
-2.480937
-2.432779
-2.454329
-2.382820
-2.399736
-2.307139
-2.324195
-2.198255
-2.225944
-2.071796
-2.111615
-1.932142
-1.997502
-1.796017
-1.886048
-2.335584
-2.286827
-2.296992
-2.233468
-2.239947
-2.153270
-2.164040
-2.057227
-2.071840
-1.944999
-1.978438
-1.829300
-1.882920
-1.720812
-2.262548
-2.193611
-2.217553
-2.120877
-2.152564
-2.028830
-2.068741
-1.917948
-1.980831
-1.800205
-1.886885
-1.689348
-1.799389
-2.095621
-2.028620
-2.050107
-1.963477
-1.988014
-1.882913
-1.923111
-1.793447
-1.850367
-1.707096
-1.780483
-1.617566
-2.032842
-1.939786
-1.982556
-1.864179
-1.924344
-1.772849
-1.854833
-1.682315
-1.784849
-1.586809
-1.721197
-1.871837
-1.786529
-1.832356
-1.721894
-1.784409
-1.659895
-1.734799
-1.590078
-1.690690
-1.523467
-1.837691
-1.721770
-1.797166
-1.656263
-1.746245
-1.577418
-1.700042
-1.500836
-1.645832
-1.698211
-1.591116
-1.665310
-1.539477
-1.640565
-1.489254
-1.605625
-1.443122
-1.689790
-1.560481
-1.663840
-1.496369
-1.620694
-1.436499
-1.582557
-1.572197
-1.437995
-1.551199
-1.409088
-1.535127
-1.364102
-1.587753
-1.445150
-1.557302
-1.377665
-1.530674
-1.469616
-1.327292
-1.478774
-1.300111
-1.517125
-1.337978
-1.473864
-1.401684
-1.250161
-1.434385
-1.108012
-1.216152
-1.049216
-1.114165
-0.992402
-1.010388
-0.896738
-0.896094
-0.779002
-0.757845
-0.644799
-0.611394
-0.507480
-0.477694
-0.390642
-0.376499
-0.311772
-0.317150
-0.275463
-0.296543
-0.266045
-0.315256
-0.295714
-0.345354
-0.343255
-0.347283
-0.328691
-0.350653
-0.324921
-0.348745
-0.310299
-0.335680
-0.294285
-0.322112
-0.273981
-0.313230
-0.265792
-0.314327
-0.273288
-0.339913
-0.302288
-0.388033
-0.355847
-0.459028
-0.421525
-0.556290
-1.322860
-1.095279
-1.269554
-1.046589
-1.217900
-0.996360
-1.147131
-0.943374
-1.068885
-0.874830
-0.986635
-0.803772
-0.895390
-0.734498
-0.808256
-0.664323
-0.732075
-0.602038
-0.662048
-0.559982
-0.598009
-0.509910
-1.215442
-1.103849
-1.181890
-1.030935
-1.116756
-0.959386
-1.045098
-0.874179
-0.968138
-0.789473
-0.879183
-0.707825
-0.793152
-0.625617
-0.716673
-0.553333
-0.646990
-0.498455
-0.586745
-0.452625
-0.555480
-1.254258
-1.008122
-1.173233
-0.961162
-1.096464
-0.892096
-1.012436
-0.818284
-0.912260
-0.740881
-0.813066
-0.657601
-0.721088
-0.582407
-0.635276
-0.522946
-0.561061
-0.476226
-0.505752
-0.440428
-1.114813
-1.028578
-1.055002
-0.933044
-0.981975
-0.840573
-0.888509
-0.746558
-0.793494
-0.647041
-0.702139
-0.557532
-0.615624
-0.484067
-0.543715
-0.425250
-0.490474
-0.380196
-0.452558
-1.139055
-0.916635
-1.054719
-0.846924
-0.951151
-0.767226
-0.844642
-0.674348
-0.738175
-0.586332
-0.634637
-0.509936
-0.547249
-0.446611
-0.478974
-0.400996
-0.426351
-0.373286
-1.005973
-0.914376
-0.913527
-0.812905
-0.817174
-0.701033
-0.715708
-0.595146
-0.613172
-0.500429
-0.526001
-0.420806
-0.458430
-0.363182
-0.408593
-0.325480
-0.376123
-1.004681
-0.808826
-0.899431
-0.713259
-0.785132
-0.616712
-0.666701
-0.524099
-0.562455
-0.442782
-0.477650
-0.383389
-0.413004
-0.344542
-0.368798
-0.321597
-0.863313
-0.780345
-0.755777
-0.664938
-0.643054
-0.552040
-0.540415
-0.450340
-0.454063
-0.373240
-0.389448
-0.320534
-0.349081
-0.288424
-0.325225
-0.852516
-0.673020
-0.729471
-0.568250
-0.610974
-0.469114
-0.505790
-0.391585
-0.423637
-0.337421
-0.369201
-0.305811
-0.334722
-0.293643
-0.704362
-0.634507
-0.588306
-0.515676
-0.482832
-0.416519
-0.398092
-0.341552
-0.342452
-0.294938
-0.310580
-0.273858
-0.296524
-0.687342
-0.530222
-0.566724
-0.431474
-0.462568
-0.354259
-0.388849
-0.306934
-0.342423
-0.287115
-0.319294
-0.283098
-0.547319
-0.492751
-0.440445
-0.393348
-0.361841
-0.323810
-0.311032
-0.286284
-0.289446
-0.272115
-0.289097
-0.534478
-0.405550
-0.435886
-0.330761
-0.365096
-0.290859
-0.329506
-0.277729
-0.319410
-0.285007
-0.414364
-0.380935
-0.336863
-0.317777
-0.294470
-0.283657
-0.281503
-0.279516
-0.288137
-0.417967
-0.319543
-0.353683
-0.279407
-0.324655
-0.276783
-0.320921
-0.294861
-0.323835
-0.314301
-0.286368
-0.289386
-0.275105
-0.290202
-0.291898
-0.349233
-0.277517
-0.318942
-0.276408
-0.326117
-0.299331
-0.278581
-0.294446
-0.276133
-0.295672
-0.292996
-0.320805
-0.272537
-0.324951
-0.304921
-0.272822
-0.302587
-0.289799
-0.325224
-0.301366
-0.266542
-1.374233
-1.154268
-1.291621
-1.115177
-1.234947
-1.052138
-1.181809
-0.982988
-1.114858
-0.915184
-1.042811
-0.839504
-0.968852
-0.766116
-0.888809
-0.698595
-0.814182
-0.632489
-0.752342
-0.572596
-0.694986
-0.540725
-0.662269
-1.981859
-1.925472
-1.838548
-1.768541
-1.707770
-1.649846
-1.594754
-1.551279
-1.504381
-1.458616
-1.415562
-1.369744
-1.318079
-1.267098
-1.210097
-1.143739
-1.077407
-1.008332
-0.929662
-0.854905
-0.788077
-0.692156
-1.873167
-1.718177
-1.677084
-1.547335
-1.509461
-1.403320
-1.379658
-1.281206
-1.272591
-1.184909
-1.176786
-1.093809
-1.087032
-0.997271
-0.987006
-0.897389
-0.875164
-0.780374
-0.761064
-0.655585
-0.638840
-1.930988
-1.862783
-1.773504
-1.719324
-1.652140
-1.600172
-1.551026
-1.505801
-1.456613
-1.414391
-1.366209
-1.315086
-1.262313
-1.204831
-1.137371
-1.069151
-0.999907
-0.916574
-0.846536
-0.762019
-1.790963
-1.644746
-1.603908
-1.475666
-1.452634
-1.343938
-1.327310
-1.235503
-1.228705
-1.138732
-1.135421
-1.047120
-1.036027
-0.944788
-0.932356
-0.829446
-0.812494
-0.708087
-0.687667
-1.862974
-1.794198
-1.717425
-1.662006
-1.598623
-1.555266
-1.503733
-1.458180
-1.411524
-1.365382
-1.311301
-1.259294
-1.199435
-1.131006
-1.062994
-0.987345
-0.910967
-0.824198
-1.706153
-1.566183
-1.529504
-1.413395
-1.393169
-1.288451
-1.282309
-1.189509
-1.184234
-1.095561
-1.090303
-0.994644
-0.986012
-0.887790
-0.869001
-0.763417
-0.744271
-1.792770
-1.727102
-1.657960
-1.603644
-1.551485
-1.505502
-1.454705
-1.411464
-1.360956
-1.310412
-1.254665
-1.196519
-1.126334
-1.057020
-0.981692
-0.899812
-1.618281
-1.489860
-1.462377
-1.351466
-1.335620
-1.240228
-1.234772
-1.142789
-1.140049
-1.048288
-1.038809
-0.943877
-0.930746
-0.826162
-0.803243
-1.725271
-1.658166
-1.600183
-1.550765
-1.501353
-1.454457
-1.406758
-1.360421
-1.305706
-1.255043
-1.190733
-1.127078
-1.049882
-0.980728
-1.534752
-1.422263
-1.395810
-1.294999
-1.284641
-1.193948
-1.188046
-1.100261
-1.092592
-1.000608
-0.987897
-0.893614
-0.868290
-1.656907
-1.593947
-1.548861
-1.497790
-1.452537
-1.406502
-1.355905
-1.309245
-1.248721
-1.196281
-1.118583
-1.057032
-1.460430
-1.358411
-1.334884
-1.247128
-1.233827
-1.152594
-1.141116
-1.058063
-1.042591
-0.956398
-0.934744
-1.594957
-1.537573
-1.496269
-1.448443
-1.402378
-1.356736
-1.302575
-1.255855
-1.185103
-1.131618
-1.387552
-1.304940
-1.278318
-1.202805
-1.186200
-1.112621
-1.092000
-1.018920
-0.991601
-1.541020
-1.482814
-1.448843
-1.399583
-1.349791
-1.310503
-1.242699
-1.201197
-1.324426
-1.260199
-1.222432
-1.170473
-1.134807
-1.078636
-1.044866
-1.486294
-1.439792
-1.397144
-1.352917
-1.299640
-1.258324
-1.264144
-1.218727
-1.176430
-1.134563
-1.087873
-1.444975
-1.394675
-1.345661
-1.314637
-1.197834
-1.190466
-1.118160
-1.408848
-1.365557
-1.121713
-2.706848
-2.706021
-2.705192
-2.693770
-2.701423
-2.687401
-2.716932
-2.684698
-2.722174
-2.694096
-2.726937
-2.687285
-2.722434
-2.662971
-2.683597
-2.602578
-2.604420
-2.492396
-2.478428
-2.339167
-2.319310
-2.163888
-2.164635
-2.660517
-2.667623
-2.657171
-2.659957
-2.667413
-2.658451
-2.670993
-2.680735
-2.683421
-2.696105
-2.702992
-2.710581
-2.702587
-2.707651
-2.675932
-2.663485
-2.603185
-2.572283
-2.477810
-2.438004
-2.321239
-2.276135
-2.655845
-2.658487
-2.666183
-2.637213
-2.663787
-2.648643
-2.671887
-2.655822
-2.698290
-2.672923
-2.714792
-2.688429
-2.721737
-2.676226
-2.697390
-2.625691
-2.621679
-2.519432
-2.492706
-2.361049
-2.321239
-2.649303
-2.592443
-2.622591
-2.608517
-2.615434
-2.615871
-2.639989
-2.641222
-2.663064
-2.679946
-2.693023
-2.706612
-2.710495
-2.714290
-2.690353
-2.677821
-2.620293
-2.582986
-2.492706
-2.438004
-2.605389
-2.605850
-2.590754
-2.586289
-2.611325
-2.592162
-2.628690
-2.623886
-2.663830
-2.653771
-2.700737
-2.681552
-2.716098
-2.682057
-2.697299
-2.632002
-2.620294
-2.519433
-2.477810
-2.570028
-2.537937
-2.571999
-2.538318
-2.570276
-2.571533
-2.599095
-2.608503
-2.645308
-2.660815
-2.685825
-2.703992
-2.712707
-2.715306
-2.697300
-2.677821
-2.621680
-2.572283
-2.552556
-2.522936
-2.533182
-2.533181
-2.550839
-2.548499
-2.594091
-2.593932
-2.639778
-2.644037
-2.688835
-2.678136
-2.712707
-2.682057
-2.690353
-2.625692
-2.603185
-2.509185
-2.487593
-2.506917
-2.487998
-2.534501
-2.530595
-2.572642
-2.591873
-2.634511
-2.652805
-2.688836
-2.703992
-2.716098
-2.714291
-2.697390
-2.663486
-2.483754
-2.462164
-2.492256
-2.482411
-2.513320
-2.527102
-2.572085
-2.581729
-2.634511
-2.644038
-2.685826
-2.681553
-2.710496
-2.676227
-2.675933
-2.468433
-2.437133
-2.465400
-2.465607
-2.510990
-2.513625
-2.572085
-2.591873
-2.639778
-2.660816
-2.700738
-2.706613
-2.721738
-2.707652
-2.439489
-2.435800
-2.465320
-2.460024
-2.510990
-2.527103
-2.572642
-2.593932
-2.645309
-2.653772
-2.693024
-2.688430
-2.702588
-2.441744
-2.413037
-2.465320
-2.465608
-2.513320
-2.530595
-2.594092
-2.608503
-2.663831
-2.679947
-2.714793
-2.710582
-2.441745
-2.435800
-2.465400
-2.482411
-2.534502
-2.548500
-2.599096
-2.623887
-2.663065
-2.672925
-2.702993
-2.439489
-2.437133
-2.492256
-2.487999
-2.550839
-2.571534
-2.628691
-2.641223
-2.698292
-2.696107
-2.468434
-2.462165
-2.506918
-2.533182
-2.570277
-2.592164
-2.639990
-2.655823
-2.683422
-2.483754
-2.487594
-2.533184
-2.538320
-2.611327
-2.615872
-2.671889
-2.680737
-2.509186
-2.522938
-2.572000
-2.586290
-2.615435
-2.648645
-2.670995
-2.552558
-2.537938
-2.590756
-2.608519
-2.663790
-2.658453
-2.570030
-2.605852
-2.622593
-2.637216
-2.667415
-2.605391
-2.592446
-2.666185
-2.659959
-2.649305
-2.658490
-2.657173
-2.655848
-2.667626
-2.660520
-2.663998
-2.702531
-2.609343
-2.611432
-2.569721
-2.546450
-2.493244
-2.489344
-2.437286
-2.432508
-2.416544
-2.404146
-2.416544
-2.432507
-2.437285
-2.489343
-2.493243
-2.546449
-2.569719
-2.611429
-2.609340
-2.702528
-2.663995
-2.706837
-2.706003
-2.705190
-2.693724
-2.701445
-2.687304
-2.716978
-2.684580
-2.722209
-2.693948
-2.727011
-2.687055
-2.722539
-2.662720
-2.683675
-2.602277
-2.604569
-2.491962
-2.478615
-2.338704
-2.319473
-2.163295
-2.164939
-2.660539
-2.667619
-2.657212
-2.659945
-2.667472
-2.658455
-2.671046
-2.680754
-2.683507
-2.696103
-2.703106
-2.710613
-2.702682
-2.707703
-2.676089
-2.663500
-2.603379
-2.572363
-2.477977
-2.438099
-2.321516
-2.276184
-2.655847
-2.658462
-2.666201
-2.637164
-2.663808
-2.648564
-2.671935
-2.655684
-2.698363
-2.672764
-2.714851
-2.688230
-2.721848
-2.675930
-2.697532
-2.625371
-2.621801
-2.519036
-2.492930
-2.360489
-2.321516
-2.649321
-2.592444
-2.622619
-2.608522
-2.615484
-2.615865
-2.640060
-2.641236
-2.663127
-2.679973
-2.693128
-2.706613
-2.710628
-2.714335
-2.690467
-2.677880
-2.620485
-2.582998
-2.492929
-2.438099
-2.605391
-2.605826
-2.590774
-2.586225
-2.611364
-2.592075
-2.628727
-2.623766
-2.663902
-2.653583
-2.700836
-2.681343
-2.716183
-2.681795
-2.697453
-2.631626
-2.620485
-2.519036
-2.477977
-2.570042
-2.537935
-2.572031
-2.538323
-2.570312
-2.571545
-2.599160
-2.608498
-2.645394
-2.660838
-2.685901
-2.704025
-2.712836
-2.715308
-2.697453
-2.677880
-2.621801
-2.572363
-2.552563
-2.522909
-2.533199
-2.533124
-2.550878
-2.548394
-2.594151
-2.593806
-2.639833
-2.643873
-2.688937
-2.677892
-2.712836
-2.681795
-2.690467
-2.625371
-2.603378
-2.509195
-2.487597
-2.506945
-2.487995
-2.534548
-2.530605
-2.572688
-2.591889
-2.634593
-2.652801
-2.688937
-2.704025
-2.716183
-2.714334
-2.697532
-2.663500
-2.483761
-2.462130
-2.492280
-2.482350
-2.513350
-2.527010
-2.572146
-2.581581
-2.634593
-2.643873
-2.685900
-2.681343
-2.710628
-2.675929
-2.676088
-2.468444
-2.437136
-2.465420
-2.465614
-2.511034
-2.513620
-2.572146
-2.591888
-2.639833
-2.660837
-2.700835
-2.706612
-2.721847
-2.707703
-2.439495
-2.435770
-2.465345
-2.459953
-2.511033
-2.527010
-2.572687
-2.593805
-2.645394
-2.653582
-2.693127
-2.688229
-2.702681
-2.441754
-2.413035
-2.465345
-2.465613
-2.513350
-2.530604
-2.594150
-2.608497
-2.663901
-2.679972
-2.714850
-2.710612
-2.441753
-2.435770
-2.465420
-2.482350
-2.534547
-2.548394
-2.599159
-2.623765
-2.663126
-2.672762
-2.703105
-2.439494
-2.437135
-2.492280
-2.487994
-2.550877
-2.571544
-2.628725
-2.641235
-2.698361
-2.696101
-2.468443
-2.462130
-2.506944
-2.533123
-2.570311
-2.592073
-2.640058
-2.655682
-2.683505
-2.483760
-2.487596
-2.533197
-2.538322
-2.611362
-2.615863
-2.671933
-2.680752
-2.509193
-2.522907
-2.572029
-2.586223
-2.615482
-2.648562
-2.671044
-2.552561
-2.537934
-2.590773
-2.608520
-2.663805
-2.658453
-2.570041
-2.605823
-2.622616
-2.637161
-2.667469
-2.605389
-2.592442
-2.666198
-2.659942
-2.649318
-2.658459
-2.657209
-2.655845
-2.667616
-2.660536
-0.294821
-0.382690
-0.339399
-0.415810
-0.419248
-0.484136
-0.491576
-0.559760
-0.562316
-0.610853
-0.615995
-0.621948
-0.615995
-0.610853
-0.562316
-0.559759
-0.491576
-0.484136
-0.419248
-0.415810
-0.339399
-0.382690
-0.294821
-0.345530
-0.343204
-0.347756
-0.328781
-0.350436
-0.325998
-0.348455
-0.310298
-0.336475
-0.294515
-0.321231
-0.275733
-0.312428
-0.265952
-0.314895
-0.273800
-0.338681
-0.304370
-0.386954
-0.356475
-0.459216
-0.422575
-0.555021
-0.332122
-0.315090
-0.349576
-0.330562
-0.349447
-0.328362
-0.340509
-0.323613
-0.322163
-0.308766
-0.304450
-0.296414
-0.289395
-0.296215
-0.289863
-0.315085
-0.313075
-0.360534
-0.362218
-0.433242
-0.438436
-0.526737
-0.373137
-0.383834
-0.391135
-0.377177
-0.395728
-0.369740
-0.381565
-0.345926
-0.361545
-0.315257
-0.332909
-0.286669
-0.310684
-0.266793
-0.304417
-0.268205
-0.322346
-0.295724
-0.368247
-0.348143
-0.438436
-0.408257
-0.364455
-0.415953
-0.383930
-0.405145
-0.379147
-0.389610
-0.358839
-0.357331
-0.333704
-0.324284
-0.308080
-0.299507
-0.298095
-0.292533
-0.312038
-0.314276
-0.355896
-0.368247
-0.433242
-0.434893
-0.444892
-0.445005
-0.441008
-0.448391
-0.417816
-0.422589
-0.384149
-0.384883
-0.337390
-0.344176
-0.295945
-0.309837
-0.269129
-0.297518
-0.267076
-0.314276
-0.295724
-0.362218
-0.466933
-0.441430
-0.486239
-0.444107
-0.468836
-0.431773
-0.434150
-0.393253
-0.388360
-0.351439
-0.339691
-0.316360
-0.306456
-0.299213
-0.297518
-0.312038
-0.322346
-0.360534
-0.512167
-0.504996
-0.515960
-0.504421
-0.499042
-0.465033
-0.459801
-0.412137
-0.401247
-0.352465
-0.346771
-0.299751
-0.306456
-0.269129
-0.292533
-0.268205
-0.313075
-0.542334
-0.521793
-0.548761
-0.505999
-0.524366
-0.470724
-0.465796
-0.416021
-0.403598
-0.358063
-0.346771
-0.316360
-0.309837
-0.298095
-0.304417
-0.315085
-0.578960
-0.566835
-0.581492
-0.549461
-0.536885
-0.496999
-0.475897
-0.422311
-0.403598
-0.352465
-0.339691
-0.295945
-0.299506
-0.266793
-0.289863
-0.614444
-0.578147
-0.594204
-0.549580
-0.549366
-0.484368
-0.475897
-0.416021
-0.401247
-0.351439
-0.344176
-0.308080
-0.310684
-0.296215
-0.626207
-0.612784
-0.611541
-0.563900
-0.549365
-0.496999
-0.465795
-0.412137
-0.388360
-0.337390
-0.324284
-0.286669
-0.289395
-0.647094
-0.594308
-0.611540
-0.549580
-0.536884
-0.470724
-0.459801
-0.393253
-0.384883
-0.333703
-0.332908
-0.296414
-0.647093
-0.612784
-0.594204
-0.549460
-0.524366
-0.465032
-0.434150
-0.384149
-0.357331
-0.315257
-0.304450
-0.626206
-0.578147
-0.581492
-0.505999
-0.499042
-0.431773
-0.422588
-0.358839
-0.361545
-0.308766
-0.614444
-0.566835
-0.548760
-0.504422
-0.468836
-0.417816
-0.389610
-0.345925
-0.322163
-0.578959
-0.521792
-0.515960
-0.444106
-0.448391
-0.379147
-0.381565
-0.323613
-0.542334
-0.504996
-0.486239
-0.441008
-0.405145
-0.369741
-0.340509
-0.512167
-0.441430
-0.445005
-0.383930
-0.395728
-0.328362
-0.466932
-0.444893
-0.415953
-0.377177
-0.349447
-0.434893
-0.364454
-0.391135
-0.330562
-0.408257
-0.383834
-0.349576
-0.373137
-0.315090
-0.332122
-0.345354
-0.343254
-0.347283
-0.328691
-0.350653
-0.324921
-0.348745
-0.310299
-0.335680
-0.294285
-0.322112
-0.273981
-0.313230
-0.265792
-0.314327
-0.273288
-0.339913
-0.302288
-0.388033
-0.355847
-0.459028
-0.421525
-0.556290
-0.332272
-0.315179
-0.350127
-0.330122
-0.350128
-0.328832
-0.340129
-0.323948
-0.323239
-0.307613
-0.305406
-0.296878
-0.288860
-0.296401
-0.291172
-0.313664
-0.314239
-0.360823
-0.361942
-0.433401
-0.439756
-0.525656
-0.373001
-0.383437
-0.391147
-0.377157
-0.394963
-0.369627
-0.382160
-0.344396
-0.362197
-0.315248
-0.332156
-0.286360
-0.311890
-0.264709
-0.305551
-0.267813
-0.321942
-0.295066
-0.369580
-0.345833
-0.439756
-0.408601
-0.364630
-0.415891
-0.384248
-0.406000
-0.378265
-0.390476
-0.359323
-0.356746
-0.333951
-0.325563
-0.306551
-0.300691
-0.298395
-0.292050
-0.312192
-0.315627
-0.354421
-0.369580
-0.433401
-0.434523
-0.444866
-0.445102
-0.439995
-0.448734
-0.417867
-0.421763
-0.384003
-0.385922
-0.335444
-0.345235
-0.295775
-0.309221
-0.268731
-0.298864
-0.264812
-0.315627
-0.295066
-0.361942
-0.467312
-0.441114
-0.486898
-0.444488
-0.468425
-0.432058
-0.435258
-0.391857
-0.389451
-0.351793
-0.339050
-0.316556
-0.307805
-0.297537
-0.298864
-0.312192
-0.321942
-0.360822
-0.512053
-0.504962
-0.515287
-0.504372
-0.499689
-0.463488
-0.460626
-0.412132
-0.400501
-0.352258
-0.348076
-0.297540
-0.307805
-0.268731
-0.292050
-0.267813
-0.314239
-0.542430
-0.522021
-0.549483
-0.505095
-0.525210
-0.471083
-0.465149
-0.416241
-0.404866
-0.356343
-0.348076
-0.316556
-0.309221
-0.298395
-0.305551
-0.313664
-0.578900
-0.566120
-0.581847
-0.549518
-0.536201
-0.496906
-0.477030
-0.420308
-0.404866
-0.352258
-0.339050
-0.295774
-0.300691
-0.264709
-0.291172
-0.614826
-0.578377
-0.593838
-0.549756
-0.550362
-0.482885
-0.477030
-0.416241
-0.400501
-0.351793
-0.345235
-0.306551
-0.311890
-0.296401
-0.625904
-0.612724
-0.612210
-0.562485
-0.550362
-0.496906
-0.465149
-0.412132
-0.389451
-0.335444
-0.325563
-0.286360
-0.288860
-0.647407
-0.593637
-0.612210
-0.549756
-0.536201
-0.471083
-0.460626
-0.391857
-0.385922
-0.333951
-0.332156
-0.296878
-0.647407
-0.612724
-0.593838
-0.549518
-0.525210
-0.463488
-0.435258
-0.384004
-0.356746
-0.315248
-0.305406
-0.625904
-0.578377
-0.581847
-0.505096
-0.499689
-0.432058
-0.421764
-0.359323
-0.362197
-0.307613
-0.614826
-0.566120
-0.549484
-0.504372
-0.468426
-0.417867
-0.390476
-0.344396
-0.323239
-0.578901
-0.522021
-0.515287
-0.444489
-0.448734
-0.378265
-0.382160
-0.323948
-0.542431
-0.504962
-0.486898
-0.439995
-0.406000
-0.369627
-0.340129
-0.512053
-0.441114
-0.445102
-0.384248
-0.394964
-0.328831
-0.467313
-0.444866
-0.415891
-0.377157
-0.350128
-0.434523
-0.364630
-0.391147
-0.330122
-0.408601
-0.383437
-0.350127
-0.373001
-0.315179
-0.332272

