Tension at each vertex
-1.169799
-1.169800
-1.169201
-1.169201
-2.701952
-0.340259
-2.701955
-0.340256
-1.982275
-1.981430
-0.478345
-0.475986
-1.174078
-1.321997
-1.252903
-1.381601
-1.364557
-1.472580
-1.483490
-1.607237
-1.644166
-1.786261
-1.857608
-2.015839
-2.111573
-2.270875
-2.360234
-2.495307
-2.548684
-2.638729
-2.657388
-2.700483
-2.683416
-2.734271
-2.689564
-1.278097
-1.443775
-1.396906
-1.500668
-1.478103
-1.593608
-1.583163
-1.711138
-1.729647
-1.875455
-1.924413
-2.090438
-2.158447
-2.328207
-2.390489
-2.531774
-2.567981
-2.659944
-2.663576
-2.717975
-2.700155
-2.689218
-1.226603
-1.308193
-1.292926
-1.397587
-1.386964
-1.497351
-1.514401
-1.635559
-1.680635
-1.823135
-1.896543
-2.056285
-2.147081
-2.302344
-2.386223
-2.509097
-2.561508
-2.643657
-2.658442
-2.702978
-2.700199
-1.281338
-1.449022
-1.380433
-1.509322
-1.476979
-1.600188
-1.588525
-1.726505
-1.741476
-1.898371
-1.942447
-2.114352
-2.177725
-2.346357
-2.401869
-2.541436
-2.565698
-2.664287
-2.658393
-2.717967
-1.267122
-1.295340
-1.326006
-1.397454
-1.411271
-1.511328
-1.537906
-1.656148
-1.708546
-1.847433
-1.926766
-2.080147
-2.172007
-2.319923
-2.399486
-2.517453
-2.565757
-2.643667
-2.663621
-1.267874
-1.460385
-1.359963
-1.523191
-1.466337
-1.609662
-1.588784
-1.738174
-1.747227
-1.911642
-1.949430
-2.128022
-2.182073
-2.354372
-2.399435
-2.541415
-2.561443
-2.659939
-1.265904
-1.299483
-1.346587
-1.393998
-1.435836
-1.516347
-1.559080
-1.666905
-1.729089
-1.860937
-1.944550
-2.088970
-2.182140
-2.319926
-2.401913
-2.509139
-2.567997
-1.277831
-1.448788
-1.357994
-1.529163
-1.456539
-1.619806
-1.584029
-1.746003
-1.742824
-1.916160
-1.944508
-2.127996
-2.171942
-2.346353
-2.386121
-2.531753
-1.267206
-1.312116
-1.348659
-1.400722
-1.450727
-1.516866
-1.574521
-1.669764
-1.742888
-1.860938
-1.949479
-2.080205
-2.177737
-2.302416
-2.390512
-1.272743
-1.445216
-1.361394
-1.524610
-1.453730
-1.624209
-1.574496
-1.745973
-1.729033
-1.911645
-1.926663
-2.114348
-2.147002
-2.328159
-1.275402
-1.310613
-1.353979
-1.406950
-1.453777
-1.516863
-1.584067
-1.666971
-1.747227
-1.847522
-1.942482
-2.056348
-2.158483
-1.271981
-1.449100
-1.353957
-1.524586
-1.450689
-1.619815
-1.558977
-1.738178
-1.708470
-1.898318
-1.896469
-2.090417
-1.272004
-1.310618
-1.361423
-1.400778
-1.456516
-1.516443
-1.588810
-1.656212
-1.741517
-1.823260
-1.924390
-1.275379
-1.445221
-1.348568
-1.529194
-1.435763
-1.609609
-1.537839
-1.726488
-1.680486
-1.875459
-1.272708
-1.312224
-1.357982
-1.394051
-1.466375
-1.511458
-1.588486
-1.635744
-1.729652
-1.267120
-1.448755
-1.346550
-1.523182
-1.411109
-1.600211
-1.514274
-1.711061
-1.277858
-1.299588
-1.359885
-1.397663
-1.476968
-1.497472
-1.583210
-1.265759
-1.460461
-1.325872
-1.509239
-1.386881
-1.593573
-1.267784
-1.295453
-1.380481
-1.397788
-1.478018
-1.267098
-1.448983
-1.292690
-1.500716
-1.281188
-1.308545
-1.396852
-1.226404
-1.443641
-1.278143
-1.430368
-1.243614
-1.407279
-1.203843
-1.390765
-1.226945
-1.375312
-1.226659
-1.376050
-1.229081
-1.367879
-1.235482
-1.367886
-1.229044
-1.375996
-1.226592
-1.375334
-1.226704
-1.390812
-1.203683
-1.407154
-1.243411
-1.430456
-1.115449
-1.195354
-1.051794
-1.100231
-0.993881
-1.001424
-0.899225
-0.892833
-0.784990
-0.762185
-0.656904
-0.624651
-0.527282
-0.499043
-0.417413
-0.403093
-0.343249
-0.345372
-0.308687
-0.325638
-0.298590
-0.344111
-0.330404
-1.210179
-1.304515
-1.181514
-1.203978
-1.086104
-1.101056
-0.970295
-0.970446
-0.835510
-0.824172
-0.686505
-0.673106
-0.542337
-0.537650
-0.424347
-0.436425
-0.346939
-0.376372
-0.306979
-0.354037
-0.304982
-0.332913
-1.155511
-1.167544
-1.070635
-1.093727
-0.987842
-0.993926
-0.890891
-0.879113
-0.771409
-0.748032
-0.640856
-0.612692
-0.514209
-0.491225
-0.409942
-0.400499
-0.340223
-0.348945
-0.307662
-0.326437
-0.304979
-1.208486
-1.300767
-1.153206
-1.193767
-1.064599
-1.081994
-0.945746
-0.950683
-0.809347
-0.803255
-0.661892
-0.654714
-0.523251
-0.525849
-0.412902
-0.432191
-0.341193
-0.376060
-0.307949
-0.353954
-1.193836
-1.146590
-1.094299
-1.081062
-0.993861
-0.987402
-0.888476
-0.869544
-0.765232
-0.738264
-0.634095
-0.604961
-0.509009
-0.487158
-0.407612
-0.400042
-0.341210
-0.348814
-0.306782
-1.192597
-1.307730
-1.123678
-1.196772
-1.040753
-1.072772
-0.925875
-0.938529
-0.789415
-0.790138
-0.644434
-0.645293
-0.511734
-0.522113
-0.407821
-0.432126
-0.340289
-0.376527
-1.189786
-1.146154
-1.108687
-1.067191
-1.005911
-0.977901
-0.890714
-0.861964
-0.766020
-0.733333
-0.635017
-0.602282
-0.511777
-0.487045
-0.412770
-0.400532
-0.346902
-1.201044
-1.291365
-1.115811
-1.195153
-1.020538
-1.071400
-0.909760
-0.933140
-0.774507
-0.785473
-0.635152
-0.645240
-0.509037
-0.525985
-0.410095
-0.436223
-1.189233
-1.155843
-1.104965
-1.067457
-1.013278
-0.969602
-0.897800
-0.858860
-0.774566
-0.733241
-0.644362
-0.604983
-0.523237
-0.490892
-0.424550
-1.194244
-1.284842
-1.116073
-1.185486
-1.013659
-1.072269
-0.897870
-0.933103
-0.766020
-0.790246
-0.634182
-0.654571
-0.514539
-0.537677
-1.196521
-1.152099
-1.107703
-1.071791
-1.013712
-0.969541
-0.909736
-0.861972
-0.789426
-0.738008
-0.662077
-0.612511
-0.542150
-1.192772
-1.287927
-1.107719
-1.185470
-1.013263
-1.071465
-0.890761
-0.938429
-0.765465
-0.803267
-0.640815
-0.673314
-1.192806
-1.152072
-1.116080
-1.067444
-1.020580
-0.977716
-0.926027
-0.869393
-0.809239
-0.747989
-0.686601
-1.196499
-1.284863
-1.105001
-1.195079
-1.006051
-1.072777
-0.888449
-0.950831
-0.771588
-0.823952
-1.194316
-1.155709
-1.115928
-1.067086
-1.040713
-0.987343
-0.945837
-0.878693
-0.835769
-1.189298
-1.291378
-1.108665
-1.196847
-0.993993
-1.081840
-0.891199
-0.970494
-1.201051
-1.146074
-1.123793
-1.080752
-1.064797
-0.993722
-0.970165
-1.189892
-1.307614
-1.094489
-1.193804
-0.987825
-1.101225
-1.192754
-1.146442
-1.153162
-1.093599
-1.086235
-1.193817
-1.300847
-1.070834
-1.203811
-1.208668
-1.167135
-1.181733
-1.155720
-1.304593
-1.210165
-1.410911
-1.212666
-1.410522
-1.279204
-1.446973
-1.323181
-1.505184
-1.371537
-1.562962
-1.436788
-1.631905
-1.508431
-1.713220
-1.593147
-1.797755
-1.687076
-1.887550
-1.780573
-1.977600
-1.867825
-2.057786
-1.955902
-2.134328
-2.686913
-2.686913
-2.684153
-2.683929
-2.691894
-2.682149
-2.694791
-2.696136
-2.701729
-2.698805
-2.711550
-2.692748
-2.698000
-2.664082
-2.654280
-2.590545
-2.567189
-2.468515
-2.435650
-2.308618
-2.284565
-2.121076
-2.713663
-2.714223
-2.727908
-2.702087
-2.729286
-2.706401
-2.728498
-2.698497
-2.732432
-2.683461
-2.714782
-2.653194
-2.672696
-2.583832
-2.592990
-2.470363
-2.468489
-2.314429
-2.311453
-2.131371
-2.147634
-2.711662
-2.681481
-2.705560
-2.693206
-2.698479
-2.689652
-2.702426
-2.679223
-2.689144
-2.660284
-2.658278
-2.607745
-2.598415
-2.517159
-2.496311
-2.385024
-2.359223
-2.221344
-2.206839
-2.047040
-2.715817
-2.708571
-2.713318
-2.696209
-2.719300
-2.675847
-2.703998
-2.650680
-2.671083
-2.595216
-2.614055
-2.506728
-2.517301
-2.379659
-2.385173
-2.218759
-2.231736
-2.039835
-2.077876
-2.664278
-2.649560
-2.670155
-2.637562
-2.655216
-2.623747
-2.627158
-2.582064
-2.582465
-2.512436
-2.503429
-2.408372
-2.392800
-2.269206
-2.257181
-2.108400
-2.114363
-1.946038
-2.660762
-2.626680
-2.648440
-2.609533
-2.623831
-2.563664
-2.583276
-2.492944
-2.508635
-2.391566
-2.404378
-2.255907
-2.273887
-2.098135
-2.130895
-1.932687
-1.990049
-2.561439
-2.535142
-2.544580
-2.502142
-2.513602
-2.449824
-2.452238
-2.372151
-2.367545
-2.261301
-2.258282
-2.128208
-2.133614
-1.981690
-2.006630
-1.839840
-2.514700
-2.465464
-2.488341
-2.417213
-2.434945
-2.343521
-2.359054
-2.235956
-2.258647
-2.107563
-2.139568
-1.963243
-2.016011
-1.819412
-1.894470
-2.372918
-2.323605
-2.334943
-2.269745
-2.277479
-2.188151
-2.199167
-2.088622
-2.101808
-1.971326
-1.999308
-1.848708
-1.893327
-1.731402
-2.296170
-2.225392
-2.249715
-2.153588
-2.182321
-2.060606
-2.093986
-1.947592
-1.998957
-1.825547
-1.896898
-1.707345
-1.800682
-2.128185
-2.059087
-2.081798
-1.991950
-2.016688
-1.907996
-1.945271
-1.813609
-1.864568
-1.719954
-1.785377
-1.623735
-2.055454
-1.961549
-2.002413
-1.886465
-1.939043
-1.794358
-1.863426
-1.700464
-1.786721
-1.600592
-1.714914
-1.892588
-1.805528
-1.851283
-1.739515
-1.799006
-1.673353
-1.743214
-1.598389
-1.690204
-1.526774
-1.846295
-1.732148
-1.802340
-1.667819
-1.746827
-1.588901
-1.694281
-1.511304
-1.633741
-1.706834
-1.600990
-1.673192
-1.548270
-1.643601
-1.495300
-1.601624
-1.444232
-1.687693
-1.561813
-1.657875
-1.501128
-1.609841
-1.442422
-1.567440
-1.572455
-1.444104
-1.550579
-1.413986
-1.529822
-1.364571
-1.578694
-1.440577
-1.544830
-1.377205
-1.514023
-1.465930
-1.332438
-1.473161
-1.302429
-1.504906
-1.328419
-1.458347
-1.397528
-1.254955
-1.421763
-1.115175
-1.195601
-1.051772
-1.100502
-0.993517
-1.001948
-0.898977
-0.892931
-0.785045
-0.762423
-0.656487
-0.625200
-0.527031
-0.499076
-0.417469
-0.403283
-0.342813
-0.345782
-0.308455
-0.325592
-0.298488
-0.344259
-0.330049
-0.376546
-0.374323
-0.378966
-0.357951
-0.383350
-0.356193
-0.379399
-0.342624
-0.367609
-0.326747
-0.352465
-0.308814
-0.343156
-0.298531
-0.345678
-0.304697
-0.368195
-0.333002
-0.414276
-0.381658
-0.484063
-0.442866
-0.579159
-1.309497
-1.099175
-1.253262
-1.047622
-1.201174
-0.995887
-1.133463
-0.943663
-1.058572
-0.878340
-0.981390
-0.809602
-0.897165
-0.743586
-0.814509
-0.678484
-0.742663
-0.618362
-0.677185
-0.579502
-0.615369
-0.530438
-1.211332
-1.092771
-1.174860
-1.027370
-1.109895
-0.961165
-1.039134
-0.880741
-0.964990
-0.798713
-0.881512
-0.720253
-0.799359
-0.642682
-0.727092
-0.571786
-0.662646
-0.518128
-0.603994
-0.473526
-0.576442
-1.240947
-1.010268
-1.157681
-0.960579
-1.082140
-0.892600
-1.002596
-0.820481
-0.909796
-0.746630
-0.816561
-0.669255
-0.730635
-0.597176
-0.651688
-0.540669
-0.580162
-0.497481
-0.528207
-0.462433
-1.111009
-1.020764
-1.050952
-0.931523
-0.979201
-0.843784
-0.890057
-0.754615
-0.798842
-0.661453
-0.712394
-0.575437
-0.632421
-0.504849
-0.562921
-0.449427
-0.511974
-0.404004
-0.476586
-1.129167
-0.918081
-1.043619
-0.847415
-0.944808
-0.770153
-0.844210
-0.683019
-0.745030
-0.599168
-0.650180
-0.526874
-0.567173
-0.468584
-0.501963
-0.423839
-0.453026
-0.398595
-1.005517
-0.911280
-0.915816
-0.814974
-0.822410
-0.710468
-0.725670
-0.610000
-0.630051
-0.520423
-0.546671
-0.446490
-0.481761
-0.389998
-0.434837
-0.353409
-0.401260
-1.000861
-0.811756
-0.897047
-0.719466
-0.788529
-0.627248
-0.679115
-0.539975
-0.581190
-0.464915
-0.501172
-0.407573
-0.440836
-0.370448
-0.396210
-0.350700
-0.869501
-0.784160
-0.765471
-0.674728
-0.658892
-0.568580
-0.560848
-0.474386
-0.478540
-0.400684
-0.417829
-0.350306
-0.376465
-0.321012
-0.352682
-0.856196
-0.681863
-0.738459
-0.581776
-0.626343
-0.489762
-0.527727
-0.416031
-0.451510
-0.364387
-0.397684
-0.335608
-0.363672
-0.322366
-0.719116
-0.645972
-0.607366
-0.535173
-0.506598
-0.441357
-0.426713
-0.370582
-0.371590
-0.327832
-0.339710
-0.305951
-0.327339
-0.700505
-0.547780
-0.585324
-0.453965
-0.488222
-0.381194
-0.417333
-0.337289
-0.372129
-0.316348
-0.350711
-0.312511
-0.569389
-0.512945
-0.467692
-0.419191
-0.391041
-0.354440
-0.341258
-0.317715
-0.320900
-0.304414
-0.318736
-0.556468
-0.430123
-0.462100
-0.360359
-0.394813
-0.321227
-0.361125
-0.307839
-0.349306
-0.316238
-0.442349
-0.407921
-0.367231
-0.347054
-0.325908
-0.314595
-0.311585
-0.312437
-0.318410
-0.444937
-0.349278
-0.384202
-0.311225
-0.355502
-0.308549
-0.351525
-0.324562
-0.354946
-0.343525
-0.317150
-0.319524
-0.305765
-0.320527
-0.323268
-0.378783
-0.309784
-0.350630
-0.308307
-0.357472
-0.330423
-0.310440
-0.323177
-0.306551
-0.325469
-0.323486
-0.351038
-0.306087
-0.356761
-0.335955
-0.304473
-0.329519
-0.322024
-0.357976
-0.333694
-0.295921
-1.370447
-1.139034
-1.283461
-1.110602
-1.224642
-1.054274
-1.171917
-0.987934
-1.107450
-0.922643
-1.037396
-0.850629
-0.966999
-0.778696
-0.892757
-0.712927
-0.821683
-0.649732
-0.763509
-0.590106
-0.709275
-0.561424
-0.676546
-1.992474
-1.932739
-1.837033
-1.763386
-1.697996
-1.637847
-1.580720
-1.536009
-1.488241
-1.443649
-1.400495
-1.355336
-1.305851
-1.255729
-1.200890
-1.138263
-1.074943
-1.008903
-0.935418
-0.862543
-0.800691
-0.705338
-1.891178
-1.724633
-1.682589
-1.546536
-1.508406
-1.400277
-1.375899
-1.278698
-1.268402
-1.182471
-1.174284
-1.093857
-1.086711
-1.001680
-0.991458
-0.904910
-0.885675
-0.792571
-0.776407
-0.672061
-0.657007
-1.938031
-1.862886
-1.765594
-1.709328
-1.637502
-1.585873
-1.534074
-1.489683
-1.441047
-1.399614
-1.352151
-1.303251
-1.252168
-1.196099
-1.133991
-1.067264
-1.003044
-0.922519
-0.856099
-0.773721
-1.803036
-1.650270
-1.605190
-1.474093
-1.448933
-1.340403
-1.322919
-1.232393
-1.223891
-1.137886
-1.133313
-1.048870
-1.039156
-0.951466
-0.939842
-0.841815
-0.825770
-0.723780
-0.704520
-1.865540
-1.789323
-1.706139
-1.648982
-1.582401
-1.539341
-1.486401
-1.443369
-1.396591
-1.351612
-1.300151
-1.248710
-1.192042
-1.126474
-1.062719
-0.988423
-0.917550
-0.831570
-1.713704
-1.571167
-1.528127
-1.412048
-1.388190
-1.286428
-1.276861
-1.187121
-1.180637
-1.095981
-1.089599
-1.000316
-0.990785
-0.897300
-0.879608
-0.777734
-0.757156
-1.790047
-1.717932
-1.644030
-1.588840
-1.533963
-1.489135
-1.439035
-1.397064
-1.347254
-1.298859
-1.244660
-1.187587
-1.122512
-1.054276
-0.982642
-0.903736
-1.621916
-1.494193
-1.458654
-1.351022
-1.330449
-1.238702
-1.228514
-1.142709
-1.136602
-1.051134
-1.040945
-0.951877
-0.936420
-0.839152
-0.812985
-1.717059
-1.646252
-1.584616
-1.534472
-1.483723
-1.439634
-1.391993
-1.346884
-1.294238
-1.243864
-1.181863
-1.120963
-1.046760
-0.978771
-1.535735
-1.425841
-1.391169
-1.296293
-1.278380
-1.193067
-1.182691
-1.101760
-1.090383
-1.007527
-0.990525
-0.903111
-0.875278
-1.644638
-1.580897
-1.531522
-1.481692
-1.437011
-1.392814
-1.342366
-1.297392
-1.237361
-1.185432
-1.112284
-1.051055
-1.458782
-1.361969
-1.330710
-1.248404
-1.226683
-1.153502
-1.136193
-1.061871
-1.043110
-0.964059
-0.937269
-1.580205
-1.523149
-1.478404
-1.434620
-1.388177
-1.343655
-1.290579
-1.242755
-1.174510
-1.122464
-1.384462
-1.308821
-1.273104
-1.202679
-1.179887
-1.113931
-1.088817
-1.025086
-0.991812
-1.523997
-1.468235
-1.433557
-1.387176
-1.336854
-1.297657
-1.230502
-1.187912
-1.322105
-1.261741
-1.216089
-1.169685
-1.129666
-1.080674
-1.044478
-1.468984
-1.427883
-1.384705
-1.340775
-1.288594
-1.243704
-1.261784
-1.214965
-1.171496
-1.131471
-1.086065
-1.431441
-1.384663
-1.335749
-1.302076
-1.195286
-1.181008
-1.116200
-1.400560
-1.356690
-1.121708
-1.430368
-1.243614
-1.407280
-1.203843
-1.390765
-1.226945
-1.375313
-1.226659
-1.376051
-1.229081
-1.367880
-1.235483
-1.367887
-1.229044
-1.375996
-1.226592
-1.375334
-1.226704
-1.390812
-1.203683
-1.407154
-1.243411
-1.430455
-1.174413
-1.321681
-1.253001
-1.381411
-1.364747
-1.472284
-1.483707
-1.607049
-1.644258
-1.786144
-1.857726
-2.015683
-2.111712
-2.270772
-2.360317
-2.495242
-2.548753
-2.638663
-2.657469
-2.700449
-2.683473
-2.734260
-2.689613
-1.278143
-1.443641
-1.396853
-1.500716
-1.478018
-1.593573
-1.583210
-1.711062
-1.729653
-1.875461
-1.924391
-2.090419
-2.158485
-2.328162
-2.390515
-2.531756
-2.568000
-2.659943
-2.663626
-2.717971
-2.700204
-2.689223
-1.226405
-1.308546
-1.292690
-1.397788
-1.386882
-1.497473
-1.514275
-1.635745
-1.680487
-1.823261
-1.896471
-2.056349
-2.147004
-2.302419
-2.386123
-2.509141
-2.561446
-2.643671
-2.658397
-2.702982
-2.700160
-1.281188
-1.448984
-1.380482
-1.509240
-1.476969
-1.600212
-1.588487
-1.726490
-1.741518
-1.898319
-1.942484
-2.114350
-2.177739
-2.346355
-2.401914
-2.541416
-2.565759
-2.664291
-2.658447
-2.717980
-1.267099
-1.295453
-1.325873
-1.397664
-1.411110
-1.511458
-1.537840
-1.656213
-1.708472
-1.847523
-1.926665
-2.080206
-2.171944
-2.319927
-2.399436
-2.517453
-2.565699
-2.643660
-2.663581
-1.267785
-1.460462
-1.359885
-1.523183
-1.466376
-1.609610
-1.588811
-1.738180
-1.747229
-1.911646
-1.949480
-2.127998
-2.182141
-2.354372
-2.399484
-2.541433
-2.561506
-2.659946
-1.265760
-1.299588
-1.346551
-1.394051
-1.435764
-1.516444
-1.558979
-1.666972
-1.729034
-1.860940
-1.944510
-2.088971
-2.182074
-2.319922
-2.401865
-2.509090
-2.567974
-1.277858
-1.448756
-1.357983
-1.529194
-1.456517
-1.619816
-1.584069
-1.745974
-1.742890
-1.916162
-1.944553
-2.128024
-2.172008
-2.346356
-2.386217
-2.531759
-1.267120
-1.312225
-1.348568
-1.400778
-1.450690
-1.516864
-1.574497
-1.669766
-1.742825
-1.860939
-1.949432
-2.080149
-2.177727
-2.302345
-2.390482
-1.272708
-1.445221
-1.361423
-1.524587
-1.453778
-1.624210
-1.574523
-1.746005
-1.729091
-1.911644
-1.926769
-2.114355
-2.147085
-2.328212
-1.275379
-1.310618
-1.353958
-1.406951
-1.453731
-1.516867
-1.584030
-1.666907
-1.747229
-1.847436
-1.942451
-2.056289
-2.158452
-1.272004
-1.449100
-1.353979
-1.524611
-1.450727
-1.619807
-1.559082
-1.738176
-1.708549
-1.898374
-1.896547
-2.090444
-1.271982
-1.310613
-1.361395
-1.400723
-1.456540
-1.516348
-1.588786
-1.656150
-1.741478
-1.823138
-1.924418
-1.275402
-1.445217
-1.348660
-1.529164
-1.435837
-1.609664
-1.537908
-1.726507
-1.680638
-1.875458
-1.272743
-1.312116
-1.357995
-1.393998
-1.466338
-1.511330
-1.588526
-1.635561
-1.729650
-1.267206
-1.448788
-1.346588
-1.523192
-1.411272
-1.600189
-1.514402
-1.711140
-1.277831
-1.299484
-1.359963
-1.397455
-1.476980
-1.497352
-1.583164
-1.265904
-1.460385
-1.326007
-1.509323
-1.386964
-1.593609
-1.267874
-1.295340
-1.380433
-1.397588
-1.478103
-1.267122
-1.449022
-1.292926
-1.500669
-1.281338
-1.308193
-1.396907
-1.226603
-1.443775
-1.278097
-1.115175
-1.195601
-1.051772
-1.100502
-0.993517
-1.001948
-0.898977
-0.892931
-0.785045
-0.762423
-0.656487
-0.625200
-0.527031
-0.499075
-0.417468
-0.403282
-0.342811
-0.345780
-0.308452
-0.325589
-0.298485
-0.344256
-0.330046
-1.210165
-1.304593
-1.181733
-1.203811
-1.086235
-1.101225
-0.970165
-0.970494
-0.835769
-0.823951
-0.686601
-0.673313
-0.542149
-0.537676
-0.424549
-0.436221
-0.346900
-0.376525
-0.306779
-0.353951
-0.304976
-0.332910
-1.155720
-1.167135
-1.070834
-1.093599
-0.987825
-0.993722
-0.891199
-0.878693
-0.771587
-0.747988
-0.640814
-0.612510
-0.514538
-0.490891
-0.410094
-0.400530
-0.340287
-0.348811
-0.307947
-0.326434
-0.304979
-1.208668
-1.300847
-1.153162
-1.193804
-1.064797
-1.081840
-0.945837
-0.950830
-0.809239
-0.803267
-0.662076
-0.654571
-0.523236
-0.525984
-0.412769
-0.432124
-0.341208
-0.376057
-0.307659
-0.354034
-1.193817
-1.146442
-1.094489
-1.080752
-0.993993
-0.987343
-0.888449
-0.869392
-0.765464
-0.738008
-0.634181
-0.604983
-0.509036
-0.487044
-0.407819
-0.400040
-0.341191
-0.348942
-0.306976
-1.192754
-1.307614
-1.123793
-1.196847
-1.040713
-1.072777
-0.926027
-0.938429
-0.789426
-0.790246
-0.644362
-0.645240
-0.511776
-0.522112
-0.407611
-0.432190
-0.340221
-0.376370
-1.189892
-1.146074
-1.108665
-1.067086
-1.006051
-0.977716
-0.890761
-0.861972
-0.766020
-0.733241
-0.635152
-0.602282
-0.511733
-0.487157
-0.412901
-0.400498
-0.346937
-1.201051
-1.291378
-1.115928
-1.195079
-1.020580
-1.071465
-0.909736
-0.933103
-0.774566
-0.785473
-0.635016
-0.645292
-0.509008
-0.525848
-0.409940
-0.436423
-1.189299
-1.155709
-1.105001
-1.067444
-1.013263
-0.969541
-0.897870
-0.858860
-0.774507
-0.733333
-0.644434
-0.604961
-0.523250
-0.491224
-0.424346
-1.194316
-1.284863
-1.116080
-1.185470
-1.013712
-1.072269
-0.897801
-0.933141
-0.766020
-0.790138
-0.634095
-0.654714
-0.514208
-0.537650
-1.196499
-1.152072
-1.107719
-1.071791
-1.013659
-0.969602
-0.909760
-0.861964
-0.789415
-0.738264
-0.661892
-0.612692
-0.542337
-1.192806
-1.287927
-1.107704
-1.185486
-1.013278
-1.071400
-0.890714
-0.938529
-0.765232
-0.803256
-0.640856
-0.673106
-1.192772
-1.152100
-1.116074
-1.067457
-1.020539
-0.977901
-0.925875
-0.869544
-0.809347
-0.748032
-0.686505
-1.196521
-1.284842
-1.104965
-1.195153
-1.005911
-1.072772
-0.888476
-0.950684
-0.771409
-0.824172
-1.194244
-1.155844
-1.115812
-1.067191
-1.040754
-0.987402
-0.945747
-0.879113
-0.835510
-1.189233
-1.291365
-1.108687
-1.196773
-0.993862
-1.081994
-0.890891
-0.970446
-1.201045
-1.146155
-1.123679
-1.081062
-1.064599
-0.993927
-0.970296
-1.189786
-1.307730
-1.094299
-1.193768
-0.987842
-1.101057
-1.192598
-1.146590
-1.153206
-1.093728
-1.086104
-1.193837
-1.300768
-1.070636
-1.203979
-1.208487
-1.167544
-1.181514
-1.155512
-1.304516
-1.210179
-1.174078
-1.321998
-1.252903
-1.381602
-1.364557
-1.472580
-1.483491
-1.607238
-1.644167
-1.786262
-1.857610
-2.015841
-2.111575
-2.270877
-2.360237
-2.495310
-2.548687
-2.638733
-2.657392
-2.700487
-2.683420
-2.734275
-2.689569
-2.699225
-2.693549
-2.693781
-2.681249
-2.689790
-2.675975
-2.705432
-2.676757
-2.713448
-2.690436
-2.723505
-2.690586
-2.727873
-2.675666
-2.701615
-2.627456
-2.635168
-2.527814
-2.518015
-2.378403
-2.358232
-2.199182
-2.195521
-1.421764
-1.254956
-1.458347
-1.302430
-1.514024
-1.364571
-1.567440
-1.444232
-1.633741
-1.526774
-1.714914
-1.623735
-1.800682
-1.731402
-1.894469
-1.839839
-1.990048
-1.946037
-2.077875
-2.047039
-2.147634
-2.121076
-1.397529
-1.328419
-1.473162
-1.377205
-1.529823
-1.442422
-1.601624
-1.511304
-1.690204
-1.600592
-1.785377
-1.707344
-1.893326
-1.819411
-2.006629
-1.932686
-2.114362
-2.039834
-2.206839
-2.131370
-2.284565
-1.504907
-1.332439
-1.544830
-1.413986
-1.609841
-1.495300
-1.694281
-1.598389
-1.786721
-1.719953
-1.896897
-1.848707
-2.016010
-1.981690
-2.130895
-2.108399
-2.231735
-2.221343
-2.311453
-2.308617
-1.465930
-1.440578
-1.550579
-1.501128
-1.643602
-1.588901
-1.743214
-1.700464
-1.864568
-1.825547
-1.999307
-1.963243
-2.133613
-2.098135
-2.257180
-2.218758
-2.359222
-2.314428
-2.435650
-1.578694
-1.444105
-1.657875
-1.548270
-1.746828
-1.673353
-1.863426
-1.813609
-1.998957
-1.971326
-2.139568
-2.128208
-2.273887
-2.269206
-2.385173
-2.385024
-2.468489
-2.468514
-1.572456
-1.561813
-1.673193
-1.667819
-1.799007
-1.794359
-1.945271
-1.947592
-2.101808
-2.107563
-2.258282
-2.255907
-2.392800
-2.379658
-2.496310
-2.470363
-2.567189
-1.687694
-1.600991
-1.802340
-1.739516
-1.939044
-1.907997
-2.093986
-2.088622
-2.258647
-2.261301
-2.404378
-2.408372
-2.517301
-2.517159
-2.592990
-2.590545
-1.706834
-1.732149
-1.851284
-1.886465
-2.016689
-2.060606
-2.199167
-2.235956
-2.367545
-2.391566
-2.503429
-2.506729
-2.598415
-2.583832
-2.654280
-1.846296
-1.805529
-2.002414
-1.991951
-2.182322
-2.188151
-2.359055
-2.372151
-2.508636
-2.512437
-2.614056
-2.607746
-2.672697
-2.664083
-1.892589
-1.961550
-2.081799
-2.153589
-2.277480
-2.343522
-2.452239
-2.492945
-2.582466
-2.595218
-2.658280
-2.653196
-2.698001
-2.055455
-2.059089
-2.249716
-2.269747
-2.434947
-2.449826
-2.583278
-2.582066
-2.671086
-2.660286
-2.714784
-2.692750
-2.128187
-2.225394
-2.334945
-2.417214
-2.513603
-2.563666
-2.627160
-2.650683
-2.689146
-2.683463
-2.711552
-2.296172
-2.323607
-2.488344
-2.502144
-2.623834
-2.623750
-2.704000
-2.679226
-2.732435
-2.698807
-2.372921
-2.465466
-2.544582
-2.609536
-2.655219
-2.675850
-2.702430
-2.698500
-2.701732
-2.514703
-2.535145
-2.648443
-2.637565
-2.719304
-2.689656
-2.728502
-2.696140
-2.561443
-2.626683
-2.670159
-2.696213
-2.698483
-2.706405
-2.694795
-2.660766
-2.649563
-2.713322
-2.693210
-2.729290
-2.682153
-2.664282
-2.708575
-2.705563
-2.702091
-2.691897
-2.715821
-2.681486
-2.727913
-2.683933
-2.711666
-2.714227
-2.684157
-2.713667
-2.686917
-2.686917
-1.370447
-1.139035
-1.283462
-1.110603
-1.224642
-1.054275
-1.171917
-0.987934
-1.107450
-0.922643
-1.037396
-0.850629
-0.966998
-0.778696
-0.892757
-0.712927
-0.821683
-0.649732
-0.763509
-0.590106
-0.709275
-0.561423
-0.676546
-0.295918
-0.333691
-0.322020
-0.335952
-0.323483
-0.330420
-0.323265
-0.324559
-0.318408
-0.316236
-0.318734
-0.312509
-0.327337
-0.322365
-0.352680
-0.350699
-0.401259
-0.398594
-0.476586
-0.462432
-0.576442
-0.530438
-0.357973
-0.329516
-0.356758
-0.325466
-0.357469
-0.320524
-0.351523
-0.312434
-0.349303
-0.304412
-0.350709
-0.305949
-0.363671
-0.321011
-0.396209
-0.353408
-0.453025
-0.404003
-0.528206
-0.473526
-0.615369
-0.304469
-0.306084
-0.306548
-0.308304
-0.305762
-0.308547
-0.311582
-0.307836
-0.320898
-0.316346
-0.339708
-0.335607
-0.376464
-0.370447
-0.434836
-0.423838
-0.511973
-0.497480
-0.603994
-0.579501
-0.351035
-0.323175
-0.350627
-0.319522
-0.355499
-0.314593
-0.361123
-0.317713
-0.372127
-0.327830
-0.397682
-0.350305
-0.440835
-0.389997
-0.501962
-0.449426
-0.580161
-0.518128
-0.677185
-0.310438
-0.309781
-0.317148
-0.311223
-0.325905
-0.321225
-0.341256
-0.337287
-0.371589
-0.364386
-0.417828
-0.407572
-0.481760
-0.468583
-0.562920
-0.540669
-0.662646
-0.618361
-0.378781
-0.343523
-0.384199
-0.347052
-0.394812
-0.354439
-0.417331
-0.370581
-0.451509
-0.400683
-0.501171
-0.446489
-0.567172
-0.504848
-0.651688
-0.571786
-0.742663
-0.354944
-0.349276
-0.367229
-0.360357
-0.391039
-0.381193
-0.426712
-0.416030
-0.478539
-0.464914
-0.546671
-0.526873
-0.632420
-0.597175
-0.727092
-0.678483
-0.444935
-0.407919
-0.462098
-0.419190
-0.488221
-0.441356
-0.527726
-0.474385
-0.581189
-0.520423
-0.650179
-0.575437
-0.730634
-0.642682
-0.814509
-0.442348
-0.430122
-0.467691
-0.453964
-0.506597
-0.489761
-0.560847
-0.539975
-0.630051
-0.599168
-0.712394
-0.669255
-0.799359
-0.743586
-0.556467
-0.512945
-0.585323
-0.535172
-0.626343
-0.568579
-0.679114
-0.610000
-0.745030
-0.661453
-0.816561
-0.720252
-0.897165
-0.569389
-0.547780
-0.607366
-0.581776
-0.658892
-0.627248
-0.725670
-0.683019
-0.798842
-0.746630
-0.881512
-0.809602
-0.700505
-0.645972
-0.738459
-0.674728
-0.788529
-0.710468
-0.844210
-0.754615
-0.909796
-0.798713
-0.981390
-0.719116
-0.681863
-0.765471
-0.719467
-0.822410
-0.770153
-0.890057
-0.820481
-0.964990
-0.878340
-0.856196
-0.784161
-0.897047
-0.814974
-0.944808
-0.843785
-1.002596
-0.880741
-1.058572
-0.869501
-0.811757
-0.915817
-0.847415
-0.979201
-0.892601
-1.039134
-0.943663
-1.000862
-0.911280
-1.043619
-0.931523
-1.082140
-0.961165
-1.133463
-1.005517
-0.918081
-1.050952
-0.960579
-1.109896
-0.995888
-1.129168
-1.020765
-1.157681
-1.027370
-1.201174
-1.111009
-1.010268
-1.174861
-1.047622
-1.240947
-1.092771
-1.253262
-1.211332
-1.099175
-1.309497
-1.410912
-1.212666
-1.410523
-1.279204
-1.446974
-1.323181
-1.505184
-1.371537
-1.562962
-1.436788
-1.631905
-1.508430
-1.713220
-1.593146
-1.797754
-1.687075
-1.887550
-1.780572
-1.977600
-1.867824
-2.057786
-1.955901
-2.134328
-1.982772
-1.823195
-1.757999
-1.630450
-1.582482
-1.463114
-1.437125
-1.334459
-1.315641
-1.229324
-1.219552
-1.136620
-1.131059
-1.050205
-1.039253
-0.956080
-0.943457
-0.851782
-0.832372
-0.745140
-0.714817
-0.632818
-0.620136
-1.121709
-1.356690
-1.116200
-1.302076
-1.086065
-1.243704
-1.044478
-1.187912
-0.991812
-1.122464
-0.937269
-1.051054
-0.875278
-0.978770
-0.812985
-0.903736
-0.757155
-0.831569
-0.704520
-0.773721
-0.657007
-0.705338
-1.400560
-1.181009
-1.335750
-1.131472
-1.288594
-1.080674
-1.230502
-1.025086
-1.174510
-0.964059
-1.112284
-0.903111
-1.046759
-0.839151
-0.982641
-0.777733
-0.917550
-0.723779
-0.856099
-0.672061
-0.800691
-1.195286
-1.384663
-1.171496
-1.340775
-1.129666
-1.297657
-1.088818
-1.242755
-1.043110
-1.185432
-0.990525
-1.120963
-0.936420
-1.054275
-0.879608
-0.988423
-0.825769
-0.922519
-0.776407
-0.862543
-1.431442
-1.214965
-1.384705
-1.169685
-1.336854
-1.113931
-1.290579
-1.061871
-1.237361
-1.007526
-1.181862
-0.951877
-1.122511
-0.897300
-1.062719
-0.841815
-1.003044
-0.792571
-0.935418
-1.261784
-1.427883
-1.216089
-1.387176
-1.179887
-1.343656
-1.136193
-1.297392
-1.090383
-1.243864
-1.040945
-1.187587
-0.990784
-1.126474
-0.939842
-1.067264
-0.885675
-1.008903
-1.468984
-1.261741
-1.433557
-1.202679
-1.388177
-1.153502
-1.342365
-1.101760
-1.294238
-1.051134
-1.244660
-1.000316
-1.192042
-0.951466
-1.133990
-0.904910
-1.074943
-1.322105
-1.468235
-1.273104
-1.434620
-1.226683
-1.392814
-1.182690
-1.346884
-1.136602
-1.298859
-1.089599
-1.248710
-1.039155
-1.196099
-0.991458
-1.138263
-1.523997
-1.308821
-1.478404
-1.248404
-1.437011
-1.193066
-1.391993
-1.142709
-1.347255
-1.095981
-1.300150
-1.048870
-1.252168
-1.001680
-1.200890
-1.384462
-1.523149
-1.330710
-1.481691
-1.278380
-1.439633
-1.228514
-1.397064
-1.180637
-1.351611
-1.133312
-1.303251
-1.086711
-1.255729
-1.580205
-1.361969
-1.531521
-1.296292
-1.483723
-1.238701
-1.439035
-1.187121
-1.396590
-1.137885
-1.352151
-1.093857
-1.305851
-1.458782
-1.580897
-1.391169
-1.534472
-1.330449
-1.489135
-1.276861
-1.443368
-1.223890
-1.399614
-1.174285
-1.355336
-1.644638
-1.425841
-1.584616
-1.351022
-1.533963
-1.286428
-1.486400
-1.232393
-1.441047
-1.182471
-1.400495
-1.535735
-1.646251
-1.458653
-1.588840
-1.388189
-1.539341
-1.322919
-1.489683
-1.268403
-1.443649
-1.717058
-1.494192
-1.644030
-1.412048
-1.582400
-1.340403
-1.534074
-1.278698
-1.488241
-1.621916
-1.717932
-1.528127
-1.648981
-1.448932
-1.585873
-1.375899
-1.536009
-1.790047
-1.571166
-1.706138
-1.474093
-1.637502
-1.400277
-1.580720
-1.713704
-1.789322
-1.605189
-1.709328
-1.508405
-1.637847
-1.865539
-1.650270
-1.765594
-1.546535
-1.697996
-1.803036
-1.862886
-1.682589
-1.763386
-1.938031
-1.724633
-1.837033
-1.891177
-1.932739
-1.992474
-1.174413
-1.321681
-1.253000
-1.381411
-1.364747
-1.472283
-1.483706
-1.607048
-1.644256
-1.786142
-1.857722
-2.015677
-2.111706
-2.270761
-2.360320
-2.495267
-2.548768
-2.638663
-2.657462
-2.700443
-2.683467
-2.734254
-2.689608
-2.699213
-2.693530
-2.693777
-2.681202
-2.689809
-2.675875
-2.705474
-2.676636
-2.713478
-2.690286
-2.723575
-2.690351
-2.727973
-2.675413
-2.701688
-2.627153
-2.635313
-2.527378
-2.518199
-2.377941
-2.358389
-2.198592
-2.195822
-1.421699
-1.255210
-1.458514
-1.302544
-1.514092
-1.364934
-1.567368
-1.444520
-1.633883
-1.526958
-1.714976
-1.624126
-1.800643
-1.731740
-1.894608
-1.840084
-1.990160
-1.946422
-2.077910
-2.047400
-2.147822
-2.121323
-1.397687
-1.327974
-1.473226
-1.376975
-1.529753
-1.442100
-1.601754
-1.510855
-1.690255
-1.600308
-1.785325
-1.706973
-1.893435
-1.818920
-2.006694
-1.932302
-2.114344
-2.039390
-2.206950
-2.130782
-2.284708
-1.504962
-1.332744
-1.544767
-1.414224
-1.609967
-1.495441
-1.694335
-1.598712
-1.786684
-1.720221
-1.897021
-1.848894
-2.016097
-1.982011
-2.130916
-2.108687
-2.231891
-2.221534
-2.311640
-2.308874
-1.465876
-1.440308
-1.550693
-1.500752
-1.643642
-1.588675
-1.743165
-1.700161
-1.864665
-1.825144
-1.999357
-1.962943
-2.133591
-2.097773
-2.257275
-2.218287
-2.359320
-2.314003
-2.435690
-1.578799
-1.444217
-1.657918
-1.548540
-1.746793
-1.673568
-1.863535
-1.813752
-1.999024
-1.971593
-2.139577
-2.128437
-2.274017
-2.269362
-2.385305
-2.385254
-2.468581
-2.468733
-1.572483
-1.561637
-1.673147
-1.667571
-1.799088
-1.794029
-1.945303
-1.947362
-2.101781
-2.107272
-2.258361
-2.255531
-2.392863
-2.379337
-2.496327
-2.470003
-2.567277
-1.687664
-1.601161
-1.802432
-1.739631
-1.939093
-1.908222
-2.093987
-2.088806
-2.258755
-2.261426
-2.404472
-2.408573
-2.517359
-2.517339
-2.593129
-2.590674
-1.706896
-1.731889
-1.851300
-1.886289
-2.016658
-2.060374
-2.199231
-2.235659
-2.367583
-2.391327
-2.503427
-2.506447
-2.598484
-2.583488
-2.654338
-1.846330
-1.805716
-2.002410
-1.992100
-2.182411
-2.188257
-2.359121
-2.372328
-2.508670
-2.512585
-2.614165
-2.607851
-2.672799
-2.664244
-1.892552
-1.961370
-2.081845
-2.153358
-2.277497
-2.343348
-2.452225
-2.492728
-2.582516
-2.594948
-2.658314
-2.652966
-2.698001
-2.055525
-2.059178
-2.249758
-2.269903
-2.434971
-2.449954
-2.583364
-2.582154
-2.671156
-2.660423
-2.714830
-2.692872
-2.128180
-2.225271
-2.334920
-2.417060
-2.513642
-2.563464
-2.627173
-2.650513
-2.689134
-2.683267
-2.711587
-2.296178
-2.323714
-2.488427
-2.502238
-2.623883
-2.623870
-2.704027
-2.679325
-2.732509
-2.698879
-2.372939
-2.465351
-2.544591
-2.609422
-2.655192
-2.675702
-2.702447
-2.698322
-2.701742
-2.514756
-2.535274
-2.648459
-2.637646
-2.719353
-2.689716
-2.728545
-2.696231
-2.561421
-2.626581
-2.670149
-2.696084
-2.698472
-2.706300
-2.694775
-2.660799
-2.649619
-2.713341
-2.693287
-2.729301
-2.682218
-2.664243
-2.708507
-2.705527
-2.702011
-2.691894
-2.715823
-2.681542
-2.727932
-2.683971
-2.711635
-2.714170
-2.684139
-2.713671
-2.686959
-2.686884
-1.370707
-1.138671
-1.283362
-1.110375
-1.224770
-1.053555
-1.172221
-0.987496
-1.107121
-0.922412
-1.037460
-0.849564
-0.967346
-0.778102
-0.892126
-0.712612
-0.821713
-0.648200
-0.763932
-0.589283
-0.708452
-0.560844
-0.676739
-0.295691
-0.333981
-0.322235
-0.335800
-0.323683
-0.331093
-0.322595
-0.325200
-0.318855
-0.315783
-0.319012
-0.313491
-0.326297
-0.323212
-0.353117
-0.350278
-0.401480
-0.399712
-0.475584
-0.463357
-0.576908
-0.530385
-0.358136
-0.329055
-0.356845
-0.325502
-0.356941
-0.320395
-0.352020
-0.311246
-0.349762
-0.304381
-0.350096
-0.305645
-0.364564
-0.319368
-0.396964
-0.353117
-0.452638
-0.403343
-0.529269
-0.471673
-0.616052
-0.304420
-0.306605
-0.306136
-0.308760
-0.306137
-0.308253
-0.311838
-0.308656
-0.320111
-0.317033
-0.340187
-0.335191
-0.376693
-0.371469
-0.433892
-0.424643
-0.512415
-0.497274
-0.604104
-0.580757
-0.350772
-0.323009
-0.350936
-0.318701
-0.355731
-0.314586
-0.360558
-0.317468
-0.372791
-0.326476
-0.398215
-0.350162
-0.440363
-0.389500
-0.502895
-0.447800
-0.580797
-0.517762
-0.676842
-0.310646
-0.309702
-0.317276
-0.311871
-0.325379
-0.321752
-0.341714
-0.336954
-0.371829
-0.365269
-0.417049
-0.408246
-0.482220
-0.468321
-0.563039
-0.541767
-0.661806
-0.619183
-0.378836
-0.343515
-0.383798
-0.346824
-0.395258
-0.353400
-0.417652
-0.370508
-0.451012
-0.400301
-0.501912
-0.445106
-0.567671
-0.504621
-0.651318
-0.571149
-0.743509
-0.354648
-0.349629
-0.367581
-0.360170
-0.391239
-0.381915
-0.426148
-0.416571
-0.479006
-0.464655
-0.546831
-0.527815
-0.631690
-0.597861
-0.727490
-0.678440
-0.445200
-0.407228
-0.462251
-0.419133
-0.487790
-0.441042
-0.528260
-0.473263
-0.581524
-0.520285
-0.649771
-0.574939
-0.731357
-0.641354
-0.814913
-0.442459
-0.430656
-0.467334
-0.454371
-0.507014
-0.489568
-0.561029
-0.540753
-0.629491
-0.599724
-0.712810
-0.669148
-0.799425
-0.744565
-0.556167
-0.512690
-0.585674
-0.534325
-0.626535
-0.568478
-0.678715
-0.609602
-0.745583
-0.660337
-0.816863
-0.720038
-0.896850
-0.569704
-0.547670
-0.607528
-0.582383
-0.658512
-0.627688
-0.726078
-0.682904
-0.798963
-0.747445
-0.880996
-0.810174
-0.700591
-0.645892
-0.738126
-0.674407
-0.788916
-0.709567
-0.844401
-0.754457
-0.909464
-0.798238
-0.981917
-0.718891
-0.682178
-0.765827
-0.719382
-0.822562
-0.770807
-0.889687
-0.820942
-0.965349
-0.878340
-0.856447
-0.783492
-0.897150
-0.814841
-0.944492
-0.843400
-1.002986
-0.879846
-1.058753
-0.869641
-0.812243
-0.915584
-0.847779
-0.979550
-0.892582
-1.039252
-0.944326
-1.000611
-0.910980
-1.043880
-0.930797
-1.082248
-0.960974
-1.133210
-1.005808
-0.918066
-1.051106
-0.961106
-1.109678
-0.996265
-1.129231
-1.020593
-1.157437
-1.027008
-1.201445
-1.110889
-1.010577
-1.175160
-1.047653
-1.241117
-1.092161
-1.253340
-1.211510
-1.099582
-1.309343
-1.411013
-1.212409
-1.410430
-1.278862
-1.447142
-1.322673
-1.505250
-1.371267
-1.562885
-1.436402
-1.632055
-1.507895
-1.713283
-1.592786
-1.797700
-1.686623
-1.887667
-1.779980
-1.977685
-1.867337
-2.057776
-1.955346
-2.134452
-1.983284
-1.822559
-1.758390
-1.629847
-1.583081
-1.462334
-1.437693
-1.333922
-1.316030
-1.228628
-1.220380
-1.135574
-1.131763
-1.049660
-1.039599
-0.955233
-0.944630
-0.850288
-0.833311
-0.744525
-0.715116
-0.631629
-0.621768
-1.121763
-1.356903
-1.116487
-1.301913
-1.086569
-1.243826
-1.044533
-1.188283
-0.992275
-1.122222
-0.938075
-1.051308
-0.875337
-0.979405
-0.813686
-0.903428
-0.758307
-0.831995
-0.704595
-0.774570
-0.657992
-0.704874
-1.400687
-1.180424
-1.336007
-1.131073
-1.288416
-1.080422
-1.230585
-1.024240
-1.174807
-0.963524
-1.111862
-0.902802
-1.046786
-0.837910
-0.983001
-0.776991
-0.916903
-0.723325
-0.856205
-0.670302
-0.801355
-1.195662
-1.384757
-1.171570
-1.341038
-1.130025
-1.297492
-1.089440
-1.242920
-1.043221
-1.185887
-0.991097
-1.120726
-0.937379
-1.054558
-0.879768
-0.989077
-0.826613
-0.922119
-0.777762
-0.862771
-1.431354
-1.214707
-1.384803
-1.169015
-1.337104
-1.113458
-1.290329
-1.061559
-1.237408
-1.006540
-1.182160
-0.951220
-1.122048
-0.896880
-1.062771
-0.840400
-1.003518
-0.791635
-0.934941
-1.262075
-1.427775
-1.216556
-1.387289
-1.180016
-1.343974
-1.136644
-1.297230
-1.091136
-1.244058
-1.041141
-1.188081
-0.991481
-1.126198
-0.940958
-1.067464
-0.885977
-1.009445
-1.469171
-1.261343
-1.433424
-1.202375
-1.388243
-1.152726
-1.342609
-1.101191
-1.293940
-1.050735
-1.244699
-0.999183
-1.192384
-0.950669
-1.133593
-0.904364
-1.075090
-1.322253
-1.468439
-1.273465
-1.434513
-1.227257
-1.392949
-1.182896
-1.347241
-1.137162
-1.298684
-1.090489
-1.248885
-1.039464
-1.196546
-0.992262
-1.137914
-1.524061
-1.308227
-1.478592
-1.247927
-1.436838
-1.192691
-1.392040
-1.141813
-1.347508
-1.095297
-1.299857
-1.048362
-1.252257
-1.000443
-1.201295
-1.384901
-1.523231
-1.330916
-1.481931
-1.278830
-1.439524
-1.229205
-1.397203
-1.180940
-1.351966
-1.133984
-1.303031
-1.087689
-1.255859
-1.580115
-1.361634
-1.531575
-1.295595
-1.483913
-1.238127
-1.438844
-1.186650
-1.396648
-1.136874
-1.352441
-1.093097
-1.305593
-1.459140
-1.580820
-1.391701
-1.534570
-1.330735
-1.489391
-1.277415
-1.443243
-1.224688
-1.399735
-1.174650
-1.355662
-1.644788
-1.425371
-1.584509
-1.350601
-1.534017
-1.285619
-1.486602
-1.231724
-1.440863
-1.181938
-1.400585
-1.535982
-1.646419
-1.459102
-1.588762
-1.388821
-1.539446
-1.323287
-1.489939
-1.269022
-1.443495
-1.717129
-1.493555
-1.644186
-1.411485
-1.582283
-1.339894
-1.534134
-1.277816
-1.488468
-1.622389
-1.718010
-1.528452
-1.649165
-1.449471
-1.585797
-1.376598
-1.536101
-1.790005
-1.570714
-1.706212
-1.473353
-1.637652
-1.399644
-1.580611
-1.714128
-1.789273
-1.605749
-1.709435
-1.508797
-1.638032
-1.865684
-1.649729
-1.765531
-1.545993
-1.698072
-1.803350
-1.863028
-1.683107
-1.763357
-1.938158
-1.723925
-1.837152
-1.891642
-1.932883
-1.992506
-1.411013
-1.212409
-1.410430
-1.278862
-1.447142
-1.322673
-1.505250
-1.371267
-1.562886
-1.436402
-1.632055
-1.507896
-1.713284
-1.592786
-1.797701
-1.686624
-1.887668
-1.779981
-1.977686
-1.867338
-2.057776
-1.955346
-2.134452
-2.686889
-2.686965
-2.684144
-2.683977
-2.691900
-2.682223
-2.694780
-2.696236
-2.701747
-2.698883
-2.711591
-2.692875
-2.698004
-2.664246
-2.654340
-2.590676
-2.567278
-2.468734
-2.435691
-2.308875
-2.284708
-2.121323
-2.713677
-2.714176
-2.727939
-2.702018
-2.729308
-2.706306
-2.728551
-2.698327
-2.732513
-2.683271
-2.714833
-2.652969
-2.672802
-2.583490
-2.593130
-2.470005
-2.468582
-2.314004
-2.311641
-2.130783
-2.147823
-2.711642
-2.681550
-2.705536
-2.693296
-2.698480
-2.689723
-2.702453
-2.679330
-2.689137
-2.660426
-2.658316
-2.607853
-2.598486
-2.517340
-2.496328
-2.385255
-2.359322
-2.221535
-2.206951
-2.047400
-2.715831
-2.708517
-2.713352
-2.696094
-2.719362
-2.675708
-2.704030
-2.650516
-2.671158
-2.594950
-2.614167
-2.506449
-2.517360
-2.379339
-2.385306
-2.218288
-2.231892
-2.039391
-2.077911
-2.664251
-2.649629
-2.670159
-2.637654
-2.655195
-2.623870
-2.627172
-2.582154
-2.582517
-2.512586
-2.503428
-2.408575
-2.392865
-2.269363
-2.257277
-2.108688
-2.114345
-1.946422
-2.660798
-2.626577
-2.648451
-2.609410
-2.623872
-2.563457
-2.583361
-2.492727
-2.508670
-2.391328
-2.404473
-2.255532
-2.274018
-2.097774
-2.130917
-1.932303
-1.990161
-2.561394
-2.535237
-2.544554
-2.502212
-2.513628
-2.449948
-2.452223
-2.372328
-2.367584
-2.261428
-2.258363
-2.128438
-2.133592
-1.982012
-2.006695
-1.840085
-2.514722
-2.465319
-2.488409
-2.417053
-2.434969
-2.343347
-2.359122
-2.235660
-2.258756
-2.107274
-2.139578
-1.962944
-2.016099
-1.818921
-1.894609
-2.372943
-2.323724
-2.334930
-2.269910
-2.277500
-2.188260
-2.199233
-2.088807
-2.101783
-1.971594
-1.999358
-1.848895
-1.893436
-1.731741
-2.296192
-2.225282
-2.249766
-2.153363
-2.182415
-2.060377
-2.093989
-1.947364
-1.999025
-1.825145
-1.897022
-1.706974
-1.800644
-2.128185
-2.059183
-2.081850
-1.992104
-2.016661
-1.908225
-1.945306
-1.813754
-1.864666
-1.720222
-1.785326
-1.624127
-2.055532
-1.961376
-2.002414
-1.886293
-1.939096
-1.794031
-1.863537
-1.700162
-1.786685
-1.600309
-1.714977
-1.892556
-1.805720
-1.851303
-1.739634
-1.799090
-1.673570
-1.743166
-1.598713
-1.690256
-1.526959
-1.846333
-1.731891
-1.802435
-1.667573
-1.746795
-1.588677
-1.694336
-1.510856
-1.633883
-1.706898
-1.601163
-1.673148
-1.548542
-1.643643
-1.495442
-1.601754
-1.444521
-1.687666
-1.561638
-1.657919
-1.500753
-1.609968
-1.442100
-1.567369
-1.572484
-1.444218
-1.550694
-1.414225
-1.529753
-1.364935
-1.578800
-1.440309
-1.544768
-1.376976
-1.514093
-1.465876
-1.332744
-1.473226
-1.302544
-1.504962
-1.327974
-1.458514
-1.397687
-1.255210
-1.421699
-1.115448
-1.195354
-1.051794
-1.100231
-0.993881
-1.001423
-0.899224
-0.892833
-0.784990
-0.762184
-0.656903
-0.624650
-0.527281
-0.499042
-0.417412
-0.403091
-0.343247
-0.345370
-0.308684
-0.325635
-0.298586
-0.344108
-0.330401
-0.376418
-0.374387
-0.378606
-0.357900
-0.383598
-0.355338
-0.379699
-0.342650
-0.366948
-0.326598
-0.353215
-0.307289
-0.343868
-0.298409
-0.345105
-0.304293
-0.369265
-0.331107
-0.415234
-0.381118
-0.483811
-0.441926
-0.580323
-1.309343
-1.099582
-1.253340
-1.047653
-1.201445
-0.996264
-1.133210
-0.944326
-1.058753
-0.878340
-0.981917
-0.810174
-0.896850
-0.744566
-0.814912
-0.678440
-0.743509
-0.619183
-0.676842
-0.580757
-0.616052
-0.530385
-1.211510
-1.092161
-1.175160
-1.027008
-1.109678
-0.960974
-1.039252
-0.879846
-0.965349
-0.798238
-0.880996
-0.720038
-0.799425
-0.641354
-0.727490
-0.571149
-0.661806
-0.517762
-0.604104
-0.471673
-0.576908
-1.241117
-1.010576
-1.157436
-0.961106
-1.082248
-0.892582
-1.002986
-0.820942
-0.909464
-0.747445
-0.816862
-0.669148
-0.731356
-0.597861
-0.651318
-0.541767
-0.580797
-0.497274
-0.529269
-0.463357
-1.110889
-1.020592
-1.051106
-0.930797
-0.979549
-0.843400
-0.889687
-0.754457
-0.798962
-0.660337
-0.712810
-0.574938
-0.631690
-0.504621
-0.563039
-0.447800
-0.512415
-0.403342
-0.475584
-1.129230
-0.918065
-1.043879
-0.847779
-0.944491
-0.770807
-0.844401
-0.682904
-0.745583
-0.599723
-0.649771
-0.527814
-0.567671
-0.468321
-0.502894
-0.424642
-0.452638
-0.399711
-1.005808
-0.910980
-0.915583
-0.814841
-0.822562
-0.709567
-0.726078
-0.609602
-0.629491
-0.520285
-0.546830
-0.445106
-0.482220
-0.389499
-0.433891
-0.353117
-0.401480
-1.000611
-0.812243
-0.897149
-0.719381
-0.788916
-0.627687
-0.678714
-0.540753
-0.581524
-0.464654
-0.501911
-0.408246
-0.440362
-0.371468
-0.396964
-0.350277
-0.869640
-0.783491
-0.765827
-0.674406
-0.658511
-0.568477
-0.561029
-0.473262
-0.479005
-0.400299
-0.417048
-0.350161
-0.376692
-0.319367
-0.353116
-0.856447
-0.682178
-0.738126
-0.582382
-0.626535
-0.489567
-0.528259
-0.416570
-0.451011
-0.365268
-0.398214
-0.335190
-0.364563
-0.323211
-0.718890
-0.645891
-0.607527
-0.534324
-0.507013
-0.441041
-0.426146
-0.370507
-0.371827
-0.326474
-0.340185
-0.305643
-0.326295
-0.700590
-0.547669
-0.585673
-0.454370
-0.487789
-0.381914
-0.417651
-0.336953
-0.372789
-0.317031
-0.350094
-0.313490
-0.569703
-0.512689
-0.467333
-0.419132
-0.391238
-0.353398
-0.341712
-0.317466
-0.320109
-0.304379
-0.319010
-0.556166
-0.430654
-0.462250
-0.360168
-0.395256
-0.321750
-0.360556
-0.308654
-0.349760
-0.315780
-0.442457
-0.407226
-0.367579
-0.346822
-0.325377
-0.314584
-0.311836
-0.311244
-0.318852
-0.445198
-0.349628
-0.383796
-0.311868
-0.355728
-0.308250
-0.352017
-0.325197
-0.354646
-0.343513
-0.317274
-0.318698
-0.306134
-0.320392
-0.322592
-0.378834
-0.309699
-0.350934
-0.308757
-0.356938
-0.331090
-0.310643
-0.323006
-0.306132
-0.325499
-0.323680
-0.350769
-0.306602
-0.356842
-0.335797
-0.304417
-0.329052
-0.322231
-0.358132
-0.333977
-0.295687
-1.370707
-1.138671
-1.283362
-1.110375
-1.224770
-1.053554
-1.172221
-0.987496
-1.107121
-0.922412
-1.037460
-0.849563
-0.967346
-0.778102
-0.892126
-0.712612
-0.821713
-0.648200
-0.763932
-0.589283
-0.708452
-0.560844
-0.676739
-1.992506
-1.932883
-1.837153
-1.763357
-1.698072
-1.638032
-1.580611
-1.536101
-1.488469
-1.443495
-1.400585
-1.355662
-1.305594
-1.255859
-1.201295
-1.137914
-1.075090
-1.009445
-0.934941
-0.862771
-0.801355
-0.704874
-1.891643
-1.723926
-1.683107
-1.545993
-1.508797
-1.399644
-1.376598
-1.277816
-1.269022
-1.181938
-1.174650
-1.093097
-1.087689
-1.000443
-0.992262
-0.904364
-0.885977
-0.791635
-0.777763
-0.670302
-0.657992
-1.938158
-1.863029
-1.765532
-1.709435
-1.637652
-1.585797
-1.534134
-1.489940
-1.440863
-1.399735
-1.352441
-1.303031
-1.252257
-1.196546
-1.133593
-1.067464
-1.003518
-0.922119
-0.856205
-0.774570
-1.803351
-1.649729
-1.605749
-1.473353
-1.449472
-1.339894
-1.323287
-1.231724
-1.224688
-1.136874
-1.133984
-1.048362
-1.039464
-0.950669
-0.940958
-0.840400
-0.826613
-0.723325
-0.704595
-1.865685
-1.789274
-1.706213
-1.649165
-1.582284
-1.539446
-1.486602
-1.443243
-1.396648
-1.351966
-1.299857
-1.248885
-1.192384
-1.126198
-1.062771
-0.989077
-0.916903
-0.831995
-1.714129
-1.570714
-1.528452
-1.411486
-1.388821
-1.285619
-1.277415
-1.186650
-1.180940
-1.095297
-1.090489
-0.999183
-0.991481
-0.896880
-0.879768
-0.776991
-0.758307
-1.790005
-1.718010
-1.644186
-1.588762
-1.534017
-1.489391
-1.438844
-1.397204
-1.347508
-1.298684
-1.244699
-1.188081
-1.122048
-1.054558
-0.983001
-0.903429
-1.622390
-1.493555
-1.459102
-1.350601
-1.330736
-1.238127
-1.229205
-1.141813
-1.137162
-1.050735
-1.041142
-0.951220
-0.937379
-0.837910
-0.813686
-1.717130
-1.646420
-1.584510
-1.534570
-1.483913
-1.439524
-1.392040
-1.347241
-1.293940
-1.244058
-1.182161
-1.120726
-1.046786
-0.979405
-1.535983
-1.425372
-1.391701
-1.295595
-1.278830
-1.192691
-1.182896
-1.101191
-1.091136
-1.006540
-0.991097
-0.902802
-0.875337
-1.644789
-1.580821
-1.531576
-1.481931
-1.436838
-1.392949
-1.342609
-1.297230
-1.237408
-1.185887
-1.111862
-1.051308
-1.459141
-1.361634
-1.330916
-1.247927
-1.227257
-1.152726
-1.136644
-1.061559
-1.043221
-0.963524
-0.938075
-1.580115
-1.523231
-1.478593
-1.434513
-1.388243
-1.343974
-1.290330
-1.242920
-1.174807
-1.122222
-1.384901
-1.308227
-1.273465
-1.202375
-1.180016
-1.113457
-1.089440
-1.024239
-0.992275
-1.524061
-1.468439
-1.433424
-1.387289
-1.337104
-1.297492
-1.230585
-1.188283
-1.322253
-1.261343
-1.216556
-1.169015
-1.130025
-1.080421
-1.044533
-1.469171
-1.427775
-1.384803
-1.341038
-1.288416
-1.243825
-1.262075
-1.214707
-1.171570
-1.131072
-1.086569
-1.431355
-1.384757
-1.336007
-1.301913
-1.195662
-1.180424
-1.116486
-1.400687
-1.356902
-1.121763
-2.699221
-2.693545
-2.693777
-2.681245
-2.689786
-2.675971
-2.705428
-2.676754
-2.713445
-2.690434
-2.723502
-2.690584
-2.727871
-2.675665
-2.701614
-2.627456
-2.635168
-2.527814
-2.518015
-2.378403
-2.358232
-2.199183
-2.195521
-2.643672
-2.655203
-2.642118
-2.643650
-2.652173
-2.643242
-2.656536
-2.666794
-2.671554
-2.686112
-2.696078
-2.706859
-2.704738
-2.714313
-2.690409
-2.684098
-2.632539
-2.604993
-2.518254
-2.476123
-2.363303
-2.305167
-2.640110
-2.636223
-2.648623
-2.618205
-2.644535
-2.631795
-2.654154
-2.642235
-2.683113
-2.662936
-2.705431
-2.684808
-2.721424
-2.683466
-2.710999
-2.646866
-2.651739
-2.554250
-2.534808
-2.401371
-2.363303
-2.628629
-2.574404
-2.599300
-2.588685
-2.593767
-2.596276
-2.619395
-2.622621
-2.645859
-2.664364
-2.680861
-2.697952
-2.707944
-2.716703
-2.703057
-2.696278
-2.650291
-2.616649
-2.534808
-2.476123
-2.582274
-2.582763
-2.568785
-2.564748
-2.588878
-2.573007
-2.608175
-2.606676
-2.645408
-2.640162
-2.687485
-2.673766
-2.713150
-2.685660
-2.709509
-2.652204
-2.650292
-2.554250
-2.518255
-2.546011
-2.516023
-2.546194
-2.516989
-2.546362
-2.549754
-2.576284
-2.588277
-2.625240
-2.642811
-2.671770
-2.692408
-2.708748
-2.716548
-2.709509
-2.696278
-2.651739
-2.604993
-2.527628
-2.501892
-2.509935
-2.512433
-2.528358
-2.530160
-2.572074
-2.575368
-2.620501
-2.628016
-2.674248
-2.669132
-2.708748
-2.685660
-2.703056
-2.646866
-2.632539
-2.484442
-2.463986
-2.481634
-2.467104
-2.509854
-2.509142
-2.550729
-2.570257
-2.614336
-2.634306
-2.674247
-2.692408
-2.713149
-2.716702
-2.710998
-2.684098
-2.459435
-2.445222
-2.467874
-2.464188
-2.491783
-2.508472
-2.550003
-2.563394
-2.614336
-2.628015
-2.671769
-2.673765
-2.707943
-2.683465
-2.690408
-2.442806
-2.414795
-2.443298
-2.443733
-2.487515
-2.493308
-2.550003
-2.570256
-2.620500
-2.642810
-2.687484
-2.697951
-2.721422
-2.714312
-2.418734
-2.420120
-2.441470
-2.444983
-2.487514
-2.508472
-2.550728
-2.575367
-2.625238
-2.640160
-2.680859
-2.684807
-2.704737
-2.416326
-2.394669
-2.441469
-2.443733
-2.491782
-2.509141
-2.572073
-2.588276
-2.645407
-2.664363
-2.705429
-2.706858
-2.416326
-2.420119
-2.443297
-2.464187
-2.509852
-2.530158
-2.576282
-2.606675
-2.645857
-2.662934
-2.696076
-2.418733
-2.414794
-2.467873
-2.467103
-2.528356
-2.549753
-2.608173
-2.622619
-2.683110
-2.686110
-2.442805
-2.445221
-2.481633
-2.512431
-2.546360
-2.573005
-2.619392
-2.642233
-2.671552
-2.459434
-2.463985
-2.509933
-2.516987
-2.588876
-2.596273
-2.654151
-2.666791
-2.484441
-2.501889
-2.546191
-2.564746
-2.593764
-2.631792
-2.656533
-2.527625
-2.516020
-2.568782
-2.588682
-2.644532
-2.643239
-2.546008
-2.582761
-2.599297
-2.618202
-2.652170
-2.582271
-2.574401
-2.648620
-2.643647
-2.628626
-2.636219
-2.642114
-2.640106
-2.655199
-2.643668
-2.654509
-2.685338
-2.591768
-2.590055
-2.549088
-2.524874
-2.471413
-2.468999
-2.416536
-2.417112
-2.392688
-2.395423
-2.392689
-2.417113
-2.416537
-2.469001
-2.471415
-2.524877
-2.549091
-2.590058
-2.591771
-2.685341
-2.654513
-2.699218
-2.693534
-2.693781
-2.681206
-2.689814
-2.675880
-2.705478
-2.676640
-2.713482
-2.690289
-2.723578
-2.690354
-2.727976
-2.675416
-2.701690
-2.627155
-2.635315
-2.527379
-2.518199
-2.377942
-2.358389
-2.198592
-2.195823
-2.643686
-2.655192
-2.642152
-2.643631
-2.652226
-2.643240
-2.656582
-2.666806
-2.671635
-2.686102
-2.696186
-2.706886
-2.704827
-2.714361
-2.690561
-2.684108
-2.632728
-2.605071
-2.518416
-2.476217
-2.363578
-2.305215
-2.640106
-2.636191
-2.648635
-2.618149
-2.644548
-2.631711
-2.654196
-2.642090
-2.683179
-2.662771
-2.705483
-2.684605
-2.721528
-2.683165
-2.711136
-2.646543
-2.651856
-2.553853
-2.535029
-2.400811
-2.363578
-2.628641
-2.574399
-2.599322
-2.588685
-2.593812
-2.596263
-2.619461
-2.622630
-2.645917
-2.664386
-2.680962
-2.697947
-2.708074
-2.716743
-2.703167
-2.696333
-2.650481
-2.616657
-2.535029
-2.476218
-2.582272
-2.582734
-2.568800
-2.564679
-2.588912
-2.572914
-2.608207
-2.606551
-2.645477
-2.639967
-2.687579
-2.673551
-2.713231
-2.685394
-2.709661
-2.651822
-2.650482
-2.553853
-2.518417
-2.546020
-2.516017
-2.546222
-2.516990
-2.546394
-2.549762
-2.576346
-2.588268
-2.625324
-2.642829
-2.671842
-2.692437
-2.708875
-2.716544
-2.709661
-2.696333
-2.651856
-2.605072
-2.527631
-2.501860
-2.509948
-2.512372
-2.528394
-2.530050
-2.572132
-2.575237
-2.620554
-2.627847
-2.674348
-2.668882
-2.708876
-2.685395
-2.703167
-2.646544
-2.632730
-2.484449
-2.463987
-2.481660
-2.467097
-2.509898
-2.509149
-2.550773
-2.570270
-2.614418
-2.634298
-2.674349
-2.692438
-2.713232
-2.716744
-2.711138
-2.684109
-2.459440
-2.445185
-2.467898
-2.464125
-2.491811
-2.508377
-2.550064
-2.563242
-2.614418
-2.627848
-2.671843
-2.673553
-2.708075
-2.683166
-2.690563
-2.442815
-2.414796
-2.443317
-2.443738
-2.487558
-2.493302
-2.550064
-2.570271
-2.620555
-2.642830
-2.687581
-2.697949
-2.721530
-2.714363
-2.418739
-2.420088
-2.441495
-2.444911
-2.487559
-2.508378
-2.550774
-2.575238
-2.625325
-2.639969
-2.680964
-2.684607
-2.704830
-2.416335
-2.394666
-2.441495
-2.443738
-2.491812
-2.509150
-2.572133
-2.588270
-2.645479
-2.664389
-2.705485
-2.706888
-2.416335
-2.420089
-2.443317
-2.464126
-2.509900
-2.530051
-2.576348
-2.606553
-2.645920
-2.662774
-2.696189
-2.418740
-2.414797
-2.467899
-2.467099
-2.528396
-2.549764
-2.608209
-2.622633
-2.683182
-2.686106
-2.442816
-2.445187
-2.481662
-2.512374
-2.546396
-2.572917
-2.619464
-2.642094
-2.671638
-2.459442
-2.463989
-2.509950
-2.516992
-2.588915
-2.596266
-2.654199
-2.666810
-2.484451
-2.501862
-2.546224
-2.564681
-2.593815
-2.631714
-2.656586
-2.527633
-2.516019
-2.568803
-2.588688
-2.644552
-2.643243
-2.546023
-2.582737
-2.599325
-2.618153
-2.652230
-2.582275
-2.574403
-2.648639
-2.643635
-2.628644
-2.636195
-2.642156
-2.640109
-2.655196
-2.643690
-0.331521
-0.411449
-0.372636
-0.448098
-0.451713
-0.517327
-0.524551
-0.592847
-0.594137
-0.646706
-0.641889
-0.664779
-0.641888
-0.646704
-0.594136
-0.592845
-0.524548
-0.517323
-0.451710
-0.448094
-0.372632
-0.411446
-0.331518
-0.376543
-0.374320
-0.378963
-0.357948
-0.383346
-0.356189
-0.379396
-0.342621
-0.367607
-0.326744
-0.352463
-0.308812
-0.343154
-0.298530
-0.345677
-0.304696
-0.368194
-0.333002
-0.414275
-0.381657
-0.484063
-0.442866
-0.579159
-0.360346
-0.348124
-0.382499
-0.362214
-0.380234
-0.361210
-0.371253
-0.354576
-0.353227
-0.339892
-0.335082
-0.326892
-0.320608
-0.325078
-0.320457
-0.342238
-0.341941
-0.385060
-0.388853
-0.454304
-0.463890
-0.544118
-0.407756
-0.412253
-0.424021
-0.409524
-0.427594
-0.401332
-0.413641
-0.379017
-0.392613
-0.348957
-0.364748
-0.319939
-0.342509
-0.299733
-0.335350
-0.299223
-0.351847
-0.323388
-0.395978
-0.371380
-0.463889
-0.438435
-0.400368
-0.446381
-0.417051
-0.436517
-0.411763
-0.419360
-0.390929
-0.388308
-0.364569
-0.355945
-0.338686
-0.331198
-0.327192
-0.323851
-0.338337
-0.344024
-0.378899
-0.395978
-0.454304
-0.466200
-0.476025
-0.478764
-0.473674
-0.479522
-0.451656
-0.454451
-0.417290
-0.416884
-0.371536
-0.376286
-0.329943
-0.342444
-0.301952
-0.329239
-0.297509
-0.344024
-0.323388
-0.388853
-0.498653
-0.475185
-0.515583
-0.478099
-0.498848
-0.462979
-0.464109
-0.424948
-0.418947
-0.382714
-0.372122
-0.346757
-0.339218
-0.328097
-0.329239
-0.338337
-0.351847
-0.385060
-0.541551
-0.539501
-0.547387
-0.536870
-0.529711
-0.498832
-0.489802
-0.445666
-0.433099
-0.386113
-0.379581
-0.333630
-0.339218
-0.301951
-0.323850
-0.299222
-0.341940
-0.572534
-0.552110
-0.577625
-0.537968
-0.551594
-0.501109
-0.495672
-0.446558
-0.434950
-0.389190
-0.379581
-0.346757
-0.342444
-0.327192
-0.335349
-0.342238
-0.608348
-0.603036
-0.608761
-0.582655
-0.566349
-0.529115
-0.505743
-0.455786
-0.434949
-0.386112
-0.372122
-0.329942
-0.331198
-0.299732
-0.320456
-0.640017
-0.606803
-0.622721
-0.577936
-0.576559
-0.514736
-0.505742
-0.446557
-0.433098
-0.382713
-0.376285
-0.338685
-0.342508
-0.325076
-0.656006
-0.646773
-0.636909
-0.598792
-0.576558
-0.529115
-0.495670
-0.445665
-0.418946
-0.371534
-0.355943
-0.319937
-0.320607
-0.671239
-0.625557
-0.636908
-0.577935
-0.566348
-0.501107
-0.489801
-0.424946
-0.416882
-0.364567
-0.364747
-0.326891
-0.671239
-0.646772
-0.622721
-0.582653
-0.551593
-0.498830
-0.464107
-0.417288
-0.388306
-0.348955
-0.335080
-0.656005
-0.606801
-0.608760
-0.537966
-0.529709
-0.462977
-0.454449
-0.390926
-0.392611
-0.339890
-0.640016
-0.603035
-0.577623
-0.536868
-0.498845
-0.451653
-0.419358
-0.379014
-0.353224
-0.608346
-0.552107
-0.547385
-0.478096
-0.479520
-0.411760
-0.413638
-0.354573
-0.572531
-0.539498
-0.515580
-0.473671
-0.436514
-0.401329
-0.371250
-0.541548
-0.475182
-0.478760
-0.417048
-0.427590
-0.361206
-0.498649
-0.476022
-0.446378
-0.409521
-0.380231
-0.466197
-0.400364
-0.424017
-0.362210
-0.438432
-0.412250
-0.382495
-0.407752
-0.348120
-0.360342
-0.376422
-0.374391
-0.378610
-0.357903
-0.383601
-0.355341
-0.379702
-0.342652
-0.366950
-0.326600
-0.353217
-0.307291
-0.343869
-0.298411
-0.345106
-0.304294
-0.369266
-0.331107
-0.415234
-0.381118
-0.483811
-0.441926
-0.580323
-0.360433
-0.348164
-0.382913
-0.361800
-0.380721
-0.361539
-0.370886
-0.354852
-0.354073
-0.338910
-0.335889
-0.327320
-0.320071
-0.325334
-0.321561
-0.341016
-0.342954
-0.385411
-0.388515
-0.454544
-0.465077
-0.543148
-0.407691
-0.411950
-0.424078
-0.409561
-0.427052
-0.401287
-0.414144
-0.377782
-0.393185
-0.348955
-0.364068
-0.319741
-0.343494
-0.297928
-0.336314
-0.298922
-0.351391
-0.322850
-0.397148
-0.369259
-0.465077
-0.438651
-0.400481
-0.446269
-0.417230
-0.437115
-0.411039
-0.420026
-0.391304
-0.387774
-0.364852
-0.356943
-0.337442
-0.332178
-0.327540
-0.323330
-0.338587
-0.345179
-0.377622
-0.397149
-0.454544
-0.465969
-0.476021
-0.478917
-0.472961
-0.479842
-0.451700
-0.453812
-0.417233
-0.417668
-0.369970
-0.377140
-0.329839
-0.341826
-0.301681
-0.330350
-0.295525
-0.345179
-0.322850
-0.388515
-0.498879
-0.474914
-0.515980
-0.478325
-0.498497
-0.463223
-0.464882
-0.423899
-0.419785
-0.383063
-0.371505
-0.347045
-0.340284
-0.326736
-0.330350
-0.338588
-0.351391
-0.385412
-0.541526
-0.539516
-0.546992
-0.536874
-0.530167
-0.497721
-0.490425
-0.445680
-0.432441
-0.386030
-0.380555
-0.331841
-0.340284
-0.301682
-0.323331
-0.298923
-0.342954
-0.572534
-0.552215
-0.578040
-0.537353
-0.552167
-0.501388
-0.495125
-0.446841
-0.435832
-0.387932
-0.380556
-0.347046
-0.341826
-0.327541
-0.336315
-0.341017
-0.608374
-0.602620
-0.609030
-0.582692
-0.565849
-0.529126
-0.506467
-0.454359
-0.435832
-0.386030
-0.371505
-0.329839
-0.332179
-0.297929
-0.321562
-0.640194
-0.606915
-0.622452
-0.578126
-0.577131
-0.513816
-0.506467
-0.446842
-0.432442
-0.383064
-0.377141
-0.337443
-0.343495
-0.325335
-0.655859
-0.646790
-0.637253
-0.597967
-0.577132
-0.529127
-0.495126
-0.445681
-0.419786
-0.369971
-0.356944
-0.319742
-0.320072
-0.671375
-0.625211
-0.637253
-0.578126
-0.565850
-0.501390
-0.490426
-0.423901
-0.417670
-0.364854
-0.364069
-0.327322
-0.671376
-0.646791
-0.622453
-0.582693
-0.552168
-0.497723
-0.464884
-0.417235
-0.387776
-0.348957
-0.335891
-0.655861
-0.606916
-0.609032
-0.537355
-0.530170
-0.463225
-0.453814
-0.391306
-0.393188
-0.338912
-0.640196
-0.602621
-0.578043
-0.536877
-0.498500
-0.451702
-0.420029
-0.377785
-0.354076
-0.608377
-0.552218
-0.546994
-0.478328
-0.479845
-0.411042
-0.414147
-0.354855
-0.572537
-0.539519
-0.515983
-0.472964
-0.437118
-0.401290
-0.370889
-0.541529
-0.474918
-0.478921
-0.417233
-0.427056
-0.361542
-0.498882
-0.476024
-0.446272
-0.409564
-0.380724
-0.465973
-0.400484
-0.424081
-0.361803
-0.438655
-0.411953
-0.382917
-0.407695
-0.348167
-0.360436

