Tension at each vertex
-1.136825
-1.136825
-1.136237
-1.136238
-2.681824
-0.358329
-2.681819
-0.358328
-1.997878
-1.997039
-0.494325
-0.492116
-1.161007
-1.294500
-1.238921
-1.358136
-1.351950
-1.452507
-1.474325
-1.592989
-1.640911
-1.781093
-1.862790
-2.021506
-2.126093
-2.284643
-2.379086
-2.509826
-2.563865
-2.645992
-2.664210
-2.698519
-2.679227
-2.723272
-2.677724
-1.259776
-1.425346
-1.378675
-1.482144
-1.462842
-1.577967
-1.572456
-1.701567
-1.726039
-1.874749
-1.930827
-2.099411
-2.173876
-2.343972
-2.409325
-2.546973
-2.582716
-2.668255
-2.669091
-2.717698
-2.697098
-2.678828
-1.208165
-1.281501
-1.279129
-1.372252
-1.374669
-1.476339
-1.504950
-1.620719
-1.677117
-1.816655
-1.901143
-2.059520
-2.159672
-2.313055
-2.402860
-2.520793
-2.574823
-2.649696
-2.664552
-2.699870
-2.697141
-1.265700
-1.429566
-1.363247
-1.493271
-1.461635
-1.587460
-1.578167
-1.718904
-1.738241
-1.897973
-1.947161
-2.121671
-2.189963
-2.358820
-2.417325
-2.554176
-2.578843
-2.671132
-2.664502
-2.717689
-1.250050
-1.268645
-1.310528
-1.371801
-1.398502
-1.489001
-1.528515
-1.639833
-1.703964
-1.838866
-1.929371
-2.080537
-2.182181
-2.327441
-2.413709
-2.527195
-2.578903
-2.649706
-2.669135
-1.249964
-1.443026
-1.343102
-1.507871
-1.451438
-1.598210
-1.578027
-1.731454
-1.742452
-1.910544
-1.952216
-2.133583
-2.191862
-2.365221
-2.413661
-2.554158
-2.574762
-2.668250
-1.249245
-1.270794
-1.330713
-1.367471
-1.421912
-1.493321
-1.548537
-1.648883
-1.723556
-1.850767
-1.946330
-2.088302
-2.191930
-2.327446
-2.417375
-2.520842
-2.582738
-1.259900
-1.432757
-1.340182
-1.515047
-1.441247
-1.608784
-1.572814
-1.739026
-1.737061
-1.914896
-1.946287
-2.133558
-2.182118
-2.358820
-2.402767
-2.546967
-1.249090
-1.283208
-1.331961
-1.373369
-1.436190
-1.492878
-1.563066
-1.651269
-1.737127
-1.850769
-1.952267
-2.080595
-2.189978
-2.313131
-2.409361
-1.254721
-1.429228
-1.343763
-1.510671
-1.438369
-1.613501
-1.563039
-1.738995
-1.723499
-1.910547
-1.929268
-2.121669
-2.159595
-2.343927
-1.257092
-1.281488
-1.336465
-1.379628
-1.438417
-1.492875
-1.572854
-1.648948
-1.742453
-1.838954
-1.947197
-2.059583
-2.173916
-1.253545
-1.433386
-1.336444
-1.510646
-1.436152
-1.608792
-1.548434
-1.731457
-1.703888
-1.897920
-1.901071
-2.099390
-1.253567
-1.281492
-1.343792
-1.373423
-1.441225
-1.493417
-1.578054
-1.639895
-1.738283
-1.816778
-1.930803
-1.257070
-1.429231
-1.331871
-1.515076
-1.421840
-1.598155
-1.528448
-1.718886
-1.676968
-1.874754
-1.254688
-1.283314
-1.340172
-1.367522
-1.451478
-1.489128
-1.578128
-1.620901
-1.726043
-1.249006
-1.432722
-1.330677
-1.507860
-1.398341
-1.587482
-1.504825
-1.701489
-1.259929
-1.270895
-1.343027
-1.372007
-1.461624
-1.476456
-1.572503
-1.249104
-1.443100
-1.310397
-1.493186
-1.374589
-1.577931
-1.249877
-1.268754
-1.363298
-1.372447
-1.462756
-1.250031
-1.429525
-1.278897
-1.482192
-1.265553
-1.281849
-1.378620
-1.207969
-1.425211
-1.259825
-1.409065
-1.220508
-1.387384
-1.175010
-1.373600
-1.197955
-1.358003
-1.197801
-1.359827
-1.199468
-1.352138
-1.205876
-1.352145
-1.199433
-1.359775
-1.197737
-1.358028
-1.197718
-1.373651
-1.174857
-1.387263
-1.220312
-1.409158
-1.102740
-1.168456
-1.038157
-1.078215
-0.982577
-0.983795
-0.892546
-0.882494
-0.785099
-0.761755
-0.665889
-0.634986
-0.545238
-0.518023
-0.441510
-0.426311
-0.369936
-0.368540
-0.334497
-0.348172
-0.321722
-0.364751
-0.353671
-1.191201
-1.286525
-1.163954
-1.186681
-1.073223
-1.088564
-0.963856
-0.966066
-0.838211
-0.829689
-0.699563
-0.688232
-0.564209
-0.559577
-0.451333
-0.460867
-0.374602
-0.401006
-0.332331
-0.376974
-0.329776
-0.352685
-1.137928
-1.140951
-1.057640
-1.069598
-0.976928
-0.975826
-0.884680
-0.869372
-0.773219
-0.749055
-0.652635
-0.624792
-0.535098
-0.511572
-0.436319
-0.424965
-0.367484
-0.373003
-0.334410
-0.347135
-0.329778
-1.192125
-1.281801
-1.135954
-1.179160
-1.051209
-1.072672
-0.940168
-0.949447
-0.813958
-0.812008
-0.677222
-0.672749
-0.547062
-0.550015
-0.440764
-0.458116
-0.369842
-0.399949
-0.334671
-0.376903
-1.177483
-1.119751
-1.079677
-1.056101
-0.982930
-0.968135
-0.883270
-0.859910
-0.768900
-0.740660
-0.648380
-0.619070
-0.532246
-0.509292
-0.435873
-0.424597
-0.369861
-0.372885
-0.332141
-1.173975
-1.291065
-1.106958
-1.183693
-1.028155
-1.066047
-0.921090
-0.940365
-0.795229
-0.801739
-0.660968
-0.665446
-0.536334
-0.546961
-0.436071
-0.458056
-0.367533
-0.401168
-1.173963
-1.117625
-1.094152
-1.041899
-0.994862
-0.958831
-0.886401
-0.852894
-0.771455
-0.736774
-0.651234
-0.617165
-0.536377
-0.509185
-0.440632
-0.425012
-0.374549
-1.182736
-1.276628
-1.098915
-1.184207
-1.008502
-1.066611
-0.905823
-0.936804
-0.780714
-0.798208
-0.651367
-0.665396
-0.532267
-0.550157
-0.436447
-0.460693
-1.172051
-1.127410
-1.090020
-1.041908
-1.002397
-0.950575
-0.893963
-0.850135
-0.780772
-0.736684
-0.660893
-0.619101
-0.547037
-0.511268
-0.451515
-1.176261
-1.270592
-1.099941
-1.175359
-1.002185
-1.068376
-0.894033
-0.936768
-0.771453
-0.801851
-0.648455
-0.672622
-0.535404
-0.559614
-1.178991
-1.123610
-1.092022
-1.046479
-1.002237
-0.950514
-0.905797
-0.852907
-0.795231
-0.740418
-0.677394
-0.624626
-0.564016
-1.174793
-1.274105
-1.092038
-1.175343
-1.002380
-1.066679
-0.886442
-0.940273
-0.769121
-0.812028
-0.652582
-0.688448
-1.174827
-1.123583
-1.099946
-1.041898
-1.008539
-0.958652
-0.921235
-0.859767
-0.813845
-0.749024
-0.699644
-1.178968
-1.270615
-1.090052
-1.184138
-0.994997
-1.066058
-0.883236
-0.949602
-0.773381
-0.829486
-1.176331
-1.127278
-1.099028
-1.041798
-1.028109
-0.968084
-0.940249
-0.868969
-0.838457
-1.172114
-1.276644
-1.094125
-1.183774
-0.983054
-1.072527
-0.884973
-0.966124
-1.182739
-1.117550
-1.107067
-1.055799
-1.051400
-0.975633
-0.963719
-1.174065
-1.290955
-1.079861
-1.179204
-0.976902
-1.088740
-1.174128
-1.119609
-1.135903
-1.069478
-1.073348
-1.177459
-1.281887
-1.057830
-1.186520
-1.192301
-1.140549
-1.164168
-1.138131
-1.286608
-1.191181
-1.394642
-1.186636
-1.389800
-1.259201
-1.425322
-1.307286
-1.483457
-1.358565
-1.542487
-1.426755
-1.612572
-1.500595
-1.696180
-1.588030
-1.784908
-1.684838
-1.879398
-1.781860
-1.973989
-1.873004
-2.058889
-1.964188
-2.137814
-2.672984
-2.673397
-2.670047
-2.668614
-2.677495
-2.668070
-2.681253
-2.684025
-2.691202
-2.690548
-2.706108
-2.690751
-2.700337
-2.671420
-2.666077
-2.608421
-2.588016
-2.493733
-2.459083
-2.334987
-2.300990
-2.139926
-2.703583
-2.701701
-2.717232
-2.691184
-2.718302
-2.697319
-2.719836
-2.692659
-2.727742
-2.682972
-2.716475
-2.660458
-2.682960
-2.600339
-2.612738
-2.494595
-2.493270
-2.341184
-2.333313
-2.151341
-2.159002
-2.707642
-2.677292
-2.700033
-2.688893
-2.694436
-2.686380
-2.700882
-2.679322
-2.692030
-2.665920
-2.667607
-2.620738
-2.615822
-2.537480
-2.519333
-2.410130
-2.381526
-2.243674
-2.221735
-2.060508
-2.714375
-2.707027
-2.713012
-2.695522
-2.720233
-2.678497
-2.707919
-2.658075
-2.680077
-2.608840
-2.630009
-2.526952
-2.539291
-2.405014
-2.408770
-2.243092
-2.250443
-2.056481
-2.084268
-2.670510
-2.655328
-2.676656
-2.644627
-2.663094
-2.633042
-2.638569
-2.595090
-2.598899
-2.529848
-2.524520
-2.430207
-2.415303
-2.291487
-2.276312
-2.125695
-2.123550
-1.954901
-2.670881
-2.635577
-2.658692
-2.620539
-2.636176
-2.577890
-2.599042
-2.510969
-2.528314
-2.413725
-2.425638
-2.279523
-2.293335
-2.118050
-2.142824
-1.945077
-1.990700
-2.577374
-2.551200
-2.561253
-2.518989
-2.532315
-2.468246
-2.473544
-2.392223
-2.389447
-2.282083
-2.278129
-2.145843
-2.146776
-1.993137
-2.009313
-1.842505
-2.532032
-2.481671
-2.506355
-2.434938
-2.454293
-2.363095
-2.378990
-2.256873
-2.276861
-2.126910
-2.152834
-1.977787
-2.020309
-1.826208
-1.889127
-2.393620
-2.343143
-2.356307
-2.289443
-2.299130
-2.207389
-2.219074
-2.105655
-2.116933
-1.983809
-2.005972
-1.853880
-1.890219
-1.728457
-2.313400
-2.240547
-2.266610
-2.169530
-2.198295
-2.076301
-2.106356
-1.961162
-2.004708
-1.834142
-1.894558
-1.708626
-1.789422
-2.144658
-2.073907
-2.098177
-2.005842
-2.030924
-1.919628
-1.953850
-1.820308
-1.865642
-1.719441
-1.777471
-1.616394
-2.064169
-1.968148
-2.009885
-1.893763
-1.943135
-1.800415
-1.862063
-1.702275
-1.778405
-1.597569
-1.698721
-1.899081
-1.810991
-1.856587
-1.744116
-1.801103
-1.673981
-1.739130
-1.593492
-1.678108
-1.516722
-1.843659
-1.728475
-1.798004
-1.664587
-1.739101
-1.584358
-1.680373
-1.504114
-1.613935
-1.702907
-1.597627
-1.668569
-1.544031
-1.634850
-1.487504
-1.586300
-1.431766
-1.676036
-1.549293
-1.643937
-1.490044
-1.592271
-1.430812
-1.545140
-1.560751
-1.435714
-1.538035
-1.404312
-1.512811
-1.351031
-1.560899
-1.421811
-1.524707
-1.360667
-1.491068
-1.450056
-1.321638
-1.455189
-1.289177
-1.483150
-1.305236
-1.435948
-1.380906
-1.242055
-1.399028
-1.102476
-1.168690
-1.038147
-1.078473
-0.982227
-0.984304
-0.892314
-0.882579
-0.785167
-0.761975
-0.665499
-0.635503
-0.545018
-0.518035
-0.441583
-0.426476
-0.369546
-0.368902
-0.334311
-0.348109
-0.321651
-0.364874
-0.353376
-0.396860
-0.395436
-0.398956
-0.377833
-0.404770
-0.376611
-0.399688
-0.364515
-0.388480
-0.348911
-0.374213
-0.332312
-0.365468
-0.322767
-0.368971
-0.328647
-0.391521
-0.356091
-0.436444
-0.403244
-0.504366
-0.461524
-0.598488
-1.287043
-1.086443
-1.231335
-1.034665
-1.179737
-0.983998
-1.114733
-0.934779
-1.044497
-0.874064
-0.973280
-0.810079
-0.895521
-0.749550
-0.818636
-0.689131
-0.752068
-0.632530
-0.689760
-0.597487
-0.630632
-0.548156
-1.195360
-1.069656
-1.157522
-1.010813
-1.093956
-0.950361
-1.026472
-0.875872
-0.957361
-0.799665
-0.879756
-0.726932
-0.803077
-0.654381
-0.735974
-0.586795
-0.674947
-0.535984
-0.618679
-0.491826
-0.594526
-1.219917
-0.999318
-1.137385
-0.950001
-1.064870
-0.884684
-0.990614
-0.817094
-0.904966
-0.749185
-0.818761
-0.677690
-0.739419
-0.610220
-0.665234
-0.557466
-0.596787
-0.516151
-0.548016
-0.482134
-1.096292
-1.002331
-1.038539
-0.919141
-0.970162
-0.837988
-0.886488
-0.756037
-0.801425
-0.670060
-0.721262
-0.589479
-0.646203
-0.523007
-0.579458
-0.469447
-0.530913
-0.424729
-0.496225
-1.113100
-0.909400
-1.029572
-0.841179
-0.936171
-0.768595
-0.842681
-0.688037
-0.751439
-0.610214
-0.663529
-0.542867
-0.584735
-0.487696
-0.522341
-0.444172
-0.474834
-0.420533
-0.996503
-0.899512
-0.911434
-0.809760
-0.823375
-0.713306
-0.733166
-0.620301
-0.644037
-0.537078
-0.564893
-0.467287
-0.502388
-0.412344
-0.456251
-0.376636
-0.422501
-0.992067
-0.808637
-0.892887
-0.721265
-0.791320
-0.635230
-0.689895
-0.554358
-0.598210
-0.484126
-0.522171
-0.428926
-0.463447
-0.392933
-0.419130
-0.373446
-0.869407
-0.781495
-0.771409
-0.679701
-0.671426
-0.581441
-0.578936
-0.493653
-0.500527
-0.423443
-0.441217
-0.374675
-0.399347
-0.345458
-0.375390
-0.857233
-0.687473
-0.745965
-0.593607
-0.640668
-0.507704
-0.547891
-0.437784
-0.474714
-0.387892
-0.421187
-0.359107
-0.387246
-0.345195
-0.729464
-0.653844
-0.623883
-0.550650
-0.528320
-0.462339
-0.451249
-0.394779
-0.396242
-0.352752
-0.363673
-0.330205
-0.350295
-0.712056
-0.563197
-0.602939
-0.474514
-0.510524
-0.405161
-0.441433
-0.361806
-0.396215
-0.339711
-0.373870
-0.335356
-0.589019
-0.530257
-0.491803
-0.441594
-0.416877
-0.378859
-0.366811
-0.341989
-0.344753
-0.328360
-0.341026
-0.576358
-0.452928
-0.485417
-0.385396
-0.419621
-0.346010
-0.384775
-0.331434
-0.371394
-0.338408
-0.467662
-0.430692
-0.394096
-0.371168
-0.351252
-0.338555
-0.334817
-0.335192
-0.340646
-0.469121
-0.374956
-0.408474
-0.336724
-0.378626
-0.331620
-0.373539
-0.345946
-0.381537
-0.367751
-0.342492
-0.342165
-0.329353
-0.342172
-0.344735
-0.403009
-0.334689
-0.374043
-0.331478
-0.378489
-0.352413
-0.336465
-0.345536
-0.329314
-0.347178
-0.344927
-0.373164
-0.330201
-0.378021
-0.356983
-0.328375
-0.349306
-0.344972
-0.380071
-0.355502
-0.317166
-1.354606
-1.112849
-1.263728
-1.091222
-1.204800
-1.040117
-1.153546
-0.978313
-1.092338
-0.917987
-1.026040
-0.850778
-0.960687
-0.783381
-0.892027
-0.722103
-0.825692
-0.662005
-0.772311
-0.604674
-0.720351
-0.579458
-0.689996
-1.989417
-1.923759
-1.820714
-1.742452
-1.673486
-1.611279
-1.552647
-1.507271
-1.459331
-1.415924
-1.373617
-1.330053
-1.282858
-1.235022
-1.183535
-1.125100
-1.065876
-1.004939
-0.935747
-0.867054
-0.809987
-0.716601
-1.893871
-1.717317
-1.673119
-1.531522
-1.492941
-1.382596
-1.358621
-1.261206
-1.251344
-1.165873
-1.159381
-1.080500
-1.075913
-0.993993
-0.986964
-0.903757
-0.888827
-0.798381
-0.787094
-0.683938
-0.671874
-1.930703
-1.848356
-1.744187
-1.685051
-1.610019
-1.558021
-1.505099
-1.461632
-1.414008
-1.374087
-1.328066
-1.281637
-1.232745
-1.179913
-1.122032
-1.059218
-0.999891
-0.923584
-0.860667
-0.783728
-1.800458
-1.641161
-1.592571
-1.457889
-1.431686
-1.322223
-1.305008
-1.214706
-1.206590
-1.122658
-1.119515
-1.038158
-1.031717
-0.947433
-0.939639
-0.845431
-0.832775
-0.734301
-0.717058
-1.854173
-1.770319
-1.682019
-1.622203
-1.553359
-1.510271
-1.456947
-1.415939
-1.370006
-1.327107
-1.278013
-1.229005
-1.175805
-1.114348
-1.054642
-0.985039
-0.917946
-0.836450
-1.707375
-1.560837
-1.512995
-1.395573
-1.369541
-1.268559
-1.257707
-1.169454
-1.163548
-1.081895
-1.077427
-0.992903
-0.985819
-0.897089
-0.882295
-0.784425
-0.766378
-1.774210
-1.696045
-1.618239
-1.561268
-1.504928
-1.460812
-1.411645
-1.371406
-1.322917
-1.277053
-1.224867
-1.170976
-1.109788
-1.045448
-0.978026
-0.903766
-1.612320
-1.483038
-1.442414
-1.335823
-1.312548
-1.222673
-1.210465
-1.128278
-1.121741
-1.041005
-1.032229
-0.948070
-0.934059
-0.842105
-0.817150
-1.697620
-1.622945
-1.558442
-1.507353
-1.456112
-1.413858
-1.366978
-1.323607
-1.272664
-1.224122
-1.164755
-1.107552
-1.036931
-0.973341
-1.523352
-1.413687
-1.373825
-1.281664
-1.259549
-1.177394
-1.164935
-1.088730
-1.076800
-1.000189
-0.982958
-0.901476
-0.874387
-1.622022
-1.556242
-1.503969
-1.454321
-1.409991
-1.367250
-1.317661
-1.274673
-1.216242
-1.166874
-1.097703
-1.039740
-1.443828
-1.348777
-1.312639
-1.233183
-1.207011
-1.138619
-1.118831
-1.050545
-1.031225
-0.958033
-0.931009
-1.556225
-1.498460
-1.451608
-1.409568
-1.363152
-1.319826
-1.268218
-1.221332
-1.156150
-1.106633
-1.368724
-1.295770
-1.255293
-1.187872
-1.162094
-1.100544
-1.073879
-1.015952
-0.981565
-1.499081
-1.444080
-1.408611
-1.363412
-1.313460
-1.275245
-1.209895
-1.168154
-1.305729
-1.246265
-1.197652
-1.153960
-1.112380
-1.067129
-1.031289
-1.443566
-1.404482
-1.360479
-1.317221
-1.266990
-1.221348
-1.245218
-1.196630
-1.154586
-1.113846
-1.070939
-1.408091
-1.362122
-1.313816
-1.280000
-1.179700
-1.160059
-1.100833
-1.379600
-1.335974
-1.106032
-1.409065
-1.220509
-1.387385
-1.175011
-1.373601
-1.197955
-1.358004
-1.197802
-1.359828
-1.199469
-1.352138
-1.205877
-1.352146
-1.199434
-1.359776
-1.197738
-1.358029
-1.197719
-1.373652
-1.174857
-1.387263
-1.220312
-1.409159
-1.161333
-1.294196
-1.239012
-1.357954
-1.352138
-1.452217
-1.474542
-1.592807
-1.641004
-1.780981
-1.862908
-2.021349
-2.126229
-2.284536
-2.379160
-2.509766
-2.563937
-2.645925
-2.664284
-2.698478
-2.679274
-2.723253
-2.677763
-1.259826
-1.425212
-1.378622
-1.482194
-1.462759
-1.577934
-1.572507
-1.701494
-1.726048
-1.874760
-1.930809
-2.099396
-2.173921
-2.343930
-2.409363
-2.546967
-2.582736
-2.668247
-2.669132
-2.717684
-2.697137
-2.678824
-1.207970
-1.281850
-1.278898
-1.372449
-1.374592
-1.476460
-1.504829
-1.620906
-1.676974
-1.816784
-1.901077
-2.059588
-2.159600
-2.313135
-2.402768
-2.520842
-2.574760
-2.649703
-2.664499
-2.699866
-2.697093
-1.265554
-1.429526
-1.363300
-1.493189
-1.461627
-1.587486
-1.578132
-1.718891
-1.738289
-1.897925
-1.947203
-2.121675
-2.189982
-2.358824
-2.417377
-2.554158
-2.578901
-2.671130
-2.664548
-2.717694
-1.250032
-1.268755
-1.310398
-1.372010
-1.398344
-1.489131
-1.528452
-1.639900
-1.703893
-1.838960
-1.929274
-2.080601
-2.182123
-2.327449
-2.413662
-2.527195
-2.578841
-2.649693
-2.669088
-1.249878
-1.443101
-1.343028
-1.507863
-1.451481
-1.598159
-1.578058
-1.731462
-1.742459
-1.910553
-1.952273
-2.133564
-2.191935
-2.365225
-2.413711
-2.554176
-2.574821
-2.668253
-1.249105
-1.270896
-1.330679
-1.367525
-1.421843
-1.493420
-1.548438
-1.648953
-1.723505
-1.850775
-1.946293
-2.088307
-2.191867
-2.327444
-2.417327
-2.520794
-2.582715
-1.259930
-1.432724
-1.340174
-1.515078
-1.441228
-1.608796
-1.572858
-1.739000
-1.737133
-1.914903
-1.946336
-2.133589
-2.182186
-2.358824
-2.402862
-2.546974
-1.249007
-1.283316
-1.331873
-1.373426
-1.436155
-1.492879
-1.563044
-1.651274
-1.737067
-1.850773
-1.952222
-2.080543
-2.189968
-2.313059
-2.409327
-1.254690
-1.429233
-1.343794
-1.510649
-1.438420
-1.613505
-1.563070
-1.739031
-1.723561
-1.910550
-1.929377
-2.121677
-2.159677
-2.343976
-1.257071
-1.281494
-1.336446
-1.379631
-1.438372
-1.492882
-1.572818
-1.648888
-1.742458
-1.838872
-1.947167
-2.059526
-2.173881
-1.253568
-1.433388
-1.336467
-1.510673
-1.436193
-1.608788
-1.548542
-1.731459
-1.703969
-1.897979
-1.901149
-2.099417
-1.253546
-1.281490
-1.343765
-1.373371
-1.441250
-1.493324
-1.578031
-1.639838
-1.738246
-1.816661
-1.930833
-1.257093
-1.429230
-1.331963
-1.515049
-1.421915
-1.598213
-1.528519
-1.718909
-1.677122
-1.874755
-1.254722
-1.283209
-1.340184
-1.367474
-1.451441
-1.489004
-1.578171
-1.620723
-1.726044
-1.249091
-1.432759
-1.330714
-1.507874
-1.398504
-1.587464
-1.504954
-1.701571
-1.259901
-1.270795
-1.343104
-1.371803
-1.461637
-1.476342
-1.572460
-1.249246
-1.443027
-1.310530
-1.493273
-1.374671
-1.577971
-1.249965
-1.268646
-1.363249
-1.372254
-1.462844
-1.250051
-1.429568
-1.279130
-1.482146
-1.265701
-1.281503
-1.378676
-1.208166
-1.425347
-1.259776
-1.102477
-1.168690
-1.038148
-1.078473
-0.982227
-0.984304
-0.892314
-0.882579
-0.785167
-0.761975
-0.665499
-0.635502
-0.545017
-0.518034
-0.441582
-0.426475
-0.369544
-0.368900
-0.334309
-0.348107
-0.321649
-0.364873
-0.353374
-1.191182
-1.286608
-1.164169
-1.186520
-1.073348
-1.088740
-0.963720
-0.966124
-0.838457
-0.829486
-0.699644
-0.688448
-0.564015
-0.559613
-0.451513
-0.460692
-0.374548
-0.401167
-0.332139
-0.376902
-0.329776
-0.352683
-1.138132
-1.140550
-1.057830
-1.069478
-0.976902
-0.975633
-0.884974
-0.868969
-0.773381
-0.749024
-0.652582
-0.624626
-0.535403
-0.511267
-0.436446
-0.425010
-0.367531
-0.372884
-0.334669
-0.347134
-0.329774
-1.192302
-1.281887
-1.135903
-1.179204
-1.051401
-1.072528
-0.940250
-0.949602
-0.813845
-0.812028
-0.677394
-0.672621
-0.547036
-0.550156
-0.440631
-0.458055
-0.369859
-0.399947
-0.334409
-0.376973
-1.177459
-1.119609
-1.079861
-1.055799
-0.983054
-0.968084
-0.883237
-0.859767
-0.769121
-0.740418
-0.648454
-0.619101
-0.532267
-0.509184
-0.436070
-0.424596
-0.369841
-0.373002
-0.332329
-1.174128
-1.290955
-1.107067
-1.183775
-1.028109
-1.066058
-0.921236
-0.940274
-0.795232
-0.801851
-0.660893
-0.665396
-0.536376
-0.546960
-0.435871
-0.458115
-0.367482
-0.401004
-1.174065
-1.117550
-1.094125
-1.041798
-0.994998
-0.958652
-0.886443
-0.852908
-0.771453
-0.736684
-0.651367
-0.617164
-0.536334
-0.509291
-0.440763
-0.424963
-0.374600
-1.182740
-1.276644
-1.099028
-1.184138
-1.008539
-1.066679
-0.905797
-0.936768
-0.780772
-0.798208
-0.651233
-0.665446
-0.532245
-0.550014
-0.436318
-0.460866
-1.172115
-1.127278
-1.090052
-1.041899
-1.002380
-0.950515
-0.894033
-0.850135
-0.780715
-0.736774
-0.660968
-0.619070
-0.547062
-0.511571
-0.451332
-1.176331
-1.270616
-1.099947
-1.175343
-1.002238
-1.068377
-0.893964
-0.936804
-0.771455
-0.801739
-0.648380
-0.672748
-0.535098
-0.559576
-1.178969
-1.123584
-1.092038
-1.046479
-1.002185
-0.950575
-0.905823
-0.852895
-0.795229
-0.740660
-0.677222
-0.624791
-0.564209
-1.174827
-1.274106
-1.092022
-1.175359
-1.002397
-1.066611
-0.886401
-0.940365
-0.768900
-0.812008
-0.652635
-0.688232
-1.174793
-1.123610
-1.099942
-1.041909
-1.008502
-0.958831
-0.921090
-0.859910
-0.813958
-0.749055
-0.699563
-1.178992
-1.270592
-1.090020
-1.184208
-0.994862
-1.066047
-0.883270
-0.949447
-0.773219
-0.829689
-1.176262
-1.127410
-1.098915
-1.041899
-1.028156
-0.968135
-0.940168
-0.869372
-0.838211
-1.172051
-1.276628
-1.094152
-1.183693
-0.982931
-1.072673
-0.884680
-0.966066
-1.182737
-1.117625
-1.106958
-1.056101
-1.051210
-0.975826
-0.963856
-1.173964
-1.291066
-1.079677
-1.179161
-0.976928
-1.088564
-1.173976
-1.119751
-1.135954
-1.069598
-1.073223
-1.177484
-1.281801
-1.057640
-1.186681
-1.192126
-1.140951
-1.163954
-1.137928
-1.286525
-1.191201
-1.161008
-1.294501
-1.238922
-1.358138
-1.351952
-1.452510
-1.474328
-1.592994
-1.640916
-1.781099
-1.862795
-2.021512
-2.126098
-2.284647
-2.379088
-2.509826
-2.563863
-2.645989
-2.664207
-2.698514
-2.679222
-2.723267
-2.677720
-2.682277
-2.673764
-2.673857
-2.661716
-2.670296
-2.656803
-2.686722
-2.660127
-2.696976
-2.677414
-2.711224
-2.683236
-2.722562
-2.676474
-2.706610
-2.639371
-2.651628
-2.549881
-2.543244
-2.405221
-2.382156
-2.222730
-2.209966
-1.399029
-1.242056
-1.435949
-1.289178
-1.491070
-1.351032
-1.545143
-1.431769
-1.613937
-1.516725
-1.698724
-1.616397
-1.789425
-1.728459
-1.889130
-1.842507
-1.990702
-1.954902
-2.084269
-2.060508
-2.159003
-2.139926
-1.380907
-1.305237
-1.455191
-1.360669
-1.512813
-1.430814
-1.586303
-1.504117
-1.678111
-1.597572
-1.777474
-1.708629
-1.890222
-1.826211
-2.009316
-1.945079
-2.123552
-2.056482
-2.221736
-2.151342
-2.300990
-1.483151
-1.321640
-1.524709
-1.404314
-1.592274
-1.487507
-1.680376
-1.593496
-1.778409
-1.719445
-1.894562
-1.853883
-2.020312
-1.993140
-2.142826
-2.125696
-2.250444
-2.243675
-2.333314
-2.334988
-1.450058
-1.421813
-1.538038
-1.490047
-1.634853
-1.584362
-1.739134
-1.702279
-1.865645
-1.834146
-2.005976
-1.977789
-2.146779
-2.118052
-2.276314
-2.243093
-2.381526
-2.341184
-2.459083
-1.560902
-1.435718
-1.643941
-1.544035
-1.739105
-1.673985
-1.862067
-1.820312
-2.004712
-1.983812
-2.152837
-2.145845
-2.293337
-2.291489
-2.408771
-2.410130
-2.493270
-2.493732
-1.560754
-1.549297
-1.668573
-1.664591
-1.801107
-1.800419
-1.953855
-1.961166
-2.116936
-2.126913
-2.278131
-2.279524
-2.415303
-2.405014
-2.519333
-2.494595
-2.588016
-1.676040
-1.597631
-1.798009
-1.744121
-1.943140
-1.919632
-2.106360
-2.105659
-2.276864
-2.282085
-2.425639
-2.430208
-2.539291
-2.537479
-2.612737
-2.608420
-1.702912
-1.728480
-1.856592
-1.893768
-2.030929
-2.076305
-2.219078
-2.256875
-2.389448
-2.413725
-2.524520
-2.526951
-2.615821
-2.600338
-2.666076
-1.843665
-1.810996
-2.009890
-2.005847
-2.198299
-2.207393
-2.378992
-2.392224
-2.528314
-2.529847
-2.630008
-2.620736
-2.682958
-2.671418
-1.899087
-1.968153
-2.098182
-2.169534
-2.299133
-2.363096
-2.473544
-2.510968
-2.598898
-2.608837
-2.667605
-2.660455
-2.700335
-2.064175
-2.073912
-2.266614
-2.289445
-2.454295
-2.468246
-2.599040
-2.595088
-2.680075
-2.665917
-2.716472
-2.690748
-2.144662
-2.240551
-2.356309
-2.434939
-2.532314
-2.577888
-2.638567
-2.658072
-2.692026
-2.682969
-2.706105
-2.313404
-2.343146
-2.506356
-2.518988
-2.636174
-2.633039
-2.707915
-2.679319
-2.727739
-2.690545
-2.393622
-2.481671
-2.561252
-2.620536
-2.663091
-2.678493
-2.700878
-2.692655
-2.691198
-2.532033
-2.551199
-2.658689
-2.644623
-2.720229
-2.686376
-2.719832
-2.684022
-2.577372
-2.635574
-2.676652
-2.695517
-2.694431
-2.697314
-2.681249
-2.670878
-2.655324
-2.713007
-2.688889
-2.718298
-2.668066
-2.670506
-2.707023
-2.700028
-2.691180
-2.677491
-2.714371
-2.677288
-2.717228
-2.668610
-2.707637
-2.701697
-2.670042
-2.703578
-2.673393
-2.672979
-1.354606
-1.112849
-1.263728
-1.091222
-1.204800
-1.040117
-1.153546
-0.978313
-1.092338
-0.917987
-1.026040
-0.850778
-0.960687
-0.783380
-0.892027
-0.722103
-0.825692
-0.662005
-0.772311
-0.604674
-0.720351
-0.579458
-0.689996
-0.317164
-0.355500
-0.344970
-0.356982
-0.344925
-0.352412
-0.344733
-0.345944
-0.340645
-0.338406
-0.341025
-0.335355
-0.350295
-0.345194
-0.375389
-0.373445
-0.422501
-0.420533
-0.496225
-0.482134
-0.594526
-0.548156
-0.380069
-0.349304
-0.378020
-0.347176
-0.378487
-0.342171
-0.373537
-0.335191
-0.371393
-0.328359
-0.373869
-0.330204
-0.387245
-0.345458
-0.419129
-0.376636
-0.474833
-0.424729
-0.548016
-0.491826
-0.630632
-0.328373
-0.330199
-0.329312
-0.331477
-0.329351
-0.331619
-0.334815
-0.331432
-0.344752
-0.339710
-0.363672
-0.359106
-0.399346
-0.392933
-0.456250
-0.444172
-0.530913
-0.516151
-0.618679
-0.597487
-0.373163
-0.345534
-0.374041
-0.342164
-0.378624
-0.338554
-0.384773
-0.341988
-0.396214
-0.352751
-0.421186
-0.374674
-0.463446
-0.412343
-0.522341
-0.469446
-0.596787
-0.535984
-0.689760
-0.336463
-0.334687
-0.342490
-0.336722
-0.351250
-0.346008
-0.366810
-0.361805
-0.396240
-0.387890
-0.441216
-0.428925
-0.502387
-0.487695
-0.579457
-0.557465
-0.674947
-0.632530
-0.403008
-0.367749
-0.408472
-0.371166
-0.419620
-0.378858
-0.441432
-0.394777
-0.474713
-0.423442
-0.522171
-0.467286
-0.584734
-0.523006
-0.665233
-0.586795
-0.752068
-0.381535
-0.374955
-0.394095
-0.385395
-0.416876
-0.405160
-0.451248
-0.437783
-0.500526
-0.484125
-0.564892
-0.542867
-0.646202
-0.610220
-0.735974
-0.689130
-0.469120
-0.430691
-0.485416
-0.441593
-0.510523
-0.462338
-0.547890
-0.493652
-0.598209
-0.537078
-0.663529
-0.589478
-0.739418
-0.654381
-0.818635
-0.467661
-0.452927
-0.491802
-0.474513
-0.528319
-0.507704
-0.578935
-0.554358
-0.644036
-0.610213
-0.721262
-0.677690
-0.803077
-0.749550
-0.576357
-0.530256
-0.602938
-0.550649
-0.640667
-0.581441
-0.689895
-0.620301
-0.751439
-0.670060
-0.818760
-0.726932
-0.895521
-0.589018
-0.563197
-0.623882
-0.593607
-0.671426
-0.635230
-0.733166
-0.688036
-0.801425
-0.749184
-0.879756
-0.810078
-0.712056
-0.653844
-0.745965
-0.679701
-0.791319
-0.713306
-0.842681
-0.756037
-0.904966
-0.799665
-0.973280
-0.729464
-0.687473
-0.771409
-0.721265
-0.823375
-0.768595
-0.886488
-0.817094
-0.957361
-0.874064
-0.857233
-0.781495
-0.892887
-0.809760
-0.936171
-0.837988
-0.990614
-0.875872
-1.044497
-0.869407
-0.808637
-0.911434
-0.841179
-0.970162
-0.884684
-1.026472
-0.934779
-0.992067
-0.899512
-1.029572
-0.919141
-1.064870
-0.950361
-1.114733
-0.996503
-0.909400
-1.038539
-0.950001
-1.093956
-0.983998
-1.113100
-1.002331
-1.137385
-1.010813
-1.179737
-1.096292
-0.999318
-1.157522
-1.034665
-1.219918
-1.069656
-1.231335
-1.195360
-1.086443
-1.287043
-1.394643
-1.186637
-1.389801
-1.259202
-1.425323
-1.307287
-1.483459
-1.358566
-1.542490
-1.426757
-1.612574
-1.500597
-1.696182
-1.588032
-1.784910
-1.684839
-1.879400
-1.781862
-1.973990
-1.873005
-2.058890
-1.964188
-2.137814
-1.992290
-1.820596
-1.752564
-1.618414
-1.569267
-1.446462
-1.420703
-1.316494
-1.298533
-1.211554
-1.202662
-1.120906
-1.117198
-1.038529
-1.031136
-0.950431
-0.942014
-0.853386
-0.838090
-0.754273
-0.727198
-0.646702
-0.638894
-1.106032
-1.335975
-1.100833
-1.280000
-1.070939
-1.221348
-1.031289
-1.168154
-0.981565
-1.106633
-0.931009
-1.039739
-0.874387
-0.973341
-0.817150
-0.903766
-0.766378
-0.836450
-0.717058
-0.783728
-0.671873
-0.716601
-1.379600
-1.160059
-1.313816
-1.113846
-1.266990
-1.067129
-1.209895
-1.015952
-1.156149
-0.958033
-1.097703
-0.901476
-1.036931
-0.842104
-0.978026
-0.784425
-0.917946
-0.734301
-0.860667
-0.683938
-0.809987
-1.179701
-1.362122
-1.154586
-1.317221
-1.112380
-1.275245
-1.073879
-1.221331
-1.031225
-1.166874
-0.982958
-1.107552
-0.934059
-1.045448
-0.882295
-0.985039
-0.832775
-0.923583
-0.787094
-0.867054
-1.408092
-1.196631
-1.360480
-1.153960
-1.313460
-1.100544
-1.268218
-1.050545
-1.216242
-1.000189
-1.164755
-0.948069
-1.109788
-0.897089
-1.054642
-0.845431
-0.999891
-0.798381
-0.935747
-1.245219
-1.404483
-1.197653
-1.363412
-1.162094
-1.319826
-1.118831
-1.274673
-1.076800
-1.224122
-1.032229
-1.170976
-0.985819
-1.114348
-0.939639
-1.059218
-0.888827
-1.004939
-1.443568
-1.246266
-1.408612
-1.187872
-1.363152
-1.138619
-1.317661
-1.088730
-1.272664
-1.041005
-1.224867
-0.992903
-1.175805
-0.947433
-1.122032
-0.903757
-1.065876
-1.305731
-1.444081
-1.255293
-1.409568
-1.207012
-1.367250
-1.164935
-1.323607
-1.121741
-1.277052
-1.077427
-1.229005
-1.031717
-1.179912
-0.986964
-1.125100
-1.499082
-1.295771
-1.451609
-1.233184
-1.409991
-1.177395
-1.366978
-1.128278
-1.322916
-1.081895
-1.278013
-1.038158
-1.232745
-0.993993
-1.183535
-1.368725
-1.498462
-1.312640
-1.454321
-1.259549
-1.413859
-1.210465
-1.371405
-1.163548
-1.327108
-1.119515
-1.281637
-1.075912
-1.235021
-1.556226
-1.348779
-1.503971
-1.281665
-1.456113
-1.222673
-1.411645
-1.169454
-1.370006
-1.122658
-1.328066
-1.080500
-1.282858
-1.443830
-1.556243
-1.373826
-1.507354
-1.312548
-1.460812
-1.257707
-1.415939
-1.206590
-1.374087
-1.159381
-1.330053
-1.622024
-1.413689
-1.558443
-1.335823
-1.504929
-1.268560
-1.456948
-1.214706
-1.414008
-1.165873
-1.373617
-1.523354
-1.622947
-1.442415
-1.561268
-1.369541
-1.510272
-1.305008
-1.461633
-1.251344
-1.415924
-1.697622
-1.483039
-1.618240
-1.395573
-1.553360
-1.322224
-1.505099
-1.261206
-1.459331
-1.612322
-1.696046
-1.512996
-1.622203
-1.431687
-1.558021
-1.358622
-1.507271
-1.774212
-1.560838
-1.682020
-1.457890
-1.610019
-1.382596
-1.552647
-1.707376
-1.770320
-1.592572
-1.685052
-1.492941
-1.611279
-1.854175
-1.641162
-1.744187
-1.531523
-1.673486
-1.800459
-1.848357
-1.673120
-1.742452
-1.930704
-1.717317
-1.820714
-1.893871
-1.923759
-1.989418
-1.161332
-1.294195
-1.239010
-1.357953
-1.352136
-1.452214
-1.474539
-1.592803
-1.640999
-1.780976
-1.862903
-2.021344
-2.126224
-2.284532
-2.379158
-2.509765
-2.563938
-2.645927
-2.664287
-2.698482
-2.679278
-2.723257
-2.677766
-2.682274
-2.673754
-2.673861
-2.661679
-2.670323
-2.656713
-2.686773
-2.660016
-2.697013
-2.677272
-2.711301
-2.683009
-2.722670
-2.676228
-2.706687
-2.639073
-2.651776
-2.549448
-2.543427
-2.404763
-2.382305
-2.222145
-2.210260
-1.398961
-1.242304
-1.436114
-1.289285
-1.491137
-1.351389
-1.545068
-1.432050
-1.614077
-1.516901
-1.698784
-1.616780
-1.789382
-1.728789
-1.889266
-1.842741
-1.990810
-1.955278
-2.084299
-2.060860
-2.159189
-2.140162
-1.381064
-1.304799
-1.455254
-1.360445
-1.512740
-1.430497
-1.586429
-1.503670
-1.678159
-1.597290
-1.777417
-1.708259
-1.890326
-1.825719
-2.009376
-1.944695
-2.123529
-2.056038
-2.221845
-2.150753
-2.301131
-1.483206
-1.321938
-1.524643
-1.404547
-1.592398
-1.487642
-1.680428
-1.593813
-1.778368
-1.719706
-1.894683
-1.854061
-2.020396
-1.993454
-2.142843
-2.125977
-2.250598
-2.243858
-2.333498
-2.335240
-1.450002
-1.421549
-1.538150
-1.489672
-1.634891
-1.584137
-1.739081
-1.701975
-1.865738
-1.833740
-2.006021
-1.977488
-2.146752
-2.117688
-2.276408
-2.242620
-2.381624
-2.340760
-2.459121
-1.561005
-1.435823
-1.643980
-1.544299
-1.739066
-1.674194
-1.862172
-1.820449
-2.004775
-1.984074
-2.152842
-2.146069
-2.293465
-2.291639
-2.408901
-2.410358
-2.493359
-2.493949
-1.560779
-1.549122
-1.668524
-1.664342
-1.801186
-1.800086
-1.953885
-1.960932
-2.116906
-2.126620
-2.278210
-2.279145
-2.415368
-2.404694
-2.519350
-2.494238
-2.588106
-1.676007
-1.597796
-1.798097
-1.744230
-1.943184
-1.919853
-2.106356
-2.105838
-2.276970
-2.282207
-2.425733
-2.430409
-2.539348
-2.537660
-2.612878
-2.608549
-1.702970
-1.728218
-1.856604
-1.893590
-2.030893
-2.076069
-2.219140
-2.256573
-2.389487
-2.413486
-2.524520
-2.526672
-2.615895
-2.599997
-2.666139
-1.843694
-1.811177
-2.009880
-2.005990
-2.198384
-2.207493
-2.379056
-2.392400
-2.528348
-2.529998
-2.630121
-2.620845
-2.683065
-2.671584
-1.899044
-1.967971
-2.098223
-2.169299
-2.299147
-2.362919
-2.473529
-2.510752
-2.598954
-2.608572
-2.667647
-2.660233
-2.700342
-2.064241
-2.073994
-2.266653
-2.289597
-2.454313
-2.468371
-2.599129
-2.595181
-2.680152
-2.666062
-2.716524
-2.690878
-2.144650
-2.240428
-2.356279
-2.434775
-2.532348
-2.577686
-2.638587
-2.657911
-2.692023
-2.682783
-2.706149
-2.313409
-2.343246
-2.506421
-2.519069
-2.636226
-2.633167
-2.707949
-2.679428
-2.727822
-2.690626
-2.393631
-2.481529
-2.561245
-2.620426
-2.663073
-2.678357
-2.700907
-2.692487
-2.691219
-2.532058
-2.551311
-2.658710
-2.644717
-2.720290
-2.686447
-2.719885
-2.684123
-2.577338
-2.635481
-2.676658
-2.695402
-2.694433
-2.697221
-2.681239
-2.670919
-2.655393
-2.713040
-2.688978
-2.718320
-2.668140
-2.670480
-2.706970
-2.700005
-2.691111
-2.677498
-2.714384
-2.677355
-2.717258
-2.668658
-2.707618
-2.701651
-2.670034
-2.703592
-2.673445
-2.672956
-1.354861
-1.112499
-1.263621
-1.091007
-1.204923
-1.039411
-1.153844
-0.977894
-1.092008
-0.917772
-1.026111
-0.849742
-0.961038
-0.782825
-0.891422
-0.721818
-0.825757
-0.660540
-0.772750
-0.603923
-0.719588
-0.578932
-0.690233
-0.316957
-0.355725
-0.345142
-0.356823
-0.345073
-0.352969
-0.344135
-0.346482
-0.341030
-0.337976
-0.341297
-0.336199
-0.349378
-0.345946
-0.375824
-0.373011
-0.422769
-0.421533
-0.495327
-0.482978
-0.595017
-0.548050
-0.380233
-0.348914
-0.378116
-0.347232
-0.378049
-0.342075
-0.373996
-0.334149
-0.371820
-0.328337
-0.373309
-0.329954
-0.388040
-0.343955
-0.419816
-0.376384
-0.474426
-0.424147
-0.548983
-0.490082
-0.631268
-0.328311
-0.330644
-0.328922
-0.331852
-0.329667
-0.331328
-0.335037
-0.332141
-0.344037
-0.340320
-0.364119
-0.358690
-0.399599
-0.393848
-0.455395
-0.444907
-0.531372
-0.515906
-0.618842
-0.598645
-0.372942
-0.345401
-0.374350
-0.341442
-0.378858
-0.338565
-0.384275
-0.341785
-0.396825
-0.351510
-0.421687
-0.374550
-0.462982
-0.411906
-0.523196
-0.467916
-0.597377
-0.535657
-0.689392
-0.336642
-0.334587
-0.342584
-0.337289
-0.350749
-0.346470
-0.367220
-0.361470
-0.396475
-0.388687
-0.440495
-0.429546
-0.502844
-0.487408
-0.579615
-0.558480
-0.674168
-0.633298
-0.403074
-0.367767
-0.408124
-0.370975
-0.420055
-0.377907
-0.441752
-0.394719
-0.474249
-0.423102
-0.522865
-0.465979
-0.585209
-0.522804
-0.664850
-0.586215
-0.752860
-0.381241
-0.375256
-0.394407
-0.385194
-0.417052
-0.405814
-0.450708
-0.438280
-0.500970
-0.483851
-0.565068
-0.543742
-0.645514
-0.610864
-0.736382
-0.689053
-0.469392
-0.430060
-0.485580
-0.441558
-0.510131
-0.462058
-0.548409
-0.492589
-0.598543
-0.536955
-0.663127
-0.589022
-0.740105
-0.653106
-0.819019
-0.467746
-0.453412
-0.491447
-0.474879
-0.528707
-0.507495
-0.579112
-0.555085
-0.643495
-0.610739
-0.721672
-0.677559
-0.803163
-0.750481
-0.576089
-0.530030
-0.603293
-0.549851
-0.640870
-0.581355
-0.689514
-0.619934
-0.751978
-0.668983
-0.819058
-0.726738
-0.895198
-0.589308
-0.563069
-0.624028
-0.594173
-0.671047
-0.635642
-0.733559
-0.687903
-0.801550
-0.749962
-0.879252
-0.810626
-0.712155
-0.653783
-0.745655
-0.679407
-0.791708
-0.712437
-0.842879
-0.755895
-0.904638
-0.799218
-0.973794
-0.729233
-0.687763
-0.771746
-0.721162
-0.823521
-0.769221
-0.886116
-0.817536
-0.957714
-0.874044
-0.857492
-0.780854
-0.893002
-0.809644
-0.935865
-0.837626
-0.991005
-0.875000
-1.044682
-0.869535
-0.809099
-0.911194
-0.841525
-0.970500
-0.884648
-1.026586
-0.935422
-0.991829
-0.899231
-1.029840
-0.918434
-1.064987
-0.950186
-1.114485
-0.996783
-0.909368
-1.038686
-0.950511
-1.093731
-0.984362
-1.113172
-1.002174
-1.137148
-1.010467
-1.180014
-1.096165
-0.999613
-1.157814
-1.034683
-1.220095
-1.069059
-1.231420
-1.195532
-1.086838
-1.286893
-1.394748
-1.186389
-1.389707
-1.258869
-1.425491
-1.306785
-1.483523
-1.358302
-1.542408
-1.426376
-1.612720
-1.500065
-1.696241
-1.587675
-1.784849
-1.684391
-1.879513
-1.781271
-1.974071
-1.872521
-2.058874
-1.963637
-2.137937
-1.992786
-1.819971
-1.752935
-1.617824
-1.569848
-1.445696
-1.421254
-1.315977
-1.298899
-1.210881
-1.203465
-1.119885
-1.117874
-1.038017
-1.031443
-0.949631
-0.943133
-0.851952
-0.838969
-0.753720
-0.727417
-0.645628
-0.640384
-1.106076
-1.336191
-1.101112
-1.279840
-1.071432
-1.221474
-1.031331
-1.168524
-0.982014
-1.106389
-0.931790
-1.039987
-0.874420
-0.973950
-0.817819
-0.903441
-0.767468
-0.836850
-0.717087
-0.784522
-0.672792
-0.716133
-1.379725
-1.159482
-1.314071
-1.113459
-1.266808
-1.066888
-1.209979
-1.015121
-1.156446
-0.957520
-1.097288
-0.901188
-1.036974
-0.840901
-0.978396
-0.783731
-0.917331
-0.733887
-0.860804
-0.682263
-0.810635
-1.180069
-1.362220
-1.154650
-1.317487
-1.112730
-1.275080
-1.074488
-1.221497
-1.031320
-1.167320
-0.983512
-1.107306
-0.934985
-1.045717
-0.882421
-0.985662
-0.833574
-0.923172
-0.788366
-0.867287
-1.408001
-1.196381
-1.360578
-1.153298
-1.313710
-1.100083
-1.267969
-1.050246
-1.216295
-0.999220
-1.165058
-0.947440
-1.109340
-0.896696
-1.054716
-0.844064
-1.000370
-0.797514
-0.935278
-1.245503
-1.404373
-1.198111
-1.363527
-1.162212
-1.320143
-1.119272
-1.274507
-1.077536
-1.224311
-1.032406
-1.171454
-0.986491
-1.114058
-0.940710
-1.059412
-0.889077
-1.005469
-1.443753
-1.245877
-1.408478
-1.187577
-1.363222
-1.137851
-1.317909
-1.088174
-1.272371
-1.040620
-1.224919
-0.991794
-1.176155
-0.946676
-1.121645
-0.903254
-1.066030
-1.305869
-1.444283
-1.255647
-1.409457
-1.207577
-1.367384
-1.165128
-1.323959
-1.122288
-1.276869
-1.078294
-1.229172
-1.031994
-1.180349
-0.987729
-1.124749
-1.499146
-1.295182
-1.451799
-1.232715
-1.409820
-1.177028
-1.367032
-1.127391
-1.323177
-1.081231
-1.277727
-1.037677
-1.232844
-0.992793
-1.183939
-1.369157
-1.498541
-1.312836
-1.454556
-1.259992
-1.413743
-1.211145
-1.371542
-1.163833
-1.327457
-1.120162
-1.281411
-1.076856
-1.235153
-1.556135
-1.348451
-1.504027
-1.280973
-1.456306
-1.222109
-1.411457
-1.168998
-1.370071
-1.121668
-1.328361
-1.079771
-1.282601
-1.444181
-1.556160
-1.374349
-1.507447
-1.312823
-1.461065
-1.258248
-1.415809
-1.207366
-1.374207
-1.159718
-1.330379
-1.622174
-1.413227
-1.558336
-1.335411
-1.504985
-1.267760
-1.457151
-1.214057
-1.413825
-1.165364
-1.373710
-1.523591
-1.623109
-1.442854
-1.561184
-1.370162
-1.510375
-1.305356
-1.461887
-1.251942
-1.415767
-1.697692
-1.482407
-1.618396
-1.395021
-1.553240
-1.321729
-1.505161
-1.260341
-1.459560
-1.612786
-1.696119
-1.513308
-1.622384
-1.432212
-1.557941
-1.359302
-1.507363
-1.774166
-1.560393
-1.682093
-1.457158
-1.610169
-1.381980
-1.552536
-1.707790
-1.770264
-1.593119
-1.685156
-1.493314
-1.611462
-1.854318
-1.640628
-1.744121
-1.530992
-1.673563
-1.800760
-1.848495
-1.673623
-1.742418
-1.930829
-1.716616
-1.820833
-1.894325
-1.923900
-1.989445
-1.394748
-1.186389
-1.389708
-1.258870
-1.425492
-1.306786
-1.483525
-1.358304
-1.542410
-1.426378
-1.612722
-1.500067
-1.696243
-1.587677
-1.784851
-1.684392
-1.879515
-1.781273
-1.974072
-1.872522
-2.058875
-1.963637
-2.137937
-2.672952
-2.673442
-2.670032
-2.668656
-2.677496
-2.668138
-2.681237
-2.684120
-2.691216
-2.690623
-2.706146
-2.690875
-2.700340
-2.671582
-2.666137
-2.608549
-2.588106
-2.493949
-2.459121
-2.335241
-2.301132
-2.140163
-2.703589
-2.701648
-2.717256
-2.691109
-2.718317
-2.697219
-2.719883
-2.692484
-2.727819
-2.682780
-2.716521
-2.660231
-2.683063
-2.599996
-2.612877
-2.494238
-2.493359
-2.340761
-2.333499
-2.150753
-2.159190
-2.707615
-2.677352
-2.700002
-2.688975
-2.694430
-2.686444
-2.700905
-2.679425
-2.692020
-2.666060
-2.667645
-2.620844
-2.615894
-2.537660
-2.519350
-2.410359
-2.381625
-2.243858
-2.221846
-2.060860
-2.714381
-2.706967
-2.713037
-2.695399
-2.720287
-2.678354
-2.707946
-2.657909
-2.680150
-2.608571
-2.630120
-2.526672
-2.539348
-2.404695
-2.408902
-2.242621
-2.250600
-2.056039
-2.084301
-2.670477
-2.655390
-2.676656
-2.644714
-2.663071
-2.633165
-2.638585
-2.595180
-2.598953
-2.529998
-2.524520
-2.430410
-2.415369
-2.291640
-2.276410
-2.125979
-2.123531
-1.955279
-2.670917
-2.635479
-2.658708
-2.620424
-2.636225
-2.577685
-2.599128
-2.510752
-2.528348
-2.413486
-2.425734
-2.279147
-2.293467
-2.117690
-2.142845
-1.944697
-1.990812
-2.577337
-2.551310
-2.561245
-2.519069
-2.532348
-2.468372
-2.473530
-2.392401
-2.389489
-2.282209
-2.278213
-2.146072
-2.146755
-1.993457
-2.009379
-1.842743
-2.532059
-2.481530
-2.506422
-2.434776
-2.454315
-2.362921
-2.379058
-2.256575
-2.276972
-2.126622
-2.152845
-1.977491
-2.020398
-1.825721
-1.889268
-2.393634
-2.343248
-2.356282
-2.289600
-2.299150
-2.207497
-2.219143
-2.105842
-2.116909
-1.984078
-2.006024
-1.854064
-1.890329
-1.728791
-2.313413
-2.240432
-2.266657
-2.169303
-2.198388
-2.076073
-2.106360
-1.960936
-2.004779
-1.833743
-1.894686
-1.708261
-1.789384
-2.144655
-2.073999
-2.098228
-2.005995
-2.030898
-1.919857
-1.953889
-1.820453
-1.865742
-1.719709
-1.777420
-1.616782
-2.064246
-1.967976
-2.009885
-1.893594
-1.943189
-1.800090
-1.862176
-1.701978
-1.778371
-1.597293
-1.698787
-1.899050
-1.811183
-1.856609
-1.744234
-1.801191
-1.674198
-1.739084
-1.593816
-1.678161
-1.516903
-1.843699
-1.728223
-1.798102
-1.664346
-1.739070
-1.584140
-1.680431
-1.503673
-1.614079
-1.702975
-1.597800
-1.668528
-1.544303
-1.634895
-1.487644
-1.586432
-1.432053
-1.676011
-1.549125
-1.643984
-1.489675
-1.592400
-1.430500
-1.545070
-1.560783
-1.435826
-1.538153
-1.404549
-1.512742
-1.351391
-1.561008
-1.421551
-1.524645
-1.360447
-1.491139
-1.450004
-1.321940
-1.455256
-1.289286
-1.483208
-1.304800
-1.436115
-1.381065
-1.242305
-1.398962
-1.102741
-1.168456
-1.038158
-1.078214
-0.982578
-0.983795
-0.892546
-0.882495
-0.785099
-0.761755
-0.665889
-0.634986
-0.545238
-0.518022
-0.441509
-0.426310
-0.369935
-0.368539
-0.334496
-0.348170
-0.321720
-0.364750
-0.353669
-0.396767
-0.395505
-0.398675
-0.377802
-0.405015
-0.375901
-0.399969
-0.364550
-0.387922
-0.348803
-0.374864
-0.330974
-0.366103
-0.322667
-0.368419
-0.328314
-0.392462
-0.354359
-0.437300
-0.402773
-0.504068
-0.460688
-0.599551
-1.286893
-1.086839
-1.231421
-1.034683
-1.180014
-0.984362
-1.114485
-0.935422
-1.044682
-0.874044
-0.973794
-0.810626
-0.895198
-0.750481
-0.819019
-0.689052
-0.752859
-0.633298
-0.689392
-0.598645
-0.631267
-0.548049
-1.195532
-1.069059
-1.157814
-1.010467
-1.093731
-0.950186
-1.026586
-0.874999
-0.957714
-0.799218
-0.879252
-0.726738
-0.803163
-0.653106
-0.736382
-0.586215
-0.674167
-0.535657
-0.618842
-0.490082
-0.595017
-1.220095
-0.999613
-1.137148
-0.950511
-1.064987
-0.884648
-0.991005
-0.817536
-0.904638
-0.749962
-0.819058
-0.677559
-0.740104
-0.610864
-0.664850
-0.558479
-0.597377
-0.515906
-0.548983
-0.482977
-1.096165
-1.002174
-1.038686
-0.918434
-0.970500
-0.837626
-0.886116
-0.755895
-0.801549
-0.668983
-0.721672
-0.589021
-0.645513
-0.522804
-0.579615
-0.467915
-0.531372
-0.424147
-0.495327
-1.113172
-0.909368
-1.029840
-0.841525
-0.935865
-0.769221
-0.842879
-0.687903
-0.751978
-0.610738
-0.663127
-0.543742
-0.585209
-0.487408
-0.523195
-0.444907
-0.474425
-0.421533
-0.996783
-0.899231
-0.911194
-0.809644
-0.823521
-0.712436
-0.733559
-0.619934
-0.643494
-0.536954
-0.565067
-0.465978
-0.502844
-0.411905
-0.455395
-0.376383
-0.422768
-0.991829
-0.809099
-0.893002
-0.721162
-0.791707
-0.635642
-0.689514
-0.555084
-0.598542
-0.483851
-0.522864
-0.429545
-0.462981
-0.393848
-0.419815
-0.373011
-0.869535
-0.780854
-0.771746
-0.679406
-0.671046
-0.581355
-0.579111
-0.492588
-0.500969
-0.423101
-0.440494
-0.374549
-0.399598
-0.343954
-0.375824
-0.857492
-0.687763
-0.745654
-0.594172
-0.640870
-0.507494
-0.548408
-0.438279
-0.474248
-0.388685
-0.421686
-0.358689
-0.388039
-0.345945
-0.729232
-0.653783
-0.624027
-0.549850
-0.528706
-0.462057
-0.450706
-0.394718
-0.396474
-0.351509
-0.364118
-0.329953
-0.349377
-0.712154
-0.563068
-0.603292
-0.474878
-0.510130
-0.405813
-0.441750
-0.361469
-0.396824
-0.340319
-0.373308
-0.336198
-0.589308
-0.530029
-0.491446
-0.441557
-0.417051
-0.377905
-0.367219
-0.341784
-0.344035
-0.328336
-0.341296
-0.576088
-0.453411
-0.485579
-0.385192
-0.420053
-0.346469
-0.384274
-0.332140
-0.371819
-0.337975
-0.467745
-0.430058
-0.394406
-0.370974
-0.350747
-0.338563
-0.335035
-0.334147
-0.341029
-0.469391
-0.375255
-0.408122
-0.337288
-0.378857
-0.331326
-0.373994
-0.346481
-0.381239
-0.367766
-0.342582
-0.341440
-0.329666
-0.342073
-0.344133
-0.403073
-0.334586
-0.374348
-0.331850
-0.378047
-0.352967
-0.336640
-0.345399
-0.328920
-0.347230
-0.345071
-0.372940
-0.330642
-0.378114
-0.356821
-0.328309
-0.348912
-0.345140
-0.380231
-0.355723
-0.316956
-1.354862
-1.112499
-1.263621
-1.091007
-1.204923
-1.039411
-1.153844
-0.977894
-1.092008
-0.917772
-1.026111
-0.849741
-0.961038
-0.782825
-0.891422
-0.721818
-0.825757
-0.660540
-0.772750
-0.603923
-0.719588
-0.578932
-0.690233
-1.989446
-1.923900
-1.820833
-1.742418
-1.673563
-1.611462
-1.552536
-1.507363
-1.459560
-1.415767
-1.373710
-1.330379
-1.282601
-1.235153
-1.183939
-1.124749
-1.066030
-1.005469
-0.935278
-0.867287
-0.810635
-0.716133
-1.894325
-1.716616
-1.673624
-1.530993
-1.493315
-1.381981
-1.359302
-1.260341
-1.251942
-1.165364
-1.159718
-1.079771
-1.076856
-0.992792
-0.987729
-0.903254
-0.889077
-0.797514
-0.788366
-0.682263
-0.672792
-1.930830
-1.848496
-1.744122
-1.685157
-1.610169
-1.557941
-1.505161
-1.461887
-1.413825
-1.374207
-1.328361
-1.281411
-1.232844
-1.180349
-1.121645
-1.059411
-1.000370
-0.923172
-0.860804
-0.784522
-1.800761
-1.640629
-1.593120
-1.457159
-1.432213
-1.321729
-1.305357
-1.214057
-1.207366
-1.121668
-1.120162
-1.037677
-1.031994
-0.946676
-0.940710
-0.844064
-0.833574
-0.733887
-0.717087
-1.854319
-1.770265
-1.682094
-1.622385
-1.553240
-1.510376
-1.457152
-1.415809
-1.370071
-1.327457
-1.277727
-1.229172
-1.176155
-1.114058
-1.054716
-0.985662
-0.917331
-0.836850
-1.707791
-1.560394
-1.513309
-1.395022
-1.370163
-1.267760
-1.258249
-1.168998
-1.163833
-1.081231
-1.078294
-0.991794
-0.986491
-0.896696
-0.882421
-0.783731
-0.767467
-1.774168
-1.696120
-1.618397
-1.561185
-1.504986
-1.461065
-1.411457
-1.371542
-1.323177
-1.276869
-1.224919
-1.171454
-1.109340
-1.045717
-0.978396
-0.903441
-1.612788
-1.482408
-1.442855
-1.335412
-1.312823
-1.222109
-1.211145
-1.127391
-1.122288
-1.040620
-1.032406
-0.947440
-0.934985
-0.840901
-0.817819
-1.697694
-1.623110
-1.558337
-1.507448
-1.456307
-1.413744
-1.367033
-1.323959
-1.272372
-1.224311
-1.165058
-1.107306
-1.036974
-0.973950
-1.523593
-1.413228
-1.374350
-1.280974
-1.259992
-1.177028
-1.165129
-1.088174
-1.077537
-0.999220
-0.983512
-0.901188
-0.874420
-1.622176
-1.556161
-1.504028
-1.454557
-1.409820
-1.367384
-1.317909
-1.274507
-1.216295
-1.167320
-1.097288
-1.039987
-1.444182
-1.348452
-1.312837
-1.232716
-1.207577
-1.137851
-1.119272
-1.050246
-1.031320
-0.957520
-0.931790
-1.556136
-1.498542
-1.451799
-1.409457
-1.363222
-1.320144
-1.267969
-1.221497
-1.156446
-1.106388
-1.369158
-1.295183
-1.255648
-1.187577
-1.162212
-1.100083
-1.074488
-1.015120
-0.982014
-1.499147
-1.444284
-1.408479
-1.363527
-1.313711
-1.275080
-1.209979
-1.168524
-1.305871
-1.245877
-1.198112
-1.153298
-1.112731
-1.066888
-1.031331
-1.443754
-1.404374
-1.360578
-1.317487
-1.266808
-1.221474
-1.245504
-1.196381
-1.154650
-1.113459
-1.071432
-1.408002
-1.362220
-1.314071
-1.279840
-1.180070
-1.159483
-1.101112
-1.379726
-1.336191
-1.106077
-2.682281
-2.673768
-2.673860
-2.661720
-2.670299
-2.656806
-2.686725
-2.660130
-2.696979
-2.677417
-2.711226
-2.683239
-2.722565
-2.676476
-2.706612
-2.639372
-2.651629
-2.549882
-2.543245
-2.405221
-2.382156
-2.222730
-2.209965
-2.621318
-2.634649
-2.619530
-2.620855
-2.629460
-2.621355
-2.634815
-2.646496
-2.652233
-2.668847
-2.680908
-2.694607
-2.696724
-2.710524
-2.692674
-2.692095
-2.647963
-2.624302
-2.544104
-2.501096
-2.389753
-2.322410
-2.615686
-2.609276
-2.623077
-2.592612
-2.618716
-2.607783
-2.629836
-2.620668
-2.661147
-2.644530
-2.687859
-2.671805
-2.710936
-2.679598
-2.712026
-2.655360
-2.666772
-2.575812
-2.560747
-2.428837
-2.389753
-2.601407
-2.547807
-2.570375
-2.561537
-2.565833
-2.570054
-2.592954
-2.597900
-2.622255
-2.642368
-2.661117
-2.681236
-2.695698
-2.708744
-2.703052
-2.701983
-2.664914
-2.636322
-2.560747
-2.501096
-2.552493
-2.553218
-2.539114
-2.536190
-2.559842
-2.546354
-2.581211
-2.582031
-2.620250
-2.618692
-2.666446
-2.657176
-2.700055
-2.678828
-2.708764
-2.659902
-2.664914
-2.575812
-2.544104
-2.515012
-2.486010
-2.514496
-2.487539
-2.516384
-2.521325
-2.547697
-2.561895
-2.599023
-2.618231
-2.650179
-2.672992
-2.694702
-2.707555
-2.708764
-2.701983
-2.666772
-2.624303
-2.495872
-2.472291
-2.479464
-2.483642
-2.498548
-2.503390
-2.543472
-2.549437
-2.594377
-2.604618
-2.651819
-2.651728
-2.694703
-2.678828
-2.703053
-2.655361
-2.647963
-2.453009
-2.433228
-2.450178
-2.438431
-2.479617
-2.480438
-2.522364
-2.542512
-2.587367
-2.609496
-2.651819
-2.672993
-2.700056
-2.708744
-2.712027
-2.692096
-2.427490
-2.417011
-2.436568
-2.436408
-2.463249
-2.481442
-2.521084
-2.537707
-2.587367
-2.604618
-2.650179
-2.657177
-2.695699
-2.679600
-2.692675
-2.409968
-2.383798
-2.412918
-2.414196
-2.457881
-2.465706
-2.521084
-2.542512
-2.594377
-2.618232
-2.666447
-2.681237
-2.710937
-2.710526
-2.388102
-2.391359
-2.410023
-2.418622
-2.457882
-2.481442
-2.522365
-2.549437
-2.599024
-2.618694
-2.661119
-2.671807
-2.696726
-2.385026
-2.365570
-2.410023
-2.414196
-2.463249
-2.480439
-2.543473
-2.561896
-2.620251
-2.642370
-2.687861
-2.694610
-2.385026
-2.391359
-2.412918
-2.436409
-2.479617
-2.503391
-2.547698
-2.582033
-2.622256
-2.644532
-2.680911
-2.388103
-2.383798
-2.436568
-2.438432
-2.498549
-2.521326
-2.581212
-2.597902
-2.661149
-2.668850
-2.409969
-2.417011
-2.450178
-2.483643
-2.516385
-2.546356
-2.592956
-2.620670
-2.652236
-2.427491
-2.433228
-2.479466
-2.487540
-2.559843
-2.570057
-2.629839
-2.646499
-2.453010
-2.472292
-2.514498
-2.536191
-2.565835
-2.607786
-2.634818
-2.495874
-2.486012
-2.539116
-2.561540
-2.618718
-2.621358
-2.515014
-2.553220
-2.570377
-2.592614
-2.629463
-2.552495
-2.547810
-2.623080
-2.620858
-2.601410
-2.609279
-2.619533
-2.615689
-2.634653
-2.621321
-2.636255
-2.661298
-2.566187
-2.561498
-2.519986
-2.494636
-2.441158
-2.439124
-2.386260
-2.387999
-2.362344
-2.369812
-2.362343
-2.387999
-2.386260
-2.439123
-2.441157
-2.494634
-2.519984
-2.561495
-2.566184
-2.661294
-2.636251
-2.682271
-2.673751
-2.673858
-2.661677
-2.670322
-2.656711
-2.686771
-2.660013
-2.697010
-2.677270
-2.711299
-2.683006
-2.722668
-2.676226
-2.706685
-2.639072
-2.651775
-2.549447
-2.543427
-2.404763
-2.382306
-2.222145
-2.210260
-2.621339
-2.634647
-2.619571
-2.620844
-2.629521
-2.621361
-2.634869
-2.646517
-2.652322
-2.668844
-2.681024
-2.694641
-2.696819
-2.710579
-2.692830
-2.692108
-2.648153
-2.624383
-2.544261
-2.501191
-2.390022
-2.322455
-2.615690
-2.609252
-2.623097
-2.592564
-2.618736
-2.607707
-2.629885
-2.620530
-2.661220
-2.644371
-2.687917
-2.671608
-2.711046
-2.679301
-2.712168
-2.655043
-2.666888
-2.575418
-2.560965
-2.428278
-2.390023
-2.601426
-2.547809
-2.570403
-2.561544
-2.565885
-2.570048
-2.593027
-2.597915
-2.622319
-2.642396
-2.661226
-2.681235
-2.695833
-2.708788
-2.703165
-2.702041
-2.665105
-2.636329
-2.560965
-2.501191
-2.552497
-2.553195
-2.539136
-2.536126
-2.559882
-2.546266
-2.581247
-2.581911
-2.620324
-2.618501
-2.666546
-2.656965
-2.700140
-2.678565
-2.708919
-2.659522
-2.665105
-2.575418
-2.544261
-2.515026
-2.486009
-2.514529
-2.487544
-2.516421
-2.521337
-2.547764
-2.561888
-2.599112
-2.618253
-2.650255
-2.673024
-2.694834
-2.707553
-2.708918
-2.702041
-2.666887
-2.624382
-2.495880
-2.472263
-2.479481
-2.483585
-2.498589
-2.503283
-2.543533
-2.549308
-2.594433
-2.604450
-2.651924
-2.651478
-2.694834
-2.678564
-2.703164
-2.655042
-2.648153
-2.453018
-2.433231
-2.450207
-2.438427
-2.479665
-2.480448
-2.522411
-2.542527
-2.587452
-2.609489
-2.651923
-2.673023
-2.700139
-2.708787
-2.712167
-2.692107
-2.427498
-2.416975
-2.436593
-2.436346
-2.463280
-2.481347
-2.521147
-2.537554
-2.587452
-2.604450
-2.650255
-2.656964
-2.695832
-2.679300
-2.692829
-2.409979
-2.383800
-2.412938
-2.414201
-2.457927
-2.465699
-2.521147
-2.542526
-2.594432
-2.618252
-2.666544
-2.681234
-2.711044
-2.710577
-2.388108
-2.391328
-2.410050
-2.418548
-2.457927
-2.481347
-2.522411
-2.549307
-2.599111
-2.618500
-2.661224
-2.671606
-2.696817
-2.385035
-2.365567
-2.410050
-2.414201
-2.463279
-2.480447
-2.543532
-2.561887
-2.620322
-2.642394
-2.687915
-2.694639
-2.385035
-2.391328
-2.412938
-2.436346
-2.479664
-2.503281
-2.547763
-2.581909
-2.622317
-2.644369
-2.681022
-2.388108
-2.383800
-2.436593
-2.438426
-2.498587
-2.521335
-2.581245
-2.597913
-2.661217
-2.668842
-2.409978
-2.416975
-2.450206
-2.483583
-2.516419
-2.546264
-2.593025
-2.620528
-2.652320
-2.427497
-2.433230
-2.479479
-2.487542
-2.559879
-2.570046
-2.629883
-2.646514
-2.453017
-2.472261
-2.514527
-2.536123
-2.565883
-2.607704
-2.634867
-2.495878
-2.486006
-2.539133
-2.561541
-2.618734
-2.621359
-2.515024
-2.553192
-2.570400
-2.592562
-2.629519
-2.552494
-2.547806
-2.623094
-2.620842
-2.601423
-2.609249
-2.619569
-2.615687
-2.634644
-2.621336
-0.355322
-0.430419
-0.394001
-0.469348
-0.472361
-0.538512
-0.545540
-0.612858
-0.614141
-0.667020
-0.659714
-0.686986
-0.659713
-0.667018
-0.614139
-0.612856
-0.545538
-0.538510
-0.472359
-0.469346
-0.393999
-0.430418
-0.355320
-0.396859
-0.395435
-0.398954
-0.377832
-0.404768
-0.376610
-0.399686
-0.364513
-0.388478
-0.348910
-0.374212
-0.332311
-0.365467
-0.322766
-0.368970
-0.328646
-0.391521
-0.356091
-0.436443
-0.403244
-0.504365
-0.461524
-0.598488
-0.379962
-0.369457
-0.404419
-0.383111
-0.400324
-0.382847
-0.391515
-0.375234
-0.374177
-0.361227
-0.356328
-0.348803
-0.343066
-0.347025
-0.343474
-0.364090
-0.364493
-0.406200
-0.410501
-0.473782
-0.484817
-0.561225
-0.429809
-0.431628
-0.444293
-0.430978
-0.447829
-0.421891
-0.434240
-0.400495
-0.412808
-0.371371
-0.386223
-0.343039
-0.365021
-0.323719
-0.358290
-0.323033
-0.374577
-0.345963
-0.418199
-0.391728
-0.484817
-0.458201
-0.423171
-0.466520
-0.437926
-0.456925
-0.432506
-0.438453
-0.411573
-0.408590
-0.385217
-0.377303
-0.360382
-0.353552
-0.349123
-0.346858
-0.359650
-0.366852
-0.399125
-0.418199
-0.473782
-0.486393
-0.496076
-0.499986
-0.494846
-0.498842
-0.472828
-0.474348
-0.438164
-0.437157
-0.393953
-0.397603
-0.353337
-0.365189
-0.325815
-0.352407
-0.320890
-0.366852
-0.345963
-0.410501
-0.519284
-0.496498
-0.534198
-0.498954
-0.517956
-0.482270
-0.482910
-0.445132
-0.438462
-0.403481
-0.393831
-0.368273
-0.361978
-0.349947
-0.352407
-0.359650
-0.374577
-0.406199
-0.560417
-0.561092
-0.567377
-0.556928
-0.548536
-0.519571
-0.508198
-0.466422
-0.453363
-0.408219
-0.401217
-0.357142
-0.361978
-0.325815
-0.346858
-0.323033
-0.364492
-0.592087
-0.571198
-0.595814
-0.557650
-0.568508
-0.519594
-0.514277
-0.465590
-0.454732
-0.410220
-0.401217
-0.368272
-0.365189
-0.349122
-0.358289
-0.364089
-0.626674
-0.624248
-0.625596
-0.602142
-0.584339
-0.548371
-0.523621
-0.476755
-0.454732
-0.408219
-0.393831
-0.353337
-0.353551
-0.323718
-0.343474
-0.656693
-0.624906
-0.640216
-0.594906
-0.592953
-0.533536
-0.523620
-0.465589
-0.453362
-0.403481
-0.397603
-0.360382
-0.365020
-0.347025
-0.674481
-0.665998
-0.652869
-0.618672
-0.592953
-0.548371
-0.514277
-0.466421
-0.438462
-0.393953
-0.377302
-0.343038
-0.343065
-0.687868
-0.644610
-0.652868
-0.594906
-0.584338
-0.519593
-0.508197
-0.445131
-0.437156
-0.385216
-0.386222
-0.348803
-0.687868
-0.665997
-0.640216
-0.602141
-0.568507
-0.519569
-0.482909
-0.438163
-0.408588
-0.371370
-0.356327
-0.674479
-0.624905
-0.625594
-0.557649
-0.548534
-0.482268
-0.474346
-0.411571
-0.412806
-0.361226
-0.656690
-0.624247
-0.595812
-0.556927
-0.517953
-0.472826
-0.438451
-0.400494
-0.374175
-0.626673
-0.571196
-0.567376
-0.498951
-0.498840
-0.432504
-0.434238
-0.375233
-0.592085
-0.561090
-0.534196
-0.494844
-0.456923
-0.421890
-0.391513
-0.560415
-0.496496
-0.499984
-0.437924
-0.447827
-0.382846
-0.519282
-0.496074
-0.466518
-0.430977
-0.400323
-0.486391
-0.423169
-0.444292
-0.383109
-0.458200
-0.431627
-0.404417
-0.429807
-0.369455
-0.379961
-0.396768
-0.395506
-0.398676
-0.377803
-0.405017
-0.375903
-0.399971
-0.364552
-0.387923
-0.348804
-0.374866
-0.330976
-0.366104
-0.322667
-0.368420
-0.328315
-0.392462
-0.354359
-0.437301
-0.402773
-0.504068
-0.460688
-0.599551
-0.380017
-0.369477
-0.404749
-0.382746
-0.400705
-0.383111
-0.391182
-0.375469
-0.374872
-0.360390
-0.357015
-0.349198
-0.342554
-0.347311
-0.344422
-0.363030
-0.365385
-0.406586
-0.410129
-0.474078
-0.485887
-0.560351
-0.429783
-0.431386
-0.444366
-0.431027
-0.447409
-0.421866
-0.434675
-0.399467
-0.413306
-0.371372
-0.385623
-0.342892
-0.365853
-0.322132
-0.359126
-0.322786
-0.374105
-0.345510
-0.419235
-0.389777
-0.485887
-0.458353
-0.423257
-0.466404
-0.438056
-0.457391
-0.431906
-0.438986
-0.411888
-0.408117
-0.385492
-0.378122
-0.359344
-0.354383
-0.349481
-0.346344
-0.359947
-0.367858
-0.398010
-0.419235
-0.474079
-0.486235
-0.496076
-0.500140
-0.494282
-0.499121
-0.472867
-0.473833
-0.438130
-0.437797
-0.392642
-0.398319
-0.353256
-0.364612
-0.325605
-0.353356
-0.319122
-0.367858
-0.345510
-0.410129
-0.519440
-0.496277
-0.534487
-0.499128
-0.517659
-0.482475
-0.483513
-0.444294
-0.439141
-0.403804
-0.393276
-0.368574
-0.362869
-0.348802
-0.353356
-0.359947
-0.374105
-0.406586
-0.560422
-0.561109
-0.567091
-0.556936
-0.548904
-0.518689
-0.508701
-0.466432
-0.452805
-0.408163
-0.402013
-0.355618
-0.362869
-0.325605
-0.346344
-0.322787
-0.365385
-0.592065
-0.571275
-0.596117
-0.557178
-0.568944
-0.519826
-0.513826
-0.465850
-0.455434
-0.409210
-0.402013
-0.368575
-0.364612
-0.349481
-0.359127
-0.363030
-0.626713
-0.623933
-0.625812
-0.602169
-0.583952
-0.548383
-0.524184
-0.475607
-0.455434
-0.408163
-0.393277
-0.353257
-0.354384
-0.322132
-0.344423
-0.656810
-0.624992
-0.640004
-0.595063
-0.593386
-0.532835
-0.524185
-0.465851
-0.452805
-0.403804
-0.398319
-0.359345
-0.365853
-0.347312
-0.674379
-0.666010
-0.653126
-0.618044
-0.593386
-0.548383
-0.513827
-0.466433
-0.439142
-0.392643
-0.378123
-0.342893
-0.342555
-0.687965
-0.644358
-0.653127
-0.595064
-0.583952
-0.519827
-0.508702
-0.444296
-0.437798
-0.385493
-0.385624
-0.349199
-0.687965
-0.666011
-0.640004
-0.602170
-0.568945
-0.518691
-0.483514
-0.438132
-0.408119
-0.371373
-0.357017
-0.674380
-0.624994
-0.625813
-0.557179
-0.548905
-0.482477
-0.473835
-0.411889
-0.413307
-0.360392
-0.656812
-0.623934
-0.596119
-0.556937
-0.517661
-0.472869
-0.438988
-0.399469
-0.374873
-0.626715
-0.571277
-0.567093
-0.499130
-0.499122
-0.431908
-0.434677
-0.375471
-0.592067
-0.561111
-0.534489
-0.494284
-0.457393
-0.421868
-0.391183
-0.560424
-0.496279
-0.500142
-0.438058
-0.447411
-0.383113
-0.519442
-0.496078
-0.466406
-0.431029
-0.400706
-0.486237
-0.423259
-0.444367
-0.382748
-0.458354
-0.431387
-0.404751
-0.429785
-0.369479
-0.380018

