Tension at each vertex
36.376282
36.376269
36.376522
36.376531
30.200983
35.325999
30.200996
35.326001
28.863128
28.863414
36.700919
36.701738
35.887935
35.894288
35.332962
35.162901
34.432860
33.935970
32.815635
32.046507
30.649560
29.936296
29.040438
28.860060
28.558864
28.864959
28.708862
29.120168
29.072267
29.419541
29.346630
29.750904
29.574993
29.935511
29.760049
35.771826
35.324364
35.252270
34.653736
34.231287
33.457069
32.575219
31.463765
30.481128
29.444124
28.912740
28.585169
28.509233
28.578995
28.766352
28.845242
29.053228
29.215613
29.302721
29.468367
29.561974
29.730352
35.904434
35.766060
35.217470
35.085526
34.193014
33.704501
32.540053
31.639727
30.346154
29.707558
28.841575
28.839524
28.574403
28.833997
28.773905
29.180390
29.033666
29.477337
29.354797
29.706879
29.561960
35.682359
35.435714
35.110115
34.598346
34.146709
33.213872
32.363873
31.219784
30.172756
29.291769
28.835677
28.507186
28.558883
28.619296
28.741570
28.920801
29.083673
29.177594
29.354819
29.468378
35.732889
35.754997
35.224949
34.932466
34.097774
33.563488
32.264715
31.437123
30.146691
29.502376
28.804191
28.841513
28.535125
28.894889
28.795239
29.149048
29.083651
29.477342
29.302706
35.804700
35.312362
35.102673
34.582539
33.978155
33.107482
32.208429
30.977741
30.044693
29.196145
28.735791
28.544076
28.581134
28.582820
28.795252
28.920810
29.033687
29.215621
35.715939
35.811119
35.084024
34.906487
34.022597
33.378311
32.149661
31.297880
29.964152
29.469057
28.770500
28.788809
28.581113
28.894891
28.741551
29.180379
29.053231
35.704494
35.317347
35.119747
34.460880
33.946976
33.032007
32.048952
30.922478
29.982039
29.111168
28.770530
28.544094
28.535144
28.619299
28.773945
28.845236
35.760018
35.717410
35.081506
34.892998
33.898381
33.359772
32.082764
31.193261
29.982011
29.469066
28.735766
28.841497
28.558889
28.833968
28.766352
35.720591
35.343756
35.042834
34.473592
33.929677
32.946111
32.082785
30.922495
29.964184
29.196153
28.804249
28.507189
28.574444
28.579031
35.695785
35.741015
35.084824
34.824935
33.929654
33.359775
32.048930
31.297863
30.044693
29.502341
28.835670
28.839517
28.509218
35.736023
35.291208
35.084840
34.473604
33.898402
33.032010
32.149709
30.977728
30.146735
29.291804
28.841608
28.585208
35.736013
35.741013
35.042818
34.892979
33.946979
33.378259
32.208414
31.437106
30.172727
29.707535
28.912772
35.695799
35.343760
35.081549
34.460860
34.022633
33.107504
32.264731
31.219797
30.346230
29.444118
35.720607
35.717358
35.119752
34.906463
33.978120
33.563440
32.363887
31.639641
30.481135
35.760063
35.317366
35.084036
34.582550
34.097844
33.213843
32.540108
31.463800
35.704479
35.811081
35.102706
34.932365
34.146713
33.704454
32.575163
35.716010
35.312327
35.225015
34.598383
34.193021
33.457081
35.804744
35.754954
35.110077
35.085450
34.231315
35.732895
35.435744
35.217569
34.653692
35.682428
35.765901
35.252298
35.904527
35.324430
35.771792
35.752880
36.126177
35.750523
36.342861
35.741373
36.223132
35.840496
36.226078
35.774979
36.255646
35.810828
36.204790
35.810822
36.255661
35.775001
36.226103
35.840477
36.223237
35.741339
36.342919
35.750573
36.126247
35.752823
36.179808
36.517776
36.342817
36.666546
36.483801
36.744096
36.530115
36.801194
36.480794
36.727001
36.411921
36.533513
36.223298
36.351133
35.939115
36.093516
35.712745
35.802201
35.462501
35.605564
35.222464
35.374154
34.989488
36.094426
35.989709
36.314460
36.196370
36.412585
36.358442
36.444145
36.382885
36.467820
36.297246
36.359399
36.201151
36.135208
35.996776
35.941727
35.717479
35.686968
35.513832
35.415793
35.286582
35.212754
35.142082
36.231948
36.466492
36.336249
36.706945
36.437562
36.773152
36.539772
36.747791
36.500476
36.710355
36.338882
36.542332
36.183113
36.278126
35.943316
36.070141
35.647603
35.821869
35.445626
35.580389
35.212759
36.025743
36.131964
36.247483
36.251964
36.449124
36.322600
36.488803
36.396181
36.422008
36.329027
36.348415
36.136939
36.151394
35.969061
35.880712
35.740586
35.675488
35.470427
35.445523
35.286632
36.079769
36.491910
36.385343
36.641643
36.474789
36.789021
36.483389
36.781896
36.490799
36.651897
36.359634
36.524773
36.113416
36.296151
35.919728
36.021357
35.675484
35.821927
35.415830
36.156374
36.041310
36.298227
36.296595
36.396623
36.373489
36.502082
36.349042
36.464923
36.326498
36.300093
36.170873
36.145818
35.917656
35.919647
35.740612
35.647553
35.513817
36.078369
36.566798
36.293812
36.688297
36.485738
36.731430
36.519026
36.778380
36.429904
36.687278
36.347933
36.475613
36.145815
36.296192
35.880748
36.070166
35.686949
36.069336
36.074779
36.346815
36.232470
36.450759
36.384294
36.455300
36.395280
36.468311
36.278033
36.347885
36.170894
36.113384
35.969039
35.943226
35.717564
36.129624
36.494581
36.326415
36.712874
36.421878
36.781409
36.513490
36.726498
36.468299
36.687307
36.300111
36.524778
36.151382
36.278254
35.941642
36.095016
36.113343
36.292097
36.279924
36.466588
36.332302
36.513462
36.395289
36.429891
36.326474
36.359579
36.137005
36.182980
35.996789
36.070801
36.530926
36.339768
36.661466
36.466574
36.781427
36.455309
36.778386
36.464906
36.651992
36.348344
36.542399
36.135239
36.112538
36.065700
36.339761
36.279925
36.421876
36.384276
36.518988
36.349082
36.490703
36.329030
36.338864
36.201111
36.112524
36.530934
36.292093
36.712885
36.450733
36.731501
36.502021
36.781949
36.422029
36.710386
36.359337
36.070808
36.113334
36.326388
36.232498
36.485674
36.373482
36.483382
36.396140
36.500382
36.297334
36.094979
36.494639
36.346763
36.688334
36.396629
36.789050
36.488744
36.747945
36.467711
36.129591
36.074764
36.293814
36.296565
36.474716
36.322659
36.539646
36.382865
36.069329
36.566830
36.298163
36.641765
36.449034
36.773219
36.444171
36.078314
36.041353
36.385258
36.251936
36.437559
36.358380
36.156297
36.491960
36.247491
36.706992
36.412503
36.079778
36.131920
36.336153
36.196434
36.025650
36.466658
36.314354
36.231858
35.989658
36.094431
35.629956
36.197349
35.425389
35.814922
35.087690
35.261578
34.564859
34.583195
33.729051
33.671905
32.685420
32.439377
31.519720
31.225606
30.296382
30.239823
29.427654
29.463855
28.963240
29.089814
28.616970
28.975532
28.548315
29.758312
29.814434
29.829192
29.803644
29.815175
29.844017
29.754669
29.752604
29.738450
29.615732
29.584410
29.522680
29.385331
29.293087
29.234973
29.027097
28.956444
28.824020
28.709691
28.502437
28.612989
28.374808
29.711681
29.941607
29.698737
29.995283
29.652750
29.929783
29.663555
29.826584
29.540079
29.772372
29.377424
29.581277
29.258655
29.359754
29.005580
29.198247
28.755145
28.930990
28.645388
28.790141
28.532456
29.556367
29.639715
29.551668
29.599383
29.599283
29.522400
29.508549
29.493850
29.375953
29.322455
29.282252
29.116416
29.049721
28.954496
28.810577
28.666048
28.682957
28.460803
28.501327
28.538017
29.429407
29.713819
29.478662
29.661713
29.408483
29.664586
29.302643
29.531910
29.242128
29.367967
29.041911
29.247525
28.826827
29.005624
28.698554
28.821180
28.515319
28.871430
28.575287
29.347615
29.316649
29.311150
29.340438
29.237680
29.235959
29.206470
29.092549
29.036198
28.987313
28.844506
28.753590
28.722582
28.553820
28.530772
28.547786
28.527194
28.655261
29.168302
29.441643
29.110799
29.368802
29.099782
29.258823
28.966657
29.193612
28.809976
29.005566
28.713699
28.841061
28.543930
28.841695
28.524341
28.938277
28.890397
28.998576
29.026225
29.005275
28.944439
28.907938
28.898473
28.779480
28.734746
28.705323
28.582308
28.552853
28.568293
28.521010
28.625355
28.831305
29.053317
28.853493
29.057092
28.780371
29.036724
28.686801
28.917374
28.649699
28.811137
28.536420
28.832492
28.522500
28.915832
28.811683
29.323278
29.375424
28.694492
28.721299
28.629334
28.631098
28.623019
28.550850
28.541211
28.588980
28.548182
28.679195
28.826413
29.049498
29.353707
29.888558
28.515165
28.800118
28.548402
28.758422
28.514641
28.849077
28.572006
28.989263
28.878463
29.383470
29.397771
30.196369
30.297838
28.571455
28.545604
28.578532
28.675336
28.673546
28.842706
29.005188
29.243266
29.514403
30.013560
30.360213
30.969921
28.635464
29.025396
28.782961
29.244401
29.162070
29.688413
29.695709
30.457967
30.510023
31.370252
31.593221
29.075894
29.283775
29.479418
29.732821
30.004346
30.463106
30.758352
31.296487
31.740452
32.258114
29.827782
30.354886
30.333823
31.060519
31.053448
31.846518
31.957136
32.723077
32.807298
30.871307
31.255538
31.486710
31.933888
32.266716
32.686961
32.997652
33.503027
31.881932
32.572077
32.559494
33.242145
33.213814
33.965690
33.842905
33.023403
33.305455
33.512039
33.890019
34.015731
34.399626
33.715930
34.391540
34.161302
34.843062
34.643897
34.465152
34.708984
34.788013
35.034646
34.841656
35.460179
35.119870
35.301182
35.520189
35.403850
36.179922
36.517697
36.342818
36.666463
36.483946
36.743902
36.530231
36.801154
36.480797
36.726918
36.412087
36.533315
36.223419
36.351087
35.939144
36.093414
35.712930
35.802028
35.462631
35.605534
35.222556
35.374074
34.989663
34.866372
35.140789
34.839761
35.148027
34.855173
35.102782
34.889159
35.189088
34.921961
35.281469
35.077866
35.377411
35.230289
35.588756
35.364746
35.793712
35.594638
35.963088
35.801073
36.218705
35.943292
36.430563
36.087662
35.917663
36.269259
36.137423
36.361079
36.248408
36.477940
36.309847
36.504633
36.404929
36.500183
36.393664
36.537985
36.355732
36.469228
36.363987
36.390919
36.270064
36.373790
36.185877
36.252404
36.176939
36.227158
36.218051
36.672948
36.286010
36.773239
36.340836
36.798876
36.430125
36.789715
36.420300
36.823189
36.371068
36.756594
36.367109
36.667635
36.261120
36.644639
36.151464
36.530815
36.117933
36.443227
35.979635
36.160026
36.447391
36.271113
36.492654
36.378620
36.497329
36.391664
36.538460
36.354202
36.482061
36.355408
36.387446
36.261570
36.347749
36.149801
36.221467
36.118806
36.096176
36.008413
36.063280
36.365814
36.766161
36.429081
36.780529
36.437706
36.819128
36.394347
36.766408
36.384793
36.666795
36.281781
36.613763
36.151742
36.480674
36.089624
36.345151
35.958632
36.307138
35.832831
36.308237
36.505106
36.371782
36.542439
36.355905
36.504849
36.361926
36.409831
36.273455
36.352076
36.145942
36.207863
36.080778
36.053229
35.945562
35.984182
35.815509
35.865417
36.468001
36.800327
36.428891
36.782057
36.421345
36.689692
36.328425
36.626639
36.185111
36.476209
36.098191
36.304577
35.937111
36.222485
35.774926
36.087577
35.714162
36.342841
36.539058
36.366362
36.450374
36.306224
36.390377
36.176279
36.242378
36.091138
36.056364
35.930288
35.952920
35.757021
35.795362
35.689258
35.640731
36.459805
36.720875
36.398282
36.666828
36.256884
36.524455
36.154101
36.328784
35.974929
36.206839
35.771538
36.034304
35.668064
35.857518
35.533737
36.350281
36.447785
36.230109
36.319004
36.144656
36.122003
35.976197
35.986118
35.768221
35.795719
35.652594
35.594760
35.506587
35.500710
36.338377
36.612383
36.247875
36.414215
36.071387
36.268419
35.841849
36.064435
35.695809
35.843124
35.514721
35.723870
35.335005
36.228636
36.228250
36.072577
36.085492
35.851839
35.876094
35.701273
35.635026
35.509843
35.492647
35.315537
35.329747
36.203561
36.394841
35.973310
36.179911
35.803660
35.922344
35.587632
35.759467
35.357840
35.569087
35.234561
35.987147
36.020215
35.824699
35.759873
35.609595
35.581080
35.366552
35.370031
35.229513
35.154485
35.970244
36.087751
35.740900
35.892608
35.474358
35.663868
35.308856
35.419142
35.120581
35.780173
35.747601
35.513938
35.512048
35.337752
35.246890
35.135140
35.091894
35.672607
35.849938
35.473721
35.567644
35.249274
35.390926
35.003447
35.530183
35.434179
35.301341
35.242465
35.039879
35.025131
35.455915
35.593315
35.179385
35.360984
35.006137
35.254204
35.228497
35.065817
34.957127
35.216552
35.337756
34.991962
35.064553
34.994707
35.048244
35.801625
36.594976
36.023922
36.638681
36.212105
36.687573
36.300074
36.792416
36.347579
36.804789
36.431282
36.795406
36.406267
36.830316
36.361627
36.763668
36.364697
36.702825
36.259910
36.715198
36.189832
36.593393
36.124270
28.809468
29.187161
29.783793
30.755010
31.894068
32.833483
33.764569
34.530077
35.005120
35.404093
35.755466
35.913414
36.071009
36.244056
36.279527
36.334565
36.417828
36.380676
36.364716
36.392072
36.263990
36.271995
28.763326
29.745906
30.285049
31.555465
32.351319
33.747120
34.189590
35.167202
35.401537
36.002469
35.960315
36.506094
36.293120
36.685265
36.504277
36.796569
36.503481
36.856560
36.464421
36.750373
36.402341
29.126620
29.615117
30.614685
31.736238
32.739819
33.672850
34.488451
34.974459
35.397956
35.747557
35.917995
36.073350
36.247562
36.287375
36.334396
36.426222
36.375400
36.374932
36.368372
36.285259
29.222386
30.482692
31.070581
32.547001
33.334361
34.452161
34.821349
35.687248
35.692459
36.259819
36.206375
36.597470
36.387357
36.808586
36.495997
36.811037
36.540555
36.781645
36.405359
29.548502
30.432618
31.645470
32.627479
33.623675
34.430496
34.970550
35.378173
35.753299
35.916197
36.079886
36.252036
36.292134
36.346295
36.420502
36.396759
36.354915
36.384244
30.005928
31.315325
32.122848
33.596969
34.102258
35.111681
35.369653
35.997875
35.958034
36.511718
36.301912
36.694614
36.507753
36.808065
36.501979
36.848539
36.464118
30.368328
31.532604
32.612374
33.562272
34.434935
34.946332
35.388694
35.741282
35.928105
36.077074
36.256819
36.299655
36.345474
36.430057
36.390788
36.364407
30.932653
32.401928
33.249531
34.406501
34.793016
35.675981
35.695831
36.263045
36.210743
36.609172
36.393292
36.810944
36.505511
36.804059
36.537429
31.518662
32.581835
33.580284
34.412281
34.963677
35.368324
35.749874
35.916271
36.081783
36.247674
36.303889
36.342905
36.427634
36.395169
32.095602
33.564685
34.108423
35.105936
35.376635
36.006014
35.963681
36.513001
36.311237
36.693427
36.506440
36.806817
36.500958
32.624937
33.593622
34.444405
34.957892
35.383439
35.730801
35.925994
36.063743
36.250451
36.294143
36.348006
36.418379
33.304845
34.438259
34.827569
35.688188
35.717872
36.268080
36.213958
36.614958
36.391837
36.802239
36.509924
33.655592
34.462173
34.989124
35.373877
35.738031
35.909078
36.068075
36.228792
36.306204
36.330819
34.202268
35.157225
35.408904
36.033571
35.975892
36.515967
36.318636
36.687508
36.498910
34.505613
35.007794
35.386967
35.718775
35.914797
36.039987
36.235352
36.282946
34.904167
35.731901
35.754851
36.287680
36.220623
36.623500
36.384555
35.042468
35.383516
35.720278
35.887887
36.043361
36.200135
35.461057
36.084619
35.997666
36.535679
36.320113
35.392095
35.694595
35.884466
36.002929
35.800050
36.351087
36.227365
35.653975
35.816681
36.092257
35.752866
36.126163
35.750510
36.342848
35.741360
36.223120
35.840485
36.226068
35.774971
36.255640
35.810822
36.204786
35.810821
36.255661
35.775002
36.226107
35.840481
36.223243
35.741346
36.342926
35.750581
36.126257
35.752833
35.887798
35.894394
35.332938
35.162948
34.432754
33.936075
32.815505
32.046532
30.649519
29.936310
29.040386
28.860145
28.558819
28.865007
28.708854
29.120186
29.072238
29.419581
29.346607
29.750933
29.574994
29.935532
29.760047
35.771778
35.324409
35.252277
34.653664
34.231282
33.457039
32.575123
31.463763
30.481118
29.444125
28.912802
28.585243
28.509264
28.579074
28.766386
28.845268
29.053253
29.215643
29.302725
29.468396
29.561977
29.730367
35.904508
35.765879
35.217536
35.085414
34.192977
33.704408
32.540060
31.639607
30.346215
29.707548
28.841640
28.839565
28.574491
28.834003
28.773983
29.180402
29.033713
29.477363
29.354841
29.706901
29.561997
35.682410
35.435723
35.110049
34.598347
34.146670
33.213793
32.363841
31.219762
30.172715
29.291812
28.835702
28.507215
28.558917
28.619328
28.741574
28.920836
29.083674
29.177618
29.354821
29.468390
35.732875
35.754929
35.224982
34.932327
34.097798
33.563392
32.264683
31.437068
30.146719
29.502349
28.804270
28.841533
28.535184
28.894926
28.795294
29.149077
29.083701
29.477363
29.302746
35.804727
35.312303
35.102675
34.582511
33.978075
33.107450
32.208366
30.977688
30.044680
29.196161
28.735798
28.544130
28.581148
28.582857
28.795265
28.920824
29.033685
29.215632
35.715991
35.811057
35.084004
34.906424
34.022587
33.378207
32.149657
31.297826
29.964166
29.469076
28.770554
28.788852
28.581181
28.894923
28.741602
29.180411
29.053248
35.704463
35.317343
35.119722
34.460820
33.946931
33.031953
32.048879
30.922458
29.982002
29.111181
28.770536
28.544117
28.535151
28.619320
28.773920
28.845252
35.760047
35.717336
35.081518
34.892940
33.898351
33.359722
32.082738
31.193226
29.982025
29.469067
28.735813
28.841539
28.558915
28.834019
28.766377
35.720593
35.343738
35.042786
34.473564
33.929608
32.946056
32.082717
30.922441
29.964139
29.196153
28.804217
28.507215
28.574429
28.579024
35.695783
35.740994
35.084811
34.824898
33.929629
33.359720
32.048902
31.297844
30.044673
29.502378
28.835695
28.839547
28.509268
35.736002
35.291189
35.084796
34.473556
33.898336
33.031955
32.149609
30.977696
30.146674
29.291773
28.841599
28.585210
35.736011
35.740999
35.042807
34.892964
33.946930
33.378258
32.208378
31.437084
30.172734
29.707561
28.912760
35.695777
35.343742
35.081482
34.460845
34.022556
33.107434
32.264668
31.219745
30.346131
29.444125
35.720583
35.717396
35.119723
34.906456
33.978113
33.563441
32.363822
31.639686
30.481101
35.760014
35.317336
35.084004
34.582509
34.097735
33.213826
32.540005
31.463723
35.704489
35.811109
35.102653
34.932437
34.146669
33.704456
32.575165
35.715938
35.312353
35.224931
34.598320
34.192976
33.457024
35.804697
35.754990
35.110097
35.085500
34.231248
35.732889
35.435709
35.217453
34.653710
35.682360
35.766054
35.252253
35.904434
35.324360
35.771827
36.179913
36.517689
36.342814
36.666460
36.483947
36.743905
36.530236
36.801159
36.480804
36.726926
36.412095
36.533323
36.223432
36.351097
35.939152
36.093429
35.712935
35.802037
35.462639
35.605536
35.222560
35.374075
34.989666
36.094445
35.989675
36.314377
36.196456
36.412531
36.358406
36.444199
36.382890
36.467738
36.297357
36.359359
36.201129
36.135259
35.996806
35.941653
35.717583
35.686960
35.513828
35.415841
35.286637
35.212765
35.142085
36.231867
36.466676
36.336173
36.707016
36.437583
36.773245
36.539672
36.747971
36.500407
36.710410
36.338885
36.542423
36.182995
36.278267
35.943242
36.070170
35.647558
35.821933
35.445521
35.580395
35.212758
36.025665
36.131937
36.247513
36.251957
36.449061
36.322683
36.488771
36.396165
36.422051
36.329052
36.348363
36.137019
36.151394
35.969053
35.880754
35.740626
35.675496
35.470435
35.445639
35.286589
36.079789
36.491977
36.385276
36.641788
36.474739
36.789075
36.483403
36.781973
36.490724
36.652013
36.359595
36.524799
36.113401
36.296204
35.919664
36.021367
35.675492
35.821878
35.415792
36.156308
36.041368
36.298183
36.296585
36.396651
36.373505
36.502044
36.349106
36.464927
36.326495
36.300130
36.170908
36.145824
35.917668
35.919732
35.740592
35.647613
35.513836
36.078323
36.566844
36.293828
36.688354
36.485693
36.731525
36.519008
36.778408
36.429908
36.687326
36.347899
36.475628
36.145834
36.296163
35.880726
36.070156
35.686973
36.069338
36.074778
36.346778
36.232518
36.450752
36.384297
36.455328
36.395310
36.468318
36.278050
36.347950
36.170889
36.113424
35.969071
35.943321
35.717479
36.129596
36.494651
36.326401
36.712902
36.421891
36.781448
36.513480
36.726517
36.468327
36.687295
36.300104
36.524783
36.151406
36.278137
35.941735
36.094985
36.113344
36.292105
36.279942
36.466590
36.332320
36.513507
36.395297
36.429919
36.326514
36.359647
36.136955
36.183123
35.996784
36.070810
36.530944
36.339770
36.661480
36.466600
36.781426
36.455315
36.778397
36.464936
36.651912
36.348426
36.542340
36.135214
36.112526
36.065707
36.339777
36.279936
36.421891
36.384310
36.519039
36.349056
36.490812
36.329040
36.338891
36.201163
36.112537
36.530931
36.292102
36.712886
36.450768
36.731442
36.502092
36.781910
36.422019
36.710366
36.359409
36.070799
36.113348
36.326420
36.232479
36.485747
36.373501
36.483400
36.396192
36.500486
36.297256
36.095012
36.494583
36.346817
36.688304
36.396630
36.789031
36.488811
36.747799
36.467829
36.129620
36.074779
36.293815
36.296601
36.474795
36.322607
36.539781
36.382893
36.069329
36.566797
36.298227
36.641645
36.449129
36.773157
36.444151
36.078362
36.041306
36.385344
36.251966
36.437566
36.358446
36.156365
36.491905
36.247482
36.706945
36.412587
36.079761
36.131959
36.336247
36.196369
36.025732
36.466486
36.314456
36.231941
35.989703
36.094415
35.887916
35.894266
35.332932
35.162864
34.432818
33.935930
32.815595
32.046476
30.649546
29.936302
29.040465
28.860105
28.558907
28.865002
28.708904
29.120199
29.072299
29.419561
29.346650
29.750921
29.575012
29.935526
29.760065
29.848549
30.193131
29.882450
30.197414
29.942751
30.150986
29.886488
30.159247
29.789814
30.039450
29.739694
29.874960
29.559077
29.761297
29.330049
29.524678
29.157125
29.257708
28.869032
29.093163
28.633354
28.841498
28.524774
35.403833
35.520170
35.119851
35.034623
34.643900
34.399579
33.842946
33.502995
32.807313
32.258148
31.593219
30.969858
30.297779
29.888472
29.375327
29.053174
28.890276
28.655180
28.575225
28.537988
28.532431
28.374801
35.301164
35.460153
34.788007
34.843019
34.015750
33.965655
32.997657
32.723105
31.740451
31.370263
30.360244
30.196362
29.353635
29.323247
28.831233
28.938199
28.527112
28.871378
28.501297
28.790124
28.612985
34.841635
34.708944
34.161294
33.889977
33.213807
32.686958
31.957127
31.296480
30.510056
30.013532
29.397750
29.049456
28.811618
28.625294
28.524321
28.547750
28.515290
28.460778
28.645372
28.502433
34.465131
34.391500
33.512024
33.242123
32.266709
31.846523
30.758380
30.457969
29.514422
29.383505
28.826426
28.915845
28.520989
28.841686
28.530767
28.821197
28.682963
28.930997
28.709697
33.715898
33.305419
32.559469
31.933874
31.053454
30.463115
29.695725
29.243283
28.878485
28.679196
28.522493
28.568280
28.543918
28.553809
28.698557
28.666042
28.755137
28.824010
33.023369
32.572047
31.486699
31.060522
30.004373
29.688452
29.005219
28.989284
28.548239
28.832558
28.552883
28.841077
28.722591
29.005646
28.810604
29.198276
28.956458
31.881902
31.255517
30.333822
29.732845
29.162106
28.842739
28.572032
28.588992
28.536433
28.582344
28.713720
28.753587
28.826822
28.954497
29.005587
29.027105
30.871291
30.354889
29.479439
29.244440
28.673604
28.849119
28.541237
28.811170
28.705368
29.005615
28.844541
29.247544
29.049733
29.359772
29.234989
29.827782
29.283795
28.782998
28.675376
28.514682
28.550883
28.649702
28.734746
28.809996
28.987347
29.041934
29.116427
29.258661
29.293098
29.075916
29.025428
28.578583
28.758479
28.623069
28.917409
28.779495
29.193623
29.036215
29.367995
29.282274
29.581292
29.385339
28.635489
28.545631
28.548437
28.631146
28.686847
28.898506
28.966664
29.092557
29.242141
29.322472
29.377439
29.522694
28.571493
28.800144
28.629367
29.036765
28.907977
29.258857
29.206488
29.531918
29.375965
29.772386
29.584421
28.515198
28.721323
28.780393
28.944475
29.099814
29.235988
29.302664
29.493866
29.540089
29.615745
28.694522
29.057107
29.005288
29.368818
29.237701
29.664606
29.508563
29.826597
29.738461
28.853528
29.026247
29.110814
29.340457
29.408499
29.522418
29.663568
29.752615
28.998602
29.441659
29.311161
29.661725
29.599293
29.929793
29.754680
29.168330
29.316673
29.478677
29.599399
29.652762
29.844030
29.347634
29.713836
29.551683
29.995294
29.815183
29.429425
29.639733
29.698750
29.803657
29.556381
29.941620
29.829202
29.711694
29.814447
29.758324
35.801613
36.594969
36.023913
36.638678
36.212102
36.687570
36.300072
36.792415
36.347571
36.804790
36.431281
36.795396
36.406263
36.830316
36.361619
36.763657
36.364685
36.702816
36.259899
36.715190
36.189822
36.593388
36.124265
35.048248
34.994711
34.991962
34.957131
35.006139
35.025132
35.003449
35.091896
35.120581
35.154485
35.234560
35.329749
35.335001
35.500718
35.533722
35.640743
35.714143
35.865415
35.832824
36.063271
35.979624
36.227152
35.064559
35.337756
35.065822
35.360988
35.039878
35.390932
35.135137
35.419145
35.229512
35.569090
35.315537
35.723865
35.506598
35.857503
35.689274
36.087560
35.815506
36.307132
36.008407
36.443212
36.176936
35.216555
35.228499
35.179388
35.242464
35.249279
35.246890
35.308862
35.370026
35.357847
35.492645
35.514717
35.594765
35.668053
35.795370
35.774914
35.984170
35.958626
36.096165
36.117914
36.252395
35.254212
35.593318
35.301346
35.567650
35.337751
35.663875
35.366550
35.759471
35.509845
35.843123
35.652596
36.034300
35.757022
36.222484
35.945551
36.345145
36.118802
36.530796
36.185870
35.455920
35.434178
35.473730
35.512043
35.474365
35.581081
35.587633
35.635025
35.695809
35.795721
35.771531
35.952917
35.937109
36.053218
36.089613
36.221465
36.151445
36.373779
35.530186
35.849945
35.513943
35.892615
35.609596
35.922349
35.701276
36.064430
35.768230
36.206830
35.930293
36.304567
36.080780
36.480660
36.149803
36.644629
36.270055
35.672615
35.747599
35.740908
35.759872
35.803663
35.876101
35.841842
35.986123
35.974923
36.056367
36.098180
36.207863
36.151728
36.347744
36.261115
36.390910
35.780175
36.087759
35.824709
36.179910
35.851847
36.268418
35.976202
36.328780
36.091140
36.476209
36.145938
36.613761
36.261564
36.667631
36.363989
35.970248
36.020220
35.973311
36.085497
36.071386
36.122008
36.154099
36.242375
36.185111
36.352072
36.281777
36.387444
36.367097
36.469231
35.987155
36.394847
36.072588
36.414214
36.144661
36.524457
36.176280
36.626635
36.273462
36.666786
36.355415
36.756586
36.355730
36.203563
36.228257
36.247879
36.319006
36.256885
36.390379
36.328421
36.409831
36.384789
36.482058
36.371068
36.537980
36.228642
36.612392
36.230113
36.666831
36.306227
36.689693
36.361926
36.766409
36.354202
36.823186
36.393671
36.338382
36.447791
36.398285
36.450378
36.421343
36.504852
36.394341
36.538464
36.420292
36.500187
36.350288
36.720879
36.366366
36.782058
36.355907
36.819127
36.391665
36.789715
36.404931
36.459809
36.539063
36.428894
36.542439
36.437706
36.497329
36.430120
36.504637
36.342845
36.800330
36.371784
36.780528
36.378623
36.798873
36.309849
36.468002
36.505109
36.429079
36.492653
36.340834
36.477938
36.308239
36.766161
36.271112
36.773237
36.248408
36.365811
36.447390
36.286004
36.361077
36.160023
36.672944
36.137419
36.218044
36.269254
35.917656
35.629946
36.197332
35.425380
35.814908
35.087681
35.261566
34.564875
34.583166
33.729115
33.671913
32.685423
32.439427
31.519692
31.225600
30.296294
30.239706
29.427541
29.463748
28.963159
29.089737
28.616917
28.975499
28.548306
28.595535
29.210563
29.509991
30.738410
31.331921
32.767730
33.493522
34.541087
34.882370
35.720306
35.705281
36.261987
36.206165
36.589324
36.383865
36.802931
36.492815
36.808872
36.551918
36.780994
36.444555
36.742469
36.278364
36.092246
35.816673
36.227362
36.002928
36.320108
36.200138
36.384559
36.282953
36.498922
36.330826
36.509924
36.418386
36.500965
36.395169
36.537425
36.364406
36.464116
36.384244
36.405356
36.285260
36.402338
36.271998
35.653965
36.351080
35.884457
36.535676
36.043362
36.623502
36.235349
36.687508
36.306203
36.802233
36.348011
36.806820
36.427633
36.804053
36.390786
36.848535
36.354909
36.781640
36.368365
36.750370
36.263985
35.800035
35.694594
35.997661
35.887887
36.220625
36.039997
36.318658
36.228809
36.391848
36.294160
36.506461
36.342912
36.505520
36.430064
36.501983
36.396760
36.540555
36.374934
36.464421
36.392076
35.392091
36.084604
35.720281
36.287690
35.914806
36.515974
36.068079
36.614956
36.250473
36.693436
36.303904
36.810950
36.345485
36.808065
36.420503
36.811035
36.375397
36.856559
36.364711
35.461044
35.383527
35.754846
35.718783
35.975922
35.909108
36.213994
36.063775
36.311281
36.247700
36.393323
36.299669
36.507772
36.346302
36.496004
36.426229
36.503483
36.380681
35.042464
35.731903
35.387000
36.033594
35.738050
36.268080
35.926036
36.513033
36.081822
36.609191
36.256854
36.694624
36.292148
36.808595
36.334400
36.796572
36.417825
34.904174
35.007803
35.408923
35.373915
35.717929
35.730867
35.963754
35.916319
36.210815
36.077104
36.301951
36.252063
36.387377
36.287390
36.504284
36.334571
34.505645
35.157275
34.989169
35.688206
35.383495
36.006064
35.749958
36.263082
35.928165
36.511758
36.079916
36.597499
36.247577
36.685274
36.279527
34.202261
34.462198
34.827622
34.957980
35.376751
35.368385
35.695935
35.741361
35.958086
35.916253
36.206416
36.073378
36.293135
36.244063
33.655675
34.438288
34.444479
35.105972
34.963767
35.676081
35.388750
35.997951
35.753354
36.259864
35.918029
36.506111
36.071012
33.304845
33.593678
34.108511
34.412392
34.793089
34.946445
35.369737
35.378231
35.692530
35.747602
35.960339
35.913426
32.624945
33.564745
33.580274
34.406606
34.435006
35.111729
34.970623
35.687313
35.397998
36.002502
35.755473
32.095587
32.581867
33.249610
33.562282
34.102343
34.430553
34.821408
34.974524
35.401574
35.404110
31.518602
32.401893
32.612354
33.597017
33.623652
34.452232
34.488490
35.167238
35.005136
30.932580
31.532570
32.122808
32.627451
33.334399
33.672858
34.189637
34.530095
30.368200
31.315249
31.645387
32.546949
32.739790
33.747145
33.764569
30.005835
30.432494
31.070475
31.736174
32.351297
32.833481
29.548370
30.482558
30.614555
31.555399
31.894042
29.222262
29.614984
30.284958
30.754969
29.126511
29.745807
29.783734
28.763256
29.187117
28.809430
35.887796
35.894397
35.332952
35.162971
34.432788
33.936123
32.815558
32.046580
30.649551
29.936318
29.040368
28.860120
28.558782
28.864973
28.708836
29.120168
29.072228
29.419558
29.346582
29.750905
29.574973
29.935511
29.760034
29.848540
30.193123
29.882447
30.197410
29.942727
30.151022
29.886452
30.159265
29.789813
30.039470
29.739647
29.875048
29.559013
29.761345
29.330046
29.524723
29.157041
29.257859
28.868937
29.093253
28.633343
28.841621
28.524651
35.403892
35.520092
35.119793
35.034666
34.643872
34.399524
33.843009
33.502980
32.807277
32.258175
31.593218
30.969782
30.297846
29.888381
29.375220
29.053149
28.890191
28.655020
28.575247
28.537840
28.532322
28.374772
35.301116
35.460384
34.787995
34.843150
34.015835
33.965829
32.997647
32.723332
31.740482
31.370353
30.360304
30.196438
29.353569
29.323401
28.831168
28.938230
28.527144
28.871460
28.501212
28.790327
28.612900
34.841624
34.708877
34.161374
33.889955
33.213782
32.687008
31.957142
31.296403
30.510102
30.013454
29.397666
29.049445
28.811535
28.625152
28.524303
28.547607
28.515171
28.460754
28.645270
28.502309
34.465214
34.391648
33.512015
33.242348
32.266734
31.846617
30.758457
30.458069
29.514359
29.383609
28.826334
28.915859
28.521012
28.841722
28.530669
28.821332
28.682885
28.931068
28.709723
33.715891
33.305469
32.559491
31.933807
31.053521
30.463044
29.695655
29.243249
28.878398
28.679042
28.522467
28.568166
28.543827
28.553787
28.698450
28.665908
28.755124
28.823905
33.023404
32.572147
31.486786
31.060613
30.004314
29.688560
29.005162
28.989287
28.548211
28.832535
28.552763
28.841186
28.722540
29.005689
28.810615
29.198321
28.956384
31.881984
31.255477
30.333780
29.732811
29.162028
28.842583
28.572012
28.588877
28.536319
28.582266
28.713605
28.753469
28.826833
28.954410
29.005492
29.027079
30.871284
30.355008
29.479399
29.244421
28.673573
28.849114
28.541161
28.811259
28.705287
29.005583
28.844515
29.247574
29.049680
29.359899
29.234937
29.827754
29.283681
28.782975
28.675236
28.514552
28.550816
28.649645
28.734662
28.809989
28.987226
29.041824
29.116399
29.258599
29.293012
29.075922
29.025431
28.578495
28.758503
28.622973
28.917385
28.779515
29.193668
29.036161
29.368065
29.282212
29.581315
29.385362
28.635405
28.545572
28.548364
28.631003
28.686789
28.898392
28.966600
29.092549
29.242091
29.322378
29.377428
29.522620
28.571443
28.800134
28.629367
29.036751
28.907886
29.258888
29.206442
29.531936
29.375982
29.772413
29.584375
28.515172
28.721250
28.780342
28.944428
29.099738
29.235878
29.302647
29.493797
29.540032
29.615728
28.694473
29.057157
29.005279
29.368819
29.237691
29.664601
29.508515
29.826656
29.738434
28.853480
29.026179
29.110815
29.340390
29.408438
29.522383
29.663523
29.752551
28.998600
29.441661
29.311127
29.661752
29.599265
29.929793
29.754690
29.168274
29.316621
29.478631
29.599329
29.652753
29.843981
29.347607
29.713811
29.551676
29.995292
29.815160
29.429399
29.639675
29.698713
29.803635
29.556361
29.941624
29.829189
29.711672
29.814409
29.758323
35.801499
36.595092
36.023956
36.638746
36.212016
36.687835
36.299929
36.792535
36.347677
36.804848
36.431209
36.795759
36.406112
36.830486
36.361815
36.763758
36.364643
36.703337
36.259755
36.715475
36.190099
36.593614
36.124213
35.048298
34.994518
34.991822
34.957056
35.005937
35.024745
35.003609
35.091594
35.120381
35.154553
35.234501
35.329345
35.335360
35.500399
35.533623
35.640800
35.714138
35.864994
35.833186
36.062929
35.979507
36.227133
35.064560
35.337975
35.065873
35.361090
35.040173
35.391080
35.135027
35.419609
35.229408
35.569145
35.315721
35.724033
35.506280
35.858065
35.689009
36.087699
35.815578
36.307396
36.008023
36.443851
36.176676
35.216527
35.228249
35.179447
35.242195
35.249070
35.246893
35.308738
35.369683
35.358072
35.492387
35.514559
35.594841
35.668010
35.795001
35.775229
35.983881
35.958507
36.096196
36.117892
36.251966
35.254343
35.593432
35.301326
35.567998
35.337746
35.663937
35.366768
35.759606
35.509646
35.843578
35.652436
36.034371
35.757148
36.222675
35.945231
36.345689
36.118568
36.530944
36.185957
35.455813
35.434121
35.473620
35.511756
35.474476
35.580853
35.587450
35.635077
35.695723
35.795404
35.771764
35.952680
35.936962
36.053276
36.089574
36.221098
36.151717
36.373493
35.530210
35.850009
35.514122
35.892739
35.609497
35.922712
35.701204
36.064478
35.768392
36.206972
35.930057
36.305016
36.080609
36.480747
36.149909
36.644839
36.269764
35.672659
35.747417
35.740751
35.759869
35.803559
35.875827
35.841988
35.985921
35.974755
36.056425
36.098111
36.207551
36.151949
36.347508
36.260971
36.390930
35.780132
36.088013
35.824691
36.179961
35.852007
36.268538
35.976047
36.329147
36.091034
36.476260
36.146067
36.613915
36.261323
36.668070
36.363834
35.970166
36.020002
35.973383
36.085320
36.071221
36.122036
36.154008
36.242107
36.185268
36.351875
36.281619
36.387483
36.367037
36.468911
35.987274
36.394944
36.072498
36.414501
36.144607
36.524500
36.176415
36.626757
36.273281
36.667151
36.355299
36.756649
36.355841
36.203428
36.228251
36.247785
36.318779
36.256977
36.390206
36.328259
36.409862
36.384709
36.481787
36.371220
36.537777
36.228620
36.612430
36.230231
36.666933
36.306104
36.689992
36.361849
36.766454
36.354317
36.823317
36.393485
36.338423
36.447646
36.398134
36.450386
36.421249
36.504620
36.394443
36.538290
36.420137
36.500206
36.350209
36.721108
36.366321
36.782099
36.356017
36.819236
36.391523
36.790022
36.404843
36.459719
36.538874
36.428946
36.542288
36.437553
36.497342
36.430033
36.504405
36.342932
36.800418
36.371688
36.780782
36.378563
36.798923
36.309948
36.467870
36.505108
36.428982
36.492459
36.340897
36.477791
36.308196
36.766214
36.271206
36.773341
36.248299
36.365841
36.447260
36.285866
36.361088
36.159950
36.673179
36.137372
36.217948
36.269101
35.917730
35.629903
36.197432
35.425460
35.815039
35.087635
35.261821
34.564866
34.583314
33.729197
33.672093
32.685427
32.439654
31.519707
31.225679
30.296390
30.239816
29.427466
29.463980
28.963092
29.089832
28.616958
28.975622
28.548220
28.595369
29.210712
29.509959
30.738580
31.331741
32.768051
33.493344
34.541217
34.882333
35.720496
35.704999
36.262373
36.205924
36.589468
36.383808
36.803183
36.492421
36.809400
36.551593
36.781210
36.444453
36.742897
36.277794
36.092266
35.816588
36.227253
36.003011
36.319930
36.200074
36.384573
36.282806
36.498747
36.330927
36.509650
36.418277
36.500974
36.394949
36.537181
36.364516
36.463736
36.384077
36.405335
36.284960
36.401991
36.272137
35.653900
36.351326
35.884341
36.535795
36.043432
36.623566
36.235275
36.687820
36.306061
36.802380
36.348147
36.806902
36.427569
36.804481
36.390632
36.848761
36.355120
36.781796
36.368304
36.750986
36.263752
35.799914
35.694552
35.997689
35.887789
36.220499
36.040087
36.318434
36.228725
36.391851
36.293992
36.506253
36.343022
36.505198
36.429947
36.501963
36.396531
36.540260
36.375076
36.463961
36.391978
35.392158
36.084697
35.720218
36.287956
35.914681
36.516115
36.068184
36.615043
36.250401
36.693797
36.303752
36.811136
36.345636
36.808187
36.420434
36.811532
36.375208
36.856862
36.364874
35.460965
35.383619
35.754703
35.718742
35.975935
35.908980
36.213821
36.063878
36.311013
36.247614
36.393303
36.299496
36.507523
36.346429
36.495627
36.426135
36.503416
36.380479
35.042397
35.732044
35.387067
36.033686
35.737999
36.268410
35.925908
36.513199
36.081933
36.609304
36.256775
36.695037
36.291984
36.808829
36.334543
36.796736
36.417739
34.904214
35.007752
35.408831
35.374020
35.717721
35.730807
35.963741
35.916191
36.210601
36.077227
36.301642
36.251980
36.387330
36.287217
36.504007
36.334711
34.505610
35.157538
34.989079
35.688386
35.383606
36.006182
35.749880
36.263452
35.928025
36.511950
36.080037
36.597630
36.247499
36.685718
36.279356
34.202186
34.462211
34.827649
34.957894
35.376575
35.368515
35.695687
35.741299
35.958067
35.916106
36.206185
36.073497
36.292803
36.243985
33.655736
34.438426
34.444450
35.106317
34.963667
35.676250
35.388886
35.998065
35.753290
36.260243
35.917883
36.506326
36.071131
33.304798
33.593809
34.108335
34.412345
34.793121
34.946340
35.369556
35.378351
35.692251
35.747539
35.960296
35.913282
32.624908
33.564894
33.580447
34.406714
34.434984
35.112086
34.970513
35.687500
35.398112
36.002635
35.755408
32.095632
32.581813
33.249460
33.562456
34.102123
34.430524
34.821390
34.974414
35.401374
35.404221
31.518592
32.402203
32.612321
33.597168
33.623815
34.452348
34.488462
35.167588
35.005028
30.932425
31.532550
32.122824
32.627409
33.334221
33.673001
34.189400
34.530059
30.368306
31.315376
31.645365
32.547268
32.739746
33.747318
33.764700
30.005694
30.432600
31.070305
31.736148
32.351281
32.833421
29.548295
30.482702
30.614660
31.555550
31.894018
29.222235
29.614917
30.284805
30.755065
29.126437
29.746081
29.783675
28.763088
29.187049
28.809472
35.629907
36.197428
35.425450
35.815021
35.087607
35.261784
34.564813
34.583252
33.729122
33.672007
32.685348
32.439606
31.519696
31.225701
30.296480
30.239962
29.427608
29.464108
28.963208
29.089930
28.617031
28.975670
28.548236
29.758341
29.814424
29.829209
29.803651
29.815181
29.843997
29.754708
29.752566
29.738448
29.615739
29.584391
29.522630
29.385373
29.293013
29.234944
29.027101
28.956396
28.823936
28.709730
28.502330
28.612922
28.374795
29.711691
29.941649
29.698737
29.995321
29.652776
29.929820
29.663543
29.826677
29.540045
29.772430
29.377447
29.581335
29.258610
29.359900
29.005510
29.198338
28.755165
28.931084
28.645307
28.790364
28.532359
29.556391
29.639704
29.551712
29.599359
29.599296
29.522408
29.508545
29.493812
29.375997
29.322395
29.282241
29.116427
29.049686
28.954425
28.810625
28.665955
28.682919
28.460806
28.501264
28.537902
29.429427
29.713846
29.478659
29.661781
29.408461
29.664635
29.302668
29.531955
29.242097
29.368093
29.041864
29.247608
28.826856
29.005696
28.698497
28.821378
28.515240
28.871550
28.575332
29.347635
29.316641
29.311145
29.340394
29.237712
29.235904
29.206468
29.092552
29.036170
28.987258
28.844566
28.753514
28.722561
28.553828
28.530726
28.547697
28.527269
28.655132
29.168284
29.441665
29.110797
29.368813
29.099752
29.258921
28.966618
29.193674
28.810003
29.005628
28.713668
28.841236
28.543867
28.841799
28.524391
28.938375
28.890350
28.998603
29.026163
29.005262
28.944420
28.907916
28.898428
28.779532
28.734671
28.705311
28.582322
28.552826
28.568225
28.521087
28.625247
28.831289
29.053327
28.853482
29.057153
28.780327
29.036767
28.686829
28.917425
28.649677
28.811278
28.536369
28.832585
28.522556
28.915916
28.811648
29.323503
29.375356
28.694488
28.721255
28.629371
28.631031
28.623021
28.550861
28.541189
28.588920
28.548253
28.679105
28.826407
29.049515
29.353668
29.888461
28.515192
28.800151
28.548385
28.758536
28.514606
28.849156
28.572055
28.989327
28.878435
29.383661
29.397711
30.196485
30.297907
28.571465
28.545602
28.578513
28.675282
28.673605
28.842622
29.005179
29.243273
29.514362
30.013472
30.360298
30.969785
28.635434
29.025452
28.782994
29.244445
29.162043
29.688565
29.695648
30.458052
30.510076
31.370320
31.593173
29.075932
29.283688
29.479397
29.732807
30.004296
30.463015
30.758411
31.296356
31.740419
32.258110
29.827744
30.354988
30.333755
31.060574
31.053478
31.846559
31.957082
32.723262
32.807206
30.871246
31.255437
31.486735
31.933755
32.266673
32.686943
32.997576
33.502911
31.881936
32.572094
32.559437
33.242289
33.213726
33.965768
33.842951
33.023351
33.305417
33.511961
33.889907
34.015781
34.399477
33.715850
34.391604
34.161334
34.843111
34.643837
34.465178
34.708845
34.787964
35.034638
34.841606
35.460361
35.119778
35.301102
35.520082
35.403890
36.179818
36.517796
36.342836
36.666571
36.483826
36.744123
36.530143
36.801223
36.480819
36.727027
36.411945
36.533534
36.223312
36.351148
35.939127
36.093520
35.712756
35.802207
35.462505
35.605574
35.222468
35.374159
34.989493
34.866475
35.140819
34.839991
35.148140
34.855241
35.103271
34.889175
35.189162
34.922242
35.281636
35.077584
35.377992
35.230043
35.588864
35.364858
35.793949
35.594218
35.963768
35.800708
36.218951
35.943309
36.430929
36.087241
35.917746
36.269120
36.137392
36.361109
36.248320
36.477817
36.309970
36.504427
36.404868
36.500227
36.393501
36.537804
36.355861
36.468925
36.363847
36.390952
36.269783
36.373512
36.185970
36.251981
36.176681
36.227141
36.217970
36.673200
36.285894
36.773367
36.340924
36.798950
36.430063
36.790046
36.420169
36.823342
36.371241
36.756675
36.367067
36.668089
36.260989
36.644859
36.151743
36.530970
36.117916
36.443870
35.979521
36.159974
36.447284
36.271232
36.492487
36.378589
36.497371
36.391551
36.538314
36.354342
36.481813
36.355313
36.387503
36.261346
36.347528
36.149917
36.221111
36.118580
36.096213
36.008035
36.062941
36.365868
36.766242
36.429013
36.780812
36.437583
36.819263
36.394475
36.766478
36.384735
36.667181
36.281643
36.613934
36.151976
36.480773
36.089595
36.345702
35.958520
36.307407
35.833195
36.308224
36.505135
36.371716
36.542318
36.356045
36.504646
36.361876
36.409886
36.273297
36.351899
36.146087
36.207566
36.080620
36.053297
35.945252
35.983901
35.815585
35.865001
36.467901
36.800447
36.428976
36.782129
36.421279
36.690018
36.328288
36.626783
36.185286
36.476279
36.098137
36.305038
35.936975
36.222685
35.775247
36.087722
35.714162
36.342961
36.538902
36.366347
36.450412
36.306129
36.390230
36.176436
36.242130
36.091050
36.056436
35.930065
35.952695
35.757156
35.795001
35.688999
35.640792
36.459748
36.721135
36.398162
36.666958
36.256999
36.524522
36.154030
36.329168
35.974777
36.206995
35.771781
36.034385
35.668028
35.858085
35.533643
36.350235
36.447669
36.230255
36.318803
36.144625
36.122050
35.976062
35.985931
35.768395
35.795414
35.652444
35.594843
35.506275
35.500396
36.338447
36.612452
36.247805
36.414524
36.071242
36.268557
35.842008
36.064497
35.695734
35.843587
35.514571
35.724044
35.335368
36.228644
36.228267
36.072514
36.085335
35.852016
35.875835
35.701216
35.635087
35.509654
35.492398
35.315726
35.329349
36.203451
36.394965
35.973398
36.179981
35.803572
35.922720
35.587458
35.759612
35.358072
35.569147
35.234508
35.987291
36.020014
35.824704
35.759884
35.609509
35.580864
35.366780
35.369696
35.229415
35.154556
35.970182
36.088026
35.740754
35.892748
35.474480
35.663938
35.308741
35.419611
35.120387
35.780150
35.747432
35.514134
35.511769
35.337756
35.246903
35.135034
35.091597
35.672665
35.850016
35.473620
35.568003
35.249073
35.391078
35.003612
35.530222
35.434133
35.301333
35.242203
35.040181
35.024750
35.455818
35.593442
35.179450
35.361092
35.005940
35.254347
35.228253
35.065877
34.957057
35.216532
35.337982
34.991827
35.064561
34.994521
35.048302
35.801514
36.595103
36.023974
36.638761
36.212037
36.687857
36.299952
36.792555
36.347705
36.804866
36.431230
36.795786
36.406135
36.830501
36.361838
36.763781
36.364666
36.703355
36.259773
36.715487
36.190112
36.593622
36.124220
28.809511
29.187100
29.783730
30.755103
31.894037
32.833414
33.764684
34.530031
35.005007
35.404198
35.755395
35.913266
36.071126
36.243975
36.279355
36.334705
36.417743
36.380476
36.364880
36.391975
36.263760
36.272135
28.763170
29.746187
30.284901
31.555611
32.351298
33.747295
34.189358
35.167540
35.401331
36.002598
35.960269
36.506305
36.292788
36.685710
36.504001
36.796734
36.503417
36.856865
36.463966
36.750991
36.401997
29.126562
29.615054
30.614778
31.736203
32.739746
33.672955
34.488401
34.974346
35.398059
35.747488
35.917850
36.073468
36.247485
36.287201
36.334544
36.426131
36.375217
36.375078
36.368315
36.284964
29.222378
30.482849
31.070408
32.547304
33.334195
34.452285
34.821316
35.687427
35.692188
36.260193
36.206147
36.597604
36.387317
36.808822
36.495627
36.811538
36.540267
36.781806
36.405345
29.548429
30.432716
31.645430
32.627404
33.623769
34.430445
34.970434
35.378274
35.753230
35.916054
36.080007
36.251955
36.291977
36.346425
36.420443
36.396535
36.355135
36.384082
30.005809
31.315445
32.122838
33.597124
34.102044
35.111992
35.369465
35.997984
35.958006
36.511904
36.301614
36.695023
36.507518
36.808190
36.501971
36.848772
36.463749
30.368408
31.532579
32.612285
33.562369
34.434875
34.946221
35.388788
35.741213
35.927967
36.077183
36.256754
36.299480
36.345639
36.429948
36.390646
36.364527
30.932501
32.402197
33.249387
34.406599
34.792998
35.676134
35.695592
36.263381
36.210552
36.609273
36.393290
36.811133
36.505205
36.804496
36.537199
31.518618
32.581763
33.580361
34.412232
34.963561
35.368421
35.749810
35.916135
36.081904
36.247594
36.303753
36.343026
36.427586
36.394963
32.095600
33.564814
34.108233
35.106211
35.376478
36.006101
35.963682
36.513158
36.310990
36.693789
36.506254
36.806911
36.500986
32.624845
33.593708
34.444343
34.957787
35.383525
35.730738
35.925867
36.063849
36.250392
36.293989
36.348159
36.418287
33.304719
34.438333
34.827564
35.688314
35.717670
36.268377
36.213805
36.615039
36.391861
36.802397
36.509674
33.655653
34.462126
34.989013
35.373965
35.737966
35.908957
36.068181
36.228725
36.306076
36.330940
34.202103
35.157463
35.408774
36.033643
35.975910
36.516102
36.318433
36.687827
36.498761
34.505550
35.007702
35.387037
35.718721
35.914678
36.040089
36.235292
36.282823
34.904167
35.732009
35.754683
36.287946
36.220501
36.623575
36.384590
35.042363
35.383594
35.720210
35.887786
36.043443
36.200086
35.460944
36.084686
35.997690
36.535803
36.319947
35.392147
35.694548
35.884351
36.003023
35.799907
36.351327
36.227263
35.653905
35.816597
36.092271
29.848540
30.193120
29.882442
30.197405
29.942740
30.150981
29.886479
30.159238
29.789804
30.039443
29.739683
29.874952
29.559065
29.761291
29.330036
29.524666
29.157121
29.257695
28.869042
29.093155
28.633359
28.841502
28.524780
30.014130
29.963395
30.061321
29.987596
30.031041
30.045432
29.966892
29.967735
29.946444
29.837754
29.792977
29.751440
29.585131
29.542110
29.425271
29.282051
29.147770
29.084542
28.838077
28.808347
28.607217
28.679333
30.087901
30.353869
30.085794
30.422573
30.065860
30.363030
30.087623
30.262600
29.976474
30.209652
29.807123
30.032831
29.681717
29.802055
29.438786
29.628738
29.140758
29.353798
28.913985
29.064225
28.607213
30.141172
30.228042
30.177660
30.205813
30.235950
30.155779
30.156228
30.143160
30.014943
29.999348
29.916515
29.791382
29.698456
29.636264
29.416214
29.375485
29.200279
29.048593
28.913986
28.808344
30.221692
30.531216
30.306697
30.519104
30.260444
30.538689
30.166911
30.430974
30.111279
30.253642
29.931941
30.126531
29.677541
29.897415
29.481168
29.593601
29.200275
29.353794
28.838079
30.363279
30.341556
30.361115
30.402123
30.313615
30.332472
30.290334
30.193774
30.144837
30.094621
29.917137
29.888676
29.741170
29.602761
29.481167
29.375484
29.140757
29.084535
30.397281
30.714756
30.388822
30.683189
30.410600
30.592444
30.308870
30.526492
30.123397
30.353523
29.978498
30.096394
29.741167
29.897414
29.416207
29.628733
29.147768
30.441577
30.503992
30.503448
30.458230
30.443683
30.437123
30.304215
30.297405
30.189638
30.068192
29.978499
29.888673
29.677540
29.636261
29.438780
29.282044
30.542525
30.770212
30.523501
30.786405
30.430331
30.691688
30.364318
30.502215
30.189634
30.353523
29.917134
30.126526
29.698450
29.802051
29.425258
30.572374
30.612360
30.523772
30.560454
30.493678
30.415534
30.364318
30.297407
30.123393
30.094620
29.931940
29.791377
29.681710
29.542107
30.566526
30.873417
30.580362
30.769425
30.493676
30.691688
30.304209
30.526494
30.144829
30.253639
29.916510
30.032826
29.585119
30.620915
30.597881
30.580364
30.560453
30.430329
30.437125
30.308865
30.193776
30.111273
29.999345
29.807115
29.751435
30.620913
30.873414
30.523775
30.786401
30.443676
30.592448
30.290325
30.430973
30.014935
30.209647
29.792965
30.566527
30.612355
30.523507
30.458224
30.410595
30.332475
30.166905
30.143156
29.976467
29.837750
30.572375
30.770208
30.503447
30.683182
30.313611
30.538685
30.156221
30.262595
29.946432
30.542529
30.503987
30.388817
30.402122
30.260444
30.155771
30.087617
29.967730
30.441574
30.714751
30.361107
30.519103
30.235944
30.363024
29.966881
30.397275
30.341556
30.306694
30.205809
30.065854
30.045427
30.363274
30.531215
30.177654
30.422567
30.031029
30.221690
30.228035
30.085790
29.987589
30.141166
30.353860
30.061311
30.087896
29.963385
30.014121
29.916463
30.276020
30.131562
30.526371
30.304157
30.623795
30.491689
30.774938
30.551563
30.882533
30.647368
30.875908
30.647370
30.882535
30.551564
30.774939
30.491694
30.623799
30.304159
30.526376
30.131569
30.276030
29.916475
29.848552
30.193136
29.882459
30.197426
29.942738
30.151038
29.886462
30.159279
29.789822
30.039483
29.739652
29.875062
29.559015
29.761357
29.330050
29.524735
29.157057
29.257867
28.868953
29.093260
28.633357
28.841629
28.524660
30.014117
29.963384
30.061295
29.987602
30.031002
30.045418
29.966881
29.967710
29.946394
29.837773
29.792913
29.751409
29.585121
29.542065
29.425189
29.282074
29.147678
29.084488
28.838063
28.808283
28.607097
28.679362
30.087893
30.353877
30.085778
30.422580
30.065861
30.363041
30.087594
30.262660
29.976432
30.209685
29.807123
30.032868
29.681658
29.802169
29.438713
29.628802
29.140754
29.353878
28.913884
29.064422
28.607104
30.141158
30.228035
30.177654
30.205801
30.235921
30.155791
30.156185
30.143143
30.014937
29.999321
29.916460
29.791407
29.698387
29.636227
29.416208
29.375443
29.200190
29.048628
28.913889
28.808282
30.221692
30.531220
30.306687
30.519135
30.260423
30.538709
30.166912
30.430999
30.111241
30.253723
29.931890
30.126578
29.677542
29.897472
29.481095
29.593746
29.200191
29.353877
28.838073
30.363271
30.341559
30.361096
30.402115
30.313614
30.332461
30.290300
30.193792
30.144791
30.094600
29.917135
29.888648
29.741107
29.602794
29.481096
29.375442
29.140757
29.084490
30.397273
30.714758
30.388819
30.683197
30.410577
30.592495
30.308840
30.526521
30.123399
30.353561
29.978449
30.096499
29.741107
29.897472
29.416206
29.628808
29.147683
30.441574
30.503986
30.503432
30.458237
30.443655
30.437111
30.304215
30.297388
30.189596
30.068219
29.978449
29.888647
29.677543
29.636233
29.438712
29.282084
30.542522
30.770230
30.523489
30.786420
30.430330
30.691710
30.364288
30.502284
30.189594
30.353563
29.917135
30.126579
29.698388
29.802180
29.425193
30.572368
30.612356
30.523772
30.560447
30.493654
30.415551
30.364286
30.297392
30.123396
30.094603
29.931892
29.791411
29.681661
29.542076
30.566524
30.873424
30.580349
30.769460
30.493654
30.691713
30.304209
30.526529
30.144787
30.253728
29.916463
30.032875
29.585122
30.620909
30.597887
30.580351
30.560445
30.430332
30.437116
30.308833
30.193801
30.111240
29.999327
29.807126
29.751419
30.620910
30.873423
30.523775
30.786419
30.443657
30.592499
30.290295
30.431006
30.014937
30.209694
29.792914
30.566530
30.612352
30.523493
30.458239
30.410579
30.332463
30.166913
30.143148
29.976434
29.837784
30.572371
30.770225
30.503436
30.683203
30.313611
30.538712
30.156190
30.262666
29.946398
30.542525
30.503986
30.388825
30.402119
30.260424
30.155795
30.087600
29.967721
30.441575
30.714765
30.361094
30.519138
30.235925
30.363049
29.966886
30.397277
30.341565
30.306686
30.205807
30.065866
30.045431
30.363270
30.531224
30.177656
30.422588
30.031009
30.221695
30.228040
30.085786
29.987614
30.141165
30.353882
30.061303
30.087903
29.963395
30.014125
34.846441
34.983709
34.670110
34.801700
34.472379
34.538395
34.288119
34.394899
34.089864
34.271681
34.031664
34.199949
34.031665
34.271684
34.089867
34.394895
34.288121
34.538395
34.472377
34.801701
34.670112
34.983709
34.846444
34.866374
35.140790
34.839763
35.148028
34.855173
35.102787
34.889156
35.189092
34.921958
35.281472
35.077862
35.377415
35.230289
35.588757
35.364750
35.793701
35.594650
35.963072
35.801077
36.218702
35.943290
36.430557
36.087664
34.837678
34.806458
34.777141
34.746725
34.789198
34.802306
34.790889
34.860651
34.919896
34.921075
35.046988
35.101554
35.166160
35.272299
35.391408
35.414062
35.599281
35.636823
35.764106
35.819910
35.972116
35.955793
34.692770
34.902517
34.658988
34.914207
34.617327
34.933720
34.712440
34.965455
34.813237
35.132594
34.915921
35.303146
35.136243
35.462155
35.343737
35.724149
35.518711
35.960787
35.774432
36.165647
35.972112
34.592573
34.617950
34.529452
34.589493
34.595040
34.576411
34.658758
34.704818
34.733219
34.840147
34.933607
34.969244
35.128094
35.205025
35.298310
35.417594
35.556594
35.586373
35.774435
35.819907
34.462783
34.709420
34.472835
34.656793
34.484076
34.751995
34.520389
34.860929
34.698851
34.983232
34.881244
35.226711
35.052244
35.459633
35.320573
35.668348
35.556593
35.960782
35.764105
34.413128
34.367188
34.379461
34.411617
34.375980
34.466802
34.518279
34.545632
34.672708
34.759668
34.827226
34.963462
35.088708
35.146175
35.320573
35.417594
35.518714
35.636812
34.305121
34.518064
34.245142
34.521591
34.338910
34.566599
34.456730
34.760791
34.590961
34.965432
34.850012
35.161109
35.088707
35.459635
35.298305
35.724147
35.599286
34.187300
34.231816
34.225829
34.219032
34.288136
34.358749
34.387828
34.522658
34.623481
34.689748
34.850012
34.963463
35.052245
35.205029
35.343733
35.414056
34.153055
34.318684
34.154591
34.406497
34.205344
34.528348
34.409285
34.682203
34.623479
34.965436
34.827224
35.226712
35.128091
35.462161
35.391404
34.086923
34.109474
34.078150
34.175691
34.230364
34.276095
34.409285
34.522659
34.590957
34.759674
34.881243
34.969246
35.136239
35.272305
34.001609
34.267674
34.092329
34.320327
34.230366
34.528346
34.387827
34.760794
34.672700
34.983239
34.933603
35.303152
35.166153
34.016186
34.019904
34.092332
34.175685
34.205351
34.358746
34.456727
34.545638
34.698844
34.840151
34.915917
35.101562
34.016188
34.267671
34.078156
34.406487
34.288143
34.566595
34.518275
34.860932
34.733219
35.132596
35.046980
34.001614
34.109472
34.154596
34.219026
34.338913
34.466800
34.520392
34.704813
34.813241
34.921078
34.086929
34.318677
34.225830
34.521597
34.375969
34.751998
34.658762
34.965453
34.919892
34.153056
34.231816
34.245137
34.411628
34.484067
34.576415
34.712438
34.860659
34.187296
34.518076
34.379448
34.656796
34.595041
34.933723
34.790883
34.305117
34.367196
34.472829
34.589496
34.617326
34.802315
34.413124
34.709416
34.529459
34.914206
34.789195
34.462786
34.617948
34.658994
34.746727
34.592580
34.902512
34.777145
34.692773
34.806460
34.837680
34.866472
35.140818
34.839989
35.148138
34.855237
35.103273
34.889167
35.189164
34.922238
35.281636
35.077576
35.377994
35.230038
35.588861
35.364859
35.793933
35.594226
35.963750
35.800709
36.218944
35.943306
36.430922
36.087243
34.837560
34.806382
34.776863
34.746763
34.788784
34.802019
34.790898
34.860533
34.919444
34.921435
35.046646
35.101443
35.166229
35.272330
35.390929
35.414546
35.598871
35.636798
35.764119
35.819914
35.971667
35.956152
34.692914
34.902713
34.659109
34.914390
34.617795
34.933915
34.712269
34.966057
34.813062
35.132664
34.916091
35.303375
35.135777
35.462884
35.343321
35.724367
35.518736
35.961084
35.773959
36.166412
35.971662
34.592328
34.617827
34.529283
34.589167
34.594484
34.576678
34.658372
34.704625
34.733291
34.840187
34.933047
34.969824
35.127624
35.205041
35.298324
35.417671
35.556080
35.586897
35.773961
35.819911
34.463071
34.709528
34.473055
34.657478
34.484102
34.752046
34.520694
34.861169
34.698357
34.984030
34.880799
35.226909
35.052276
35.459937
35.320011
35.669167
35.556078
35.961078
35.764118
34.412785
34.367170
34.378796
34.411215
34.375993
34.466773
34.517610
34.546271
34.672184
34.759686
34.827230
34.963625
35.088067
35.146870
35.320010
35.417670
35.518737
35.636785
34.305398
34.518355
34.245864
34.521877
34.338518
34.567449
34.456329
34.760954
34.591003
34.965818
34.849273
35.162094
35.088065
35.459939
35.298316
35.724365
35.598872
34.186923
34.231347
34.224982
34.219557
34.287593
34.358668
34.387808
34.522965
34.622578
34.690728
34.849273
34.963625
35.052275
35.205046
35.343314
35.414537
34.153494
34.319613
34.154542
34.406529
34.205471
34.528918
34.408204
34.683559
34.622576
34.965821
34.827225
35.226910
35.127618
35.462889
35.390923
34.086197
34.108944
34.078124
34.176107
34.229043
34.277560
34.408206
34.522965
34.591000
34.759691
34.880795
34.969826
35.135771
35.272331
34.002129
34.268434
34.091039
34.322193
34.229045
34.528915
34.387811
34.760956
34.672178
34.984034
34.933042
35.303378
35.166221
34.015349
34.021009
34.091041
34.176104
34.205477
34.358663
34.456332
34.546273
34.698352
34.840186
34.916086
35.101448
34.015349
34.268429
34.078130
34.406523
34.287598
34.567449
34.517608
34.861171
34.733289
35.132665
35.046634
34.002130
34.108935
34.154553
34.219551
34.338516
34.466782
34.520688
34.704624
34.813059
34.921439
34.086197
34.319610
34.224985
34.521879
34.375988
34.752050
34.658372
34.966055
34.919438
34.153497
34.231352
34.245853
34.411227
34.484098
34.576674
34.712270
34.860534
34.186919
34.518363
34.378784
34.657490
34.594479
34.933918
34.790888
34.305391
34.367178
34.473055
34.589163
34.617792
34.802025
34.412784
34.709530
34.529284
34.914388
34.788778
34.463075
34.617817
34.659113
34.746761
34.592329
34.902709
34.776861
34.692915
34.806377
34.837557

