Tension at each vertex
33.208639
33.209618
33.209721
33.209719
26.808642
32.559730
26.808787
32.559696
25.809617
25.810437
34.017281
34.019812
32.666406
32.662878
32.026222
31.883329
31.088447
30.660897
29.528790
28.875589
27.514099
26.909606
25.982549
25.826480
25.421925
25.710886
25.456835
25.869092
25.741463
26.107005
25.969172
26.398261
26.171246
26.567755
26.337476
32.527957
32.049448
31.936640
31.320255
30.899504
30.127103
29.306050
28.256085
27.353510
26.368627
25.849005
25.485672
25.356978
25.371565
25.498397
25.547071
25.712909
25.860330
25.918487
26.082444
26.150798
26.318097
32.650700
32.526264
31.906889
31.795795
30.863948
30.441685
29.278642
28.502184
27.231956
26.686198
25.778706
25.784368
25.413262
25.667136
25.507492
25.913959
25.697858
26.154239
25.972987
26.350856
26.150668
32.442985
32.152669
31.804055
31.273958
30.813378
29.908072
29.110835
28.034210
27.064015
26.225580
25.760486
25.400449
25.388687
25.402544
25.475328
25.619173
25.744934
25.829431
25.973225
26.082485
32.495384
32.513181
31.911344
31.652932
30.771259
30.309576
29.021251
28.313877
27.044639
26.493136
25.728113
25.773690
25.364298
25.714292
25.525338
25.882132
25.744892
26.154010
25.918464
32.552181
32.036773
31.791098
31.252778
30.652074
29.813172
28.963044
27.813029
26.946506
26.136450
25.660673
25.431308
25.404990
25.364973
25.525281
25.619369
25.697924
25.860424
32.475358
32.564144
31.780678
31.624032
30.699520
30.136480
28.913901
28.181452
26.872184
26.454628
25.699005
25.719110
25.405159
25.714215
25.475179
25.913810
25.712955
32.460192
32.035695
31.805584
31.140107
30.623936
29.744884
28.815626
27.763759
26.885584
26.055220
25.698627
25.431304
25.364360
25.402796
25.507718
25.546932
32.512793
32.480732
31.776654
31.613486
30.583467
30.120366
28.849843
28.082328
26.885830
26.454672
25.660276
25.773827
25.388378
25.667232
25.498414
32.473841
32.058076
31.738068
31.153906
30.611504
29.665553
28.849827
27.763585
26.872067
26.136294
25.728721
25.400904
25.413766
25.371514
32.452992
32.503196
31.778804
31.553035
30.611597
30.120499
28.815731
28.181478
26.946550
26.493163
25.760780
25.784534
25.357365
32.488467
32.010011
31.778946
31.154033
30.583520
29.744774
28.913885
27.813009
27.045127
26.225996
25.779395
25.485553
32.488637
32.503388
31.738105
31.613521
30.623782
30.136153
28.963029
28.313660
27.063959
26.686292
25.849552
32.452981
32.058064
31.776490
31.139919
30.699661
29.813576
29.021387
28.034746
27.231865
26.368742
32.473924
32.480478
31.805683
31.623903
30.651961
30.309292
29.110630
28.502046
27.354003
32.512861
32.035637
31.780983
31.252840
30.771492
29.907868
29.278514
28.255812
32.460357
32.563990
31.791190
31.652375
30.813395
30.441563
29.306646
32.475391
32.036502
31.911172
31.273754
30.863682
30.126641
32.552017
32.513273
31.803820
31.796340
30.900068
32.495010
32.153088
31.906518
31.320274
32.443368
32.526374
31.936640
32.651170
32.049262
32.528057
32.540053
32.972080
32.563917
33.169996
32.551441
33.066393
32.639258
33.071971
32.578764
33.101007
32.610789
33.055675
32.610699
33.101112
32.578996
33.072005
32.639040
33.066707
32.551424
33.170245
32.564366
32.972515
32.539392
33.035738
33.458035
33.285644
33.720221
33.527647
33.900124
33.667026
34.036192
33.687373
34.013664
33.651212
33.844732
33.472791
33.657941
33.187398
33.388985
32.947073
33.087045
32.685283
32.871047
32.436831
32.635445
32.195905
32.944187
32.885425
33.264852
33.189555
33.469578
33.445214
33.593538
33.548174
33.677545
33.514161
33.601407
33.433100
33.387233
33.226722
33.181292
32.940182
32.913805
32.722306
32.634092
32.484897
32.421444
32.326165
33.063344
33.406254
33.280544
33.755176
33.490902
33.929327
33.683329
33.989720
33.709854
33.997839
33.584995
33.848038
33.432846
33.585139
33.185226
33.359516
32.880472
33.095958
32.664559
32.842482
32.421450
32.881683
33.028678
33.208790
33.256105
33.512379
33.426243
33.643435
33.570848
33.641154
33.546681
33.591821
33.372079
33.398618
33.196766
33.123677
32.956453
32.902793
32.679771
32.664118
32.485265
32.929598
33.434944
33.335182
33.702086
33.536286
33.952038
33.640953
34.025544
33.706254
33.944812
33.603916
33.828972
33.365928
33.596620
33.160335
33.311830
32.902838
33.096192
32.633998
33.001473
32.950141
33.258272
33.306817
33.469534
33.483053
33.661750
33.535266
33.683514
33.547452
33.547926
33.402131
33.393155
33.148519
33.160328
32.956342
32.880389
32.722418
32.929293
33.510470
33.258205
33.751620
33.555426
33.904761
33.679850
34.025110
33.653495
33.977103
33.592741
33.782609
33.392986
33.596620
33.123965
33.359463
32.913663
32.924385
32.981741
33.307648
33.253438
33.523906
33.499297
33.623171
33.580975
33.688668
33.504169
33.592632
33.402489
33.365781
33.196663
33.184945
32.940677
32.977369
33.450585
33.290677
33.779880
33.500879
33.953296
33.677526
33.978656
33.688643
33.977053
33.547820
33.828899
33.398858
33.585362
33.180984
32.947369
33.018197
33.260344
33.298762
33.541625
33.453928
33.677489
33.581125
33.653471
33.547748
33.603600
33.372135
33.432501
33.226857
32.924824
33.485928
33.304220
33.735040
33.541563
33.953194
33.623203
34.024940
33.683331
33.945135
33.591879
33.848154
33.387284
32.963191
32.975550
33.304012
33.298708
33.500967
33.499244
33.679888
33.535567
33.705787
33.546437
33.585172
33.432911
32.962990
33.485969
33.260329
33.779872
33.523896
33.904897
33.661468
34.025969
33.641460
33.997795
33.601239
32.924734
33.018247
33.290618
33.253490
33.555296
33.483134
33.640535
33.570624
33.709788
33.514396
32.947283
33.450760
33.307709
33.751676
33.469515
33.952541
33.643442
33.989910
33.677277
32.977354
32.981595
33.258168
33.306671
33.535731
33.426405
33.683304
33.548080
32.924392
33.510327
33.258314
33.702833
33.512201
33.929096
33.593839
32.929454
32.950336
33.334704
33.256255
33.491360
33.444690
33.001337
33.435465
33.208457
33.754916
33.469652
32.929358
33.029253
33.280277
33.189534
32.880720
33.406522
33.264816
33.063079
32.885048
32.944894
32.398129
32.989473
32.137598
32.578414
31.754377
32.001002
31.214333
31.306534
30.375434
30.418833
29.384475
29.257196
28.287729
28.131319
27.162194
27.213089
26.349763
26.483220
25.896145
26.101184
25.541206
25.952148
25.450904
26.316831
26.395567
26.389172
26.383008
26.381576
26.419384
26.329217
26.332063
26.316398
26.200049
26.175742
26.112795
25.994495
25.901453
25.868340
25.663594
25.637227
25.501889
25.452515
25.260157
25.429246
25.221177
26.297569
26.576637
26.281461
26.629333
26.234738
26.569407
26.244566
26.473106
26.133747
26.428250
25.987188
26.259169
25.892443
26.068834
25.682711
25.951821
25.487657
25.758664
25.448008
25.697621
25.418922
26.132742
26.239538
26.131929
26.200191
26.183535
26.125802
26.106794
26.098831
25.986829
25.940930
25.912011
25.752878
25.713682
25.620002
25.520312
25.388994
25.454378
25.255819
25.361904
25.409372
26.035609
26.371341
26.080490
26.323797
26.016303
26.328786
25.920634
26.212973
25.876016
26.069817
25.708365
25.983016
25.536470
25.799379
25.465437
25.688054
25.365872
25.819035
25.494049
25.951621
25.948956
25.921819
25.971581
25.862201
25.876817
25.844758
25.746795
25.703013
25.663950
25.546762
25.473113
25.473993
25.331613
25.358175
25.393988
25.429445
25.572252
25.805550
26.135723
25.755145
26.071355
25.752641
25.976981
25.642727
25.934739
25.517808
25.791244
25.469304
25.685413
25.369866
25.757434
25.422030
25.935331
25.824653
25.657266
25.704602
25.672015
25.634708
25.596732
25.605256
25.498267
25.475512
25.465167
25.365979
25.373753
25.409903
25.408405
25.534341
25.759523
25.992702
25.553781
25.820518
25.494423
25.815189
25.425021
25.726790
25.422916
25.662556
25.366275
25.742169
25.413262
25.891569
25.747270
26.338446
26.309244
25.437793
25.483682
25.393454
25.418685
25.419771
25.372021
25.387831
25.452737
25.443184
25.592540
25.760826
25.991081
26.286274
26.789436
25.318776
25.671504
25.375141
25.657688
25.380396
25.783658
25.477049
25.969634
25.815335
26.386212
26.337504
27.170734
27.174843
25.432616
25.429468
25.473108
25.584205
25.600465
25.778405
25.948804
26.182276
26.455488
26.919111
27.235132
27.807372
25.559041
26.007000
25.717910
26.246850
26.100218
26.686819
26.622497
27.421036
27.378309
28.274695
28.368448
26.022377
26.229746
26.419136
26.665217
26.920348
27.351066
27.621354
28.126260
28.519510
29.005498
26.737608
27.315185
27.217812
27.987122
27.885448
28.722180
28.720304
29.534120
29.506034
27.722172
28.088787
28.301998
28.723647
29.028147
29.424640
29.702189
30.190886
28.643147
29.390095
29.282743
30.032419
29.892089
30.723096
30.490129
29.723698
30.014642
30.202000
30.578445
30.686216
31.064646
30.374391
31.127080
30.813791
31.580624
31.280462
31.122917
31.396606
31.454114
31.728510
31.489859
32.211602
31.781192
31.995432
32.255131
32.114997
33.035123
33.458498
33.285284
33.720033
33.527915
33.899859
33.667131
34.036133
33.687546
34.013199
33.651879
33.843913
33.473296
33.657464
33.187701
33.388499
32.947873
33.086431
32.685817
32.870750
32.437309
32.635189
32.196317
32.055840
32.393157
32.030707
32.389092
32.044556
32.348672
32.076471
32.437237
32.118482
32.533050
32.276642
32.640771
32.434676
32.857866
32.582811
33.072818
32.820509
33.258569
33.035464
33.522526
33.188678
33.746430
33.337775
32.762458
33.202308
33.032728
33.350663
33.215318
33.524685
33.349067
33.613072
33.503236
33.663400
33.546461
33.736009
33.548972
33.697508
33.575921
33.638689
33.499588
33.624056
33.425475
33.509852
33.413271
33.484646
33.139027
33.701866
33.275016
33.875448
33.399344
33.969327
33.545260
34.016779
33.586616
34.084646
33.574235
34.046862
33.585313
33.974748
33.493101
33.951959
33.391309
33.841956
33.353213
33.756246
33.214183
33.105500
33.474384
33.276734
33.583280
33.448294
33.645448
33.524622
33.727457
33.536536
33.706950
33.563925
33.635109
33.491639
33.599197
33.391830
33.478306
33.359077
33.355990
33.251487
33.315230
33.388064
33.904422
33.518564
33.982068
33.589826
34.066978
33.592454
34.051438
33.606202
33.973438
33.519351
33.922694
33.396084
33.792053
33.327468
33.656629
33.194599
33.610477
33.066122
33.358752
33.627831
33.479010
33.716853
33.517404
33.720353
33.559758
33.652389
33.497402
33.602229
33.384685
33.462651
33.318645
33.309049
33.184495
33.231606
33.054955
33.109348
33.587436
34.024983
33.606632
34.051486
33.636348
33.989617
33.566230
33.935071
33.433584
33.787308
33.340204
33.614741
33.174274
33.522048
33.008410
33.383478
32.936337
33.485050
33.733578
33.548290
33.682737
33.520050
33.636947
33.410339
33.495940
33.325657
33.310837
33.165124
33.196362
32.991540
33.033937
32.914979
32.876676
33.654062
34.005906
33.627067
33.970656
33.505412
33.835890
33.400258
33.639303
33.216721
33.504552
33.006708
33.325656
32.889383
33.145033
32.749327
33.550986
33.684276
33.456739
33.570018
33.377450
33.377042
33.210083
33.230996
32.999488
33.032733
32.873642
32.825603
32.724049
32.721017
33.578476
33.919501
33.496180
33.727582
33.318429
33.570066
33.082600
33.355551
32.921003
33.127231
32.730388
32.996195
32.545589
33.457745
33.482283
33.306510
33.334192
33.085563
33.116775
32.922691
32.868085
32.724189
32.710358
32.526864
32.541297
33.453297
33.701648
33.222304
33.478045
33.036691
33.210513
32.808585
33.031165
32.570514
32.834133
32.433946
33.223866
33.266232
33.051207
32.999975
32.827827
32.804531
32.578275
32.583343
32.428775
32.361521
33.213694
33.385688
32.972320
33.172353
32.694673
32.931501
32.513014
32.679964
32.318032
33.004585
32.980900
32.731782
32.734263
32.542023
32.459362
32.332157
32.289420
32.906142
33.127714
32.688757
32.833753
32.453447
32.642367
32.201645
32.741627
32.658751
32.504467
32.451718
32.236397
32.224233
32.670897
32.855318
32.384333
32.611456
32.199778
32.458617
32.440257
32.260433
32.157573
32.419680
32.589253
32.186547
32.260761
32.194597
32.239158
32.630558
33.490614
32.902165
33.624415
33.149563
33.750409
33.309032
33.918037
33.423008
33.991541
33.555727
34.031922
33.575791
34.095277
33.563559
34.055041
33.579459
34.009624
33.489100
34.021533
33.424795
33.915450
33.342508
25.735022
26.103015
26.685944
27.575937
28.619837
29.515776
30.403648
31.154821
31.674743
32.111321
32.503446
32.732599
32.958516
33.187181
33.292668
33.404619
33.529755
33.535437
33.552491
33.590718
33.489422
33.493334
25.714612
26.735179
27.143724
28.410093
29.072289
30.469774
30.856279
31.901131
32.093230
32.817074
32.773442
33.436124
33.235809
33.758751
33.566798
33.979961
33.669137
34.110075
33.687336
34.050185
33.646787
26.056348
26.512350
27.442412
28.458813
29.417212
30.306937
31.121486
31.628891
32.105554
32.492378
32.739543
32.961783
33.196791
33.303062
33.412986
33.539889
33.539133
33.561479
33.577462
33.506147
26.155150
27.417100
27.870967
29.331236
29.995943
31.164405
31.491005
32.441729
32.440578
33.135247
33.075174
33.605421
33.402432
33.938191
33.621756
34.042878
33.736297
34.068521
33.646148
26.466650
27.264605
28.387365
29.300130
30.265211
31.062165
31.621943
32.080211
32.502299
32.733735
32.974839
33.199336
33.316466
33.422072
33.545055
33.555414
33.553053
33.588045
26.889636
28.191470
28.849223
30.323060
30.748919
31.839956
32.061783
32.804981
32.770219
33.443131
33.247980
33.773750
33.577036
33.998621
33.672965
34.110538
33.688289
27.224872
28.277619
29.295344
30.200073
31.069032
31.593586
32.093808
32.485209
32.751108
32.966045
33.212139
33.317038
33.431143
33.547089
33.560580
33.555756
27.751479
29.204722
29.910272
31.122772
31.452702
32.429814
32.439391
33.136591
33.079395
33.617958
33.409337
33.945188
33.632323
34.042179
33.735003
28.283006
29.264749
30.224410
31.038041
31.621470
32.064979
32.500425
32.731179
32.977377
33.194436
33.329775
33.418157
33.555295
33.554765
28.835230
30.299509
30.762895
31.829692
32.061943
32.815365
32.771276
33.446436
33.254717
33.773221
33.574985
33.998941
33.671121
29.321970
30.230691
31.076640
31.612869
32.087540
32.472822
32.748740
32.947116
33.205461
33.305434
33.431357
33.531949
29.974410
31.172511
31.485176
32.439589
32.462739
33.139880
33.081583
33.621426
33.402999
33.934883
33.631647
30.296792
31.088973
31.653314
32.069666
32.488774
32.720372
32.958458
33.168489
33.324719
33.395911
30.868630
31.887410
32.099519
32.844755
32.782711
33.447118
33.257701
33.760546
33.560705
31.146406
31.664160
32.090400
32.462434
32.733722
32.915284
33.181938
33.280430
31.575928
32.492780
32.506168
33.155720
33.089017
33.621730
33.388963
31.702490
32.083160
32.473205
32.694962
32.926508
33.125452
32.168982
32.891506
32.812734
33.456463
33.257456
32.098259
32.442729
32.699746
32.869518
32.564143
33.206095
33.100713
32.412205
32.626567
32.918652
32.539169
32.972383
32.564097
33.169856
32.551480
33.066584
32.639196
33.071895
32.579026
33.100991
32.610814
33.055674
32.610951
33.101006
32.578985
33.072036
32.639317
33.066812
32.551548
33.170112
32.563974
32.972296
32.539557
32.666344
32.662771
32.026208
31.883730
31.087746
30.660997
29.528511
28.875424
27.512979
26.910024
25.983067
25.827203
25.421290
25.711170
25.457025
25.868903
25.741381
26.107208
25.968954
26.398220
26.171379
26.567594
26.337342
32.528207
32.049596
31.936486
31.320346
30.899593
30.126913
29.306212
28.256213
27.353679
26.369278
25.849478
25.486080
25.357605
25.371684
25.498357
25.547323
25.712837
25.860194
25.918571
26.082388
26.150696
26.318208
32.651124
32.525635
31.906930
31.795706
30.863739
30.441350
29.278496
28.501833
27.231848
26.686132
25.779386
25.784203
25.413354
25.667175
25.507398
25.913682
25.698018
26.154102
25.972920
26.350812
26.150655
32.442982
32.153194
31.803620
31.274067
30.813445
29.908006
29.110751
28.034569
27.064074
26.225858
25.760580
25.400838
25.388703
25.402629
25.475460
25.619243
25.744766
25.829548
25.973164
26.082286
32.495416
32.513031
31.911283
31.652710
30.771076
30.309259
29.020981
28.313568
27.044665
26.493383
25.728127
25.773504
25.364454
25.714104
25.525081
25.882228
25.744726
26.153861
25.918564
32.552095
32.036899
31.791241
31.252537
30.652141
29.813350
28.962915
27.813258
26.946338
26.136305
25.660764
25.431202
25.404848
25.365340
25.525238
25.619240
25.698096
25.860344
32.475447
32.563832
31.780653
31.623928
30.699321
30.136180
28.913728
28.181088
26.872307
26.454554
25.698576
25.719318
25.405026
25.713801
25.475288
25.913777
25.712640
32.460139
32.035784
31.805632
31.140089
30.623750
29.744966
28.815451
27.763791
26.885316
26.055276
25.698246
25.431054
25.364680
25.402982
25.507379
25.547161
32.512936
32.480346
31.776650
31.613280
30.583382
30.120001
28.849619
28.082287
26.885586
26.454503
25.660315
25.773610
25.387910
25.667361
25.498437
32.473861
32.058253
31.737934
31.153919
30.611227
29.665778
28.849694
27.763505
26.872197
26.136193
25.728460
25.401339
25.413875
25.371199
32.453049
32.502943
31.778769
31.552897
30.611515
30.120082
28.815465
28.181322
26.945962
26.493584
25.760476
25.783898
25.357558
32.488336
32.010248
31.778795
31.154039
30.583274
29.744977
28.913502
27.813303
27.045042
26.225886
25.780118
25.486072
32.488582
32.503133
31.738097
31.613319
30.623677
30.135970
28.962783
28.313254
27.063894
26.686415
25.848591
32.452924
32.058259
31.776346
31.140070
30.699143
29.813769
29.020902
28.035106
27.231417
26.369930
32.473877
32.480332
31.805602
31.623923
30.652060
30.309056
29.110566
28.501851
27.354031
32.512747
32.035785
31.780837
31.252715
30.770945
29.908005
29.277829
28.256428
32.460393
32.563859
31.791152
31.652582
30.813390
30.441670
29.306677
32.475183
32.036903
31.910770
31.273897
30.863202
30.126407
32.551709
32.513415
31.803544
31.796445
30.900203
32.494870
32.153515
31.906204
31.320501
32.443050
32.526547
31.936274
32.651076
32.049320
32.528488
33.035751
33.458270
33.285482
33.720134
33.527868
33.899640
33.667342
34.035949
33.687578
34.013239
33.651772
33.844000
33.473194
33.657647
33.187550
33.388621
32.947719
33.086512
32.685696
32.870967
32.437064
32.635200
32.196484
32.944189
32.885720
33.264429
33.190076
33.469227
33.445460
33.593399
33.548385
33.677177
33.514531
33.601251
33.433146
33.387351
33.226805
33.181099
32.940396
32.913792
32.722293
32.634155
32.485031
32.421527
32.326060
33.063258
33.406395
33.280447
33.755314
33.490765
33.929661
33.682871
33.990290
33.709520
33.998049
33.584758
33.848371
33.432319
33.585584
33.184959
33.359563
32.880276
33.096241
32.664133
32.842522
32.421446
32.881586
33.028707
33.208879
33.256028
33.512302
33.426492
33.643380
33.570749
33.641256
33.546767
33.591615
33.372385
33.398543
33.196711
33.123814
32.956538
32.902708
32.679866
32.664404
32.485134
32.929715
33.434890
33.335070
33.702536
33.535985
33.952144
33.640964
34.025686
33.706065
33.945179
33.603704
33.829059
33.365875
33.596622
33.160217
33.311848
32.902787
33.096043
32.633861
33.001242
32.950473
33.258182
33.306774
33.469737
33.483118
33.661703
33.535433
33.683359
33.547474
33.547854
33.402217
33.393214
33.148494
33.160513
32.956299
32.880567
32.722393
32.929179
33.510553
33.258114
33.751891
33.555219
33.904837
33.679883
34.025088
33.653543
33.977303
33.592629
33.782572
33.393053
33.596496
33.123873
33.359341
32.913794
32.924281
32.982051
33.307426
33.253637
33.523885
33.499410
33.623163
33.581128
33.688508
33.504228
33.592802
33.402396
33.365890
33.196712
33.185273
32.940250
32.977198
33.450746
33.290560
33.780000
33.500944
33.953212
33.677490
33.978759
33.688581
33.977071
33.547711
33.828955
33.398804
33.584989
33.181342
32.947222
33.018456
33.260334
33.298761
33.541653
33.454107
33.677569
33.581214
33.653588
33.547748
33.603716
33.372083
33.432816
33.226771
32.924832
33.485896
33.304220
33.735068
33.541642
33.953026
33.623122
34.024829
33.683374
33.944982
33.591973
33.848016
33.387281
32.963031
32.975765
33.304022
33.298694
33.500992
33.499476
33.680135
33.535442
33.706077
33.546533
33.585066
33.433019
32.962980
33.485822
33.260364
33.779946
33.523960
33.904557
33.661741
34.025770
33.641338
33.997782
33.601492
32.924737
33.018493
33.290602
33.253516
33.555431
33.483124
33.640639
33.570773
33.709937
33.514136
32.947338
33.450599
33.307745
33.751684
33.469755
33.952350
33.643575
33.989589
33.677570
32.977354
32.981906
33.258070
33.306614
33.535852
33.426346
33.683490
33.548210
32.924288
33.510223
33.258597
33.702561
33.512520
33.929047
33.593642
32.929514
32.950364
33.335020
33.256282
33.491094
33.445097
33.001554
33.434988
33.208465
33.754891
33.469673
32.929579
33.029369
33.280517
33.189606
32.881067
33.405839
33.264870
33.063367
32.885530
32.944709
32.666001
32.663902
32.025726
31.883671
31.088010
30.661167
29.528203
28.875467
27.514042
26.909283
25.982514
25.826755
25.421956
25.710589
25.457105
25.868620
25.741377
26.106966
25.969321
26.398015
26.171505
26.567469
26.337364
26.425918
26.815477
26.450838
26.818189
26.505151
26.776205
26.451053
26.783587
26.361246
26.672972
26.315671
26.520008
26.151898
26.419629
25.947164
26.211910
25.805246
25.986612
25.571816
25.874400
25.403826
25.709661
25.367437
32.115206
32.255523
31.781354
31.728340
31.280384
31.064736
30.490065
30.190940
29.506258
29.005545
28.368524
27.807457
27.174769
26.789149
26.309310
25.992821
25.824305
25.572024
25.494169
25.409246
25.418847
25.221350
31.995298
32.211212
31.453524
31.580777
30.686295
30.723167
29.702336
29.533874
28.519337
28.274924
27.235083
27.170615
26.286349
26.338796
25.759142
25.935472
25.429458
25.819021
25.361802
25.697799
25.429223
31.489869
31.396941
30.813986
30.578063
29.892041
29.424652
28.720286
28.126488
27.378338
26.918938
26.337748
25.990684
25.747004
25.534443
25.421801
25.394017
25.365665
25.256062
25.447949
25.260209
31.123609
31.126667
30.201838
30.032344
29.028164
28.722177
27.621489
27.420588
26.455880
26.385839
25.760894
25.891640
25.408288
25.757632
25.358102
25.688177
25.454445
25.758460
25.452570
30.374000
30.014783
29.283030
28.723295
27.885728
27.350875
26.622753
26.181896
25.815101
25.592500
25.412964
25.410291
25.369544
25.331796
25.465319
25.388963
25.487696
25.501961
29.724074
29.390116
28.301599
27.987165
26.920225
26.686994
25.948885
25.969477
25.442781
25.742660
25.373387
25.685473
25.473953
25.799400
25.520336
25.951907
25.637248
28.643037
28.088565
27.218419
26.664909
26.100788
25.778013
25.477017
25.452826
25.366140
25.366053
25.469413
25.473211
25.536425
25.620129
25.682591
25.663604
27.722417
27.315257
26.419130
26.246531
25.601296
25.783475
25.387822
25.662573
25.465144
25.791157
25.546707
25.983159
25.713442
26.069006
25.868279
26.737519
26.229499
25.718828
25.584051
25.379987
25.372401
25.422877
25.475386
25.517965
25.664009
25.708244
25.753029
25.892395
25.901451
26.022978
26.007315
25.473168
25.657653
25.420080
25.726354
25.498556
25.934638
25.702948
26.069876
25.912082
26.259161
25.994452
25.558665
25.429562
25.375197
25.418665
25.425110
25.605304
25.642722
25.746633
25.876146
25.940725
25.987177
26.112772
25.432837
25.671560
25.393438
25.815112
25.596654
25.977015
25.844867
26.212957
25.986972
26.428232
26.175833
25.318730
25.483601
25.494272
25.635038
25.752481
25.876720
25.920679
26.098737
26.133627
26.200168
25.437802
25.820816
25.671822
26.071173
25.862428
26.328734
26.106752
26.473226
26.316365
25.553647
25.704367
25.755285
25.971610
26.016063
26.125943
26.244481
26.332111
25.657606
26.135664
25.921823
26.323707
26.183625
26.569232
26.329177
25.805475
25.948777
26.080545
26.200126
26.234876
26.419384
25.951634
26.371296
26.132098
26.629007
26.381622
26.035586
26.239406
26.281395
26.383225
26.132637
26.576841
26.389033
26.297489
26.395426
26.316893
32.631323
33.489669
32.901824
33.624392
33.149958
33.749938
33.309407
33.917892
33.423082
33.991340
33.556046
34.031703
33.575941
34.095269
33.563647
34.054790
33.579532
34.009543
33.489271
34.021476
33.424600
33.915285
33.342482
32.239398
32.194764
32.186580
32.157431
32.199606
32.224125
32.201766
32.289671
32.318061
32.361252
32.433624
32.541116
32.545509
32.721209
32.749455
32.876583
32.936289
33.109293
33.066260
33.315142
33.214035
33.484682
32.260665
32.589210
32.260291
32.611585
32.236569
32.642525
32.332076
32.679795
32.428659
32.834232
32.527037
32.996404
32.724073
33.145059
32.914865
33.383416
33.055035
33.610477
33.251393
33.756388
33.413519
32.419691
32.440361
32.384480
32.451640
32.453220
32.459195
32.512999
32.583557
32.570852
32.710452
32.730245
32.825498
32.889122
33.033906
33.008582
33.231686
33.194530
33.355973
33.353136
33.509773
32.458646
32.855119
32.504354
32.833759
32.542306
32.931698
32.578329
33.030732
32.723777
33.126988
32.873706
33.325921
32.991743
33.522046
33.184291
33.656440
33.359165
33.842051
33.425460
32.670850
32.658924
32.688904
32.734307
32.694385
32.804308
32.808715
32.868417
32.921550
33.032955
33.006573
33.196165
33.174162
33.309018
33.327683
33.478408
33.391139
33.623964
32.741709
33.127579
32.731554
33.172381
32.827983
33.210652
32.922692
33.355225
32.999061
33.504406
33.165152
33.614801
33.318727
33.792045
33.391754
33.951874
33.499637
32.906072
32.981051
32.972486
33.000091
33.036649
33.116486
33.082545
33.231044
33.216962
33.311043
33.340285
33.462649
33.396010
33.599068
33.493071
33.638811
33.004658
33.385696
33.050858
33.477853
33.085672
33.570409
33.210441
33.639459
33.325479
33.786991
33.384517
33.922619
33.491790
33.974950
33.575918
33.213509
33.266333
33.222628
33.334385
33.318292
33.376503
33.399704
33.495723
33.433763
33.602591
33.519512
33.635028
33.585111
33.697351
33.223951
33.701634
33.306265
33.727367
33.377686
33.836408
33.410860
33.935213
33.497266
33.973119
33.563905
34.046921
33.549026
33.453115
33.482218
33.496400
33.570162
33.505300
33.636631
33.565873
33.652196
33.606222
33.707042
33.574268
33.736001
33.458032
33.919633
33.456660
33.970305
33.519893
33.989633
33.559977
34.051655
33.536680
34.084644
33.546286
33.578202
33.684028
33.627225
33.683248
33.636901
33.720513
33.592262
33.727023
33.586403
33.663482
33.551358
34.006086
33.548050
34.050764
33.516809
34.066774
33.524870
34.017132
33.503301
33.653864
33.733394
33.606905
33.717354
33.590376
33.645501
33.545156
33.612915
33.485169
34.025243
33.479066
33.981829
33.448008
33.969154
33.348952
33.587482
33.627306
33.518156
33.583067
33.399563
33.525101
33.358922
33.905207
33.277441
33.875616
33.215064
33.388140
33.473622
33.274300
33.350586
33.105492
33.702123
33.032967
33.139567
33.202658
32.761609
32.397926
32.988573
32.137464
32.578350
31.754697
32.001007
31.214424
31.306203
30.375535
30.418683
29.384751
29.256969
28.287688
28.131394
27.162263
27.212765
26.349612
26.483376
25.896214
26.101374
25.541210
25.951937
25.450903
25.513025
26.232428
26.456310
27.658838
28.145900
29.557848
30.169952
31.282534
31.565532
32.473195
32.463525
33.136328
33.073625
33.591650
33.391210
33.924457
33.609056
34.034469
33.739661
34.065086
33.681990
34.050615
33.551162
32.918275
32.627360
33.100027
32.870054
33.257634
33.125440
33.388722
33.280653
33.560642
33.395718
33.631703
33.531882
33.670987
33.554794
33.735146
33.555634
33.688318
33.587861
33.646228
33.506231
33.646922
33.493294
32.412450
33.206181
32.699868
33.456682
32.926398
33.621831
33.181528
33.760728
33.324688
33.934922
33.431262
33.999173
33.555136
34.042145
33.560531
34.110665
33.553152
34.068447
33.577374
34.050173
33.489532
32.563550
32.443033
32.813276
32.694401
33.089051
32.915218
33.257793
33.168391
33.403080
33.305386
33.574957
33.418283
33.632287
33.547132
33.672824
33.555323
33.736348
33.561606
33.687250
33.590495
32.098728
32.891872
32.472947
33.155711
32.733501
33.447200
32.958577
33.621164
33.205574
33.773175
33.329777
33.945050
33.431195
33.998695
33.545117
34.042781
33.539057
34.110113
33.552705
32.168960
32.082684
32.506404
32.462210
32.782627
32.720648
33.081382
32.947232
33.254821
33.194598
33.409246
33.317127
33.576835
33.422125
33.621843
33.540040
33.668925
33.535419
31.702739
32.492549
32.090188
32.844968
32.489063
33.139346
32.749057
33.446286
32.977439
33.617882
33.212154
33.773807
33.316514
33.938059
33.412767
33.980245
33.529691
31.575808
31.664106
32.099598
32.069796
32.462400
32.472971
32.771459
32.731280
33.079542
32.965754
33.248118
33.199276
33.402676
33.303023
33.566758
33.404672
31.146434
31.887642
31.653296
32.439397
32.087762
32.815534
32.500467
33.136725
32.750950
33.443352
32.974885
33.605146
33.196822
33.758918
33.292578
30.868708
31.088942
31.485105
31.613040
32.061867
32.065103
32.439469
32.484896
32.770365
32.733848
33.075259
32.961698
33.235727
33.187324
30.296844
31.172648
31.076518
31.829834
31.621800
32.429869
32.093570
32.805414
32.502232
33.134952
32.739839
33.436059
32.958674
29.974380
30.230596
30.763211
31.038023
31.452441
31.593598
32.061802
32.080467
32.440545
32.492317
32.773252
32.732865
29.322158
30.299471
30.224536
31.122715
31.069114
31.840145
31.621885
32.441620
32.105695
32.817034
32.503715
28.835368
29.264768
29.910322
30.200128
30.748959
31.062396
31.490979
31.628770
32.093203
32.111640
28.282941
29.204633
29.295410
30.322852
30.265207
31.164496
31.121371
31.901275
31.674817
27.751613
28.277308
28.849431
29.300390
29.995734
30.306757
30.856449
31.155040
27.224879
28.191401
28.387031
29.331196
29.417291
30.469818
30.403574
26.889515
27.264686
27.870885
28.458662
29.072246
29.515882
26.466544
27.417033
27.442358
28.409944
28.619842
26.154972
26.512276
27.143568
27.575945
26.056010
26.735140
26.685878
25.714623
26.102832
25.735105
32.665418
32.664692
32.025395
31.883850
31.088235
30.661619
29.528135
28.875901
27.514148
26.909042
25.982244
25.826259
25.421845
25.710400
25.456968
25.868733
25.741579
26.106887
25.969345
26.398204
26.171433
26.567536
26.337505
26.425913
26.815593
26.450757
26.818240
26.505241
26.776335
26.451120
26.783758
26.361163
26.672985
26.315652
26.520210
26.151914
26.419777
25.947169
26.212044
25.805187
25.986977
25.571717
25.874747
25.403764
25.709979
25.367471
32.115484
32.255274
31.781169
31.728261
31.280396
31.064259
30.490367
30.190657
29.505979
29.005552
28.368549
27.806864
27.175040
26.789021
26.309094
25.992540
25.824634
25.571798
25.494218
25.408821
25.418721
25.221222
31.995092
32.211772
31.453530
31.581063
30.686486
30.723685
29.702106
29.534642
28.519355
28.275120
27.235376
27.171162
26.286209
26.339159
25.759335
25.935491
25.429409
25.819342
25.361760
25.698344
25.429144
31.489633
31.396997
30.813994
30.578200
29.891766
29.424847
28.720175
28.126109
27.378490
26.919006
26.337323
25.990939
25.746955
25.534035
25.422066
25.393798
25.365692
25.255954
25.447704
25.259882
31.124071
31.126657
30.201865
30.032728
29.028460
28.722349
27.621773
27.421159
26.455392
26.386695
25.761059
25.891717
25.408782
25.757629
25.358134
25.688357
25.454429
25.758716
25.452733
30.373621
30.015262
29.282984
28.723138
27.885692
27.350963
26.622340
26.182218
25.815390
25.592129
25.413412
25.409719
25.369709
25.331524
25.465343
25.388607
25.487835
25.501669
29.724160
29.390380
28.301620
27.987721
26.920047
26.687566
25.948729
25.969875
25.443175
25.742493
25.373486
25.685867
25.473934
25.799685
25.520414
25.952175
25.637100
28.643260
28.088429
27.218283
26.664816
26.100281
25.778144
25.477139
25.452436
25.366194
25.366046
25.469281
25.473063
25.536460
25.619800
25.682498
25.663519
27.722234
27.315726
26.418843
26.246879
25.600845
25.783682
25.388065
25.662723
25.465042
25.791182
25.546844
25.983197
25.713600
26.069288
25.868298
26.737102
26.229208
25.718068
25.584103
25.379915
25.372213
25.422748
25.475365
25.517932
25.663917
25.708155
25.753021
25.892261
25.901301
26.022824
26.007133
25.472908
25.657567
25.420118
25.726608
25.498585
25.934856
25.702899
26.070091
25.912038
26.259261
25.994526
25.558435
25.429080
25.375056
25.418377
25.425033
25.605083
25.642884
25.746406
25.876193
25.940528
25.987336
26.112649
25.432317
25.671674
25.393011
25.815388
25.596541
25.977352
25.844657
26.213417
25.986843
26.428475
26.175694
25.318247
25.483223
25.494575
25.634681
25.752586
25.876571
25.920693
26.098526
26.133610
26.200141
25.437775
25.820957
25.671724
26.071448
25.862346
26.328955
26.106807
26.473362
26.316502
25.553622
25.704408
25.755260
25.971642
26.016008
26.125931
26.244454
26.332055
25.657562
26.135841
25.921890
26.323769
26.183695
26.569329
26.329174
25.805483
25.948701
26.080550
26.200194
26.234813
26.419366
25.951735
26.371560
26.131953
26.629189
26.381566
26.035521
26.239373
26.281504
26.383135
26.132668
26.576897
26.389127
26.297565
26.395415
26.316866
32.631130
33.490153
32.901807
33.624776
33.149583
33.750654
33.308908
33.918440
33.423261
33.991659
33.555841
34.032720
33.575483
34.095796
33.564115
34.055151
33.579555
34.011141
33.488923
34.022286
33.425442
33.915863
33.342490
32.239524
32.194154
32.186042
32.157186
32.198886
32.222894
32.202423
32.288719
32.317360
32.361298
32.433318
32.539682
32.546733
32.720181
32.749262
32.876793
32.936338
33.107992
33.067389
33.314192
33.213665
33.484710
32.260660
32.589891
32.260493
32.611976
32.237619
32.643012
32.331632
32.681229
32.428400
32.834456
32.527733
32.996986
32.723067
33.146725
32.914134
33.383695
33.055283
33.611298
33.250253
33.758136
33.412814
32.419660
32.439673
32.384676
32.450689
32.452454
32.459180
32.512710
32.582571
32.571629
32.709715
32.729753
32.825705
32.889069
33.032761
33.009526
33.230901
33.194233
33.355981
33.353214
33.508628
32.458983
32.855400
32.504346
32.835008
32.542416
32.931974
32.578958
33.030961
32.723028
33.128251
32.873216
33.326147
32.992174
33.522603
33.183467
33.657940
33.358479
33.842531
33.425629
32.670647
32.658814
32.688518
32.733330
32.694578
32.803558
32.808253
32.868873
32.921466
33.032216
33.007269
33.195456
33.173730
33.309160
33.327577
33.477370
33.392049
33.623084
32.741786
33.127727
32.732156
33.172850
32.827906
33.211786
32.922452
33.355145
32.999388
33.504779
33.164458
33.616186
33.318285
33.792346
33.392082
33.952516
33.498690
32.906228
32.980607
32.972063
33.000030
33.036259
33.115567
33.083008
33.230597
33.216570
33.311236
33.340173
33.461685
33.396685
33.598389
33.492758
33.638817
33.004565
33.386361
33.050776
33.477999
33.086341
33.570938
33.210154
33.640574
33.325178
33.787191
33.384850
33.923130
33.491122
33.976152
33.575556
33.213249
33.265896
33.223010
33.333871
33.317722
33.376313
33.399240
33.494874
33.434210
33.602087
33.519150
33.635194
33.584984
33.696562
33.224298
33.701789
33.305900
33.728173
33.377755
33.836867
33.411538
33.935688
33.496781
33.974126
33.563583
34.047039
33.549352
33.452707
33.482335
33.496345
33.569578
33.505473
33.635946
33.565274
33.652251
33.606068
33.706363
33.574783
33.735547
33.458066
33.919733
33.456865
33.970509
33.519569
33.990542
33.559936
34.051803
33.537005
34.084984
33.545832
33.578121
33.683707
33.627004
33.683555
33.636812
33.720030
33.592501
33.726598
33.586023
33.663535
33.551380
34.006801
33.547728
34.050583
33.516838
34.067031
33.524533
34.018011
33.503120
33.653443
33.732877
33.607251
33.717290
33.590197
33.645665
33.544931
33.612226
33.485620
34.025636
33.478757
33.982378
33.447763
33.969248
33.349276
33.586952
33.627077
33.517779
33.582575
33.399799
33.524726
33.359042
33.905721
33.277984
33.875994
33.214784
33.387879
33.473043
33.273681
33.350542
33.105350
33.702909
33.033106
33.139573
33.202171
32.761529
32.397611
32.988730
32.137786
32.578801
31.754504
32.001678
31.214415
31.306445
30.375823
30.419221
29.384483
29.257707
28.287723
28.131438
27.162394
27.213305
26.349414
26.483811
25.896100
26.101590
25.541213
25.952432
25.450635
25.512530
26.232975
26.456065
27.659373
28.145248
29.558734
30.169294
31.283030
31.565352
32.473634
32.462899
33.137188
33.073114
33.591891
33.391304
33.924844
33.608322
34.035656
33.738935
34.065658
33.681577
34.052029
33.549287
32.918899
32.626863
33.099888
32.869978
33.257254
33.125277
33.388778
33.280302
33.560186
33.396042
33.630969
33.531677
33.671013
33.554272
33.734502
33.555956
33.687141
33.587483
33.646141
33.505402
33.645928
33.493544
32.412074
33.206897
32.699544
33.456778
32.926765
33.621905
33.181503
33.761469
33.324372
33.935293
33.431737
33.999343
33.555089
34.043303
33.560192
34.111270
33.553688
34.068907
33.577286
34.051876
33.489151
32.563278
32.442895
32.813099
32.694253
33.088714
32.915590
33.257158
33.168265
33.403120
33.304928
33.574425
33.418525
33.631458
33.546750
33.672855
33.554876
33.735604
33.561977
33.686011
33.590004
32.098546
32.891952
32.473008
33.156405
32.733189
33.447561
32.958701
33.621461
33.205369
33.774208
33.329396
33.945682
33.431692
33.999032
33.544841
34.044110
33.538495
34.111026
33.553373
32.168800
32.083007
32.505844
32.462191
32.782683
32.720253
33.081155
32.947446
33.254116
33.194375
33.409193
33.316553
33.576295
33.422504
33.620807
33.539990
33.668655
33.534688
31.702305
32.492982
32.090478
32.845139
32.488805
33.140298
32.748592
33.446788
32.977676
33.618196
33.212149
33.774800
33.316155
33.938825
33.413116
33.980753
33.529677
31.575969
31.663914
32.099241
32.070008
32.461988
32.472798
32.771389
32.730974
33.078982
32.966159
33.247351
33.199072
33.402412
33.302646
33.565779
33.404967
31.146289
31.888276
31.653058
32.439883
32.087996
32.815703
32.500302
33.137601
32.750697
33.443675
32.975297
33.605585
33.196689
33.760365
33.292259
30.868318
31.088975
31.485079
31.612637
32.061568
32.065363
32.438735
32.484989
32.770329
32.733379
33.074775
32.961971
33.234626
33.187048
30.296915
31.172808
31.076564
31.830588
31.621382
32.430478
32.093806
32.805569
32.502168
33.135910
32.739416
33.436963
32.958810
29.974209
30.230832
30.762662
31.037985
31.452365
31.593421
32.061318
32.080643
32.439960
32.492183
32.773000
32.732666
29.321757
30.299856
30.224791
31.123027
31.068932
31.840995
31.621663
32.442075
32.106005
32.817537
32.503164
28.835496
29.264476
29.910039
30.200397
30.748292
31.062247
31.490945
31.628343
32.092665
32.112061
28.282999
29.205188
29.295076
30.323494
30.265460
31.164678
31.121551
31.902055
31.674356
27.751156
28.277530
28.849171
29.300121
29.995440
30.306791
30.855821
31.154976
27.224832
28.191768
28.386996
29.331929
29.417114
30.470238
30.403704
26.889330
27.264890
27.870332
28.458514
29.072212
29.515773
26.466287
27.417456
27.442643
28.410143
28.619640
26.154878
26.511992
27.143402
27.576222
26.056234
26.735577
26.685701
25.714344
26.102834
25.735153
32.398265
32.989724
32.137627
32.578571
31.754469
32.001420
31.214283
31.306672
30.375631
30.418927
29.384614
29.257586
28.287610
28.131687
27.162381
27.213145
26.349627
26.483980
25.896158
26.101640
25.541435
25.952279
25.450751
26.316944
26.395458
26.389128
26.383094
26.381524
26.419370
26.329330
26.331916
26.316292
26.200077
26.175607
26.112798
25.994569
25.901231
25.868245
25.663656
25.637050
25.501855
25.452626
25.259867
25.429134
25.221339
26.297459
26.576744
26.281236
26.629244
26.234829
26.569332
26.244416
26.473399
26.133507
26.428285
25.987112
26.259285
25.892311
26.069297
25.682430
25.952037
25.487610
25.758911
25.447784
25.698322
25.418585
26.132598
26.239554
26.132137
26.199990
26.183428
26.125925
26.106617
26.098820
25.987067
25.940919
25.911902
25.752975
25.713369
25.619907
25.520420
25.388946
25.454206
25.255889
25.361797
25.409112
26.035646
26.371106
26.080433
26.324008
26.016026
26.328812
25.920596
26.212789
25.875680
26.070111
25.708089
25.983479
25.536418
25.799622
25.465005
25.688723
25.365468
25.819408
25.494100
25.951652
25.949004
25.921639
25.971511
25.862436
25.876580
25.845024
25.747018
25.702899
25.663851
25.546765
25.472825
25.474041
25.331809
25.357891
25.393859
25.429706
25.571791
25.805293
26.135786
25.755166
26.071095
25.752400
25.977106
25.642226
25.934870
25.517811
25.791350
25.469311
25.685893
25.369262
25.757970
25.421950
25.935676
25.824160
25.657335
25.704378
25.672075
25.635107
25.596609
25.605424
25.498490
25.475229
25.465037
25.365992
25.373374
25.410227
25.408271
25.534213
25.759013
25.993085
25.553732
25.820781
25.493749
25.815136
25.424986
25.726744
25.422843
25.663047
25.365838
25.742710
25.412895
25.891937
25.747022
26.339137
26.309192
25.437537
25.484030
25.394051
25.418594
25.419775
25.372277
25.387405
25.452777
25.442902
25.592449
25.760695
25.990669
26.286279
26.788982
25.318964
25.671064
25.374754
25.658058
25.379956
25.784005
25.477003
25.969552
25.814783
26.386123
26.337676
27.170860
27.174817
25.432902
25.429847
25.472802
25.584114
25.600997
25.777964
25.948872
26.181959
26.455804
26.918584
27.235282
27.807276
25.558144
26.007446
25.718498
26.246846
26.100501
26.686979
26.622636
27.420866
27.378402
28.275031
28.368189
26.022870
26.229687
26.419287
26.665097
26.920517
27.350630
27.621473
28.126080
28.519358
29.005459
26.737332
27.315335
27.217901
27.986826
27.885570
28.722436
28.720232
29.534395
29.505967
27.723040
28.088010
28.302414
28.723363
29.027888
29.424360
29.702334
30.190572
28.642796
29.390490
29.282409
30.032841
29.892234
30.723078
30.490097
29.723703
30.013960
30.202047
30.577646
30.686404
31.064538
30.374562
31.127612
30.813916
31.581020
31.280076
31.122724
31.395946
31.453984
31.728419
31.490013
32.211952
31.781031
31.995395
32.254944
32.114834
33.034581
33.459238
33.284984
33.720566
33.527373
33.900477
33.666813
34.036315
33.687672
34.013308
33.651561
33.844321
33.472960
33.657529
33.187694
33.388673
32.947442
33.086883
32.685366
32.870959
32.437008
32.635389
32.195837
32.056163
32.393181
32.031405
32.389388
32.044803
32.350396
32.076620
32.437536
32.119401
32.533437
32.275610
32.642505
32.433800
32.858179
32.583206
33.073444
32.819290
33.260676
33.034184
33.523268
33.188791
33.747355
33.336428
32.762840
33.202015
33.032540
33.350763
33.215125
33.524339
33.349317
33.612564
33.503095
33.663453
33.545994
33.735458
33.549353
33.696664
33.575562
33.638699
33.498703
33.623163
33.425766
33.508744
33.412761
33.484655
33.138617
33.702358
33.274873
33.875689
33.399512
33.969626
33.545105
34.017602
33.586259
34.085107
33.574621
34.047120
33.585185
33.975947
33.492683
33.952567
33.392177
33.842521
33.353268
33.757991
33.213733
33.105459
33.474228
33.276846
33.582865
33.448308
33.645330
33.524369
33.726976
33.536941
33.706223
33.563721
33.635131
33.491056
33.598600
33.392192
33.477311
33.358384
33.355861
33.250247
33.314219
33.388401
33.904377
33.518494
33.982854
33.589353
34.067436
33.592758
34.051630
33.605987
33.974449
33.518958
33.923177
33.396758
33.792235
33.327359
33.658105
33.194406
33.611408
33.067470
33.358574
33.628032
33.478867
33.716296
33.518034
33.719629
33.559567
33.652546
33.496985
33.601706
33.385058
33.461761
33.318140
33.309287
33.183593
33.230831
33.055132
33.107870
33.587391
34.025160
33.606713
34.051880
33.635991
33.990468
33.565938
33.935345
33.434090
33.787440
33.340091
33.616048
33.173931
33.522616
33.009331
33.383809
32.936407
33.485168
33.733143
33.548464
33.682538
33.519933
33.636611
33.410580
33.495292
33.325425
33.310957
33.164473
33.195665
32.991815
33.032831
32.914239
32.876888
33.654039
34.006540
33.626548
33.971117
33.505671
33.835867
33.400250
33.640288
33.216257
33.505026
33.007391
33.325941
32.889353
33.146790
32.748989
33.550723
33.683852
33.457292
33.569356
33.377271
33.377319
33.209551
33.230336
33.000150
33.031659
32.873243
32.825785
32.722973
32.720009
33.578837
33.919703
33.495797
33.728500
33.318065
33.570295
33.083133
33.355786
32.920626
33.128690
32.729887
32.996728
32.546828
33.457665
33.482201
33.306426
33.333683
33.085966
33.116054
32.922572
32.868048
32.723789
32.709539
32.527434
32.540059
33.453027
33.702139
33.222355
33.478312
33.036443
33.211568
32.807957
33.031744
32.571099
32.834230
32.433863
33.224278
33.265443
33.051315
32.999949
32.827521
32.803877
32.579076
32.582137
32.428544
32.361858
33.213449
33.386629
32.971765
33.172704
32.695099
32.931626
32.512579
32.681506
32.317377
33.004533
32.980257
32.732426
32.733463
32.541959
32.459443
32.331859
32.288391
32.906272
33.128000
32.688381
32.834791
32.452837
32.642847
32.202102
32.741756
32.658521
32.504467
32.450891
32.237367
32.222891
32.670518
32.855759
32.384501
32.611772
32.199108
32.459164
32.439350
32.260643
32.157316
32.419471
32.590062
32.186124
32.260801
32.193968
32.239374
32.630277
33.490794
32.902263
33.624524
33.149546
33.751077
33.308844
33.918221
33.423402
33.991659
33.555698
34.032866
33.575505
34.095692
33.564160
34.055368
33.579579
34.011118
33.488704
34.022157
33.425417
33.916066
33.342656
25.735241
26.102659
26.685761
27.576063
28.619628
29.515738
30.403582
31.154952
31.674253
32.111838
32.503247
32.732533
32.958685
33.187276
33.292139
33.404982
33.529678
33.534725
33.553252
33.590242
33.489063
33.493460
25.714313
26.735824
27.143341
28.410326
29.072161
30.470155
30.855738
31.901945
32.092755
32.817378
32.773133
33.436837
33.234720
33.760083
33.565943
33.980729
33.668672
34.111152
33.685825
34.052027
33.645782
26.055954
26.512187
27.442585
28.458601
29.417029
30.307118
31.121285
31.628511
32.105942
32.492111
32.739417
32.962011
33.196730
33.302585
33.413349
33.539575
33.538777
33.561865
33.577288
33.505469
26.155068
27.417392
27.870593
29.331981
29.995309
31.164832
31.490820
32.442101
32.439858
33.136143
33.074442
33.605814
33.402281
33.938798
33.620853
34.044107
33.735574
34.068864
33.646227
26.466504
27.264819
28.386981
29.300095
30.265367
31.062001
31.621792
32.080399
32.502124
32.733457
32.975119
33.199192
33.316003
33.422558
33.544881
33.554904
33.553567
33.587670
26.889111
28.191836
28.849125
30.323324
30.748382
31.840672
32.061314
32.805393
32.770220
33.443617
33.247365
33.774763
33.576458
33.998844
33.672909
34.111264
33.687242
27.225101
28.277371
29.295094
30.200372
31.068820
31.593415
32.093896
32.484951
32.750689
32.966229
33.211925
33.316624
33.431675
33.546785
33.560324
33.555872
27.751181
29.205389
29.909777
31.123042
31.452480
32.430154
32.438808
33.137473
33.078891
33.618333
33.409167
33.945688
33.631411
34.043387
33.734308
28.282814
29.264676
30.224584
31.037843
31.621364
32.065185
32.500281
32.730894
32.977648
33.194294
33.329535
33.418442
33.555141
33.554238
28.835074
30.299705
30.762622
31.830323
32.061471
32.815654
32.771257
33.446809
33.254123
33.774055
33.574501
33.999302
33.671158
29.321970
30.230834
31.076325
31.612778
32.087814
32.472730
32.748572
32.947466
33.205378
33.305090
33.431653
33.531690
29.973958
31.172836
31.485125
32.439748
32.462157
33.140426
33.081014
33.621546
33.403003
33.935352
33.630970
30.296917
31.088799
31.653109
32.069877
32.488699
32.720260
32.958805
33.168296
33.324376
33.396160
30.868257
31.887979
32.099168
32.845107
32.782599
33.447450
33.257256
33.761424
33.560274
31.146343
31.664025
32.090428
32.462231
32.733462
32.915451
33.181600
33.280226
31.575709
32.492982
32.505880
33.156321
33.088704
33.622036
33.388940
31.702433
32.083274
32.472793
32.694670
32.926438
33.125433
32.168504
32.891892
32.812900
33.457033
33.256932
32.098638
32.442681
32.699521
32.870017
32.563680
33.206638
33.100225
32.412211
32.626782
32.918023
26.425783
26.815426
26.450843
26.818277
26.505243
26.776295
26.450969
26.783628
26.361269
26.673091
26.315816
26.520055
26.151848
26.419563
25.947182
26.211831
25.805244
25.986681
25.571756
25.874449
25.403983
25.709716
25.367555
26.573076
26.524505
26.621574
26.546894
26.593161
26.602402
26.531189
26.529454
26.505972
26.407846
26.360475
26.328350
26.163974
26.139069
26.018741
25.910173
25.774549
25.754209
25.514767
25.547858
25.358325
25.482135
26.643833
26.961829
26.641232
27.029895
26.620999
26.975714
26.640937
26.884377
26.537761
26.830175
26.377193
26.663567
26.259801
26.446361
26.038208
26.289716
25.773460
26.052746
25.591807
25.822379
25.358097
26.694693
26.784156
26.732417
26.763052
26.787920
26.715032
26.707424
26.696585
26.572423
26.562375
26.474554
26.366680
26.270841
26.225222
26.011979
25.996445
25.824933
25.721789
25.591913
25.547761
26.773156
27.135161
26.852039
27.125801
26.807544
27.147526
26.724262
27.044535
26.664411
26.874447
26.494511
26.747889
26.255223
26.531082
26.074194
26.253171
25.824924
26.052715
25.514787
26.906403
26.897425
26.907913
26.956019
26.862868
26.882801
26.835794
26.754142
26.695293
26.653422
26.479753
26.457863
26.312493
26.194268
26.074197
25.996590
25.773354
25.754215
26.942922
27.320356
26.936545
27.289286
26.957713
27.205335
26.855584
27.136834
26.680815
26.965482
26.538515
26.719420
26.312500
26.531110
26.011804
26.289676
25.774616
26.990558
27.058267
27.050821
27.018224
26.988639
26.989940
26.853973
26.850097
26.742635
26.629610
26.538559
26.457705
26.255319
26.225205
26.038396
25.910067
27.080876
27.381843
27.061483
27.395658
26.983593
27.300097
26.912552
27.113113
26.742542
26.965520
26.479815
26.747937
26.270819
26.446276
26.018760
27.107661
27.157977
27.069803
27.107771
27.041675
26.971454
26.912696
26.850201
26.680737
26.653376
26.494455
26.366706
26.259785
26.139071
27.107938
27.489527
27.117457
27.382485
27.041657
27.300036
26.853856
27.136852
26.695387
26.874460
26.474531
26.663652
26.164019
27.142187
27.149967
27.117498
27.107808
26.983596
26.990044
26.855516
26.754145
26.664352
26.562510
26.377095
26.328290
27.142277
27.489409
27.069830
27.395547
26.988689
27.205319
26.835945
27.044456
26.572320
26.830243
26.360503
27.107991
27.158033
27.061583
27.018166
26.957699
26.882607
26.724335
26.696649
26.537918
26.407650
27.107493
27.381877
27.050768
27.289446
26.862940
27.147638
26.707322
26.884366
26.505896
27.081011
27.058266
26.936452
26.955977
26.807594
26.715009
26.640985
26.529500
26.990468
27.320517
26.907974
27.125691
26.787931
26.975803
26.531182
26.942824
26.897397
26.852149
26.763235
26.620880
26.602393
26.906533
27.134997
26.732326
27.029850
26.593281
26.773236
26.784282
26.641361
26.546752
26.694633
26.961817
26.621682
26.643835
26.524388
26.573379
26.478464
26.893795
26.693418
27.131697
26.859781
27.234635
27.045676
27.384923
27.103652
27.502953
27.175905
27.550077
27.175929
27.502833
27.103693
27.384848
27.045729
27.234525
26.859859
27.131568
26.693505
26.893683
26.478361
26.425744
26.815408
26.450858
26.818267
26.505122
26.776339
26.450712
26.783702
26.361258
26.673191
26.315768
26.520315
26.151574
26.419749
25.947162
26.211970
25.805172
25.987081
25.571476
25.874752
25.403964
25.710019
25.367144
26.573030
26.524601
26.621659
26.546914
26.593122
26.602295
26.531039
26.529493
26.505957
26.407927
26.360486
26.328221
26.163875
26.138985
26.018629
25.910154
25.774462
25.754067
25.514579
25.547771
25.358159
25.482079
26.643793
26.961837
26.641173
27.029981
26.620998
26.975979
26.640944
26.884600
26.537665
26.830259
26.377100
26.663828
26.259739
26.446671
26.038136
26.289826
25.773456
26.053089
25.591710
25.822871
25.357980
26.694778
26.784214
26.732409
26.763062
26.787895
26.714988
26.707233
26.696589
26.572358
26.562437
26.474458
26.366774
26.270564
26.225187
26.011961
25.996438
25.824639
25.721963
25.591484
25.547621
26.773093
27.135182
26.852143
27.125752
26.807526
27.147728
26.724386
27.044627
26.664450
26.874615
26.494319
26.748115
26.255352
26.531169
26.074121
26.253565
25.824699
26.053013
25.514967
26.906482
26.897349
26.907924
26.956148
26.862872
26.882649
26.835708
26.754058
26.695139
26.653463
26.479769
26.457732
26.312358
26.194285
26.074001
25.996502
25.773367
25.754028
26.942951
27.320399
26.936523
27.289252
26.957695
27.205461
26.855664
27.137002
26.680828
26.965592
26.538350
26.719640
26.312512
26.531278
26.011831
26.289907
25.774451
26.990482
27.058361
27.050745
27.018316
26.988666
26.989846
26.853893
26.850055
26.742451
26.629707
26.538564
26.457590
26.255206
26.225173
26.038156
25.910136
27.080916
27.381912
27.061471
27.395665
26.983512
27.300188
26.912527
27.113368
26.742470
26.965595
26.479787
26.748106
26.270719
26.446647
26.018638
27.107522
27.158050
27.069779
27.107729
27.041799
26.971500
26.912480
26.850211
26.680707
26.653315
26.494357
26.366842
26.259465
26.139037
27.107988
27.489510
27.117531
27.382512
27.041450
27.300134
26.853936
27.136824
26.695431
26.874647
26.474322
26.663774
26.164100
27.142134
27.149922
27.117445
27.107815
26.983682
26.990063
26.855380
26.754203
26.664182
26.562424
26.377174
26.328270
27.142355
27.489419
27.069878
27.395630
26.988543
27.205361
26.836025
27.044441
26.572446
26.830353
26.360263
27.107948
27.157969
27.061438
27.018232
26.957667
26.882618
26.724261
26.696599
26.537751
26.407691
27.107566
27.382027
27.050686
27.289547
26.862919
27.147574
26.707317
26.884557
26.505785
27.080868
27.058250
26.936411
26.955856
26.807486
26.715201
26.640741
26.529446
26.990515
27.320523
26.907980
27.125855
26.787852
26.975696
26.531303
26.942820
26.897381
26.852050
26.763130
26.620908
26.602489
26.906512
27.134958
26.732443
27.029836
26.593196
26.773302
26.784198
26.641274
26.546813
26.694507
26.961928
26.621555
26.643850
26.524320
26.573350
32.053217
32.224884
31.862874
32.032766
31.654643
31.768686
31.464567
31.618223
31.256388
31.513812
31.174317
31.517880
31.174257
31.513928
31.256402
31.618224
31.464555
31.768814
31.654480
32.032880
31.862771
32.224934
32.053147
32.055543
32.392874
32.030626
32.389306
32.044703
32.348732
32.076321
32.436973
32.118405
32.533360
32.277029
32.640999
32.434711
32.857667
32.582602
33.072833
32.820761
33.258499
33.035373
33.522623
33.188574
33.746357
33.337904
32.016260
32.000785
31.965838
31.939547
31.978017
31.993929
31.984734
32.048953
32.112883
32.116572
32.244710
32.298706
32.377356
32.475026
32.610033
32.628259
32.828388
32.855095
33.006988
33.042486
33.223218
33.173579
31.880634
32.137804
31.844035
32.148439
31.801075
32.167592
31.897093
32.209245
32.001041
32.378679
32.114890
32.556051
32.341007
32.730488
32.558828
33.002924
32.750717
33.253090
33.016253
33.474586
33.223381
31.769789
31.809428
31.712702
31.777945
31.779954
31.765138
31.841259
31.890809
31.925146
32.028402
32.130055
32.167804
32.333495
32.407995
32.519696
32.628223
32.787883
32.807884
33.016059
33.042588
31.642031
31.936922
31.650427
31.883714
31.659188
31.983026
31.704447
32.093544
31.885703
32.226899
32.074972
32.477239
32.260989
32.721493
32.539066
32.948251
32.787847
33.253154
33.006898
31.584873
31.551925
31.554219
31.596929
31.552986
31.644311
31.698194
31.729970
31.857549
31.945609
32.025527
32.154735
32.295571
32.349801
32.539005
32.628163
32.750776
32.855194
31.474673
31.742398
31.415094
31.741409
31.513664
31.792439
31.632268
31.989881
31.779221
32.199898
32.046368
32.410599
32.295609
32.721438
32.519876
33.002829
32.828312
31.356831
31.407134
31.398210
31.396731
31.457827
31.534277
31.566512
31.697811
31.811006
31.873442
32.046478
32.154631
32.261094
32.407849
32.558945
32.628123
31.310607
31.538794
31.309939
31.626072
31.377653
31.747891
31.588066
31.907755
31.810766
32.200141
32.025322
32.477409
32.333429
32.730470
32.610054
31.242591
31.272539
31.242796
31.336066
31.402961
31.445707
31.588474
31.697902
31.779035
31.945684
32.074836
32.167935
32.340865
32.475240
31.164850
31.500078
31.250198
31.536195
31.402805
31.747495
31.566577
31.989682
31.857925
32.226730
32.130219
32.555838
32.377551
31.157235
31.190065
31.249929
31.336396
31.377797
31.534492
31.632014
31.730179
31.885329
32.028578
32.114885
32.298701
31.157498
31.499951
31.242798
31.625752
31.457928
31.792414
31.698373
32.093492
31.925194
32.378776
32.244477
31.164863
31.272774
31.310080
31.396562
31.513641
31.644103
31.704505
31.890741
32.001223
32.116249
31.242120
31.538835
31.398156
31.741837
31.552907
31.983254
31.841020
32.209386
32.112673
31.310997
31.406853
31.415006
31.596606
31.659253
31.765169
31.897124
32.049030
31.356880
31.742507
31.554500
31.883605
31.780055
32.167326
31.984972
31.474355
31.552104
31.650203
31.778223
31.800921
31.994111
31.584966
31.936671
31.712655
32.148405
31.978009
31.642298
31.809577
31.844189
31.939336
31.769406
32.137825
31.965743
31.880715
32.000823
32.016581
32.055904
32.393032
32.031492
32.389683
32.044992
32.350291
32.076288
32.437135
32.119446
32.534023
32.276295
32.642997
32.433916
32.858020
32.582844
33.073521
32.819402
33.260647
33.034137
33.523424
33.188635
33.747365
33.336638
32.015898
32.000554
31.965003
31.939701
31.976519
31.992805
31.984699
32.048547
32.111452
32.117875
32.243698
32.298438
32.377535
32.475155
32.608581
32.629681
32.827051
32.855256
33.006916
33.042465
33.222160
33.174596
31.881105
32.138430
31.844358
32.149071
31.802802
32.168353
31.896447
32.211262
32.000433
32.378778
32.115375
32.556888
32.339410
32.732729
32.557618
33.003584
32.750602
33.254138
33.014798
33.476690
33.222108
31.768965
31.808955
31.712199
31.776741
31.777894
31.766107
31.839969
31.890053
31.925390
32.028657
32.127953
32.169847
32.331997
32.407985
32.519731
32.628725
32.786036
32.809660
33.014651
33.042598
31.643057
31.937282
31.651176
31.886169
31.659324
31.983043
31.705657
32.094403
31.883994
32.229745
32.073465
32.477795
32.261188
32.722386
32.537098
32.951005
32.786068
33.254119
33.006862
31.583662
31.551930
31.551808
31.595466
31.553104
31.644186
31.695710
31.732182
31.855569
31.945694
32.025546
32.155212
32.293558
32.352173
32.537075
32.628590
32.750735
32.855242
31.475649
31.743356
31.417877
31.742387
31.512217
31.795570
31.630955
31.990506
31.779369
32.201250
32.043870
32.413799
32.293451
32.722427
32.519847
33.003501
32.826992
31.355437
31.405454
31.394692
31.398817
31.455920
31.533745
31.566480
31.699015
31.807638
31.876949
32.044027
32.155133
32.261269
32.407896
32.557650
32.629683
31.312226
31.542626
31.309997
31.625923
31.378265
31.750162
31.583681
31.912939
31.807413
32.201382
32.025384
32.478008
32.331901
32.732749
32.608559
31.239441
31.270173
31.242878
31.337727
31.397711
31.451599
31.584313
31.699170
31.779185
31.945822
32.073254
32.169931
32.339283
32.475442
31.167467
31.503059
31.244699
31.543886
31.397251
31.749677
31.566496
31.990052
31.856202
32.229385
32.128334
32.556599
32.377730
31.153367
31.195376
31.244522
31.338182
31.378495
31.534176
31.630590
31.732628
31.883421
32.028825
32.115453
32.298301
31.153761
31.502799
31.242857
31.625597
31.455969
31.795437
31.696028
32.094205
31.925592
32.378892
32.243296
31.167386
31.270486
31.310006
31.398682
31.512086
31.644078
31.705586
31.889997
32.000747
32.117311
31.239171
31.542710
31.394716
31.743011
31.552957
31.983440
31.839655
32.211479
32.111027
31.312529
31.404960
31.417817
31.594914
31.659439
31.766037
31.896597
32.048566
31.355614
31.743620
31.552028
31.886261
31.778002
32.167975
31.985041
31.475276
31.552078
31.650934
31.777029
31.802567
31.993196
31.583846
31.936976
31.712179
32.148935
31.976633
31.643281
31.809161
31.844614
31.939461
31.768519
32.138513
31.964743
31.881290
32.000469
32.016089

