Tension at each vertex
12.217119
12.218081
12.219765
12.220714
5.216338
13.824034
5.217226
13.823724
5.540388
5.543772
15.099124
15.107089
11.120055
11.462145
10.307560
10.629232
9.395347
9.570766
8.194147
8.236694
6.764185
6.778860
5.496359
5.678078
4.682728
5.129767
4.334233
4.931176
4.304516
4.934272
4.352581
5.051589
4.459556
5.141980
4.572775
10.930474
10.360828
10.190315
9.574140
9.232586
8.559424
8.010053
7.213065
6.595003
5.823673
5.326536
4.838552
4.561488
4.341614
4.275273
4.202855
4.219384
4.288405
4.272437
4.405095
4.393754
4.567108
11.015721
11.310344
10.176549
10.493974
9.220235
9.376104
8.001700
7.967716
6.544663
6.563171
5.300048
5.543663
4.598207
5.043181
4.301015
4.909864
4.241069
4.927243
4.321699
5.006696
4.393311
10.869497
10.443891
10.106663
9.542263
9.163572
8.427164
7.867872
7.058564
6.403024
5.676110
5.213505
4.728886
4.524166
4.337953
4.261518
4.240318
4.248795
4.290146
4.321911
4.405217
10.927389
11.263666
10.166051
10.377069
9.143058
9.255575
7.835161
7.803206
6.400243
6.390629
5.205153
5.466026
4.515465
5.024898
4.286170
4.883754
4.248760
4.927061
4.272380
10.931836
10.374363
10.069944
9.516535
9.057666
8.346751
7.771184
6.916502
6.310401
5.592849
5.130972
4.714370
4.510235
4.314684
4.286748
4.240287
4.241089
4.288554
10.895029
11.283852
10.081841
10.329817
9.090390
9.131394
7.749447
7.703796
6.278514
6.341290
5.148923
5.422788
4.509546
5.025013
4.260609
4.910012
4.219403
10.881212
10.352779
10.071327
9.444874
9.028611
8.296715
7.686167
6.875057
6.266522
5.545688
5.148752
4.715013
4.515420
4.338577
4.301371
4.202754
10.913652
11.232650
10.062114
10.312226
9.015185
9.103095
7.698045
7.651539
6.265767
6.342025
5.129608
5.466226
4.523337
5.042902
4.274912
10.880207
10.358915
10.035272
9.444106
9.015785
8.257556
7.699115
6.876800
6.278019
5.593711
5.205129
4.729116
4.598559
4.341995
10.883243
11.233170
10.053511
10.282680
9.016566
9.104096
7.685991
7.706204
6.309360
6.390266
5.212757
5.543463
4.560740
10.891879
10.337227
10.053670
9.443607
9.015532
8.297289
7.750482
6.916661
6.400993
5.676338
5.299844
4.838439
10.891651
11.233288
10.034414
10.312812
9.028900
9.130983
7.771203
7.802417
6.401258
6.562217
5.326965
10.882920
10.359123
10.061877
9.443440
9.090839
8.347410
7.835539
7.058402
6.545850
5.821087
10.880247
11.231872
10.071714
10.329763
9.057915
9.255548
7.869442
7.964055
6.595406
10.914177
10.352142
10.081412
9.516240
9.143615
8.430058
8.004812
7.213210
10.881381
11.283349
10.070308
10.377449
9.163003
9.376081
8.011429
10.895061
10.374327
10.164989
9.543186
9.221987
8.559602
10.931399
11.264051
10.106819
10.492322
9.233668
10.926756
10.443399
10.177465
9.574816
10.870174
11.309078
10.190018
11.016083
10.361118
10.931008
10.998300
12.001087
11.112151
12.092505
11.097647
12.041190
11.154173
12.033958
11.125286
12.051896
11.133002
12.033336
11.132698
12.051941
11.125714
12.034784
11.154361
12.041645
11.096954
12.092968
11.112810
12.002281
10.999023
11.709697
12.784024
12.302798
13.438735
12.950625
14.047970
13.512935
14.553398
13.931684
14.853456
14.170331
14.951463
14.205635
14.908549
14.089762
14.746018
13.915656
14.516209
13.703210
14.293443
13.491757
14.063355
13.292421
11.631754
11.706456
12.309941
12.409104
12.946138
13.066132
13.506217
13.559146
13.930111
13.867313
14.136604
14.001948
14.146876
13.956858
14.049598
13.798777
13.871840
13.626298
13.661797
13.428757
13.471562
13.276938
11.673843
12.725517
12.298695
13.450525
12.965424
14.064250
13.572324
14.546889
13.977405
14.858954
14.166867
14.954172
14.196116
14.878083
14.076883
14.720782
13.874507
14.508850
13.683092
14.283945
13.471683
11.599166
11.853394
12.323346
12.505421
13.033684
13.124901
13.587219
13.633535
13.960820
13.921855
14.154930
13.996783
14.156300
13.947719
14.034926
13.796007
13.871380
13.600265
13.681583
13.429582
11.619148
12.733356
12.374356
13.444414
13.036356
14.115692
13.600758
14.593924
14.007441
14.855655
14.186037
14.944446
14.170142
14.865065
14.059462
14.692472
13.871558
14.509689
13.662126
11.680955
11.837846
12.364036
12.580232
13.044963
13.197971
13.635330
13.659966
14.008504
13.941013
14.157559
14.007326
14.169050
13.928720
14.058229
13.796491
13.873400
13.626539
11.619057
12.797676
12.364571
13.492866
13.087904
14.124695
13.648735
14.616757
14.009585
14.876447
14.188610
14.922777
14.169078
14.865843
14.035203
14.721577
13.871331
11.646345
11.862004
12.407769
12.582041
13.087728
13.235878
13.644632
13.691772
14.031535
13.924119
14.188020
14.007667
14.169270
13.947854
14.075244
13.799825
11.658160
12.781395
12.394363
13.524229
13.089083
14.150202
13.671272
14.599721
14.031368
14.877062
14.157354
14.945224
14.155901
14.879787
14.049247
11.652233
11.889478
12.397081
12.606107
13.112155
13.221966
13.670983
13.691989
14.009089
13.941144
14.185180
13.997292
14.195002
13.956150
11.644176
12.795986
12.416570
13.506469
13.112109
14.150376
13.644564
14.617267
14.008190
14.856724
14.154570
14.954552
14.148033
11.663779
11.871614
12.416426
12.606088
13.088934
13.236054
13.647951
13.660358
14.006708
13.921467
14.167209
14.001085
11.663887
12.795931
12.397169
13.524427
13.087350
14.125511
13.635207
14.594166
13.961563
14.858944
14.136235
11.644395
11.889406
12.394028
12.582541
13.087324
13.197582
13.600761
13.633084
13.976589
13.868429
11.651978
12.782153
12.407095
13.493242
13.045158
14.116248
13.586881
14.548319
13.929081
11.657550
11.862227
12.364455
12.580057
13.035615
13.125153
13.571437
13.559079
11.645973
12.798148
12.363614
13.445472
13.033521
14.064722
13.506424
11.618916
11.837892
12.374184
12.504545
12.965517
13.065907
11.681051
12.733270
12.323958
13.451111
12.945311
11.619692
11.852873
12.297802
12.410013
11.598648
12.727227
12.308895
11.672790
11.706757
11.631066
10.822120
11.837602
10.429032
11.331152
9.960335
10.750504
9.422187
10.115107
8.743276
9.383748
7.982464
8.550441
7.193377
7.738615
6.407208
7.052582
5.762885
6.459989
5.307147
6.055381
4.945209
5.790012
4.763574
4.468046
4.622511
4.523373
4.613099
4.532988
4.628000
4.510187
4.549962
4.487918
4.462664
4.399340
4.386729
4.296519
4.263129
4.243962
4.177196
4.192005
4.182437
4.236736
4.251259
4.450052
4.512319
4.529245
5.181628
4.495153
5.214946
4.463094
5.165783
4.467731
5.115847
4.402238
5.081872
4.331648
5.008496
4.308257
4.961529
4.258340
4.995309
4.280818
5.081281
4.459753
5.324653
4.698572
4.338180
4.524965
4.354869
4.489874
4.403051
4.443721
4.357073
4.413708
4.300914
4.325632
4.270217
4.236373
4.199977
4.218676
4.195359
4.233308
4.318132
4.385751
4.531665
4.758306
4.350865
5.044251
4.365151
5.021277
4.321328
5.025564
4.286490
4.971339
4.280623
4.926776
4.242303
4.958727
4.248316
5.001497
4.360340
5.166595
4.554936
5.550060
4.913052
4.259560
4.370087
4.245058
4.382067
4.239285
4.325572
4.248416
4.275438
4.212998
4.275545
4.198125
4.265596
4.282277
4.368748
4.437398
4.651331
4.760093
5.061091
4.230799
4.958559
4.215447
4.922397
4.232341
4.904915
4.214819
4.933962
4.224954
4.965231
4.330480
5.097700
4.478396
5.392230
4.776519
5.826423
5.291895
4.177719
4.301607
4.206805
4.294469
4.204129
4.314009
4.225102
4.325705
4.316833
4.409210
4.435578
4.635475
4.705960
4.987871
5.173861
5.533680
4.213516
4.930286
4.210016
4.965648
4.248252
4.999106
4.354182
5.109426
4.492177
5.364678
4.765987
5.732298
5.210743
6.292289
5.775881
4.264291
4.397605
4.305571
4.432794
4.417025
4.527572
4.547222
4.744599
4.787684
5.050995
5.186915
5.540630
5.716290
6.206743
4.369414
5.175066
4.487800
5.276639
4.631754
5.506586
4.881103
5.828489
5.284526
6.332636
5.802476
7.001758
6.461783
4.661656
4.789882
4.811053
5.005608
5.046356
5.292116
5.414897
5.737079
5.874510
6.327800
6.478651
6.982932
4.972428
5.879959
5.203963
6.165279
5.569294
6.604363
6.018373
7.190246
6.612229
7.838630
7.293503
5.518855
5.758062
5.865203
6.145095
6.269711
6.662275
6.792777
7.226793
7.389479
7.851525
6.096771
7.117900
6.471011
7.615051
6.955988
8.159156
7.527039
8.759583
8.099341
6.864093
7.196601
7.280565
7.660919
7.776049
8.168059
8.263696
8.705840
7.472822
8.637869
7.918429
9.124795
8.368603
9.637917
8.833405
8.284007
8.602097
8.643882
9.032500
9.029245
9.440805
8.723238
9.978949
9.079530
10.373510
9.473841
9.404634
9.731692
9.688969
10.068709
9.672720
10.992236
9.973320
10.258487
10.623780
10.405869
11.711192
12.782447
12.303572
13.437394
12.952295
14.045685
13.514397
14.552434
13.931987
14.852237
14.172396
14.948979
14.207076
14.908163
14.089490
14.745601
13.917242
14.514290
13.704764
14.293236
13.492779
14.062797
13.294257
13.104815
13.801745
13.058832
13.801384
13.066448
13.780382
13.099324
13.857115
13.165189
13.954510
13.300930
14.085754
13.451352
14.276848
13.602455
14.472678
13.781576
14.655228
13.937597
14.849717
14.028499
15.000689
14.101328
11.459414
12.153260
11.911846
12.564990
12.380925
12.977189
12.815885
13.342951
13.226891
13.662547
13.533478
13.931732
13.754999
14.089413
13.926046
14.193491
13.992077
14.263725
14.029068
14.246292
14.057896
14.287099
12.079168
13.306879
12.486113
13.723789
12.905173
14.101504
13.305159
14.422466
13.601765
14.686257
13.812340
14.842425
13.969942
14.927146
14.012333
14.987040
14.021903
14.968932
14.024538
14.966265
13.922945
12.165729
12.797043
12.606183
13.209055
13.050173
13.558409
13.413915
13.862608
13.696005
14.068631
13.903830
14.186907
13.996605
14.262792
14.035428
14.248626
14.063326
14.225352
14.014413
14.212197
12.752352
13.931119
13.148640
14.283957
13.512968
14.595164
13.786807
14.804581
13.971226
14.915743
14.050066
14.970230
14.065613
14.940356
14.051286
14.898397
13.968571
14.887436
13.888989
12.844730
13.395796
13.249300
13.749900
13.573538
14.003064
13.822996
14.157876
13.971535
14.241519
14.028992
14.229985
14.040122
14.191956
13.983138
14.156539
13.926354
14.064634
13.366091
14.449966
13.669104
14.716894
13.927485
14.877961
14.068621
14.954864
14.096822
14.935560
14.080115
14.873324
13.990413
14.812804
13.892043
14.719256
13.821736
13.407373
13.881692
13.711529
14.091480
13.908004
14.212825
13.996351
14.232082
14.030446
14.175469
13.972943
14.110652
13.886430
14.005819
13.830493
13.896413
13.816149
14.795532
14.018367
14.929046
14.114859
14.948102
14.128224
14.874683
14.039243
14.794166
13.910553
14.671763
13.808004
14.542636
13.691451
13.809356
14.151640
13.955209
14.223148
14.017769
14.189693
13.980982
14.125333
13.883461
13.992450
13.794971
13.842737
13.689924
13.736949
14.074691
14.950514
14.147162
14.920903
14.110273
14.836363
13.983269
14.682640
13.852127
14.518487
13.695943
14.394460
13.542546
13.988378
14.207555
14.006719
14.162746
13.924780
14.038465
13.823324
13.873779
13.678812
13.723729
13.535122
13.569429
14.158153
14.910319
14.078935
14.779443
13.954463
14.588590
13.771823
14.416124
13.582706
14.243957
13.434071
13.972363
14.124587
13.895263
13.963394
13.748770
13.799238
13.573655
13.607587
13.428731
13.413238
14.071312
14.730737
13.915940
14.545436
13.705184
14.328455
13.519217
14.112815
13.335648
13.855980
13.934355
13.684734
13.734903
13.521017
13.507467
13.343482
13.317731
13.878525
14.511823
13.694695
14.258331
13.479843
14.049568
13.251010
13.670528
13.682085
13.486021
13.475149
13.269092
13.256595
13.678875
14.264247
13.443949
14.021807
13.238681
13.450682
13.464090
13.269555
13.208317
13.465485
14.017267
13.236155
13.256225
13.238668
13.293920
11.247547
12.640692
11.710797
13.037471
12.168790
13.445835
12.615605
13.859469
13.013680
14.204549
13.371451
14.491334
13.630399
14.724703
13.812072
14.855418
13.941485
14.948600
13.969892
15.023947
13.997171
15.005600
13.935654
5.140871
5.526840
6.070581
6.708361
7.431648
8.089729
8.768127
9.369940
9.901566
10.388985
10.888729
11.322843
11.779897
12.222550
12.609311
12.959152
13.293733
13.507358
13.716431
13.858815
13.932079
13.987866
5.267218
6.669914
6.457338
7.941598
7.873095
9.405558
9.244300
10.631776
10.399491
11.668038
11.366089
12.630872
12.280742
13.479415
13.097914
14.186817
13.675615
14.695794
14.037830
14.938839
14.243962
5.480858
5.905501
6.622639
7.296887
8.024347
8.679301
9.346417
9.856176
10.389278
10.870370
11.350809
11.785236
12.270847
12.631680
13.019464
13.317361
13.569363
13.726350
13.915051
13.930771
5.677515
7.184404
7.007346
8.583943
8.526801
9.975500
9.801558
11.153156
10.874930
12.136036
11.860786
13.071988
12.724927
13.904210
13.433691
14.486877
13.930327
14.844474
14.159434
5.891080
6.460401
7.270944
7.911128
8.667264
9.275211
9.865912
10.345179
10.898072
11.329068
11.831419
12.263319
12.691216
13.017120
13.380556
13.560906
13.786063
13.898403
6.248457
7.774078
7.695327
9.282229
9.142028
10.563351
10.354895
11.643432
11.362094
12.637932
12.311284
13.514821
13.142881
14.232809
13.715166
14.731734
14.063201
6.475225
7.160750
7.935359
8.587481
9.302468
9.809108
10.383128
10.853928
11.373451
11.798591
12.312865
12.662883
13.072532
13.348082
13.619872
13.757433
6.910534
8.496258
8.450834
9.933085
9.765479
11.133616
10.862519
12.140461
11.863457
13.091388
12.741592
13.926425
13.454233
14.509513
13.943948
7.211251
7.882393
8.641046
9.243978
9.858729
10.327292
10.899563
11.316187
11.847102
12.253211
12.717487
13.013729
13.405842
13.567225
7.699753
9.267522
9.153501
10.561500
10.358050
11.645290
11.368340
12.639646
12.315189
13.517971
13.138146
14.237587
13.711883
7.961296
8.616524
9.305601
9.816786
10.381259
10.839565
11.366450
11.772161
12.303144
12.631138
13.068644
13.315213
8.519350
9.976029
9.813775
11.146896
10.891403
12.139999
11.872030
13.077814
12.730525
13.902725
13.431188
8.706169
9.287753
9.882517
10.333547
10.887901
11.294099
11.813982
12.209596
12.674773
12.965014
9.250702
10.631096
10.411477
11.677959
11.389486
12.635304
12.299950
13.488059
13.087232
9.374620
9.856278
10.392274
10.822560
11.334551
11.723373
12.237892
12.561904
9.903623
11.223863
10.940463
12.172460
11.865529
13.064386
12.676252
9.919423
10.353210
10.866408
11.251166
11.756984
12.113333
10.511008
11.724564
11.442453
12.624259
12.276872
10.392008
10.808069
11.281065
11.644360
11.025491
12.203321
11.878012
10.807730
11.180798
11.519103
10.997952
11.999969
11.111991
12.092486
11.096770
12.042763
11.154032
12.033880
11.125147
12.051889
11.132049
12.035359
11.132075
12.051890
11.125136
12.033763
11.153429
12.043137
11.096201
12.092910
11.112735
12.000520
10.997812
11.117541
11.463793
10.308934
10.628368
9.395267
9.573725
8.190528
8.237731
6.765808
6.780385
5.495440
5.680436
4.682025
5.130295
4.334651
4.931321
4.303745
4.935521
4.352131
5.052020
4.459850
5.141381
4.572349
10.932228
10.359121
10.190360
9.575400
9.232422
8.558961
8.011510
7.211021
6.595148
5.821662
5.326942
4.837576
4.561141
4.341414
4.274687
4.203360
4.219026
4.288158
4.271961
4.404613
4.393331
4.567836
11.016985
11.309873
10.177238
10.492562
9.223714
9.374871
8.003606
7.966367
6.545077
6.562928
5.300108
5.544222
4.598205
5.043849
4.300672
4.910034
4.241202
4.927751
4.322168
5.006998
4.393390
10.869644
10.443152
10.107750
9.542364
9.162945
8.430984
7.867173
7.058371
6.401421
5.675951
5.212586
4.728668
4.523508
4.337643
4.261786
4.239662
4.248780
4.289129
4.321826
4.404694
10.927692
11.263770
10.165160
10.379386
9.142814
9.256389
7.836893
7.802948
6.400873
6.390593
5.205925
5.465704
4.516403
5.024313
4.286535
4.884012
4.249168
4.927669
4.272460
10.930872
10.375616
10.068786
9.517186
9.058156
8.346868
7.770462
6.916056
6.310273
5.591768
5.130933
4.713550
4.509854
4.314647
4.286219
4.239504
4.240897
4.287984
10.893666
11.284367
10.082263
10.330285
9.090601
9.132596
7.750418
7.703394
6.279573
6.341380
5.149040
5.423214
4.509807
5.024846
4.261664
4.910460
4.219165
10.881659
10.351628
10.071192
9.444495
9.028023
8.295108
7.686650
6.874122
6.266209
5.545296
5.148669
4.713963
4.515543
4.337840
4.300133
4.203100
10.913776
11.233217
10.062019
10.312506
9.015881
9.104063
7.697632
7.652881
6.265770
6.342387
5.129948
5.466976
4.523017
5.044563
4.274751
10.879772
10.357679
10.035293
9.443344
9.014486
8.257834
7.698002
6.876327
6.278415
5.593071
5.204600
4.728827
4.597700
4.340791
10.883601
11.233864
10.052118
10.284956
9.015633
9.104636
7.686478
7.706420
6.309180
6.391787
5.212830
5.544467
4.561740
10.890243
10.338025
10.052448
9.442440
9.016762
8.296609
7.750136
6.917280
6.400657
5.675323
5.300044
4.836934
10.890611
11.233676
10.035425
10.312695
9.028702
9.133809
7.770543
7.802873
6.402392
6.563262
5.327008
10.883535
10.357932
10.061597
9.443969
9.091147
8.346271
7.837881
7.057237
6.544894
5.821105
10.879955
11.233157
10.071671
10.329381
9.058125
9.257019
7.867954
7.967940
6.595302
10.914150
10.350928
10.082826
9.515865
9.142433
8.428950
8.005575
7.211408
10.882413
11.283963
10.069189
10.378279
9.162955
9.372993
8.010985
10.894324
10.374863
10.165865
9.540692
9.222771
8.558415
10.931242
11.263361
10.108054
10.493181
9.231439
10.928317
10.443030
10.176398
9.576016
10.869084
11.310976
10.190543
11.016390
10.358766
10.932456
11.710757
12.782075
12.304337
13.437160
12.952210
14.046200
13.514248
14.552723
13.932317
14.852448
14.172188
14.949189
14.207194
14.908108
14.089815
14.746064
13.916694
14.515124
13.704234
14.293426
13.493500
14.061903
13.294457
11.632901
11.704877
12.309203
12.409832
12.945185
13.065257
13.506909
13.558579
13.928815
13.868618
14.135933
14.001520
14.147529
13.956741
14.047964
13.800385
13.871059
13.626838
13.662464
13.428827
13.471383
13.277026
11.673538
12.727545
12.297860
13.450797
12.966200
14.064602
13.571249
14.549107
13.976338
14.859282
14.166782
14.955060
14.194447
14.880569
14.075679
14.721123
13.873736
14.508948
13.682089
14.284474
13.471930
11.598252
11.852263
12.324229
12.504446
13.032640
13.126110
13.585904
13.633182
13.961208
13.921966
14.154081
13.997768
14.155612
13.946982
14.035618
13.796241
13.872125
13.600056
13.682797
13.427909
11.620390
12.733475
12.373468
13.446683
13.035037
14.116290
13.601377
14.594202
14.006584
14.856812
14.185389
14.944640
14.170661
14.865398
14.058631
14.691888
13.871436
14.509137
13.662361
11.680310
11.838682
12.362822
12.579665
13.045709
13.196925
13.634978
13.660403
14.008427
13.940459
14.158303
14.006576
14.169017
13.928642
14.059611
13.796384
13.874075
13.626064
11.618081
12.798194
12.365371
13.492606
13.087695
14.125846
13.648378
14.616629
14.010032
14.876459
14.188387
14.923465
14.168848
14.865267
14.034295
14.721369
13.871708
11.647170
11.860551
12.407721
12.582012
13.087488
13.235010
13.645449
13.691234
14.031550
13.924208
14.188042
14.007272
14.170113
13.948305
14.076428
13.798867
11.658232
12.782325
12.394103
13.524223
13.089648
14.150264
13.670847
14.600470
14.030985
14.877231
14.157274
14.945117
14.155155
14.878869
14.049356
11.651723
11.888521
12.397585
12.605432
13.111773
13.222353
13.670703
13.691890
14.009281
13.941183
14.185633
13.997476
14.196209
13.956230
11.644985
12.796053
12.415935
13.507530
13.111441
14.150808
13.644489
14.617444
14.008047
14.856250
14.154403
14.953746
14.147589
11.662555
11.872365
12.415405
12.606173
13.088895
13.235784
13.648148
13.660142
14.007563
13.921659
14.168023
14.001106
11.662731
12.796320
12.397173
13.524326
13.087470
14.125378
13.635536
14.593420
13.961306
14.857800
14.137085
11.644475
11.888779
12.394068
12.582085
13.087802
13.196908
13.601743
13.633004
13.978441
13.867318
11.651654
12.781998
12.407419
13.492578
13.045856
14.115459
13.587016
14.546567
13.929653
11.657949
11.861046
12.365250
12.579216
13.036157
13.124996
13.572974
13.559203
11.646471
12.797752
12.363460
13.445529
13.033214
14.063915
13.505715
11.618204
11.838418
12.373629
12.504871
12.966087
13.066424
11.680050
12.733421
12.323811
13.450300
12.945292
11.619817
11.852419
12.298618
12.409593
11.598842
12.726053
12.309450
11.674244
11.705629
11.632388
11.118913
11.462452
10.309366
10.628323
9.395505
9.573201
8.191252
8.236425
6.765445
6.779625
5.496204
5.679604
4.682797
5.130084
4.334624
4.931205
4.303590
4.935667
4.351824
5.052875
4.459434
5.141782
4.572426
4.662212
5.349305
4.632613
5.372035
4.661873
5.344934
4.620141
5.341300
4.574918
5.255426
4.528294
5.159422
4.429055
5.096839
4.329823
5.001781
4.283531
4.959538
4.249351
5.043502
4.330966
5.194267
4.555813
10.406327
10.623375
9.972172
10.070333
9.472310
9.441108
8.834791
8.707876
8.100220
7.850860
7.294416
6.981067
6.461108
6.210399
5.773140
5.536232
5.292676
5.058829
4.913148
4.758570
4.698572
4.513947
10.257591
10.994126
9.688120
10.373575
9.030720
9.638548
8.262549
8.762300
7.386998
7.840549
6.476890
7.005316
5.713580
6.292409
5.174477
5.824033
4.761068
5.552267
4.530731
5.325346
4.449387
9.671593
9.730529
9.080645
9.032970
8.367733
8.171904
7.522012
7.229648
6.610606
6.328610
5.801147
5.540284
5.212180
4.987633
4.776918
4.653555
4.552500
4.385263
4.460452
4.250475
9.406124
9.979262
8.641798
9.127793
7.774041
8.161546
6.792353
7.190317
5.874083
6.333834
5.187070
5.732707
4.704748
5.393152
4.435436
5.166520
4.320318
5.080908
4.236513
8.721099
8.604582
7.916478
7.659681
6.955656
6.661733
6.017606
5.738286
5.283354
5.050875
4.765523
4.636331
4.478225
4.369361
4.361720
4.232214
4.279685
4.183292
8.282188
8.641428
7.278955
7.616730
6.268802
6.606364
5.414013
5.828760
4.788027
5.365473
4.434774
5.098242
4.282234
5.000325
4.195139
4.996483
4.191859
7.472671
7.195229
6.471240
6.144794
5.568955
5.291859
4.881255
4.744854
4.490700
4.410003
4.330587
4.264882
4.249131
4.219502
4.257582
4.177368
6.863638
7.120436
5.863644
6.167437
5.045870
5.508071
4.546190
5.110552
4.316987
4.964301
4.198819
4.959146
4.198821
4.961713
4.244046
6.095689
5.757933
5.204639
5.004433
4.631754
4.527530
4.354413
4.324897
4.225383
4.275943
4.241124
4.236797
4.308773
4.263164
5.520057
5.880424
4.810598
5.278597
4.416175
5.000085
4.224932
4.934488
4.211967
4.927423
4.270872
5.008408
4.295625
4.971731
4.790921
4.486700
4.432126
4.248501
4.313477
4.214883
4.275784
4.280900
4.324780
4.330747
4.387645
4.661431
5.175486
4.306397
4.966193
4.203789
4.905689
4.247823
4.971141
4.300773
5.083662
4.398854
4.369252
4.397418
4.208788
4.294552
4.232075
4.325443
4.287001
4.414406
4.400571
4.462115
4.264408
4.931202
4.207432
4.922292
4.239217
5.025801
4.355597
5.116901
4.489258
4.212722
4.300968
4.215000
4.382475
4.320746
4.444781
4.468037
4.548184
4.178749
4.958956
4.244905
5.021537
4.402569
5.164937
4.511074
4.229861
4.370392
4.364723
4.490129
4.463771
4.627844
4.259339
5.044459
4.354860
5.214497
4.532552
4.350878
4.525132
4.494928
4.613855
4.337025
5.182291
4.522877
4.529704
4.622069
4.467994
11.246311
12.641093
11.711587
13.036854
12.168450
13.445320
12.614912
13.859893
13.014750
14.204457
13.371416
14.490438
13.630015
14.724845
13.813366
14.856525
13.940782
14.947933
13.968619
15.023987
13.998611
15.006575
13.935428
13.294319
13.238714
13.236620
13.207566
13.239154
13.256028
13.250807
13.318823
13.335081
13.413849
13.434139
13.568243
13.543504
13.736353
13.691409
13.897785
13.820401
14.065480
13.889054
14.211545
13.924591
14.286091
13.256569
14.017137
13.269242
14.022685
13.268215
14.050589
13.342926
14.112330
13.428914
14.243424
13.535300
14.395423
13.688944
14.543512
13.830000
14.718194
13.927557
14.886433
14.014585
14.966764
14.056521
13.464542
13.464742
13.443576
13.475070
13.480042
13.507046
13.519439
13.608216
13.582610
13.724020
13.695862
13.841675
13.809081
14.004799
13.892819
14.157613
13.967047
14.226826
14.023902
14.245813
13.451284
14.263863
13.486059
14.258631
13.520585
14.328972
13.573472
14.415085
13.679387
14.517824
13.795445
14.672675
13.885132
14.814327
13.981318
14.898243
14.064372
14.967498
14.030158
13.678263
13.682877
13.694348
13.734855
13.705500
13.798539
13.772392
13.874663
13.851435
13.993309
13.909522
14.110397
13.991064
14.191137
14.052933
14.248450
14.021162
14.264785
13.670611
14.511158
13.684975
14.545515
13.748571
14.589290
13.822418
14.681945
13.884170
14.793366
13.973961
14.873632
14.039124
14.941156
14.033597
14.987547
13.992614
13.878608
13.935220
13.915378
13.963477
13.954419
14.037817
13.984642
14.125622
14.038463
14.176614
14.078387
14.230523
14.066249
14.262341
14.014013
14.192818
13.855336
14.730271
13.895819
14.779427
13.925028
14.836661
13.979368
14.875089
14.030543
14.935055
14.030458
14.969362
13.996042
14.927487
13.924400
14.071653
14.125107
14.078199
14.162653
14.110031
14.189886
14.129551
14.231599
14.096797
14.241839
14.048666
14.188220
13.970215
14.089233
13.971879
14.910021
14.007740
14.920996
14.017800
14.947832
13.995027
14.955728
13.971167
14.915856
13.904729
14.840917
13.754919
14.158623
14.207565
14.145954
14.223348
14.114855
14.213412
14.069530
14.157134
13.971622
14.068304
13.811973
13.933233
13.987830
14.951022
13.956412
14.928668
13.907792
14.877592
13.822084
14.805393
13.695626
14.686586
13.533234
14.075219
14.150748
14.017262
14.092460
13.927299
14.003684
13.787503
13.861758
13.602038
13.662718
13.808928
14.797167
13.711692
14.716240
13.573773
14.594387
13.413357
14.423645
13.225979
13.815697
13.880583
13.669168
13.750462
13.512637
13.559553
13.305027
13.342167
13.407773
14.450902
13.248954
14.283799
13.050048
14.100606
12.816253
13.365552
13.395369
13.148623
13.209432
12.905097
12.978041
12.844616
13.931755
12.606067
13.723406
12.380749
12.752402
12.796301
12.486012
12.565642
12.165303
13.308141
11.911277
12.078499
12.152152
11.460327
10.822467
11.837103
10.429756
11.330534
9.960567
10.750323
9.422844
10.113075
8.742249
9.384509
7.980935
8.551539
7.195158
7.735492
6.407426
7.054061
5.759905
6.462202
5.307953
6.055098
4.945285
5.789043
4.763357
4.995360
6.253233
5.954369
7.404559
7.243528
8.787804
8.684527
10.106586
9.886756
11.219806
10.900877
12.160133
11.847046
13.053113
12.676533
13.861394
13.371146
14.443757
13.880308
14.815690
14.142682
15.012815
14.293796
11.519502
11.179825
11.878026
11.644720
12.277322
12.113713
12.676360
12.560564
13.087123
12.965224
13.431941
13.315445
13.712088
13.566023
13.942613
13.757915
14.063918
13.899288
14.159964
13.929324
14.242835
13.987983
10.807462
12.203749
11.280317
12.623543
11.756754
13.064134
12.238661
13.488853
12.674342
13.901933
13.068412
14.237457
13.406581
14.511199
13.619621
14.730915
13.785410
14.843678
13.916315
14.940123
13.931994
11.025341
10.807935
11.443557
11.251058
11.865508
11.722841
12.299000
12.209574
12.731705
12.631205
13.138316
13.013231
13.452616
13.347691
13.716372
13.561202
13.931448
13.725219
14.036396
13.858828
10.392001
11.723615
10.865528
12.172860
11.334598
12.636166
11.814400
13.076563
12.302642
13.518148
12.717706
13.927813
13.073558
14.231476
13.380329
14.485638
13.570129
14.697581
13.716426
10.511560
10.354009
10.940189
10.821858
11.389204
11.292833
11.873184
11.773008
12.315298
12.252778
12.740817
12.661090
13.144224
13.017396
13.434899
13.316991
13.673523
13.507216
9.918122
11.223607
10.393319
11.677844
10.889257
12.139479
11.365147
12.639471
11.847595
13.091845
12.314843
13.514144
12.690666
13.903098
13.019356
14.189109
13.294147
9.905215
9.854104
10.411879
10.332131
10.891123
10.840893
11.369268
11.315394
11.863163
11.796787
12.311501
12.263734
12.726248
12.632215
13.095624
12.958395
9.376673
10.631283
9.882875
11.148062
10.380374
11.643723
10.900014
12.141141
11.374875
12.638333
11.831291
13.070687
12.269706
13.481724
12.610391
9.249251
9.287596
9.813012
9.816355
10.359880
10.327906
10.861555
10.852580
11.362020
11.328669
11.861809
11.787164
12.278672
12.220934
8.707374
9.975851
9.306555
10.560793
9.856590
11.134682
10.385169
11.643315
10.898604
12.135933
11.348351
12.632383
11.781867
8.520214
8.616023
9.152399
9.246505
9.766399
9.806129
10.354715
10.345295
10.874361
10.872854
11.365690
11.320456
7.957126
9.269455
8.639227
9.930997
9.305010
10.564985
9.865233
11.154129
10.387331
11.667571
10.891240
7.703082
7.877853
8.453713
8.585854
9.139813
9.275202
9.801549
9.857307
10.400596
10.386836
7.212238
8.498978
7.932638
9.284313
8.667626
9.976817
9.344611
10.630873
9.903621
6.909234
7.160922
7.696802
7.909897
8.525560
8.680170
9.247449
9.367572
6.476415
7.772931
7.271484
8.585172
8.024928
9.403295
8.769050
6.249679
6.461143
7.006510
7.295909
7.875980
8.089199
5.888900
7.185636
6.623562
7.940934
7.429934
5.678103
5.904444
6.457879
6.709611
5.481060
6.670130
6.069817
5.267723
5.526875
5.141122
11.117938
11.464791
10.306423
10.630827
9.394488
9.571952
8.192667
8.236965
6.765794
6.779691
5.495757
5.680190
4.681804
5.130254
4.334212
4.930990
4.304177
4.934940
4.351824
5.052407
4.458704
5.142361
4.572506
4.663141
5.348498
4.633263
5.372256
4.661422
5.345466
4.619732
5.341298
4.575017
5.255806
4.528217
5.160030
4.428908
5.096993
4.329427
5.003369
4.283035
4.960180
4.250807
5.042613
4.330839
5.197197
4.553438
10.406524
10.622966
9.972777
10.068734
9.472743
9.439320
8.834172
8.705107
8.098743
7.851075
7.292551
6.980292
6.463193
6.206173
5.776504
5.533723
5.289593
5.058555
4.913556
4.758444
4.698942
4.512734
10.257343
10.994363
9.688314
10.374597
9.030196
9.639666
8.262318
8.761109
7.389156
7.839564
6.480231
7.003322
5.714513
6.293552
5.171774
5.828223
4.762361
5.552122
4.530392
5.325486
4.448084
9.673334
9.730416
9.080527
9.031350
8.367941
8.167592
7.527551
7.225709
6.612723
6.326132
5.800530
5.540831
5.211141
4.987905
4.777802
4.648688
4.552802
4.384993
4.460073
4.251537
9.403939
9.980293
8.643408
9.126795
7.776314
8.160011
6.792348
7.191270
5.873870
6.335677
5.187130
5.732639
4.705163
5.391758
4.436843
5.169937
4.318938
5.082342
4.235561
8.723221
8.602174
7.918294
7.659708
6.956311
6.661995
6.018432
5.737025
5.283368
5.048811
4.766120
4.635324
4.479281
4.369320
4.359203
4.230645
4.280058
4.182148
8.282588
8.638234
7.281097
7.616552
6.269100
6.605935
5.413774
5.829593
4.788683
5.366225
4.434933
5.098087
4.280871
5.001806
4.196702
4.997535
4.191763
7.473359
7.196600
6.470221
6.145495
5.569101
5.291871
4.881976
4.742933
4.490789
4.408460
4.330607
4.265740
4.249449
4.217606
4.256461
4.176504
6.862714
7.120098
5.865178
6.166040
5.046643
5.506940
4.546590
5.111808
4.316837
4.965827
4.197842
4.958380
4.199148
4.963550
4.244179
6.097097
5.757422
5.204503
5.005043
4.631538
4.528242
4.353553
4.323932
4.225101
4.274579
4.242602
4.237060
4.307562
4.262191
5.519798
5.880912
4.810651
5.278024
4.416225
4.999515
4.225969
4.934922
4.212616
4.927879
4.269093
5.008950
4.296758
4.972586
4.789987
4.487247
4.432205
4.248930
4.313183
4.214247
4.275002
4.280211
4.325035
4.332162
4.386193
4.661082
5.175995
4.305847
4.965700
4.203713
4.905857
4.248393
4.971986
4.301155
5.082524
4.398855
4.370291
4.396345
4.209984
4.294252
4.232309
4.325042
4.286513
4.413017
4.401482
4.462244
4.264152
4.931560
4.206503
4.922637
4.239059
5.025861
4.356806
5.117135
4.488482
4.213303
4.300550
4.215788
4.381827
4.321404
4.443920
4.467177
4.548396
4.178462
4.959181
4.244562
5.021601
4.402220
5.165908
4.511457
4.229833
4.370086
4.365120
4.490233
4.463785
4.627024
4.259961
5.044377
4.354621
5.214026
4.533051
4.350608
4.524861
4.495930
4.613738
4.338110
5.181482
4.522223
4.529641
4.622883
4.467454
11.246563
12.641666
11.711754
13.038072
12.168247
13.448580
12.614256
13.860934
13.015387
14.205017
13.371100
14.494258
13.628518
14.727229
13.815186
14.857753
13.940831
14.952841
13.967803
15.027362
14.002011
15.009659
13.934976
13.294981
13.235817
13.235004
13.206866
13.236519
13.251111
13.253151
13.314676
13.332225
13.415060
13.433357
13.563113
13.548395
13.732647
13.689949
13.898573
13.820219
14.060460
13.894002
14.207230
13.923498
14.285178
13.256563
14.020063
13.269882
14.023589
13.272506
14.052048
13.341759
14.118420
13.427644
14.243896
13.538026
14.397365
13.684830
14.550099
13.827066
14.719786
13.928935
14.889280
14.009815
14.974134
14.053752
13.464986
13.461096
13.445055
13.471413
13.477414
13.507282
13.517737
13.603989
13.585557
13.720804
13.693486
13.842963
13.808850
14.000722
13.896540
14.153783
13.965638
14.227165
14.024525
14.240553
13.452728
14.265331
13.485609
14.263411
13.520536
14.329934
13.576011
14.416985
13.676746
14.524037
13.793869
14.673065
13.886660
14.815818
13.978566
14.904563
14.062355
14.968674
14.030767
13.677398
13.682224
13.692955
13.731242
13.706595
13.796071
13.770397
13.875144
13.850583
13.988493
13.912795
14.107603
13.990359
14.191764
14.051999
14.243911
14.024165
14.262106
13.670674
14.512341
13.687370
14.547328
13.747813
14.593088
13.821774
14.682650
13.886696
14.795710
13.971172
14.878277
14.036768
14.942416
14.035765
14.990112
13.989688
13.879251
13.932453
13.913597
13.963055
13.953335
14.035369
13.986194
14.122847
14.036319
14.176429
14.078576
14.227414
14.069362
14.258998
14.011982
14.192691
13.855650
14.733845
13.895898
14.780410
13.926734
14.837241
13.978771
14.879405
14.030342
14.935984
14.031183
14.970670
13.993577
14.933080
13.923521
14.070199
14.121944
14.079294
14.160407
14.109101
14.190495
14.127682
14.228507
14.097862
14.239786
14.048207
14.188741
13.969542
14.085130
13.974225
14.911869
14.006613
14.924250
14.016631
14.948534
13.997813
14.957125
13.970341
14.919172
13.902930
14.841835
13.756637
14.156410
14.207028
14.145855
14.220961
14.116765
14.210917
14.067256
14.157357
13.970434
14.066398
13.814197
13.930739
13.988877
14.951565
13.956926
14.929909
13.906341
14.881435
13.822303
14.805989
13.697202
14.687176
13.531692
14.074793
14.149742
14.017065
14.092001
13.927153
14.000521
13.788240
13.860065
13.600896
13.663159
13.809414
14.798221
13.711124
14.717201
13.574538
14.596408
13.412719
14.426230
13.225618
13.814806
13.879969
13.669958
13.748635
13.512154
13.558512
13.304470
13.340341
13.408875
14.450779
13.248663
14.286161
13.049282
14.102176
12.817219
13.364776
13.395813
13.147896
13.207799
12.906373
12.975533
12.844667
13.931907
12.607074
13.724149
12.379910
12.752502
12.795524
12.485675
12.565400
12.165573
13.309149
11.910833
12.078170
12.152003
11.460286
10.822056
11.838206
10.429693
11.332056
9.960432
10.752486
9.421251
10.115850
8.743085
9.385300
7.981597
8.553723
7.192630
7.738798
6.406924
7.053059
5.763481
6.463678
5.307004
6.055420
4.944391
5.790695
4.763872
4.993218
6.255217
5.953371
7.406711
7.240463
8.792374
8.680561
10.110425
9.884044
11.222986
10.897431
12.164149
11.844880
13.053863
12.676987
13.862637
13.368321
14.447853
13.878169
14.816625
14.142706
15.016204
14.288016
11.519314
11.179704
11.876781
11.644970
12.274842
12.113259
12.676077
12.560299
13.085726
12.965904
13.429138
13.314858
13.711475
13.564538
13.940060
13.758768
14.060567
13.897435
14.159114
13.926503
14.237847
13.989774
10.807398
12.205565
11.280367
12.625931
11.757216
13.065252
12.237652
13.490825
12.673927
13.903872
13.069457
14.239046
13.405800
14.515111
13.618921
14.732685
13.787828
14.845955
13.915384
14.947795
13.930025
11.024229
10.807661
11.441494
11.250870
11.864094
11.724052
12.298158
12.208729
12.730639
12.630435
13.135672
13.014520
13.450176
13.346060
13.716416
13.559380
13.927470
13.727524
14.030496
13.857263
10.392362
11.726339
10.865645
12.174535
11.334027
12.636175
11.815126
13.078745
12.301876
13.521754
12.716822
13.928764
13.075581
14.232694
13.379286
14.491594
13.567591
14.701466
13.719222
10.508913
10.353607
10.939173
10.821861
11.389485
11.293313
11.870010
11.773952
12.312708
12.251693
12.741180
12.659675
13.141606
13.019440
13.430180
13.317109
13.672270
13.504217
9.919398
11.224676
10.393119
11.678578
10.887197
12.142987
11.365122
12.640814
11.849251
13.092403
12.314212
13.517992
12.688708
13.906353
13.019937
14.191031
13.294644
9.903215
9.855450
10.410069
10.334718
10.889252
10.839394
11.368605
11.314204
11.861693
11.797818
12.308728
12.264027
12.724224
12.631919
13.092786
12.958621
9.374674
10.633090
9.881469
11.148237
10.382136
11.645492
10.900045
12.143197
11.374159
12.640125
11.830933
13.073785
12.268043
13.485457
12.610477
9.248726
9.287601
9.813543
9.816017
10.357092
10.327586
10.860650
10.852142
11.360612
11.329809
11.857895
11.788691
12.276699
12.218570
8.706491
9.976991
9.304997
10.563561
9.858462
11.134824
10.384925
11.646135
10.895793
12.140259
11.347652
12.632735
11.784814
8.517680
8.617439
9.152325
9.243127
9.765619
9.807769
10.351223
10.347788
10.871825
10.871325
11.366774
11.317816
7.960165
9.268320
8.642007
9.934045
9.301773
10.568098
9.863771
11.155306
10.389338
11.667466
10.891739
7.700405
7.881152
8.449870
8.588107
9.138106
9.275712
9.801049
9.855515
10.400051
10.386909
7.211292
8.498172
7.934572
9.285016
8.667762
9.976399
9.346213
10.632167
9.903285
6.909903
7.160574
7.693750
7.910477
8.525133
8.680051
9.244741
9.367927
6.475094
7.776437
7.270324
8.586652
8.023914
9.404648
8.769448
6.245889
6.461454
7.005434
7.295832
7.874855
8.089241
5.889777
7.185859
6.624250
7.941043
7.430389
5.677752
5.903432
6.457277
6.709995
5.481717
6.671308
6.068981
5.266555
5.527089
5.140507
10.821425
11.838123
10.430720
11.331130
9.959314
10.753731
9.421711
10.114900
8.742563
9.384699
7.980413
8.553487
7.195062
7.735511
6.408655
7.055961
5.759466
6.463933
5.306512
6.055337
4.946596
5.791114
4.762744
4.468861
4.621578
4.523407
4.613107
4.532798
4.627201
4.511161
4.548262
4.488498
4.462454
4.398385
4.386524
4.296591
4.261825
4.244015
4.177684
4.190105
4.183273
4.236032
4.249511
4.449997
4.513089
4.529250
5.182476
4.494711
5.215178
4.463381
5.165940
4.467310
5.117718
4.400449
5.083745
4.331347
5.009144
4.307914
4.963558
4.256430
4.997266
4.280820
5.081000
4.460601
5.326919
4.696660
4.337514
4.524612
4.355110
4.489464
4.402623
4.444226
4.355845
4.413590
4.301261
4.324076
4.270490
4.236168
4.198929
4.218267
4.195872
4.231332
4.318717
4.386090
4.529086
4.758081
4.351091
5.044642
4.364537
5.022384
4.320478
5.026469
4.286889
4.971524
4.280548
4.928461
4.240940
4.960265
4.248393
5.002022
4.360073
5.168844
4.552423
5.552380
4.914366
4.259100
4.370324
4.244662
4.381896
4.239334
4.324692
4.247887
4.275681
4.211717
4.275199
4.198535
4.264097
4.282173
4.368613
4.435873
4.651490
4.761249
5.058176
4.230000
4.959225
4.215125
4.922863
4.231948
4.906450
4.214355
4.934661
4.225752
4.965174
4.330441
5.099645
4.477228
5.394448
4.776628
5.825878
5.291949
4.178427
4.300678
4.207097
4.294207
4.203603
4.312908
4.225469
4.324557
4.316116
4.409976
4.433756
4.635417
4.705462
4.985762
5.174768
5.534981
4.212733
4.931808
4.208649
4.966837
4.248612
5.000211
4.353571
5.111697
4.490883
5.365939
4.766739
5.732678
5.211905
6.294643
5.771742
4.263840
4.396890
4.306705
4.431104
4.416339
4.527522
4.546129
4.743930
4.788050
5.049722
5.186230
5.540727
5.712408
6.209178
4.369748
5.175554
4.486544
5.279908
4.630545
5.508515
4.881208
5.829640
5.283595
6.335467
5.800895
7.005833
6.462359
4.661030
4.790891
4.810162
5.003810
5.046794
5.290851
5.414116
5.737551
5.873265
6.327267
6.477424
6.979072
4.971294
5.880828
5.204665
6.168072
5.567971
6.607691
6.017105
7.191598
6.611691
7.840920
7.295057
5.520007
5.757602
5.863332
6.144418
6.269319
6.660396
6.793020
7.227586
7.387110
7.849607
6.095233
7.121219
6.471205
7.617571
6.955391
8.162499
7.522318
8.763683
8.100927
6.863747
7.194594
7.279029
7.658539
7.775026
8.170099
8.263475
8.705327
7.473765
8.641802
7.917172
9.128891
8.367715
9.639261
8.835921
8.282130
8.602745
8.641804
9.031229
9.032220
9.438944
8.721202
9.980549
9.082449
10.373579
9.471751
9.405697
9.728182
9.687555
10.071240
9.672065
10.996751
9.971447
10.256209
10.622071
10.407382
11.709340
12.783149
12.304475
13.437819
12.951087
14.048125
13.513210
14.552941
13.932551
14.853113
14.170496
14.951518
14.205396
14.908793
14.089729
14.746687
13.915170
14.516581
13.702507
14.293869
13.492009
14.063611
13.292452
13.105931
13.802586
13.061623
13.802311
13.067436
13.785991
13.100771
13.857050
13.168957
13.957404
13.295365
14.094822
13.447946
14.277008
13.604864
14.474269
13.775970
14.664956
13.931551
14.853409
14.028278
15.003651
14.097917
11.460908
12.151107
11.911174
12.566078
12.379442
12.975933
12.817200
13.339681
13.226183
13.663683
13.531845
13.930303
13.755231
14.085046
13.923776
14.194581
13.990453
14.260792
14.029258
14.239489
14.054139
14.287562
12.077862
13.310157
12.484474
13.724220
12.906617
14.101588
13.304678
14.426746
13.599614
14.687234
13.813906
14.842566
13.971017
14.932897
14.011228
14.988488
14.023730
14.970297
14.025902
14.974822
13.922792
12.164439
12.795351
12.607704
13.207474
13.048982
13.559367
13.411722
13.860459
13.698189
14.066082
13.903247
14.187616
13.992253
14.259731
14.036540
14.245443
14.062287
14.225514
14.008778
14.206735
12.753454
13.931693
13.147345
14.286805
13.511848
14.596013
13.789072
14.805071
13.969911
14.919498
14.047888
14.972300
14.070007
14.941608
14.051058
14.903437
13.966015
14.890739
13.895117
12.843719
13.396338
13.248366
13.748422
13.574608
14.000849
13.821470
14.158707
13.970130
14.239911
14.031004
14.225866
14.036509
14.192803
13.979365
14.154603
13.928597
14.058654
13.364919
14.450894
13.669947
14.717487
13.926805
14.881441
14.067620
14.955894
14.098353
14.935654
14.079101
14.879809
13.989988
14.815016
13.895885
14.718874
13.821071
13.408526
13.879783
13.711104
14.091904
13.906519
14.210930
13.997604
14.229550
14.029633
14.177208
13.969815
14.106942
13.886936
14.001388
13.827984
13.899163
13.815153
14.798664
14.016560
14.930328
14.116377
14.948751
14.127585
14.878958
14.036396
14.795527
13.913961
14.673524
13.808753
14.549092
13.689214
13.808288
14.149958
13.957252
14.220452
14.017063
14.190282
13.978541
14.123732
13.886336
13.988717
13.792712
13.842464
13.685176
13.733798
14.075867
14.950897
14.145763
14.924864
14.108268
14.838270
13.985631
14.682204
13.850685
14.523968
13.694904
14.397629
13.547782
13.987918
14.208212
14.005965
14.160467
13.926933
14.034486
13.822606
13.875420
13.677033
13.720128
13.536898
13.563034
14.156935
14.910792
14.080143
14.780164
13.953627
14.593652
13.769490
14.416429
13.585734
14.244802
13.434101
13.974145
14.122765
13.894845
13.963438
13.747185
13.795827
13.577383
13.604216
13.427051
13.414510
14.069957
14.733554
13.914477
14.547008
13.707554
14.329286
13.516482
14.118793
13.332470
13.855723
13.932587
13.686593
13.731249
13.519949
13.508629
13.342153
13.314768
13.878854
14.512613
13.693607
14.263614
13.477073
14.051244
13.252535
13.670918
13.681826
13.484888
13.471701
13.272971
13.251706
13.677408
14.265691
13.445646
14.022805
13.236502
13.453005
13.460563
13.269852
13.207362
13.464680
14.020467
13.234916
13.256517
13.235785
13.294433
11.245865
12.641837
11.711646
13.037370
12.167825
13.448497
12.613891
13.861349
13.015242
14.204563
13.370393
14.494736
13.629739
14.727388
13.815397
14.856098
13.939438
14.953964
13.969268
15.028623
14.002336
15.007004
13.934266
5.141457
5.526257
6.069035
6.710609
7.428924
8.088368
8.769973
9.366661
9.903222
10.387546
10.890563
11.319254
11.783175
12.220312
12.608791
12.960116
13.293233
13.505665
13.717571
13.858968
13.928336
13.991087
5.265410
6.673480
6.454949
7.943474
7.874418
9.406349
9.243521
10.635605
10.396650
11.670408
11.364405
12.634615
12.275536
13.485835
13.093145
14.190401
13.673111
14.700477
14.031875
14.945924
14.240342
5.479518
5.904605
6.623664
7.295303
8.023828
8.680530
9.345038
9.855213
10.390584
10.869431
11.350012
11.785696
12.271407
12.628503
13.022824
13.314610
13.569680
13.725663
13.916900
13.925362
5.678754
7.185434
7.006210
8.586547
8.525430
9.976215
9.802281
11.154117
10.872874
12.139145
11.859158
13.072794
12.724593
13.906924
13.429275
14.492753
13.926306
14.847220
14.157975
5.889029
6.461339
7.270728
7.908852
8.668057
9.275330
9.863942
10.347048
10.896935
11.328449
11.831764
12.263708
12.688750
13.019046
13.379965
13.558214
13.789204
13.895799
6.248050
7.774094
7.696770
9.285649
9.138095
10.566992
10.353322
11.643949
11.362151
12.639553
12.308874
13.517849
13.142100
14.232240
13.716806
14.732761
14.060052
6.476940
7.160127
7.931443
8.586149
9.304219
9.806038
10.384998
10.853302
11.372071
11.799634
12.312586
12.660914
13.073982
13.347745
13.617087
13.760435
6.906344
8.502678
8.451269
9.932945
9.764532
11.137151
10.858071
12.145076
11.860737
13.092825
12.740971
13.929032
13.450320
14.514532
13.941365
7.211728
7.876225
8.639935
9.245641
9.856014
10.328536
10.899732
11.313818
11.849248
12.251680
12.716733
13.014133
13.406374
13.563829
7.703289
9.271192
9.150079
10.564426
10.357030
11.645543
11.368226
12.641668
12.311948
13.522121
13.135812
14.238815
13.711621
7.955360
8.616514
9.305138
9.815290
10.381796
10.839537
11.364811
11.773150
12.303075
12.628597
13.071088
13.313349
8.519755
9.976497
9.813960
11.148328
10.889491
12.141991
11.871736
13.076966
12.732060
13.903271
13.429112
8.706978
9.286567
9.881639
10.333430
10.888468
11.291621
11.815702
12.208773
12.672979
12.966802
9.249470
10.633294
10.411181
11.677560
11.390123
12.636497
12.297415
13.491412
13.085731
9.375036
9.853397
10.394034
10.821550
11.333141
11.724411
12.237388
12.559997
9.905528
11.224800
10.938259
12.175614
11.863776
13.065170
12.676192
9.917303
10.355046
10.864846
11.250198
11.757621
12.112962
10.509801
11.724654
11.443345
12.624870
12.275127
10.393115
10.807214
11.279576
11.645505
11.024328
12.205743
11.877079
10.806401
11.179588
11.519558
4.662581
5.348631
4.632702
5.371877
4.662392
5.344168
4.621056
5.340236
4.575141
5.255734
4.527823
5.159710
4.428896
5.096432
4.329891
5.002032
4.284045
4.959055
4.250587
5.042307
4.330034
5.195704
4.556124
4.729183
4.668798
4.777560
4.683829
4.760308
4.720453
4.713039
4.650758
4.668189
4.571630
4.553357
4.497778
4.420376
4.379431
4.327244
4.280267
4.220713
4.258610
4.172380
4.286385
4.273414
4.441814
4.801039
5.480950
4.791875
5.537200
4.777195
5.491349
4.789367
5.433193
4.700412
5.364634
4.586552
5.234057
4.487284
5.092172
4.349552
5.004509
4.237034
4.935680
4.221406
4.966338
4.271384
4.832267
4.905090
4.886358
4.885922
4.929868
4.849759
4.843661
4.810460
4.744557
4.690926
4.644988
4.549216
4.494078
4.446581
4.339236
4.331012
4.254884
4.255621
4.219146
4.289135
4.926999
5.636196
4.980535
5.636912
4.937057
5.646120
4.890159
5.540808
4.817750
5.405344
4.669445
5.281148
4.492977
5.124937
4.368962
4.980255
4.254195
4.937371
4.171737
5.029502
5.039983
5.046936
5.082784
5.022424
4.991918
4.970775
4.889193
4.835850
4.775192
4.669026
4.612727
4.527472
4.435875
4.368953
4.331413
4.236536
4.257965
5.066536
5.815457
5.072436
5.773256
5.089896
5.722587
4.994823
5.623088
4.856856
5.455213
4.709197
5.262056
4.526457
5.125389
4.338975
5.004496
4.221388
5.142611
5.189927
5.202895
5.166421
5.117831
5.096431
5.021067
4.950823
4.891366
4.770494
4.708442
4.613048
4.494013
4.445227
4.350760
4.279226
5.202382
5.919129
5.176628
5.902003
5.152341
5.778152
5.063243
5.615333
4.892047
5.454753
4.670504
5.279141
4.495288
5.091967
4.326987
5.230289
5.284819
5.245268
5.210909
5.197474
5.086810
5.063212
4.950311
4.857400
4.773897
4.670215
4.549542
4.486347
4.380015
5.262856
6.054035
5.255251
5.908468
5.197182
5.778007
5.021957
5.621932
4.837186
5.405052
4.644498
5.234773
4.420381
5.183304
5.302415
5.255175
5.210981
5.153107
5.095108
4.995940
4.888907
4.816842
4.692213
4.585455
4.497969
5.183192
6.054132
5.245434
5.901067
5.118678
5.722569
4.969622
5.542386
4.743323
5.365315
4.553544
5.262267
5.284859
5.177057
5.166639
5.088827
4.993578
4.889208
4.810914
4.700439
4.571251
5.230800
5.918712
5.202440
5.774099
5.021711
5.645839
4.843765
5.432896
4.668480
5.201951
5.190812
5.071833
5.082940
4.937503
4.850097
4.789540
4.650582
5.142795
5.814801
5.047692
5.636238
4.929698
5.490509
4.713794
5.067361
5.039742
4.980363
4.886388
4.778112
4.719973
5.028785
5.636790
4.886227
5.536111
4.760643
4.926948
4.904609
4.792856
4.683828
4.832430
5.480652
4.777207
4.801157
4.669070
4.729532
4.664907
5.402961
4.842903
5.630394
4.988542
5.766341
5.165295
5.911620
5.253215
6.107443
5.190417
6.480819
5.189501
6.107515
5.253264
5.911447
5.166505
5.765909
4.988202
5.630012
4.843242
5.403198
4.665275
4.661808
5.349076
4.632736
5.372157
4.661898
5.345470
4.619996
5.341230
4.575262
5.255686
4.527969
5.160884
4.428084
5.097686
4.330030
5.001829
4.284097
4.960535
4.249238
5.044485
4.330166
5.195860
4.554722
4.729345
4.668744
4.776672
4.684529
4.759748
4.720857
4.713168
4.650464
4.668374
4.570804
4.553532
4.497541
4.419931
4.380538
4.325575
4.279699
4.221371
4.256510
4.172506
4.287731
4.269948
4.443255
4.801371
5.481369
4.792034
5.537150
4.777085
5.491000
4.789664
5.432764
4.701210
5.364912
4.585850
5.235502
4.485361
5.093385
4.350557
5.004109
4.237529
4.937411
4.218791
4.969234
4.271339
4.831834
4.905053
4.885697
4.886693
4.929970
4.849378
4.844502
4.809552
4.743948
4.691910
4.643618
4.550306
4.494478
4.444566
4.339711
4.330694
4.253561
4.256479
4.218788
4.287235
4.926906
5.637052
4.980285
5.635835
4.938256
5.644943
4.890434
5.542279
4.816294
5.406528
4.668994
5.280171
4.494051
5.125839
4.368074
4.981931
4.253206
4.937978
4.171848
5.028709
5.039524
5.048417
5.081878
5.022721
4.992735
4.968962
4.889975
4.835626
4.774731
4.670030
4.612507
4.526233
4.435961
4.368507
4.331013
4.236704
4.257617
5.067522
5.814236
5.072548
5.773687
5.088733
5.723913
4.994729
5.623222
4.856834
5.455135
4.708513
5.262877
4.527004
5.125594
4.338681
5.005496
4.220411
5.143237
5.190354
5.202448
5.167142
5.117285
5.096046
5.020849
4.950772
4.891683
4.770272
4.708915
4.612042
4.493330
4.446157
4.349558
4.279407
5.201822
5.919297
5.176157
5.902480
5.152260
5.778910
5.063105
5.615066
4.892176
5.454787
4.669985
5.281242
4.493623
5.092933
4.327212
5.230514
5.285226
5.244712
5.211120
5.197056
5.086043
5.064213
4.949676
4.857281
4.774679
4.668524
4.549875
4.486767
4.378903
5.262103
6.054664
5.255182
5.908356
5.198346
5.777403
5.021554
5.623426
4.835368
5.406945
4.644159
5.234686
4.420326
5.182939
5.302046
5.255766
5.209846
5.153002
5.096195
4.994237
4.889870
4.816350
4.691197
4.586218
4.497762
5.183872
6.053498
5.245921
5.901982
5.117213
5.723895
4.969384
5.542472
4.743922
5.365549
4.552641
5.262777
5.284897
5.175980
5.167590
5.088484
4.993012
4.889334
4.810275
4.700236
4.571420
5.230234
5.919604
5.202051
5.773982
5.022018
5.646240
4.844024
5.433214
4.668417
5.202060
5.190543
5.072131
5.082858
4.937194
4.849254
4.789785
4.650029
5.142319
5.815351
5.047099
5.636432
4.930646
5.490545
4.713624
5.066964
5.039618
4.981281
4.885006
4.777967
4.720251
5.029387
5.635876
4.886638
5.537225
4.759637
4.927430
4.904810
4.791777
4.684263
4.832091
5.481447
4.776955
4.800757
4.668954
4.729464
13.184742
13.620225
12.928534
13.414683
12.694228
13.161740
12.484153
12.975888
12.280511
12.948769
12.012660
13.368306
12.011931
12.948438
12.280693
12.976510
12.484827
13.160844
12.693990
13.414388
12.928990
13.620843
13.184466
13.104967
13.801002
13.058511
13.801951
13.065964
13.781079
13.099566
13.856247
13.165327
13.954357
13.300396
14.087023
13.450634
14.277068
13.602714
14.471379
13.782513
14.654910
13.937182
14.850426
14.027021
15.001106
14.101922
13.018526
13.079998
12.991728
13.007715
13.012272
13.040394
13.039739
13.080744
13.152823
13.159898
13.286000
13.304548
13.439811
13.455675
13.641032
13.590978
13.829536
13.731600
13.978714
13.828348
14.115072
13.856391
12.916009
13.537497
12.873521
13.536803
12.835683
13.553861
12.922946
13.626936
13.027720
13.786196
13.169967
13.969390
13.374173
14.168613
13.580852
14.417382
13.769708
14.649659
13.964155
14.845307
14.114679
12.788065
12.868651
12.751090
12.833290
12.817730
12.830280
12.871701
12.928377
12.989057
13.049029
13.183993
13.197948
13.387959
13.392962
13.579177
13.565981
13.794879
13.697251
13.962267
13.829976
12.670208
13.309648
12.657264
13.255699
12.658823
13.352023
12.748215
13.463385
12.924765
13.636646
13.115763
13.881072
13.323267
14.136454
13.575835
14.384493
13.794264
14.651391
13.977905
12.588122
12.611495
12.573543
12.650656
12.594277
12.666728
12.726845
12.776738
12.890534
12.969782
13.098374
13.163736
13.351744
13.348921
13.576046
13.566584
13.768425
13.731894
12.456757
13.091568
12.398480
13.065681
12.514929
13.162071
12.645164
13.351574
12.841807
13.568246
13.101303
13.820478
13.351739
14.136424
13.578334
14.418257
13.829803
12.362443
12.435102
12.419158
12.437391
12.449549
12.547788
12.610565
12.701947
12.858811
12.906688
13.100699
13.163919
13.323261
13.393502
13.580812
13.590014
12.256173
12.886695
12.243639
12.959144
12.396665
13.066060
12.625134
13.265471
12.859908
13.567660
13.099488
13.880077
13.388374
14.167664
13.642552
12.197792
12.277443
12.257980
12.299859
12.422761
12.439776
12.626194
12.700444
12.842414
12.968883
13.116062
13.198171
13.374493
13.455060
12.120317
12.876095
12.224267
12.861410
12.423021
13.064904
12.611625
13.351406
12.891030
13.636865
13.183581
13.969169
13.440111
11.987674
12.187983
12.224752
12.298960
12.398305
12.546657
12.645416
12.776352
12.924335
13.049521
13.169999
13.304690
11.988505
12.874932
12.259402
12.957690
12.449869
13.162659
12.726141
13.464813
12.987880
13.786828
13.285173
12.121133
12.276863
12.243787
12.438446
12.513365
12.668055
12.746683
12.929171
13.027565
13.160179
12.197733
12.887144
12.417954
13.066801
12.593584
13.352613
12.871906
13.626300
13.153169
12.255803
12.436079
12.397591
12.651178
12.658420
12.829976
12.923530
13.080493
12.361128
13.092523
12.573291
13.255450
12.818837
13.552460
13.040675
12.457017
12.610313
12.658766
12.831405
12.837253
13.039853
12.589322
13.308814
12.751886
13.536637
13.011457
12.670155
12.868379
12.873249
13.008641
12.788581
13.538030
12.990572
12.914475
13.081377
13.018659
13.105618
13.801952
13.061758
13.802921
13.066976
13.787152
13.099929
13.856674
13.170037
13.956047
13.296798
14.094240
13.447454
14.277752
13.604646
14.474341
13.777224
14.663348
13.932002
14.853589
14.027143
15.005752
14.097513
13.017124
13.078724
12.988372
13.008620
13.007183
13.035728
13.040013
13.079903
13.145390
13.166475
13.280767
13.302417
13.442076
13.455236
13.635890
13.597465
13.823716
13.731885
13.978912
13.828453
14.110998
13.859741
12.917075
13.540786
12.874347
13.538295
12.843228
13.556368
12.919787
13.636319
13.024261
13.786756
13.173471
13.970977
13.368866
14.177051
13.575205
14.420737
13.769067
14.654078
13.957387
14.854085
14.109349
12.784928
12.866366
12.750887
12.827732
12.809209
12.835249
12.865244
12.926028
12.990905
13.048552
13.177108
13.205583
13.381893
13.394349
13.577890
13.568536
13.787418
13.704415
13.957469
13.829756
12.674533
13.309977
12.659619
13.267141
12.658286
13.352963
12.752744
13.466144
12.918002
13.647533
13.109742
13.883354
13.322955
14.141134
13.567956
14.394839
13.788184
14.653585
13.978158
12.584241
12.612224
12.563317
12.644286
12.594692
12.666485
12.717080
12.785797
12.884050
12.968910
13.099277
13.166716
13.342112
13.359095
13.568360
13.567721
13.769313
13.732460
12.459936
13.095723
12.409713
13.070821
12.508197
13.174695
12.640382
13.352140
12.843255
13.574097
13.088844
13.835673
13.342220
14.140232
13.579124
14.419952
13.824157
12.357115
12.428297
12.403692
12.446073
12.442398
12.544762
12.611585
12.706947
12.844203
12.922639
13.090070
13.165209
13.325170
13.392500
13.576208
13.596928
12.261717
12.903788
12.244711
12.957160
12.400790
13.074406
12.607533
13.286768
12.846041
13.572055
13.100920
13.881846
13.382237
14.177515
13.635171
12.184355
12.265768
12.259312
12.307202
12.399248
12.465354
12.608218
12.705462
12.844076
12.968407
13.110006
13.206195
13.368029
13.456039
12.134319
12.888342
12.198044
12.896784
12.398820
13.073881
12.612566
13.351538
12.884732
13.647413
13.176319
13.972043
13.440849
11.968240
12.216862
12.198426
12.306873
12.402151
12.543495
12.641058
12.785711
12.916846
13.050466
13.171622
13.303893
11.968454
12.888025
12.259521
12.956599
12.442226
13.175494
12.715462
13.468423
12.989007
13.787928
13.280424
12.133692
12.266466
12.244380
12.446796
12.507386
12.667719
12.751741
12.926226
13.024539
13.165488
12.184296
12.903392
12.403906
13.070831
12.594052
13.353101
12.865541
13.635816
13.146683
12.262131
12.428274
12.409140
12.645175
12.658366
12.834870
12.920669
13.078193
12.357356
13.095951
12.563468
13.265939
12.810243
13.554840
13.041664
12.460048
12.611595
12.660561
12.827485
12.844030
13.035401
12.583917
13.310434
12.750162
13.538071
13.006621
12.674193
12.866258
12.875210
13.008955
12.785260
13.540480
12.987356
12.917121
13.079376
13.017396

