Tension at each vertex
0.011335
0.011335
0.011351
0.011345
-1.809088
1.560832
-1.809088
1.560832
-0.984404
-0.984397
1.083197
1.083522
0.014596
-0.132365
-0.134176
-0.269414
-0.298405
-0.414920
-0.467710
-0.574630
-0.635983
-0.744204
-0.817557
-0.930939
-1.023431
-1.152343
-1.258181
-1.393779
-1.488397
-1.598970
-1.655919
-1.724426
-1.735920
-1.789803
-1.768877
-0.018104
-0.112641
-0.172208
-0.255183
-0.328969
-0.413832
-0.486717
-0.580343
-0.653808
-0.749641
-0.832669
-0.939504
-1.038790
-1.163586
-1.278521
-1.401484
-1.506799
-1.596207
-1.667182
-1.712635
-1.748634
-1.748757
-0.002662
-0.151740
-0.163497
-0.291849
-0.324015
-0.447130
-0.492143
-0.605562
-0.665588
-0.775720
-0.848184
-0.966352
-1.056874
-1.187187
-1.291933
-1.421873
-1.510937
-1.614480
-1.664884
-1.731422
-1.748634
-0.036079
-0.099340
-0.186896
-0.260219
-0.343212
-0.424055
-0.508958
-0.594024
-0.677249
-0.770846
-0.859181
-0.965585
-1.069909
-1.191963
-1.304441
-1.422714
-1.517715
-1.603821
-1.664884
-1.712635
-0.027018
-0.154846
-0.172163
-0.305706
-0.339503
-0.462736
-0.509634
-0.627475
-0.684864
-0.798593
-0.870309
-0.989029
-1.078522
-1.209027
-1.309424
-1.434199
-1.517715
-1.614480
-1.667182
-0.025492
-0.110652
-0.193338
-0.264661
-0.357064
-0.434237
-0.523725
-0.606115
-0.694105
-0.783670
-0.875398
-0.980624
-1.083647
-1.202129
-1.309423
-1.422714
-1.510936
-1.596206
-0.036877
-0.148154
-0.188840
-0.311569
-0.351358
-0.475149
-0.523226
-0.640590
-0.697236
-0.810950
-0.879481
-0.996803
-1.083647
-1.209027
-1.304441
-1.421872
-1.506798
-0.035630
-0.114783
-0.194152
-0.274671
-0.363579
-0.441438
-0.532172
-0.612160
-0.700362
-0.788066
-0.879480
-0.980624
-1.078521
-1.191962
-1.291931
-1.401483
-0.033877
-0.153602
-0.196929
-0.313316
-0.362458
-0.479591
-0.530762
-0.645492
-0.700363
-0.810951
-0.875398
-0.989029
-1.069908
-1.187186
-1.278520
-0.040414
-0.112527
-0.199767
-0.277894
-0.364826
-0.445591
-0.530762
-0.612162
-0.697236
-0.783670
-0.870307
-0.965584
-1.056871
-1.163584
-0.038372
-0.155251
-0.199102
-0.316273
-0.364827
-0.479595
-0.532176
-0.640595
-0.694107
-0.798595
-0.859181
-0.966352
-1.038788
-0.039278
-0.114237
-0.199102
-0.277897
-0.362461
-0.441446
-0.523231
-0.606120
-0.684865
-0.770847
-0.848182
-0.939503
-0.039276
-0.155249
-0.199764
-0.313321
-0.363586
-0.475162
-0.523733
-0.627483
-0.677251
-0.775723
-0.832669
-0.038365
-0.112522
-0.196922
-0.274677
-0.351370
-0.434253
-0.509642
-0.594032
-0.665589
-0.749642
-0.040404
-0.153593
-0.194140
-0.311579
-0.357081
-0.462759
-0.508969
-0.605573
-0.653812
-0.033865
-0.114766
-0.188820
-0.264676
-0.339521
-0.424077
-0.492151
-0.580352
-0.035619
-0.148130
-0.193308
-0.305729
-0.343235
-0.447156
-0.486729
-0.036869
-0.110618
-0.172122
-0.260241
-0.324031
-0.413852
-0.025491
-0.154808
-0.186851
-0.291872
-0.328988
-0.027019
-0.099306
-0.163452
-0.255191
-0.036075
-0.151717
-0.172181
-0.002652
-0.112617
-0.018094
0.016462
-0.026944
0.032239
0.005503
0.031715
-0.001740
0.045928
-0.002618
0.043691
0.003751
0.042877
0.003610
0.042876
0.003752
0.043692
-0.002615
0.045933
-0.001732
0.031720
0.005512
0.032249
-0.026934
0.016470
0.138485
0.127885
0.266835
0.280582
0.403483
0.446509
0.554760
0.617974
0.726603
0.805798
0.920739
1.011893
1.125744
1.217258
1.312910
1.385163
1.454381
1.493593
1.536691
1.552417
1.572114
1.567934
1.577749
0.115987
0.162594
0.247633
0.314772
0.395793
0.471535
0.563754
0.642300
0.745742
0.831981
0.943317
1.037032
1.146487
1.233517
1.328816
1.391238
1.460803
1.497084
1.535839
1.550519
1.573097
1.571105
0.138730
0.131265
0.268457
0.293643
0.418321
0.458671
0.578250
0.637928
0.754991
0.834494
0.952216
1.042907
1.157412
1.241154
1.336941
1.400687
1.464756
1.501366
1.540821
1.549552
1.573108
0.104502
0.189790
0.250825
0.334527
0.411142
0.496192
0.581224
0.671603
0.767552
0.862435
0.970100
1.064179
1.171417
1.255021
1.343548
1.403859
1.469447
1.498055
1.540761
1.550549
0.119789
0.139744
0.277118
0.300465
0.428684
0.472283
0.594402
0.654664
0.777500
0.853233
0.976346
1.063514
1.175983
1.256740
1.348440
1.404447
1.469454
1.501394
1.535851
0.120784
0.188326
0.259556
0.350398
0.420916
0.514219
0.596252
0.690272
0.784162
0.882868
0.984368
1.080918
1.182390
1.261096
1.348419
1.403870
1.464716
1.497111
0.114768
0.156055
0.273181
0.311274
0.436861
0.481441
0.606027
0.666153
0.788658
0.864665
0.987865
1.069317
1.182392
1.256752
1.343546
1.400725
1.460759
0.115006
0.192785
0.271333
0.355284
0.431721
0.524754
0.604101
0.701540
0.792027
0.888621
0.987858
1.080923
1.175964
1.255042
1.336876
1.391307
0.121449
0.157012
0.274180
0.320331
0.437171
0.489233
0.609446
0.668550
0.792026
0.864671
0.984362
1.063538
1.171387
1.241220
1.328767
0.113802
0.201088
0.273105
0.360326
0.437746
0.525851
0.609445
0.701544
0.788649
0.882882
0.976314
1.064216
1.157357
1.233547
0.118515
0.158720
0.275810
0.320679
0.437745
0.489236
0.604096
0.666167
0.784144
0.853266
0.970072
1.042946
1.146468
0.117180
0.201379
0.275809
0.360329
0.437166
0.524763
0.606012
0.690291
0.777474
0.862456
0.952186
1.037060
0.117179
0.158722
0.273101
0.320338
0.431712
0.481457
0.596237
0.654686
0.767535
0.834530
0.943278
0.118511
0.201092
0.274173
0.355294
0.436848
0.514233
0.594384
0.671623
0.754954
0.832024
0.113796
0.157019
0.271325
0.311286
0.420904
0.472303
0.581202
0.637968
0.745708
0.121442
0.192792
0.273171
0.350412
0.428665
0.496215
0.578219
0.642326
0.114999
0.156065
0.259544
0.300483
0.411125
0.458697
0.563736
0.114759
0.188337
0.277105
0.334542
0.418301
0.471553
0.120777
0.139755
0.250814
0.293663
0.395776
0.119782
0.189802
0.268441
0.314789
0.104492
0.131280
0.247619
0.138720
0.162605
0.115977
-0.030773
-0.048788
-0.107218
-0.127912
-0.200528
-0.217638
-0.296631
-0.315267
-0.395672
-0.415412
-0.495606
-0.513918
-0.592060
-0.610654
-0.680690
-0.703238
-0.764471
-0.785719
-0.844893
-0.861848
-0.910457
-0.940074
-0.976948
-1.787320
-1.768467
-1.784314
-1.772761
-1.784024
-1.772832
-1.779559
-1.774029
-1.772340
-1.760122
-1.752058
-1.725376
-1.697264
-1.650110
-1.598953
-1.522370
-1.451258
-1.355268
-1.279953
-1.175652
-1.118436
-1.010279
-1.761496
-1.783694
-1.771987
-1.776632
-1.772762
-1.772488
-1.765329
-1.755953
-1.746739
-1.724030
-1.698867
-1.661047
-1.613493
-1.551832
-1.480139
-1.401875
-1.316547
-1.229992
-1.150051
-1.072167
-0.997455
-1.763360
-1.737363
-1.760914
-1.743308
-1.749791
-1.734221
-1.732469
-1.709822
-1.691880
-1.658993
-1.621091
-1.566662
-1.507151
-1.432109
-1.357749
-1.266279
-1.195981
-1.102548
-1.040001
-0.956769
-1.714204
-1.729063
-1.713422
-1.717098
-1.704992
-1.691237
-1.671349
-1.645220
-1.609982
-1.563254
-1.509569
-1.444133
-1.373190
-1.291925
-1.218426
-1.135235
-1.063459
-0.992475
-0.932018
-1.666225
-1.650107
-1.662495
-1.635744
-1.632395
-1.604081
-1.579246
-1.538622
-1.495191
-1.439481
-1.377408
-1.304478
-1.238570
-1.155606
-1.091662
-1.012452
-0.959770
-0.877486
-1.589728
-1.587004
-1.571488
-1.561130
-1.531595
-1.504051
-1.463700
-1.417036
-1.361562
-1.297834
-1.237849
-1.160998
-1.100479
-1.026429
-0.971002
-0.897641
-0.857048
-1.489093
-1.470494
-1.460262
-1.430593
-1.405738
-1.365512
-1.321702
-1.271403
-1.218152
-1.153876
-1.098918
-1.031824
-0.979691
-0.908947
-0.871066
-0.795740
-1.374904
-1.363253
-1.336798
-1.312348
-1.271861
-1.234159
-1.187414
-1.131752
-1.085866
-1.021542
-0.976735
-0.908086
-0.873042
-0.801068
-0.770686
-1.244588
-1.222994
-1.196378
-1.167196
-1.130744
-1.088941
-1.048808
-0.999389
-0.957022
-0.901565
-0.865668
-0.803059
-0.772065
-0.708820
-1.125371
-1.110339
-1.078150
-1.047328
-1.014725
-0.970895
-0.937842
-0.882617
-0.856666
-0.790798
-0.769086
-0.702521
-0.681061
-1.000939
-0.978961
-0.952244
-0.921179
-0.890442
-0.851814
-0.823908
-0.774472
-0.748976
-0.696987
-0.670296
-0.612427
-0.906162
-0.884689
-0.860154
-0.824273
-0.804817
-0.752295
-0.738648
-0.678232
-0.664358
-0.598132
-0.589291
-0.797042
-0.772136
-0.751191
-0.714829
-0.696110
-0.654236
-0.632577
-0.586369
-0.567715
-0.510947
-0.722240
-0.693073
-0.679546
-0.634011
-0.622639
-0.566447
-0.561392
-0.491684
-0.492182
-0.622424
-0.588826
-0.572389
-0.534896
-0.519930
-0.472563
-0.461738
-0.407330
-0.554541
-0.523147
-0.511275
-0.456721
-0.457133
-0.388407
-0.392527
-0.455579
-0.413690
-0.409447
-0.360020
-0.354789
-0.300815
-0.399512
-0.356931
-0.351205
-0.290184
-0.294632
-0.296346
-0.249164
-0.252634
-0.192901
-0.247192
-0.198703
-0.199398
-0.151784
-0.090195
-0.100214
0.138502
0.127865
0.266855
0.280557
0.403511
0.446474
0.554793
0.617940
0.726636
0.805752
0.920801
1.011814
1.125816
1.217203
1.312954
1.385101
1.454489
1.493472
1.536806
1.552367
1.572190
1.567875
1.577890
1.570748
1.556703
1.565841
1.565716
1.566361
1.564602
1.568319
1.573799
1.571335
1.578644
1.575774
1.576943
1.567100
1.561209
1.538427
1.518193
1.482512
1.441386
1.393939
1.335932
1.275013
1.210042
1.146285
0.119485
0.218809
0.203697
0.302717
0.302503
0.393674
0.405638
0.493112
0.513191
0.596033
0.623432
0.700897
0.733553
0.803156
0.840654
0.902105
0.935154
0.995381
1.019519
1.068244
1.095912
1.136864
0.210331
0.257896
0.304802
0.364647
0.404303
0.474893
0.508553
0.584454
0.618607
0.694511
0.731484
0.803572
0.844395
0.910037
0.948231
1.010203
1.042116
1.090643
1.125274
1.156976
1.179614
0.263051
0.358539
0.362961
0.456529
0.470057
0.561152
0.587725
0.672048
0.710479
0.788189
0.834949
0.905605
0.952944
1.019139
1.060419
1.115681
1.155377
1.195377
1.224501
1.262537
0.365768
0.410447
0.467665
0.529256
0.581626
0.648406
0.702185
0.772264
0.827672
0.898339
0.952245
1.021658
1.069312
1.129625
1.172855
1.218620
1.251695
1.290823
1.307621
0.420230
0.514381
0.534674
0.623716
0.660246
0.745301
0.794684
0.875291
0.932516
1.008123
1.064965
1.130340
1.183452
1.234734
1.275268
1.318868
1.343728
1.376719
0.527009
0.576529
0.649028
0.708613
0.779793
0.846604
0.918390
0.989088
1.056457
1.124875
1.184314
1.242578
1.286703
1.337248
1.363055
1.400441
1.419102
0.596291
0.682390
0.727017
0.814101
0.872611
0.957602
1.023025
1.102476
1.167026
1.233354
1.287094
1.341265
1.377093
1.416545
1.443193
1.464976
0.705684
0.762350
0.849114
0.913675
0.998714
1.069889
1.147879
1.215682
1.279047
1.338816
1.379972
1.426806
1.452947
1.481688
1.497733
0.788865
0.873364
0.940661
1.029183
1.100693
1.182854
1.249933
1.318758
1.369310
1.420055
1.456157
1.485051
1.510000
1.526395
0.904140
0.970770
1.064811
1.135070
1.220943
1.287019
1.352224
1.407018
1.450617
1.486549
1.511919
1.535265
1.543669
0.996215
1.084892
1.161541
1.245231
1.311307
1.379918
1.429812
1.472663
1.506774
1.529989
1.547016
1.559181
1.114029
1.184270
1.272103
1.337255
1.403957
1.450729
1.494559
1.525313
1.543502
1.563587
1.566624
1.202999
1.287746
1.354030
1.418020
1.467591
1.507844
1.533385
1.554678
1.566186
1.569983
1.305875
1.366507
1.435342
1.478767
1.516817
1.545391
1.561379
1.572275
1.574686
1.377831
1.442393
1.484634
1.527669
1.549601
1.564036
1.573741
1.573278
1.448317
1.492478
1.530915
1.550024
1.569119
1.575738
1.572899
1.493920
1.532143
1.556235
1.571953
1.572855
1.573132
1.536611
1.553476
1.568222
1.573557
1.575310
1.552116
1.573195
1.577884
1.569826
1.573258
1.567229
1.574312
1.572866
1.577232
1.581381
0.045942
0.111538
0.141790
0.211373
0.233322
0.310786
0.331463
0.411135
0.431065
0.512134
0.532885
0.611694
0.634838
0.709603
0.735578
0.800962
0.832777
0.887052
0.915561
0.967202
0.990200
1.022714
1.048983
-0.880025
-0.805619
-0.726682
-0.645804
-0.570120
-0.484375
-0.399798
-0.311729
-0.220603
-0.127334
-0.033730
0.059964
0.152696
0.244484
0.335612
0.424946
0.517068
0.603619
0.695803
0.786579
0.875381
0.966712
-0.827832
-0.761900
-0.666475
-0.595303
-0.497579
-0.422115
-0.321053
-0.236338
-0.135378
-0.047271
0.053846
0.141838
0.241576
0.325584
0.423311
0.501568
0.598418
0.676166
0.773727
0.847719
0.954986
-0.825869
-0.740661
-0.662633
-0.580414
-0.497191
-0.407412
-0.320156
-0.225079
-0.130984
-0.034577
0.061303
0.155330
0.250584
0.341657
0.435868
0.526357
0.619478
0.708675
0.807360
0.894809
-0.766631
-0.691960
-0.596809
-0.517750
-0.422790
-0.336059
-0.235540
-0.145473
-0.043793
0.047924
0.149037
0.239357
0.337383
0.423784
0.518738
0.601090
0.699216
0.778845
0.877016
-0.753768
-0.671949
-0.591476
-0.502987
-0.416049
-0.323735
-0.230296
-0.132585
-0.035536
0.061902
0.158467
0.252990
0.348955
0.440561
0.537505
0.627158
0.723546
0.820357
-0.696323
-0.609508
-0.519534
-0.432705
-0.336736
-0.242825
-0.144569
-0.048466
0.050623
0.146769
0.244869
0.337185
0.432128
0.520309
0.612917
0.702951
0.794792
-0.678234
-0.595181
-0.508667
-0.417985
-0.328113
-0.231462
-0.134789
-0.035754
0.062629
0.158585
0.256031
0.349728
0.446129
0.539437
0.634968
0.729438
-0.613253
-0.522101
-0.434765
-0.338402
-0.244222
-0.145146
-0.049222
0.050545
0.146946
0.245939
0.338605
0.433532
0.522768
0.615440
0.707317
-0.597401
-0.507699
-0.419913
-0.326834
-0.233073
-0.134398
-0.036021
0.062301
0.159175
0.254382
0.351546
0.444277
0.542043
0.634117
-0.524081
-0.429184
-0.340340
-0.239123
-0.147493
-0.045331
0.046723
0.149788
0.241952
0.340681
0.428811
0.524227
0.611654
-0.507111
-0.414161
-0.326382
-0.229820
-0.134656
-0.035125
0.062248
0.156545
0.253555
0.346382
0.443634
0.535273
-0.430031
-0.330045
-0.241249
-0.138696
-0.049853
0.052107
0.142964
0.245592
0.332054
0.429636
0.514396
-0.412125
-0.317475
-0.229016
-0.130997
-0.034841
0.061109
0.155027
0.246608
0.344406
0.433413
-0.329762
-0.229222
-0.140618
-0.041526
0.045338
0.147248
0.236247
0.332647
0.416548
-0.315709
-0.219662
-0.130813
-0.032274
0.060945
0.148953
0.244588
0.332329
-0.226583
-0.131091
-0.042926
0.048403
0.140751
0.235688
0.321072
-0.219260
-0.123468
-0.031653
0.059228
0.147886
0.232377
-0.123584
-0.042124
0.049697
0.135598
0.231385
-0.124093
-0.028218
0.059637
0.138268
-0.025388
0.036997
0.145340
-0.032642
0.051708
0.080239
0.016462
-0.026944
0.032239
0.005503
0.031715
-0.001740
0.045927
-0.002618
0.043690
0.003751
0.042877
0.003611
0.042878
0.003753
0.043692
-0.002617
0.045927
-0.001741
0.031710
0.005500
0.032235
-0.026947
0.016459
0.014569
-0.132350
-0.134158
-0.269370
-0.298413
-0.414919
-0.467720
-0.574629
-0.635988
-0.744203
-0.817560
-0.930938
-1.023433
-1.152341
-1.258182
-1.393779
-1.488397
-1.598970
-1.655920
-1.724426
-1.735921
-1.789804
-1.768877
-0.018095
-0.112617
-0.172180
-0.255191
-0.328987
-0.413851
-0.486728
-0.580350
-0.653810
-0.749641
-0.832667
-0.939501
-1.038786
-1.163583
-1.278518
-1.401483
-1.506798
-1.596206
-1.667181
-1.712635
-1.748634
-1.748757
-0.002652
-0.151717
-0.163452
-0.291872
-0.324030
-0.447155
-0.492150
-0.605571
-0.665588
-0.775721
-0.848180
-0.966350
-1.056869
-1.187184
-1.291929
-1.421872
-1.510935
-1.614480
-1.664883
-1.731422
-1.748634
-0.036075
-0.099306
-0.186851
-0.260241
-0.343233
-0.424075
-0.508968
-0.594030
-0.677250
-0.770845
-0.859179
-0.965582
-1.069906
-1.191960
-1.304439
-1.422713
-1.517714
-1.603821
-1.664884
-1.712635
-0.027019
-0.154809
-0.172122
-0.305729
-0.339518
-0.462756
-0.509640
-0.627481
-0.684863
-0.798593
-0.870305
-0.989027
-1.078518
-1.209025
-1.309421
-1.434198
-1.517714
-1.614480
-1.667181
-0.025492
-0.110619
-0.193308
-0.264676
-0.357078
-0.434251
-0.523732
-0.606118
-0.694105
-0.783668
-0.875396
-0.980621
-1.083644
-1.202127
-1.309422
-1.422713
-1.510936
-1.596206
-0.036869
-0.148130
-0.188820
-0.311579
-0.351367
-0.475160
-0.523229
-0.640593
-0.697234
-0.810949
-0.879477
-0.996800
-1.083644
-1.209025
-1.304439
-1.421872
-1.506798
-0.035619
-0.114766
-0.194139
-0.274677
-0.363585
-0.441444
-0.532174
-0.612161
-0.700362
-0.788064
-0.879478
-0.980622
-1.078519
-1.191961
-1.291931
-1.401483
-0.033866
-0.153592
-0.196921
-0.313320
-0.362460
-0.479594
-0.530762
-0.645491
-0.700361
-0.810949
-0.875395
-0.989027
-1.069906
-1.187184
-1.278518
-0.040404
-0.112521
-0.199763
-0.277896
-0.364826
-0.445591
-0.530763
-0.612162
-0.697236
-0.783669
-0.870307
-0.965583
-1.056871
-1.163584
-0.038365
-0.155246
-0.199100
-0.316272
-0.364826
-0.479593
-0.532175
-0.640593
-0.694106
-0.798593
-0.859179
-0.966350
-1.038787
-0.039274
-0.114233
-0.199100
-0.277894
-0.362460
-0.441443
-0.523232
-0.606119
-0.684866
-0.770847
-0.848183
-0.939502
-0.039275
-0.155244
-0.199761
-0.313316
-0.363584
-0.475158
-0.523733
-0.627481
-0.677252
-0.775721
-0.832668
-0.038367
-0.112517
-0.196918
-0.274670
-0.351367
-0.434251
-0.509645
-0.594032
-0.665593
-0.749644
-0.040409
-0.153586
-0.194133
-0.311568
-0.357079
-0.462754
-0.508972
-0.605572
-0.653813
-0.033872
-0.114759
-0.188808
-0.264660
-0.339524
-0.424078
-0.492159
-0.580354
-0.035629
-0.148120
-0.193287
-0.305704
-0.343239
-0.447154
-0.486734
-0.036883
-0.110611
-0.172087
-0.260213
-0.324044
-0.413855
-0.025510
-0.154803
-0.186799
-0.291833
-0.328994
-0.027042
-0.099305
-0.163402
-0.255156
-0.036101
-0.151713
-0.172133
-0.002676
-0.112619
-0.018112
0.138501
0.127865
0.266854
0.280557
0.403511
0.446475
0.554794
0.617940
0.726637
0.805753
0.920802
1.011815
1.125817
1.217204
1.312955
1.385102
1.454490
1.493473
1.536807
1.552367
1.572190
1.567875
1.577890
0.115965
0.162598
0.247612
0.314785
0.395772
0.471551
0.563735
0.642325
0.745709
0.832025
0.943279
1.037061
1.146470
1.233548
1.328767
1.391308
1.460759
1.497111
1.535851
1.550550
1.573108
1.571105
0.138707
0.131274
0.268433
0.293659
0.418298
0.458695
0.578218
0.637967
0.754954
0.834530
0.952187
1.042947
1.157358
1.241221
1.336877
1.400726
1.464716
1.501395
1.540761
1.549553
1.573097
0.104477
0.189796
0.250806
0.334539
0.411121
0.496213
0.581201
0.671623
0.767536
0.862457
0.970073
1.064217
1.171388
1.255043
1.343547
1.403871
1.469454
1.498055
1.540821
1.550519
0.119767
0.139750
0.277098
0.300479
0.428662
0.472301
0.594384
0.654686
0.777475
0.853267
0.976316
1.063539
1.175965
1.256753
1.348420
1.404448
1.469447
1.501366
1.535839
0.120764
0.188331
0.259538
0.350409
0.420902
0.514231
0.596237
0.690291
0.784145
0.882883
0.984363
1.080924
1.182393
1.261097
1.348441
1.403859
1.464757
1.497084
0.114749
0.156060
0.273166
0.311283
0.436847
0.481456
0.606012
0.666167
0.788650
0.864672
0.987860
1.069318
1.182391
1.256741
1.343549
1.400687
1.460803
0.114992
0.192789
0.271321
0.355291
0.431710
0.524762
0.604096
0.701544
0.792027
0.888622
0.987866
1.080919
1.175984
1.255022
1.336941
1.391238
0.121437
0.157016
0.274170
0.320336
0.437165
0.489235
0.609445
0.668551
0.792028
0.864666
0.984369
1.063515
1.171418
1.241154
1.328817
0.113794
0.201090
0.273100
0.360327
0.437745
0.525851
0.609447
0.701541
0.788659
0.882869
0.976347
1.064181
1.157413
1.233518
0.118510
0.158721
0.275808
0.320678
0.437745
0.489233
0.604102
0.666154
0.784163
0.853234
0.970101
1.042908
1.146488
0.117179
0.201378
0.275809
0.360326
0.437170
0.524754
0.606028
0.690273
0.777501
0.862436
0.952217
1.037033
0.117180
0.158720
0.273104
0.320331
0.431721
0.481442
0.596253
0.654665
0.767553
0.834495
0.943318
0.118515
0.201087
0.274179
0.355284
0.436861
0.514219
0.594403
0.671604
0.754992
0.831982
0.113802
0.157012
0.271333
0.311274
0.420916
0.472283
0.581224
0.637929
0.745743
0.121448
0.192785
0.273181
0.350398
0.428684
0.496193
0.578251
0.642301
0.115005
0.156054
0.259556
0.300465
0.411142
0.458671
0.563754
0.114767
0.188325
0.277118
0.334527
0.418322
0.471535
0.120783
0.139743
0.250825
0.293643
0.395793
0.119789
0.189790
0.268457
0.314772
0.104501
0.131264
0.247633
0.138730
0.162594
0.115986
0.014595
-0.132365
-0.134176
-0.269414
-0.298404
-0.414920
-0.467709
-0.574629
-0.635982
-0.744203
-0.817556
-0.930938
-1.023430
-1.152342
-1.258180
-1.393779
-1.488396
-1.598970
-1.655919
-1.724426
-1.735920
-1.789803
-1.768877
-1.769985
-1.790388
-1.776430
-1.782645
-1.775698
-1.778711
-1.781435
-1.777834
-1.780092
-1.777819
-1.773512
-1.760195
-1.746640
-1.716085
-1.676486
-1.622675
-1.556178
-1.477509
-1.388363
-1.304304
-1.210258
-1.132648
-1.051805
-0.100213
-0.090196
-0.199398
-0.192902
-0.294633
-0.300815
-0.392527
-0.407330
-0.492183
-0.510947
-0.589291
-0.612427
-0.681061
-0.708820
-0.770686
-0.795740
-0.857048
-0.877486
-0.932018
-0.956769
-0.997455
-1.010279
-0.151784
-0.198703
-0.252634
-0.290184
-0.354789
-0.388407
-0.461738
-0.491684
-0.567715
-0.598132
-0.670296
-0.702521
-0.772065
-0.801068
-0.871066
-0.897641
-0.959770
-0.992476
-1.040001
-1.072167
-1.118436
-0.247192
-0.249163
-0.351205
-0.360019
-0.457132
-0.472562
-0.561392
-0.586369
-0.664358
-0.696987
-0.769086
-0.803059
-0.873042
-0.908947
-0.971002
-1.012452
-1.063459
-1.102548
-1.150051
-1.175652
-0.296346
-0.356931
-0.409446
-0.456720
-0.519930
-0.566447
-0.632577
-0.678232
-0.748976
-0.790798
-0.865668
-0.908086
-0.979691
-1.026429
-1.091663
-1.135235
-1.195981
-1.229992
-1.279953
-0.399512
-0.413690
-0.511275
-0.534896
-0.622639
-0.654236
-0.738648
-0.774472
-0.856666
-0.901565
-0.976736
-1.031825
-1.100479
-1.155606
-1.218426
-1.266279
-1.316547
-1.355269
-0.455579
-0.523146
-0.572389
-0.634010
-0.696110
-0.752295
-0.823908
-0.882617
-0.957022
-1.021542
-1.098918
-1.160999
-1.238570
-1.291925
-1.357749
-1.401875
-1.451258
-0.554540
-0.588825
-0.679545
-0.714828
-0.804816
-0.851814
-0.937842
-0.999389
-1.085866
-1.153877
-1.237849
-1.304478
-1.373190
-1.432109
-1.480139
-1.522371
-0.622423
-0.693072
-0.751191
-0.824272
-0.890442
-0.970895
-1.048808
-1.131752
-1.218152
-1.297834
-1.377408
-1.444134
-1.507151
-1.551832
-1.598954
-0.722239
-0.772135
-0.860154
-0.921178
-1.014725
-1.088941
-1.187414
-1.271403
-1.361562
-1.439481
-1.509569
-1.566662
-1.613493
-1.650110
-0.797041
-0.884688
-0.952243
-1.047328
-1.130744
-1.234159
-1.321702
-1.417037
-1.495191
-1.563254
-1.621091
-1.661047
-1.697264
-0.906161
-0.978960
-1.078150
-1.167195
-1.271861
-1.365513
-1.463700
-1.538622
-1.609982
-1.658994
-1.698867
-1.725376
-1.000938
-1.110338
-1.196378
-1.312348
-1.405738
-1.504051
-1.579246
-1.645220
-1.691881
-1.724031
-1.752058
-1.125370
-1.222994
-1.336798
-1.430593
-1.531595
-1.604081
-1.671350
-1.709823
-1.746739
-1.760122
-1.244587
-1.363253
-1.460262
-1.561130
-1.632395
-1.691237
-1.732469
-1.755953
-1.772340
-1.374903
-1.470494
-1.571488
-1.635744
-1.704992
-1.734221
-1.765329
-1.774029
-1.489092
-1.587004
-1.662495
-1.717098
-1.749791
-1.772488
-1.779559
-1.589728
-1.650107
-1.713422
-1.743308
-1.772762
-1.772832
-1.666225
-1.729063
-1.760914
-1.776632
-1.784024
-1.714204
-1.737363
-1.771987
-1.772761
-1.763360
-1.783695
-1.784314
-1.761497
-1.768468
-1.787320
0.045942
0.111538
0.141790
0.211373
0.233322
0.310786
0.331463
0.411136
0.431065
0.512134
0.532886
0.611694
0.634838
0.709603
0.735578
0.800962
0.832777
0.887052
0.915561
0.967202
0.990200
1.022714
1.048983
1.581381
1.577232
1.574312
1.569826
1.575311
1.573132
1.572899
1.573278
1.574686
1.569983
1.566623
1.559181
1.543668
1.526395
1.497733
1.464976
1.419102
1.376719
1.307620
1.262537
1.179614
1.136864
1.572867
1.567230
1.577884
1.573557
1.572855
1.575738
1.573741
1.572275
1.566186
1.563587
1.547016
1.535265
1.510000
1.481687
1.443192
1.400440
1.343727
1.290822
1.224501
1.156975
1.095912
1.573258
1.573195
1.568222
1.571953
1.569119
1.564036
1.561379
1.554678
1.543502
1.529988
1.511919
1.485051
1.452946
1.416545
1.363055
1.318868
1.251695
1.195377
1.125274
1.068244
1.552117
1.553476
1.556235
1.550024
1.549601
1.545391
1.533386
1.525313
1.506774
1.486549
1.456157
1.426806
1.377093
1.337248
1.275268
1.218620
1.155377
1.090643
1.019519
1.536611
1.532144
1.530915
1.527670
1.516817
1.507844
1.494559
1.472663
1.450617
1.420055
1.379972
1.341264
1.286703
1.234734
1.172854
1.115681
1.042116
0.995381
1.493920
1.492479
1.484634
1.478767
1.467591
1.450729
1.429812
1.407018
1.369310
1.338816
1.287094
1.242578
1.183451
1.129624
1.060419
1.010202
0.935154
1.448317
1.442393
1.435343
1.418020
1.403957
1.379918
1.352224
1.318758
1.279047
1.233354
1.184314
1.130340
1.069312
1.019139
0.948231
0.902105
1.377832
1.366507
1.354031
1.337255
1.311307
1.287019
1.249933
1.215682
1.167026
1.124875
1.064965
1.021658
0.952943
0.910037
0.840654
1.305876
1.287747
1.272104
1.245231
1.220944
1.182854
1.147880
1.102476
1.056457
1.008123
0.952245
0.905605
0.844395
0.803156
1.203000
1.184271
1.161542
1.135071
1.100693
1.069890
1.023025
0.989088
0.932516
0.898339
0.834949
0.803572
0.733553
1.114030
1.084893
1.064812
1.029183
0.998715
0.957602
0.918391
0.875291
0.827673
0.788189
0.731484
0.700897
0.996216
0.970770
0.940662
0.913675
0.872612
0.846604
0.794684
0.772264
0.710479
0.694511
0.623432
0.904141
0.873365
0.849115
0.814102
0.779793
0.745302
0.702185
0.672048
0.618607
0.596033
0.788865
0.762351
0.727017
0.708613
0.660247
0.648406
0.587725
0.584454
0.513191
0.705685
0.682391
0.649029
0.623717
0.581627
0.561153
0.508553
0.493112
0.596292
0.576529
0.534674
0.529256
0.470058
0.474893
0.405638
0.527009
0.514381
0.467665
0.456529
0.404303
0.393674
0.420230
0.410447
0.362962
0.364647
0.302503
0.365768
0.358539
0.304802
0.302717
0.263050
0.257896
0.203697
0.210331
0.218809
0.119484
-0.030774
-0.048788
-0.107218
-0.127913
-0.200529
-0.217638
-0.296632
-0.315267
-0.395672
-0.415413
-0.495606
-0.513918
-0.592060
-0.610654
-0.680690
-0.703238
-0.764471
-0.785719
-0.844893
-0.861848
-0.910457
-0.940074
-0.976948
-0.887660
-0.835027
-0.728063
-0.670887
-0.570488
-0.499860
-0.403627
-0.323160
-0.222953
-0.139045
-0.038260
0.047394
0.147280
0.231323
0.328359
0.408474
0.502773
0.577932
0.677123
0.745857
0.849895
0.916452
1.022514
0.080239
0.051708
0.145340
0.138268
0.231385
0.232377
0.321072
0.332329
0.416548
0.433413
0.514396
0.535273
0.611654
0.634117
0.707317
0.729438
0.794792
0.820357
0.877016
0.894809
0.954986
0.966711
-0.032643
0.036997
0.059637
0.135598
0.147886
0.235688
0.244588
0.332647
0.344406
0.429636
0.443634
0.524227
0.542043
0.615440
0.634968
0.702951
0.723546
0.778844
0.807360
0.847719
0.875381
-0.025388
-0.028218
0.049697
0.059227
0.140751
0.148953
0.236247
0.246608
0.332054
0.346382
0.428811
0.444277
0.522768
0.539437
0.612917
0.627158
0.699216
0.708675
0.773727
0.786579
-0.124093
-0.042124
-0.031653
0.048402
0.060945
0.147248
0.155027
0.245592
0.253555
0.340681
0.351546
0.433532
0.446129
0.520309
0.537505
0.601090
0.619478
0.676166
0.695803
-0.123584
-0.123468
-0.042926
-0.032274
0.045337
0.061109
0.142964
0.156545
0.241952
0.254382
0.338605
0.349728
0.432128
0.440561
0.518738
0.526357
0.598418
0.603619
-0.219260
-0.131091
-0.130813
-0.041527
-0.034841
0.052106
0.062248
0.149788
0.159175
0.245939
0.256031
0.337185
0.348955
0.423784
0.435868
0.501568
0.517068
-0.226583
-0.219661
-0.140618
-0.130997
-0.049853
-0.035126
0.046723
0.062301
0.146946
0.158585
0.244869
0.252990
0.337382
0.341657
0.423311
0.424946
-0.315709
-0.229221
-0.229016
-0.138696
-0.134655
-0.045331
-0.036021
0.050545
0.062629
0.146769
0.158467
0.239357
0.250584
0.325584
0.335612
-0.329762
-0.317475
-0.241249
-0.229820
-0.147494
-0.134398
-0.049222
-0.035755
0.050623
0.061902
0.149037
0.155330
0.241576
0.244484
-0.412125
-0.330045
-0.326382
-0.239123
-0.233073
-0.145146
-0.134789
-0.048466
-0.035536
0.047924
0.061303
0.141838
0.152696
-0.430031
-0.414161
-0.340340
-0.326834
-0.244222
-0.231462
-0.144569
-0.132585
-0.043793
-0.034577
0.053846
0.059964
-0.507112
-0.429185
-0.419913
-0.338402
-0.328114
-0.242825
-0.230296
-0.145473
-0.130984
-0.047271
-0.033730
-0.524081
-0.507699
-0.434765
-0.417985
-0.336736
-0.323735
-0.235540
-0.225079
-0.135378
-0.127333
-0.597401
-0.522101
-0.508667
-0.432705
-0.416049
-0.336059
-0.320156
-0.236338
-0.220603
-0.613253
-0.595181
-0.519535
-0.502987
-0.422790
-0.407412
-0.321053
-0.311729
-0.678235
-0.609508
-0.591476
-0.517750
-0.497191
-0.422115
-0.399798
-0.696323
-0.671949
-0.596810
-0.580414
-0.497579
-0.484375
-0.753768
-0.691960
-0.662633
-0.595303
-0.570120
-0.766631
-0.740661
-0.666475
-0.645804
-0.825869
-0.761900
-0.726682
-0.827832
-0.805619
-0.880025
0.014573
-0.132366
-0.134207
-0.269405
-0.298398
-0.414897
-0.467703
-0.574618
-0.635982
-0.744200
-0.817561
-0.930940
-1.023435
-1.152344
-1.258184
-1.393780
-1.488399
-1.598970
-1.655920
-1.724426
-1.735921
-1.789803
-1.768877
-1.769984
-1.790388
-1.776431
-1.782646
-1.775699
-1.778712
-1.781436
-1.777835
-1.780094
-1.777820
-1.773514
-1.760196
-1.746642
-1.716086
-1.676488
-1.622675
-1.556180
-1.477508
-1.388365
-1.304301
-1.210261
-1.132643
-1.051809
-0.100227
-0.090214
-0.199408
-0.192914
-0.294636
-0.300823
-0.392529
-0.407338
-0.492184
-0.510956
-0.589293
-0.612435
-0.681063
-0.708829
-0.770688
-0.795749
-0.857049
-0.877494
-0.932019
-0.956776
-0.997457
-1.010285
-0.151797
-0.198700
-0.252633
-0.290176
-0.354786
-0.388400
-0.461738
-0.491680
-0.567717
-0.598129
-0.670299
-0.702519
-0.772068
-0.801066
-0.871069
-0.897638
-0.959772
-0.992472
-1.040003
-1.072164
-1.118438
-0.247198
-0.249171
-0.351204
-0.360023
-0.457133
-0.472568
-0.561395
-0.586376
-0.664361
-0.696994
-0.769089
-0.803066
-0.873045
-0.908954
-0.971004
-1.012458
-1.063461
-1.102553
-1.150053
-1.175656
-0.296338
-0.356916
-0.409440
-0.456712
-0.519927
-0.566444
-0.632578
-0.678231
-0.748979
-0.790798
-0.865671
-0.908086
-0.979694
-1.026428
-1.091665
-1.135234
-1.195983
-1.229990
-1.279955
-0.399500
-0.413687
-0.511271
-0.534899
-0.622640
-0.654241
-0.738652
-0.774479
-0.856670
-0.901572
-0.976739
-1.031830
-1.100482
-1.155611
-1.218428
-1.266283
-1.316549
-1.355272
-0.455568
-0.523136
-0.572385
-0.634006
-0.696111
-0.752295
-0.823911
-0.882618
-0.957026
-1.021543
-1.098921
-1.160999
-1.238573
-1.291924
-1.357751
-1.401874
-1.451260
-0.554534
-0.588826
-0.679546
-0.714833
-0.804820
-0.851820
-0.937846
-0.999395
-1.085870
-1.153881
-1.237851
-1.304482
-1.373192
-1.432112
-1.480141
-1.522373
-0.622420
-0.693068
-0.751192
-0.824273
-0.890445
-0.970897
-1.048811
-1.131754
-1.218155
-1.297835
-1.377410
-1.444134
-1.507153
-1.551832
-1.598955
-0.722239
-0.772140
-0.860157
-0.921184
-1.014730
-1.088947
-1.187418
-1.271407
-1.361565
-1.439484
-1.509571
-1.566665
-1.613495
-1.650113
-0.797043
-0.884689
-0.952247
-1.047330
-1.130747
-1.234161
-1.321704
-1.417038
-1.495193
-1.563255
-1.621092
-1.661048
-1.697266
-0.906165
-0.978966
-1.078154
-1.167200
-1.271864
-1.365516
-1.463702
-1.538624
-1.609983
-1.658996
-1.698869
-1.725378
-1.000942
-1.110341
-1.196381
-1.312350
-1.405740
-1.504052
-1.579247
-1.645220
-1.691882
-1.724032
-1.752060
-1.125374
-1.222998
-1.336801
-1.430596
-1.531596
-1.604083
-1.671351
-1.709824
-1.746741
-1.760124
-1.244590
-1.363255
-1.460264
-1.561131
-1.632397
-1.691238
-1.732470
-1.755954
-1.772341
-1.374905
-1.470496
-1.571489
-1.635746
-1.704993
-1.734222
-1.765331
-1.774031
-1.489094
-1.587004
-1.662496
-1.717099
-1.749792
-1.772489
-1.779560
-1.589729
-1.650109
-1.713423
-1.743309
-1.772763
-1.772834
-1.666226
-1.729064
-1.760915
-1.776633
-1.784025
-1.714204
-1.737364
-1.771987
-1.772762
-1.763361
-1.783695
-1.784315
-1.761497
-1.768468
-1.787320
0.045929
0.111558
0.141777
0.211393
0.233312
0.310813
0.331453
0.411173
0.431067
0.512170
0.532904
0.611756
0.634854
0.709688
0.735643
0.801035
0.832864
0.887203
0.915612
0.967372
0.990343
1.022837
1.049092
1.581426
1.577060
1.574190
1.569796
1.575129
1.572802
1.573059
1.573010
1.574509
1.570030
1.566620
1.558822
1.543980
1.526157
1.497740
1.464930
1.419233
1.376433
1.307871
1.262343
1.179682
1.136733
1.572890
1.567418
1.577929
1.573634
1.573131
1.575849
1.573668
1.572659
1.566135
1.563618
1.547150
1.535419
1.509758
1.482037
1.443025
1.400546
1.343663
1.291021
1.224269
1.157230
1.095792
1.573211
1.573008
1.568261
1.571733
1.568943
1.564036
1.561280
1.554393
1.543669
1.529801
1.511835
1.485040
1.453011
1.416284
1.363267
1.318702
1.251747
1.195275
1.125410
1.068019
1.552236
1.553560
1.556260
1.550291
1.549632
1.545444
1.533570
1.525431
1.506658
1.486832
1.456091
1.426861
1.377106
1.337404
1.275080
1.218845
1.155263
1.090743
1.019445
1.536534
1.532091
1.530811
1.527464
1.516866
1.507681
1.494430
1.472652
1.450598
1.419840
1.380100
1.341136
1.286694
1.234668
1.172952
1.115488
1.042258
0.995256
1.493956
1.492552
1.484781
1.478865
1.467578
1.450950
1.429823
1.407063
1.369390
1.338934
1.286985
1.242763
1.183394
1.129692
1.060377
1.010340
0.935023
1.448314
1.442263
1.435238
1.417981
1.403889
1.379749
1.352269
1.318650
1.278983
1.233312
1.184349
1.130184
1.069405
1.019043
0.948262
0.902019
1.377862
1.366656
1.354068
1.337315
1.311408
1.287114
1.249902
1.215832
1.167027
1.124922
1.064975
1.021763
0.952857
0.910157
0.840603
1.305810
1.287631
1.272098
1.245133
1.220863
1.182812
1.147859
1.102351
1.056493
1.008050
0.952233
0.905545
0.844447
0.803046
1.203078
1.184342
1.161558
1.135190
1.100725
1.069936
1.023073
0.989170
0.932484
0.898434
0.834938
0.803623
0.733529
1.113968
1.084849
1.064766
1.029087
0.998709
0.957536
0.918349
0.875244
0.827681
0.788104
0.731512
0.700842
0.996250
0.970819
0.940719
0.913741
0.872619
0.846683
0.794704
0.772306
0.710489
0.694576
0.623404
0.904119
0.873306
0.849066
0.814059
0.779772
0.745233
0.702182
0.672003
0.618596
0.595989
0.788889
0.762414
0.727049
0.708653
0.660277
0.648459
0.587727
0.584505
0.513197
0.705654
0.682337
0.649010
0.623675
0.581599
0.561116
0.508547
0.493067
0.596325
0.576572
0.534693
0.529300
0.470078
0.474926
0.405649
0.526981
0.514349
0.467646
0.456492
0.404290
0.393645
0.420253
0.410477
0.362983
0.364679
0.302514
0.365751
0.358512
0.304784
0.302692
0.263066
0.257922
0.203712
0.210317
0.218787
0.119496
-0.030769
-0.048783
-0.107219
-0.127905
-0.200528
-0.217631
-0.296630
-0.315260
-0.395673
-0.415406
-0.495609
-0.513913
-0.592064
-0.610648
-0.680694
-0.703232
-0.764474
-0.785714
-0.844895
-0.861842
-0.910459
-0.940068
-0.976950
-0.887670
-0.835018
-0.728076
-0.670874
-0.570506
-0.499842
-0.403651
-0.323133
-0.222987
-0.139008
-0.038305
0.047444
0.147221
0.231390
0.328278
0.408571
0.502658
0.578058
0.676996
0.745995
0.849720
0.916705
1.022205
0.080222
0.051713
0.145323
0.138275
0.231362
0.232385
0.321045
0.332326
0.416516
0.433405
0.514340
0.535254
0.611595
0.634057
0.707241
0.729387
0.794653
0.820290
0.876904
0.894678
0.954838
0.966693
-0.032652
0.037010
0.059626
0.135617
0.147880
0.235710
0.244589
0.332679
0.344411
0.429682
0.443657
0.524275
0.542087
0.615521
0.635003
0.703060
0.723623
0.778939
0.807440
0.847904
0.875358
-0.025406
-0.028214
0.049679
0.059230
0.140732
0.148952
0.236219
0.246604
0.332019
0.346361
0.428768
0.444249
0.522693
0.539402
0.612836
0.627086
0.699118
0.708639
0.773548
0.786583
-0.124102
-0.042114
-0.031658
0.048418
0.060942
0.147272
0.155032
0.245621
0.253572
0.340723
0.351565
0.433595
0.446166
0.520374
0.537556
0.601196
0.619494
0.676315
0.695821
-0.123597
-0.123468
-0.042943
-0.032274
0.045318
0.061103
0.142940
0.156533
0.241914
0.254364
0.338556
0.349694
0.432068
0.440529
0.518638
0.526341
0.598302
0.603593
-0.219266
-0.131081
-0.130816
-0.041513
-0.034838
0.052128
0.062255
0.149820
0.159191
0.245979
0.256057
0.337243
0.348975
0.423870
0.435888
0.501663
0.517084
-0.226595
-0.219664
-0.140633
-0.131001
-0.049873
-0.035133
0.046696
0.062286
0.146911
0.158566
0.244815
0.252973
0.337312
0.341636
0.423227
0.424940
-0.315711
-0.229212
-0.229017
-0.138682
-0.134652
-0.045311
-0.036011
0.050575
0.062642
0.146815
0.158481
0.239416
0.250599
0.325661
0.335612
-0.329773
-0.317478
-0.241264
-0.229827
-0.147513
-0.134408
-0.049251
-0.035766
0.050584
0.061888
0.148986
0.155318
0.241506
0.244483
-0.412126
-0.330036
-0.326380
-0.239109
-0.233068
-0.145125
-0.134782
-0.048434
-0.035527
0.047967
0.061309
0.141897
0.152698
-0.430042
-0.414165
-0.340355
-0.326840
-0.244243
-0.231471
-0.144598
-0.132594
-0.043832
-0.034584
0.053795
0.059960
-0.507112
-0.429175
-0.419911
-0.338387
-0.328109
-0.242802
-0.230292
-0.145441
-0.130981
-0.047230
-0.033728
-0.524093
-0.507704
-0.434780
-0.417990
-0.336757
-0.323740
-0.235569
-0.225085
-0.135415
-0.127337
-0.597401
-0.522092
-0.508665
-0.432689
-0.416047
-0.336037
-0.320153
-0.236309
-0.220603
-0.613265
-0.595185
-0.519551
-0.502991
-0.422810
-0.407416
-0.321080
-0.311731
-0.678235
-0.609498
-0.591475
-0.517735
-0.497190
-0.422094
-0.399797
-0.696334
-0.671953
-0.596824
-0.580417
-0.497599
-0.484377
-0.753768
-0.691950
-0.662633
-0.595288
-0.570120
-0.766642
-0.740663
-0.666488
-0.645806
-0.825870
-0.761891
-0.726683
-0.827842
-0.805621
-0.880027
-0.030774
-0.048778
-0.107211
-0.127896
-0.200521
-0.217625
-0.296627
-0.315258
-0.395672
-0.415406
-0.495608
-0.513912
-0.592063
-0.610647
-0.680692
-0.703231
-0.764473
-0.785713
-0.844895
-0.861842
-0.910459
-0.940068
-0.976950
-1.787321
-1.768468
-1.784315
-1.772762
-1.784025
-1.772834
-1.779560
-1.774031
-1.772341
-1.760124
-1.752060
-1.725378
-1.697265
-1.650113
-1.598955
-1.522373
-1.451260
-1.355271
-1.279955
-1.175656
-1.118438
-1.010285
-1.761497
-1.783695
-1.771988
-1.776633
-1.772763
-1.772489
-1.765331
-1.755954
-1.746741
-1.724032
-1.698869
-1.661047
-1.613495
-1.551832
-1.480141
-1.401873
-1.316548
-1.229989
-1.150053
-1.072163
-0.997456
-1.763361
-1.737364
-1.760915
-1.743309
-1.749792
-1.734222
-1.732470
-1.709824
-1.691882
-1.658996
-1.621092
-1.566664
-1.507152
-1.432111
-1.357750
-1.266283
-1.195982
-1.102552
-1.040002
-0.956775
-1.714205
-1.729064
-1.713423
-1.717099
-1.704993
-1.691238
-1.671351
-1.645220
-1.609983
-1.563254
-1.509570
-1.444133
-1.373191
-1.291924
-1.218427
-1.135233
-1.063460
-0.992471
-0.932019
-1.666225
-1.650108
-1.662496
-1.635745
-1.632396
-1.604083
-1.579246
-1.538623
-1.495192
-1.439483
-1.377409
-1.304480
-1.238571
-1.155609
-1.091664
-1.012457
-0.959771
-0.877493
-1.589728
-1.587004
-1.571489
-1.561130
-1.531596
-1.504051
-1.463701
-1.417036
-1.361563
-1.297834
-1.237850
-1.160997
-1.100480
-1.026427
-0.971003
-0.897637
-0.857048
-1.489092
-1.470495
-1.460262
-1.430595
-1.405739
-1.365514
-1.321702
-1.271405
-1.218153
-1.153879
-1.098919
-1.031828
-0.979692
-0.908952
-0.871068
-0.795748
-1.374904
-1.363253
-1.336799
-1.312348
-1.271862
-1.234159
-1.187416
-1.131751
-1.085868
-1.021541
-0.976737
-0.908084
-0.873043
-0.801064
-0.770687
-1.244587
-1.222996
-1.196378
-1.167197
-1.130744
-1.088944
-1.048808
-0.999392
-0.957023
-0.901570
-0.865669
-0.803064
-0.772067
-0.708828
-1.125371
-1.110338
-1.078151
-1.047327
-1.014727
-0.970894
-0.937844
-0.882616
-0.856668
-0.790796
-0.769087
-0.702518
-0.681062
-1.000938
-0.978963
-0.952244
-0.921182
-0.890443
-0.851818
-0.823909
-0.774478
-0.748978
-0.696993
-0.670298
-0.612434
-0.906163
-0.884688
-0.860156
-0.824272
-0.804819
-0.752295
-0.738652
-0.678231
-0.664360
-0.598129
-0.589292
-0.797043
-0.772141
-0.751192
-0.714834
-0.696112
-0.654242
-0.632579
-0.586376
-0.567716
-0.510955
-0.722243
-0.693072
-0.679550
-0.634010
-0.622644
-0.566446
-0.561396
-0.491680
-0.492185
-0.622427
-0.588834
-0.572392
-0.534905
-0.519932
-0.472571
-0.461739
-0.407338
-0.554546
-0.523146
-0.511281
-0.456719
-0.457137
-0.388400
-0.392528
-0.455584
-0.413701
-0.409448
-0.360026
-0.354785
-0.300821
-0.399517
-0.356924
-0.351204
-0.290171
-0.294631
-0.296336
-0.249158
-0.252619
-0.192904
-0.247165
-0.198676
-0.199394
-0.151769
-0.090199
-0.100219
0.138476
0.127878
0.266828
0.280578
0.403479
0.446506
0.554759
0.617973
0.726604
0.805799
0.920740
1.011894
1.125745
1.217259
1.312911
1.385164
1.454382
1.493593
1.536691
1.552417
1.572114
1.567934
1.577749
1.570834
1.556723
1.566063
1.565777
1.566401
1.565034
1.568318
1.573835
1.571623
1.578781
1.575514
1.577430
1.566909
1.561275
1.538462
1.518395
1.482178
1.441791
1.393687
1.336108
1.274895
1.210284
1.146055
0.119491
0.218782
0.203709
0.302689
0.302513
0.393644
0.405649
0.493067
0.513197
0.595989
0.623405
0.700842
0.733530
0.803047
0.840604
0.902020
0.935024
0.995256
1.019446
1.068020
1.095792
1.136733
0.210311
0.257918
0.304780
0.364677
0.404288
0.474924
0.508547
0.584504
0.618596
0.694576
0.731513
0.803624
0.844447
0.910158
0.948262
1.010341
1.042259
1.090744
1.125410
1.157230
1.179682
0.263062
0.358509
0.362980
0.456490
0.470077
0.561115
0.587727
0.672003
0.710490
0.788105
0.834939
0.905546
0.952858
1.019044
1.060378
1.115488
1.155264
1.195275
1.224269
1.262343
0.365748
0.410474
0.467645
0.529299
0.581599
0.648459
0.702182
0.772306
0.827682
0.898435
0.952234
1.021764
1.069406
1.129693
1.172953
1.218846
1.251747
1.291021
1.307872
0.420251
0.514348
0.534691
0.623675
0.660278
0.745233
0.794705
0.875245
0.932485
1.008051
1.064976
1.130184
1.183394
1.234669
1.275080
1.318702
1.343664
1.376433
0.526979
0.576571
0.649009
0.708654
0.779773
0.846684
0.918350
0.989171
1.056494
1.124923
1.184349
1.242764
1.286695
1.337405
1.363268
1.400546
1.419233
0.596325
0.682337
0.727049
0.814060
0.872620
0.957537
1.023074
1.102352
1.167028
1.233313
1.286986
1.341137
1.377107
1.416284
1.443026
1.464930
0.705654
0.762414
0.849067
0.913742
0.998711
1.069938
1.147860
1.215833
1.278984
1.338935
1.380101
1.426862
1.453011
1.482037
1.497741
0.788890
0.873307
0.940720
1.029088
1.100726
1.182814
1.249903
1.318651
1.369391
1.419840
1.456092
1.485041
1.509758
1.526158
0.904120
0.970820
1.064767
1.135191
1.220864
1.287115
1.352270
1.407063
1.450598
1.486832
1.511835
1.535419
1.543980
0.996251
1.084850
1.161560
1.245134
1.311409
1.379750
1.429824
1.472653
1.506659
1.529801
1.547150
1.558822
1.113969
1.184343
1.272099
1.337315
1.403890
1.450950
1.494430
1.525431
1.543669
1.563618
1.566620
1.203079
1.287632
1.354069
1.417982
1.467579
1.507681
1.533570
1.554393
1.566135
1.570030
1.305811
1.366657
1.435238
1.478865
1.516867
1.545444
1.561280
1.572659
1.574509
1.377862
1.442263
1.484781
1.527464
1.549632
1.564036
1.573668
1.573009
1.448314
1.492552
1.530811
1.550291
1.568944
1.575849
1.573058
1.493957
1.532092
1.556260
1.571733
1.573131
1.572802
1.536535
1.553560
1.568261
1.573634
1.575129
1.552236
1.573008
1.577929
1.569797
1.573211
1.567418
1.574190
1.572890
1.577060
1.581426
0.045923
0.111553
0.141774
0.211390
0.233309
0.310812
0.331451
0.411172
0.431066
0.512170
0.532904
0.611756
0.634854
0.709688
0.735643
0.801036
0.832865
0.887203
0.915613
0.967372
0.990343
1.022837
1.049092
-0.880026
-0.805620
-0.726683
-0.645806
-0.570120
-0.484377
-0.399797
-0.311731
-0.220603
-0.127337
-0.033728
0.059960
0.152698
0.244483
0.335612
0.424940
0.517085
0.603593
0.695821
0.786583
0.875358
0.966693
-0.827841
-0.761891
-0.666488
-0.595288
-0.497599
-0.422094
-0.321080
-0.236309
-0.135415
-0.047230
0.053795
0.141897
0.241506
0.325661
0.423227
0.501663
0.598302
0.676315
0.773548
0.847904
0.954838
-0.825870
-0.740663
-0.662633
-0.580416
-0.497189
-0.407415
-0.320152
-0.225085
-0.130981
-0.034584
0.061309
0.155318
0.250599
0.341636
0.435888
0.526341
0.619494
0.708639
0.807440
0.894678
-0.766641
-0.691950
-0.596824
-0.517735
-0.422810
-0.336037
-0.235569
-0.145441
-0.043832
0.047967
0.148986
0.239415
0.337312
0.423870
0.518638
0.601196
0.699118
0.778939
0.876905
-0.753768
-0.671952
-0.591475
-0.502990
-0.416046
-0.323740
-0.230291
-0.132594
-0.035527
0.061888
0.158481
0.252973
0.348975
0.440530
0.537556
0.627087
0.723623
0.820291
-0.696333
-0.609498
-0.519550
-0.432689
-0.336757
-0.242802
-0.144597
-0.048434
0.050584
0.146815
0.244815
0.337243
0.432068
0.520374
0.612837
0.703061
0.794653
-0.678234
-0.595184
-0.508665
-0.417990
-0.328109
-0.231471
-0.134782
-0.035766
0.062642
0.158566
0.256057
0.349694
0.446166
0.539402
0.635003
0.729388
-0.613264
-0.522092
-0.434780
-0.338386
-0.244242
-0.145124
-0.049250
0.050575
0.146911
0.245979
0.338556
0.433595
0.522693
0.615522
0.707241
-0.597400
-0.507703
-0.419910
-0.326840
-0.233068
-0.134408
-0.036011
0.062286
0.159190
0.254364
0.351565
0.444249
0.542087
0.634058
-0.524092
-0.429175
-0.340354
-0.239108
-0.147513
-0.045310
0.046696
0.149820
0.241914
0.340723
0.428768
0.524275
0.611595
-0.507111
-0.414164
-0.326379
-0.229826
-0.134651
-0.035133
0.062255
0.156533
0.253572
0.346361
0.443657
0.535255
-0.430041
-0.330035
-0.241263
-0.138680
-0.049872
0.052127
0.142940
0.245620
0.332018
0.429682
0.514340
-0.412125
-0.317476
-0.229015
-0.131001
-0.034838
0.061103
0.155031
0.246603
0.344410
0.433405
-0.329772
-0.229210
-0.140631
-0.041511
0.045317
0.147271
0.236218
0.332679
0.416515
-0.315709
-0.219661
-0.130814
-0.032274
0.060942
0.148952
0.244589
0.332325
-0.226592
-0.131077
-0.042941
0.048419
0.140731
0.235709
0.321044
-0.219262
-0.123465
-0.031657
0.059230
0.147879
0.232384
-0.123592
-0.042110
0.049680
0.135616
0.231360
-0.124097
-0.028213
0.059625
0.138274
-0.025402
0.037010
0.145320
-0.032652
0.051711
0.080218
-1.769984
-1.790388
-1.776430
-1.782645
-1.775698
-1.778711
-1.781435
-1.777833
-1.780092
-1.777818
-1.773512
-1.760195
-1.746639
-1.716085
-1.676486
-1.622675
-1.556178
-1.477509
-1.388363
-1.304304
-1.210258
-1.132648
-1.051805
-1.763357
-1.771103
-1.760827
-1.768135
-1.765808
-1.767926
-1.769109
-1.777779
-1.776698
-1.780885
-1.779442
-1.774762
-1.755922
-1.738312
-1.693800
-1.648534
-1.572510
-1.504046
-1.400937
-1.327625
-1.217424
-1.153347
-1.752555
-1.763246
-1.753963
-1.750610
-1.752757
-1.755961
-1.759179
-1.762346
-1.773705
-1.774848
-1.778637
-1.777276
-1.765614
-1.744127
-1.707068
-1.659159
-1.584177
-1.508651
-1.409715
-1.322412
-1.217424
-1.747199
-1.725063
-1.732703
-1.730634
-1.730914
-1.736253
-1.747294
-1.754383
-1.762948
-1.775920
-1.777992
-1.780619
-1.770094
-1.754696
-1.711805
-1.669558
-1.588405
-1.516256
-1.409715
-1.327625
-1.715063
-1.719396
-1.704277
-1.708284
-1.714507
-1.715720
-1.727685
-1.740856
-1.754763
-1.764891
-1.777268
-1.779561
-1.771527
-1.756217
-1.716817
-1.668253
-1.588404
-1.508650
-1.400937
-1.691336
-1.678364
-1.688330
-1.678158
-1.690298
-1.701080
-1.714767
-1.728893
-1.748632
-1.764322
-1.772829
-1.782810
-1.773212
-1.758566
-1.716817
-1.669558
-1.584177
-1.504045
-1.669291
-1.656363
-1.655839
-1.662532
-1.668834
-1.678534
-1.702291
-1.718632
-1.739337
-1.759458
-1.772805
-1.779032
-1.773212
-1.756217
-1.711805
-1.659159
-1.572510
-1.637698
-1.632920
-1.635347
-1.634605
-1.657367
-1.668522
-1.689928
-1.715681
-1.737486
-1.758730
-1.772805
-1.782810
-1.771527
-1.754696
-1.707068
-1.648534
-1.615539
-1.602821
-1.619679
-1.620252
-1.637579
-1.659980
-1.685904
-1.709408
-1.737486
-1.759458
-1.772828
-1.779561
-1.770094
-1.744127
-1.693800
-1.600671
-1.592779
-1.599002
-1.614874
-1.635405
-1.655264
-1.685904
-1.715681
-1.739336
-1.764322
-1.777268
-1.780618
-1.765614
-1.738312
-1.577606
-1.575011
-1.597609
-1.601667
-1.635405
-1.659980
-1.689928
-1.718632
-1.748632
-1.764891
-1.777992
-1.777276
-1.755922
-1.582775
-1.572468
-1.597609
-1.614874
-1.637579
-1.668522
-1.702291
-1.728893
-1.754763
-1.775920
-1.778637
-1.774762
-1.582775
-1.575011
-1.599001
-1.620253
-1.657367
-1.678534
-1.714767
-1.740856
-1.762948
-1.774848
-1.779442
-1.577606
-1.592779
-1.619679
-1.634605
-1.668834
-1.701080
-1.727684
-1.754383
-1.773705
-1.780885
-1.600670
-1.602821
-1.635347
-1.662531
-1.690298
-1.715720
-1.747294
-1.762346
-1.776697
-1.615538
-1.632921
-1.655839
-1.678158
-1.714506
-1.736253
-1.759178
-1.777779
-1.637698
-1.656363
-1.688330
-1.708284
-1.730913
-1.755961
-1.769109
-1.669291
-1.678363
-1.704276
-1.730634
-1.752757
-1.767926
-1.691335
-1.719396
-1.732703
-1.750609
-1.765808
-1.715063
-1.725063
-1.753963
-1.768135
-1.747198
-1.763246
-1.760827
-1.752555
-1.771103
-1.763357
-1.769675
-1.786283
-1.736494
-1.729360
-1.700120
-1.673282
-1.642358
-1.621698
-1.594278
-1.571747
-1.579845
-1.533940
-1.579845
-1.571747
-1.594279
-1.621698
-1.642358
-1.673283
-1.700120
-1.729360
-1.736494
-1.786284
-1.769675
-1.769985
-1.790388
-1.776431
-1.782646
-1.775699
-1.778712
-1.781437
-1.777835
-1.780094
-1.777820
-1.773514
-1.760197
-1.746642
-1.716086
-1.676488
-1.622675
-1.556180
-1.477508
-1.388365
-1.304301
-1.210261
-1.132643
-1.051809
-1.763357
-1.771103
-1.760827
-1.768136
-1.765809
-1.767928
-1.769111
-1.777781
-1.776700
-1.780887
-1.779445
-1.774764
-1.755925
-1.738314
-1.693802
-1.648536
-1.572512
-1.504047
-1.400940
-1.327627
-1.217427
-1.153349
-1.752555
-1.763246
-1.753964
-1.750610
-1.752758
-1.755962
-1.759180
-1.762347
-1.773707
-1.774850
-1.778639
-1.777277
-1.765616
-1.744128
-1.707070
-1.659159
-1.584179
-1.508649
-1.409718
-1.322409
-1.217427
-1.747199
-1.725063
-1.732704
-1.730635
-1.730915
-1.736255
-1.747296
-1.754385
-1.762950
-1.775923
-1.777995
-1.780621
-1.770097
-1.754699
-1.711807
-1.669560
-1.588407
-1.516258
-1.409718
-1.327627
-1.715063
-1.719397
-1.704277
-1.708285
-1.714508
-1.715721
-1.727687
-1.740858
-1.754766
-1.764894
-1.777271
-1.779563
-1.771530
-1.756219
-1.716819
-1.668254
-1.588407
-1.508649
-1.400940
-1.691336
-1.678364
-1.688331
-1.678159
-1.690300
-1.701082
-1.714769
-1.728896
-1.748635
-1.764325
-1.772832
-1.782813
-1.773215
-1.758569
-1.716819
-1.669560
-1.584179
-1.504047
-1.669292
-1.656363
-1.655840
-1.662533
-1.668835
-1.678536
-1.702294
-1.718634
-1.739340
-1.759460
-1.772808
-1.779034
-1.773215
-1.756219
-1.711807
-1.659159
-1.572512
-1.637698
-1.632921
-1.635348
-1.634606
-1.657369
-1.668524
-1.689931
-1.715684
-1.737489
-1.758733
-1.772808
-1.782813
-1.771530
-1.754699
-1.707070
-1.648536
-1.615539
-1.602822
-1.619681
-1.620254
-1.637581
-1.659982
-1.685906
-1.709410
-1.737489
-1.759460
-1.772832
-1.779563
-1.770097
-1.744128
-1.693802
-1.600671
-1.592780
-1.599002
-1.614876
-1.635407
-1.655266
-1.685906
-1.715683
-1.739340
-1.764325
-1.777271
-1.780621
-1.765617
-1.738314
-1.577607
-1.575011
-1.597610
-1.601669
-1.635407
-1.659982
-1.689931
-1.718635
-1.748635
-1.764894
-1.777995
-1.777278
-1.755925
-1.582776
-1.572469
-1.597610
-1.614876
-1.637581
-1.668524
-1.702294
-1.728896
-1.754766
-1.775923
-1.778640
-1.774764
-1.582776
-1.575011
-1.599003
-1.620254
-1.657369
-1.678536
-1.714769
-1.740858
-1.762950
-1.774850
-1.779445
-1.577607
-1.592780
-1.619681
-1.634606
-1.668836
-1.701082
-1.727687
-1.754385
-1.773707
-1.780887
-1.600671
-1.602822
-1.635348
-1.662533
-1.690300
-1.715722
-1.747296
-1.762348
-1.776700
-1.615539
-1.632921
-1.655840
-1.678159
-1.714508
-1.736255
-1.759181
-1.777781
-1.637698
-1.656364
-1.688331
-1.708285
-1.730915
-1.755962
-1.769111
-1.669292
-1.678364
-1.704278
-1.730636
-1.752758
-1.767928
-1.691336
-1.719397
-1.732704
-1.750611
-1.765809
-1.715064
-1.725063
-1.753964
-1.768136
-1.747199
-1.763247
-1.760828
-1.752555
-1.771104
-1.763357
1.572109
1.542922
1.536200
1.510981
1.485618
1.455780
1.423110
1.397823
1.358060
1.355632
1.306911
1.361246
1.306911
1.355631
1.358061
1.397823
1.423110
1.455780
1.485618
1.510981
1.536200
1.542922
1.572109
1.570748
1.556703
1.565842
1.565716
1.566361
1.564602
1.568319
1.573800
1.571335
1.578644
1.575773
1.576943
1.567100
1.561209
1.538427
1.518193
1.482512
1.441386
1.393939
1.335932
1.275013
1.210042
1.146285
1.557365
1.564480
1.549464
1.551683
1.550430
1.556171
1.552422
1.561609
1.564374
1.569351
1.571995
1.573802
1.569763
1.559544
1.547986
1.517607
1.493668
1.444322
1.403477
1.335502
1.288666
1.203921
1.545140
1.531246
1.539497
1.535388
1.532710
1.541241
1.544424
1.553703
1.557886
1.571490
1.570924
1.579523
1.574783
1.569795
1.554043
1.532404
1.498731
1.457872
1.409257
1.345746
1.288666
1.520055
1.524590
1.505289
1.517421
1.512472
1.520267
1.524070
1.539197
1.544572
1.558222
1.567006
1.570866
1.574373
1.565748
1.555642
1.526713
1.503185
1.448052
1.409257
1.335502
1.494718
1.493752
1.490451
1.488678
1.491827
1.506873
1.509901
1.530292
1.539355
1.557100
1.564473
1.577683
1.574868
1.574225
1.558997
1.534708
1.503185
1.457872
1.403477
1.468604
1.463735
1.455593
1.467765
1.462869
1.481212
1.491578
1.511034
1.527383
1.546941
1.559897
1.569175
1.576208
1.565520
1.558997
1.526713
1.498731
1.444322
1.435931
1.441049
1.426452
1.441373
1.445546
1.467115
1.478944
1.508952
1.522329
1.549278
1.561034
1.574359
1.576208
1.574225
1.555642
1.532404
1.493667
1.401788
1.402587
1.400684
1.411791
1.419554
1.446948
1.466147
1.495643
1.520792
1.540271
1.561033
1.569174
1.574868
1.565748
1.554043
1.517607
1.372478
1.383772
1.371002
1.401341
1.407551
1.443703
1.464879
1.498763
1.520791
1.549277
1.559897
1.577683
1.574373
1.569795
1.547986
1.341725
1.349633
1.355001
1.375136
1.400553
1.431312
1.464878
1.495641
1.522327
1.546940
1.564473
1.570866
1.574783
1.559544
1.324197
1.351197
1.343620
1.383447
1.400552
1.443700
1.466145
1.508951
1.527383
1.557100
1.567007
1.579523
1.569763
1.303945
1.329226
1.343620
1.375135
1.407550
1.446947
1.478943
1.511035
1.539356
1.558223
1.570924
1.573802
1.303945
1.351197
1.355001
1.401341
1.419554
1.467116
1.491579
1.530293
1.544573
1.571490
1.571995
1.324197
1.349633
1.371003
1.411791
1.445548
1.481213
1.509902
1.539198
1.557885
1.569351
1.341725
1.383773
1.400684
1.441374
1.462870
1.506873
1.524070
1.553702
1.564373
1.372478
1.402587
1.426451
1.467765
1.491827
1.520266
1.544423
1.561609
1.401787
1.441048
1.455593
1.488677
1.512472
1.541241
1.552422
1.435931
1.463735
1.490451
1.517422
1.532710
1.556171
1.468604
1.493752
1.505290
1.535388
1.550430
1.494718
1.524590
1.539497
1.551683
1.520055
1.531246
1.549464
1.545140
1.564480
1.557366
1.570833
1.556723
1.566062
1.565776
1.566401
1.565035
1.568319
1.573835
1.571623
1.578780
1.575513
1.577430
1.566909
1.561274
1.538461
1.518395
1.482178
1.441791
1.393687
1.336108
1.274895
1.210283
1.146055
1.557270
1.564399
1.549223
1.551772
1.550075
1.555918
1.552479
1.561493
1.563933
1.569726
1.571682
1.573721
1.569801
1.559654
1.547568
1.518030
1.493356
1.444430
1.403376
1.335654
1.288385
1.204150
1.545261
1.531428
1.539564
1.535479
1.533139
1.541358
1.544243
1.554293
1.557716
1.571503
1.571113
1.579709
1.574353
1.570379
1.553701
1.532564
1.498664
1.458100
1.408920
1.346154
1.288385
1.519841
1.524485
1.505230
1.517169
1.511987
1.520596
1.523689
1.538998
1.544705
1.558261
1.566464
1.571449
1.573957
1.565816
1.555613
1.526878
1.502785
1.448473
1.408920
1.335654
1.494966
1.493791
1.490544
1.489272
1.491787
1.506861
1.510273
1.530444
1.538876
1.557856
1.564067
1.577793
1.574918
1.574448
1.558529
1.535292
1.502785
1.458100
1.403376
1.468339
1.463832
1.455094
1.467447
1.462999
1.481140
1.490946
1.511706
1.526888
1.546913
1.559987
1.569317
1.575654
1.566160
1.558529
1.526878
1.498664
1.444430
1.436090
1.441169
1.427035
1.441516
1.445167
1.467941
1.478556
1.508982
1.522525
1.549503
1.560397
1.575204
1.575654
1.574448
1.555613
1.532564
1.493356
1.401608
1.402294
1.400014
1.412343
1.419053
1.446785
1.466339
1.495777
1.520040
1.541181
1.560396
1.569316
1.574918
1.565816
1.553701
1.518030
1.372688
1.384483
1.370902
1.401272
1.407879
1.443978
1.464036
1.499930
1.520037
1.549501
1.559986
1.577793
1.573957
1.570379
1.547568
1.341214
1.349260
1.355150
1.375302
1.399570
1.432531
1.464033
1.495772
1.522522
1.546912
1.564067
1.571449
1.574353
1.559654
1.324653
1.351545
1.342694
1.384881
1.399568
1.443973
1.466333
1.508979
1.526887
1.557857
1.566465
1.579709
1.569801
1.303330
1.330203
1.342694
1.375300
1.407876
1.446782
1.478555
1.511707
1.538878
1.558262
1.571113
1.573721
1.303330
1.351545
1.355149
1.401272
1.419054
1.467943
1.490948
1.530446
1.544706
1.571503
1.571681
1.324653
1.349261
1.370902
1.412345
1.445170
1.481143
1.510275
1.538999
1.557715
1.569726
1.341214
1.384484
1.400015
1.441518
1.463000
1.506861
1.523688
1.554292
1.563932
1.372687
1.402294
1.427034
1.467446
1.491786
1.520594
1.544242
1.561492
1.401608
1.441168
1.455092
1.489271
1.511986
1.541357
1.552479
1.436090
1.463831
1.490544
1.517168
1.533139
1.555918
1.468339
1.493791
1.505230
1.535479
1.550076
1.494966
1.524485
1.539564
1.551772
1.519841
1.531428
1.549223
1.545261
1.564399
1.557270

