Tension at each vertex
0.069443
0.069442
0.069477
0.069471
-1.692250
1.543040
-1.692250
1.543040
-0.853071
-0.853038
1.146441
1.146767
0.033166
-0.077401
-0.095771
-0.205641
-0.237873
-0.334611
-0.380295
-0.472572
-0.524481
-0.624161
-0.692530
-0.809055
-0.907997
-1.051675
-1.176824
-1.330312
-1.439180
-1.552110
-1.612416
-1.664857
-1.670599
-1.704736
-1.681580
0.012140
-0.083994
-0.129954
-0.206392
-0.266197
-0.339995
-0.400024
-0.479984
-0.544469
-0.630594
-0.711597
-0.817250
-0.927059
-1.062970
-1.196385
-1.336334
-1.454972
-1.547951
-1.616443
-1.657287
-1.682639
-1.666309
0.021961
-0.089685
-0.121690
-0.221645
-0.259399
-0.358833
-0.400794
-0.496597
-0.550217
-0.650945
-0.722742
-0.843092
-0.942868
-1.088113
-1.211337
-1.355394
-1.459683
-1.561904
-1.615198
-1.665792
-1.682640
-0.004660
-0.078603
-0.140567
-0.216618
-0.277101
-0.352879
-0.417679
-0.494626
-0.564160
-0.651713
-0.735818
-0.845002
-0.957701
-1.092376
-1.224375
-1.357607
-1.465319
-1.554809
-1.615196
-1.657287
0.002634
-0.093670
-0.130768
-0.232441
-0.273935
-0.370614
-0.416377
-0.513859
-0.567849
-0.671537
-0.744499
-0.864920
-0.966746
-1.109819
-1.229114
-1.368207
-1.465321
-1.561904
-1.616444
0.004954
-0.088200
-0.144226
-0.222558
-0.286457
-0.363435
-0.428410
-0.507084
-0.578020
-0.664804
-0.751241
-0.860169
-0.971567
-1.104560
-1.229111
-1.357606
-1.459680
-1.547950
-0.004039
-0.091676
-0.144170
-0.238042
-0.284212
-0.380328
-0.428359
-0.524207
-0.579879
-0.682017
-0.753923
-0.873364
-0.971569
-1.109820
-1.224377
-1.355395
-1.454973
-0.002886
-0.090273
-0.145475
-0.230927
-0.291445
-0.370492
-0.435299
-0.513504
-0.582896
-0.669770
-0.753921
-0.860170
-0.966743
-1.092375
-1.211333
-1.336333
-0.001521
-0.098679
-0.149365
-0.241052
-0.292717
-0.384058
-0.434511
-0.528291
-0.582900
-0.682020
-0.751245
-0.864924
-0.957704
-1.088115
-1.196386
-0.005464
-0.088267
-0.150902
-0.232946
-0.293400
-0.374280
-0.434511
-0.513508
-0.579882
-0.664808
-0.744499
-0.845003
-0.942864
-1.062969
-0.005224
-0.100404
-0.150508
-0.244305
-0.293399
-0.384060
-0.435304
-0.524218
-0.578030
-0.671547
-0.735824
-0.843098
-0.927061
-0.004787
-0.090068
-0.150506
-0.232942
-0.292710
-0.370495
-0.428362
-0.507096
-0.567857
-0.651721
-0.722743
-0.817252
-0.004788
-0.100403
-0.150898
-0.241049
-0.291433
-0.380332
-0.428424
-0.513883
-0.564177
-0.650961
-0.711606
-0.005221
-0.088268
-0.149356
-0.230919
-0.284191
-0.363433
-0.416389
-0.494649
-0.550229
-0.630604
-0.005458
-0.098682
-0.145468
-0.238032
-0.286426
-0.370619
-0.417705
-0.496629
-0.544491
-0.001515
-0.090274
-0.144162
-0.222548
-0.273880
-0.352872
-0.400816
-0.480006
-0.002881
-0.091683
-0.144221
-0.232442
-0.277041
-0.358826
-0.400053
-0.004030
-0.088206
-0.130761
-0.216619
-0.259330
-0.339974
0.004961
-0.093679
-0.140564
-0.221660
-0.266154
0.002643
-0.078611
-0.121674
-0.206387
-0.004648
-0.089703
-0.129955
0.021973
-0.083992
0.012146
0.036361
0.028925
0.045643
0.056779
0.045364
0.047777
0.057490
0.045421
0.056478
0.048467
0.057585
0.046942
0.057585
0.048472
0.056483
0.045426
0.057496
0.047789
0.045369
0.056793
0.045654
0.028939
0.036370
0.149019
0.166797
0.282118
0.312698
0.425005
0.479252
0.588338
0.660031
0.774268
0.859215
0.978641
1.066849
1.179045
1.259014
1.346223
1.404986
1.463714
1.493616
1.527662
1.537173
1.550833
1.544508
1.541850
0.139762
0.178462
0.268948
0.334601
0.421582
0.499748
0.597190
0.682670
0.791001
0.883068
0.996379
1.090109
1.193879
1.274412
1.358939
1.410968
1.470156
1.495406
1.528837
1.533531
1.549998
1.546431
0.157203
0.179195
0.289531
0.333700
0.444499
0.499885
0.615526
0.685993
0.805857
0.890595
1.009163
1.096703
1.205868
1.278239
1.365226
1.415671
1.471054
1.497817
1.528985
1.536790
1.550004
0.131222
0.198993
0.277495
0.350431
0.440409
0.521118
0.618773
0.709681
0.815020
0.912030
1.022845
1.113961
1.216453
1.291816
1.370100
1.421020
1.474800
1.496904
1.528936
1.533546
0.142204
0.187337
0.296941
0.342889
0.455405
0.516174
0.632019
0.706008
0.828223
0.910320
1.031868
1.115363
1.220911
1.291355
1.373851
1.418658
1.474805
1.497835
1.528868
0.146442
0.197983
0.288817
0.363236
0.452837
0.537142
0.635792
0.726417
0.833661
0.930844
1.037325
1.129276
1.226137
1.296757
1.373827
1.421026
1.471036
1.495397
0.140372
0.199008
0.295556
0.354036
0.464037
0.526942
0.644627
0.719553
0.839378
0.922981
1.041988
1.120648
1.226140
1.291364
1.370116
1.415680
1.470147
0.142513
0.204276
0.299356
0.368245
0.464298
0.546513
0.644451
0.737015
0.842533
0.936013
1.041978
1.129278
1.220901
1.291814
1.365185
1.411011
0.146783
0.198173
0.299580
0.361408
0.466274
0.535484
0.649178
0.722758
0.842533
0.922986
1.037330
1.115373
1.216441
1.278291
1.358910
0.143103
0.211911
0.300275
0.374076
0.468942
0.547501
0.649176
0.737016
0.839372
0.930847
1.031843
1.113987
1.205823
1.274415
0.144898
0.199859
0.302366
0.361100
0.468942
0.535486
0.644450
0.719562
0.833650
0.910351
1.022825
1.096726
1.193893
0.145454
0.211799
0.302366
0.374077
0.466271
0.546518
0.644613
0.726432
0.828199
0.912035
1.009153
1.090107
0.145454
0.199859
0.300273
0.361415
0.464289
0.526958
0.635780
0.706024
0.815020
0.890615
0.996355
0.144896
0.211915
0.299572
0.368254
0.464025
0.537149
0.632008
0.709686
0.805824
0.883102
0.143097
0.198181
0.299349
0.354046
0.452831
0.516190
0.618757
0.686034
0.790975
0.146777
0.204281
0.295549
0.363245
0.455386
0.521138
0.615494
0.682681
0.142507
0.199018
0.288804
0.342911
0.440393
0.499908
0.597188
0.140360
0.197994
0.296925
0.350440
0.444482
0.499755
0.146432
0.187350
0.277487
0.333720
0.421567
0.142195
0.199002
0.289509
0.334618
0.131207
0.179218
0.268933
0.157188
0.178469
0.139750
-0.003784
-0.005334
-0.068117
-0.090638
-0.149317
-0.174516
-0.234394
-0.259132
-0.319399
-0.344179
-0.403619
-0.426709
-0.486437
-0.507961
-0.565034
-0.588934
-0.641684
-0.664567
-0.719718
-0.736680
-0.786292
-0.814595
-0.854285
-1.691440
-1.676216
-1.683977
-1.675898
-1.685620
-1.676989
-1.685534
-1.685097
-1.687632
-1.683063
-1.682169
-1.664557
-1.643194
-1.603361
-1.551167
-1.476460
-1.393620
-1.289178
-1.198373
-1.082815
-1.011826
-0.896838
-1.680304
-1.697606
-1.687972
-1.692155
-1.688578
-1.693841
-1.686792
-1.686521
-1.679776
-1.667101
-1.645231
-1.616852
-1.567977
-1.509883
-1.430626
-1.342839
-1.246210
-1.143642
-1.052394
-0.960082
-0.879931
-1.691678
-1.670993
-1.687398
-1.676338
-1.679891
-1.669877
-1.670165
-1.652072
-1.638178
-1.609896
-1.572713
-1.519686
-1.456239
-1.372338
-1.289312
-1.184984
-1.100979
-0.999510
-0.925361
-0.839171
-1.656049
-1.670841
-1.655094
-1.661087
-1.649468
-1.640121
-1.620224
-1.600492
-1.561811
-1.520349
-1.459732
-1.389742
-1.309276
-1.217678
-1.129907
-1.037382
-0.954146
-0.874849
-0.810031
-1.615777
-1.603949
-1.612647
-1.589515
-1.584297
-1.558513
-1.531202
-1.490323
-1.443017
-1.379384
-1.312288
-1.227053
-1.150115
-1.057871
-0.982945
-0.896967
-0.838560
-0.755462
-1.544117
-1.540449
-1.523397
-1.515450
-1.480538
-1.455122
-1.407295
-1.358504
-1.293501
-1.224147
-1.149646
-1.069044
-0.994160
-0.916170
-0.852544
-0.777497
-0.731637
-1.436608
-1.419307
-1.404047
-1.373641
-1.344758
-1.297407
-1.249582
-1.189079
-1.128691
-1.055451
-0.992558
-0.917578
-0.861392
-0.786922
-0.745872
-0.674049
-1.307012
-1.295800
-1.263849
-1.237272
-1.189502
-1.149441
-1.090688
-1.035157
-0.975818
-0.912407
-0.857288
-0.792030
-0.748002
-0.683934
-0.646989
-1.160796
-1.134107
-1.106861
-1.070436
-1.031165
-0.982568
-0.939163
-0.882561
-0.839473
-0.779323
-0.742581
-0.681445
-0.649788
-0.591011
-1.021850
-1.005989
-0.967288
-0.938740
-0.896589
-0.856821
-0.814474
-0.766515
-0.730155
-0.677053
-0.644910
-0.592495
-0.563930
-0.887422
-0.860893
-0.836231
-0.799752
-0.772113
-0.729137
-0.703607
-0.654315
-0.630293
-0.581303
-0.557486
-0.504537
-0.782474
-0.764017
-0.734707
-0.706631
-0.678335
-0.640216
-0.614795
-0.573087
-0.547848
-0.501289
-0.481351
-0.678444
-0.650926
-0.634937
-0.598736
-0.583464
-0.544028
-0.526076
-0.483448
-0.468079
-0.417632
-0.602106
-0.582399
-0.561154
-0.532752
-0.509510
-0.475456
-0.456224
-0.411931
-0.396440
-0.516858
-0.486754
-0.474121
-0.441093
-0.429270
-0.387298
-0.378088
-0.329869
-0.453044
-0.434781
-0.413590
-0.381442
-0.365895
-0.324942
-0.310984
-0.373289
-0.339219
-0.335154
-0.293967
-0.288220
-0.239499
-0.320542
-0.293469
-0.275960
-0.238465
-0.226566
-0.237092
-0.200613
-0.201092
-0.148833
-0.189974
-0.152324
-0.143169
-0.111164
-0.062032
-0.059525
0.149044
0.166770
0.282140
0.312669
0.425040
0.479210
0.588371
0.660007
0.774284
0.859182
0.978696
1.066777
1.179098
1.258993
1.346230
1.404958
1.463791
1.493538
1.527723
1.537170
1.550862
1.544478
1.541928
1.529943
1.522632
1.527074
1.531490
1.525132
1.528484
1.531257
1.536376
1.536420
1.545421
1.545926
1.548150
1.545781
1.542576
1.526566
1.513502
1.485312
1.452959
1.413678
1.366395
1.310134
1.257796
1.188537
0.151060
0.232636
0.240819
0.322114
0.340654
0.419086
0.445624
0.523748
0.557378
0.632856
0.672000
0.745673
0.786116
0.854285
0.896740
0.956408
0.992101
1.049977
1.074904
1.119729
1.147448
1.187614
0.233456
0.283427
0.331313
0.385938
0.435039
0.497180
0.546487
0.612957
0.663933
0.732949
0.783456
0.850794
0.901551
0.962826
1.006115
1.065531
1.097315
1.145307
1.175917
1.210310
1.222885
0.295368
0.378974
0.404445
0.484266
0.516938
0.597007
0.638784
0.717477
0.765603
0.841142
0.893782
0.962354
1.011369
1.076174
1.114501
1.168158
1.203829
1.241764
1.265722
1.302105
0.391507
0.437681
0.501146
0.558623
0.622191
0.685561
0.750930
0.818062
0.884113
0.950009
1.010920
1.075411
1.123962
1.180155
1.220948
1.262571
1.291573
1.329374
1.340828
0.457250
0.544167
0.582630
0.664935
0.714762
0.796383
0.854513
0.932494
0.992714
1.066683
1.119442
1.183608
1.229078
1.278059
1.311328
1.351953
1.370545
1.400229
0.560252
0.613604
0.691667
0.752895
0.831573
0.897589
0.975235
1.043166
1.111061
1.174399
1.231189
1.282006
1.322704
1.365742
1.388927
1.419812
1.436422
0.640635
0.727620
0.783437
0.869061
0.933472
1.017166
1.080373
1.157616
1.214695
1.276962
1.320955
1.371544
1.398256
1.433637
1.454470
1.473097
0.750171
0.811989
0.902188
0.968763
1.053739
1.122255
1.197540
1.256962
1.315999
1.365747
1.402836
1.438902
1.464625
1.483565
1.499419
0.842977
0.931478
0.999942
1.087615
1.154791
1.231035
1.289180
1.351793
1.391123
1.436397
1.463934
1.488410
1.506056
1.521970
0.956852
1.026723
1.118184
1.183635
1.264037
1.321121
1.379211
1.422464
1.462582
1.486112
1.510468
1.525053
1.532811
1.052965
1.140704
1.210173
1.288150
1.341921
1.403193
1.441806
1.478442
1.502167
1.524327
1.531283
1.544157
1.164112
1.230025
1.309065
1.364519
1.424049
1.458412
1.497126
1.517578
1.533145
1.543367
1.548972
1.246839
1.325303
1.379119
1.434583
1.471060
1.506923
1.520928
1.540357
1.544303
1.547563
1.339678
1.389341
1.449303
1.482587
1.514437
1.531723
1.547052
1.546702
1.550538
1.399442
1.455238
1.484595
1.520253
1.533297
1.544638
1.545674
1.547323
1.460690
1.492307
1.526553
1.535253
1.550772
1.549191
1.545873
1.493871
1.523234
1.536184
1.549563
1.542639
1.542157
1.529522
1.539157
1.550317
1.546224
1.547087
1.534311
1.548001
1.545340
1.538784
1.554000
1.545424
1.543997
1.539052
1.543467
1.557259
0.068856
0.143249
0.167317
0.229680
0.260657
0.324598
0.360333
0.427483
0.463593
0.533854
0.571983
0.641072
0.680201
0.748778
0.785728
0.848586
0.886683
0.940649
0.970393
1.024384
1.045203
1.078586
1.101569
-0.750335
-0.681058
-0.604021
-0.532539
-0.466388
-0.393766
-0.321637
-0.246843
-0.167270
-0.085105
0.001032
0.089229
0.178687
0.270470
0.362693
0.455334
0.551428
0.643825
0.741120
0.837097
0.926747
1.023532
-0.706620
-0.635116
-0.552880
-0.486785
-0.404435
-0.339928
-0.254107
-0.181624
-0.092071
-0.012723
0.080839
0.164743
0.261434
0.345455
0.444283
0.528084
0.628311
0.715128
0.814903
0.900046
1.005017
-0.697708
-0.618628
-0.543832
-0.475440
-0.401794
-0.328169
-0.252120
-0.171256
-0.087426
0.000113
0.090485
0.181168
0.275627
0.368862
0.464636
0.561131
0.657653
0.754806
0.855463
0.948426
-0.645208
-0.573043
-0.489552
-0.420692
-0.340274
-0.267058
-0.180367
-0.101667
-0.008989
0.074682
0.171751
0.259042
0.356465
0.445359
0.543734
0.632878
0.735624
0.824357
0.926428
-0.628523
-0.555599
-0.481528
-0.408929
-0.332943
-0.256624
-0.174108
-0.089732
-0.000101
0.090972
0.184037
0.279010
0.375337
0.471380
0.571033
0.668691
0.768598
0.873173
-0.578465
-0.501639
-0.422200
-0.349908
-0.266746
-0.188395
-0.099653
-0.014849
0.078412
0.168148
0.265172
0.355300
0.453934
0.545514
0.644541
0.741285
0.841062
-0.559497
-0.487711
-0.410873
-0.336853
-0.257806
-0.176396
-0.090142
-0.000851
0.092110
0.184676
0.281625
0.377961
0.475910
0.576114
0.676032
0.778983
-0.503986
-0.428492
-0.349657
-0.271540
-0.187244
-0.103335
-0.012773
0.075390
0.170848
0.263306
0.358565
0.452873
0.549962
0.645769
0.748531
-0.487694
-0.412580
-0.335865
-0.258375
-0.175487
-0.090821
0.000038
0.091786
0.185557
0.281345
0.379401
0.476302
0.578326
0.679087
-0.427016
-0.351037
-0.269332
-0.188422
-0.101306
-0.014159
0.076277
0.168687
0.263541
0.355808
0.452322
0.547556
0.646313
-0.409815
-0.333573
-0.255498
-0.173993
-0.089299
-0.000002
0.092442
0.183525
0.280684
0.376256
0.475381
0.575054
-0.346683
-0.268359
-0.184730
-0.100759
-0.011884
0.074767
0.168494
0.260283
0.353204
0.446973
0.543857
-0.329080
-0.250606
-0.170752
-0.087666
0.001224
0.090985
0.182399
0.275745
0.374058
0.468329
-0.261244
-0.183522
-0.095418
-0.012316
0.076469
0.164647
0.258641
0.345831
0.441676
-0.245728
-0.165255
-0.085502
0.001873
0.091136
0.177727
0.273405
0.365328
-0.173541
-0.096360
-0.005427
0.071649
0.166595
0.249850
0.342448
-0.161013
-0.081724
0.002864
0.089030
0.175966
0.264757
-0.083175
-0.010853
0.079923
0.155988
0.251820
-0.079582
0.003159
0.087964
0.168853
0.007479
0.069036
0.166870
-0.002174
0.079353
0.103499
0.036361
0.028924
0.045643
0.056778
0.045363
0.047777
0.057490
0.045421
0.056478
0.048467
0.057584
0.046941
0.057584
0.048470
0.056480
0.045422
0.057492
0.047784
0.045363
0.056786
0.045647
0.028933
0.036364
0.033132
-0.077382
-0.095801
-0.205637
-0.237885
-0.334537
-0.380288
-0.472567
-0.524496
-0.624156
-0.692539
-0.809050
-0.908003
-1.051670
-1.176827
-1.330308
-1.439182
-1.552107
-1.612417
-1.664855
-1.670600
-1.704735
-1.681581
0.012146
-0.083992
-0.129955
-0.206387
-0.266153
-0.339973
-0.400052
-0.480004
-0.544489
-0.630602
-0.711604
-0.817251
-0.927060
-1.062967
-1.196384
-1.336331
-1.454972
-1.547949
-1.616443
-1.657286
-1.682639
-1.666309
0.021973
-0.089703
-0.121674
-0.221660
-0.259330
-0.358826
-0.400816
-0.496626
-0.550226
-0.650959
-0.722741
-0.843096
-0.942862
-1.088113
-1.211331
-1.355393
-1.459679
-1.561903
-1.615195
-1.665791
-1.682638
-0.004648
-0.078611
-0.140564
-0.216619
-0.277041
-0.352872
-0.417704
-0.494645
-0.564174
-0.651719
-0.735823
-0.845001
-0.957702
-1.092373
-1.224374
-1.357604
-1.465319
-1.554808
-1.615197
-1.657286
0.002643
-0.093679
-0.130761
-0.232443
-0.273880
-0.370619
-0.416388
-0.513880
-0.567855
-0.671545
-0.744497
-0.864922
-0.966741
-1.109818
-1.229108
-1.368205
-1.465317
-1.561902
-1.616441
0.004961
-0.088206
-0.144221
-0.222549
-0.286426
-0.363433
-0.428423
-0.507094
-0.578028
-0.664806
-0.751244
-0.860168
-0.971568
-1.104558
-1.229111
-1.357604
-1.459681
-1.547949
-0.004030
-0.091683
-0.144162
-0.238033
-0.284190
-0.380331
-0.428361
-0.524217
-0.579880
-0.682019
-0.753920
-0.873362
-0.971565
-1.109817
-1.224372
-1.355392
-1.454970
-0.002882
-0.090274
-0.145468
-0.230919
-0.291432
-0.370494
-0.435303
-0.513507
-0.582900
-0.669770
-0.753923
-0.860168
-0.966745
-1.092374
-1.211335
-1.336331
-0.001515
-0.098682
-0.149356
-0.241048
-0.292708
-0.384059
-0.434510
-0.528291
-0.582897
-0.682018
-0.751242
-0.864920
-0.957701
-1.088111
-1.196383
-0.005458
-0.088268
-0.150897
-0.232940
-0.293396
-0.374280
-0.434511
-0.513507
-0.579884
-0.664807
-0.744503
-0.845002
-0.942868
-1.062968
-0.005221
-0.100402
-0.150505
-0.244301
-0.293394
-0.384057
-0.435301
-0.524212
-0.578028
-0.671542
-0.735823
-0.843093
-0.927060
-0.004788
-0.090067
-0.150505
-0.232940
-0.292708
-0.370488
-0.428363
-0.507093
-0.567861
-0.651721
-0.722750
-0.817253
-0.004788
-0.100403
-0.150899
-0.241044
-0.291429
-0.380319
-0.428418
-0.513874
-0.564176
-0.650955
-0.711606
-0.005225
-0.088267
-0.149362
-0.230916
-0.284186
-0.363419
-0.416390
-0.494647
-0.550238
-0.630606
-0.005465
-0.098680
-0.145474
-0.238030
-0.286415
-0.370586
-0.417698
-0.496622
-0.544494
-0.001523
-0.090277
-0.144173
-0.222549
-0.273872
-0.352832
-0.400819
-0.480011
-0.002891
-0.091683
-0.144234
-0.232444
-0.277020
-0.358757
-0.400044
-0.004045
-0.088210
-0.130778
-0.216637
-0.259322
-0.339904
0.004948
-0.093684
-0.140577
-0.221666
-0.266143
0.002629
-0.078619
-0.121701
-0.206405
-0.004666
-0.089699
-0.129966
0.021954
-0.084005
0.012134
0.149044
0.166770
0.282140
0.312669
0.425040
0.479210
0.588372
0.660008
0.774284
0.859183
0.978697
1.066778
1.179099
1.258993
1.346230
1.404958
1.463791
1.493538
1.527723
1.537170
1.550862
1.544479
1.541928
0.139746
0.178466
0.268930
0.334616
0.421566
0.499754
0.597187
0.682681
0.790975
0.883102
0.996356
1.090108
1.193894
1.274415
1.358911
1.411012
1.470147
1.495397
1.528868
1.533546
1.550004
1.546431
0.157183
0.179214
0.289506
0.333719
0.444480
0.499908
0.615493
0.686035
0.805824
0.890616
1.009154
1.096727
1.205824
1.278291
1.365186
1.415680
1.471036
1.497835
1.528936
1.536791
1.549998
0.131203
0.198999
0.277484
0.350439
0.440391
0.521138
0.618757
0.709686
0.815021
0.912036
1.022826
1.113988
1.216442
1.291815
1.370116
1.421026
1.474806
1.496904
1.528985
1.533532
0.142190
0.187347
0.296922
0.342909
0.455384
0.516189
0.632008
0.706025
0.828199
0.910351
1.031844
1.115374
1.220902
1.291365
1.373827
1.418658
1.474800
1.497818
1.528837
0.146427
0.197992
0.288801
0.363244
0.452830
0.537148
0.635780
0.726433
0.833651
0.930848
1.037331
1.129279
1.226141
1.296758
1.373852
1.421020
1.471054
1.495407
0.140356
0.199016
0.295546
0.354044
0.464024
0.526958
0.644613
0.719563
0.839373
0.922987
1.041979
1.120648
1.226138
1.291356
1.370100
1.415671
1.470156
0.142504
0.204279
0.299347
0.368254
0.464288
0.546518
0.644450
0.737017
0.842534
0.936014
1.041989
1.129277
1.220912
1.291817
1.365227
1.410968
0.146774
0.198179
0.299571
0.361414
0.466271
0.535486
0.649176
0.722759
0.842533
0.922982
1.037326
1.115364
1.216454
1.278239
1.358940
0.143095
0.211914
0.300271
0.374076
0.468942
0.547501
0.649178
0.737016
0.839378
0.930845
1.031868
1.113962
1.205869
1.274413
0.144894
0.199858
0.302365
0.361100
0.468942
0.535485
0.644451
0.719554
0.833662
0.910321
1.022846
1.096703
1.193880
0.145453
0.211798
0.302365
0.374076
0.466274
0.546513
0.644627
0.726418
0.828224
0.912031
1.009164
1.090110
0.145453
0.199858
0.300275
0.361408
0.464298
0.526942
0.635793
0.706009
0.815021
0.890596
0.996380
0.144898
0.211910
0.299580
0.368245
0.464037
0.537142
0.632019
0.709681
0.805858
0.883068
0.143103
0.198172
0.299356
0.354036
0.452837
0.516174
0.618774
0.685994
0.791002
0.146783
0.204276
0.295556
0.363236
0.455406
0.521119
0.615526
0.682671
0.142513
0.199007
0.288817
0.342889
0.440409
0.499885
0.597191
0.140372
0.197983
0.296941
0.350431
0.444499
0.499749
0.146441
0.187337
0.277495
0.333701
0.421582
0.142204
0.198993
0.289531
0.334601
0.131222
0.179194
0.268948
0.157203
0.178462
0.139762
0.033166
-0.077402
-0.095771
-0.205641
-0.237873
-0.334610
-0.380295
-0.472571
-0.524481
-0.624160
-0.692528
-0.809054
-0.907995
-1.051674
-1.176822
-1.330311
-1.439179
-1.552109
-1.612415
-1.664856
-1.670598
-1.704735
-1.681579
-1.670329
-1.679031
-1.666886
-1.673313
-1.664124
-1.670997
-1.673784
-1.676383
-1.680832
-1.688339
-1.688277
-1.687365
-1.680204
-1.662576
-1.628247
-1.581144
-1.511104
-1.427500
-1.326437
-1.226522
-1.120448
-1.024654
-0.942587
-0.059526
-0.062031
-0.143169
-0.148833
-0.226566
-0.239499
-0.310984
-0.329868
-0.396440
-0.417633
-0.481352
-0.504537
-0.563931
-0.591011
-0.646989
-0.674049
-0.731638
-0.755462
-0.810032
-0.839171
-0.879931
-0.896838
-0.111164
-0.152325
-0.201092
-0.238465
-0.288221
-0.324942
-0.378088
-0.411931
-0.468079
-0.501289
-0.557486
-0.592495
-0.649788
-0.683934
-0.745872
-0.777497
-0.838560
-0.874849
-0.925361
-0.960083
-1.011827
-0.189975
-0.200612
-0.275960
-0.293967
-0.365895
-0.387298
-0.456224
-0.483448
-0.547849
-0.581303
-0.644910
-0.681446
-0.748002
-0.786922
-0.852545
-0.896968
-0.954146
-0.999510
-1.052394
-1.082815
-0.237092
-0.293469
-0.335154
-0.381441
-0.429270
-0.475456
-0.526076
-0.573087
-0.630293
-0.677053
-0.742581
-0.792030
-0.861392
-0.916170
-0.982946
-1.037382
-1.100980
-1.143643
-1.198374
-0.320541
-0.339218
-0.413589
-0.441093
-0.509509
-0.544028
-0.614795
-0.654315
-0.730155
-0.779324
-0.857288
-0.917578
-0.994160
-1.057872
-1.129907
-1.184985
-1.246211
-1.289179
-0.373288
-0.434780
-0.474121
-0.532752
-0.583464
-0.640215
-0.703607
-0.766515
-0.839473
-0.912407
-0.992558
-1.069045
-1.150115
-1.217678
-1.289312
-1.342839
-1.393620
-0.453043
-0.486753
-0.561154
-0.598736
-0.678334
-0.729136
-0.814474
-0.882561
-0.975818
-1.055451
-1.149646
-1.227053
-1.309277
-1.372339
-1.430627
-1.476460
-0.516858
-0.582399
-0.634937
-0.706631
-0.772112
-0.856821
-0.939163
-1.035157
-1.128691
-1.224148
-1.312289
-1.389743
-1.456240
-1.509884
-1.551168
-0.602105
-0.650925
-0.734706
-0.799752
-0.896589
-0.982568
-1.090689
-1.189079
-1.293502
-1.379384
-1.459733
-1.519687
-1.567977
-1.603362
-0.678443
-0.764016
-0.836231
-0.938739
-1.031165
-1.149441
-1.249582
-1.358504
-1.443017
-1.520350
-1.572714
-1.616852
-1.643195
-0.782473
-0.860892
-0.967287
-1.070436
-1.189502
-1.297408
-1.407296
-1.490323
-1.561812
-1.609896
-1.645231
-1.664557
-0.887420
-1.005988
-1.106860
-1.237271
-1.344758
-1.455122
-1.531203
-1.600493
-1.638178
-1.667102
-1.682169
-1.021849
-1.134106
-1.263848
-1.373641
-1.480538
-1.558513
-1.620224
-1.652073
-1.679776
-1.683064
-1.160795
-1.295799
-1.404047
-1.515450
-1.584297
-1.640121
-1.670165
-1.686521
-1.687632
-1.307011
-1.419306
-1.523397
-1.589515
-1.649468
-1.669877
-1.686792
-1.685097
-1.436607
-1.540449
-1.612647
-1.661087
-1.679891
-1.693841
-1.685534
-1.544116
-1.603949
-1.655094
-1.676338
-1.688578
-1.676989
-1.615776
-1.670841
-1.687397
-1.692155
-1.685620
-1.656049
-1.670993
-1.687972
-1.675898
-1.691677
-1.697605
-1.683977
-1.680303
-1.676216
-1.691440
0.068856
0.143249
0.167317
0.229679
0.260657
0.324598
0.360333
0.427483
0.463593
0.533854
0.571983
0.641072
0.680201
0.748778
0.785728
0.848586
0.886683
0.940649
0.970393
1.024384
1.045203
1.078586
1.101569
1.557259
1.543467
1.543996
1.538784
1.547087
1.542157
1.545873
1.547323
1.550538
1.547563
1.548972
1.544157
1.532811
1.521970
1.499419
1.473097
1.436422
1.400229
1.340828
1.302105
1.222884
1.187614
1.539052
1.545424
1.545340
1.546223
1.542639
1.549191
1.545674
1.546702
1.544303
1.543367
1.531283
1.525053
1.506056
1.483565
1.454470
1.419812
1.370545
1.329374
1.265722
1.210310
1.147448
1.554000
1.548001
1.550317
1.549563
1.550772
1.544638
1.547052
1.540357
1.533145
1.524327
1.510468
1.488410
1.464625
1.433637
1.388927
1.351953
1.291573
1.241764
1.175916
1.119729
1.534311
1.539157
1.536184
1.535252
1.533297
1.531723
1.520928
1.517578
1.502167
1.486112
1.463933
1.438902
1.398255
1.365742
1.311328
1.262571
1.203829
1.145307
1.074904
1.529522
1.523234
1.526553
1.520253
1.514437
1.506923
1.497126
1.478442
1.462582
1.436397
1.402836
1.371544
1.322704
1.278059
1.220948
1.168158
1.097315
1.049977
1.493871
1.492307
1.484596
1.482587
1.471060
1.458412
1.441806
1.422464
1.391123
1.365747
1.320955
1.282006
1.229078
1.180155
1.114500
1.065531
0.992101
1.460691
1.455239
1.449303
1.434583
1.424049
1.403193
1.379211
1.351793
1.315999
1.276962
1.231189
1.183608
1.123962
1.076174
1.006115
0.956408
1.399443
1.389341
1.379120
1.364519
1.341922
1.321121
1.289180
1.256962
1.214695
1.174399
1.119442
1.075411
1.011369
0.962826
0.896740
1.339679
1.325303
1.309066
1.288151
1.264038
1.231035
1.197540
1.157616
1.111061
1.066683
1.010920
0.962354
0.901551
0.854285
1.246840
1.230026
1.210174
1.183635
1.154792
1.122255
1.080373
1.043166
0.992714
0.950010
0.893782
0.850794
0.786116
1.164113
1.140704
1.118184
1.087615
1.053739
1.017166
0.975236
0.932495
0.884113
0.841142
0.783456
0.745673
1.052965
1.026723
0.999943
0.968764
0.933473
0.897589
0.854513
0.818062
0.765603
0.732949
0.672000
0.956853
0.931479
0.902189
0.869061
0.831574
0.796383
0.750930
0.717477
0.663933
0.632856
0.842978
0.811990
0.783437
0.752895
0.714763
0.685561
0.638784
0.612957
0.557378
0.750171
0.727620
0.691668
0.664936
0.622192
0.597008
0.546488
0.523748
0.640636
0.613604
0.582630
0.558624
0.516939
0.497180
0.445624
0.560253
0.544167
0.501146
0.484266
0.435039
0.419086
0.457250
0.437681
0.404446
0.385938
0.340654
0.391507
0.378974
0.331313
0.322114
0.295369
0.283427
0.240819
0.233456
0.232636
0.151060
-0.003784
-0.005334
-0.068117
-0.090638
-0.149317
-0.174516
-0.234395
-0.259132
-0.319398
-0.344178
-0.403618
-0.426709
-0.486437
-0.507962
-0.565034
-0.588934
-0.641684
-0.664567
-0.719718
-0.736680
-0.786292
-0.814595
-0.854285
-0.773057
-0.707979
-0.611103
-0.556248
-0.469554
-0.407547
-0.326535
-0.257452
-0.171042
-0.096467
-0.004839
0.074597
0.170043
0.252577
0.348354
0.432281
0.529071
0.612409
0.715023
0.793588
0.899478
0.973326
1.069595
0.103499
0.079353
0.166870
0.168853
0.251820
0.264757
0.342448
0.365328
0.441676
0.468329
0.543857
0.575054
0.646313
0.679087
0.748531
0.778983
0.841062
0.873173
0.926428
0.948426
1.005017
1.023532
-0.002174
0.069036
0.087964
0.155988
0.175966
0.249849
0.273405
0.345831
0.374058
0.446973
0.475381
0.547556
0.578326
0.645769
0.676032
0.741285
0.768597
0.824357
0.855463
0.900046
0.926747
0.007479
0.003159
0.079923
0.089030
0.166595
0.177727
0.258641
0.275745
0.353204
0.376256
0.452322
0.476302
0.549962
0.576114
0.644540
0.668691
0.735624
0.754806
0.814903
0.837097
-0.079582
-0.010853
0.002864
0.071648
0.091136
0.164646
0.182399
0.260283
0.280683
0.355808
0.379401
0.452873
0.475910
0.545514
0.571033
0.632878
0.657653
0.715128
0.741120
-0.083175
-0.081724
-0.005427
0.001873
0.076469
0.090985
0.168494
0.183524
0.263541
0.281345
0.358565
0.377961
0.453934
0.471379
0.543734
0.561131
0.628311
0.643825
-0.161013
-0.096361
-0.085502
-0.012316
0.001224
0.074767
0.092442
0.168687
0.185557
0.263305
0.281625
0.355300
0.375337
0.445359
0.464636
0.528084
0.551428
-0.173541
-0.165256
-0.095418
-0.087666
-0.011884
-0.000002
0.076277
0.091785
0.170848
0.184676
0.265172
0.279010
0.356465
0.368862
0.444283
0.455334
-0.245728
-0.183523
-0.170752
-0.100760
-0.089299
-0.014159
0.000038
0.075390
0.092110
0.168147
0.184037
0.259042
0.275627
0.345455
0.362693
-0.261244
-0.250606
-0.184730
-0.173994
-0.101306
-0.090822
-0.012773
-0.000851
0.078412
0.090972
0.171751
0.181168
0.261434
0.270470
-0.329080
-0.268359
-0.255498
-0.188422
-0.175487
-0.103335
-0.090143
-0.014849
-0.000101
0.074682
0.090485
0.164743
0.178686
-0.346683
-0.333573
-0.269332
-0.258375
-0.187244
-0.176396
-0.099653
-0.089732
-0.008989
0.000113
0.080839
0.089229
-0.409814
-0.351037
-0.335865
-0.271540
-0.257806
-0.188395
-0.174109
-0.101667
-0.087426
-0.012723
0.001032
-0.427016
-0.412580
-0.349657
-0.336853
-0.266746
-0.256624
-0.180367
-0.171256
-0.092071
-0.085105
-0.487693
-0.428492
-0.410873
-0.349908
-0.332944
-0.267058
-0.252120
-0.181624
-0.167270
-0.503986
-0.487711
-0.422201
-0.408929
-0.340274
-0.328169
-0.254107
-0.246843
-0.559497
-0.501639
-0.481528
-0.420692
-0.401794
-0.339928
-0.321637
-0.578465
-0.555599
-0.489552
-0.475440
-0.404435
-0.393766
-0.628524
-0.573043
-0.543832
-0.486785
-0.466388
-0.645208
-0.618628
-0.552880
-0.532539
-0.697708
-0.635116
-0.604021
-0.706620
-0.681058
-0.750335
0.033138
-0.077374
-0.095792
-0.205630
-0.237914
-0.334620
-0.380289
-0.472541
-0.524470
-0.624142
-0.692528
-0.809047
-0.908001
-1.051672
-1.176829
-1.330311
-1.439184
-1.552109
-1.612419
-1.664856
-1.670601
-1.704735
-1.681581
-1.670329
-1.679031
-1.666886
-1.673311
-1.664124
-1.670995
-1.673784
-1.676380
-1.680833
-1.688335
-1.688277
-1.687360
-1.680205
-1.662569
-1.628248
-1.581134
-1.511107
-1.427487
-1.326441
-1.226504
-1.120455
-1.024628
-0.942598
-0.059529
-0.062053
-0.143178
-0.148857
-0.226571
-0.239523
-0.310988
-0.329889
-0.396442
-0.417653
-0.481351
-0.504558
-0.563931
-0.591033
-0.646991
-0.674070
-0.731639
-0.755483
-0.810034
-0.839191
-0.879934
-0.896855
-0.111169
-0.152306
-0.201094
-0.238453
-0.288223
-0.324926
-0.378090
-0.411914
-0.468079
-0.501273
-0.557489
-0.592479
-0.649792
-0.683917
-0.745875
-0.777480
-0.838562
-0.874830
-0.925363
-0.960062
-1.011831
-0.189978
-0.200642
-0.275970
-0.293987
-0.365900
-0.387314
-0.456225
-0.483464
-0.547850
-0.581319
-0.644912
-0.681462
-0.748004
-0.786938
-0.852547
-0.896983
-0.954148
-0.999524
-1.052398
-1.082825
-0.237108
-0.293464
-0.335160
-0.381427
-0.429267
-0.475441
-0.526075
-0.573074
-0.630294
-0.677042
-0.742583
-0.792019
-0.861395
-0.916157
-0.982948
-1.037367
-1.100982
-1.143625
-1.198376
-0.320562
-0.339237
-0.413588
-0.441103
-0.509508
-0.544038
-0.614796
-0.654328
-0.730157
-0.779337
-0.857291
-0.917591
-0.994163
-1.057883
-1.129910
-1.184994
-1.246214
-1.289187
-0.373283
-0.434758
-0.474111
-0.532734
-0.583461
-0.640204
-0.703607
-0.766506
-0.839476
-0.912399
-0.992560
-1.069036
-1.150118
-1.217667
-1.289314
-1.342827
-1.393621
-0.453029
-0.486751
-0.561148
-0.598742
-0.678334
-0.729146
-0.814477
-0.882571
-0.975821
-1.055461
-1.149650
-1.227062
-1.309280
-1.372346
-1.430629
-1.476466
-0.516839
-0.582379
-0.634930
-0.706619
-0.772112
-0.856814
-0.939165
-1.035152
-1.128693
-1.224141
-1.312291
-1.389734
-1.456241
-1.509875
-1.551168
-0.602095
-0.650927
-0.734705
-0.799760
-0.896592
-0.982578
-1.090692
-1.189088
-1.293505
-1.379391
-1.459735
-1.519692
-1.567979
-1.603366
-0.678435
-0.764006
-0.836230
-0.938734
-1.031167
-1.149437
-1.249584
-1.358500
-1.443019
-1.520344
-1.572714
-1.616846
-1.643195
-0.782472
-0.860898
-0.967290
-1.070444
-1.189506
-1.297415
-1.407298
-1.490329
-1.561814
-1.609901
-1.645232
-1.664560
-0.887419
-1.005985
-1.106862
-1.237269
-1.344759
-1.455119
-1.531204
-1.600489
-1.638178
-1.667097
-1.682168
-1.021852
-1.134113
-1.263852
-1.373648
-1.480540
-1.558518
-1.620226
-1.652076
-1.679777
-1.683066
-1.160796
-1.295798
-1.404048
-1.515448
-1.584298
-1.640118
-1.670165
-1.686517
-1.687632
-1.307014
-1.419312
-1.523399
-1.589520
-1.649469
-1.669880
-1.686793
-1.685099
-1.436608
-1.540448
-1.612647
-1.661085
-1.679891
-1.693839
-1.685534
-1.544118
-1.603953
-1.655095
-1.676341
-1.688578
-1.676991
-1.615776
-1.670840
-1.687397
-1.692153
-1.685620
-1.656050
-1.670995
-1.687972
-1.675899
-1.691677
-1.697605
-1.683976
-1.680304
-1.676217
-1.691439
0.068841
0.143282
0.167308
0.229708
0.260651
0.324644
0.360318
0.427534
0.463610
0.533892
0.572003
0.641164
0.680196
0.748868
0.785803
0.848642
0.886735
0.940823
0.970386
1.024525
1.045327
1.078680
1.101603
1.557304
1.543390
1.543947
1.538805
1.547026
1.542000
1.546014
1.547170
1.550451
1.547641
1.548932
1.543947
1.533033
1.521797
1.499376
1.473140
1.436438
1.400023
1.341017
1.301952
1.222867
1.187563
1.539034
1.545526
1.545332
1.546227
1.542771
1.549215
1.545591
1.546943
1.544221
1.543371
1.531402
1.525109
1.505888
1.483846
1.454334
1.419862
1.370569
1.329495
1.265539
1.210561
1.147350
1.553998
1.547891
1.550392
1.549449
1.550694
1.544683
1.546997
1.540185
1.533301
1.524184
1.510399
1.488460
1.464619
1.433445
1.389104
1.351815
1.291552
1.241744
1.175967
1.119528
1.534375
1.539187
1.536149
1.535417
1.533266
1.531730
1.521049
1.517621
1.502058
1.486346
1.463847
1.438926
1.398314
1.365832
1.311171
1.262797
1.203733
1.145369
1.074899
1.529484
1.523235
1.526513
1.520125
1.514527
1.506809
1.497049
1.478481
1.462552
1.436234
1.402972
1.371425
1.322663
1.278058
1.220982
1.167982
1.097446
1.049859
1.493868
1.492323
1.484684
1.482626
1.471006
1.458589
1.441766
1.422480
1.391204
1.365814
1.320844
1.282200
1.229010
1.180194
1.114512
1.065640
0.991977
1.460731
1.455157
1.449244
1.434595
1.424010
1.403065
1.379295
1.351695
1.315941
1.276969
1.231194
1.183458
1.124068
1.076076
1.006103
0.956360
1.399425
1.389455
1.379109
1.364540
1.341999
1.321174
1.289117
1.257117
1.214662
1.174425
1.119478
1.075495
1.011273
0.962974
0.896692
1.339646
1.325216
1.309106
1.288072
1.263980
1.231036
1.197522
1.157496
1.111130
1.066602
1.010890
0.962324
0.901583
0.854155
1.246895
1.230065
1.210149
1.183750
1.154783
1.122279
1.080423
1.043230
0.992656
0.950132
0.893757
0.850833
0.786118
1.164070
1.140696
1.118155
1.087526
1.053773
1.017100
0.975194
0.932473
0.884119
0.841037
0.783508
0.745605
1.052969
1.026748
0.999991
0.968812
0.933448
0.897686
0.854510
0.818092
0.765624
0.733019
0.671952
0.956863
0.931426
0.902149
0.869042
0.831560
0.796302
0.750954
0.717422
0.663913
0.632817
0.842975
0.812060
0.783446
0.752924
0.714794
0.685615
0.638763
0.613031
0.557376
0.750150
0.727562
0.691672
0.664890
0.622163
0.596977
0.546487
0.523681
0.640666
0.613644
0.582629
0.558683
0.516949
0.497211
0.445638
0.560227
0.544142
0.501133
0.484213
0.435040
0.419047
0.457264
0.437709
0.404467
0.385979
0.340652
0.391500
0.378941
0.331292
0.322085
0.295376
0.283466
0.240831
0.233442
0.232602
0.151071
-0.003780
-0.005312
-0.068115
-0.090614
-0.149319
-0.174496
-0.234395
-0.259114
-0.319402
-0.344158
-0.403622
-0.426688
-0.486440
-0.507940
-0.565037
-0.588911
-0.641688
-0.664543
-0.719721
-0.736656
-0.786294
-0.814570
-0.854286
-0.773085
-0.707946
-0.611136
-0.556212
-0.469594
-0.407504
-0.326584
-0.257400
-0.171101
-0.096401
-0.004913
0.074675
0.169964
0.252659
0.348260
0.432400
0.528928
0.612561
0.714893
0.793701
0.899355
0.973537
1.069325
0.103476
0.079353
0.166845
0.168861
0.251779
0.264762
0.342413
0.365310
0.441630
0.468328
0.543772
0.575034
0.646259
0.679015
0.748444
0.778971
0.840906
0.873121
0.926355
0.948306
1.004875
1.023558
-0.002180
0.069065
0.087951
0.156025
0.175965
0.249881
0.273412
0.345887
0.374055
0.447039
0.475416
0.547606
0.578364
0.645882
0.676035
0.741399
0.768675
0.824436
0.855505
0.900252
0.926689
0.007451
0.003164
0.079896
0.089026
0.166564
0.177726
0.258589
0.275739
0.353158
0.376221
0.452262
0.476288
0.549856
0.576086
0.644466
0.668615
0.735516
0.754808
0.814711
0.837096
-0.079589
-0.010829
0.002863
0.071683
0.091131
0.164691
0.182409
0.260323
0.280704
0.355878
0.379407
0.452957
0.475952
0.545582
0.571072
0.633015
0.657637
0.715278
0.741153
-0.083198
-0.081724
-0.005460
0.001872
0.076435
0.090971
0.168454
0.183514
0.263474
0.281331
0.358503
0.377919
0.453856
0.471367
0.543603
0.561123
0.628205
0.643784
-0.161020
-0.096333
-0.085503
-0.012287
0.001232
0.074810
0.092446
0.168744
0.185577
0.263360
0.281652
0.355389
0.375340
0.445468
0.464662
0.528178
0.551441
-0.173567
-0.165261
-0.095446
-0.087672
-0.011926
-0.000009
0.076231
0.091764
0.170794
0.184661
0.265087
0.279000
0.356380
0.368833
0.444184
0.455342
-0.245729
-0.183497
-0.170752
-0.100724
-0.089293
-0.014120
0.000052
0.075446
0.092117
0.168222
0.184054
0.259116
0.275644
0.345561
0.362679
-0.261271
-0.250610
-0.184762
-0.174004
-0.101343
-0.090833
-0.012828
-0.000860
0.078350
0.090952
0.171679
0.181161
0.261333
0.270473
-0.329081
-0.268334
-0.255493
-0.188387
-0.175482
-0.103287
-0.090134
-0.014795
-0.000088
0.074754
0.090485
0.164832
0.178692
-0.346709
-0.333580
-0.269367
-0.258382
-0.187287
-0.176407
-0.099704
-0.089741
-0.009058
0.000110
0.080764
0.089219
-0.409813
-0.351009
-0.335862
-0.271505
-0.257799
-0.188349
-0.174105
-0.101605
-0.087422
-0.012658
0.001037
-0.427044
-0.412585
-0.349692
-0.336860
-0.266792
-0.256630
-0.180422
-0.171264
-0.092132
-0.085108
-0.487691
-0.428463
-0.410870
-0.349870
-0.332941
-0.267011
-0.252115
-0.181568
-0.167271
-0.504015
-0.487715
-0.422237
-0.408934
-0.340318
-0.328175
-0.254160
-0.246844
-0.559497
-0.501609
-0.481526
-0.420654
-0.401792
-0.339881
-0.321637
-0.578493
-0.555603
-0.489588
-0.475443
-0.404478
-0.393768
-0.628524
-0.573013
-0.543831
-0.486747
-0.466387
-0.645236
-0.618631
-0.552915
-0.532541
-0.697709
-0.635086
-0.604021
-0.706645
-0.681061
-0.750338
-0.003784
-0.005316
-0.068118
-0.090615
-0.149317
-0.174493
-0.234391
-0.259110
-0.319399
-0.344155
-0.403620
-0.426687
-0.486439
-0.507939
-0.565037
-0.588910
-0.641687
-0.664542
-0.719720
-0.736655
-0.786294
-0.814570
-0.854286
-1.691439
-1.676217
-1.683976
-1.675899
-1.685619
-1.676990
-1.685533
-1.685098
-1.687631
-1.683065
-1.682168
-1.664559
-1.643194
-1.603365
-1.551167
-1.476465
-1.393621
-1.289186
-1.198376
-1.082825
-1.011830
-0.896855
-1.680303
-1.697604
-1.687972
-1.692153
-1.688577
-1.693838
-1.686792
-1.686517
-1.679776
-1.667096
-1.645231
-1.616844
-1.567978
-1.509874
-1.430628
-1.342826
-1.246213
-1.143624
-1.052398
-0.960061
-0.879934
-1.691676
-1.670994
-1.687396
-1.676340
-1.679889
-1.669879
-1.670164
-1.652075
-1.638177
-1.609899
-1.572713
-1.519691
-1.456239
-1.372345
-1.289313
-1.184993
-1.100981
-0.999523
-0.925362
-0.839190
-1.656048
-1.670839
-1.655094
-1.661084
-1.649468
-1.640117
-1.620224
-1.600487
-1.561812
-1.520342
-1.459733
-1.389733
-1.309278
-1.217666
-1.129909
-1.037366
-0.954147
-0.874829
-0.810033
-1.615774
-1.603951
-1.612645
-1.589518
-1.584296
-1.558516
-1.531202
-1.490327
-1.443016
-1.379389
-1.312288
-1.227060
-1.150116
-1.057881
-0.982946
-0.896982
-0.838561
-0.755482
-1.544116
-1.540446
-1.523397
-1.515446
-1.480538
-1.455117
-1.407296
-1.358497
-1.293502
-1.224139
-1.149648
-1.069034
-0.994161
-0.916156
-0.852545
-0.777479
-0.731638
-1.436606
-1.419310
-1.404046
-1.373645
-1.344757
-1.297413
-1.249582
-1.189085
-1.128691
-1.055459
-0.992558
-0.917589
-0.861393
-0.786937
-0.745873
-0.674069
-1.307012
-1.295795
-1.263849
-1.237266
-1.189503
-1.149435
-1.090690
-1.035150
-0.975820
-0.912397
-0.857289
-0.792017
-0.748003
-0.683916
-0.646990
-1.160794
-1.134112
-1.106860
-1.070443
-1.031165
-0.982576
-0.939164
-0.882570
-0.839474
-0.779336
-0.742582
-0.681461
-0.649790
-0.591032
-1.021851
-1.005984
-0.967289
-0.938734
-0.896592
-0.856814
-0.814477
-0.766506
-0.730157
-0.677041
-0.644911
-0.592478
-0.563930
-0.887421
-0.860901
-0.836232
-0.799762
-0.772114
-0.729148
-0.703609
-0.654329
-0.630295
-0.581319
-0.557488
-0.504557
-0.782476
-0.764011
-0.734710
-0.706625
-0.678338
-0.640207
-0.614799
-0.573075
-0.547850
-0.501272
-0.481350
-0.678446
-0.650938
-0.634940
-0.598750
-0.583468
-0.544042
-0.526077
-0.483464
-0.468078
-0.417651
-0.602110
-0.582394
-0.561161
-0.532743
-0.509511
-0.475441
-0.456223
-0.411912
-0.396439
-0.516863
-0.486769
-0.474122
-0.441105
-0.429264
-0.387310
-0.378085
-0.329885
-0.453049
-0.434762
-0.413579
-0.381416
-0.365891
-0.324919
-0.310984
-0.373255
-0.339206
-0.335137
-0.293974
-0.288214
-0.239517
-0.320510
-0.293436
-0.275955
-0.238444
-0.226567
-0.237093
-0.200633
-0.201091
-0.148855
-0.189983
-0.152309
-0.143179
-0.111174
-0.062056
-0.059536
0.149015
0.166794
0.282115
0.312696
0.425003
0.479251
0.588337
0.660031
0.774268
0.859216
0.978642
1.066850
1.179046
1.259015
1.346224
1.404987
1.463715
1.493617
1.527662
1.537173
1.550833
1.544508
1.541850
1.529976
1.522623
1.527169
1.531500
1.525101
1.528684
1.531203
1.536371
1.536576
1.545447
1.545774
1.548457
1.545637
1.542593
1.526659
1.513578
1.485101
1.453275
1.413500
1.366492
1.310121
1.257965
1.188347
0.151068
0.232599
0.240829
0.322083
0.340651
0.419046
0.445637
0.523680
0.557376
0.632817
0.671952
0.745606
0.786118
0.854155
0.896693
0.956361
0.991978
1.049859
1.074900
1.119528
1.147350
1.187563
0.233439
0.283464
0.331290
0.385978
0.435039
0.497211
0.546487
0.613031
0.663913
0.733019
0.783508
0.850833
0.901584
0.962974
1.006104
1.065641
1.097447
1.145370
1.175967
1.210562
1.222867
0.295374
0.378939
0.404466
0.484212
0.516948
0.596977
0.638763
0.717422
0.765625
0.841038
0.893758
0.962325
1.011273
1.076076
1.114513
1.167982
1.203733
1.241744
1.265539
1.301952
0.391498
0.437708
0.501131
0.558683
0.622163
0.685615
0.750955
0.818093
0.884119
0.950132
1.010891
1.075495
1.124069
1.180195
1.220983
1.262797
1.291553
1.329495
1.341017
0.457263
0.544141
0.582629
0.664889
0.714795
0.796302
0.854511
0.932474
0.992657
1.066603
1.119479
1.183459
1.229010
1.278058
1.311171
1.351815
1.370570
1.400024
0.560226
0.613644
0.691672
0.752924
0.831560
0.897686
0.975195
1.043231
1.111131
1.174426
1.231195
1.282200
1.322663
1.365833
1.389104
1.419862
1.436438
0.640666
0.727562
0.783447
0.869042
0.933449
1.017100
1.080424
1.157497
1.214662
1.276970
1.320845
1.371426
1.398315
1.433446
1.454334
1.473140
0.750150
0.812060
0.902149
0.968813
1.053774
1.122280
1.197522
1.257118
1.315941
1.365814
1.402972
1.438926
1.464619
1.483846
1.499376
0.842975
0.931427
0.999992
1.087527
1.154784
1.231037
1.289118
1.351696
1.391204
1.436234
1.463848
1.488460
1.505889
1.521797
0.956864
1.026749
1.118156
1.183751
1.263980
1.321174
1.379296
1.422480
1.462552
1.486346
1.510399
1.525109
1.533033
1.052970
1.140697
1.210150
1.288073
1.342000
1.403065
1.441766
1.478481
1.502059
1.524184
1.531402
1.543947
1.164071
1.230066
1.309107
1.364540
1.424010
1.458589
1.497049
1.517621
1.533301
1.543371
1.548932
1.246896
1.325216
1.379109
1.434596
1.471006
1.506809
1.521049
1.540186
1.544221
1.547641
1.339647
1.389456
1.449244
1.482626
1.514528
1.531730
1.546997
1.546943
1.550451
1.399426
1.455158
1.484684
1.520125
1.533266
1.544683
1.545591
1.547170
1.460731
1.492323
1.526514
1.535417
1.550694
1.549215
1.546014
1.493869
1.523236
1.536149
1.549450
1.542771
1.542000
1.529484
1.539187
1.550392
1.546227
1.547026
1.534375
1.547891
1.545332
1.538805
1.553998
1.545526
1.543947
1.539034
1.543390
1.557304
0.068836
0.143279
0.167305
0.229706
0.260650
0.324643
0.360317
0.427534
0.463610
0.533892
0.572004
0.641164
0.680196
0.748868
0.785803
0.848643
0.886736
0.940823
0.970387
1.024525
1.045327
1.078680
1.101603
-0.750338
-0.681061
-0.604021
-0.532541
-0.466387
-0.393768
-0.321637
-0.246844
-0.167271
-0.085108
0.001037
0.089219
0.178692
0.270473
0.362680
0.455342
0.551441
0.643784
0.741153
0.837096
0.926689
1.023558
-0.706645
-0.635085
-0.552915
-0.486746
-0.404478
-0.339881
-0.254160
-0.181568
-0.092131
-0.012658
0.080764
0.164832
0.261333
0.345561
0.444184
0.528178
0.628205
0.715278
0.814711
0.900253
1.004875
-0.697709
-0.618631
-0.543831
-0.475443
-0.401792
-0.328175
-0.252115
-0.171264
-0.087421
0.000110
0.090485
0.181161
0.275644
0.368833
0.464662
0.561123
0.657637
0.754808
0.855505
0.948306
-0.645235
-0.573012
-0.489587
-0.420654
-0.340318
-0.267011
-0.180422
-0.101605
-0.009058
0.074754
0.171679
0.259116
0.356380
0.445468
0.543603
0.633015
0.735516
0.824436
0.926355
-0.628524
-0.555602
-0.481525
-0.408933
-0.332941
-0.256630
-0.174105
-0.089741
-0.000088
0.090952
0.184054
0.279000
0.375340
0.471367
0.571072
0.668616
0.768676
0.873122
-0.578493
-0.501608
-0.422236
-0.349869
-0.266791
-0.188348
-0.099704
-0.014795
0.078350
0.168222
0.265087
0.355389
0.453856
0.545582
0.644466
0.741400
0.840906
-0.559496
-0.487714
-0.410869
-0.336860
-0.257799
-0.176407
-0.090134
-0.000860
0.092117
0.184661
0.281652
0.377919
0.475952
0.576087
0.676036
0.778971
-0.504014
-0.428462
-0.349691
-0.271504
-0.187286
-0.103287
-0.012828
0.075446
0.170794
0.263360
0.358503
0.452957
0.549856
0.645883
0.748444
-0.487690
-0.412584
-0.335861
-0.258381
-0.175482
-0.090832
0.000052
0.091764
0.185577
0.281331
0.379407
0.476289
0.578364
0.679016
-0.427043
-0.351007
-0.269366
-0.188387
-0.101343
-0.014120
0.076231
0.168744
0.263474
0.355878
0.452262
0.547606
0.646260
-0.409812
-0.333578
-0.255492
-0.174003
-0.089292
-0.000009
0.092446
0.183514
0.280704
0.376221
0.475416
0.575035
-0.346707
-0.268332
-0.184761
-0.100723
-0.011926
0.074809
0.168454
0.260323
0.353157
0.447039
0.543772
-0.329079
-0.250608
-0.170751
-0.087671
0.001232
0.090971
0.182409
0.275739
0.374054
0.468328
-0.261268
-0.183496
-0.095446
-0.012287
0.076434
0.164691
0.258588
0.345886
0.441629
-0.245727
-0.165260
-0.085502
0.001872
0.091130
0.177725
0.273412
0.365310
-0.173565
-0.096332
-0.005460
0.071682
0.166563
0.249881
0.342412
-0.161019
-0.081724
0.002862
0.089025
0.175964
0.264761
-0.083198
-0.010830
0.079895
0.156023
0.251777
-0.079590
0.003162
0.087949
0.168859
0.007449
0.069063
0.166843
-0.002183
0.079351
0.103472
-1.670330
-1.679031
-1.666886
-1.673313
-1.664124
-1.670997
-1.673784
-1.676383
-1.680832
-1.688339
-1.688276
-1.687365
-1.680204
-1.662576
-1.628246
-1.581144
-1.511104
-1.427500
-1.326437
-1.226522
-1.120448
-1.024654
-0.942587
-1.642355
-1.657817
-1.638484
-1.646893
-1.644888
-1.646902
-1.650334
-1.662438
-1.665520
-1.677005
-1.683605
-1.689529
-1.682210
-1.675251
-1.642667
-1.603217
-1.530380
-1.454187
-1.345862
-1.251705
-1.133610
-1.046077
-1.627577
-1.630398
-1.626794
-1.620010
-1.622685
-1.630478
-1.632903
-1.644286
-1.656870
-1.668237
-1.677313
-1.688659
-1.687917
-1.679785
-1.654655
-1.614769
-1.543767
-1.463642
-1.357201
-1.251324
-1.133610
-1.612991
-1.592066
-1.592504
-1.596303
-1.591900
-1.601893
-1.612309
-1.624712
-1.637836
-1.658502
-1.670079
-1.683269
-1.687502
-1.684710
-1.658275
-1.622371
-1.549271
-1.469966
-1.357201
-1.251705
-1.573288
-1.578726
-1.561433
-1.567499
-1.572790
-1.579125
-1.591213
-1.611003
-1.626662
-1.646669
-1.665994
-1.681464
-1.686291
-1.686064
-1.662179
-1.622206
-1.549271
-1.463642
-1.345862
-1.543637
-1.534888
-1.539656
-1.534725
-1.543015
-1.558171
-1.571238
-1.592068
-1.615584
-1.639432
-1.658302
-1.679892
-1.686425
-1.686036
-1.662179
-1.622371
-1.543767
-1.454187
-1.519980
-1.511436
-1.506413
-1.518104
-1.521586
-1.538024
-1.559052
-1.582553
-1.605989
-1.635572
-1.657439
-1.677660
-1.686425
-1.686063
-1.658275
-1.614768
-1.530380
-1.485777
-1.484394
-1.483375
-1.487810
-1.505952
-1.522115
-1.544712
-1.574665
-1.602781
-1.631529
-1.657439
-1.679892
-1.686291
-1.684710
-1.654655
-1.603217
-1.462571
-1.460651
-1.466616
-1.476635
-1.489136
-1.516636
-1.541038
-1.571476
-1.602781
-1.635572
-1.658302
-1.681464
-1.687501
-1.679785
-1.642666
-1.445803
-1.442490
-1.448469
-1.464620
-1.484916
-1.508164
-1.541038
-1.574665
-1.605989
-1.639432
-1.665994
-1.683269
-1.687917
-1.675250
-1.427220
-1.435888
-1.444429
-1.460449
-1.484916
-1.516636
-1.544712
-1.582553
-1.615584
-1.646669
-1.670079
-1.688659
-1.682210
-1.423679
-1.425833
-1.444428
-1.464620
-1.489136
-1.522115
-1.559052
-1.592068
-1.626662
-1.658502
-1.677313
-1.689529
-1.423679
-1.435888
-1.448469
-1.476635
-1.505951
-1.538024
-1.571238
-1.611003
-1.637836
-1.668237
-1.683604
-1.427220
-1.442490
-1.466617
-1.487810
-1.521586
-1.558171
-1.591213
-1.624712
-1.656870
-1.677004
-1.445803
-1.460651
-1.483375
-1.518104
-1.543016
-1.579125
-1.612309
-1.644285
-1.665519
-1.462571
-1.484394
-1.506413
-1.534725
-1.572789
-1.601893
-1.632903
-1.662438
-1.485777
-1.511436
-1.539656
-1.567499
-1.591900
-1.630478
-1.650334
-1.519980
-1.534888
-1.561433
-1.596303
-1.622685
-1.646902
-1.543637
-1.578725
-1.592504
-1.620010
-1.644888
-1.573288
-1.592066
-1.626794
-1.646893
-1.612991
-1.630398
-1.638484
-1.627577
-1.657817
-1.642355
-1.663544
-1.662675
-1.608050
-1.590402
-1.561407
-1.529712
-1.495356
-1.477794
-1.445997
-1.434388
-1.423029
-1.415838
-1.423029
-1.434388
-1.445998
-1.477793
-1.495356
-1.529712
-1.561407
-1.590402
-1.608050
-1.662674
-1.663544
-1.670329
-1.679031
-1.666886
-1.673311
-1.664124
-1.670995
-1.673784
-1.676380
-1.680832
-1.688334
-1.688277
-1.687359
-1.680204
-1.662568
-1.628248
-1.581133
-1.511106
-1.427486
-1.326441
-1.226503
-1.120455
-1.024628
-0.942598
-1.642356
-1.657817
-1.638485
-1.646892
-1.644889
-1.646901
-1.650335
-1.662437
-1.665521
-1.677004
-1.683606
-1.689529
-1.682213
-1.675250
-1.642670
-1.603217
-1.530385
-1.454188
-1.345869
-1.251706
-1.133620
-1.046081
-1.627577
-1.630397
-1.626794
-1.620009
-1.622685
-1.630476
-1.632903
-1.644283
-1.656870
-1.668233
-1.677314
-1.688653
-1.687918
-1.679777
-1.654657
-1.614758
-1.543770
-1.463627
-1.357206
-1.251305
-1.133620
-1.612991
-1.592065
-1.592505
-1.596303
-1.591901
-1.601892
-1.612310
-1.624711
-1.637837
-1.658501
-1.670081
-1.683268
-1.687504
-1.684709
-1.658278
-1.622371
-1.549275
-1.469966
-1.357206
-1.251706
-1.573288
-1.578725
-1.561432
-1.567497
-1.572789
-1.579123
-1.591213
-1.611000
-1.626663
-1.646665
-1.665995
-1.681458
-1.686293
-1.686055
-1.662182
-1.622195
-1.549275
-1.463627
-1.345869
-1.543638
-1.534888
-1.539657
-1.534725
-1.543016
-1.558170
-1.571239
-1.592068
-1.615585
-1.639431
-1.658304
-1.679891
-1.686427
-1.686036
-1.662181
-1.622371
-1.543770
-1.454188
-1.519980
-1.511435
-1.506412
-1.518102
-1.521586
-1.538022
-1.559052
-1.582550
-1.605990
-1.635567
-1.657440
-1.677653
-1.686427
-1.686055
-1.658278
-1.614757
-1.530384
-1.485777
-1.484394
-1.483375
-1.487810
-1.505952
-1.522114
-1.544713
-1.574664
-1.602782
-1.631528
-1.657440
-1.679891
-1.686292
-1.684709
-1.654657
-1.603217
-1.462571
-1.460651
-1.466617
-1.476634
-1.489136
-1.516634
-1.541039
-1.571473
-1.602782
-1.635567
-1.658304
-1.681458
-1.687503
-1.679776
-1.642669
-1.445803
-1.442489
-1.448469
-1.464619
-1.484916
-1.508164
-1.541039
-1.574664
-1.605990
-1.639431
-1.665995
-1.683268
-1.687918
-1.675249
-1.427220
-1.435887
-1.444429
-1.460448
-1.484916
-1.516634
-1.544713
-1.582550
-1.615585
-1.646665
-1.670080
-1.688653
-1.682212
-1.423679
-1.425833
-1.444429
-1.464619
-1.489136
-1.522114
-1.559052
-1.592067
-1.626663
-1.658501
-1.677313
-1.689528
-1.423679
-1.435887
-1.448469
-1.476634
-1.505952
-1.538022
-1.571239
-1.611000
-1.637837
-1.668233
-1.683606
-1.427220
-1.442490
-1.466616
-1.487810
-1.521586
-1.558170
-1.591213
-1.624711
-1.656870
-1.677003
-1.445803
-1.460651
-1.483375
-1.518103
-1.543016
-1.579123
-1.612310
-1.644282
-1.665521
-1.462571
-1.484394
-1.506413
-1.534725
-1.572790
-1.601892
-1.632903
-1.662437
-1.485777
-1.511435
-1.539657
-1.567497
-1.591900
-1.630476
-1.650335
-1.519980
-1.534888
-1.561433
-1.596303
-1.622685
-1.646901
-1.543638
-1.578725
-1.592504
-1.620009
-1.644889
-1.573288
-1.592065
-1.626794
-1.646892
-1.612991
-1.630397
-1.638485
-1.627577
-1.657816
-1.642356
1.532562
1.504886
1.497528
1.462142
1.441753
1.400678
1.373187
1.336197
1.305534
1.280726
1.263216
1.259992
1.263215
1.280727
1.305534
1.336198
1.373186
1.400678
1.441753
1.462142
1.497528
1.504886
1.532561
1.529943
1.522632
1.527074
1.531490
1.525132
1.528484
1.531257
1.536376
1.536420
1.545421
1.545926
1.548150
1.545781
1.542576
1.526566
1.513502
1.485312
1.452959
1.413678
1.366395
1.310134
1.257796
1.188537
1.522533
1.527336
1.509360
1.515343
1.513535
1.518126
1.516903
1.527996
1.531258
1.538129
1.544558
1.548865
1.547758
1.544644
1.536610
1.515211
1.496594
1.458329
1.423663
1.367954
1.322817
1.250765
1.498676
1.491506
1.494397
1.490168
1.489078
1.497781
1.501020
1.509744
1.519356
1.531010
1.536312
1.546851
1.548361
1.546441
1.539382
1.524193
1.498713
1.468658
1.427604
1.377816
1.322817
1.477537
1.479455
1.463168
1.474265
1.468911
1.477470
1.485144
1.498489
1.507005
1.523256
1.533879
1.541608
1.548997
1.547052
1.540637
1.523135
1.503181
1.463382
1.427604
1.367954
1.449098
1.444365
1.441246
1.438183
1.446323
1.454875
1.464028
1.482656
1.496957
1.513161
1.528343
1.541468
1.546096
1.549577
1.542705
1.525690
1.503181
1.468658
1.423663
1.420376
1.416736
1.410083
1.418052
1.417340
1.436530
1.448354
1.468107
1.487988
1.508752
1.523618
1.538788
1.547692
1.545913
1.542705
1.523135
1.498713
1.458329
1.388842
1.382023
1.377939
1.385983
1.396450
1.411697
1.433712
1.457938
1.478928
1.504548
1.523258
1.537479
1.547692
1.549577
1.540637
1.524193
1.496594
1.352381
1.353168
1.349811
1.360936
1.374259
1.399947
1.420549
1.452539
1.477467
1.501522
1.523258
1.538788
1.546096
1.547052
1.539382
1.515211
1.322101
1.318922
1.323710
1.339351
1.357680
1.388064
1.417436
1.447134
1.477467
1.504547
1.523618
1.541468
1.548997
1.546441
1.536610
1.293103
1.297449
1.302655
1.327043
1.351348
1.384352
1.417435
1.452538
1.478927
1.508752
1.528343
1.541608
1.548361
1.544644
1.270639
1.280473
1.293589
1.319621
1.351347
1.388063
1.420547
1.457937
1.487988
1.513161
1.533879
1.546851
1.547758
1.259820
1.274018
1.293589
1.327043
1.357679
1.399947
1.433712
1.468108
1.496958
1.523256
1.536312
1.548866
1.259821
1.280472
1.302655
1.339351
1.374259
1.411698
1.448355
1.482657
1.507005
1.531010
1.544558
1.270640
1.297448
1.323710
1.360936
1.396451
1.436531
1.464029
1.498489
1.519356
1.538129
1.293103
1.318923
1.349811
1.385984
1.417340
1.454876
1.485144
1.509744
1.531258
1.322102
1.353168
1.377938
1.418051
1.446323
1.477469
1.501020
1.527995
1.352381
1.382022
1.410083
1.438182
1.468911
1.497781
1.516903
1.388842
1.416736
1.441246
1.474265
1.489077
1.518126
1.420376
1.444365
1.463168
1.490167
1.513536
1.449098
1.479455
1.494397
1.515343
1.477537
1.491506
1.509360
1.498676
1.527336
1.522533
1.529976
1.522623
1.527169
1.531500
1.525101
1.528684
1.531203
1.536371
1.536576
1.545447
1.545773
1.548457
1.545637
1.542592
1.526659
1.513578
1.485101
1.453275
1.413500
1.366492
1.310121
1.257965
1.188347
1.522503
1.527316
1.509255
1.515428
1.513397
1.518041
1.516972
1.527932
1.531056
1.538355
1.544371
1.548798
1.547848
1.544630
1.536373
1.515478
1.496391
1.458322
1.423678
1.367979
1.322607
1.250937
1.498705
1.491581
1.494397
1.490171
1.489231
1.497792
1.500916
1.510026
1.519233
1.531003
1.536457
1.546890
1.548144
1.546798
1.539178
1.524247
1.498764
1.468759
1.427381
1.378152
1.322607
1.477468
1.479421
1.463176
1.474198
1.468745
1.477643
1.484974
1.498407
1.507115
1.523214
1.533639
1.541907
1.548774
1.547022
1.540712
1.523141
1.502945
1.463651
1.427381
1.367979
1.449172
1.444368
1.441236
1.438379
1.446263
1.454863
1.464191
1.482670
1.496766
1.513515
1.528143
1.541485
1.546208
1.549631
1.542462
1.526061
1.502945
1.468759
1.423678
1.420299
1.416792
1.409945
1.417976
1.417417
1.436478
1.448141
1.468378
1.487774
1.508696
1.523737
1.538767
1.547441
1.546238
1.542462
1.523141
1.498764
1.458322
1.388871
1.382038
1.378085
1.385995
1.396327
1.411983
1.433552
1.457930
1.479069
1.504575
1.523011
1.537876
1.547441
1.549631
1.540712
1.524247
1.496391
1.352352
1.353110
1.349658
1.361109
1.374093
1.399883
1.420667
1.452514
1.477221
1.501865
1.523010
1.538767
1.546208
1.547021
1.539178
1.515478
1.322132
1.319080
1.323649
1.339333
1.357802
1.388094
1.417210
1.447523
1.477221
1.504574
1.523737
1.541485
1.548774
1.546798
1.536373
1.293008
1.297383
1.302715
1.327034
1.351130
1.384671
1.417208
1.452511
1.479068
1.508696
1.528143
1.541907
1.548144
1.544630
1.270712
1.280517
1.293418
1.319934
1.351129
1.388091
1.420664
1.457928
1.487774
1.513515
1.533639
1.546890
1.547848
1.259727
1.274178
1.293418
1.327033
1.357800
1.399881
1.433552
1.468379
1.496766
1.523215
1.536458
1.548797
1.259727
1.280517
1.302715
1.339333
1.374093
1.411984
1.448143
1.482671
1.507116
1.531003
1.544371
1.270712
1.297384
1.323650
1.361110
1.396329
1.436480
1.464192
1.498407
1.519233
1.538355
1.293009
1.319080
1.349659
1.385996
1.417418
1.454863
1.484974
1.510026
1.531056
1.322131
1.353110
1.378085
1.417976
1.446262
1.477642
1.500915
1.527931
1.352352
1.382038
1.409944
1.438379
1.468744
1.497792
1.516972
1.388870
1.416792
1.441236
1.474198
1.489231
1.518041
1.420299
1.444368
1.463176
1.490171
1.513397
1.449173
1.479422
1.494397
1.515428
1.477468
1.491581
1.509255
1.498706
1.527316
1.522503

