Tension at each vertex
2.956983
2.956983
2.956982
2.956983
1.201312
4.023411
1.201315
4.023411
2.117262
2.117249
3.967155
3.967157
2.904112
2.836343
2.806935
2.742494
2.715400
2.654005
2.619635
2.556929
2.500477
2.414721
2.325227
2.186151
2.043791
1.858712
1.674540
1.490431
1.355219
1.241300
1.190021
1.159585
1.165308
1.158703
1.196108
2.892991
2.814591
2.785702
2.726184
2.692202
2.642677
2.598670
2.541249
2.483350
2.395188
2.301204
2.172165
2.015616
1.839976
1.657108
1.480826
1.341278
1.249489
1.184882
1.166602
1.156781
1.194412
2.902183
2.824412
2.791222
2.734326
2.697250
2.642339
2.605068
2.536411
2.481475
2.390611
2.289102
2.154341
2.006538
1.819816
1.646605
1.474234
1.338892
1.241640
1.191429
1.157546
1.156784
2.878626
2.818802
2.773531
2.720140
2.685885
2.629123
2.590075
2.528876
2.463483
2.377934
2.277856
2.139701
1.990439
1.814861
1.633118
1.471335
1.339318
1.243244
1.191431
1.166605
2.884973
2.824052
2.786303
2.724393
2.690374
2.636270
2.590535
2.528160
2.466269
2.368890
2.271411
2.134851
1.980638
1.806215
1.634320
1.463900
1.339319
1.241642
1.184887
2.887997
2.807288
2.773967
2.716815
2.677444
2.625142
2.583869
2.515336
2.456410
2.365841
2.260671
2.129303
1.979503
1.801646
1.634321
1.471336
1.338895
1.249492
2.882080
2.828426
2.774271
2.724892
2.684621
2.627541
2.585644
2.521278
2.452456
2.364285
2.262780
2.123914
1.979505
1.806217
1.633120
1.474237
1.341281
2.880312
2.807365
2.775334
2.707881
2.678406
2.620753
2.576638
2.514429
2.453580
2.357979
2.262783
2.129305
1.980640
1.814863
1.646607
1.480830
2.885199
2.821661
2.773424
2.724514
2.675943
2.629483
2.581696
2.515245
2.453584
2.364291
2.260674
2.134853
1.990440
1.819819
1.657112
2.881119
2.809188
2.769624
2.709661
2.678591
2.615245
2.581701
2.514437
2.452463
2.365844
2.271411
2.139701
2.006540
1.839979
2.880000
2.823427
2.773171
2.719977
2.678595
2.629491
2.576646
2.521282
2.456408
2.368887
2.277854
2.154341
2.015618
2.882469
2.805401
2.773174
2.709667
2.675950
2.620757
2.585643
2.515331
2.466263
2.377931
2.289103
2.172169
2.882471
2.823431
2.769629
2.724517
2.678406
2.627536
2.583862
2.528154
2.463481
2.390614
2.301207
2.880002
2.809189
2.773423
2.707878
2.684615
2.625136
2.590532
2.528877
2.481479
2.395192
2.881119
2.821659
2.775330
2.724888
2.677441
2.636271
2.590079
2.536416
2.483353
2.885197
2.807362
2.774269
2.716816
2.690377
2.629127
2.605071
2.541250
2.880312
2.828427
2.773969
2.724396
2.685888
2.642341
2.598669
2.882082
2.807290
2.786305
2.720141
2.697250
2.642675
2.887998
2.824052
2.773530
2.734325
2.692200
2.884973
2.818801
2.791221
2.726183
2.878626
2.824412
2.785702
2.902183
2.814591
2.892991
2.921956
2.921516
2.922559
2.949299
2.920986
2.941685
2.929832
2.942910
2.925703
2.946365
2.928249
2.943171
2.928247
2.946364
2.925704
2.942911
2.929831
2.941684
2.920985
2.949299
2.922559
2.921515
2.921955
3.008221
3.055919
3.148457
3.209436
3.315571
3.390890
3.500964
3.585107
3.686502
3.767171
3.858633
3.917154
3.992779
4.031745
4.076391
4.095833
4.118490
4.110559
4.119050
4.096948
4.091964
4.058693
4.046521
3.008653
3.051861
3.147332
3.215491
3.315336
3.401015
3.502278
3.592208
3.693951
3.771073
3.863439
3.926984
3.992049
4.037269
4.080238
4.095099
4.119517
4.114797
4.117368
4.100163
4.092331
4.073376
3.025191
3.068063
3.164811
3.237083
3.337509
3.421124
3.529423
3.609664
3.714899
3.790041
3.874804
3.936716
4.003738
4.036925
4.084708
4.096691
4.117318
4.112481
4.118192
4.096480
4.092331
3.003563
3.072055
3.155473
3.235131
3.337389
3.420069
3.528409
3.615631
3.712867
3.793905
3.879959
3.936774
4.005420
4.042399
4.081600
4.099382
4.119601
4.113085
4.118192
4.100163
3.011901
3.079808
3.175787
3.247411
3.354074
3.439759
3.542544
3.630181
3.729861
3.800532
3.888803
3.944658
4.006198
4.043239
4.085452
4.094557
4.119601
4.112481
4.117368
3.018126
3.067670
3.168525
3.246492
3.347413
3.436716
3.544203
3.626098
3.729934
3.804664
3.886289
3.946107
4.009638
4.041440
4.085452
4.099382
4.117318
4.114798
3.012486
3.092135
3.173587
3.261443
3.362619
3.447736
3.554966
3.640392
3.733653
3.810510
3.892413
3.944359
4.009638
4.043239
4.081600
4.096691
4.119517
3.013372
3.073159
3.178351
3.247542
3.360794
3.444411
3.550194
3.636348
3.736953
3.805078
3.892413
3.946107
4.006198
4.042399
4.084709
4.095099
3.018522
3.090611
3.179500
3.269069
3.362157
3.457849
3.557620
3.640365
3.736953
3.810510
3.886289
3.944658
4.005420
4.036925
4.080238
3.016055
3.078546
3.177541
3.254342
3.365983
3.442882
3.557620
3.636348
3.733653
3.804664
3.888803
3.936774
4.003738
4.037269
3.015137
3.094886
3.181927
3.267060
3.365983
3.457849
3.550194
3.640392
3.729934
3.800532
3.879959
3.936716
3.992049
3.018056
3.075924
3.181927
3.254342
3.362157
3.444410
3.554965
3.626098
3.729861
3.793905
3.874805
3.926984
3.018056
3.094886
3.177540
3.269068
3.360793
3.447736
3.544203
3.630181
3.712867
3.790040
3.863439
3.015136
3.078545
3.179500
3.247542
3.362618
3.436716
3.542544
3.615631
3.714899
3.771073
3.016055
3.090612
3.178351
3.261443
3.347413
3.439758
3.528409
3.609664
3.693951
3.018523
3.073159
3.173587
3.246491
3.354074
3.420068
3.529422
3.592207
3.013372
3.092135
3.168524
3.247411
3.337388
3.421124
3.502278
3.012485
3.067669
3.175786
3.235130
3.337508
3.401015
3.018125
3.079807
3.155472
3.237082
3.315336
3.011900
3.072054
3.164810
3.215490
3.003563
3.068062
3.147331
3.025190
3.051860
3.008652
2.884356
2.887776
2.828343
2.818798
2.772714
2.754398
2.715950
2.700036
2.658225
2.642822
2.605509
2.580402
2.544283
2.518055
2.472586
2.441955
2.398603
2.356370
2.310050
2.273855
2.222119
2.178815
2.140412
1.188083
1.207747
1.201964
1.209210
1.197703
1.209569
1.187841
1.190580
1.176569
1.170880
1.158885
1.166330
1.162618
1.193842
1.230399
1.297857
1.387064
1.515441
1.631072
1.793355
1.907546
2.059030
1.187345
1.165323
1.181392
1.174573
1.175773
1.165037
1.173015
1.154878
1.162085
1.156761
1.167686
1.178274
1.222724
1.260204
1.349466
1.442431
1.565339
1.697518
1.839929
1.959346
2.092565
1.151087
1.173659
1.151383
1.167253
1.158486
1.163324
1.156138
1.171448
1.166952
1.193091
1.217202
1.263207
1.322812
1.419973
1.510083
1.649241
1.767815
1.905499
2.022096
2.144151
1.164226
1.153315
1.169840
1.154745
1.170002
1.170195
1.184946
1.195363
1.234463
1.259638
1.328028
1.397711
1.492254
1.601037
1.728834
1.842206
1.976498
2.081997
2.183825
1.185374
1.194631
1.187368
1.210863
1.206721
1.236372
1.257372
1.297586
1.343905
1.420847
1.488482
1.600920
1.700851
1.822512
1.932563
2.056251
2.139509
2.252728
1.249573
1.253527
1.268180
1.276925
1.315112
1.334416
1.392178
1.444278
1.520119
1.603118
1.707926
1.801687
1.919001
2.019705
2.117811
2.211811
2.291017
1.353069
1.376520
1.392647
1.426048
1.458648
1.520669
1.569711
1.655126
1.731168
1.827899
1.916399
2.024564
2.099519
2.205722
2.266748
2.350563
1.513067
1.526384
1.565609
1.600970
1.654828
1.709340
1.789067
1.854164
1.945014
2.025461
2.106821
2.188644
2.263012
2.326593
2.390837
1.694125
1.731648
1.758735
1.813901
1.862501
1.927292
1.987315
2.069451
2.122423
2.210060
2.261134
2.335272
2.380170
2.447046
1.883981
1.913910
1.959637
1.995125
2.053896
2.105940
2.161491
2.222211
2.279406
2.330692
2.386044
2.433194
2.473358
2.065605
2.098379
2.129752
2.180427
2.208653
2.270610
2.302488
2.360283
2.392638
2.449922
2.471018
2.528564
2.212937
2.240742
2.267024
2.304832
2.339526
2.374620
2.413256
2.450325
2.481773
2.519835
2.549260
2.332726
2.368867
2.383050
2.419753
2.437460
2.480686
2.492590
2.539703
2.551375
2.594466
2.428548
2.446956
2.467358
2.492772
2.511458
2.540592
2.562773
2.588710
2.612071
2.506495
2.533772
2.536310
2.569716
2.575724
2.610022
2.616601
2.658699
2.559965
2.579922
2.591569
2.611593
2.626559
2.653954
2.665267
2.619835
2.642066
2.642465
2.676092
2.672820
2.716680
2.656242
2.679073
2.682391
2.712582
2.721931
2.707636
2.736436
2.733098
2.772325
2.743097
2.771806
2.776859
2.796833
2.835268
2.836301
3.008221
3.055920
3.148458
3.209437
3.315572
3.390891
3.500964
3.585107
3.686503
3.767171
3.858633
3.917154
3.992779
4.031745
4.076391
4.095832
4.118490
4.110559
4.119050
4.096948
4.091964
4.058693
4.046521
4.019553
3.995322
4.004554
4.002437
4.001650
3.997735
4.013879
4.014439
4.027313
4.040495
4.057770
4.064519
4.089048
4.095514
4.107417
4.114412
4.119025
4.107248
4.107164
4.082775
4.061855
4.034365
3.993614
3.026856
3.103490
3.124494
3.200888
3.234636
3.313328
3.348303
3.429970
3.471233
3.544883
3.585958
3.660410
3.690253
3.757322
3.787940
3.839839
3.859812
3.914217
3.919576
3.957004
3.973600
4.005577
3.110454
3.169726
3.221995
3.283930
3.336486
3.403799
3.460962
3.522979
3.580226
3.643958
3.689896
3.748024
3.792639
3.836830
3.870294
3.915552
3.932562
3.964824
3.988078
4.003548
4.006190
3.183485
3.268494
3.307299
3.392919
3.436043
3.515815
3.561450
3.641838
3.678563
3.753431
3.789561
3.849608
3.876201
3.934870
3.945995
3.990621
4.007246
4.031694
4.038670
4.069443
3.280740
3.348286
3.413094
3.478488
3.542956
3.610448
3.665183
3.729821
3.782451
3.833645
3.876300
3.925806
3.950865
3.988029
4.014863
4.031966
4.049028
4.070609
4.068766
3.362707
3.454812
3.504534
3.592860
3.635259
3.719452
3.761261
3.830963
3.865401
3.930913
3.948722
4.001224
4.019423
4.049888
4.060854
4.090503
4.084924
4.106566
3.469077
3.541318
3.607287
3.678474
3.740053
3.798966
3.852570
3.907718
3.943350
3.986954
4.019355
4.041658
4.064674
4.084318
4.089745
4.102060
4.109160
3.553537
3.650090
3.698670
3.779655
3.823053
3.897225
3.924757
3.986201
4.010070
4.048628
4.063343
4.095883
4.093651
4.115621
4.115526
4.121089
3.659959
3.727677
3.795454
3.856801
3.906707
3.957307
4.000532
4.029431
4.061056
4.083153
4.094880
4.106072
4.116841
4.111085
4.116672
3.743603
3.828559
3.868718
3.941067
3.975183
4.023891
4.047395
4.086011
4.089398
4.114635
4.115767
4.121175
4.116864
4.122818
3.832984
3.894637
3.951690
3.990815
4.035368
4.064003
4.086029
4.101043
4.116831
4.111076
4.118033
4.111735
4.104223
3.906130
3.969386
4.005007
4.055471
4.068963
4.103387
4.109210
4.119735
4.115892
4.122219
4.102844
4.103224
3.978055
4.018635
4.055643
4.080714
4.106347
4.107287
4.119874
4.114608
4.107899
4.094968
4.089965
4.021954
4.070374
4.087649
4.110028
4.113536
4.125283
4.108147
4.108826
4.091682
4.076416
4.073532
4.087573
4.112875
4.115019
4.116526
4.106219
4.103262
4.074712
4.066221
4.094067
4.118370
4.112166
4.121072
4.107407
4.094310
4.073399
4.059878
4.114190
4.113641
4.120200
4.097112
4.092617
4.066687
4.045953
4.116643
4.115871
4.101439
4.092640
4.059898
4.041862
4.118610
4.099109
4.086193
4.056270
4.043281
4.098159
4.087793
4.062916
4.033695
4.092855
4.054894
4.038400
4.059714
4.043494
4.056632
2.950883
3.019939
3.041449
3.105988
3.141505
3.201517
3.250204
3.314272
3.361765
3.428236
3.480808
3.538756
3.588747
3.648328
3.685865
3.737404
3.775895
3.813766
3.838931
3.882395
3.893566
3.913750
3.931948
2.273760
2.364413
2.449613
2.513557
2.571546
2.624364
2.669043
2.720069
2.772883
2.826928
2.896245
2.970222
3.051205
3.146016
3.242398
3.340740
3.446782
3.541000
3.636839
3.726728
3.801799
3.881016
2.324707
2.399260
2.496242
2.545129
2.616235
2.651855
2.720544
2.751689
2.828078
2.873921
2.958046
3.023296
3.126701
3.200363
3.320882
3.400549
3.519111
3.599808
3.708409
3.772492
3.876429
2.344147
2.433826
2.506337
2.565906
2.621517
2.665897
2.718783
2.770752
2.826551
2.895182
2.971315
3.051843
3.149282
3.245500
3.347058
3.452683
3.551506
3.646774
3.741764
3.820953
2.392907
2.466632
2.553687
2.593780
2.664901
2.700843
2.766007
2.809874
2.889578
2.941305
3.041063
3.112123
3.221569
3.308864
3.426576
3.510561
3.631364
3.705982
3.809137
2.420645
2.491243
2.562025
2.614382
2.664256
2.714552
2.770098
2.823670
2.895750
2.970484
3.054734
3.151457
3.252027
3.353692
3.463190
3.564624
3.661154
3.762765
2.467020
2.530144
2.602427
2.645802
2.712866
2.748262
2.823691
2.873130
2.956794
3.026313
3.130355
3.209781
3.330615
3.419475
3.536778
3.630159
3.737052
2.485357
2.551230
2.613328
2.657872
2.714929
2.765963
2.824407
2.893276
2.972403
3.054741
3.155343
3.256189
3.360679
3.472707
3.575378
3.676981
2.535311
2.583676
2.655927
2.696547
2.760484
2.808628
2.887014
2.942761
3.041417
3.118257
3.226853
3.321407
3.439733
3.532171
3.653812
2.550600
2.606050
2.659113
2.710179
2.767610
2.820953
2.894993
2.970786
3.057071
3.156014
3.260247
3.365058
3.478935
3.584346
2.593236
2.641251
2.707958
2.746568
2.821126
2.873979
2.955817
3.028937
3.132161
3.215726
3.336378
3.431309
3.549592
2.608391
2.654569
2.712822
2.764054
2.822931
2.892006
2.972689
3.055125
3.157890
3.260313
3.367985
3.481005
2.652958
2.695546
2.758717
2.809208
2.886644
2.943957
3.041068
3.120382
3.227409
3.324446
3.443218
2.658469
2.709966
2.767051
2.819703
2.893877
2.969781
3.056258
3.154756
3.261085
3.365002
2.708541
2.747983
2.821869
2.876035
2.955713
3.029254
3.130796
3.213976
3.332330
2.714522
2.765423
2.822307
2.890752
2.971263
3.051855
3.154097
3.254829
2.761812
2.812295
2.888905
2.944793
3.039437
3.117425
3.220266
2.769775
2.820672
2.892252
2.967355
3.050997
3.146196
2.826272
2.880246
2.956403
3.027025
3.124119
2.823290
2.889158
2.966750
3.043510
2.894826
2.948157
3.035833
2.885324
2.958051
2.970508
2.921956
2.921516
2.922560
2.949300
2.920986
2.941684
2.929831
2.942913
2.925708
2.946366
2.928245
2.943170
2.928252
2.946369
2.925704
2.942908
2.929832
2.941687
2.920987
2.949299
2.922559
2.921516
2.921956
2.904112
2.836344
2.806936
2.742495
2.715400
2.654004
2.619634
2.556930
2.500480
2.414726
2.325231
2.186153
2.043789
1.858707
1.674535
1.490425
1.355214
1.241295
1.190019
1.159585
1.165311
1.158709
1.196112
2.892991
2.814591
2.785702
2.726186
2.692205
2.642682
2.598675
2.541253
2.483350
2.395186
2.301201
2.172165
2.015617
1.839979
1.657112
1.480830
1.341281
1.249494
1.184890
1.166609
1.156789
1.194418
2.902183
2.824413
2.791224
2.734330
2.697254
2.642342
2.605066
2.536405
2.481467
2.390607
2.289101
2.154344
2.006542
1.819820
1.646607
1.474237
1.338896
1.241645
1.191435
1.157552
1.156788
2.878627
2.818804
2.773533
2.720142
2.685883
2.629117
2.590067
2.528869
2.463481
2.377938
2.277862
2.139707
1.990442
1.814864
1.633119
1.471337
1.339321
1.243247
1.191434
1.166609
2.884975
2.824053
2.786302
2.724389
2.690367
2.636264
2.590533
2.528165
2.466279
2.368901
2.271419
2.134854
1.980639
1.806216
1.634320
1.463901
1.339320
1.241643
1.184888
2.887998
2.807286
2.773963
2.716811
2.677443
2.625148
2.583882
2.515351
2.456420
2.365846
2.260669
2.129300
1.979502
1.801646
1.634320
1.471336
1.338894
1.249490
2.882079
2.828424
2.774271
2.724896
2.684632
2.627555
2.585656
2.521282
2.452452
2.364278
2.262775
2.123912
1.979504
1.806217
1.633118
1.474234
1.341278
2.880312
2.807367
2.775341
2.707892
2.678416
2.620756
2.576632
2.514416
2.453567
2.357973
2.262784
2.129308
1.980642
1.814862
1.646605
1.480826
2.885203
2.821667
2.773430
2.724516
2.675938
2.629469
2.581681
2.515235
2.453584
2.364298
2.260681
2.134856
1.990439
1.819815
1.657107
2.881123
2.809190
2.769621
2.709652
2.678578
2.615236
2.581701
2.514447
2.452476
2.365854
2.271415
2.139699
2.006535
1.839974
2.879998
2.823422
2.773163
2.719970
2.678595
2.629500
2.576663
2.521297
2.456416
2.368886
2.277849
2.154336
2.015615
2.882465
2.805398
2.773174
2.709674
2.675964
2.620773
2.585654
2.515332
2.466256
2.377923
2.289098
2.172167
2.882471
2.823435
2.769638
2.724528
2.678415
2.627537
2.583855
2.528143
2.463474
2.390611
2.301210
2.880007
2.809196
2.773429
2.707879
2.684610
2.625127
2.590522
2.528873
2.481482
2.395198
2.881122
2.821660
2.775327
2.724881
2.677434
2.636266
2.590081
2.536423
2.483362
2.885196
2.807359
2.774265
2.716813
2.690378
2.629133
2.605080
2.541258
2.880310
2.828425
2.773970
2.724400
2.685895
2.642348
2.598674
2.882083
2.807293
2.786309
2.720146
2.697254
2.642677
2.888001
2.824055
2.773533
2.734326
2.692200
2.884975
2.818802
2.791221
2.726183
2.878625
2.824412
2.785702
2.902183
2.814592
2.892992
3.008222
3.055920
3.148458
3.209437
3.315573
3.390892
3.500965
3.585108
3.686503
3.767172
3.858633
3.917154
3.992779
4.031745
4.076391
4.095833
4.118490
4.110559
4.119050
4.096948
4.091964
4.058693
4.046521
3.008653
3.051861
3.147332
3.215491
3.315336
3.401015
3.502278
3.592208
3.693952
3.771074
3.863440
3.926985
3.992050
4.037270
4.080238
4.095100
4.119518
4.114798
4.117368
4.100164
4.092331
4.073376
3.025191
3.068063
3.164811
3.237082
3.337509
3.421125
3.529423
3.609665
3.714900
3.790041
3.874805
3.936717
4.003738
4.036925
4.084709
4.096692
4.117318
4.112481
4.118193
4.096480
4.092331
3.003563
3.072055
3.155473
3.235131
3.337389
3.420069
3.528410
3.615631
3.712868
3.793905
3.879960
3.936775
4.005421
4.042400
4.081601
4.099383
4.119602
4.113085
4.118193
4.100164
3.011902
3.079808
3.175787
3.247412
3.354075
3.439759
3.542545
3.630181
3.729862
3.800533
3.888804
3.944658
4.006199
4.043240
4.085453
4.094557
4.119602
4.112481
4.117368
3.018127
3.067671
3.168525
3.246492
3.347413
3.436716
3.544204
3.626099
3.729935
3.804665
3.886290
3.946108
4.009639
4.041441
4.085453
4.099383
4.117318
4.114798
3.012487
3.092135
3.173587
3.261443
3.362619
3.447737
3.554966
3.640393
3.733654
3.810511
3.892414
3.944360
4.009639
4.043239
4.081601
4.096692
4.119517
3.013371
3.073158
3.178351
3.247543
3.360795
3.444412
3.550195
3.636349
3.736954
3.805079
3.892414
3.946108
4.006199
4.042399
4.084709
4.095099
3.018521
3.090612
3.179501
3.269070
3.362158
3.457850
3.557621
3.640366
3.736954
3.810511
3.886290
3.944658
4.005420
4.036925
4.080238
3.016057
3.078548
3.177543
3.254343
3.365984
3.442882
3.557621
3.636349
3.733654
3.804665
3.888804
3.936775
4.003738
4.037269
3.015140
3.094888
3.181928
3.267061
3.365983
3.457849
3.550195
3.640393
3.729935
3.800533
3.879960
3.936717
3.992049
3.018057
3.075924
3.181927
3.254342
3.362158
3.444412
3.554967
3.626099
3.729862
3.793905
3.874805
3.926985
3.018054
3.094885
3.177541
3.269070
3.360795
3.447737
3.544205
3.630182
3.712868
3.790041
3.863440
3.015136
3.078547
3.179502
3.247544
3.362620
3.436717
3.542545
3.615632
3.714900
3.771074
3.016058
3.090614
3.178353
3.261444
3.347414
3.439759
3.528410
3.609665
3.693952
3.018525
3.073160
3.173588
3.246492
3.354075
3.420069
3.529423
3.592209
3.013373
3.092135
3.168525
3.247412
3.337389
3.421125
3.502279
3.012485
3.067670
3.175787
3.235132
3.337510
3.401016
3.018126
3.079809
3.155474
3.237083
3.315337
3.011902
3.072056
3.164812
3.215492
3.003564
3.068063
3.147332
3.025191
3.051862
3.008653
2.904112
2.836343
2.806935
2.742494
2.715402
2.654009
2.619643
2.556939
2.500485
2.414725
2.325227
2.186149
2.043788
1.858710
1.674538
1.490430
1.355219
1.241301
1.190023
1.159587
1.165311
1.158707
1.196111
1.228552
1.221727
1.237157
1.229107
1.245331
1.226428
1.229847
1.217859
1.208531
1.189934
1.186484
1.161793
1.164658
1.155811
1.173897
1.198516
1.267530
1.338156
1.466945
1.589619
1.740686
1.875131
2.008663
2.836302
2.835268
2.776859
2.772326
2.721933
2.716683
2.665268
2.658697
2.612067
2.594465
2.549266
2.528571
2.473359
2.447042
2.390835
2.350565
2.291020
2.252730
2.183825
2.144151
2.092566
2.059030
2.796834
2.771806
2.733098
2.712583
2.672823
2.653959
2.616603
2.588707
2.551369
2.519834
2.471025
2.433202
2.380172
2.326591
2.266747
2.211813
2.139512
2.081999
2.022097
1.959346
1.907546
2.743097
2.736435
2.682390
2.676093
2.626563
2.610028
2.562776
2.539701
2.481767
2.449922
2.386050
2.335278
2.263014
2.205721
2.117811
2.056253
1.976500
1.905500
1.839930
1.793355
2.707636
2.679071
2.642463
2.611594
2.575729
2.540599
2.492594
2.450323
2.392634
2.330691
2.261139
2.188649
2.099520
2.019705
1.932563
1.842207
1.767816
1.697518
1.631072
2.656241
2.642063
2.591566
2.569715
2.511462
2.480693
2.413262
2.360283
2.279403
2.210059
2.106824
2.024567
1.919002
1.822512
1.728834
1.649241
1.565339
1.515441
2.619837
2.579920
2.536306
2.492769
2.437463
2.374627
2.302493
2.222212
2.122421
2.025461
1.916401
1.801689
1.700851
1.601037
1.510083
1.442431
1.387064
2.559970
2.533772
2.467353
2.419749
2.339527
2.270614
2.161495
2.069452
1.945013
1.827898
1.707926
1.600920
1.492253
1.419972
1.349465
1.297857
2.506503
2.446958
2.383048
2.304829
2.208652
2.105943
1.987318
1.854164
1.731167
1.603117
1.488482
1.397710
1.322811
1.260203
1.230398
2.428557
2.368872
2.267024
2.180425
2.053895
1.927292
1.789067
1.655125
1.520117
1.420845
1.328026
1.263206
1.222723
1.193840
2.332733
2.240747
2.129753
1.995124
1.862499
1.709338
1.569710
1.444277
1.343903
1.259636
1.217200
1.178273
1.162616
2.212941
2.098382
1.959638
1.813900
1.654826
1.520666
1.392176
1.297584
1.234460
1.193089
1.167684
1.166329
2.065605
1.913911
1.758735
1.600968
1.458646
1.334413
1.257369
1.195361
1.166950
1.156759
1.158885
1.883980
1.731648
1.565608
1.426046
1.315110
1.236370
1.184944
1.171446
1.162084
1.170880
1.694124
1.526383
1.392645
1.276923
1.206720
1.170193
1.156136
1.154876
1.176568
1.513065
1.376518
1.268179
1.210861
1.170000
1.163323
1.173014
1.190580
1.353069
1.253526
1.187367
1.154744
1.158486
1.165037
1.187841
1.249573
1.194631
1.169839
1.167253
1.175773
1.209569
1.185375
1.153315
1.151384
1.174573
1.197703
1.164227
1.173660
1.181392
1.209211
1.151088
1.165325
1.201965
1.187346
1.207749
1.188086
2.950883
3.019939
3.041449
3.105988
3.141506
3.201517
3.250204
3.314272
3.361765
3.428237
3.480808
3.538756
3.588747
3.648328
3.685866
3.737404
3.775895
3.813766
3.838931
3.882395
3.893566
3.913750
3.931948
4.056632
4.043494
4.038400
4.033695
4.043281
4.041862
4.045953
4.059878
4.066221
4.076416
4.089965
4.103224
4.104224
4.122818
4.116672
4.121089
4.109160
4.106566
4.068766
4.069443
4.006190
4.005577
4.059714
4.054894
4.062917
4.056270
4.059898
4.066687
4.073399
4.074712
4.091682
4.094968
4.102844
4.111735
4.116864
4.111085
4.115526
4.102060
4.084925
4.070609
4.038671
4.003548
3.973600
4.092855
4.087793
4.086194
4.092640
4.092617
4.094310
4.103263
4.108826
4.107899
4.122219
4.118033
4.121176
4.116841
4.115622
4.089745
4.090503
4.049028
4.031694
3.988079
3.957004
4.098159
4.099109
4.101439
4.097112
4.107407
4.106219
4.108148
4.114609
4.115892
4.111077
4.115767
4.106073
4.093651
4.084319
4.060854
4.031966
4.007247
3.964824
3.919577
4.118611
4.115871
4.120201
4.121072
4.116526
4.125283
4.119874
4.119736
4.116831
4.114635
4.094880
4.095883
4.064674
4.049888
4.014864
3.990621
3.932562
3.914218
4.116643
4.113641
4.112167
4.115020
4.113536
4.107287
4.109210
4.101043
4.089399
4.083153
4.063343
4.041658
4.019424
3.988030
3.945996
3.915552
3.859812
4.114191
4.118371
4.112875
4.110028
4.106347
4.103388
4.086029
4.086012
4.061057
4.048628
4.019356
4.001225
3.950866
3.934870
3.870294
3.839840
4.094068
4.087574
4.087649
4.080714
4.068963
4.064004
4.047396
4.029431
4.010070
3.986955
3.948723
3.925806
3.876201
3.836830
3.787941
4.073533
4.070375
4.055643
4.055471
4.035368
4.023892
4.000533
3.986202
3.943350
3.930914
3.876300
3.849608
3.792640
3.757322
4.021955
4.018635
4.005007
3.990816
3.975184
3.957307
3.924758
3.907719
3.865401
3.833646
3.789562
3.748024
3.690253
3.978056
3.969387
3.951691
3.941068
3.906708
3.897226
3.852571
3.830963
3.782452
3.753432
3.689897
3.660410
3.906131
3.894638
3.868718
3.856802
3.823053
3.798967
3.761262
3.729821
3.678563
3.643958
3.585959
3.832984
3.828559
3.795455
3.779655
3.740054
3.719452
3.665184
3.641838
3.580226
3.544884
3.743604
3.727678
3.698670
3.678475
3.635259
3.610449
3.561451
3.522979
3.471233
3.659960
3.650091
3.607288
3.592861
3.542957
3.515816
3.460963
3.429970
3.553537
3.541319
3.504535
3.478488
3.436043
3.403799
3.348304
3.469078
3.454813
3.413094
3.392919
3.336487
3.313328
3.362708
3.348286
3.307299
3.283930
3.234637
3.280740
3.268495
3.221996
3.200889
3.183486
3.169726
3.124494
3.110454
3.103491
3.026856
2.884357
2.887776
2.828343
2.818798
2.772715
2.754399
2.715951
2.700034
2.658221
2.642822
2.605515
2.580409
2.544285
2.518050
2.472583
2.441956
2.398607
2.356372
2.310050
2.273854
2.222120
2.178816
2.140412
2.239139
2.318234
2.431451
2.481527
2.567965
2.600241
2.671293
2.704406
2.769863
2.811687
2.891338
2.940944
3.040094
3.108145
3.216580
3.300053
3.416389
3.494711
3.615945
3.677531
3.789173
3.832510
3.925600
2.970508
2.958050
3.035833
3.043511
3.124120
3.146196
3.220266
3.254830
3.332330
3.365002
3.443219
3.481005
3.549592
3.584346
3.653812
3.676981
3.737052
3.762765
3.809137
3.820953
3.876429
3.881016
2.885324
2.948156
2.966750
3.027025
3.050998
3.117425
3.154097
3.213976
3.261085
3.324446
3.367986
3.431309
3.478935
3.532171
3.575378
3.630159
3.661154
3.705982
3.741764
3.772492
3.801799
2.894826
2.889158
2.956403
2.967355
3.039436
3.051855
3.130796
3.154756
3.227409
3.260313
3.336378
3.365058
3.439733
3.472708
3.536778
3.564624
3.631364
3.646774
3.708409
3.726728
2.823291
2.880246
2.892253
2.944793
2.971262
3.029254
3.056258
3.120382
3.157890
3.215726
3.260247
3.321407
3.360680
3.419475
3.463190
3.510561
3.551506
3.599809
3.636839
2.826273
2.820672
2.888905
2.890751
2.955712
2.969782
3.041068
3.055125
3.132160
3.156013
3.226853
3.256189
3.330615
3.353692
3.426576
3.452683
3.519111
3.541000
2.769775
2.812294
2.822306
2.876035
2.893878
2.943957
2.972689
3.028936
3.057071
3.118257
3.155343
3.209781
3.252027
3.308864
3.347058
3.400549
3.446782
2.761811
2.765422
2.821869
2.819704
2.886645
2.892006
2.955816
2.970785
3.041417
3.054741
3.130355
3.151456
3.221569
3.245500
3.320882
3.340740
2.714520
2.747983
2.767053
2.809210
2.822931
2.873977
2.894992
2.942761
2.972404
3.026313
3.054734
3.112122
3.149282
3.200363
3.242399
2.708541
2.709969
2.758720
2.764054
2.821124
2.820951
2.887014
2.893276
2.956794
2.970484
3.041063
3.051843
3.126701
3.146016
2.658474
2.695551
2.712823
2.746566
2.767608
2.808628
2.824408
2.873130
2.895749
2.941305
2.971315
3.023296
3.051206
2.652964
2.654570
2.707954
2.710177
2.760485
2.765965
2.823692
2.823670
2.889577
2.895182
2.958047
2.970222
2.608392
2.641247
2.659110
2.696547
2.714932
2.748264
2.770097
2.809873
2.826550
2.873921
2.896245
2.593232
2.606046
2.655928
2.657875
2.712868
2.714551
2.766005
2.770752
2.828079
2.826928
2.550596
2.583677
2.613332
2.645804
2.664255
2.700841
2.718783
2.751689
2.772883
2.535313
2.551235
2.602430
2.614381
2.664899
2.665897
2.720545
2.720070
2.485362
2.530147
2.562025
2.593778
2.621517
2.651856
2.669044
2.467023
2.491243
2.553685
2.565906
2.616236
2.624366
2.420645
2.466630
2.506336
2.545130
2.571547
2.392906
2.433826
2.496243
2.513558
2.344147
2.399261
2.449614
2.324708
2.364414
2.273760
2.904111
2.836342
2.806935
2.742494
2.715401
2.654007
2.619638
2.556931
2.500478
2.414719
2.325224
2.186147
2.043786
1.858707
1.674536
1.490427
1.355215
1.241296
1.190016
1.159577
1.165299
1.158700
1.196107
1.228550
1.221726
1.237157
1.229108
1.245332
1.226429
1.229849
1.217862
1.208535
1.189939
1.186489
1.161801
1.164666
1.155820
1.173907
1.198525
1.267536
1.338159
1.466943
1.589612
1.740676
1.875118
2.008650
2.836301
2.835267
2.776858
2.772325
2.721932
2.716681
2.665267
2.658698
2.612069
2.594464
2.549260
2.528563
2.473355
2.447040
2.390830
2.350557
2.291009
2.252719
2.183814
2.144139
2.092552
2.059017
2.796833
2.771806
2.733097
2.712582
2.672821
2.653955
2.616602
2.588709
2.551371
2.519832
2.471017
2.433192
2.380165
2.326586
2.266740
2.211802
2.139499
2.081987
2.022084
1.959334
1.907534
2.743096
2.736436
2.682390
2.676092
2.626559
2.610023
2.562773
2.539701
2.481769
2.449918
2.386041
2.335268
2.263006
2.205713
2.117802
2.056241
1.976488
1.905488
1.839919
1.793344
2.707636
2.679072
2.642464
2.611593
2.575724
2.540593
2.492590
2.450322
2.392633
2.330686
2.261129
2.188638
2.099511
2.019696
1.932553
1.842197
1.767806
1.697509
1.631065
2.656242
2.642065
2.591567
2.569715
2.511458
2.480686
2.413255
2.360280
2.279400
2.210053
2.106815
2.024557
1.918993
1.822505
1.728826
1.649235
1.565335
1.515438
2.619836
2.579922
2.536308
2.492769
2.437458
2.374619
2.302485
2.222207
2.122416
2.025454
1.916392
1.801681
1.700845
1.601032
1.510080
1.442430
1.387065
2.559967
2.533772
2.467355
2.419750
2.339523
2.270607
2.161487
2.069445
1.945007
1.827893
1.707920
1.600916
1.492252
1.419973
1.349469
1.297862
2.506497
2.446956
2.383048
2.304828
2.208648
2.105935
1.987310
1.854158
1.731162
1.603113
1.488480
1.397710
1.322815
1.260208
1.230405
2.428549
2.368868
2.267022
2.180423
2.053891
1.927286
1.789061
1.655121
1.520116
1.420845
1.328029
1.263211
1.222730
1.193849
2.332726
2.240741
2.129749
1.995120
1.862495
1.709334
1.569707
1.444275
1.343905
1.259640
1.217205
1.178280
1.162625
2.212934
2.098376
1.959633
1.813896
1.654823
1.520664
1.392175
1.297585
1.234464
1.193094
1.167691
1.166336
2.065601
1.913905
1.758730
1.600965
1.458643
1.334412
1.257370
1.195363
1.166953
1.156764
1.158890
1.883976
1.731643
1.565604
1.426044
1.315109
1.236370
1.184945
1.171448
1.162087
1.170884
1.694121
1.526379
1.392643
1.276922
1.206719
1.170192
1.156134
1.154878
1.176570
1.513062
1.376516
1.268177
1.210861
1.169998
1.163316
1.173011
1.190581
1.353066
1.253524
1.187365
1.154743
1.158470
1.165028
1.187840
1.249570
1.194628
1.169838
1.167230
1.175757
1.209565
1.185370
1.153311
1.151356
1.174550
1.197698
1.164217
1.173636
1.181371
1.209205
1.151072
1.165309
1.201958
1.187335
1.207744
1.188080
2.950882
3.019938
3.041448
3.105987
3.141504
3.201516
3.250203
3.314271
3.361765
3.428236
3.480807
3.538756
3.588747
3.648328
3.685866
3.737405
3.775896
3.813767
3.838932
3.882396
3.893567
3.913751
3.931949
4.056632
4.043494
4.038400
4.033695
4.043281
4.041862
4.045953
4.059878
4.066222
4.076416
4.089965
4.103225
4.104224
4.122819
4.116673
4.121090
4.109161
4.106567
4.068767
4.069444
4.006191
4.005579
4.059714
4.054894
4.062917
4.056270
4.059898
4.066687
4.073399
4.074713
4.091682
4.094968
4.102845
4.111736
4.116865
4.111086
4.115527
4.102061
4.084926
4.070611
4.038672
4.003550
3.973601
4.092855
4.087793
4.086194
4.092640
4.092617
4.094311
4.103263
4.108826
4.107900
4.122219
4.118034
4.121176
4.116842
4.115622
4.089747
4.090504
4.049029
4.031695
3.988080
3.957005
4.098159
4.099109
4.101439
4.097112
4.107408
4.106219
4.108148
4.114609
4.115893
4.111077
4.115767
4.106073
4.093652
4.084320
4.060855
4.031967
4.007248
3.964825
3.919578
4.118611
4.115871
4.120201
4.121072
4.116526
4.125283
4.119874
4.119736
4.116832
4.114636
4.094881
4.095884
4.064675
4.049889
4.014864
3.990622
3.932563
3.914218
4.116643
4.113641
4.112167
4.115020
4.113536
4.107288
4.109211
4.101044
4.089399
4.083154
4.063343
4.041659
4.019425
3.988030
3.945997
3.915553
3.859812
4.114191
4.118371
4.112875
4.110028
4.106347
4.103388
4.086030
4.086012
4.061057
4.048629
4.019356
4.001225
3.950867
3.934871
3.870295
3.839840
4.094067
4.087574
4.087649
4.080714
4.068963
4.064004
4.047396
4.029432
4.010071
3.986955
3.948723
3.925807
3.876202
3.836831
3.787941
4.073533
4.070374
4.055643
4.055471
4.035368
4.023892
4.000533
3.986202
3.943351
3.930914
3.876301
3.849609
3.792640
3.757322
4.021955
4.018635
4.005007
3.990816
3.975184
3.957307
3.924758
3.907719
3.865401
3.833646
3.789562
3.748024
3.690253
3.978056
3.969387
3.951690
3.941068
3.906708
3.897226
3.852570
3.830963
3.782452
3.753431
3.689897
3.660410
3.906131
3.894637
3.868718
3.856801
3.823053
3.798967
3.761262
3.729821
3.678563
3.643958
3.585958
3.832984
3.828559
3.795454
3.779655
3.740053
3.719452
3.665183
3.641837
3.580225
3.544883
3.743603
3.727677
3.698670
3.678474
3.635259
3.610448
3.561450
3.522979
3.471232
3.659959
3.650089
3.607287
3.592859
3.542955
3.515815
3.460962
3.429969
3.553536
3.541317
3.504533
3.478487
3.436042
3.403798
3.348303
3.469076
3.454811
3.413093
3.392918
3.336485
3.313327
3.362706
3.348285
3.307298
3.283929
3.234635
3.280739
3.268493
3.221994
3.200887
3.183484
3.169725
3.124493
3.110453
3.103489
3.026855
2.884356
2.887775
2.828342
2.818798
2.772714
2.754398
2.715951
2.700036
2.658223
2.642821
2.605509
2.580403
2.544282
2.518051
2.472581
2.441950
2.398597
2.356363
2.310041
2.273844
2.222109
2.178804
2.140400
2.239127
2.318224
2.431443
2.481521
2.567961
2.600239
2.671291
2.704406
2.769864
2.811688
2.891338
2.940945
3.040094
3.108146
3.216580
3.300053
3.416389
3.494712
3.615946
3.677532
3.789174
3.832511
3.925601
2.970508
2.958049
3.035832
3.043510
3.124118
3.146195
3.220265
3.254829
3.332329
3.365002
3.443218
3.481005
3.549592
3.584346
3.653812
3.676982
3.737053
3.762766
3.809138
3.820954
3.876430
3.881018
2.885323
2.948156
2.966749
3.027024
3.050997
3.117424
3.154096
3.213976
3.261084
3.324446
3.367985
3.431309
3.478935
3.532172
3.575378
3.630159
3.661154
3.705983
3.741765
3.772493
3.801800
2.894825
2.889157
2.956402
2.967354
3.039436
3.051854
3.130795
3.154755
3.227409
3.260312
3.336377
3.365058
3.439733
3.472707
3.536779
3.564624
3.631365
3.646775
3.708410
3.726729
2.823290
2.880245
2.892252
2.944793
2.971262
3.029253
3.056257
3.120381
3.157889
3.215726
3.260246
3.321407
3.360680
3.419475
3.463190
3.510562
3.551506
3.599809
3.636840
2.826272
2.820672
2.888905
2.890751
2.955712
2.969781
3.041067
3.055125
3.132160
3.156013
3.226853
3.256188
3.330614
3.353692
3.426576
3.452683
3.519112
3.541001
2.769775
2.812295
2.822307
2.876035
2.893877
2.943957
2.972689
3.028936
3.057071
3.118257
3.155342
3.209782
3.252026
3.308864
3.347059
3.400549
3.446782
2.761812
2.765423
2.821869
2.819703
2.886644
2.892006
2.955817
2.970785
3.041417
3.054742
3.130354
3.151456
3.221569
3.245500
3.320882
3.340741
2.714521
2.747983
2.767051
2.809208
2.822931
2.873978
2.894992
2.942762
2.972403
3.026313
3.054735
3.112123
3.149282
3.200364
3.242398
2.708541
2.709966
2.758718
2.764053
2.821125
2.820953
2.887014
2.893276
2.956794
2.970484
3.041063
3.051844
3.126701
3.146016
2.658470
2.695548
2.712822
2.746568
2.767609
2.808628
2.824408
2.873130
2.895750
2.941306
2.971316
3.023297
3.051206
2.652959
2.654569
2.707956
2.710178
2.760485
2.765964
2.823691
2.823670
2.889578
2.895182
2.958047
2.970222
2.608390
2.641249
2.659112
2.696547
2.714930
2.748263
2.770098
2.809874
2.826552
2.873922
2.896245
2.593233
2.606047
2.655926
2.657873
2.712866
2.714551
2.766007
2.770753
2.828079
2.826929
2.550596
2.583674
2.613328
2.645801
2.664255
2.700842
2.718783
2.751690
2.772883
2.535308
2.551229
2.602426
2.614380
2.664899
2.665897
2.720545
2.720069
2.485355
2.530141
2.562022
2.593778
2.621516
2.651855
2.669044
2.467016
2.491239
2.553683
2.565904
2.616234
2.624363
2.420639
2.466626
2.506333
2.545126
2.571543
2.392899
2.433819
2.496237
2.513553
2.344138
2.399253
2.449607
2.324698
2.364404
2.273749
2.884357
2.887776
2.828344
2.818799
2.772715
2.754399
2.715950
2.700037
2.658228
2.642827
2.605511
2.580400
2.544278
2.518052
2.472587
2.441953
2.398597
2.356362
2.310041
2.273845
2.222109
2.178804
2.140399
1.188087
1.207754
1.201972
1.209221
1.197715
1.209581
1.187852
1.190589
1.176577
1.170890
1.158895
1.166340
1.162628
1.193851
1.230406
1.297862
1.387065
1.515437
1.631064
1.793343
1.907533
2.059016
1.187350
1.165331
1.181404
1.174590
1.175790
1.165049
1.173024
1.154886
1.162093
1.156769
1.167695
1.178283
1.222732
1.260210
1.349469
1.442429
1.565334
1.697509
1.839918
1.959334
2.092553
1.151089
1.173659
1.151381
1.167249
1.158483
1.163325
1.156141
1.171454
1.166958
1.193098
1.217208
1.263213
1.322816
1.419973
1.510080
1.649234
1.767805
1.905487
2.022084
2.144139
1.164222
1.153304
1.169822
1.154728
1.169991
1.170191
1.184948
1.195367
1.234467
1.259642
1.328031
1.397711
1.492252
1.601032
1.728826
1.842197
1.976487
2.081985
2.183814
1.185366
1.194620
1.187356
1.210852
1.206715
1.236370
1.257371
1.297586
1.343906
1.420846
1.488481
1.600916
1.700844
1.822504
1.932553
2.056241
2.139499
2.252718
1.249565
1.253517
1.268171
1.276917
1.315106
1.334411
1.392176
1.444275
1.520116
1.603114
1.707920
1.801680
1.918992
2.019696
2.117803
2.211804
2.291008
1.353063
1.376513
1.392639
1.426041
1.458642
1.520663
1.569706
1.655121
1.731162
1.827893
1.916393
2.024556
2.099509
2.205714
2.266743
2.350559
1.513059
1.526377
1.565602
1.600962
1.654821
1.709334
1.789061
1.854157
1.945007
2.025456
2.106816
2.188636
2.263003
2.326587
2.390834
1.694121
1.731642
1.758729
1.813895
1.862495
1.927287
1.987310
2.069444
2.122417
2.210057
2.261131
2.335266
2.380162
2.447041
1.883977
1.913905
1.959631
1.995120
2.053893
2.105937
2.161485
2.222205
2.279403
2.330692
2.386043
2.433189
2.473351
2.065603
2.098375
2.129747
2.180424
2.208653
2.270608
2.302483
2.360278
2.392637
2.449925
2.471020
2.528560
2.212936
2.240737
2.267020
2.304832
2.339528
2.374620
2.413252
2.450321
2.481774
2.519840
2.549262
2.332725
2.368863
2.383048
2.419756
2.437464
2.480685
2.492586
2.539701
2.551378
2.594471
2.428545
2.446952
2.467358
2.492776
2.511462
2.540591
2.562770
2.588709
2.612075
2.506492
2.533769
2.536313
2.569721
2.575727
2.610022
2.616600
2.658700
2.559962
2.579922
2.591572
2.611598
2.626561
2.653955
2.665266
2.619833
2.642067
2.642468
2.676096
2.672823
2.716681
2.656242
2.679075
2.682394
2.712585
2.721933
2.707638
2.736438
2.733100
2.772327
2.743098
2.771808
2.776860
2.796835
2.835269
2.836302
3.008222
3.055919
3.148458
3.209436
3.315572
3.390891
3.500964
3.585108
3.686503
3.767172
3.858634
3.917155
3.992780
4.031746
4.076392
4.095833
4.118491
4.110560
4.119051
4.096948
4.091965
4.058693
4.046521
4.019553
3.995322
4.004554
4.002437
4.001650
3.997735
4.013880
4.014440
4.027314
4.040495
4.057770
4.064520
4.089049
4.095515
4.107418
4.114413
4.119026
4.107250
4.107165
4.082777
4.061856
4.034366
3.993615
3.026856
3.103490
3.124494
3.200888
3.234636
3.313327
3.348303
3.429969
3.471233
3.544884
3.585959
3.660410
3.690254
3.757322
3.787941
3.839841
3.859813
3.914219
3.919578
3.957005
3.973602
4.005579
3.110454
3.169725
3.221995
3.283929
3.336486
3.403798
3.460962
3.522979
3.580226
3.643958
3.689897
3.748025
3.792640
3.836831
3.870295
3.915553
3.932563
3.964826
3.988080
4.003550
4.006191
3.183485
3.268494
3.307299
3.392919
3.436043
3.515816
3.561450
3.641838
3.678563
3.753432
3.789562
3.849609
3.876202
3.934871
3.945997
3.990622
4.007248
4.031696
4.038672
4.069444
3.280740
3.348286
3.413094
3.478488
3.542956
3.610448
3.665184
3.729821
3.782452
3.833647
3.876301
3.925807
3.950867
3.988031
4.014865
4.031968
4.049029
4.070611
4.068767
3.362707
3.454812
3.504534
3.592860
3.635259
3.719452
3.761262
3.830964
3.865402
3.930914
3.948724
4.001226
4.019425
4.049890
4.060855
4.090505
4.084926
4.106568
3.469077
3.541318
3.607288
3.678475
3.740054
3.798967
3.852571
3.907719
3.943351
3.986955
4.019356
4.041660
4.064675
4.084320
4.089747
4.102061
4.109161
3.553537
3.650090
3.698670
3.779655
3.823054
3.897226
3.924759
3.986202
4.010071
4.048629
4.063344
4.095884
4.093653
4.115623
4.115527
4.121090
3.659960
3.727678
3.795455
3.856802
3.906708
3.957308
4.000533
4.029432
4.061058
4.083154
4.094881
4.106074
4.116842
4.111087
4.116673
3.743604
3.828559
3.868719
3.941068
3.975184
4.023893
4.047397
4.086012
4.089400
4.114636
4.115768
4.121177
4.116865
4.122819
3.832985
3.894638
3.951691
3.990817
4.035369
4.064004
4.086030
4.101044
4.116832
4.111078
4.118034
4.111736
4.104224
3.906131
3.969387
4.005008
4.055472
4.068964
4.103388
4.109211
4.119737
4.115893
4.122220
4.102845
4.103225
3.978056
4.018636
4.055644
4.080715
4.106348
4.107288
4.119875
4.114609
4.107900
4.094969
4.089966
4.021956
4.070375
4.087650
4.110029
4.113536
4.125284
4.108148
4.108826
4.091683
4.076416
4.073533
4.087574
4.112875
4.115020
4.116527
4.106219
4.103263
4.074713
4.066222
4.094068
4.118371
4.112167
4.121073
4.107408
4.094311
4.073399
4.059879
4.114191
4.113642
4.120201
4.097113
4.092617
4.066688
4.045953
4.116643
4.115872
4.101439
4.092641
4.059898
4.041862
4.118611
4.099110
4.086194
4.056271
4.043282
4.098159
4.087793
4.062917
4.033696
4.092855
4.054894
4.038400
4.059714
4.043494
4.056632
2.950883
3.019939
3.041449
3.105988
3.141505
3.201517
3.250203
3.314271
3.361765
3.428236
3.480808
3.538756
3.588747
3.648328
3.685866
3.737405
3.775896
3.813767
3.838932
3.882396
3.893567
3.913751
3.931949
2.273749
2.364404
2.449607
2.513553
2.571543
2.624363
2.669044
2.720069
2.772883
2.826929
2.896245
2.970222
3.051206
3.146016
3.242398
3.340741
3.446782
3.541001
3.636840
3.726729
3.801800
3.881018
2.324698
2.399254
2.496237
2.545127
2.616235
2.651856
2.720545
2.751691
2.828080
2.873922
2.958048
3.023297
3.126701
3.200364
3.320882
3.400549
3.519112
3.599809
3.708410
3.772493
3.876430
2.344139
2.433820
2.506334
2.565905
2.621518
2.665899
2.718785
2.770754
2.826553
2.895183
2.971316
3.051844
3.149282
3.245500
3.347059
3.452683
3.551506
3.646775
3.741765
3.820954
2.392900
2.466627
2.553684
2.593779
2.664900
2.700843
2.766008
2.809875
2.889579
2.941306
3.041064
3.112123
3.221570
3.308864
3.426576
3.510562
3.631365
3.705983
3.809138
2.420638
2.491238
2.562022
2.614380
2.664255
2.714551
2.770098
2.823671
2.895750
2.970484
3.054735
3.151457
3.252026
3.353692
3.463190
3.564625
3.661155
3.762766
2.467014
2.530140
2.602424
2.645800
2.712866
2.748263
2.823691
2.873130
2.956795
3.026314
3.130355
3.209782
3.330615
3.419475
3.536779
3.630159
3.737053
2.485355
2.551229
2.613328
2.657873
2.714930
2.765964
2.824409
2.893276
2.972404
3.054742
3.155343
3.256188
3.360680
3.472708
3.575378
3.676982
2.535312
2.583679
2.655930
2.696550
2.760488
2.808630
2.887015
2.942763
3.041418
3.118258
3.226854
3.321407
3.439733
3.532172
3.653813
2.550601
2.606053
2.659117
2.710182
2.767612
2.820955
2.894994
2.970786
3.057072
3.156014
3.260247
3.365058
3.478935
3.584346
2.593235
2.641251
2.707958
2.746569
2.821127
2.873980
2.955818
3.028937
3.132161
3.215727
3.336378
3.431309
3.549592
2.608387
2.654567
2.712821
2.764053
2.822931
2.892006
2.972689
3.055125
3.157889
3.260312
3.367986
3.481005
2.652957
2.695546
2.758718
2.809208
2.886645
2.943957
3.041067
3.120381
3.227409
3.324446
3.443218
2.658472
2.709968
2.767053
2.819705
2.893878
2.969782
3.056258
3.154756
3.261084
3.365002
2.708546
2.747987
2.821872
2.876037
2.955714
3.029254
3.130796
3.213976
3.332330
2.714525
2.765425
2.822309
2.890753
2.971263
3.051855
3.154097
3.254829
2.761814
2.812296
2.888906
2.944794
3.039436
3.117424
3.220266
2.769775
2.820672
2.892253
2.967355
3.050997
3.146195
2.826273
2.880246
2.956403
3.027025
3.124119
2.823292
2.889158
2.966750
3.043511
2.894826
2.948157
3.035833
2.885325
2.958050
2.970508
1.228550
1.221727
1.237157
1.229107
1.245331
1.226428
1.229848
1.217860
1.208532
1.189935
1.186485
1.161794
1.164659
1.155812
1.173898
1.198517
1.267531
1.338157
1.466945
1.589619
1.740686
1.875131
2.008663
1.271114
1.254748
1.283438
1.266742
1.275681
1.268890
1.262176
1.244659
1.241323
1.211969
1.204111
1.179793
1.169526
1.157160
1.171214
1.181409
1.246437
1.315966
1.434562
1.560924
1.723220
1.855428
1.303799
1.294472
1.306771
1.309702
1.306833
1.293849
1.295947
1.267947
1.260270
1.233912
1.216523
1.189005
1.178745
1.153443
1.165346
1.174082
1.227930
1.296360
1.422037
1.545956
1.723220
1.326136
1.344884
1.347068
1.340461
1.350388
1.327465
1.322875
1.301591
1.283123
1.254029
1.236506
1.200250
1.186827
1.162725
1.161647
1.172492
1.225960
1.289368
1.422038
1.560924
1.370795
1.365149
1.389473
1.371261
1.374385
1.359145
1.346064
1.318457
1.304627
1.264857
1.246845
1.209285
1.188591
1.161748
1.164846
1.164749
1.225960
1.296360
1.434561
1.411130
1.408944
1.415022
1.412889
1.403974
1.384301
1.374127
1.339128
1.319450
1.283002
1.253807
1.216989
1.195674
1.161867
1.164847
1.172493
1.227930
1.315966
1.437690
1.441231
1.446970
1.430968
1.432721
1.400812
1.388402
1.353256
1.327261
1.286413
1.261297
1.212685
1.195674
1.161749
1.161647
1.174082
1.246437
1.469951
1.468548
1.476297
1.457897
1.449247
1.424321
1.399679
1.364143
1.336395
1.288977
1.261297
1.216989
1.188591
1.162725
1.165346
1.181410
1.500371
1.489048
1.494059
1.474064
1.461362
1.428580
1.408689
1.360980
1.336395
1.286413
1.253807
1.209285
1.186827
1.153444
1.171216
1.517401
1.513172
1.507458
1.487550
1.470861
1.433971
1.408689
1.364143
1.327261
1.283002
1.246846
1.200250
1.178746
1.157161
1.531590
1.518556
1.516753
1.485397
1.470861
1.428581
1.399679
1.353256
1.319450
1.264857
1.236507
1.189006
1.169526
1.540890
1.524925
1.516753
1.487550
1.461363
1.424321
1.388402
1.339128
1.304628
1.254030
1.216523
1.179794
1.540890
1.518556
1.507459
1.474064
1.449247
1.400812
1.374128
1.318457
1.283124
1.233912
1.204111
1.531590
1.513173
1.494059
1.457898
1.432721
1.384301
1.346064
1.301591
1.260270
1.211970
1.517402
1.489049
1.476296
1.430968
1.403974
1.359146
1.322875
1.267948
1.241324
1.500372
1.468547
1.446970
1.412889
1.374386
1.327465
1.295948
1.244660
1.469951
1.441232
1.415022
1.371261
1.350388
1.293850
1.262176
1.437691
1.408944
1.389474
1.340461
1.306834
1.268890
1.411130
1.365150
1.347067
1.309702
1.275680
1.370795
1.344883
1.306771
1.266741
1.326136
1.294472
1.283438
1.303799
1.254747
1.271113
1.241625
1.256070
1.316069
1.350753
1.381619
1.416275
1.456992
1.476620
1.504885
1.521515
1.534617
1.533594
1.534617
1.521515
1.504884
1.476620
1.456991
1.416274
1.381618
1.350753
1.316069
1.256071
1.241627
1.228553
1.221730
1.237161
1.229112
1.245337
1.226435
1.229854
1.217867
1.208540
1.189943
1.186493
1.161804
1.164669
1.155823
1.173909
1.198526
1.267537
1.338159
1.466943
1.589612
1.740676
1.875117
2.008650
1.271114
1.254747
1.283439
1.266744
1.275683
1.268892
1.262179
1.244662
1.241327
1.211974
1.204117
1.179800
1.169535
1.157169
1.171225
1.181419
1.246444
1.315970
1.434561
1.560918
1.723209
1.855416
1.303799
1.294473
1.306773
1.309704
1.306836
1.293852
1.295950
1.267951
1.260274
1.233917
1.216530
1.189013
1.178754
1.153454
1.165356
1.174092
1.227939
1.296364
1.422037
1.545950
1.723209
1.326137
1.344884
1.347069
1.340463
1.350390
1.327467
1.322878
1.301594
1.283128
1.254034
1.236513
1.200258
1.186836
1.162735
1.161658
1.172503
1.225969
1.289373
1.422037
1.560918
1.370795
1.365151
1.389475
1.371262
1.374387
1.359148
1.346067
1.318460
1.304632
1.264863
1.246852
1.209293
1.188600
1.161759
1.164858
1.164759
1.225969
1.296365
1.434561
1.411131
1.408945
1.415023
1.412891
1.403976
1.384303
1.374130
1.339131
1.319454
1.283007
1.253813
1.216997
1.195683
1.161878
1.164858
1.172503
1.227939
1.315970
1.437691
1.441232
1.446971
1.430970
1.432722
1.400814
1.388404
1.353259
1.327265
1.286418
1.261303
1.212694
1.195683
1.161759
1.161658
1.174093
1.246445
1.469952
1.468548
1.476297
1.457899
1.449249
1.424322
1.399681
1.364146
1.336399
1.288983
1.261303
1.216997
1.188601
1.162736
1.165358
1.181420
1.500372
1.489050
1.494059
1.474064
1.461364
1.428582
1.408691
1.360983
1.336399
1.286418
1.253814
1.209293
1.186837
1.153455
1.171226
1.517402
1.513173
1.507459
1.487551
1.470862
1.433972
1.408691
1.364146
1.327266
1.283007
1.246852
1.200259
1.178756
1.157171
1.531590
1.518556
1.516753
1.485398
1.470862
1.428582
1.399681
1.353259
1.319454
1.264863
1.236514
1.189015
1.169537
1.540890
1.524926
1.516753
1.487551
1.461363
1.424322
1.388404
1.339131
1.304632
1.254035
1.216531
1.179803
1.540890
1.518556
1.507459
1.474065
1.449248
1.400814
1.374130
1.318461
1.283129
1.233919
1.204119
1.531590
1.513172
1.494059
1.457898
1.432722
1.384303
1.346067
1.301595
1.260276
1.211977
1.517401
1.489049
1.476297
1.430969
1.403976
1.359147
1.322878
1.267953
1.241330
1.500371
1.468548
1.446970
1.412890
1.374387
1.327467
1.295951
1.244665
1.469951
1.441232
1.415022
1.371262
1.350390
1.293852
1.262181
1.437691
1.408944
1.389474
1.340462
1.306836
1.268894
1.411130
1.365150
1.347068
1.309704
1.275683
1.370795
1.344884
1.306772
1.266744
1.326136
1.294473
1.283440
1.303799
1.254749
1.271115
4.005910
3.956665
3.940826
3.887464
3.866305
3.805662
3.783091
3.734082
3.707204
3.673297
3.667075
3.645543
3.667075
3.673298
3.707204
3.734082
3.783091
3.805662
3.866304
3.887465
3.940826
3.956665
4.005910
4.019553
3.995322
4.004554
4.002437
4.001650
3.997735
4.013880
4.014439
4.027313
4.040495
4.057770
4.064519
4.089048
4.095514
4.107417
4.114412
4.119025
4.107248
4.107164
4.082775
4.061855
4.034365
3.993614
3.992256
3.992074
3.971507
3.973116
3.976555
3.979189
3.982606
3.999467
4.010998
4.022600
4.046788
4.060023
4.078005
4.093921
4.111121
4.109686
4.126297
4.111565
4.112516
4.083849
4.074115
4.023088
3.952651
3.931082
3.942642
3.927940
3.934730
3.940452
3.954429
3.958463
3.987172
3.998006
4.022510
4.041772
4.068201
4.076693
4.105053
4.106690
4.118616
4.112841
4.113117
4.087036
4.074115
3.919975
3.914698
3.896669
3.908905
3.905603
3.913273
3.930977
3.946385
3.963548
3.989884
4.014382
4.032895
4.064062
4.079773
4.100045
4.109213
4.123083
4.110726
4.113117
4.083849
3.877349
3.862906
3.866532
3.852600
3.875439
3.876231
3.897760
3.916268
3.947055
3.961971
4.002094
4.020823
4.052395
4.071368
4.100456
4.101333
4.123083
4.112841
4.112516
3.841589
3.831654
3.829527
3.835217
3.837145
3.861735
3.879670
3.901557
3.934720
3.963061
3.991095
4.023191
4.054007
4.071937
4.100456
4.109213
4.118616
4.111565
3.804682
3.784666
3.788889
3.791665
3.814405
3.821129
3.861858
3.881529
3.918599
3.948024
3.990359
4.010107
4.054007
4.071368
4.100045
4.106690
4.126297
3.759783
3.761735
3.760028
3.769234
3.791588
3.818597
3.843264
3.883035
3.918012
3.949899
3.990359
4.023191
4.052395
4.079773
4.105053
4.109686
3.728998
3.712390
3.733639
3.740057
3.769882
3.796691
3.840992
3.865114
3.918012
3.948024
3.991095
4.020823
4.064062
4.076693
4.111121
3.700034
3.703149
3.708704
3.737154
3.765805
3.798396
3.840992
3.883035
3.918599
3.963061
4.002094
4.032895
4.068201
4.093921
3.672535
3.675620
3.703042
3.716419
3.765805
3.796691
3.843264
3.881529
3.934720
3.961971
4.014382
4.041772
4.078005
3.665386
3.675779
3.703042
3.737154
3.769882
3.818597
3.861859
3.901557
3.947055
3.989884
4.022510
4.060024
3.665386
3.675619
3.708704
3.740057
3.791588
3.821129
3.879671
3.916268
3.963548
3.998006
4.046788
3.672535
3.703149
3.733639
3.769234
3.814405
3.861735
3.897760
3.946384
3.987172
4.022600
3.700033
3.712391
3.760028
3.791665
3.837144
3.876232
3.930978
3.958463
4.010998
3.728999
3.761735
3.788889
3.835217
3.875439
3.913273
3.954429
3.999467
3.759783
3.784666
3.829527
3.852601
3.905603
3.940452
3.982606
3.804682
3.831654
3.866532
3.908905
3.934731
3.979189
3.841589
3.862906
3.896669
3.927940
3.976555
3.877349
3.914698
3.942643
3.973116
3.919975
3.931082
3.971507
3.952652
3.992074
3.992257
4.019553
3.995322
4.004554
4.002437
4.001650
3.997735
4.013879
4.014439
4.027314
4.040495
4.057770
4.064520
4.089048
4.095515
4.107418
4.114413
4.119026
4.107250
4.107165
4.082777
4.061856
4.034366
3.993615
3.992257
3.992074
3.971507
3.973116
3.976555
3.979189
3.982606
3.999467
4.010999
4.022600
4.046788
4.060024
4.078006
4.093922
4.111122
4.109687
4.126298
4.111566
4.112517
4.083850
4.074117
4.023089
3.952652
3.931082
3.942643
3.927940
3.934731
3.940452
3.954429
3.958463
3.987172
3.998006
4.022510
4.041772
4.068202
4.076694
4.105054
4.106691
4.118617
4.112842
4.113118
4.087037
4.074117
3.919975
3.914698
3.896669
3.908905
3.905602
3.913272
3.930977
3.946384
3.963548
3.989884
4.014382
4.032896
4.064062
4.079774
4.100046
4.109214
4.123083
4.110727
4.113118
4.083850
3.877349
3.862906
3.866532
3.852600
3.875439
3.876231
3.897759
3.916268
3.947055
3.961971
4.002094
4.020823
4.052396
4.071369
4.100457
4.101334
4.123084
4.112842
4.112517
3.841589
3.831654
3.829526
3.835216
3.837143
3.861735
3.879670
3.901557
3.934720
3.963060
3.991095
4.023191
4.054007
4.071938
4.100457
4.109214
4.118617
4.111566
3.804682
3.784666
3.788888
3.791664
3.814404
3.821128
3.861858
3.881529
3.918598
3.948024
3.990359
4.010107
4.054007
4.071369
4.100046
4.106691
4.126298
3.759783
3.761734
3.760027
3.769232
3.791586
3.818596
3.843263
3.883034
3.918011
3.949898
3.990359
4.023191
4.052396
4.079774
4.105054
4.109687
3.728999
3.712390
3.733637
3.740055
3.769880
3.796690
3.840991
3.865114
3.918011
3.948024
3.991095
4.020823
4.064062
4.076694
4.111122
3.700032
3.703148
3.708702
3.737152
3.765803
3.798395
3.840992
3.883034
3.918598
3.963060
4.002094
4.032896
4.068202
4.093921
3.672534
3.675618
3.703040
3.716417
3.765803
3.796689
3.843264
3.881529
3.934719
3.961971
4.014382
4.041772
4.078006
3.665385
3.675778
3.703040
3.737152
3.769881
3.818596
3.861857
3.901557
3.947055
3.989884
4.022510
4.060024
3.665385
3.675618
3.708702
3.740055
3.791586
3.821128
3.879670
3.916268
3.963548
3.998006
4.046788
3.672534
3.703148
3.733637
3.769233
3.814404
3.861735
3.897760
3.946384
3.987172
4.022600
3.700033
3.712389
3.760027
3.791664
3.837144
3.876231
3.930977
3.958463
4.010999
3.728998
3.761734
3.788888
3.835217
3.875438
3.913272
3.954429
3.999467
3.759783
3.784665
3.829527
3.852600
3.905603
3.940452
3.982606
3.804682
3.831654
3.866532
3.908905
3.934730
3.979189
3.841589
3.862906
3.896669
3.927940
3.976555
3.877349
3.914698
3.942642
3.973116
3.919975
3.931082
3.971507
3.952651
3.992074
3.992257

