Tension at each vertex
3.228609
3.228609
3.228609
3.228610
1.457784
4.263513
1.457789
4.263513
2.376306
2.376295
4.221965
4.221967
3.176600
3.108109
3.078862
3.013727
2.986635
2.923998
2.889470
2.825631
2.767896
2.680454
2.588954
2.446727
2.302112
2.114514
1.929040
1.745075
1.610769
1.497332
1.446929
1.416315
1.421810
1.415192
1.452086
3.164763
3.086455
3.057486
2.997378
2.963207
2.913152
2.868200
2.809981
2.750861
2.660534
2.564691
2.432949
2.273681
2.096147
1.912265
1.735690
1.597246
1.506033
1.441804
1.423558
1.413777
1.450506
3.174738
3.095813
3.063290
3.005589
2.968245
2.912540
2.874881
2.804440
2.748645
2.655691
2.552079
2.414947
2.264984
2.075779
1.902103
1.729469
1.594761
1.498090
1.448493
1.414111
1.413778
3.150516
3.090890
3.045033
2.991651
2.956858
2.899089
2.859400
2.797086
2.730167
2.643279
2.541305
2.400482
2.249226
2.071652
1.888752
1.727096
1.595615
1.499745
1.448493
1.423558
3.156975
3.095820
3.058401
2.995243
2.961313
2.906048
2.859615
2.796175
2.733536
2.633994
2.535119
2.395811
2.239306
2.063001
1.890412
1.719255
1.595615
1.498090
1.441804
3.160187
3.078931
3.045658
2.988086
2.947832
2.895271
2.853416
2.783761
2.723957
2.631665
2.524092
2.390558
2.238523
2.058498
1.890412
1.727096
1.594762
1.506033
3.154167
3.100226
3.045810
2.996014
2.955742
2.897537
2.855623
2.789805
2.719657
2.629583
2.526322
2.384557
2.238523
2.063001
1.888753
1.729470
1.597247
3.152060
3.079213
3.047280
2.979170
2.949666
2.891366
2.846065
2.782861
2.720680
2.623123
2.526321
2.390556
2.239306
2.071654
1.902105
1.735692
3.157420
3.093371
3.045573
2.996037
2.946815
2.899467
2.850980
2.782816
2.720676
2.629579
2.524090
2.395812
2.249228
2.075782
1.912268
3.153323
3.081309
3.041365
2.981002
2.949335
2.884860
2.850975
2.782855
2.719653
2.631664
2.535120
2.400485
2.264987
2.096150
3.151942
3.095300
3.044975
2.990697
2.949331
2.899461
2.846058
2.789802
2.723958
2.633998
2.541309
2.414950
2.273684
3.154537
3.076940
3.044973
2.980997
2.946809
2.891363
2.855623
2.783765
2.733541
2.643282
2.552081
2.432951
3.154536
3.095297
3.041361
2.996035
2.949666
2.897541
2.853421
2.796180
2.730169
2.655691
2.564691
3.151940
3.081308
3.045573
2.979173
2.955747
2.895276
2.859617
2.797086
2.748642
2.660532
3.153324
3.093373
3.047283
2.996017
2.947833
2.906048
2.859397
2.804436
2.750860
3.157422
3.079214
3.045811
2.988085
2.961310
2.899086
2.874878
2.809981
3.152060
3.100225
3.045656
2.995240
2.956855
2.912539
2.868200
3.154166
3.078930
3.058399
2.991649
2.968245
2.913153
3.160186
3.095819
3.045033
3.005590
2.963208
3.156975
3.090891
3.063291
2.997378
3.150517
3.095813
3.057486
3.174738
3.086455
3.164763
3.193640
3.192871
3.193984
3.221128
3.192648
3.213119
3.201556
3.214530
3.197178
3.218158
3.199915
3.214527
3.199917
3.218159
3.197178
3.214529
3.201556
3.213120
3.192648
3.221127
3.193984
3.192871
3.193640
3.280099
3.326456
3.418335
3.477837
3.582874
3.655938
3.764731
3.846934
3.946576
4.025704
4.115927
4.172634
4.247327
4.284860
4.328036
4.346180
4.367604
4.357781
4.365142
4.341639
4.335305
4.300772
4.287921
3.280062
3.322502
3.417113
3.483587
3.582131
3.666074
3.765250
3.853598
3.953723
4.029050
4.120244
4.182549
4.245995
4.290271
4.331906
4.345292
4.368391
4.362547
4.363189
4.345171
4.335812
4.316108
3.296871
3.338166
3.434539
3.505128
3.603971
3.685800
3.792583
3.870499
3.974492
4.047949
4.131178
4.191857
4.257772
4.289330
4.336213
4.346869
4.365956
4.359962
4.364379
4.340986
4.335812
3.275012
3.342676
3.424703
3.503152
3.603801
3.684297
3.791050
3.876483
3.971792
4.051598
4.136271
4.191546
4.259167
4.295069
4.332669
4.349603
4.368434
4.360544
4.364379
4.345171
3.283055
3.350197
3.445334
3.514891
3.620426
3.704052
3.804869
3.890739
3.988965
4.057675
4.144938
4.199405
4.259578
4.295647
4.336755
4.344309
4.368434
4.359962
4.363189
3.289733
3.337736
3.437849
3.514181
3.613146
3.700784
3.806436
3.886218
3.988729
4.061995
4.141959
4.200843
4.263202
4.293683
4.336755
4.349603
4.365956
4.362547
3.283769
3.362477
3.442488
3.528978
3.628619
3.711352
3.817115
3.900588
3.992103
4.067610
4.148291
4.198661
4.263202
4.295648
4.332669
4.346869
4.368391
3.284446
3.343303
3.447511
3.514606
3.626562
3.708138
3.811822
3.896450
3.995562
4.061961
4.148291
4.200843
4.259578
4.295070
4.336213
4.345292
3.289862
3.360530
3.448539
3.536448
3.627552
3.721500
3.819494
3.900106
3.995562
4.067610
4.141960
4.199405
4.259168
4.289331
4.331906
3.287396
3.348679
3.446226
3.521518
3.631592
3.706128
3.819494
3.896450
3.992103
4.061995
4.144938
4.191546
4.257773
4.290271
3.286155
3.364989
3.450850
3.533999
3.631592
3.721500
3.811822
3.900588
3.988729
4.057675
4.136271
4.191857
4.245995
3.289296
3.345637
3.450850
3.521519
3.627552
3.708138
3.817115
3.886218
3.988965
4.051598
4.131179
4.182549
3.289297
3.364990
3.446227
3.536448
3.626561
3.711352
3.806436
3.890739
3.971792
4.047949
4.120244
3.286156
3.348679
3.448539
3.514606
3.628618
3.700783
3.804868
3.876483
3.974492
4.029050
3.287396
3.360530
3.447510
3.528978
3.613146
3.704052
3.791050
3.870499
3.953723
3.289861
3.343303
3.442487
3.514181
3.620426
3.684297
3.792583
3.853598
3.284446
3.362477
3.437849
3.514891
3.603801
3.685800
3.765250
3.283769
3.337737
3.445334
3.503151
3.603970
3.666074
3.289733
3.350197
3.424703
3.505128
3.582130
3.283055
3.342675
3.434538
3.483586
3.275012
3.338166
3.417112
3.296871
3.322502
3.280062
3.155970
3.159929
3.100033
3.090826
3.044542
3.025780
2.987447
2.971130
2.928900
2.913395
2.875795
2.849727
2.813448
2.786426
2.740274
2.709096
2.664940
2.621351
2.574563
2.537162
2.484495
2.440346
2.401362
1.444810
1.463775
1.458150
1.464771
1.454049
1.465371
1.443989
1.446961
1.433362
1.427224
1.416029
1.423267
1.419290
1.450035
1.486001
1.551578
1.640194
1.767406
1.883153
2.046459
2.163394
2.316498
1.443500
1.421530
1.438011
1.430903
1.432132
1.421677
1.429675
1.411274
1.419054
1.413586
1.424259
1.434619
1.478633
1.514622
1.603117
1.694825
1.817144
1.949818
2.094043
2.215241
2.351524
1.408347
1.430075
1.408157
1.423968
1.415409
1.419824
1.413346
1.428323
1.423703
1.449626
1.473423
1.518103
1.577126
1.672910
1.762277
1.901383
2.021120
2.160131
2.279515
2.404134
1.420945
1.410365
1.426726
1.411484
1.427022
1.426987
1.441412
1.451778
1.490486
1.514602
1.582485
1.651080
1.744643
1.853330
1.981618
2.095972
2.232564
2.340454
2.444648
1.442380
1.451116
1.444396
1.467415
1.463161
1.492641
1.513439
1.552530
1.598683
1.674536
1.741434
1.853606
1.953797
2.075980
2.188075
2.313720
2.399244
2.514824
1.505912
1.509663
1.523914
1.532749
1.570576
1.589047
1.646655
1.698005
1.773070
1.856053
1.960950
2.055136
2.174138
2.276554
2.376634
2.473035
2.554476
1.608254
1.631641
1.647717
1.680278
1.713126
1.774439
1.823099
1.908472
1.984822
2.081749
2.171882
2.281330
2.358013
2.466350
2.529598
2.614895
1.767563
1.780308
1.819783
1.854801
1.908313
1.963112
2.043093
2.108434
2.200612
2.282339
2.365145
2.449065
2.525234
2.590251
2.656497
1.948861
1.986170
2.013176
2.068615
2.117669
2.182538
2.243894
2.326868
2.381153
2.470595
2.523431
2.598760
2.645481
2.713642
2.139737
2.169981
2.216024
2.251549
2.311433
2.364245
2.420686
2.482896
2.541521
2.594117
2.651182
2.699552
2.740511
2.324229
2.356886
2.389096
2.440158
2.469174
2.532228
2.565230
2.623823
2.657759
2.716275
2.738296
2.796809
2.474283
2.502153
2.528741
2.567362
2.602959
2.638690
2.678383
2.716465
2.748664
2.787969
2.818333
2.596493
2.633058
2.647666
2.684714
2.703396
2.747347
2.759650
2.807667
2.820334
2.863786
2.694537
2.712737
2.733781
2.759800
2.778785
2.808704
2.831495
2.857684
2.882023
2.774176
2.801623
2.804196
2.838309
2.844853
2.879212
2.886550
2.929104
2.828453
2.848721
2.860795
2.880847
2.896521
2.924270
2.935701
2.889678
2.911803
2.912689
2.946668
2.943405
2.987879
2.926635
2.949631
2.952932
2.983646
2.993310
2.978553
3.007803
3.004571
3.043841
3.014570
3.043202
3.048543
3.068673
3.107427
3.107960
3.280099
3.326457
3.418335
3.477838
3.582874
3.655938
3.764732
3.846934
3.946576
4.025704
4.115927
4.172633
4.247327
4.284859
4.328035
4.346180
4.367603
4.357781
4.365141
4.341638
4.335305
4.300772
4.287921
4.259878
4.235368
4.244099
4.241859
4.241401
4.236989
4.253617
4.254582
4.267493
4.281311
4.299325
4.306420
4.332157
4.339619
4.352442
4.360847
4.366922
4.356100
4.357657
4.334358
4.314328
4.287798
4.248047
3.297522
3.374080
3.394356
3.469725
3.502825
3.580411
3.614004
3.694721
3.734691
3.807084
3.847124
3.920705
3.949234
4.015892
4.045674
4.096818
4.116458
4.170352
4.175007
4.212396
4.228490
4.259881
3.380668
3.438783
3.490574
3.551342
3.602734
3.668978
3.724997
3.785557
3.841813
3.904509
3.949093
4.006717
4.050430
4.093759
4.126853
4.171564
4.187828
4.219937
4.242666
4.257473
4.260262
3.452436
3.536585
3.574110
3.658916
3.700790
3.779240
3.823709
3.903131
3.938270
4.012614
4.047626
4.106772
4.132831
4.190875
4.201143
4.245573
4.261577
4.285314
4.292169
4.322338
3.548118
3.614615
3.678396
3.742346
3.805841
3.872210
3.925426
3.989349
4.040824
4.090953
4.133008
4.181743
4.205898
4.242741
4.268921
4.285217
4.302094
4.322974
4.320607
3.628523
3.719432
3.768028
3.855423
3.896170
3.979751
4.020192
4.088855
4.122448
4.187173
4.203868
4.255991
4.273397
4.302971
4.313571
4.342475
4.336155
4.357477
3.733225
3.804167
3.868734
3.939126
3.999492
4.057189
4.109980
4.164162
4.198666
4.241708
4.273267
4.294544
4.317138
4.335934
4.340491
4.352313
4.358861
3.815560
3.911454
3.958654
4.038591
4.081007
4.154302
4.180497
4.241382
4.264201
4.301716
4.315825
4.347469
4.344163
4.365568
4.364697
4.369232
3.920491
3.986899
4.053855
4.114175
4.162837
4.212713
4.254932
4.282625
4.313638
4.334679
4.345301
4.355797
4.365683
4.358723
4.363940
4.002571
4.086650
4.125406
4.197166
4.230132
4.277689
4.300395
4.337957
4.340065
4.364576
4.364623
4.368740
4.363863
4.368804
4.090190
4.151095
4.207122
4.244952
4.288793
4.316219
4.337038
4.351160
4.365868
4.358667
4.365000
4.357490
4.348900
4.162239
4.224347
4.259150
4.308516
4.320668
4.354227
4.358797
4.367882
4.363210
4.368259
4.347575
4.347270
4.232820
4.272232
4.307966
4.332081
4.356496
4.355922
4.367661
4.360982
4.352925
4.339121
4.333068
4.275180
4.322772
4.338788
4.359706
4.362226
4.372545
4.353891
4.353643
4.335186
4.318631
4.325488
4.338039
4.362372
4.363021
4.363045
4.351677
4.347355
4.317329
4.308124
4.344796
4.367718
4.359971
4.367809
4.352587
4.337957
4.316089
4.301319
4.363013
4.361338
4.366357
4.341646
4.336173
4.308762
4.286713
4.364340
4.361946
4.346412
4.336004
4.301702
4.282894
4.364686
4.343546
4.329058
4.298162
4.283827
4.342840
4.331294
4.304867
4.274190
4.335924
4.296463
4.279149
4.302303
4.284387
4.297123
3.222122
3.291511
3.311947
3.376209
3.411072
3.469764
3.517887
3.580672
3.626877
3.692331
3.743713
3.800355
3.849501
3.908224
3.944599
3.995795
4.033512
4.070674
4.095620
4.138611
4.149186
4.169386
4.187301
2.537333
2.630613
2.717784
2.782730
2.842075
2.895573
2.940601
2.992370
3.045391
3.099179
3.168375
3.241506
3.320882
3.414277
3.508616
3.604596
3.708893
3.801392
3.895488
3.984540
4.058667
4.136885
2.589118
2.666019
2.764798
2.815085
2.886704
2.923475
2.992597
3.023947
3.100740
3.146393
3.229626
3.294063
3.395856
3.467310
3.586007
3.663632
3.780028
3.859456
3.966732
4.029604
4.132774
2.609721
2.701493
2.775378
2.836319
2.892737
2.937472
2.991126
3.043314
3.098815
3.167345
3.242545
3.321460
3.417380
3.511566
3.610688
3.714626
3.811683
3.905340
3.999390
4.077766
2.658771
2.734863
2.823226
2.864214
2.936345
2.972932
3.038216
3.082582
3.162045
3.212866
3.311771
3.381165
3.488365
3.573802
3.689456
3.771337
3.890833
3.964258
4.066096
2.687528
2.759813
2.832127
2.885405
2.935702
2.986837
3.042613
3.095944
3.167886
3.241723
3.324274
3.419512
3.517957
3.617269
3.724997
3.824794
3.919628
4.020374
2.734612
2.799339
2.872555
2.917129
2.984820
3.020439
3.096384
3.145602
3.228392
3.297019
3.399435
3.476559
3.595580
3.682364
3.797609
3.889669
3.995370
2.753435
2.821141
2.884143
2.929257
2.987118
3.038485
3.096645
3.165490
3.243661
3.324411
3.423459
3.522301
3.624355
3.734722
3.835646
3.935595
2.804193
2.853589
2.927100
2.968371
3.032587
3.081243
3.159507
3.214347
3.312266
3.387415
3.493865
3.586536
3.702914
3.793189
3.913570
2.820055
2.876634
2.930193
2.982232
3.039924
3.093134
3.167105
3.242131
3.326794
3.424386
3.526559
3.629088
3.741186
3.844913
2.862735
2.912039
2.979517
3.018399
3.093634
3.146318
3.227466
3.299775
3.401564
3.482880
3.601880
3.694710
3.810960
2.878537
2.925449
2.984542
3.036265
3.094899
3.164164
3.243978
3.325069
3.426427
3.526999
3.632268
3.743643
2.923667
2.966932
3.030485
3.081550
3.159005
3.215521
3.312106
3.389843
3.494938
3.590162
3.707081
2.929242
2.981763
3.039114
3.091729
3.165929
3.241225
3.326262
3.423662
3.527985
3.629746
2.979939
3.019591
3.094245
3.148258
3.227415
3.300266
3.400589
3.481606
3.598532
2.986065
3.037426
3.094138
3.162833
3.242657
3.322039
3.423125
3.522167
3.033365
3.084437
3.161197
3.216350
3.310692
3.387248
3.488336
3.041577
3.092479
3.164232
3.238805
3.321246
3.415517
3.098511
3.152365
3.228140
3.298241
3.394292
3.094959
3.161148
3.238144
3.313920
3.167088
3.219785
3.307354
3.157120
3.229405
3.242517
3.193641
3.192872
3.193984
3.221127
3.192649
3.213122
3.201558
3.214528
3.197175
3.218159
3.199921
3.214530
3.199914
3.218155
3.197179
3.214533
3.201557
3.213119
3.192648
3.221128
3.193985
3.192872
3.193641
3.176601
3.108109
3.078863
3.013729
2.986638
2.924003
2.889474
2.825633
2.767894
2.680448
2.588948
2.446721
2.302107
2.114510
1.929037
1.745072
1.610767
1.497331
1.446928
1.416314
1.421811
1.415195
1.452090
3.164764
3.086456
3.057487
2.997377
2.963205
2.913148
2.868195
2.809980
2.750864
2.660541
2.564699
2.432956
2.273686
2.096150
1.912268
1.735693
1.597249
1.506036
1.441807
1.423561
1.413782
1.450510
3.174738
3.095812
3.063289
3.005586
2.968242
2.912540
2.874885
2.804449
2.748656
2.655701
2.552085
2.414949
2.264986
2.075781
1.902105
1.729472
1.594763
1.498092
1.448496
1.414114
1.413780
3.150516
3.090889
3.045032
2.991650
2.956861
2.899097
2.859412
2.797097
2.730172
2.643278
2.541303
2.400481
2.249227
2.071655
1.888755
1.727098
1.595617
1.499747
1.448495
1.423560
3.156974
3.095819
3.058403
2.995248
2.961322
2.906057
2.859619
2.796171
2.733527
2.633986
2.535115
2.395812
2.239309
2.063004
1.890414
1.719256
1.595616
1.498091
1.441805
3.160188
3.078934
3.045663
2.988092
2.947834
2.895266
2.853404
2.783747
2.723948
2.631664
2.524096
2.390563
2.238526
2.058500
1.890412
1.727096
1.594762
1.506033
3.154170
3.100229
3.045812
2.996010
2.955732
2.897523
2.855612
2.789803
2.719665
2.629593
2.526331
2.384561
2.238523
2.063001
1.888752
1.729469
1.597246
3.152061
3.079211
3.047274
2.979161
2.949657
2.891365
2.846074
2.782877
2.720695
2.623131
2.526322
2.390554
2.239304
2.071652
1.902103
1.735690
3.157417
3.093366
3.045567
2.996036
2.946822
2.899484
2.850998
2.782828
2.720678
2.629573
2.524083
2.395808
2.249227
2.075781
1.912266
3.153321
3.081309
3.041370
2.981013
2.949350
2.884872
2.850977
2.782846
2.719640
2.631655
2.535117
2.400486
2.264987
2.096148
3.151945
3.095307
3.044985
2.990706
2.949333
2.899453
2.846043
2.789788
2.723952
2.633999
2.541313
2.414952
2.273683
3.154543
3.076945
3.044974
2.980991
2.946796
2.891348
2.855615
2.783766
2.733549
2.643291
2.552085
2.432950
3.154537
3.095294
3.041353
2.996024
2.949659
2.897542
2.853431
2.796193
2.730179
2.655693
2.564687
3.151936
3.081302
3.045569
2.979174
2.955754
2.895289
2.859630
2.797092
2.748641
2.660526
3.153322
3.093373
3.047288
2.996026
2.947844
2.906054
2.859398
2.804430
2.750851
3.157425
3.079220
3.045818
2.988090
2.961311
2.899081
2.874870
2.809974
3.152064
3.100228
3.045657
2.995237
2.956850
2.912533
2.868197
3.154166
3.078928
3.058396
2.991646
2.968243
2.913154
3.160184
3.095817
3.045033
3.005590
2.963211
3.156975
3.090891
3.063293
2.997381
3.150518
3.095815
3.057488
3.174739
3.086456
3.164764
3.280100
3.326457
3.418336
3.477838
3.582875
3.655939
3.764732
3.846935
3.946577
4.025705
4.115928
4.172634
4.247327
4.284860
4.328036
4.346180
4.367603
4.357782
4.365141
4.341639
4.335305
4.300772
4.287922
3.280063
3.322503
3.417113
3.483587
3.582131
3.666074
3.765251
3.853599
3.953724
4.029051
4.120245
4.182550
4.245996
4.290272
4.331906
4.345293
4.368391
4.362548
4.363190
4.345172
4.335813
4.316108
3.296872
3.338167
3.434539
3.505129
3.603971
3.685801
3.792584
3.870500
3.974493
4.047950
4.131179
4.191858
4.257773
4.289331
4.336214
4.346869
4.365957
4.359962
4.364379
4.340986
4.335813
3.275013
3.342676
3.424704
3.503152
3.603801
3.684298
3.791051
3.876484
3.971793
4.051599
4.136272
4.191547
4.259168
4.295070
4.332670
4.349603
4.368435
4.360545
4.364379
4.345171
3.283056
3.350197
3.445334
3.514891
3.620426
3.704053
3.804869
3.890740
3.988966
4.057676
4.144938
4.199405
4.259579
4.295648
4.336756
4.344310
4.368435
4.359962
4.363190
3.289733
3.337736
3.437849
3.514182
3.613147
3.700785
3.806437
3.886219
3.988729
4.061996
4.141960
4.200844
4.263203
4.293684
4.336756
4.349603
4.365956
4.362547
3.283769
3.362477
3.442489
3.528979
3.628619
3.711353
3.817116
3.900588
3.992103
4.067611
4.148292
4.198661
4.263203
4.295648
4.332670
4.346869
4.368391
3.284448
3.343305
3.447512
3.514607
3.626562
3.708138
3.811823
3.896451
3.995563
4.061962
4.148292
4.200844
4.259579
4.295070
4.336213
4.345293
3.289864
3.360531
3.448539
3.536448
3.627552
3.721500
3.819495
3.900107
3.995563
4.067611
4.141960
4.199405
4.259168
4.289331
4.331906
3.287396
3.348678
3.446226
3.521519
3.631592
3.706129
3.819496
3.896451
3.992104
4.061996
4.144938
4.191546
4.257773
4.290271
3.286153
3.364989
3.450851
3.534001
3.631593
3.721501
3.811823
3.900589
3.988729
4.057676
4.136272
4.191857
4.245996
3.289297
3.345639
3.450852
3.521520
3.627553
3.708138
3.817115
3.886219
3.988966
4.051598
4.131179
4.182549
3.289300
3.364992
3.446228
3.536449
3.626562
3.711353
3.806437
3.890740
3.971793
4.047950
4.120244
3.286158
3.348679
3.448539
3.514606
3.628619
3.700784
3.804869
3.876484
3.974493
4.029051
3.287395
3.360529
3.447510
3.528978
3.613147
3.704053
3.791051
3.870500
3.953724
3.289860
3.343303
3.442488
3.514182
3.620427
3.684298
3.792584
3.853599
3.284447
3.362478
3.437850
3.514892
3.603802
3.685801
3.765251
3.283771
3.337738
3.445335
3.503152
3.603971
3.666074
3.289734
3.350197
3.424704
3.505128
3.582131
3.283055
3.342676
3.434539
3.483587
3.275012
3.338166
3.417113
3.296872
3.322503
3.280063
3.176601
3.108110
3.078863
3.013728
2.986635
2.923996
2.889464
2.825624
2.767890
2.680451
2.588956
2.446730
2.302115
2.114516
1.929041
1.745076
1.610771
1.497335
1.446931
1.416318
1.421813
1.415196
1.452090
1.484395
1.477237
1.492813
1.485075
1.501151
1.482031
1.485992
1.473634
1.464378
1.446135
1.443150
1.418066
1.421642
1.412680
1.430139
1.454236
1.522076
1.590888
1.719004
1.841334
1.993271
2.129563
2.266150
3.107961
3.107427
3.048544
3.043841
2.993309
2.987877
2.935702
2.929110
2.882031
2.863788
2.818326
2.796802
2.740512
2.713650
2.656502
2.614894
2.554473
2.514823
2.444649
2.404135
2.351524
2.316498
3.068674
3.043203
3.004573
2.983646
2.943403
2.924267
2.886550
2.857691
2.820343
2.787972
2.738290
2.699545
2.645483
2.590257
2.529602
2.473034
2.399243
2.340454
2.279516
2.215241
2.163394
3.014572
3.007806
2.952934
2.946669
2.896518
2.879207
2.831494
2.807674
2.748673
2.716277
2.651177
2.598756
2.525235
2.466354
2.376636
2.313720
2.232563
2.160131
2.094043
2.046459
2.978555
2.949635
2.912693
2.880848
2.844849
2.808698
2.759648
2.716471
2.657767
2.594119
2.523427
2.449062
2.358013
2.276556
2.188076
2.095972
2.021119
1.949818
1.883153
2.926637
2.911808
2.860801
2.838312
2.778782
2.747341
2.678380
2.623827
2.541527
2.470598
2.365143
2.281328
2.174138
2.075981
1.981618
1.901383
1.817144
1.767406
2.889678
2.848726
2.804204
2.759805
2.703395
2.638684
2.565227
2.482898
2.381157
2.282340
2.171881
2.055135
1.953796
1.853330
1.762277
1.694824
1.640193
2.828450
2.801626
2.733788
2.684721
2.602959
2.532225
2.420683
2.326868
2.200614
2.081750
1.960949
1.853605
1.744643
1.672910
1.603117
1.551578
2.774171
2.712738
2.647672
2.567368
2.469175
2.364244
2.243892
2.108434
1.984822
1.856053
1.741433
1.651079
1.577126
1.514622
1.486001
2.694530
2.633056
2.528744
2.440161
2.311434
2.182537
2.043092
1.908471
1.773070
1.674536
1.582485
1.518103
1.478633
1.450035
2.596488
2.502150
2.389096
2.251551
2.117670
1.963112
1.823098
1.698004
1.598683
1.514602
1.473424
1.434620
1.419291
2.474280
2.356883
2.216023
2.068616
1.908313
1.774439
1.646655
1.552530
1.490486
1.449627
1.424259
1.423268
2.324228
2.169980
2.013175
1.854800
1.713127
1.589048
1.513440
1.451779
1.423703
1.413587
1.416030
2.139738
1.986170
1.819783
1.680279
1.570577
1.492642
1.441413
1.428324
1.419055
1.427225
1.948863
1.780308
1.647717
1.532750
1.463163
1.426989
1.413347
1.411275
1.433363
1.767564
1.631642
1.523915
1.467417
1.427024
1.419826
1.429676
1.446962
1.608256
1.509664
1.444398
1.411486
1.415411
1.421679
1.443991
1.505914
1.451118
1.426728
1.423971
1.432134
1.465373
1.442383
1.410368
1.408160
1.430905
1.454051
1.420947
1.430077
1.438013
1.464774
1.408350
1.421533
1.458152
1.443502
1.463778
1.444814
3.222122
3.291511
3.311948
3.376209
3.411073
3.469765
3.517887
3.580672
3.626877
3.692331
3.743713
3.800356
3.849502
3.908224
3.944599
3.995795
4.033513
4.070674
4.095621
4.138611
4.149186
4.169386
4.187301
4.297123
4.284387
4.279149
4.274190
4.283827
4.282894
4.286713
4.301319
4.308124
4.318631
4.333068
4.347270
4.348900
4.368804
4.363940
4.369232
4.358861
4.357477
4.320607
4.322338
4.260262
4.259881
4.302303
4.296463
4.304868
4.298163
4.301702
4.308762
4.316089
4.317329
4.335186
4.339121
4.347575
4.357490
4.363863
4.358723
4.364697
4.352313
4.336155
4.322974
4.292169
4.257473
4.228491
4.335924
4.331294
4.329058
4.336005
4.336173
4.337957
4.347356
4.353643
4.352925
4.368260
4.365000
4.368740
4.365683
4.365568
4.340491
4.342475
4.302094
4.285314
4.242666
4.212397
4.342840
4.343547
4.346413
4.341646
4.352587
4.351677
4.353891
4.360982
4.363210
4.358667
4.364623
4.355797
4.344163
4.335934
4.313571
4.285217
4.261577
4.219938
4.175008
4.364686
4.361946
4.366357
4.367809
4.363046
4.372545
4.367661
4.367883
4.365869
4.364577
4.345301
4.347469
4.317138
4.302972
4.268922
4.245573
4.187829
4.170352
4.364341
4.361338
4.359971
4.363021
4.362227
4.355922
4.358797
4.351160
4.340065
4.334680
4.315825
4.294544
4.273397
4.242741
4.201143
4.171564
4.116458
4.363013
4.367719
4.362373
4.359706
4.356496
4.354227
4.337039
4.337957
4.313638
4.301716
4.273268
4.255991
4.205899
4.190875
4.126853
4.096819
4.344796
4.338040
4.338788
4.332082
4.320669
4.316220
4.300395
4.282626
4.264202
4.241708
4.203868
4.181744
4.132831
4.093760
4.045674
4.325489
4.322772
4.307967
4.308516
4.288794
4.277689
4.254932
4.241382
4.198667
4.187174
4.133008
4.106772
4.050430
4.015892
4.275180
4.272233
4.259151
4.244952
4.230133
4.212714
4.180498
4.164162
4.122448
4.090953
4.047627
4.006717
3.949234
4.232820
4.224348
4.207123
4.197167
4.162837
4.154302
4.109980
4.088856
4.040825
4.012614
3.949093
3.920706
4.162240
4.151096
4.125406
4.114175
4.081007
4.057189
4.020193
3.989349
3.938271
3.904510
3.847125
4.090191
4.086651
4.053856
4.038592
3.999493
3.979752
3.925426
3.903131
3.841813
3.807085
4.002572
3.986900
3.958654
3.939127
3.896171
3.872211
3.823709
3.785558
3.734691
3.920492
3.911455
3.868734
3.855423
3.805841
3.779240
3.724997
3.694721
3.815560
3.804168
3.768029
3.742346
3.700790
3.668979
3.614004
3.733226
3.719433
3.678397
3.658916
3.602734
3.580412
3.628524
3.614615
3.574111
3.551342
3.502825
3.548118
3.536585
3.490574
3.469726
3.452437
3.438783
3.394357
3.380669
3.374080
3.297522
3.155971
3.159930
3.100034
3.090827
3.044542
3.025779
2.987447
2.971135
2.928906
2.913396
2.875788
2.849720
2.813449
2.786435
2.740280
2.709095
2.664936
2.621350
2.574565
2.537163
2.484495
2.440345
2.401361
2.501135
2.583570
2.698193
2.750437
2.837787
2.870831
2.942772
2.976487
3.042018
3.084344
3.163759
3.212547
3.310884
3.377361
3.483623
3.565312
3.679582
3.755797
3.875637
3.936034
4.046216
4.089150
4.181159
3.242518
3.229406
3.307354
3.313920
3.394292
3.415518
3.488337
3.522167
3.598533
3.629746
3.707081
3.743643
3.810960
3.844913
3.913570
3.935595
3.995370
4.020374
4.066096
4.077766
4.132774
4.136885
3.157120
3.219786
3.238145
3.298241
3.321246
3.387248
3.423125
3.481606
3.527985
3.590162
3.632268
3.694711
3.741186
3.793189
3.835646
3.889669
3.919628
3.964258
3.999390
4.029605
4.058667
3.167088
3.161148
3.228140
3.238805
3.310692
3.322040
3.400589
3.423662
3.494938
3.526999
3.601880
3.629088
3.702914
3.734722
3.797609
3.824794
3.890833
3.905340
3.966732
3.984540
3.094959
3.152365
3.164233
3.216351
3.242657
3.300266
3.326262
3.389843
3.426427
3.482880
3.526559
3.586537
3.624355
3.682365
3.724998
3.771337
3.811683
3.859456
3.895488
3.098510
3.092480
3.161198
3.162834
3.227415
3.241224
3.312106
3.325069
3.401564
3.424387
3.493865
3.522301
3.595580
3.617269
3.689456
3.714626
3.780028
3.801392
3.041577
3.084439
3.094140
3.148259
3.165929
3.215520
3.243978
3.299776
3.326794
3.387415
3.423458
3.476558
3.517958
3.573802
3.610688
3.663632
3.708893
3.033368
3.037430
3.094246
3.091727
3.159004
3.164164
3.227467
3.242132
3.312265
3.324411
3.399434
3.419512
3.488365
3.511567
3.586007
3.604596
2.986069
3.019592
3.039111
3.081548
3.094900
3.146319
3.167106
3.214347
3.243660
3.297019
3.324274
3.381165
3.417381
3.467310
3.508616
2.979940
2.981759
3.030482
3.036266
3.093637
3.093136
3.159506
3.165489
3.228391
3.241723
3.311771
3.321460
3.395855
3.414277
2.929237
2.966928
2.984543
3.018403
3.039927
3.081243
3.096644
3.145601
3.167886
3.212867
3.242545
3.294063
3.320882
2.923661
2.925450
2.979523
2.982236
3.032587
3.038483
3.096383
3.095945
3.162046
3.167345
3.229625
3.241506
2.878539
2.912047
2.930198
2.968371
2.987115
3.020437
3.042614
3.082584
3.098816
3.146393
3.168374
2.862744
2.876640
2.927099
2.929253
2.984818
2.986838
3.038218
3.043315
3.100740
3.099178
2.820061
2.853588
2.884138
2.917127
2.935704
2.972934
2.991127
3.023946
3.045390
2.804192
2.821136
2.872552
2.885407
2.936348
2.937473
2.992596
2.992369
2.753430
2.799336
2.832130
2.864218
2.892739
2.923474
2.940600
2.734611
2.759816
2.823230
2.836320
2.886703
2.895571
2.687530
2.734866
2.775379
2.815084
2.842074
2.658774
2.701494
2.764797
2.782729
2.609721
2.666018
2.717783
2.589118
2.630612
2.537332
3.176600
3.108109
3.078862
3.013727
2.986635
2.923997
2.889468
2.825629
2.767894
2.680452
2.588953
2.446725
2.302109
2.114510
1.929037
1.745073
1.610768
1.497332
1.446929
1.416314
1.421809
1.415190
1.452084
1.484389
1.477230
1.492805
1.485066
1.501142
1.482025
1.485989
1.473633
1.464379
1.446138
1.443154
1.418072
1.421649
1.412688
1.430147
1.454244
1.522082
1.590892
1.719004
1.841329
1.993263
2.129553
2.266139
3.107961
3.107427
3.048543
3.043841
2.993310
2.987878
2.935701
2.929105
2.882024
2.863785
2.818329
2.796804
2.740507
2.713639
2.656492
2.614887
2.554467
2.514814
2.444638
2.404123
2.351512
2.316486
3.068673
3.043202
3.004572
2.983646
2.943404
2.924269
2.886549
2.857685
2.820334
2.787967
2.738291
2.699546
2.645476
2.590246
2.529591
2.473025
2.399234
2.340443
2.279504
2.215230
2.163383
3.014570
3.007804
2.952933
2.946668
2.896520
2.879210
2.831493
2.807666
2.748663
2.716271
2.651175
2.598753
2.525227
2.466343
2.376625
2.313710
2.232553
2.160121
2.094033
2.046450
2.978554
2.949632
2.912690
2.880847
2.844851
2.808701
2.759647
2.716463
2.657756
2.594112
2.523423
2.449057
2.358004
2.276545
2.188066
2.095963
2.021112
1.949811
1.883147
2.926635
2.911804
2.860796
2.838309
2.778783
2.747343
2.678379
2.623819
2.541517
2.470589
2.365136
2.281321
2.174129
2.075972
1.981611
1.901377
1.817141
1.767404
2.889677
2.848722
2.804197
2.759800
2.703393
2.638685
2.565224
2.482891
2.381147
2.282331
2.171874
2.055128
1.953790
1.853325
1.762275
1.694824
1.640195
2.828451
2.801622
2.733781
2.684714
2.602955
2.532223
2.420679
2.326861
2.200605
2.081742
1.960943
1.853601
1.744641
1.672910
1.603120
1.551582
2.774173
2.712735
2.647664
2.567360
2.469169
2.364239
2.243886
2.108427
1.984815
1.856048
1.741431
1.651079
1.577128
1.514627
1.486007
2.694533
2.633055
2.528738
2.440153
2.311427
2.182531
2.043086
1.908466
1.773066
1.674534
1.582486
1.518106
1.478638
1.450042
2.596490
2.502148
2.389091
2.251544
2.117663
1.963106
1.823094
1.698002
1.598682
1.514604
1.473427
1.434625
1.419297
2.474279
2.356881
2.216018
2.068610
1.908308
1.774435
1.646653
1.552530
1.490488
1.449630
1.424264
1.423274
2.324225
2.169976
2.013170
1.854796
1.713123
1.589046
1.513440
1.451781
1.423706
1.413591
1.416034
2.139733
1.986165
1.819779
1.680276
1.570575
1.492642
1.441414
1.428326
1.419057
1.427228
1.948858
1.780304
1.647715
1.532749
1.463163
1.426989
1.413348
1.411277
1.433365
1.767560
1.631639
1.523914
1.467416
1.427024
1.419826
1.429676
1.446962
1.608253
1.509662
1.444398
1.411487
1.415412
1.421677
1.443987
1.505912
1.451117
1.426728
1.423972
1.432131
1.465366
1.442381
1.410367
1.408160
1.430901
1.454041
1.420945
1.430076
1.438008
1.464762
1.408347
1.421526
1.458140
1.443496
1.463769
1.444806
3.222122
3.291511
3.311947
3.376208
3.411072
3.469764
3.517887
3.580671
3.626877
3.692331
3.743713
3.800356
3.849502
3.908225
3.944600
3.995796
4.033513
4.070675
4.095621
4.138612
4.149187
4.169388
4.187302
4.297123
4.284388
4.279149
4.274190
4.283828
4.282894
4.286714
4.301320
4.308125
4.318632
4.333069
4.347271
4.348901
4.368806
4.363942
4.369233
4.358863
4.357479
4.320608
4.322339
4.260263
4.259883
4.302303
4.296463
4.304868
4.298163
4.301703
4.308762
4.316090
4.317330
4.335187
4.339122
4.347576
4.357491
4.363864
4.358724
4.364699
4.352314
4.336157
4.322976
4.292170
4.257475
4.228492
4.335925
4.331294
4.329058
4.336005
4.336174
4.337958
4.347356
4.353644
4.352926
4.368260
4.365001
4.368741
4.365684
4.365569
4.340492
4.342477
4.302096
4.285315
4.242668
4.212398
4.342840
4.343547
4.346413
4.341647
4.352587
4.351678
4.353892
4.360983
4.363211
4.358668
4.364624
4.355798
4.344164
4.335935
4.313573
4.285219
4.261579
4.219939
4.175009
4.364686
4.361947
4.366358
4.367809
4.363046
4.372545
4.367662
4.367884
4.365870
4.364578
4.345302
4.347470
4.317139
4.302973
4.268923
4.245574
4.187830
4.170353
4.364341
4.361339
4.359972
4.363022
4.362227
4.355923
4.358798
4.351161
4.340066
4.334681
4.315826
4.294545
4.273398
4.242742
4.201144
4.171565
4.116459
4.363013
4.367719
4.362373
4.359707
4.356497
4.354228
4.337040
4.337958
4.313639
4.301717
4.273269
4.255992
4.205900
4.190876
4.126854
4.096820
4.344796
4.338040
4.338788
4.332082
4.320669
4.316220
4.300396
4.282627
4.264202
4.241709
4.203869
4.181744
4.132832
4.093760
4.045675
4.325489
4.322772
4.307967
4.308516
4.288794
4.277690
4.254933
4.241383
4.198668
4.187174
4.133009
4.106773
4.050431
4.015893
4.275180
4.272233
4.259151
4.244953
4.230133
4.212714
4.180498
4.164162
4.122449
4.090954
4.047627
4.006717
3.949235
4.232820
4.224348
4.207123
4.197167
4.162838
4.154303
4.109981
4.088856
4.040825
4.012615
3.949094
3.920706
4.162240
4.151096
4.125406
4.114175
4.081007
4.057189
4.020193
3.989349
3.938271
3.904510
3.847125
4.090190
4.086650
4.053856
4.038592
3.999493
3.979752
3.925426
3.903131
3.841813
3.807085
4.002571
3.986900
3.958654
3.939127
3.896171
3.872210
3.823709
3.785557
3.734691
3.920491
3.911454
3.868734
3.855423
3.805841
3.779240
3.724997
3.694721
3.815560
3.804167
3.768028
3.742346
3.700790
3.668978
3.614004
3.733225
3.719432
3.678396
3.658916
3.602734
3.580411
3.628523
3.614614
3.574110
3.551341
3.502824
3.548117
3.536585
3.490574
3.469725
3.452436
3.438783
3.394356
3.380668
3.374080
3.297522
3.155970
3.159930
3.100033
3.090826
3.044542
3.025780
2.987447
2.971131
2.928901
2.913394
2.875791
2.849724
2.813445
2.786424
2.740271
2.709090
2.664932
2.621343
2.574555
2.537152
2.484485
2.440335
2.401351
2.501124
2.583562
2.698187
2.750432
2.837784
2.870829
2.942771
2.976487
3.042019
3.084345
3.163759
3.212548
3.310885
3.377361
3.483624
3.565313
3.679582
3.755798
3.875637
3.936034
4.046218
4.089151
4.181160
3.242518
3.229405
3.307354
3.313920
3.394291
3.415517
3.488336
3.522166
3.598532
3.629746
3.707081
3.743643
3.810960
3.844913
3.913570
3.935596
3.995371
4.020375
4.066097
4.077767
4.132776
4.136887
3.157119
3.219785
3.238144
3.298241
3.321246
3.387248
3.423125
3.481606
3.527985
3.590162
3.632268
3.694711
3.741186
3.793190
3.835646
3.889669
3.919629
3.964259
3.999391
4.029606
4.058668
3.167088
3.161148
3.228140
3.238805
3.310692
3.322040
3.400588
3.423661
3.494939
3.526999
3.601880
3.629088
3.702914
3.734722
3.797610
3.824795
3.890834
3.905341
3.966733
3.984541
3.094960
3.152365
3.164232
3.216350
3.242657
3.300266
3.326262
3.389843
3.426427
3.482880
3.526559
3.586537
3.624355
3.682365
3.724998
3.771338
3.811684
3.859457
3.895489
3.098510
3.092480
3.161197
3.162833
3.227415
3.241224
3.312106
3.325069
3.401564
3.424387
3.493865
3.522301
3.595580
3.617270
3.689456
3.714627
3.780029
3.801392
3.041577
3.084438
3.094139
3.148258
3.165929
3.215521
3.243978
3.299775
3.326794
3.387415
3.423459
3.476559
3.517958
3.573803
3.610689
3.663633
3.708893
3.033366
3.037427
3.094245
3.091728
3.159005
3.164164
3.227466
3.242131
3.312266
3.324412
3.399435
3.419513
3.488365
3.511567
3.586008
3.604597
2.986066
3.019591
3.039113
3.081549
3.094900
3.146318
3.167105
3.214348
3.243661
3.297019
3.324275
3.381165
3.417381
3.467311
3.508616
2.979939
2.981761
3.030484
3.036265
3.093635
3.093135
3.159506
3.165490
3.228392
3.241723
3.311771
3.321461
3.395856
3.414277
2.929240
2.966931
2.984542
3.018400
3.039924
3.081242
3.096645
3.145602
3.167886
3.212867
3.242545
3.294064
3.320883
2.923665
2.925448
2.979518
2.982232
3.032586
3.038485
3.096383
3.095945
3.162045
3.167345
3.229626
3.241507
2.878536
2.912040
2.930193
2.968370
2.987116
3.020439
3.042614
3.082582
3.098816
3.146393
3.168375
2.862735
2.876633
2.927098
2.929255
2.984819
2.986837
3.038216
3.043314
3.100740
3.099179
2.820053
2.853586
2.884139
2.917127
2.935702
2.972931
2.991125
3.023946
3.045391
2.804188
2.821136
2.872552
2.885404
2.936344
2.937470
2.992596
2.992369
2.753429
2.799334
2.832125
2.864213
2.892735
2.923472
2.940600
2.734606
2.759809
2.823223
2.836315
2.886700
2.895570
2.687522
2.734858
2.775373
2.815080
2.842071
2.658764
2.701486
2.764791
2.782725
2.609712
2.666011
2.717777
2.589108
2.630604
2.537323
3.155971
3.159930
3.100034
3.090827
3.044543
3.025782
2.987450
2.971132
2.928898
2.913390
2.875792
2.849731
2.813452
2.786424
2.740266
2.709087
2.664934
2.621346
2.574556
2.537152
2.484485
2.440335
2.401351
1.444814
1.463778
1.458152
1.464774
1.454051
1.465374
1.443994
1.446967
1.433369
1.427233
1.416038
1.423277
1.419301
1.450045
1.486010
1.551585
1.640197
1.767405
1.883148
2.046450
2.163384
2.316487
1.443500
1.421529
1.438006
1.430896
1.432127
1.421676
1.429677
1.411279
1.419060
1.413594
1.424268
1.434629
1.478642
1.514629
1.603122
1.694826
1.817142
1.949812
2.094034
2.215230
2.351512
1.408346
1.430070
1.408150
1.423961
1.415404
1.419823
1.413348
1.428328
1.423709
1.449633
1.473430
1.518110
1.577131
1.672912
1.762276
1.901378
2.021113
2.160122
2.279504
2.404123
1.420943
1.410361
1.426720
1.411480
1.427020
1.426987
1.441415
1.451782
1.490490
1.514607
1.582489
1.651081
1.744643
1.853327
1.981612
2.095964
2.232554
2.340445
2.444639
1.442378
1.451113
1.444393
1.467413
1.463160
1.492641
1.513440
1.552532
1.598684
1.674536
1.741433
1.853603
1.953792
2.075973
2.188066
2.313710
2.399235
2.514816
1.505909
1.509659
1.523911
1.532747
1.570574
1.589046
1.646654
1.698003
1.773068
1.856049
1.960944
2.055130
2.174131
2.276545
2.376623
2.473024
2.554469
1.608251
1.631637
1.647713
1.680275
1.713123
1.774435
1.823095
1.908467
1.984816
2.081742
2.171874
2.281323
2.358007
2.466343
2.529588
2.614885
1.767559
1.780303
1.819778
1.854796
1.908308
1.963106
2.043087
2.108429
2.200605
2.282330
2.365136
2.449060
2.525230
2.590245
2.656488
1.948857
1.986165
2.013171
2.068611
2.117662
2.182531
2.243888
2.326863
2.381146
2.470586
2.523423
2.598758
2.645481
2.713638
2.139732
2.169977
2.216020
2.251544
2.311426
2.364239
2.420683
2.482894
2.541515
2.594107
2.651175
2.699552
2.740513
2.324223
2.356883
2.389094
2.440153
2.469167
2.532224
2.565229
2.623823
2.657753
2.716265
2.738291
2.796811
2.474279
2.502153
2.528741
2.567358
2.602951
2.638687
2.678385
2.716466
2.748659
2.787961
2.818329
2.596492
2.633061
2.647666
2.684709
2.703390
2.747347
2.759654
2.807669
2.820329
2.863779
2.694539
2.712742
2.733780
2.759795
2.778781
2.808705
2.831500
2.857686
2.882020
2.774181
2.801627
2.804195
2.838304
2.844850
2.879214
2.886554
2.929106
2.828458
2.848724
2.860793
2.880844
2.896520
2.924273
2.935705
2.889682
2.911804
2.912688
2.946667
2.943405
2.987881
2.926638
2.949632
2.952932
2.983645
2.993311
2.978555
3.007804
3.004571
3.043842
3.014571
3.043202
3.048544
3.068674
3.107428
3.107961
3.280100
3.326457
3.418336
3.477838
3.582875
3.655939
3.764732
3.846935
3.946577
4.025705
4.115928
4.172634
4.247328
4.284860
4.328037
4.346181
4.367604
4.357782
4.365142
4.341639
4.335306
4.300772
4.287922
4.259878
4.235368
4.244099
4.241860
4.241402
4.236989
4.253617
4.254583
4.267494
4.281312
4.299326
4.306421
4.332158
4.339620
4.352443
4.360849
4.366924
4.356102
4.357659
4.334359
4.314330
4.287799
4.248049
3.297523
3.374081
3.394357
3.469726
3.502825
3.580412
3.614005
3.694722
3.734691
3.807085
3.847125
3.920706
3.949235
4.015893
4.045675
4.096820
4.116459
4.170354
4.175009
4.212398
4.228492
4.259883
3.380669
3.438783
3.490574
3.551342
3.602734
3.668979
3.724998
3.785558
3.841814
3.904510
3.949094
4.006718
4.050431
4.093761
4.126854
4.171565
4.187830
4.219939
4.242668
4.257475
4.260263
3.452437
3.536585
3.574111
3.658916
3.700790
3.779240
3.823709
3.903132
3.938271
4.012615
4.047628
4.106773
4.132832
4.190876
4.201145
4.245575
4.261579
4.285315
4.292170
4.322340
3.548118
3.614615
3.678397
3.742346
3.805841
3.872211
3.925427
3.989349
4.040825
4.090954
4.133009
4.181745
4.205900
4.242743
4.268923
4.285219
4.302096
4.322976
4.320608
3.628524
3.719433
3.768029
3.855424
3.896171
3.979752
4.020193
4.088856
4.122449
4.187175
4.203869
4.255992
4.273398
4.302973
4.313573
4.342477
4.336157
4.357479
3.733225
3.804168
3.868734
3.939127
3.999493
4.057190
4.109981
4.164163
4.198668
4.241709
4.273269
4.294546
4.317139
4.335936
4.340493
4.352315
4.358863
3.815560
3.911455
3.958655
4.038592
4.081008
4.154303
4.180499
4.241383
4.264203
4.301717
4.315826
4.347471
4.344165
4.365569
4.364699
4.369234
3.920492
3.986900
4.053856
4.114176
4.162838
4.212714
4.254933
4.282627
4.313639
4.334681
4.345303
4.355798
4.365685
4.358724
4.363942
4.002572
4.086651
4.125407
4.197167
4.230134
4.277690
4.300396
4.337958
4.340066
4.364578
4.364625
4.368742
4.363864
4.368806
4.090191
4.151096
4.207124
4.244953
4.288795
4.316221
4.337040
4.351161
4.365870
4.358669
4.365001
4.357491
4.348901
4.162240
4.224349
4.259152
4.308517
4.320670
4.354228
4.358799
4.367884
4.363211
4.368261
4.347576
4.347272
4.232821
4.272233
4.307967
4.332082
4.356497
4.355923
4.367662
4.360983
4.352926
4.339122
4.333069
4.275181
4.322773
4.338789
4.359707
4.362228
4.372546
4.353892
4.353644
4.335187
4.318632
4.325489
4.338040
4.362373
4.363022
4.363046
4.351678
4.347356
4.317330
4.308125
4.344797
4.367720
4.359972
4.367810
4.352588
4.337958
4.316090
4.301320
4.363013
4.361339
4.366358
4.341647
4.336174
4.308763
4.286714
4.364341
4.361947
4.346413
4.336005
4.301703
4.282894
4.364686
4.343547
4.329058
4.298163
4.283828
4.342841
4.331294
4.304868
4.274190
4.335925
4.296463
4.279149
4.302303
4.284388
4.297123
3.222122
3.291512
3.311948
3.376209
3.411073
3.469765
3.517887
3.580672
3.626878
3.692332
3.743714
3.800356
3.849502
3.908225
3.944600
3.995796
4.033514
4.070675
4.095622
4.138613
4.149187
4.169388
4.187302
2.537323
2.630605
2.717777
2.782726
2.842072
2.895571
2.940600
2.992370
3.045391
3.099179
3.168375
3.241507
3.320883
3.414278
3.508616
3.604597
3.708893
3.801393
3.895489
3.984541
4.058668
4.136887
2.589109
2.666011
2.764791
2.815080
2.886700
2.923472
2.992595
3.023946
3.100740
3.146393
3.229626
3.294064
3.395856
3.467311
3.586008
3.663633
3.780029
3.859457
3.966733
4.029606
4.132776
2.609711
2.701485
2.775372
2.836314
2.892734
2.937469
2.991124
3.043313
3.098815
3.167345
3.242545
3.321461
3.417381
3.511567
3.610689
3.714627
3.811684
3.905341
3.999391
4.077767
2.658763
2.734857
2.823222
2.864212
2.936344
2.972931
3.038216
3.082582
3.162046
3.212867
3.311772
3.381166
3.488366
3.573803
3.689456
3.771338
3.890834
3.964259
4.066097
2.687523
2.759811
2.832127
2.885406
2.935704
2.986839
3.042615
3.095946
3.167887
3.241724
3.324275
3.419513
3.517958
3.617270
3.724998
3.824795
3.919629
4.020375
2.734610
2.799338
2.872556
2.917131
2.984822
3.020441
3.096385
3.145604
3.228393
3.297020
3.399435
3.476560
3.595581
3.682365
3.797610
3.889670
3.995371
2.753431
2.821138
2.884141
2.929257
2.987117
3.038486
3.096646
3.165491
3.243661
3.324412
3.423459
3.522301
3.624356
3.734723
3.835647
3.935597
2.804185
2.853582
2.927095
2.968368
3.032585
3.081242
3.159506
3.214348
3.312266
3.387415
3.493866
3.586537
3.702914
3.793190
3.913570
2.820048
2.876628
2.930189
2.982229
3.039923
3.093134
3.167105
3.242131
3.326794
3.424387
3.526559
3.629089
3.741187
3.844914
2.862735
2.912040
2.979518
3.018400
3.093636
3.146319
3.227467
3.299776
3.401565
3.482881
3.601881
3.694711
3.810961
2.878542
2.925454
2.984546
3.036268
3.094902
3.164165
3.243979
3.325070
3.426427
3.526999
3.632269
3.743643
2.923671
2.966936
3.030488
3.081552
3.159007
3.215523
3.312107
3.389844
3.494939
3.590162
3.707082
2.929241
2.981762
3.039114
3.091729
3.165930
3.241225
3.326263
3.423662
3.527985
3.629746
2.979936
3.019589
3.094244
3.148258
3.227415
3.300266
3.400589
3.481607
3.598533
2.986063
3.037426
3.094139
3.162833
3.242657
3.322040
3.423125
3.522167
3.033367
3.084438
3.161198
3.216351
3.310693
3.387249
3.488337
3.041579
3.092481
3.164234
3.238806
3.321247
3.415518
3.098512
3.152366
3.228141
3.298242
3.394292
3.094960
3.161149
3.238145
3.313921
3.167088
3.219786
3.307355
3.157120
3.229406
3.242519
1.484391
1.477234
1.492811
1.485073
1.501149
1.482029
1.485991
1.473633
1.464376
1.446134
1.443149
1.418066
1.421642
1.412680
1.430139
1.454236
1.522076
1.590888
1.719004
1.841334
1.993271
2.129563
2.266150
1.526430
1.511097
1.538571
1.522096
1.531020
1.524358
1.517331
1.500705
1.497029
1.467919
1.460394
1.436742
1.425987
1.414359
1.427956
1.437345
1.501282
1.569613
1.686259
1.812846
1.975732
2.110035
1.558746
1.549503
1.562688
1.565184
1.562257
1.549378
1.551122
1.522816
1.516118
1.489591
1.472374
1.445391
1.435653
1.409962
1.422252
1.430131
1.482667
1.549713
1.674140
1.797046
1.975732
1.581767
1.599960
1.601501
1.595487
1.604957
1.582219
1.578369
1.556959
1.538006
1.510110
1.492472
1.456522
1.443575
1.420001
1.418181
1.428987
1.481116
1.542753
1.674140
1.812846
1.625611
1.620514
1.644811
1.626210
1.629711
1.613966
1.600357
1.573760
1.559834
1.519896
1.502894
1.465531
1.444982
1.418707
1.421738
1.420569
1.481116
1.549713
1.686259
1.666348
1.663877
1.669918
1.667882
1.658541
1.639439
1.629086
1.593603
1.575016
1.538490
1.509291
1.473643
1.452319
1.418871
1.421738
1.428987
1.482667
1.569613
1.692390
1.695959
1.701605
1.685387
1.687263
1.655140
1.643264
1.607957
1.582014
1.541835
1.517060
1.468698
1.452319
1.418707
1.418181
1.430131
1.501282
1.725365
1.724148
1.731708
1.713316
1.703770
1.679034
1.654104
1.619380
1.591273
1.544288
1.517060
1.473643
1.444982
1.420000
1.422251
1.437345
1.754764
1.742956
1.748107
1.728673
1.716251
1.682814
1.663159
1.615725
1.591273
1.541835
1.509290
1.465531
1.443574
1.409961
1.427956
1.772622
1.768924
1.762056
1.741951
1.725879
1.688537
1.663159
1.619380
1.582014
1.538490
1.502894
1.456522
1.435653
1.414359
1.786686
1.773158
1.771788
1.739181
1.725879
1.682814
1.654103
1.607957
1.575015
1.519895
1.492472
1.445391
1.425986
1.796384
1.780407
1.771788
1.741950
1.716251
1.679033
1.643263
1.593602
1.559834
1.510109
1.472373
1.436742
1.796384
1.773157
1.762056
1.728673
1.703770
1.655140
1.629086
1.573759
1.538005
1.489591
1.460393
1.786686
1.768924
1.748106
1.713315
1.687262
1.639438
1.600356
1.556959
1.516117
1.467918
1.772622
1.742956
1.731707
1.685387
1.658540
1.613966
1.578367
1.522815
1.497028
1.754765
1.724146
1.701605
1.667881
1.629711
1.582218
1.551121
1.500704
1.725364
1.695959
1.669917
1.626209
1.604956
1.549376
1.517330
1.692390
1.663876
1.644811
1.595486
1.562255
1.524356
1.666347
1.620513
1.601499
1.565182
1.531018
1.625610
1.599958
1.562687
1.522094
1.581765
1.549501
1.538568
1.558743
1.511094
1.526427
1.497171
1.512025
1.571343
1.605685
1.637101
1.670726
1.712821
1.730732
1.760494
1.776164
1.790613
1.787734
1.790614
1.776164
1.760494
1.730733
1.712822
1.670726
1.637102
1.605687
1.571345
1.512029
1.497176
1.484396
1.477239
1.492817
1.485081
1.501157
1.482038
1.485999
1.473640
1.464384
1.446142
1.443158
1.418075
1.421652
1.412691
1.430150
1.454246
1.522084
1.590893
1.719005
1.841330
1.993263
2.129553
2.266139
1.526426
1.511092
1.538566
1.522091
1.531016
1.524356
1.517331
1.500706
1.497031
1.467922
1.460398
1.436748
1.425994
1.414367
1.427966
1.437354
1.501290
1.569618
1.686260
1.812842
1.975725
2.110025
1.558743
1.549501
1.562687
1.565183
1.562256
1.549378
1.551123
1.522818
1.516121
1.489595
1.472379
1.445398
1.435661
1.409971
1.422261
1.430140
1.482676
1.549718
1.674142
1.797043
1.975725
1.581765
1.599958
1.601500
1.595487
1.604958
1.582220
1.578370
1.556962
1.538010
1.510114
1.492478
1.456529
1.443583
1.420010
1.418191
1.428997
1.481126
1.542759
1.674142
1.812843
1.625610
1.620514
1.644812
1.626211
1.629713
1.613968
1.600359
1.573762
1.559838
1.519901
1.502900
1.465538
1.444991
1.418717
1.421749
1.420580
1.481126
1.549719
1.686261
1.666348
1.663876
1.669919
1.667882
1.658542
1.639440
1.629089
1.593605
1.575020
1.538495
1.509297
1.473650
1.452328
1.418882
1.421749
1.428997
1.482677
1.569619
1.692390
1.695960
1.701606
1.685388
1.687264
1.655142
1.643266
1.607960
1.582018
1.541841
1.517066
1.468706
1.452328
1.418718
1.418192
1.430142
1.501291
1.725365
1.724147
1.731708
1.713316
1.703771
1.679035
1.654106
1.619383
1.591278
1.544294
1.517066
1.473651
1.444992
1.420011
1.422263
1.437356
1.754765
1.742956
1.748107
1.728674
1.716252
1.682816
1.663162
1.615729
1.591278
1.541841
1.509298
1.465539
1.443584
1.409973
1.427968
1.772622
1.768925
1.762057
1.741951
1.725880
1.688539
1.663162
1.619383
1.582019
1.538496
1.502901
1.456531
1.435663
1.414370
1.786686
1.773158
1.771789
1.739182
1.725880
1.682816
1.654106
1.607960
1.575021
1.519902
1.492480
1.445400
1.425997
1.796384
1.780407
1.771788
1.741952
1.716252
1.679036
1.643267
1.593606
1.559839
1.510116
1.472382
1.436751
1.796384
1.773158
1.762056
1.728675
1.703771
1.655143
1.629089
1.573764
1.538012
1.489598
1.460401
1.786686
1.768924
1.748107
1.713317
1.687264
1.639441
1.600360
1.556964
1.516124
1.467926
1.772622
1.742956
1.731709
1.685388
1.658543
1.613969
1.578373
1.522822
1.497035
1.754765
1.724148
1.701606
1.667883
1.629714
1.582223
1.551127
1.500711
1.725366
1.695960
1.669919
1.626212
1.604960
1.549383
1.517338
1.692391
1.663878
1.644813
1.595490
1.562261
1.524364
1.666349
1.620515
1.601503
1.565187
1.531026
1.625612
1.599961
1.562691
1.522101
1.581768
1.549505
1.538574
1.558746
1.511099
1.526432
4.245322
4.195124
4.178420
4.124675
4.102830
4.042127
4.019641
3.971112
3.942801
3.910718
3.905493
3.883370
3.905492
3.910718
3.942802
3.971111
4.019641
4.042127
4.102830
4.124675
4.178420
4.195124
4.245323
4.259878
4.235368
4.244099
4.241859
4.241402
4.236989
4.253617
4.254582
4.267493
4.281312
4.299325
4.306420
4.332157
4.339619
4.352442
4.360847
4.366922
4.356100
4.357657
4.334358
4.314328
4.287798
4.248047
4.231390
4.230659
4.210566
4.211451
4.215351
4.218051
4.221371
4.238603
4.250772
4.262405
4.287556
4.301463
4.320115
4.337293
4.355787
4.355359
4.373619
4.360438
4.362365
4.335335
4.326630
4.276570
4.191167
4.168886
4.180512
4.165829
4.172354
4.178397
4.192789
4.196801
4.226060
4.237499
4.262316
4.282540
4.309994
4.319225
4.349164
4.352160
4.365380
4.361311
4.363115
4.337950
4.326630
4.157543
4.152076
4.133996
4.146232
4.143258
4.150630
4.168719
4.184575
4.201839
4.228729
4.254036
4.272919
4.305336
4.322219
4.343535
4.354435
4.369954
4.358933
4.363115
4.335335
4.114438
4.099534
4.103336
4.089195
4.112223
4.113553
4.135001
4.153815
4.185227
4.200221
4.241250
4.260837
4.293119
4.313518
4.344090
4.346133
4.369954
4.361311
4.362365
4.078441
4.068396
4.066144
4.072196
4.073986
4.098532
4.117054
4.138820
4.172588
4.201387
4.229792
4.262901
4.294907
4.313724
4.344090
4.354435
4.365380
4.360438
4.040979
4.021191
4.025350
4.028094
4.051198
4.057945
4.098784
4.118865
4.156038
4.186086
4.229249
4.249450
4.294907
4.313518
4.343535
4.352160
4.373619
3.996089
3.998343
3.996698
4.005757
4.028299
4.055466
4.080295
4.120158
4.155713
4.187571
4.229250
4.262901
4.293119
4.322219
4.349164
4.355359
3.965877
3.948883
3.970862
3.977110
4.006610
4.033287
4.078223
4.101899
4.155713
4.186086
4.229792
4.260837
4.305336
4.319225
4.355787
3.936397
3.939353
3.944673
3.974431
4.002715
4.035099
4.078223
4.120158
4.156038
4.201387
4.241250
4.272919
4.309994
4.337292
3.909856
3.913045
3.939431
3.953232
4.002715
4.033286
4.080295
4.118865
4.172588
4.200221
4.254036
4.282540
4.320115
3.903901
3.913039
3.939432
3.974431
4.006610
4.055466
4.098784
4.138820
4.185227
4.228729
4.262317
4.301463
3.903901
3.913045
3.944673
3.977111
4.028298
4.057945
4.117054
4.153815
4.201839
4.237499
4.287556
3.909855
3.939354
3.970861
4.005758
4.051198
4.098533
4.135001
4.184575
4.226060
4.262405
3.936398
3.948882
3.996698
4.028093
4.073986
4.113553
4.168719
4.196801
4.250772
3.965876
3.998343
4.025350
4.072196
4.112223
4.150630
4.192789
4.238603
3.996089
4.021191
4.066144
4.089196
4.143258
4.178397
4.221372
4.040979
4.068395
4.103336
4.146232
4.172355
4.218051
4.078441
4.099534
4.133996
4.165830
4.215351
4.114438
4.152076
4.180513
4.211451
4.157543
4.168886
4.210566
4.191167
4.230659
4.231390
4.259878
4.235368
4.244099
4.241859
4.241402
4.236989
4.253617
4.254583
4.267494
4.281312
4.299326
4.306421
4.332158
4.339620
4.352443
4.360848
4.366924
4.356102
4.357659
4.334359
4.314330
4.287799
4.248049
4.231390
4.230659
4.210566
4.211451
4.215351
4.218051
4.221372
4.238604
4.250772
4.262406
4.287557
4.301464
4.320117
4.337294
4.355788
4.355360
4.373621
4.360440
4.362367
4.335336
4.326631
4.276572
4.191167
4.168886
4.180513
4.165830
4.172355
4.178398
4.192789
4.196802
4.226061
4.237500
4.262318
4.282541
4.309995
4.319226
4.349165
4.352161
4.365382
4.361313
4.363116
4.337951
4.326631
4.157543
4.152076
4.133996
4.146232
4.143258
4.150631
4.168719
4.184575
4.201840
4.228730
4.254037
4.272920
4.305337
4.322221
4.343536
4.354436
4.369955
4.358935
4.363116
4.335336
4.114438
4.099534
4.103336
4.089196
4.112223
4.113553
4.135001
4.153816
4.185227
4.200222
4.241251
4.260838
4.293120
4.313520
4.344091
4.346135
4.369955
4.361313
4.362366
4.078441
4.068395
4.066144
4.072196
4.073986
4.098533
4.117054
4.138820
4.172588
4.201387
4.229793
4.262902
4.294908
4.313725
4.344091
4.354436
4.365382
4.360440
4.040979
4.021191
4.025350
4.028093
4.051197
4.057945
4.098784
4.118865
4.156038
4.186086
4.229250
4.249451
4.294908
4.313519
4.343536
4.352161
4.373621
3.996089
3.998343
3.996697
4.005757
4.028298
4.055466
4.080295
4.120158
4.155713
4.187571
4.229250
4.262902
4.293120
4.322220
4.349165
4.355360
3.965876
3.948881
3.970860
3.977109
4.006609
4.033285
4.078223
4.101899
4.155713
4.186086
4.229793
4.260838
4.305337
4.319226
4.355788
3.936397
3.939353
3.944672
3.974430
4.002714
4.035098
4.078223
4.120158
4.156038
4.201387
4.241251
4.272920
4.309995
4.337294
3.909854
3.913044
3.939430
3.953230
4.002714
4.033286
4.080294
4.118865
4.172588
4.200222
4.254037
4.282541
4.320117
3.903900
3.913038
3.939430
3.974430
4.006609
4.055466
4.098784
4.138820
4.185228
4.228730
4.262318
4.301464
3.903901
3.913044
3.944672
3.977109
4.028298
4.057945
4.117054
4.153816
4.201840
4.237500
4.287557
3.909855
3.939352
3.970861
4.005757
4.051198
4.098532
4.135001
4.184575
4.226061
4.262406
3.936396
3.948882
3.996697
4.028093
4.073986
4.113553
4.168719
4.196802
4.250772
3.965876
3.998342
4.025350
4.072196
4.112223
4.150630
4.192789
4.238603
3.996089
4.021191
4.066144
4.089195
4.143258
4.178398
4.221372
4.040979
4.068395
4.103336
4.146232
4.172355
4.218051
4.078441
4.099534
4.133996
4.165829
4.215351
4.114438
4.152076
4.180512
4.211451
4.157543
4.168886
4.210566
4.191167
4.230659
4.231390

