Tension at each vertex
-3.593930
-3.593934
-3.592126
-3.592129
-6.026423
-3.204348
-6.026422
-3.204344
-4.964812
-4.962208
-2.926687
-2.921522
-4.313755
-4.051888
-4.364479
-4.152855
-4.519346
-4.280094
-4.678569
-4.497320
-4.916586
-4.806273
-5.268315
-5.216419
-5.702398
-5.651498
-6.086628
-5.977790
-6.320359
-6.124662
-6.419418
-6.154818
-6.393273
-6.182237
-6.423012
-4.564102
-5.031220
-4.766420
-5.022273
-4.862731
-5.114532
-4.987176
-5.258895
-5.193208
-5.493753
-5.497239
-5.823584
-5.863560
-6.176254
-6.188749
-6.418088
-6.382478
-6.518149
-6.438650
-6.528092
-6.458271
-6.381873
-4.400040
-4.031265
-4.469039
-4.164683
-4.563989
-4.319355
-4.731449
-4.542336
-4.986242
-4.865555
-5.347648
-5.283840
-5.771250
-5.697343
-6.136973
-5.989309
-6.345893
-6.129042
-6.434920
-6.142768
-6.458403
-4.582491
-5.018829
-4.703465
-5.054488
-4.821275
-5.137111
-4.968848
-5.287939
-5.191742
-5.533034
-5.504051
-5.860383
-5.874952
-6.195378
-6.187193
-6.425659
-6.368261
-6.513506
-6.434779
-6.528054
-4.521663
-4.005403
-4.536442
-4.157352
-4.621160
-4.330341
-4.788245
-4.569573
-5.046533
-4.905068
-5.414639
-5.320462
-5.827007
-5.721663
-6.169807
-5.994761
-6.368442
-6.129063
-6.438797
-4.511736
-5.062963
-4.636993
-5.086581
-4.778857
-5.161663
-4.941515
-5.315515
-5.175285
-5.554384
-5.494068
-5.879966
-5.861798
-6.203082
-6.169667
-6.425592
-6.345731
-6.518136
-4.517594
-4.002606
-4.592365
-4.139975
-4.676708
-4.333693
-4.836992
-4.579117
-5.101466
-4.924260
-5.463731
-5.334123
-5.862003
-5.721663
-6.187351
-5.989452
-6.382530
-4.542511
-5.036558
-4.616142
-5.109130
-4.737697
-5.184436
-4.914171
-5.329680
-5.143869
-5.563295
-5.463608
-5.879877
-5.826836
-6.195363
-6.136671
-6.418096
-4.504925
-4.043942
-4.591965
-4.149970
-4.716639
-4.324169
-4.877283
-4.583604
-5.144071
-4.924254
-5.494234
-5.320628
-5.874966
-5.697581
-6.188822
-4.527377
-5.022256
-4.625277
-5.093539
-4.721520
-5.198480
-4.877195
-5.329578
-5.101316
-5.554386
-5.414321
-5.860405
-5.771014
-6.176058
-4.529208
-4.039414
-4.601061
-4.169122
-4.721664
-4.324160
-4.914318
-4.579302
-5.175276
-4.905361
-5.504148
-5.283995
-5.863733
-4.519227
-5.036232
-4.600978
-5.093462
-4.716543
-5.184434
-4.836675
-5.315554
-5.046305
-5.532845
-5.347501
-5.823491
-4.519279
-4.039435
-4.625395
-4.150113
-4.737640
-4.334017
-4.941584
-4.569730
-5.191921
-4.865896
-5.497140
-4.529164
-5.022218
-4.591701
-5.109228
-4.676477
-5.161460
-4.788119
-5.287851
-4.985792
-5.493824
-4.527305
-4.044293
-4.616101
-4.140116
-4.779047
-4.330685
-4.968702
-4.542944
-5.193188
-4.504658
-5.036406
-4.592332
-5.086471
-4.620682
-5.137229
-4.731076
-5.258609
-4.542680
-4.002863
-4.636777
-4.158038
-4.821208
-4.319657
-4.987398
-4.517195
-5.063196
-4.536032
-5.054166
-4.563893
-5.114355
-4.511463
-4.005703
-4.703727
-4.165194
-4.862427
-4.521730
-5.018578
-4.468371
-5.022492
-4.582075
-4.032388
-4.766190
-4.399441
-5.030732
-4.564394
-5.113956
-3.989481
-5.044071
-3.850781
-5.014904
-3.936838
-4.960099
-3.946179
-4.973994
-3.947649
-4.956042
-3.967720
-4.956061
-3.947579
-4.973845
-3.945996
-4.960279
-3.936080
-5.015146
-3.850399
-5.043702
-3.988940
-5.114401
-4.263467
-3.935492
-4.169865
-3.877210
-4.141829
-3.779292
-4.035115
-3.675588
-3.884142
-3.524823
-3.710600
-3.357101
-3.547371
-3.226671
-3.437138
-3.162539
-3.409604
-3.154192
-3.439757
-3.198217
-3.464680
-3.281415
-3.591914
-4.495458
-4.893707
-4.549175
-4.722028
-4.452409
-4.588847
-4.299328
-4.402215
-4.108009
-4.173745
-3.882572
-3.933095
-3.664848
-3.734481
-3.517344
-3.611487
-3.455129
-3.575850
-3.446531
-3.590192
-3.515427
-3.531739
-4.334511
-3.900704
-4.252765
-3.862364
-4.149867
-3.779845
-4.034726
-3.660094
-3.880046
-3.506492
-3.703960
-3.348279
-3.549602
-3.221720
-3.453426
-3.165203
-3.418751
-3.164753
-3.454445
-3.177123
-3.515464
-4.506524
-4.873345
-4.474400
-4.735730
-4.387784
-4.578893
-4.242594
-4.382786
-4.050379
-4.149414
-3.827087
-3.907053
-3.625497
-3.719075
-3.489491
-3.611014
-3.443190
-3.563060
-3.454999
-3.590042
-4.457086
-3.862912
-4.310398
-3.838130
-4.185957
-3.763346
-4.054490
-3.644444
-3.890702
-3.493463
-3.717912
-3.340141
-3.562808
-3.222610
-3.471994
-3.159947
-3.443273
-3.164479
-3.446119
-4.432883
-4.916271
-4.398668
-4.758197
-4.328924
-4.581813
-4.189275
-4.377519
-3.999093
-4.133079
-3.778801
-3.895317
-3.590792
-3.709667
-3.472481
-3.610857
-3.418816
-3.576282
-4.449654
-3.853612
-4.359598
-3.807285
-4.226224
-3.745624
-4.079046
-3.628472
-3.915893
-3.486736
-3.742872
-3.334951
-3.590935
-3.222329
-3.489162
-3.165387
-3.454944
-4.463919
-4.886331
-4.372191
-4.773068
-4.276527
-4.592243
-4.147152
-4.376015
-3.952708
-4.126903
-3.743249
-3.895168
-3.562825
-3.719497
-3.453629
-3.611144
-4.433425
-3.890965
-4.351915
-3.808812
-4.255742
-3.725500
-4.108679
-3.622965
-3.952888
-3.486479
-3.778580
-3.340296
-3.625361
-3.221034
-3.517771
-4.449014
-4.869243
-4.379122
-4.753184
-4.257214
-4.601911
-4.108912
-4.375898
-3.915860
-4.133450
-3.718026
-3.906773
-3.550332
-3.734598
-4.454669
-3.884059
-4.356396
-3.824866
-4.257386
-3.725309
-4.147041
-3.628572
-3.999033
-3.492856
-3.827528
-3.347889
-3.664314
-4.442318
-4.882151
-4.356472
-4.753128
-4.255669
-4.592509
-4.079107
-4.377296
-3.891285
-4.149500
-3.703732
-3.933751
-4.442440
-3.883962
-4.379103
-3.808832
-4.276579
-3.745119
-4.189680
-3.644079
-4.050000
-3.506514
-3.882712
-4.454572
-4.869376
-4.351971
-4.772885
-4.226618
-4.581889
-4.054300
-4.383321
-3.880385
-4.173258
-4.449188
-3.890557
-4.372528
-3.807004
-4.328705
-3.763289
-4.242767
-3.659009
-4.108663
-4.433623
-4.886428
-4.359432
-4.758551
-4.186244
-4.578509
-4.035495
-4.402461
-4.463847
-3.853455
-4.398940
-3.837228
-4.388335
-3.779363
-4.298843
-4.449914
-4.915960
-4.310927
-4.735951
-4.149626
-4.589478
-4.433345
-3.862526
-4.474128
-3.862120
-4.452752
-4.456877
-4.873751
-4.253255
-4.721556
-4.507014
-3.899456
-4.549833
-4.335116
-4.894066
-4.495244
-5.052134
-3.788167
-4.916814
-3.989776
-4.912565
-4.080678
-4.974258
-4.154185
-5.030851
-4.259532
-5.107027
-4.366852
-5.218916
-4.491692
-5.345297
-4.637602
-5.485306
-4.783333
-5.637432
-4.908181
-5.775876
-5.048363
-5.918590
-6.364357
-6.393512
-6.380876
-6.371227
-6.394985
-6.359914
-6.403408
-6.385647
-6.424311
-6.398808
-6.469693
-6.411394
-6.496090
-6.418597
-6.494082
-6.375313
-6.444088
-6.251634
-6.317553
-6.044002
-6.137300
-5.745804
-6.479634
-6.135639
-6.500517
-6.129334
-6.496938
-6.150580
-6.497525
-6.147096
-6.523878
-6.136790
-6.529888
-6.121773
-6.514577
-6.056572
-6.462872
-5.916047
-6.339871
-5.686101
-6.134637
-5.369516
-5.886065
-6.464240
-6.392950
-6.441684
-6.412110
-6.437126
-6.404558
-6.469116
-6.397994
-6.482904
-6.401145
-6.483977
-6.368071
-6.462058
-6.280828
-6.378464
-6.123365
-6.217658
-5.890071
-6.006241
-5.613546
-6.520561
-6.179953
-6.522743
-6.162384
-6.547706
-6.142144
-6.542570
-6.130112
-6.525185
-6.076298
-6.491575
-5.972789
-6.402329
-5.802530
-6.242688
-5.550427
-6.026226
-5.231417
-5.783637
-6.444459
-6.394832
-6.467330
-6.378206
-6.462253
-6.375130
-6.453528
-6.335653
-6.438679
-6.262511
-6.374663
-6.138848
-6.252036
-5.944159
-6.072513
-5.688383
-5.858964
-5.423288
-6.531056
-6.114956
-6.519709
-6.103742
-6.501522
-6.049711
-6.474348
-5.962457
-6.396848
-5.828999
-6.271372
-5.623343
-6.093211
-5.355437
-5.874689
-5.060430
-5.639269
-6.382389
-6.300203
-6.376959
-6.253766
-6.362654
-6.187092
-6.304448
-6.087638
-6.208705
-5.924408
-6.066832
-5.710671
-5.882082
-5.468651
-5.675797
-5.236733
-6.405181
-5.935946
-6.381023
-5.869081
-6.314168
-5.764596
-6.212763
-5.596213
-6.072415
-5.380727
-5.889723
-5.130412
-5.685902
-4.876702
-5.485500
-6.181965
-6.025668
-6.141624
-5.943816
-6.073204
-5.813570
-5.970733
-5.646678
-5.827046
-5.448093
-5.662394
-5.242284
-5.490235
-5.046966
-6.131607
-5.580273
-6.062161
-5.460060
-5.959725
-5.300555
-5.818223
-5.105386
-5.662044
-4.894969
-5.493570
-4.688429
-5.343592
-5.832117
-5.607625
-5.775328
-5.490023
-5.682667
-5.346473
-5.575137
-5.183974
-5.446612
-5.025862
-5.325245
-4.868686
-5.768056
-5.120947
-5.679320
-4.992555
-5.571334
-4.833612
-5.445989
-4.677131
-5.325736
-4.511368
-5.218462
-5.463967
-5.176697
-5.412378
-5.065820
-5.343460
-4.957471
-5.263098
-4.831903
-5.188340
-4.723612
-5.440610
-4.716020
-5.366173
-4.609758
-5.271898
-4.482914
-5.195884
-4.368841
-5.107503
-5.181018
-4.845313
-5.148615
-4.767740
-5.126323
-4.684836
-5.067471
-4.608241
-5.213935
-4.428793
-5.162588
-4.329368
-5.084411
-4.257131
-5.036921
-4.997690
-4.616854
-4.999267
-4.589604
-4.988007
-4.498768
-5.090465
-4.231392
-5.017832
-4.131453
-4.995700
-4.868624
-4.489537
-4.944897
-4.440053
-5.032194
-4.022973
-4.943855
-4.843433
-4.427393
-4.948186
-4.262756
-3.936046
-4.170068
-3.877860
-4.140893
-3.780747
-4.034565
-3.675705
-3.884491
-3.525332
-3.709658
-3.358354
-3.546944
-3.226594
-3.437394
-3.162899
-3.408769
-3.154931
-3.439460
-3.198029
-3.464588
-3.281657
-3.591378
-3.685579
-3.361434
-3.675030
-3.331329
-3.684692
-3.338210
-3.676135
-3.318349
-3.651616
-3.285252
-3.616759
-3.232130
-3.581028
-3.169817
-3.548921
-3.110735
-3.534446
-3.069390
-3.552002
-3.054141
-3.619610
-3.046027
-3.770498
-4.832347
-4.279535
-4.742662
-4.192186
-4.677303
-4.127544
-4.582701
-4.075510
-4.478556
-3.997549
-4.373808
-3.909461
-4.250258
-3.828700
-4.121572
-3.745643
-4.015140
-3.667038
-3.916018
-3.641031
-3.814580
-3.576613
-4.656586
-3.794091
-4.635029
-3.778755
-4.539776
-3.743701
-4.443266
-3.661175
-4.343330
-3.563662
-4.220481
-3.465005
-4.095234
-3.356781
-3.992457
-3.248095
-3.904003
-3.171803
-3.821371
-3.100430
-3.807536
-4.766136
-4.169252
-4.614446
-4.112099
-4.512424
-4.016073
-4.405261
-3.920625
-4.268086
-3.824799
-4.126075
-3.719825
-3.998429
-3.621830
-3.881994
-3.559192
-3.772012
-3.526221
-3.700351
-3.509510
-4.496401
-3.794421
-4.455193
-3.701303
-4.363571
-3.614067
-4.229953
-3.512516
-4.091211
-3.391312
-3.962632
-3.274334
-3.847400
-3.184754
-3.749949
-3.120317
-3.688930
-3.067082
-3.648216
-4.616961
-4.046897
-4.476187
-3.962824
-4.320995
-3.858690
-4.168959
-3.735011
-4.020009
-3.619411
-3.879836
-3.531377
-3.760070
-3.475222
-3.674511
-3.444995
-3.610433
-3.456975
-4.369517
-3.694121
-4.256476
-3.583856
-4.124481
-3.453896
-3.978202
-3.327178
-3.835304
-3.218962
-3.718625
-3.140620
-3.640481
-3.089499
-3.593252
-3.072867
-3.556614
-4.430659
-3.914465
-4.264125
-3.786269
-4.090210
-3.659277
-3.921985
-3.545487
-3.782090
-3.463488
-3.679413
-3.418401
-3.612357
-3.413065
-3.561848
-3.436142
-4.177166
-3.548578
-4.028169
-3.413087
-3.869371
-3.282283
-3.729946
-3.179382
-3.625451
-3.117397
-3.565246
-3.094585
-3.532632
-3.101370
-3.522078
-4.212773
-3.738180
-4.020466
-3.600239
-3.849668
-3.488127
-3.714780
-3.421190
-3.629383
-3.396724
-3.580002
-3.411314
-3.555444
-3.441073
-3.945954
-3.380772
-3.784786
-3.250204
-3.647590
-3.161601
-3.558290
-3.117006
-3.516573
-3.119219
-3.506435
-3.141801
-3.519125
-3.971161
-3.560401
-3.795338
-3.456232
-3.669838
-3.400087
-3.603021
-3.397584
-3.572655
-3.424680
-3.572603
-3.464783
-3.717983
-3.235528
-3.587547
-3.154510
-3.515912
-3.129537
-3.487192
-3.147604
-3.501329
-3.184536
-3.529400
-3.756633
-3.439864
-3.645229
-3.395142
-3.587535
-3.407729
-3.582094
-3.442595
-3.596606
-3.497074
-3.549558
-3.155414
-3.484067
-3.147007
-3.474653
-3.168665
-3.501311
-3.224997
-3.539297
-3.626215
-3.402698
-3.582286
-3.413047
-3.593009
-3.466651
-3.614712
-3.527017
-3.464120
-3.152969
-3.471336
-3.189265
-3.495276
-3.251271
-3.550578
-3.584130
-3.421989
-3.589623
-3.484855
-3.633214
-3.545797
-3.459812
-3.203927
-3.496950
-3.256501
-3.552738
-3.582722
-3.486684
-3.640281
-3.563301
-3.505606
-3.248372
-3.551812
-3.640456
-3.575653
-3.485073
-5.006404
-3.729789
-4.786070
-3.827657
-4.688918
-3.816282
-4.625532
-3.763554
-4.541092
-3.707867
-4.443139
-3.626489
-4.348399
-3.530550
-4.243460
-3.439664
-4.138786
-3.340620
-4.064419
-3.232141
-3.989133
-3.191593
-3.964796
-5.614507
-5.582853
-5.389752
-5.300226
-5.201036
-5.131759
-5.059615
-5.023355
-4.970425
-4.939148
-4.896230
-4.852381
-4.803090
-4.741065
-4.680644
-4.595795
-4.516997
-4.422284
-4.322275
-4.194540
-4.143755
-3.930562
-5.364572
-4.639853
-5.002995
-4.366728
-4.711697
-4.163485
-4.517005
-4.008442
-4.380845
-3.897742
-4.283548
-3.817757
-4.210069
-3.741248
-4.131311
-3.646588
-4.028978
-3.503708
-3.915133
-3.327189
-3.758408
-5.545599
-5.463429
-5.271046
-5.237775
-5.109149
-5.079579
-5.006124
-4.979248
-4.928306
-4.897189
-4.847091
-4.796710
-4.741364
-4.665052
-4.601351
-4.489844
-4.432086
-4.275854
-4.214376
-4.058752
-5.195463
-4.542591
-4.866783
-4.266634
-4.626752
-4.083053
-4.452616
-3.953919
-4.331988
-3.859137
-4.250477
-3.781832
-4.178310
-3.693548
-4.091665
-3.572694
-3.964657
-3.425205
-3.807559
-5.430617
-5.342188
-5.194828
-5.151462
-5.045588
-5.028243
-4.955583
-4.938004
-4.884504
-4.844526
-4.793888
-4.726084
-4.670249
-4.570383
-4.504554
-4.378764
-4.296653
-4.142098
-5.033302
-4.431456
-4.738147
-4.190265
-4.534142
-4.023766
-4.392200
-3.905921
-4.292953
-3.824171
-4.216567
-3.747095
-4.134833
-3.647824
-4.020531
-3.506873
-3.867389
-5.320591
-5.233258
-5.116850
-5.074081
-4.998154
-4.972588
-4.920180
-4.891425
-4.836172
-4.789179
-4.726337
-4.650606
-4.577205
-4.472671
-4.383585
-4.256578
-4.875034
-4.326818
-4.628543
-4.116336
-4.456883
-3.973585
-4.331774
-3.874594
-4.249784
-3.795986
-4.176577
-3.712407
-4.076350
-3.596117
-3.927397
-5.217277
-5.132808
-5.052876
-5.011492
-4.952958
-4.932016
-4.879751
-4.840348
-4.783650
-4.722291
-4.645124
-4.567403
-4.465165
-4.368876
-4.739103
-4.233672
-4.527811
-4.056595
-4.383524
-3.924815
-4.284635
-3.843036
-4.206557
-3.774200
-4.123605
-3.675922
-4.001246
-5.120479
-5.055371
-4.997339
-4.957102
-4.922305
-4.887958
-4.830013
-4.791642
-4.709472
-4.649057
-4.552006
-4.469598
-4.622037
-4.145831
-4.449582
-3.995591
-4.313740
-3.894466
-4.234238
-3.817430
-4.169882
-3.740437
-4.066983
-5.049844
-4.992608
-4.947643
-4.929139
-4.880104
-4.840167
-4.780253
-4.721443
-4.628101
-4.570029
-4.514982
-4.080735
-4.370226
-3.933496
-4.271299
-3.855220
-4.195536
-3.801211
-4.117968
-4.992978
-4.939121
-4.929124
-4.889128
-4.829542
-4.800208
-4.697923
-4.653485
-4.442576
-4.004929
-4.291832
-3.902364
-4.218086
-3.830773
-4.171943
-4.939783
-4.931811
-4.889522
-4.846471
-4.787043
-4.722868
-4.366137
-3.912413
-4.261954
-3.841903
-4.198911
-4.947162
-4.907529
-4.849033
-4.820247
-4.269107
-3.845777
-4.205357
-4.975716
-4.925155
-4.152903
-5.113958
-3.989485
-5.044073
-3.850785
-5.014907
-3.936841
-4.960102
-3.946183
-4.973997
-3.947652
-4.956045
-3.967723
-4.956064
-3.947582
-4.973847
-3.945998
-4.960281
-3.936082
-5.015148
-3.850401
-5.043703
-3.988941
-5.114402
-4.314658
-4.051111
-4.364531
-4.152389
-4.519888
-4.279133
-4.679202
-4.496815
-4.916730
-4.805969
-5.268664
-5.215885
-5.702823
-5.651202
-6.086781
-5.977630
-6.320591
-6.124447
-6.419667
-6.154713
-6.393417
-6.182200
-6.423139
-4.564397
-5.030734
-4.766190
-5.022492
-4.862426
-5.114354
-4.987396
-5.258606
-5.193185
-5.493821
-5.497137
-5.823492
-5.863733
-6.176059
-6.188827
-6.418105
-6.382538
-6.518144
-6.438802
-6.528060
-6.458407
-6.381876
-4.399444
-4.032389
-4.468372
-4.165193
-4.563892
-4.319655
-4.731074
-4.542941
-4.985790
-4.865894
-5.347500
-5.283995
-5.771017
-5.697584
-6.136676
-5.989462
-6.345740
-6.129071
-6.434785
-6.142773
-6.458275
-4.582078
-5.018579
-4.703727
-5.054166
-4.821207
-5.137227
-4.968700
-5.287848
-5.191918
-5.532843
-5.504147
-5.860406
-5.874971
-6.195366
-6.187357
-6.425603
-6.368452
-6.513515
-6.434927
-6.528098
-4.521732
-4.005705
-4.536033
-4.158038
-4.620681
-4.330683
-4.788118
-4.569728
-5.046304
-4.905361
-5.414320
-5.320629
-5.826837
-5.721664
-6.169675
-5.994771
-6.368271
-6.129052
-6.438659
-4.511466
-5.063197
-4.636778
-5.086471
-4.779046
-5.161459
-4.941582
-5.315552
-5.175274
-5.554385
-5.494235
-5.879880
-5.862002
-6.203084
-6.169811
-6.425669
-6.345905
-6.518163
-4.517197
-4.002864
-4.592332
-4.140116
-4.676476
-4.334016
-4.836673
-4.579300
-5.101317
-4.924253
-5.463609
-5.334125
-5.861801
-5.721662
-6.187195
-5.989317
-6.382494
-4.542682
-5.036408
-4.616101
-5.109228
-4.737639
-5.184432
-4.914317
-5.329577
-5.144071
-5.563297
-5.463731
-5.879969
-5.827008
-6.195371
-6.136965
-6.418095
-4.504660
-4.044295
-4.591702
-4.150113
-4.716542
-4.324159
-4.877194
-4.583604
-5.143870
-4.924262
-5.494071
-5.320465
-5.874951
-5.697327
-6.188727
-4.527307
-5.022219
-4.625396
-5.093462
-4.721663
-5.198479
-4.877283
-5.329680
-5.101468
-5.554387
-5.414644
-5.860391
-5.771253
-6.176231
-4.529166
-4.039437
-4.600978
-4.169122
-4.721519
-4.324169
-4.914171
-4.579118
-5.175287
-4.905072
-5.504058
-5.283850
-5.863583
-4.519281
-5.036234
-4.601062
-5.093540
-4.716639
-5.184435
-4.836992
-5.315517
-5.046537
-5.533038
-5.347662
-5.823587
-4.519229
-4.039415
-4.625277
-4.149970
-4.737697
-4.333693
-4.941515
-4.569574
-5.191746
-4.865557
-5.497258
-4.529210
-5.022257
-4.591966
-5.109131
-4.676708
-5.161664
-4.788246
-5.287941
-4.986248
-5.493753
-4.527380
-4.043944
-4.616143
-4.139975
-4.778856
-4.330341
-4.968848
-4.542337
-5.193214
-4.504927
-5.036559
-4.592365
-5.086581
-4.621160
-5.137112
-4.731449
-5.258896
-4.542513
-4.002607
-4.636993
-4.157353
-4.821274
-4.319356
-4.987176
-4.517596
-5.062964
-4.536442
-5.054488
-4.563988
-5.114532
-4.511737
-4.005404
-4.703465
-4.164683
-4.862730
-4.521664
-5.018829
-4.469039
-5.022273
-4.582492
-4.031266
-4.766420
-4.400041
-5.031221
-4.564104
-4.262761
-3.936050
-4.170073
-3.877865
-4.140897
-3.780752
-4.034569
-3.675707
-3.884492
-3.525331
-3.709655
-3.358350
-3.546938
-3.226587
-3.437386
-3.162892
-3.408761
-3.154924
-3.439454
-3.198023
-3.464583
-3.281653
-3.591374
-4.495247
-4.894069
-4.549837
-4.721559
-4.452756
-4.589482
-4.298846
-4.402463
-4.108663
-4.173257
-3.882709
-3.933746
-3.664308
-3.734590
-3.517763
-3.611137
-3.454937
-3.576275
-3.446112
-3.590037
-3.515458
-3.531735
-4.335118
-3.899460
-4.253259
-3.862124
-4.149630
-3.779367
-4.035498
-3.659011
-3.880385
-3.506513
-3.703729
-3.347884
-3.550326
-3.221027
-3.453621
-3.165380
-3.418809
-3.164473
-3.454993
-3.177118
-3.515422
-4.507017
-4.873754
-4.474132
-4.735955
-4.388339
-4.578513
-4.242770
-4.383323
-4.050000
-4.149498
-3.827524
-3.906767
-3.625354
-3.719490
-3.489154
-3.610850
-3.443266
-3.563053
-3.454438
-3.590186
-4.456880
-3.862529
-4.310931
-3.837232
-4.186249
-3.763293
-4.054303
-3.644081
-3.891285
-3.492854
-3.718022
-3.340291
-3.562819
-3.222322
-3.472473
-3.159940
-3.443183
-3.164747
-3.446524
-4.433348
-4.915964
-4.398944
-4.758556
-4.328709
-4.581893
-4.189683
-4.377298
-3.999033
-4.133448
-3.778576
-3.895163
-3.590928
-3.709659
-3.471986
-3.611006
-3.418744
-3.575843
-4.449917
-3.853459
-4.359437
-3.807009
-4.226622
-3.745123
-4.079110
-3.628574
-3.915860
-3.486477
-3.743245
-3.334946
-3.590785
-3.222602
-3.489483
-3.165196
-3.455122
-4.463850
-4.886432
-4.372533
-4.772889
-4.276584
-4.592513
-4.147044
-4.375900
-3.952888
-4.126900
-3.742868
-3.895312
-3.562802
-3.719068
-3.453419
-3.611480
-4.433627
-3.890561
-4.351976
-3.808837
-4.255673
-3.725313
-4.108915
-3.622967
-3.952708
-3.486734
-3.778797
-3.340136
-3.625491
-3.221713
-3.517336
-4.449191
-4.869380
-4.379108
-4.753133
-4.257390
-4.601915
-4.108683
-4.376017
-3.915893
-4.133077
-3.717908
-3.907047
-3.549595
-3.734474
-4.454575
-3.883966
-4.356477
-3.824871
-4.257219
-3.725504
-4.147155
-3.628474
-3.999093
-3.493461
-3.827084
-3.348274
-3.664842
-4.442444
-4.882155
-4.356401
-4.753189
-4.255746
-4.592247
-4.079049
-4.377520
-3.890703
-4.149413
-3.703957
-3.933090
-4.442322
-3.884063
-4.379126
-3.808817
-4.276532
-3.745628
-4.189278
-3.644447
-4.050379
-3.506491
-3.882569
-4.454672
-4.869248
-4.351920
-4.773072
-4.226229
-4.581817
-4.054493
-4.382788
-3.880046
-4.173744
-4.449018
-3.890969
-4.372196
-3.807291
-4.328929
-3.763351
-4.242597
-3.660096
-4.108009
-4.433429
-4.886336
-4.359603
-4.758202
-4.185962
-4.578897
-4.034729
-4.402218
-4.463923
-3.853617
-4.398673
-3.838135
-4.387788
-3.779850
-4.299331
-4.449657
-4.916275
-4.310403
-4.735735
-4.149872
-4.588851
-4.432887
-3.862917
-4.474404
-3.862369
-4.452414
-4.457090
-4.873349
-4.252770
-4.722033
-4.506528
-3.900708
-4.549180
-4.334515
-4.893711
-4.495462
-4.313759
-4.051890
-4.364480
-4.152855
-4.519346
-4.280092
-4.678567
-4.497316
-4.916583
-4.806269
-5.268313
-5.216418
-5.702398
-5.651498
-6.086632
-5.977797
-6.320366
-6.124668
-6.419423
-6.154823
-6.393276
-6.182239
-6.423014
-6.446434
-6.113365
-6.419640
-6.093282
-6.412881
-6.095159
-6.438523
-6.097656
-6.449336
-6.124483
-6.468882
-6.131122
-6.504112
-6.123268
-6.514531
-6.087794
-6.480573
-5.980676
-6.375490
-5.769974
-6.179473
-5.459784
-5.965847
-4.948188
-4.427394
-4.943856
-4.440054
-4.995700
-4.498767
-5.036920
-4.608240
-5.107501
-4.723610
-5.218460
-4.868684
-5.343589
-5.046963
-5.485497
-5.236731
-5.639267
-5.423286
-5.783636
-5.613544
-5.886065
-5.745803
-4.843435
-4.022974
-4.944897
-4.131453
-4.988006
-4.257130
-5.067470
-4.368839
-5.188337
-4.511365
-5.325242
-4.688425
-5.490232
-4.876699
-5.675794
-5.060426
-5.858962
-5.231414
-6.006240
-5.369516
-6.137300
-5.032194
-4.489536
-5.017832
-4.589602
-5.084410
-4.684834
-5.195882
-4.831900
-5.325732
-5.025858
-5.493567
-5.242280
-5.685898
-5.468648
-5.874687
-5.688379
-6.026226
-5.890067
-6.134636
-6.044000
-4.868623
-4.231391
-4.999265
-4.329365
-5.126320
-4.482911
-5.263094
-4.677127
-5.446608
-4.894965
-5.662390
-5.130408
-5.882079
-5.355435
-6.072511
-5.550423
-6.217658
-5.686098
-6.317552
-5.090464
-4.616851
-5.162586
-4.767737
-5.271895
-4.957467
-5.445985
-5.183970
-5.662040
-5.448089
-5.889719
-5.710668
-6.093207
-5.944156
-6.242686
-6.123361
-6.339871
-6.251631
-4.997688
-4.428790
-5.148612
-4.609754
-5.343456
-4.833607
-5.575133
-5.105383
-5.827041
-5.380725
-6.066828
-5.623343
-6.252032
-5.802529
-6.378462
-5.916045
-6.444087
-5.213932
-4.845310
-5.366168
-5.065816
-5.571329
-5.346470
-5.818218
-5.646674
-6.072413
-5.924403
-6.271369
-6.138847
-6.402326
-6.280827
-6.462871
-6.375312
-5.181014
-4.716016
-5.412374
-4.992551
-5.682663
-5.300551
-5.970729
-5.596210
-6.208704
-5.828996
-6.374662
-5.972786
-6.462058
-6.056570
-6.494082
-5.440605
-5.176694
-5.679314
-5.490020
-5.959722
-5.813568
-6.212761
-6.087637
-6.396847
-6.262511
-6.491575
-6.368070
-6.514577
-6.418596
-5.463963
-5.120944
-5.775326
-5.460056
-6.073202
-5.764596
-6.304448
-5.962457
-6.438679
-6.076298
-6.483977
-6.121773
-6.496090
-5.768053
-5.607622
-6.062163
-5.943817
-6.314167
-6.187092
-6.474349
-6.335653
-6.525187
-6.401145
-6.529889
-6.411394
-5.832114
-5.580271
-6.141626
-5.869084
-6.362654
-6.049714
-6.453528
-6.130113
-6.482904
-6.136791
-6.469693
-6.131611
-6.025668
-6.381025
-6.253768
-6.501525
-6.375131
-6.542572
-6.397995
-6.523879
-6.398808
-6.181971
-5.935951
-6.376963
-6.103746
-6.462255
-6.142146
-6.469117
-6.147097
-6.424312
-6.405187
-6.300208
-6.519713
-6.378209
-6.547709
-6.404559
-6.497526
-6.385647
-6.382395
-6.114960
-6.467334
-6.162386
-6.437128
-6.150581
-6.403408
-6.531062
-6.394835
-6.522747
-6.412112
-6.496939
-6.359915
-6.444463
-6.179956
-6.441686
-6.129335
-6.394985
-6.520565
-6.392952
-6.500519
-6.371228
-6.464243
-6.135641
-6.380877
-6.479637
-6.393513
-6.364358
-5.006407
-3.729794
-4.786074
-3.827661
-4.688922
-3.816286
-4.625536
-3.763558
-4.541096
-3.707870
-4.443142
-3.626491
-4.348400
-3.530551
-4.243461
-3.439664
-4.138786
-3.340620
-4.064418
-3.232141
-3.989132
-3.191592
-3.964796
-3.485069
-3.575649
-3.551808
-3.563298
-3.552734
-3.545792
-3.550573
-3.527012
-3.539293
-3.497071
-3.529398
-3.464781
-3.519122
-3.441071
-3.522075
-3.436139
-3.556612
-3.456973
-3.648214
-3.509509
-3.807535
-3.576612
-3.640452
-3.248368
-3.640277
-3.256498
-3.633210
-3.251267
-3.614707
-3.224993
-3.596602
-3.184532
-3.572600
-3.141798
-3.555440
-3.101367
-3.561845
-3.072864
-3.610431
-3.067080
-3.700350
-3.100429
-3.814580
-3.505600
-3.486680
-3.496945
-3.484850
-3.495271
-3.466647
-3.501306
-3.442590
-3.501324
-3.424675
-3.506431
-3.411310
-3.532629
-3.413062
-3.593249
-3.444992
-3.688928
-3.526219
-3.821370
-3.641030
-3.582717
-3.203921
-3.589618
-3.189260
-3.593004
-3.168660
-3.582089
-3.147599
-3.572650
-3.119214
-3.579997
-3.094581
-3.612353
-3.089496
-3.674508
-3.120315
-3.772010
-3.171801
-3.916017
-3.459806
-3.421982
-3.471330
-3.413042
-3.474647
-3.407724
-3.487186
-3.397578
-3.516568
-3.396719
-3.565241
-3.418397
-3.640477
-3.475218
-3.749946
-3.559190
-3.904002
-3.667037
-3.584123
-3.152963
-3.582279
-3.147001
-3.587529
-3.129531
-3.603015
-3.117000
-3.629377
-3.117392
-3.679408
-3.140616
-3.760067
-3.184751
-3.881992
-3.248094
-4.015139
-3.464112
-3.402692
-3.484060
-3.395135
-3.515905
-3.400081
-3.558284
-3.421184
-3.625446
-3.463484
-3.718621
-3.531373
-3.847398
-3.621828
-3.992455
-3.745642
-3.626208
-3.155407
-3.645222
-3.154504
-3.669831
-3.161595
-3.714775
-3.179377
-3.782086
-3.218958
-3.879833
-3.274332
-3.998427
-3.356780
-4.121572
-3.549551
-3.439857
-3.587540
-3.456225
-3.647584
-3.488122
-3.729941
-3.545483
-3.835301
-3.619408
-3.962630
-3.719823
-4.095234
-3.828700
-3.756626
-3.235522
-3.795332
-3.250199
-3.849663
-3.282279
-3.921981
-3.327175
-4.020007
-3.391311
-4.126074
-3.465005
-4.250259
-3.717978
-3.560396
-3.784781
-3.600235
-3.869367
-3.659274
-3.978200
-3.735010
-4.091211
-3.824799
-4.220481
-3.909462
-3.971157
-3.380768
-4.020463
-3.413085
-4.090208
-3.453896
-4.168958
-3.512516
-4.268087
-3.563663
-4.373810
-3.945951
-3.738178
-4.028168
-3.786268
-4.124481
-3.858691
-4.229954
-3.920627
-4.343332
-3.997551
-4.212773
-3.548579
-4.264126
-3.583857
-4.320996
-3.614069
-4.405263
-3.661178
-4.478559
-4.177167
-3.914467
-4.256478
-3.962827
-4.363574
-4.016076
-4.443270
-4.075513
-4.430661
-3.694124
-4.476190
-3.701307
-4.512428
-3.743705
-4.582705
-4.369521
-4.046901
-4.455198
-4.112103
-4.539780
-4.127548
-4.616965
-3.794425
-4.614450
-3.778759
-4.677307
-4.496406
-4.169256
-4.635034
-4.192190
-4.766140
-3.794096
-4.742666
-4.656590
-4.279539
-4.832351
-5.052136
-3.788170
-4.916816
-3.989778
-4.912566
-4.080678
-4.974258
-4.154185
-5.030851
-4.259531
-5.107025
-4.366850
-5.218914
-4.491690
-5.345295
-4.637599
-5.485304
-4.783330
-5.637431
-4.908179
-5.775875
-5.048362
-5.918590
-5.561133
-4.800524
-5.118078
-4.504222
-4.823224
-4.247773
-4.604523
-4.073836
-4.438067
-3.949352
-4.321821
-3.856193
-4.241800
-3.781111
-4.170910
-3.695438
-4.088087
-3.581226
-3.962816
-3.449386
-3.816947
-3.267292
-3.752147
-4.152906
-4.925158
-4.205361
-4.820251
-4.198915
-4.722872
-4.171947
-4.653489
-4.117972
-4.570032
-4.066986
-4.469600
-4.001248
-4.368877
-3.927398
-4.256578
-3.867389
-4.142098
-3.807558
-4.058751
-3.758408
-3.930562
-4.975719
-3.845780
-4.849036
-3.841907
-4.787046
-3.830777
-4.697927
-3.801215
-4.628104
-3.740441
-4.552009
-3.675924
-4.465167
-3.596119
-4.383586
-3.506874
-4.296653
-3.425205
-4.214376
-3.327189
-4.143754
-4.269109
-4.907532
-4.261957
-4.846475
-4.218089
-4.800211
-4.195539
-4.721447
-4.169885
-4.649060
-4.123608
-4.567405
-4.076352
-4.472673
-4.020533
-4.378764
-3.964657
-4.275854
-3.915133
-4.194540
-4.947164
-3.912415
-4.889525
-3.902367
-4.829546
-3.855224
-4.780256
-3.817433
-4.709475
-3.774203
-4.645127
-3.712410
-4.577207
-3.647825
-4.504556
-3.572695
-4.432086
-3.503709
-4.322275
-4.366139
-4.931813
-4.291834
-4.889131
-4.271301
-4.840170
-4.234241
-4.791645
-4.206560
-4.722293
-4.176579
-4.650608
-4.134834
-4.570384
-4.091666
-4.489845
-4.028979
-4.422284
-4.939784
-4.004931
-4.929126
-3.933498
-4.880107
-3.894469
-4.830015
-3.843039
-4.783652
-3.795988
-4.726339
-3.747097
-4.670251
-3.693549
-4.601351
-3.646589
-4.516998
-4.442576
-4.939122
-4.370227
-4.929141
-4.313741
-4.887960
-4.284637
-4.840350
-4.249786
-4.789181
-4.216569
-4.726086
-4.178312
-4.665053
-4.131311
-4.595796
-4.992978
-4.080736
-4.947644
-3.995592
-4.922306
-3.924816
-4.879753
-3.874596
-4.836174
-3.824172
-4.793890
-3.781833
-4.741365
-3.741249
-4.680644
-4.514982
-4.992608
-4.449583
-4.957103
-4.383525
-4.932018
-4.331775
-4.891426
-4.292955
-4.844527
-4.250478
-4.796711
-4.210069
-4.741065
-5.049843
-4.145831
-4.997340
-4.056596
-4.952959
-3.973586
-4.920182
-3.905921
-4.884505
-3.859138
-4.847092
-3.817758
-4.803090
-4.622036
-5.055370
-4.527811
-5.011493
-4.456884
-4.972589
-4.392201
-4.938005
-4.331989
-4.897189
-4.283548
-4.852382
-5.120478
-4.233671
-5.052876
-4.116336
-4.998155
-4.023766
-4.955584
-3.953919
-4.928307
-3.897742
-4.896230
-4.739101
-5.132807
-4.628543
-5.074081
-4.534142
-5.028243
-4.452616
-4.979249
-4.380845
-4.939148
-5.217276
-4.326817
-5.116850
-4.190264
-5.045588
-4.083053
-5.006124
-4.008442
-4.970425
-4.875033
-5.233257
-4.738147
-5.151461
-4.626752
-5.079579
-4.517005
-5.023354
-5.320589
-4.431454
-5.194827
-4.266633
-5.109149
-4.163485
-5.059615
-5.033301
-5.342187
-4.866782
-5.237774
-4.711697
-5.131759
-5.430616
-4.542589
-5.271045
-4.366727
-5.201036
-5.195462
-5.463428
-5.002994
-5.300225
-5.545599
-4.639852
-5.389751
-5.364571
-5.582852
-5.614507
-4.314656
-4.051111
-4.364531
-4.152390
-4.519889
-4.279134
-4.679202
-4.496816
-4.916724
-4.805970
-5.268643
-5.215888
-5.702779
-5.651233
-6.086840
-5.977627
-6.320569
-6.124430
-6.419656
-6.154706
-6.393412
-6.182198
-6.423138
-6.446418
-6.113320
-6.419622
-6.093169
-6.412964
-6.094830
-6.438692
-6.097319
-6.449376
-6.124072
-6.469135
-6.130336
-6.504473
-6.122554
-6.514649
-6.086955
-6.481064
-5.979259
-6.376109
-5.768703
-6.179767
-5.458182
-5.966788
-4.947873
-4.428103
-4.944432
-4.440118
-4.996004
-4.499815
-5.036573
-4.609066
-5.108057
-4.723879
-5.218771
-4.869839
-5.343348
-5.047937
-5.486060
-5.237172
-5.639715
-5.424425
-5.783602
-5.614584
-5.886747
-5.746281
-4.843976
-4.021575
-4.945195
-4.130897
-4.987677
-4.256296
-5.067967
-4.367388
-5.188584
-4.510655
-5.324944
-4.687434
-5.490675
-4.875111
-5.676084
-5.059422
-5.858773
-5.230199
-6.006700
-5.367640
-6.137817
-5.032461
-4.490402
-5.017526
-4.590288
-5.084885
-4.685021
-5.196142
-4.832867
-5.325505
-5.026645
-5.494066
-5.242601
-5.686265
-5.469620
-5.874628
-5.689224
-6.026811
-5.890409
-6.135273
-6.044804
-4.868354
-4.230701
-4.999696
-4.328147
-5.126532
-4.482345
-5.262831
-4.676310
-5.447005
-4.893636
-5.662623
-5.129620
-5.881889
-5.354434
-6.072910
-5.548891
-6.218034
-5.684944
-6.317535
-5.090859
-4.616988
-5.162792
-4.768541
-5.271684
-4.958104
-5.446413
-5.184206
-5.662327
-5.448912
-5.889637
-5.711354
-6.093706
-5.944427
-6.243158
-6.124087
-6.340013
-6.252314
-4.997842
-4.428354
-5.148381
-4.609090
-5.343794
-4.832512
-5.575309
-5.104774
-5.826856
-5.379912
-6.067166
-5.622087
-6.252301
-5.801655
-6.378396
-5.915045
-6.444434
-5.213763
-4.845812
-5.366523
-5.065998
-5.571544
-5.347166
-5.818124
-5.647232
-6.072827
-5.924620
-6.271719
-6.139488
-6.402388
-6.281390
-6.463362
-6.375554
-5.181267
-4.715160
-5.412483
-4.992098
-5.682483
-5.299903
-5.971005
-5.595202
-6.208881
-5.828342
-6.374557
-5.971994
-6.462343
-6.055429
-6.494317
-5.440759
-5.177266
-5.679226
-5.490466
-5.960062
-5.813752
-6.213011
-6.088198
-6.396856
-6.262976
-6.491970
-6.368261
-6.514936
-6.419124
-5.463781
-5.120452
-5.775522
-5.459283
-6.073305
-5.764119
-6.304318
-5.961837
-6.438898
-6.075388
-6.484136
-6.121142
-6.496007
-5.768327
-5.607777
-6.062341
-5.944317
-6.314156
-6.187480
-6.474661
-6.335815
-6.525443
-6.401603
-6.529946
-6.411797
-5.832101
-5.579976
-6.141513
-5.868623
-6.362803
-6.049009
-6.453610
-6.129651
-6.482801
-6.136238
-6.469861
-6.131629
-6.026055
-6.381270
-6.253919
-6.501691
-6.375528
-6.542587
-6.398325
-6.524156
-6.398954
-6.182119
-5.935446
-6.376945
-6.103419
-6.462124
-6.141733
-6.469227
-6.146499
-6.424387
-6.405253
-6.300538
-6.519695
-6.378481
-6.547908
-6.404692
-6.497693
-6.385965
-6.382229
-6.114661
-6.467361
-6.161963
-6.437135
-6.150306
-6.403313
-6.531182
-6.394976
-6.522839
-6.412385
-6.496944
-6.360138
-6.444373
-6.179793
-6.441563
-6.129119
-6.395018
-6.520561
-6.393142
-6.500616
-6.371324
-6.464183
-6.135460
-6.380846
-6.479665
-6.393665
-6.364263
-5.007219
-3.728892
-4.785608
-3.827181
-4.689365
-3.814186
-4.626491
-3.762567
-4.540083
-3.707448
-4.443562
-3.623648
-4.349549
-3.529351
-4.241927
-3.439117
-4.139343
-3.336927
-4.065802
-3.230614
-3.987377
-3.190495
-3.965756
-3.484672
-3.576004
-3.552123
-3.562953
-3.552953
-3.546801
-3.549452
-3.527962
-3.540091
-3.496158
-3.530033
-3.466369
-3.517389
-3.442536
-3.523197
-3.435014
-3.557511
-3.459035
-3.646363
-3.511347
-3.808973
-3.575948
-3.640839
-3.247643
-3.640503
-3.256642
-3.632450
-3.251060
-3.615686
-3.222953
-3.597494
-3.184496
-3.571455
-3.141314
-3.557061
-3.098153
-3.563289
-3.072374
-3.609283
-3.065945
-3.702428
-3.096320
-3.816086
-3.505429
-3.487529
-3.496151
-3.485494
-3.495896
-3.465996
-3.501741
-3.443952
-3.499906
-3.425852
-3.507476
-3.410273
-3.533384
-3.414930
-3.591486
-3.446568
-3.690258
-3.525304
-3.822178
-3.643556
-3.582328
-3.203652
-3.590351
-3.187827
-3.593535
-3.168723
-3.581120
-3.147195
-3.573983
-3.116565
-3.581108
-3.094353
-3.611198
-3.088646
-3.676367
-3.116731
-3.773380
-3.171152
-3.914819
-3.460187
-3.421704
-3.471465
-3.414176
-3.473576
-3.408599
-3.488091
-3.396738
-3.517160
-3.398359
-3.563698
-3.419715
-3.641707
-3.474276
-3.750654
-3.561406
-3.902241
-3.668798
-3.584298
-3.153087
-3.581609
-3.146615
-3.588573
-3.127487
-3.603783
-3.116928
-3.628318
-3.116722
-3.680993
-3.137560
-3.761211
-3.184369
-3.880830
-3.246919
-4.016989
-3.463424
-3.403244
-3.484753
-3.394583
-3.516282
-3.401465
-3.557050
-3.422230
-3.626556
-3.462627
-3.719238
-3.533303
-3.845800
-3.623307
-3.993717
-3.745036
-3.626942
-3.154028
-3.645659
-3.154518
-3.668979
-3.161027
-3.716057
-3.176881
-3.782956
-3.218752
-3.878735
-3.273398
-4.000084
-3.353547
-4.122569
-3.549681
-3.440935
-3.586658
-3.456977
-3.648521
-3.487448
-3.730438
-3.547116
-3.833972
-3.620613
-3.963807
-3.719161
-4.095746
-3.830895
-3.756049
-3.235039
-3.796303
-3.248303
-3.850253
-3.282170
-3.921018
-3.326406
-4.021400
-3.388560
-4.126906
-3.464650
-4.249190
-3.718688
-3.559943
-3.785120
-3.601542
-3.868360
-3.660207
-3.979261
-3.734399
-4.091696
-3.826658
-4.219142
-3.910799
-3.971483
-3.380729
-4.019712
-3.412443
-4.091306
-3.451654
-4.169584
-3.512273
-4.267104
-3.562680
-4.375205
-3.945272
-3.738815
-4.029056
-3.785779
-4.124914
-3.860212
-4.228891
-3.921704
-4.344405
-3.997133
-4.213584
-3.546899
-4.264546
-3.583673
-4.320146
-3.613250
-4.406410
-3.658756
-4.479169
-4.177488
-3.915618
-4.255719
-3.963657
-4.364548
-4.015676
-4.443703
-4.077161
-4.430024
-3.693463
-4.477059
-3.699323
-4.512882
-3.743362
-4.581896
-4.370312
-4.046569
-4.455638
-4.113427
-4.539016
-4.128480
-4.617291
-3.794110
-4.613737
-3.777919
-4.678224
-4.495903
-4.170004
-4.635923
-4.191939
-4.766800
-3.792310
-4.743048
-4.657113
-4.280625
-4.831848
-5.052562
-3.787550
-4.916430
-3.988923
-4.913184
-4.079070
-4.974566
-4.153539
-5.030463
-4.258531
-5.107585
-4.365144
-5.219197
-4.490795
-5.344969
-4.636406
-5.485790
-4.781459
-5.637795
-4.906906
-5.775705
-5.046844
-5.919110
-5.562579
-4.798854
-5.118849
-4.502660
-4.824888
-4.245423
-4.606021
-4.072612
-4.438622
-3.947711
-4.323949
-3.853237
-4.243489
-3.780051
-4.171109
-3.693675
-4.090789
-3.577455
-3.964860
-3.448317
-3.816853
-3.265121
-3.755344
-4.152766
-4.925924
-4.206112
-4.819671
-4.200255
-4.723358
-4.171700
-4.654620
-4.119124
-4.569147
-4.068960
-4.470334
-4.000897
-4.370451
-3.929016
-4.255426
-3.869927
-4.143138
-3.807135
-4.060636
-3.760512
-3.929202
-4.976177
-3.843977
-4.849879
-3.840936
-4.786376
-3.830254
-4.698332
-3.798771
-4.629122
-3.739251
-4.550815
-3.675351
-4.465605
-3.592864
-4.384842
-3.505392
-4.295092
-3.424386
-4.215105
-3.323008
-4.145520
-4.270149
-4.907952
-4.261817
-4.847375
-4.219028
-4.799557
-4.197177
-4.722014
-4.169720
-4.650348
-4.125013
-4.566443
-4.078657
-4.473449
-4.020337
-4.380376
-3.966564
-4.274513
-3.918052
-4.195339
-4.946747
-3.911821
-4.889941
-3.900311
-4.830430
-3.854086
-4.779427
-3.816790
-4.709871
-3.771406
-4.646222
-3.710977
-4.575941
-3.647037
-4.505095
-3.569059
-4.433572
-3.501885
-4.320921
-4.366946
-4.931343
-4.293127
-4.889586
-4.271261
-4.841188
-4.235411
-4.790923
-4.208506
-4.722904
-4.176560
-4.651968
-4.136506
-4.569298
-4.094282
-4.490507
-4.028993
-4.423795
-4.940456
-4.003934
-4.928593
-3.932809
-4.880495
-3.892123
-4.830944
-3.841692
-4.782723
-3.795167
-4.726770
-3.743963
-4.671472
-3.691859
-4.600169
-3.645599
-4.517655
-4.442689
-4.939840
-4.371216
-4.928617
-4.315314
-4.888450
-4.284743
-4.841448
-4.251207
-4.788383
-4.218813
-4.726667
-4.178469
-4.666368
-4.133160
-4.594628
-4.993303
-4.078868
-4.948375
-3.994403
-4.921678
-3.923974
-4.880136
-3.871950
-4.837163
-3.822595
-4.792950
-3.780823
-4.741885
-3.737919
-4.681947
-4.516244
-4.992952
-4.449807
-4.957910
-4.384735
-4.931447
-4.333630
-4.891928
-4.293238
-4.845643
-4.252114
-4.795829
-4.212468
-4.741615
-5.049444
-4.145037
-4.997678
-4.054443
-4.953734
-3.972177
-4.919497
-3.904890
-4.884917
-3.856248
-4.848151
-3.816057
-4.802176
-4.623047
-5.054945
-4.529314
-5.011877
-4.457266
-4.973455
-4.393642
-4.937392
-4.334064
-4.897681
-4.283920
-4.853481
-5.121095
-4.232469
-5.052428
-4.115348
-4.998508
-4.021334
-4.956391
-3.952322
-4.927608
-3.896608
-4.896689
-4.739498
-5.133425
-4.629776
-5.073636
-4.535885
-5.028672
-4.453147
-4.980147
-4.382408
-4.938487
-5.217632
-4.324829
-5.117499
-4.188846
-5.045086
-4.081874
-5.006484
-4.005851
-4.971281
-4.876402
-5.233594
-4.738702
-5.152148
-4.628196
-5.079147
-4.518887
-5.023776
-5.320326
-4.430338
-5.195198
-4.264376
-5.109778
-4.161918
-5.059116
-5.034493
-5.341869
-4.868365
-5.238216
-4.712385
-5.132467
-5.431207
-4.541175
-5.270704
-4.365391
-5.201411
-5.196058
-5.464004
-5.004424
-5.299964
-5.546093
-4.637657
-5.390274
-5.365924
-5.583398
-5.614448
-5.052563
-3.787551
-4.916430
-3.988923
-4.913183
-4.079068
-4.974563
-4.153536
-5.030459
-4.258527
-5.107580
-4.365139
-5.219192
-4.490789
-5.344964
-4.636401
-5.485785
-4.781454
-5.637792
-4.906903
-5.775703
-5.046842
-5.919109
-6.364265
-6.393666
-6.380847
-6.371325
-6.395018
-6.360139
-6.403314
-6.385966
-6.424389
-6.398955
-6.469863
-6.411799
-6.496009
-6.419126
-6.494319
-6.375554
-6.444434
-6.252312
-6.317534
-6.044802
-6.137816
-5.746279
-6.479668
-6.135462
-6.500619
-6.129122
-6.496947
-6.150309
-6.497696
-6.146501
-6.524160
-6.136241
-6.529949
-6.121144
-6.514939
-6.055430
-6.463363
-5.915044
-6.340012
-5.684941
-6.135271
-5.367638
-5.886746
-6.464188
-6.393147
-6.441567
-6.412390
-6.437140
-6.404696
-6.469232
-6.398330
-6.482805
-6.401607
-6.484140
-6.368264
-6.462346
-6.281391
-6.378396
-6.124084
-6.218034
-5.890404
-6.006698
-5.614582
-6.520568
-6.179802
-6.522848
-6.161972
-6.547917
-6.141741
-6.542596
-6.129658
-6.525449
-6.075391
-6.491975
-5.971995
-6.402388
-5.801655
-6.243157
-5.548887
-6.026810
-5.230194
-5.783598
-6.444386
-6.394990
-6.467376
-6.378496
-6.462138
-6.375539
-6.453617
-6.335821
-6.438903
-6.262980
-6.374558
-6.139490
-6.252299
-5.944425
-6.072907
-5.689219
-5.858770
-5.424421
-6.531205
-6.114688
-6.519724
-6.103446
-6.501710
-6.049021
-6.474667
-5.961841
-6.396858
-5.828342
-6.271718
-5.622088
-6.093703
-5.354431
-5.874625
-5.059416
-5.639711
-6.382261
-6.300582
-6.376989
-6.253937
-6.362803
-6.187479
-6.304318
-6.088200
-6.208882
-5.924618
-6.067164
-5.711352
-5.881885
-5.469615
-5.676079
-5.237167
-6.405269
-5.935458
-6.381250
-5.868598
-6.314143
-5.764118
-6.213011
-5.595201
-6.072827
-5.379912
-5.889634
-5.129616
-5.686260
-4.875106
-5.486055
-6.182013
-6.025948
-6.141469
-5.944311
-6.073300
-5.813754
-5.971004
-5.647232
-5.826854
-5.448910
-5.662619
-5.242596
-5.490670
-5.047932
-6.131609
-5.579987
-6.062356
-5.459286
-5.960069
-5.299906
-5.818125
-5.104774
-5.662325
-4.893633
-5.494062
-4.687429
-5.343343
-5.832140
-5.607799
-5.775536
-5.490482
-5.682486
-5.347169
-5.575309
-5.184204
-5.447001
-5.026640
-5.324939
-4.869835
-5.768333
-5.120464
-5.679234
-4.992099
-5.571547
-4.832512
-5.446412
-4.676307
-5.325501
-4.510650
-5.218767
-5.463793
-5.177274
-5.412487
-5.066003
-5.343794
-4.958103
-5.262828
-4.832863
-5.188580
-4.723875
-5.440762
-4.715163
-5.366524
-4.609089
-5.271684
-4.482342
-5.196139
-4.367384
-5.108054
-5.181269
-4.845812
-5.148381
-4.768540
-5.126530
-4.685018
-5.067964
-4.609063
-5.213763
-4.428354
-5.162791
-4.328145
-5.084883
-4.256293
-5.036570
-4.997840
-4.616987
-4.999695
-4.590286
-4.987674
-4.499812
-5.090859
-4.230700
-5.017525
-4.130895
-4.996003
-4.868353
-4.490401
-4.945194
-4.440117
-5.032460
-4.021574
-4.944431
-4.843976
-4.428103
-4.947874
-4.263470
-3.935495
-4.169869
-3.877214
-4.141833
-3.779295
-4.035118
-3.675590
-3.884143
-3.524822
-3.710598
-3.357097
-3.547365
-3.226664
-3.437131
-3.162532
-3.409597
-3.154186
-3.439750
-3.198211
-3.464675
-3.281410
-3.591909
-3.685436
-3.361580
-3.674586
-3.331249
-3.685228
-3.336908
-3.676698
-3.318426
-3.650639
-3.285031
-3.618027
-3.229507
-3.582267
-3.169599
-3.547696
-3.110093
-3.536318
-3.065632
-3.553780
-3.053208
-3.618612
-3.044362
-3.772832
-4.831850
-4.280627
-4.743051
-4.191942
-4.678227
-4.128482
-4.581898
-4.077163
-4.479171
-3.997135
-4.375206
-3.910800
-4.249190
-3.830894
-4.122568
-3.745035
-4.016987
-3.668797
-3.914818
-3.643554
-3.816086
-3.575948
-4.657116
-3.792313
-4.635926
-3.777922
-4.539019
-3.743364
-4.443706
-3.658758
-4.344407
-3.562681
-4.219143
-3.464649
-4.095746
-3.353546
-3.993716
-3.246917
-3.902240
-3.171150
-3.822177
-3.096319
-3.808973
-4.766804
-4.170007
-4.613740
-4.113430
-4.512885
-4.015678
-4.406411
-3.921705
-4.267104
-3.826658
-4.126905
-3.719160
-4.000082
-3.623305
-3.880828
-3.561404
-3.773378
-3.525302
-3.702426
-3.511346
-4.495907
-3.794114
-4.455642
-3.699325
-4.364550
-3.613252
-4.228892
-3.512273
-4.091695
-3.388558
-3.963805
-3.273395
-3.845797
-3.184366
-3.750652
-3.116728
-3.690256
-3.065944
-3.646362
-4.617295
-4.046572
-4.477061
-3.963659
-4.320146
-3.860213
-4.169583
-3.734397
-4.021398
-3.620610
-3.878732
-3.533300
-3.761207
-3.474272
-3.676364
-3.446566
-3.609280
-3.459034
-4.370316
-3.693466
-4.255721
-3.583674
-4.124914
-3.451653
-3.979259
-3.326403
-3.833968
-3.218748
-3.719234
-3.137556
-3.641703
-3.088643
-3.591483
-3.072372
-3.557509
-4.430026
-3.915620
-4.264546
-3.785778
-4.091304
-3.660204
-3.921015
-3.547112
-3.782951
-3.462623
-3.680989
-3.419712
-3.611194
-3.414927
-3.563286
-3.435012
-4.177489
-3.546899
-4.029055
-3.412440
-3.868357
-3.282166
-3.730433
-3.176876
-3.626551
-3.116717
-3.563693
-3.094350
-3.533381
-3.098151
-3.523194
-4.213583
-3.738813
-4.019709
-3.601538
-3.850248
-3.487443
-3.716051
-3.422225
-3.628313
-3.398354
-3.581103
-3.410269
-3.557059
-3.442534
-3.945269
-3.380726
-3.785116
-3.248298
-3.648516
-3.161021
-3.557044
-3.116923
-3.517155
-3.116560
-3.507472
-3.141312
-3.517388
-3.971479
-3.559938
-3.796297
-3.456971
-3.668972
-3.401460
-3.603778
-3.396733
-3.573978
-3.425847
-3.571452
-3.466369
-3.718683
-3.235033
-3.586651
-3.154512
-3.516275
-3.127481
-3.488086
-3.147189
-3.499900
-3.184492
-3.530033
-3.756043
-3.440928
-3.645652
-3.394576
-3.588567
-3.408595
-3.581115
-3.443946
-3.597488
-3.496158
-3.549674
-3.154021
-3.484746
-3.146609
-3.473571
-3.168719
-3.501735
-3.222946
-3.540087
-3.626935
-3.403237
-3.581602
-3.414170
-3.593531
-3.465992
-3.615679
-3.527954
-3.463416
-3.153080
-3.471459
-3.187823
-3.495892
-3.251054
-3.549443
-3.584291
-3.421698
-3.590346
-3.485490
-3.632446
-3.546793
-3.460181
-3.203647
-3.496147
-3.256640
-3.552949
-3.582322
-3.487524
-3.640500
-3.562951
-3.505423
-3.247639
-3.552121
-3.640834
-3.576000
-3.484667
-5.007221
-3.728894
-4.785610
-3.827183
-4.689368
-3.814188
-4.626494
-3.762569
-4.540085
-3.707450
-4.443564
-3.623649
-4.349550
-3.529352
-4.241928
-3.439117
-4.139342
-3.336926
-4.065802
-3.230613
-3.987376
-3.190494
-3.965756
-5.614447
-5.583397
-5.390274
-5.299963
-5.201411
-5.132466
-5.059116
-5.023776
-4.971281
-4.938486
-4.896689
-4.853481
-4.802176
-4.741615
-4.681947
-4.594628
-4.517655
-4.423795
-4.320921
-4.195339
-4.145520
-3.929203
-5.365922
-4.637655
-5.004422
-4.365389
-4.712384
-4.161917
-4.518886
-4.005850
-4.382407
-3.896607
-4.283920
-3.816057
-4.212468
-3.737919
-4.133161
-3.645599
-4.028994
-3.501885
-3.918052
-3.323008
-3.760512
-5.546091
-5.464002
-5.270702
-5.238213
-5.109777
-5.079146
-5.006483
-4.980145
-4.927608
-4.897680
-4.848151
-4.795829
-4.741885
-4.666368
-4.600170
-4.490507
-4.433572
-4.274513
-4.215105
-4.060635
-5.196055
-4.541172
-4.868362
-4.264373
-4.628194
-4.081873
-4.453146
-3.952321
-4.334064
-3.856248
-4.252115
-3.780824
-4.178469
-3.691859
-4.094282
-3.569059
-3.966564
-3.424386
-3.807134
-5.431203
-5.341866
-5.195194
-5.152145
-5.045084
-5.028670
-4.956390
-4.937391
-4.884917
-4.845643
-4.792950
-4.726667
-4.671473
-4.569299
-4.505096
-4.380376
-4.295092
-4.143138
-5.034490
-4.430333
-4.738699
-4.188843
-4.535883
-4.021332
-4.393641
-3.904889
-4.293238
-3.822595
-4.218813
-3.743963
-4.136507
-3.647038
-4.020338
-3.505393
-3.869927
-5.320322
-5.233590
-5.117495
-5.073633
-4.998505
-4.973453
-4.919496
-4.891927
-4.837163
-4.788383
-4.726771
-4.651968
-4.575942
-4.473450
-4.384842
-4.255426
-4.876397
-4.324824
-4.629772
-4.115344
-4.457264
-3.972175
-4.333630
-3.871950
-4.251208
-3.795168
-4.176561
-3.710978
-4.078658
-3.592864
-3.929016
-5.217628
-5.133420
-5.052424
-5.011874
-4.953732
-4.931445
-4.880136
-4.841448
-4.782724
-4.722905
-4.646223
-4.566444
-4.465606
-4.370451
-4.739494
-4.232465
-4.529311
-4.054440
-4.384734
-3.923973
-4.284743
-3.841693
-4.208508
-3.771407
-4.125015
-3.675352
-4.000899
-5.121090
-5.054941
-4.997675
-4.957908
-4.921676
-4.888449
-4.830944
-4.790923
-4.709873
-4.650349
-4.550817
-4.470335
-4.623043
-4.145033
-4.449805
-3.994401
-4.315313
-3.892122
-4.235411
-3.816791
-4.169722
-3.739253
-4.068962
-5.049440
-4.992949
-4.948373
-4.928615
-4.880495
-4.841189
-4.779428
-4.722015
-4.629124
-4.569149
-4.516241
-4.078865
-4.371215
-3.932808
-4.271261
-3.854086
-4.197178
-3.798773
-4.119126
-4.993301
-4.939838
-4.928593
-4.889586
-4.830431
-4.799558
-4.698334
-4.654622
-4.442686
-4.003932
-4.293127
-3.900311
-4.219029
-3.830256
-4.171703
-4.940454
-4.931342
-4.889942
-4.847375
-4.786378
-4.723360
-4.366945
-3.911820
-4.261818
-3.840938
-4.200257
-4.946747
-4.907953
-4.849881
-4.819673
-4.270148
-3.843977
-4.206114
-4.976178
-4.925925
-4.152767
-6.446433
-6.113364
-6.419640
-6.093282
-6.412880
-6.095159
-6.438523
-6.097655
-6.449335
-6.124482
-6.468882
-6.131122
-6.504111
-6.123268
-6.514531
-6.087794
-6.480573
-5.980676
-6.375489
-5.769975
-6.179473
-5.459785
-5.965846
-6.290245
-6.343781
-6.309263
-6.318369
-6.321941
-6.313781
-6.321442
-6.354986
-6.336870
-6.388711
-6.382635
-6.431756
-6.418464
-6.483744
-6.440593
-6.506309
-6.428234
-6.470007
-6.339690
-6.354161
-6.171825
-6.130784
-6.342789
-6.039272
-6.364224
-6.022465
-6.351424
-6.054003
-6.353956
-6.064431
-6.395062
-6.081467
-6.429596
-6.112142
-6.465947
-6.122359
-6.495526
-6.096089
-6.480251
-6.000017
-6.383289
-5.791882
-6.171827
-6.325713
-6.217158
-6.264725
-6.253940
-6.243245
-6.261556
-6.279441
-6.289119
-6.311988
-6.350262
-6.358836
-6.409897
-6.418848
-6.466584
-6.462098
-6.502175
-6.462285
-6.475071
-6.383289
-6.354162
-6.261575
-6.016293
-6.246356
-5.990220
-6.282524
-5.990805
-6.300540
-6.029060
-6.336386
-6.059749
-6.392727
-6.090702
-6.444109
-6.113632
-6.477535
-6.098269
-6.462286
-6.000017
-6.339692
-6.209310
-6.159316
-6.215815
-6.159449
-6.206032
-6.207463
-6.231672
-6.252459
-6.292759
-6.316267
-6.358214
-6.392710
-6.425426
-6.462631
-6.477534
-6.502175
-6.480250
-6.470007
-6.210337
-5.929627
-6.187510
-5.950474
-6.203012
-5.960997
-6.253625
-5.995514
-6.305363
-6.043539
-6.366265
-6.086797
-6.425427
-6.113632
-6.462099
-6.096089
-6.428235
-6.151305
-6.110218
-6.141009
-6.112779
-6.174741
-6.156629
-6.217651
-6.228218
-6.287051
-6.308635
-6.366265
-6.392710
-6.444109
-6.466584
-6.495526
-6.506309
-6.126906
-5.887215
-6.143703
-5.901251
-6.165770
-5.941691
-6.221177
-5.988561
-6.287051
-6.043539
-6.358215
-6.090702
-6.418849
-6.122360
-6.440594
-6.112675
-6.051869
-6.110355
-6.088254
-6.154236
-6.143476
-6.221177
-6.228218
-6.305363
-6.316267
-6.392727
-6.409897
-6.465947
-6.483744
-6.087790
-5.865998
-6.109948
-5.887587
-6.154236
-5.941691
-6.217651
-5.995514
-6.292759
-6.059749
-6.358836
-6.112141
-6.418465
-6.082613
-6.033785
-6.109948
-6.088254
-6.165770
-6.156629
-6.253625
-6.252459
-6.336386
-6.350262
-6.429596
-6.431756
-6.082613
-5.865998
-6.110355
-5.901251
-6.174741
-5.960997
-6.231672
-6.029060
-6.311988
-6.081467
-6.382635
-6.087790
-6.051869
-6.143703
-6.112780
-6.203012
-6.207463
-6.300540
-6.289119
-6.395062
-6.388711
-6.112676
-5.887215
-6.141009
-5.950474
-6.206033
-5.990805
-6.279441
-6.064431
-6.336870
-6.126906
-6.110218
-6.187510
-6.159449
-6.282524
-6.261556
-6.353956
-6.354985
-6.151305
-5.929627
-6.215815
-5.990221
-6.243245
-6.054003
-6.321441
-6.210338
-6.159317
-6.246356
-6.253940
-6.351424
-6.313781
-6.209310
-6.016294
-6.264725
-6.022465
-6.321941
-6.261575
-6.217158
-6.364224
-6.318369
-6.325713
-6.039272
-6.309263
-6.342789
-6.343781
-6.290245
-6.351711
-6.122393
-6.224532
-5.996668
-6.203694
-5.951785
-6.106185
-5.913760
-6.055073
-5.859758
-6.030046
-5.843090
-6.030046
-5.859758
-6.055073
-5.913759
-6.106184
-5.951784
-6.203693
-5.996667
-6.224532
-6.122393
-6.351712
-6.446419
-6.113320
-6.419622
-6.093168
-6.412965
-6.094830
-6.438692
-6.097320
-6.449377
-6.124072
-6.469137
-6.130337
-6.504474
-6.122555
-6.514650
-6.086955
-6.481065
-5.979259
-6.376110
-5.768702
-6.179766
-5.458180
-5.966788
-6.290290
-6.343771
-6.309380
-6.318300
-6.322129
-6.313803
-6.321544
-6.355069
-6.337146
-6.388628
-6.383008
-6.431886
-6.418641
-6.483953
-6.441090
-6.506235
-6.428847
-6.470310
-6.340008
-6.354534
-6.172682
-6.130779
-6.342792
-6.039171
-6.364286
-6.022314
-6.351443
-6.053778
-6.354113
-6.063944
-6.395306
-6.081000
-6.429686
-6.111573
-6.466308
-6.121358
-6.495995
-6.095182
-6.480469
-5.998914
-6.383995
-5.790104
-6.172680
-6.325762
-6.217160
-6.264777
-6.253967
-6.243404
-6.261490
-6.279677
-6.289181
-6.312110
-6.350378
-6.359181
-6.409810
-6.419287
-6.466759
-6.462318
-6.502404
-6.462900
-6.474972
-6.383996
-6.354533
-6.261572
-6.016220
-6.246422
-5.989988
-6.282656
-5.990544
-6.300597
-6.028711
-6.336629
-6.059091
-6.393057
-6.090093
-6.444265
-6.112880
-6.478038
-6.097018
-6.462899
-5.998914
-6.340006
-6.209348
-6.159292
-6.215918
-6.159473
-6.206103
-6.207517
-6.231888
-6.252386
-6.293050
-6.316363
-6.358363
-6.392846
-6.425854
-6.462528
-6.478039
-6.502404
-6.480470
-6.470310
-6.210360
-5.929541
-6.187536
-5.950306
-6.203146
-5.960623
-6.253829
-5.995141
-6.305467
-6.043057
-6.366609
-6.085955
-6.425854
-6.112880
-6.462318
-6.095182
-6.428847
-6.151324
-6.110233
-6.141102
-6.112739
-6.174900
-6.156676
-6.217743
-6.228291
-6.287331
-6.308548
-6.366609
-6.392846
-6.444266
-6.466759
-6.495996
-6.506236
-6.126931
-5.887093
-6.143790
-5.901071
-6.165828
-5.941419
-6.221388
-5.988040
-6.287331
-6.043057
-6.358363
-6.090093
-6.419287
-6.121358
-6.441091
-6.112709
-6.051882
-6.110395
-6.088285
-6.154388
-6.143418
-6.221388
-6.228291
-6.305467
-6.316363
-6.393057
-6.409810
-6.466309
-6.483954
-6.087801
-5.865909
-6.110037
-5.887336
-6.154388
-5.941418
-6.217743
-5.995140
-6.293050
-6.059090
-6.359182
-6.111574
-6.418642
-6.082643
-6.033764
-6.110037
-6.088285
-6.165828
-6.156675
-6.253829
-6.252386
-6.336629
-6.350378
-6.429686
-6.431887
-6.082643
-5.865909
-6.110395
-5.901071
-6.174900
-5.960623
-6.231888
-6.028711
-6.312110
-6.081001
-6.383009
-6.087801
-6.051882
-6.143790
-6.112738
-6.203146
-6.207517
-6.300597
-6.289181
-6.395306
-6.388628
-6.112709
-5.887093
-6.141101
-5.950305
-6.206102
-5.990544
-6.279677
-6.063943
-6.337146
-6.126931
-6.110233
-6.187536
-6.159472
-6.282656
-6.261490
-6.354113
-6.355069
-6.151323
-5.929541
-6.215917
-5.989987
-6.243404
-6.053777
-6.321543
-6.210359
-6.159292
-6.246422
-6.253966
-6.351442
-6.313803
-6.209348
-6.016219
-6.264777
-6.022313
-6.322129
-6.261572
-6.217159
-6.364286
-6.318299
-6.325761
-6.039170
-6.309380
-6.342792
-6.343771
-6.290290
-3.589544
-3.433795
-3.598654
-3.477166
-3.707513
-3.568842
-3.767954
-3.654591
-3.830783
-3.703375
-3.870878
-3.722054
-3.870881
-3.703375
-3.830781
-3.654589
-3.767953
-3.568840
-3.707509
-3.477164
-3.598653
-3.433792
-3.589540
-3.685575
-3.361431
-3.675026
-3.331326
-3.684688
-3.338206
-3.676130
-3.318346
-3.651614
-3.285252
-3.616759
-3.232128
-3.581026
-3.169814
-3.548919
-3.110733
-3.534443
-3.069388
-3.552001
-3.054140
-3.619610
-3.046027
-3.770498
-3.591019
-3.600356
-3.646078
-3.613877
-3.634328
-3.612266
-3.615743
-3.606330
-3.584970
-3.585111
-3.551518
-3.557862
-3.511965
-3.533862
-3.477298
-3.524164
-3.461702
-3.544562
-3.485931
-3.612036
-3.576664
-3.723931
-3.716562
-3.419483
-3.739166
-3.424100
-3.739363
-3.420678
-3.716672
-3.389459
-3.687244
-3.336559
-3.640961
-3.270595
-3.589436
-3.194997
-3.542018
-3.122700
-3.514094
-3.064707
-3.527500
-3.033092
-3.576664
-3.740294
-3.647592
-3.726476
-3.679015
-3.701936
-3.675444
-3.682306
-3.651737
-3.644176
-3.621536
-3.597735
-3.582084
-3.550626
-3.545296
-3.510570
-3.522607
-3.495588
-3.532461
-3.527499
-3.612035
-3.764168
-3.526063
-3.779524
-3.519954
-3.787989
-3.489529
-3.759668
-3.446353
-3.711291
-3.377660
-3.654172
-3.295241
-3.590762
-3.206369
-3.533942
-3.122632
-3.495588
-3.064706
-3.485930
-3.786387
-3.726268
-3.801611
-3.730719
-3.776405
-3.725166
-3.735730
-3.689745
-3.688837
-3.643418
-3.633580
-3.594225
-3.578567
-3.547858
-3.533942
-3.522607
-3.514093
-3.544560
-3.840428
-3.593593
-3.843616
-3.595077
-3.824405
-3.550055
-3.786433
-3.482529
-3.724350
-3.399247
-3.652608
-3.303864
-3.578568
-3.206369
-3.510569
-3.122699
-3.461700
-3.856286
-3.799594
-3.853889
-3.787614
-3.830431
-3.756215
-3.777495
-3.709639
-3.716842
-3.652457
-3.652611
-3.594228
-3.590763
-3.545296
-3.542017
-3.524162
-3.889669
-3.662199
-3.893868
-3.638915
-3.853691
-3.582816
-3.793868
-3.497841
-3.716849
-3.399256
-3.633586
-3.295242
-3.550625
-3.194995
-3.477296
-3.916057
-3.841656
-3.897200
-3.821520
-3.856442
-3.770459
-3.793876
-3.709651
-3.724361
-3.643424
-3.654172
-3.582082
-3.589434
-3.533860
-3.929327
-3.704343
-3.911976
-3.656739
-3.856446
-3.582824
-3.777505
-3.482536
-3.688838
-3.377656
-3.597730
-3.270591
-3.511962
-3.940225
-3.858129
-3.911978
-3.821524
-3.853696
-3.756218
-3.786432
-3.689739
-3.711282
-3.621529
-3.640956
-3.557859
-3.940226
-3.704345
-3.897202
-3.638914
-3.830428
-3.550048
-3.735720
-3.446343
-3.644169
-3.336555
-3.551516
-3.929329
-3.841656
-3.893865
-3.787609
-3.824398
-3.725159
-3.759662
-3.651734
-3.687244
-3.585111
-3.916055
-3.662196
-3.853885
-3.595073
-3.776403
-3.489528
-3.682308
-3.389461
-3.584971
-3.889667
-3.799592
-3.843616
-3.730720
-3.787992
-3.675447
-3.716674
-3.606331
-3.856285
-3.593593
-3.801611
-3.519956
-3.701936
-3.420677
-3.615741
-3.840427
-3.726266
-3.779522
-3.679012
-3.739360
-3.612261
-3.786384
-3.526061
-3.726472
-3.424096
-3.634323
-3.764165
-3.647589
-3.739162
-3.613874
-3.740292
-3.419481
-3.646075
-3.716560
-3.600353
-3.591016
-3.685440
-3.361583
-3.674588
-3.331250
-3.685233
-3.336917
-3.676708
-3.318431
-3.650637
-3.285025
-3.618022
-3.229505
-3.582268
-3.169601
-3.547698
-3.110095
-3.536320
-3.065634
-3.553781
-3.053209
-3.618613
-3.044362
-3.772832
-3.591081
-3.600359
-3.646635
-3.613207
-3.634929
-3.612756
-3.615111
-3.606788
-3.586201
-3.583626
-3.552731
-3.558732
-3.510861
-3.534632
-3.479093
-3.522186
-3.463469
-3.545685
-3.484864
-3.613056
-3.578927
-3.722055
-3.716575
-3.419062
-3.739331
-3.424191
-3.738704
-3.420617
-3.717520
-3.387596
-3.688144
-3.336501
-3.639819
-3.270285
-3.590988
-3.191845
-3.543625
-3.122203
-3.512922
-3.063821
-3.529606
-3.028766
-3.578927
-3.740499
-3.647735
-3.726236
-3.679229
-3.702725
-3.674443
-3.683167
-3.652318
-3.643253
-3.622120
-3.599177
-3.580298
-3.552148
-3.546210
-3.509407
-3.523494
-3.497555
-3.530326
-3.529606
-3.613056
-3.763955
-3.526052
-3.779857
-3.519006
-3.788498
-3.489549
-3.758779
-3.446217
-3.712429
-3.375289
-3.655482
-3.295064
-3.589596
-3.205945
-3.535729
-3.119003
-3.497555
-3.063821
-3.484865
-3.786606
-3.725912
-3.802053
-3.731026
-3.775856
-3.725509
-3.736717
-3.688410
-3.690036
-3.644158
-3.632538
-3.594961
-3.580176
-3.545835
-3.535729
-3.523495
-3.512923
-3.545686
-3.840484
-3.593619
-3.843187
-3.595034
-3.825029
-3.548557
-3.787336
-3.482559
-3.723410
-3.399099
-3.653989
-3.300977
-3.580171
-3.205943
-3.509407
-3.122204
-3.463470
-3.856218
-3.799719
-3.854346
-3.786868
-3.831139
-3.756701
-3.776765
-3.710178
-3.718001
-3.650747
-3.653973
-3.594947
-3.589590
-3.546209
-3.543626
-3.522187
-3.889764
-3.661675
-3.894237
-3.638943
-3.853101
-3.582798
-3.794778
-3.495771
-3.717971
-3.399062
-3.632512
-3.295055
-3.552148
-3.191848
-3.479095
-3.916223
-3.841811
-3.896860
-3.821811
-3.857131
-3.769322
-3.794749
-3.710127
-3.723363
-3.644132
-3.655479
-3.580305
-3.590994
-3.534636
-3.929186
-3.704345
-3.912390
-3.655681
-3.857115
-3.582763
-3.776721
-3.482528
-3.690029
-3.375302
-3.599195
-3.270297
-3.510866
-3.940373
-3.857738
-3.912385
-3.821797
-3.853082
-3.756686
-3.787338
-3.688432
-3.712461
-3.622147
-3.639834
-3.558736
-3.940371
-3.704341
-3.896855
-3.638943
-3.831150
-3.548583
-3.736754
-3.446254
-3.643277
-3.336510
-3.552731
-3.929183
-3.841811
-3.894245
-3.786884
-3.825053
-3.725535
-3.758798
-3.652326
-3.688141
-3.583619
-3.916224
-3.661680
-3.854354
-3.595042
-3.775860
-3.489545
-3.683155
-3.387581
-3.586188
-3.889767
-3.799720
-3.843184
-3.731018
-3.788483
-3.674426
-3.717505
-3.606779
-3.856218
-3.593616
-3.802046
-3.518998
-3.702718
-3.420613
-3.615112
-3.840485
-3.725912
-3.779858
-3.679234
-3.738711
-3.612765
-3.786609
-3.526057
-3.726244
-3.424201
-3.634939
-3.763960
-3.647741
-3.739337
-3.613213
-3.740502
-3.419064
-3.646636
-3.716577
-3.600360
-3.591083

