Tension at each vertex
-3.596326
-3.596331
-3.594538
-3.594541
-6.028573
-3.210145
-6.028577
-3.210141
-4.976711
-4.974127
-2.934678
-2.929609
-4.321689
-4.054731
-4.371675
-4.156876
-4.526499
-4.284206
-4.686482
-4.502093
-4.925092
-4.812408
-5.277668
-5.223602
-5.712183
-5.658596
-6.095281
-5.983647
-6.327276
-6.128980
-6.424812
-6.158250
-6.397645
-6.185102
-6.426930
-4.569204
-5.035014
-4.771151
-5.025961
-4.868468
-5.118902
-4.993595
-5.264779
-5.200883
-5.501149
-5.506427
-5.832097
-5.873328
-6.184566
-6.197532
-6.424927
-6.389555
-6.523358
-6.444127
-6.532169
-6.462858
-6.385099
-4.405645
-4.034706
-4.476286
-4.167893
-4.571161
-4.323372
-4.738926
-4.546979
-4.994688
-4.871206
-5.356871
-5.290501
-5.780550
-5.703821
-6.145315
-5.994767
-6.352608
-6.133277
-6.440412
-6.146048
-6.462989
-4.588882
-5.021556
-4.708954
-5.058665
-4.826984
-5.142059
-4.975713
-5.294062
-5.199803
-5.540534
-5.513145
-5.868767
-5.884264
-6.203261
-6.195544
-6.432241
-6.375130
-6.518532
-6.440272
-6.532132
-4.527461
-4.009321
-4.542631
-4.160633
-4.628275
-4.333808
-4.795681
-4.573945
-5.054620
-4.910347
-5.423572
-5.326551
-5.835960
-5.727661
-6.177972
-5.999938
-6.375309
-6.133297
-6.444272
-4.517241
-5.066146
-4.643144
-5.090449
-4.785105
-5.166895
-4.948405
-5.321946
-5.183297
-5.561815
-5.503076
-5.888059
-5.870764
-6.210749
-6.177834
-6.432172
-6.352444
-6.523344
-4.524018
-4.005520
-4.598585
-4.143261
-4.683340
-4.337000
-4.844249
-4.583085
-5.109459
-4.929235
-5.472563
-5.339987
-5.870965
-5.727656
-6.195695
-5.994902
-6.389599
-4.548196
-5.040448
-4.621926
-5.113354
-4.744158
-5.189579
-4.921270
-5.336125
-5.151766
-5.570817
-5.472441
-5.887969
-5.835787
-6.203244
-6.145005
-6.424921
-4.510747
-4.046709
-4.598315
-4.152790
-4.723223
-4.327236
-4.884392
-4.587533
-5.151967
-4.929227
-5.503241
-5.326713
-5.884281
-5.704054
-6.197593
-4.533497
-5.025944
-4.631185
-5.097961
-4.727955
-5.203743
-4.884304
-5.336023
-5.109311
-5.561814
-5.423254
-5.868783
-5.780316
-6.184381
-4.534992
-4.042290
-4.607141
-4.171904
-4.728098
-4.327226
-4.921416
-4.583267
-5.183287
-4.910635
-5.513239
-5.290649
-5.873482
-4.525176
-5.039909
-4.607058
-5.097884
-4.723128
-5.189577
-4.843934
-5.321983
-5.054394
-5.540343
-5.356721
-5.832006
-4.525228
-4.042312
-4.631303
-4.152932
-4.744101
-4.337322
-4.948474
-4.574097
-5.199982
-4.871541
-5.506320
-4.534949
-5.025905
-4.598053
-5.113450
-4.683110
-5.166692
-4.795559
-5.293971
-4.994243
-5.501216
-4.533426
-4.047058
-4.621886
-4.143400
-4.785295
-4.334147
-4.975569
-4.547579
-5.200863
-4.510482
-5.040296
-4.598553
-5.090339
-4.627802
-5.142175
-4.738559
-5.264491
-4.548366
-4.005774
-4.642930
-4.161314
-4.826917
-4.323668
-4.993818
-4.523623
-5.066377
-4.542225
-5.058343
-4.571070
-5.118725
-4.516971
-4.009617
-4.709216
-4.168397
-4.868165
-4.527531
-5.021304
-4.475625
-5.026180
-4.588471
-4.035820
-4.770921
-4.405052
-5.034528
-4.569498
-5.115919
-3.994270
-5.046469
-3.853890
-5.018447
-3.939751
-4.963158
-3.949353
-4.977332
-3.950252
-4.959802
-3.970155
-4.959821
-3.950183
-4.977184
-3.949172
-4.963339
-3.938998
-5.018689
-3.853514
-5.046104
-3.993735
-5.116365
-4.271348
-3.938155
-4.176674
-3.880742
-4.148300
-3.782322
-4.041649
-3.678542
-3.890294
-3.528118
-3.716786
-3.360942
-3.553891
-3.231284
-3.444014
-3.167682
-3.416708
-3.159670
-3.446811
-3.203993
-3.471537
-3.287293
-3.598863
-4.500488
-4.897415
-4.553744
-4.725420
-4.457711
-4.592501
-4.304685
-4.406626
-4.113812
-4.178661
-3.889094
-3.938628
-3.671945
-3.740520
-3.524844
-3.617582
-3.462622
-3.582034
-3.453772
-3.596213
-3.522628
-3.537486
-4.340130
-3.903823
-4.259696
-3.864995
-4.156255
-3.782683
-4.040838
-3.662790
-3.886210
-3.509567
-3.710325
-3.352084
-3.556431
-3.226303
-3.460533
-3.170379
-3.425902
-3.170245
-3.461695
-3.182617
-3.522666
-4.512842
-4.876005
-4.479599
-4.739679
-4.392917
-4.583046
-4.248376
-4.387436
-4.056571
-4.154792
-3.833878
-3.912945
-3.632863
-3.725349
-3.496937
-3.617247
-3.450662
-3.569062
-3.462236
-3.596067
-4.462892
-3.866453
-4.316312
-3.840709
-4.192264
-3.765582
-4.060549
-3.646920
-3.896839
-3.496507
-3.724492
-3.344024
-3.569939
-3.227284
-3.479399
-3.165026
-3.450746
-3.169976
-3.453370
-4.438310
-4.919387
-4.404538
-4.761911
-4.334473
-4.586428
-4.195130
-4.382594
-4.005535
-4.138752
-3.785734
-3.901475
-3.598195
-3.715948
-3.479879
-3.617093
-3.425964
-3.582460
-4.456103
-3.856139
-4.365576
-3.809847
-4.232116
-3.747764
-4.085128
-3.630727
-3.922262
-3.489744
-3.749703
-3.338868
-3.598338
-3.227007
-3.496614
-3.170563
-3.462438
-4.469523
-4.890206
-4.377756
-4.777183
-4.282363
-4.596997
-4.153201
-4.381316
-3.959176
-4.132716
-3.750076
-3.901328
-3.569954
-3.725768
-3.460727
-3.617248
-4.439276
-3.893332
-4.358095
-3.810915
-4.261667
-3.727540
-4.114725
-3.625225
-3.959356
-3.489489
-3.785515
-3.344179
-3.632725
-3.225631
-3.525264
-4.455074
-4.872969
-4.384847
-4.757574
-4.263067
-4.606830
-4.114956
-4.381199
-3.922228
-4.139121
-3.724601
-3.912671
-3.557148
-3.740636
-4.460455
-3.886552
-4.362330
-3.826911
-4.263237
-3.727350
-4.153090
-3.630828
-4.005474
-3.495910
-3.834313
-3.351701
-3.671417
-4.448240
-4.885877
-4.362406
-4.757519
-4.261594
-4.597263
-4.085185
-4.382376
-3.897413
-4.154878
-3.710097
-3.939280
-4.448362
-3.886455
-4.384828
-3.810936
-4.282412
-3.747265
-4.195531
-3.646559
-4.056195
-3.509593
-3.889229
-4.460358
-4.873102
-4.358149
-4.777003
-4.232506
-4.586505
-4.060358
-4.387970
-3.886540
-4.178182
-4.455245
-3.892928
-4.378090
-3.809569
-4.334254
-3.765527
-4.248545
-3.661718
-4.114458
-4.439472
-4.890303
-4.365410
-4.762266
-4.192545
-4.582668
-4.041597
-4.406872
-4.469449
-3.855986
-4.404806
-3.839816
-4.393463
-3.782208
-4.304202
-4.456360
-4.919080
-4.316835
-4.739901
-4.156011
-4.593131
-4.438767
-3.866071
-4.479327
-3.864758
-4.458050
-4.462681
-4.876411
-4.260179
-4.724952
-4.513328
-3.902586
-4.554396
-4.340729
-4.897775
-4.500271
-5.056162
-3.792205
-4.920319
-3.994463
-4.916123
-4.086304
-4.977677
-4.160687
-5.034411
-4.266642
-5.110877
-4.374602
-5.223201
-4.500002
-5.350059
-4.646625
-5.490663
-4.792857
-5.643529
-4.918172
-5.782362
-5.059162
-5.924906
-6.368023
-6.397145
-6.384886
-6.374731
-6.398824
-6.363583
-6.407295
-6.389341
-6.428340
-6.402739
-6.473917
-6.415720
-6.500819
-6.423738
-6.499671
-6.381840
-6.450967
-6.259877
-6.325557
-6.053697
-6.145259
-5.755739
-6.482945
-6.138394
-6.503627
-6.132358
-6.500039
-6.153674
-6.500857
-6.150520
-6.527433
-6.140753
-6.534013
-6.126598
-6.519593
-6.062816
-6.469225
-5.924163
-6.347661
-5.696055
-6.143085
-5.380380
-5.893798
-6.468793
-6.397332
-6.446170
-6.416390
-6.441780
-6.408968
-6.473865
-6.402702
-6.487988
-6.406324
-6.489618
-6.374213
-6.468590
-6.288348
-6.386119
-6.132452
-6.226046
-5.900112
-6.014222
-5.623462
-6.524490
-6.183395
-6.526781
-6.166008
-6.551816
-6.146177
-6.546982
-6.134699
-6.530190
-6.081947
-6.497475
-5.979885
-6.409493
-5.811415
-6.250967
-5.560729
-6.034688
-5.242172
-5.791064
-6.450073
-6.400143
-6.473001
-6.383728
-6.468122
-6.380921
-6.459810
-6.342091
-6.445557
-6.269870
-6.382417
-6.147464
-6.260576
-5.953868
-6.081149
-5.698511
-5.866695
-5.432797
-6.536368
-6.119564
-6.525119
-6.108671
-6.507252
-6.055302
-6.480633
-5.969072
-6.403972
-5.837000
-6.279415
-5.632730
-6.101720
-5.365738
-5.882842
-5.070655
-5.646168
-6.389614
-6.307231
-6.384406
-6.261077
-6.370492
-6.195026
-6.312849
-6.096405
-6.217679
-5.933984
-6.076002
-5.720758
-5.890634
-5.478460
-5.683015
-5.245770
-6.412290
-5.942159
-6.388384
-5.875924
-6.321984
-5.772313
-6.221087
-5.604916
-6.081082
-5.390273
-5.898168
-5.140243
-5.693384
-4.886276
-5.491522
-6.191084
-6.034637
-6.151036
-5.953218
-6.082890
-5.823475
-5.980539
-5.656844
-5.836385
-5.458076
-5.670498
-5.251658
-5.496727
-5.055481
-6.140227
-5.587954
-6.070919
-5.468321
-5.968611
-5.309335
-5.826859
-5.114515
-5.669897
-4.904106
-5.500204
-4.697251
-5.348803
-5.842047
-5.617620
-5.785356
-5.500145
-5.692423
-5.356592
-5.584017
-5.193603
-5.454089
-5.034688
-5.331014
-4.876615
-5.776549
-5.128499
-5.687641
-5.000544
-5.579132
-4.841720
-5.452957
-4.685215
-5.331432
-4.519312
-5.222963
-5.473041
-5.186255
-5.421090
-5.075244
-5.351549
-4.966437
-5.269782
-4.840244
-5.193503
-4.731161
-5.447560
-4.722470
-5.372819
-4.616414
-5.277737
-4.489922
-5.200706
-4.375894
-5.111376
-5.188493
-4.853728
-5.155581
-4.776247
-5.132224
-4.692771
-5.072165
-4.615572
-5.219300
-4.434207
-5.167331
-4.335071
-5.088667
-4.263261
-5.040291
-5.003517
-4.624728
-5.004800
-4.597297
-4.992230
-4.506192
-5.094749
-4.235755
-5.021439
-4.136829
-4.998878
-4.873648
-4.497477
-4.948964
-4.447352
-5.035241
-4.026936
-4.947400
-4.848463
-4.434622
-4.951191
-4.270647
-3.938699
-4.176883
-3.881382
-4.147375
-3.783762
-4.041109
-3.678653
-3.890644
-3.528618
-3.715860
-3.362175
-3.553476
-3.231204
-3.444269
-3.168035
-3.415892
-3.160390
-3.446527
-3.203806
-3.471451
-3.287528
-3.598345
-3.691300
-3.367711
-3.680871
-3.337174
-3.690752
-3.344207
-3.681958
-3.324549
-3.657623
-3.291396
-3.622925
-3.238578
-3.587214
-3.176500
-3.555265
-3.117489
-3.540752
-3.076260
-3.557901
-3.061119
-3.625136
-3.053199
-3.775915
-4.835171
-4.286569
-4.745951
-4.199031
-4.680102
-4.134291
-4.585494
-4.081924
-4.481590
-4.003811
-4.377144
-3.915704
-4.253876
-3.835146
-4.125459
-3.752002
-4.019600
-3.673323
-3.920545
-3.647671
-3.819239
-3.582772
-4.661550
-3.797509
-4.638898
-3.783247
-4.543471
-3.748582
-4.447093
-3.666524
-4.347195
-3.569450
-4.224468
-3.471244
-4.099351
-3.363227
-3.996999
-3.254690
-3.908546
-3.178858
-3.825982
-3.107457
-3.812640
-4.768933
-4.176522
-4.617290
-4.118624
-4.515471
-4.022267
-4.408363
-3.926697
-4.271498
-3.830872
-4.129894
-3.725903
-4.002853
-3.627927
-3.886649
-3.565579
-3.776864
-3.532493
-3.705751
-3.515654
-4.500982
-3.797731
-4.459807
-3.705173
-4.367863
-3.618539
-4.234301
-3.517489
-4.095760
-3.396766
-3.967564
-3.280208
-3.852487
-3.191196
-3.755136
-3.126936
-3.694482
-3.073798
-3.653832
-4.620530
-4.053334
-4.479342
-3.969003
-4.324283
-3.864561
-4.172640
-3.740867
-4.024263
-3.625374
-3.884561
-3.537647
-3.765146
-3.481519
-3.680057
-3.451287
-3.616168
-3.463397
-4.374363
-3.697596
-4.261390
-3.587549
-4.129544
-3.458131
-3.983510
-3.332056
-3.840921
-3.224581
-3.724463
-3.146702
-3.646637
-3.095880
-3.599372
-3.079685
-3.562791
-4.434426
-3.920487
-4.267990
-3.792075
-4.094305
-3.665155
-3.926614
-3.551657
-3.787225
-3.469843
-3.685064
-3.424806
-3.618152
-3.419725
-3.567816
-3.442697
-4.182715
-3.551991
-4.033799
-3.417026
-3.875329
-3.286935
-3.736246
-3.184725
-3.632111
-3.123270
-3.571911
-3.101042
-3.539209
-3.108023
-3.528797
-4.217120
-3.744188
-4.025079
-3.606293
-3.854734
-3.494455
-3.720403
-3.427724
-3.635229
-3.403501
-3.585911
-3.418048
-3.561651
-3.447706
-3.952089
-3.384636
-3.791286
-3.254767
-3.654505
-3.166833
-3.565352
-3.122902
-3.523561
-3.125452
-3.513473
-3.148204
-3.526059
-3.976289
-3.566691
-3.800837
-3.462745
-3.675670
-3.406914
-3.608973
-3.404419
-3.578760
-3.431393
-3.578742
-3.471571
-3.724847
-3.240085
-3.594743
-3.159802
-3.523211
-3.135259
-3.494529
-3.153578
-3.508478
-3.190871
-3.536362
-3.762393
-3.446635
-3.651218
-3.401994
-3.593695
-3.414545
-3.588132
-3.449469
-3.602564
-3.503815
-3.556929
-3.160587
-3.491612
-3.152590
-3.482009
-3.174644
-3.508439
-3.231094
-3.546452
-3.632385
-3.409608
-3.588354
-3.420007
-3.598951
-3.473438
-3.620758
-3.533642
-3.471559
-3.158585
-3.478714
-3.195073
-3.502627
-3.257182
-3.557665
-3.590242
-3.428909
-3.595713
-3.491611
-3.639081
-3.552642
-3.467297
-3.209677
-3.504173
-3.262573
-3.559739
-3.588640
-3.493637
-3.646060
-3.569969
-3.512857
-3.254220
-3.559166
-3.646471
-3.582241
-3.492091
-5.010513
-3.733723
-4.789604
-3.832045
-4.692535
-3.821423
-4.628908
-3.769362
-4.544454
-3.714087
-4.446565
-3.633021
-4.352008
-3.537305
-4.247133
-3.446841
-4.142552
-3.347777
-4.068710
-3.239328
-3.993324
-3.199517
-3.968777
-5.620813
-5.588178
-5.393990
-5.303683
-5.204065
-5.134071
-5.061862
-5.025414
-4.972370
-4.941305
-4.898391
-4.854645
-4.805508
-4.743472
-4.683308
-4.598730
-4.519982
-4.425937
-4.325968
-4.198452
-4.148164
-3.935057
-5.373083
-4.648894
-5.010610
-4.374619
-4.718611
-4.171054
-4.523600
-4.015779
-4.387402
-3.904796
-4.290143
-3.824902
-4.216833
-3.748793
-4.138234
-3.654432
-4.036115
-3.511413
-3.922296
-3.334924
-3.764695
-5.551513
-5.467610
-5.274693
-5.240645
-5.111535
-5.081761
-5.008259
-4.981235
-4.930575
-4.899462
-4.849467
-4.799276
-4.743866
-4.667887
-4.604314
-4.493024
-4.435642
-4.279745
-4.218015
-4.063439
-5.203806
-4.551328
-4.873932
-4.274359
-4.633536
-4.090260
-4.459169
-3.960958
-4.338286
-3.866159
-4.256939
-3.789042
-4.185236
-3.701029
-4.098897
-3.580523
-3.971627
-3.433160
-3.814242
-5.435637
-5.345840
-5.198082
-5.153812
-5.047906
-5.030382
-4.957667
-4.940356
-4.886885
-4.847021
-4.796538
-4.728715
-4.673091
-4.573467
-4.507618
-4.382480
-4.300204
-4.146029
-5.041448
-4.439658
-4.745220
-4.197799
-4.540708
-4.030861
-4.398591
-3.912641
-4.299350
-3.831014
-4.223208
-3.754419
-4.141746
-3.655503
-4.027597
-3.514351
-3.874347
-5.325037
-5.236589
-5.119653
-5.076378
-5.000467
-4.974704
-4.922620
-4.893886
-4.838745
-4.791884
-4.728980
-4.653500
-4.580154
-4.475869
-4.387029
-4.260303
-4.882631
-4.334734
-4.635439
-4.123568
-4.463413
-3.980433
-4.338000
-3.881310
-4.256161
-3.802922
-4.183386
-3.719644
-4.083318
-3.603462
-3.934021
-5.221229
-5.135730
-5.055577
-5.013803
-4.955297
-4.934461
-4.882321
-4.842958
-4.786361
-4.724997
-4.647917
-4.570448
-4.468248
-4.372416
-4.746410
-4.241260
-4.534478
-4.063665
-4.389882
-3.931432
-4.290905
-3.849732
-4.213026
-3.781245
-4.130251
-3.683052
-4.007822
-5.123874
-5.058232
-4.999976
-4.959482
-4.924934
-4.890532
-4.832695
-4.794374
-4.712208
-4.651898
-4.555047
-4.472733
-4.629032
-4.152967
-4.456143
-4.002308
-4.319957
-3.901024
-4.240546
-3.824065
-4.176415
-3.747170
-4.073520
-5.052957
-4.995458
-4.950283
-4.931824
-4.882815
-4.842833
-4.783106
-4.724207
-4.631122
-4.572964
-4.521848
-4.087380
-4.376677
-3.939809
-4.277674
-3.861515
-4.201927
-3.807548
-4.124457
-4.995909
-4.942060
-4.931964
-4.891878
-4.832412
-4.802998
-4.701059
-4.656292
-4.449373
-4.010927
-4.298372
-3.908282
-4.224633
-3.836547
-4.178488
-4.942784
-4.934893
-4.892469
-4.849316
-4.790238
-4.725787
-4.372991
-3.917774
-4.268768
-3.847190
-4.205592
-4.950279
-4.910646
-4.852257
-4.823225
-4.276309
-3.850338
-4.212506
-4.979138
-4.928441
-4.159963
-5.115922
-3.994274
-5.046472
-3.853894
-5.018451
-3.939755
-4.963162
-3.949357
-4.977336
-3.950256
-4.959806
-3.970159
-4.959825
-3.950187
-4.977188
-3.949175
-4.963343
-3.939002
-5.018692
-3.853517
-5.046106
-3.993737
-5.116367
-4.322581
-4.053967
-4.371721
-4.156418
-4.527036
-4.283253
-4.687108
-4.501596
-4.925229
-4.812115
-5.278009
-5.223080
-5.712606
-5.658308
-6.095451
-5.983486
-6.327504
-6.128768
-6.425063
-6.158149
-6.397791
-6.185069
-6.427059
-4.569501
-5.034531
-4.770922
-5.026181
-4.868165
-5.118725
-4.993817
-5.264489
-5.200861
-5.501215
-5.506320
-5.832006
-5.873485
-6.184387
-6.197600
-6.424929
-6.389610
-6.523354
-6.444281
-6.532140
-6.462996
-6.385105
-4.405056
-4.035822
-4.475627
-4.168398
-4.571070
-4.323668
-4.738558
-4.547577
-4.994241
-4.871541
-5.356722
-5.290651
-5.780320
-5.704060
-6.145012
-5.994911
-6.352456
-6.133307
-6.440282
-6.146056
-6.462866
-4.588474
-5.021306
-4.709218
-5.058344
-4.826917
-5.142175
-4.975568
-5.293970
-5.199981
-5.540343
-5.513239
-5.868787
-5.884284
-6.203250
-6.195702
-6.432181
-6.375322
-6.518543
-6.440423
-6.532179
-4.527534
-4.009620
-4.542226
-4.161315
-4.627802
-4.334146
-4.795558
-4.574096
-5.054394
-4.910636
-5.423256
-5.326717
-5.835793
-5.727661
-6.177840
-5.999946
-6.375141
-6.133288
-6.444138
-4.516974
-5.066380
-4.642932
-5.090340
-4.785295
-5.166692
-4.948473
-5.321982
-5.183287
-5.561816
-5.503243
-5.887974
-5.870969
-6.210752
-6.177977
-6.432246
-6.352619
-6.523373
-4.523627
-4.005776
-4.598555
-4.143401
-4.683110
-4.337321
-4.843933
-4.583267
-5.109311
-4.929229
-5.472443
-5.339991
-5.870766
-5.727659
-6.195542
-5.994767
-6.389566
-4.548369
-5.040299
-4.621887
-5.113451
-4.744102
-5.189576
-4.921416
-5.336023
-5.151967
-5.570820
-5.472565
-5.888064
-5.835961
-6.203258
-6.145301
-6.424918
-4.510486
-4.047060
-4.598055
-4.152933
-4.723128
-4.327226
-4.884304
-4.587534
-5.151767
-4.929238
-5.503080
-5.326556
-5.884269
-5.703813
-6.197504
-4.533430
-5.025907
-4.631305
-5.097885
-4.728098
-5.203743
-4.884392
-5.336126
-5.109461
-5.561818
-5.423577
-5.868772
-5.780558
-6.184562
-4.534953
-4.042314
-4.607060
-4.171905
-4.727955
-4.327236
-4.921270
-4.583086
-5.183299
-4.910350
-5.513152
-5.290508
-5.873339
-4.525232
-5.039912
-4.607143
-5.097962
-4.723223
-5.189579
-4.844249
-5.321947
-5.054624
-5.540539
-5.356880
-5.832108
-4.525180
-4.042293
-4.631186
-4.152791
-4.744159
-4.337000
-4.948406
-4.573946
-5.199807
-4.871209
-5.506437
-4.534996
-5.025946
-4.598316
-5.113355
-4.683340
-5.166895
-4.795683
-5.294062
-4.994694
-5.501151
-4.533500
-4.046712
-4.621928
-4.143261
-4.785105
-4.333808
-4.975715
-4.546978
-5.200888
-4.510750
-5.040450
-4.598586
-5.090450
-4.628276
-5.142058
-4.738928
-5.264779
-4.548198
-4.005522
-4.643145
-4.160634
-4.826984
-4.323371
-4.993596
-4.524021
-5.066148
-4.542632
-5.058665
-4.571162
-5.118902
-4.517243
-4.009322
-4.708955
-4.167893
-4.868468
-4.527463
-5.021557
-4.476287
-5.025962
-4.588884
-4.034707
-4.771152
-4.405647
-5.035016
-4.569206
-4.270652
-3.938704
-4.176889
-3.881388
-4.147381
-3.783768
-4.041114
-3.678657
-3.890645
-3.528618
-3.715857
-3.362171
-3.553471
-3.231197
-3.444262
-3.168028
-3.415885
-3.160384
-3.446521
-3.203800
-3.471446
-3.287524
-3.598340
-4.500275
-4.897778
-4.554401
-4.724956
-4.458054
-4.593135
-4.304205
-4.406874
-4.114459
-4.178181
-3.889227
-3.939275
-3.671411
-3.740629
-3.525256
-3.617241
-3.462431
-3.582454
-3.453363
-3.596061
-3.522660
-3.537481
-4.340732
-3.902590
-4.260183
-3.864762
-4.156015
-3.782213
-4.041601
-3.661720
-3.886541
-3.509592
-3.710093
-3.351696
-3.557142
-3.225624
-3.460720
-3.170555
-3.425957
-3.169969
-3.462229
-3.182611
-3.522622
-4.513331
-4.876415
-4.479332
-4.739905
-4.393467
-4.582672
-4.248548
-4.387972
-4.056195
-4.154877
-3.834310
-3.912666
-3.632719
-3.725760
-3.496607
-3.617085
-3.450739
-3.569055
-3.461688
-3.596207
-4.462685
-3.866076
-4.316840
-3.839821
-4.192550
-3.765532
-4.060362
-3.646561
-3.897414
-3.495908
-3.724597
-3.344174
-3.569947
-3.227000
-3.479871
-3.165019
-3.450655
-3.170238
-3.453766
-4.438771
-4.919085
-4.404811
-4.762271
-4.334259
-4.586510
-4.195535
-4.382378
-4.005474
-4.139119
-3.785511
-3.901322
-3.598331
-3.715940
-3.479392
-3.617239
-3.425895
-3.582027
-4.456363
-3.855991
-4.365415
-3.809574
-4.232511
-3.747270
-4.085189
-3.630831
-3.922228
-3.489487
-3.750073
-3.338863
-3.598188
-3.227277
-3.496930
-3.170372
-3.462614
-4.469453
-4.890308
-4.378095
-4.777008
-4.282417
-4.597268
-4.153093
-4.381201
-3.959356
-4.132714
-3.749699
-3.901470
-3.569933
-3.725342
-3.460526
-3.617574
-4.439476
-3.892933
-4.358154
-3.810942
-4.261599
-3.727355
-4.114960
-3.625227
-3.959176
-3.489743
-3.785730
-3.344019
-3.632856
-3.226296
-3.524836
-4.455250
-4.873108
-4.384833
-4.757524
-4.263243
-4.606834
-4.114729
-4.381318
-3.922262
-4.138750
-3.724489
-3.912940
-3.556425
-3.740513
-4.460362
-3.886461
-4.362412
-3.826916
-4.263072
-3.727545
-4.153204
-3.630729
-4.005536
-3.496506
-3.833875
-3.352080
-3.671939
-4.448366
-4.885883
-4.362336
-4.757580
-4.261672
-4.597002
-4.085131
-4.382596
-3.896840
-4.154791
-3.710323
-3.938624
-4.448244
-3.886557
-4.384852
-3.810921
-4.282368
-3.747769
-4.195134
-3.646922
-4.056572
-3.509566
-3.889091
-4.460460
-4.872974
-4.358101
-4.777189
-4.232122
-4.586433
-4.060553
-4.387439
-3.886211
-4.178660
-4.455079
-3.893338
-4.377762
-3.809853
-4.334479
-3.765587
-4.248380
-3.662792
-4.113814
-4.439281
-4.890212
-4.365582
-4.761916
-4.192269
-4.583051
-4.040843
-4.406629
-4.469528
-3.856145
-4.404544
-3.840715
-4.392922
-3.782689
-4.304689
-4.456108
-4.919392
-4.316318
-4.739684
-4.156261
-4.592506
-4.438315
-3.866458
-4.479605
-3.865001
-4.457716
-4.462897
-4.876010
-4.259702
-4.725425
-4.512847
-3.903828
-4.553750
-4.340135
-4.897420
-4.500493
-4.321693
-4.054734
-4.371677
-4.156877
-4.526499
-4.284205
-4.686480
-4.502090
-4.925090
-4.812406
-5.277668
-5.223602
-5.712186
-5.658599
-6.095286
-5.983655
-6.327286
-6.128988
-6.424820
-6.158257
-6.397652
-6.185107
-6.426935
-6.449257
-6.116059
-6.422188
-6.095820
-6.415629
-6.097753
-6.441221
-6.100490
-6.452221
-6.127530
-6.471978
-6.134665
-6.507659
-6.127544
-6.518963
-6.093370
-6.486312
-5.988156
-6.382900
-5.779457
-6.187947
-5.470773
-5.974174
-4.951194
-4.434625
-4.947402
-4.447353
-4.998878
-4.506192
-5.040290
-4.615570
-5.111374
-4.731159
-5.222960
-4.876613
-5.348800
-5.055478
-5.491519
-5.245767
-5.646166
-5.432795
-5.791062
-5.623460
-5.893797
-5.755738
-4.848465
-4.026937
-4.948965
-4.136829
-4.992229
-4.263260
-5.072164
-4.375892
-5.193501
-4.519309
-5.331011
-4.697248
-5.496724
-4.886272
-5.683012
-5.070651
-5.866692
-5.242169
-6.014220
-5.380377
-6.145259
-5.035242
-4.497478
-5.021438
-4.597296
-5.088665
-4.692769
-5.200704
-4.840241
-5.331429
-5.034684
-5.500201
-5.251654
-5.693381
-5.478457
-5.882840
-5.698509
-6.034686
-5.900111
-6.143084
-6.053695
-4.873648
-4.235754
-5.004799
-4.335069
-5.132222
-4.489919
-5.269779
-4.685211
-5.454085
-4.904102
-5.670495
-5.140240
-5.890630
-5.365735
-6.081147
-5.560726
-6.226045
-5.696054
-6.325556
-5.094748
-4.624727
-5.167329
-4.776244
-5.277734
-4.966433
-5.452954
-5.193599
-5.669893
-5.458073
-5.898165
-5.720756
-6.101718
-5.953866
-6.250966
-6.132451
-6.347661
-6.259876
-5.003516
-4.434205
-5.155578
-4.616411
-5.351546
-4.841716
-5.584013
-5.114512
-5.836382
-5.390271
-6.076000
-5.632726
-6.260575
-5.811414
-6.386119
-5.924163
-6.450967
-5.219298
-4.853725
-5.372816
-5.075240
-5.579129
-5.356589
-5.826856
-5.656842
-6.081081
-5.933984
-6.279415
-6.147462
-6.409492
-6.288346
-6.469226
-6.381839
-5.188490
-4.722467
-5.421087
-5.000541
-5.692419
-5.309333
-5.980537
-5.604916
-6.217678
-5.836999
-6.382417
-5.979886
-6.468590
-6.062816
-6.499672
-5.447558
-5.186253
-5.687639
-5.500144
-5.968610
-5.823473
-6.221088
-6.096407
-6.403972
-6.269871
-6.497476
-6.374214
-6.519594
-6.423739
-5.473039
-5.128498
-5.785355
-5.468322
-6.082892
-5.772315
-6.312852
-5.969074
-6.445559
-6.081950
-6.489620
-6.126599
-6.500821
-5.776548
-5.617621
-6.070920
-5.953218
-6.321988
-6.195031
-6.480636
-6.342094
-6.530193
-6.406327
-6.534016
-6.415722
-5.842049
-5.587957
-6.151040
-5.875927
-6.370496
-6.055305
-6.459814
-6.134702
-6.487991
-6.140755
-6.473919
-6.140230
-6.034641
-6.388390
-6.261082
-6.507257
-6.380926
-6.546986
-6.402705
-6.527437
-6.402741
-6.191089
-5.942165
-6.384412
-6.108677
-6.468127
-6.146182
-6.473869
-6.150523
-6.428343
-6.412299
-6.307239
-6.525126
-6.383735
-6.551822
-6.408972
-6.500861
-6.389343
-6.389623
-6.119571
-6.473008
-6.166014
-6.441785
-6.153678
-6.407298
-6.536376
-6.400149
-6.526788
-6.416395
-6.500043
-6.363586
-6.450080
-6.183401
-6.446175
-6.132363
-6.398828
-6.524497
-6.397338
-6.503633
-6.374735
-6.468799
-6.138399
-6.384890
-6.482951
-6.397149
-6.368027
-5.010517
-3.733728
-4.789609
-3.832050
-4.692540
-3.821428
-4.628913
-3.769366
-4.544458
-3.714090
-4.446568
-3.633023
-4.352009
-3.537307
-4.247133
-3.446841
-4.142552
-3.347776
-4.068710
-3.239327
-3.993323
-3.199516
-3.968777
-3.492086
-3.582237
-3.559162
-3.569965
-3.559735
-3.552638
-3.557660
-3.533638
-3.546449
-3.503812
-3.536360
-3.471568
-3.526056
-3.447704
-3.528794
-3.442694
-3.562789
-3.463394
-3.653830
-3.515653
-3.812639
-3.582771
-3.646466
-3.254216
-3.646056
-3.262570
-3.639077
-3.257178
-3.620753
-3.231089
-3.602559
-3.190867
-3.578739
-3.148201
-3.561647
-3.108020
-3.567813
-3.079682
-3.616165
-3.073795
-3.705750
-3.107455
-3.819239
-3.512851
-3.493632
-3.504168
-3.491607
-3.502622
-3.473433
-3.508434
-3.449464
-3.508473
-3.431389
-3.513469
-3.418044
-3.539205
-3.419722
-3.599369
-3.451284
-3.694479
-3.532491
-3.825981
-3.647669
-3.588635
-3.209672
-3.595708
-3.195068
-3.598946
-3.174640
-3.588127
-3.153573
-3.578755
-3.125447
-3.585906
-3.101038
-3.618148
-3.095876
-3.680053
-3.126933
-3.776862
-3.178856
-3.920544
-3.467291
-3.428903
-3.478708
-3.420001
-3.482003
-3.414539
-3.494523
-3.404414
-3.523556
-3.403496
-3.571906
-3.424802
-3.646633
-3.481515
-3.755134
-3.565577
-3.908545
-3.673322
-3.590235
-3.158578
-3.588348
-3.152584
-3.593689
-3.135253
-3.608968
-3.122896
-3.635224
-3.123266
-3.685060
-3.146698
-3.765143
-3.191193
-3.886647
-3.254688
-4.019599
-3.471552
-3.409601
-3.491605
-3.401988
-3.523205
-3.406907
-3.565346
-3.427718
-3.632105
-3.469838
-3.724459
-3.537644
-3.852484
-3.627925
-3.996998
-3.752001
-3.632378
-3.160580
-3.651211
-3.159795
-3.675664
-3.166827
-3.720398
-3.184720
-3.787220
-3.224577
-3.884557
-3.280205
-4.002851
-3.363226
-4.125459
-3.556922
-3.446628
-3.594736
-3.462738
-3.654499
-3.494450
-3.736241
-3.551652
-3.840918
-3.625371
-3.967562
-3.725902
-4.099350
-3.835146
-3.762386
-3.240080
-3.800831
-3.254762
-3.854729
-3.286931
-3.926610
-3.332053
-4.024261
-3.396765
-4.129894
-3.471244
-4.253877
-3.724842
-3.566686
-3.791281
-3.606289
-3.875326
-3.665152
-3.983508
-3.740866
-4.095759
-3.830873
-4.224468
-3.915705
-3.976285
-3.384633
-4.025076
-3.417024
-4.094303
-3.458131
-4.172639
-3.517489
-4.271499
-3.569452
-4.377146
-3.952087
-3.744187
-4.033798
-3.792075
-4.129545
-3.864562
-4.234302
-3.926699
-4.347198
-4.003814
-4.217120
-3.551991
-4.267991
-3.587550
-4.324284
-3.618542
-4.408366
-3.666527
-4.481593
-4.182717
-3.920489
-4.261392
-3.969006
-4.367866
-4.022271
-4.447097
-4.081928
-4.434429
-3.697600
-4.479346
-3.705178
-4.515475
-3.748587
-4.585499
-4.374368
-4.053338
-4.459811
-4.118629
-4.543476
-4.134296
-4.620535
-3.797736
-4.617295
-3.783253
-4.680106
-4.500987
-4.176527
-4.638903
-4.199036
-4.768938
-3.797514
-4.745956
-4.661555
-4.286574
-4.835176
-5.056166
-3.792208
-4.920322
-3.994465
-4.916124
-4.086305
-4.977678
-4.160687
-5.034411
-4.266641
-5.110875
-4.374600
-5.223199
-4.499999
-5.350057
-4.646622
-5.490660
-4.792855
-5.643527
-4.918170
-5.782361
-5.059161
-5.924906
-5.570559
-4.809968
-5.125991
-4.512773
-4.830217
-4.255559
-4.611379
-4.081211
-4.444826
-3.956619
-4.328383
-3.863431
-4.248469
-3.788479
-4.177925
-3.702953
-4.095253
-3.589032
-3.969638
-3.457430
-3.823665
-3.274805
-3.758913
-4.159966
-4.928444
-4.212510
-4.823229
-4.205596
-4.725792
-4.178492
-4.656296
-4.124461
-4.572967
-4.073523
-4.472736
-4.007824
-4.372418
-3.934022
-4.260303
-3.874348
-4.146029
-3.814242
-4.063438
-3.764694
-3.935057
-4.979142
-3.850342
-4.852261
-3.847195
-4.790242
-3.836551
-4.701063
-3.807552
-4.631125
-3.747174
-4.555050
-3.683055
-4.468251
-3.603463
-4.387030
-3.514352
-4.300204
-3.433161
-4.218015
-3.334924
-4.148164
-4.276311
-4.910650
-4.268770
-4.849319
-4.224637
-4.803002
-4.201931
-4.724210
-4.176419
-4.651901
-4.130253
-4.570451
-4.083321
-4.475871
-4.027599
-4.382481
-3.971628
-4.279746
-3.922296
-4.198452
-4.950282
-3.917777
-4.892472
-3.908284
-4.832415
-3.861518
-4.783109
-3.824069
-4.712211
-3.781247
-4.647920
-3.719647
-4.580156
-3.655505
-4.507620
-3.580523
-4.435643
-3.511413
-4.325968
-4.372993
-4.934895
-4.298375
-4.891880
-4.277676
-4.842836
-4.240550
-4.794377
-4.213029
-4.724999
-4.183388
-4.653502
-4.141748
-4.573469
-4.098898
-4.493025
-4.036115
-4.425938
-4.942785
-4.010929
-4.931966
-3.939811
-4.882817
-3.901026
-4.832697
-3.849735
-4.786363
-3.802924
-4.728982
-3.754421
-4.673092
-3.701030
-4.604315
-3.654433
-4.519982
-4.449374
-4.942061
-4.376678
-4.931825
-4.319959
-4.890534
-4.290907
-4.842960
-4.256163
-4.791886
-4.223210
-4.728716
-4.185237
-4.667888
-4.138234
-4.598730
-4.995909
-4.087380
-4.950284
-4.002309
-4.924936
-3.931433
-4.882322
-3.881311
-4.838747
-3.831015
-4.796539
-3.789043
-4.743867
-3.748794
-4.683308
-4.521848
-4.995458
-4.456143
-4.959483
-4.389883
-4.934462
-4.338002
-4.893887
-4.299351
-4.847022
-4.256940
-4.799277
-4.216833
-4.743472
-5.052956
-4.152966
-4.999976
-4.063666
-4.955298
-3.980433
-4.922621
-3.912642
-4.886886
-3.866160
-4.849468
-3.824902
-4.805508
-4.629031
-5.058231
-4.534478
-5.013803
-4.463414
-4.974704
-4.398591
-4.940356
-4.338287
-4.899463
-4.290143
-4.854645
-5.123872
-4.241258
-5.055576
-4.123568
-5.000467
-4.030861
-4.957667
-3.960959
-4.930575
-3.904796
-4.898391
-4.746409
-5.135729
-4.635438
-5.076377
-4.540707
-5.030382
-4.459170
-4.981235
-4.387402
-4.941305
-5.221227
-4.334732
-5.119652
-4.197799
-5.047906
-4.090259
-5.008259
-4.015779
-4.972370
-4.882629
-5.236587
-4.745219
-5.153811
-4.633536
-5.081760
-4.523600
-5.025414
-5.325035
-4.439656
-5.198081
-4.274358
-5.111534
-4.171054
-5.061862
-5.041446
-5.345838
-4.873931
-5.240645
-4.718610
-5.134070
-5.435635
-4.551326
-5.274692
-4.374618
-5.204065
-5.203805
-5.467609
-5.010609
-5.303683
-5.551512
-4.648893
-5.393990
-5.373083
-5.588177
-5.620813
-4.322579
-4.053966
-4.371720
-4.156418
-4.527036
-4.283254
-4.687108
-4.501596
-4.925226
-4.812111
-5.278000
-5.223066
-5.712598
-5.658288
-6.095513
-5.983516
-6.327492
-6.128751
-6.425049
-6.158138
-6.397783
-6.185063
-6.427054
-6.449238
-6.116011
-6.422166
-6.095704
-6.415708
-6.097423
-6.441385
-6.100153
-6.452257
-6.127120
-6.472226
-6.133881
-6.508016
-6.126833
-6.519076
-6.092536
-6.486799
-5.986747
-6.383512
-5.778194
-6.188230
-5.469183
-5.975105
-4.950878
-4.435325
-4.947974
-4.447409
-4.999182
-4.507229
-5.039943
-4.616388
-5.111928
-4.731419
-5.223271
-4.877757
-5.348558
-5.056441
-5.492079
-5.246197
-5.646610
-5.433921
-5.791023
-5.624487
-5.894475
-5.756205
-4.849002
-4.025549
-4.949262
-4.136281
-4.991900
-4.262435
-5.072658
-4.374451
-5.193745
-4.518606
-5.330712
-4.696265
-5.497163
-4.884693
-5.683299
-5.069654
-5.866500
-5.240963
-6.014677
-5.378513
-6.145770
-5.035508
-4.498334
-5.021133
-4.597974
-5.089138
-4.692949
-5.200963
-4.841199
-5.331200
-5.035463
-5.500697
-5.251967
-5.693744
-5.479418
-5.882778
-5.699342
-6.035267
-5.900439
-6.143714
-6.054490
-4.873378
-4.235073
-5.005227
-4.333859
-5.132433
-4.489359
-5.269514
-4.684401
-5.454479
-4.902779
-5.670725
-5.139456
-5.890438
-5.364740
-6.081542
-5.559199
-6.226417
-5.694906
-6.325535
-5.095141
-4.624857
-5.167535
-4.777041
-5.277523
-4.967064
-5.453379
-5.193829
-5.670178
-5.458887
-5.898080
-5.721433
-6.102211
-5.954127
-6.251431
-6.133166
-6.347795
-6.260548
-5.003668
-4.433775
-5.155347
-4.615753
-5.351883
-4.840627
-5.584188
-5.113907
-5.836195
-5.389463
-6.076334
-5.631477
-6.260837
-5.810544
-6.386047
-5.923167
-6.451311
-5.219128
-4.854220
-5.373169
-5.075419
-5.579342
-5.357279
-5.826760
-5.657394
-6.081491
-5.934190
-6.279758
-6.148098
-6.409547
-6.288904
-6.469712
-6.382074
-5.188741
-4.721618
-5.421196
-5.000090
-5.692239
-5.308688
-5.980809
-5.603909
-6.217853
-5.836347
-6.382307
-5.979095
-6.468874
-6.061678
-6.499905
-5.447712
-5.186820
-5.687549
-5.500590
-5.968947
-5.823653
-6.221336
-6.096962
-6.403976
-6.270332
-6.497868
-6.374400
-6.519949
-6.424261
-5.472860
-5.128011
-5.785554
-5.467544
-6.082993
-5.771843
-6.312721
-5.968456
-6.445777
-6.081041
-6.489776
-6.125970
-6.500735
-5.776812
-5.617782
-6.071090
-5.953720
-6.321975
-6.195415
-6.480947
-6.342251
-6.530446
-6.406779
-6.534068
-6.416120
-5.842069
-5.587637
-6.150920
-5.875486
-6.370648
-6.054608
-6.459893
-6.134241
-6.487886
-6.140204
-6.474085
-6.140191
-6.035018
-6.388673
-6.261237
-6.507427
-6.381317
-6.546998
-6.403031
-6.527709
-6.402882
-6.191250
-5.941738
-6.384396
-6.108358
-6.467993
-6.145769
-6.473977
-6.149925
-6.428416
-6.412431
-6.307557
-6.525113
-6.383997
-6.552019
-6.409098
-6.501024
-6.389657
-6.389456
-6.119278
-6.473028
-6.165591
-6.441790
-6.153403
-6.407200
-6.536497
-6.400282
-6.526877
-6.416662
-6.500044
-6.363804
-6.449987
-6.183237
-6.446049
-6.132145
-6.398858
-6.524489
-6.397523
-6.503726
-6.374827
-6.468737
-6.138216
-6.384856
-6.482975
-6.397296
-6.367930
-5.011322
-3.732839
-4.789142
-3.831579
-4.692979
-3.819346
-4.629860
-3.768390
-4.543452
-3.713677
-4.446990
-3.630212
-4.353150
-3.536131
-4.245622
-3.446307
-4.143115
-3.344138
-4.070083
-3.237837
-3.991601
-3.198444
-3.969738
-3.491701
-3.582577
-3.559468
-3.569627
-3.559946
-3.553615
-3.556572
-3.534555
-3.547228
-3.502919
-3.536984
-3.473111
-3.524374
-3.449129
-3.529902
-3.441585
-3.563685
-3.465407
-3.652025
-3.517452
-3.814064
-3.582102
-3.646846
-3.253512
-3.646278
-3.262713
-3.638343
-3.256976
-3.621711
-3.229103
-3.603430
-3.190831
-3.577622
-3.147729
-3.563229
-3.104876
-3.569223
-3.079204
-3.615030
-3.072689
-3.707782
-3.103420
-3.820719
-3.512683
-3.494457
-3.503394
-3.492227
-3.503232
-3.472795
-3.508859
-3.450789
-3.507093
-3.432533
-3.514497
-3.417023
-3.539955
-3.421545
-3.597649
-3.452825
-3.695797
-3.531578
-3.826794
-3.650142
-3.588259
-3.209410
-3.596428
-3.193672
-3.599467
-3.174702
-3.587184
-3.153178
-3.580060
-3.122856
-3.586994
-3.100815
-3.617011
-3.095047
-3.681873
-3.123413
-3.778206
-3.178221
-3.919353
-3.467664
-3.428627
-3.478838
-3.421106
-3.480956
-3.415389
-3.495411
-3.403586
-3.524140
-3.405097
-3.570398
-3.426091
-3.647848
-3.480579
-3.755844
-3.567747
-3.906819
-3.675049
-3.590408
-3.158704
-3.587696
-3.152207
-3.594716
-3.133252
-3.609723
-3.122827
-3.634186
-3.122610
-3.686615
-3.143695
-3.766268
-3.190820
-3.885495
-3.253541
-4.021415
-3.470876
-3.410136
-3.492285
-3.401441
-3.523574
-3.408260
-3.564136
-3.428740
-3.633200
-3.468988
-3.725074
-3.539534
-3.850917
-3.629378
-3.998250
-3.751389
-3.633103
-3.159229
-3.651643
-3.159812
-3.674830
-3.166271
-3.721660
-3.182267
-3.788079
-3.224376
-3.883473
-3.279291
-4.004481
-3.360039
-4.126442
-3.557047
-3.447683
-3.593868
-3.463471
-3.655422
-3.493780
-3.736734
-3.553253
-3.839610
-3.626554
-3.968726
-3.725238
-4.099866
-3.837302
-3.761823
-3.239606
-3.801790
-3.252899
-3.855313
-3.286827
-3.925662
-3.331299
-4.025635
-3.394052
-4.130717
-3.470898
-4.252814
-3.725542
-3.566234
-3.791614
-3.607572
-3.874332
-3.666067
-3.984556
-3.740253
-4.096243
-3.832700
-4.223146
-3.917021
-3.976609
-3.384598
-4.024338
-3.416394
-4.095390
-3.455919
-4.173261
-3.517253
-4.270526
-3.568487
-4.378524
-3.951414
-3.744809
-4.034675
-3.791583
-4.129973
-3.866059
-4.233250
-3.927759
-4.348261
-4.003388
-4.217925
-3.550333
-4.268409
-3.587372
-4.323443
-3.617737
-4.409502
-3.664131
-4.482200
-4.183032
-3.921622
-4.260638
-3.969821
-4.368830
-4.021864
-4.447528
-4.083553
-4.433800
-3.696950
-4.480209
-3.703214
-4.515928
-3.748251
-4.584695
-4.375150
-4.053000
-4.460247
-4.119935
-4.542714
-4.135214
-4.620862
-3.797429
-4.616588
-3.782425
-4.681018
-4.500484
-4.177262
-4.639784
-4.198778
-4.769596
-3.795744
-4.746338
-4.662072
-4.287646
-4.834676
-5.056590
-3.791598
-4.919936
-3.993621
-4.916739
-4.084708
-4.977984
-4.160049
-5.034022
-4.265652
-5.111431
-4.372904
-5.223480
-4.499114
-5.349728
-4.645440
-5.491143
-4.790995
-5.643889
-4.916909
-5.782187
-5.057655
-5.925422
-5.571987
-4.808317
-5.126745
-4.511229
-4.831862
-4.253229
-4.612858
-4.080007
-4.445361
-3.955003
-4.330482
-3.860505
-4.250132
-3.787443
-4.178101
-3.701224
-4.097910
-3.585312
-3.971644
-3.456390
-3.823547
-3.272689
-3.762038
-4.159819
-4.929206
-4.213251
-4.822651
-4.206920
-4.726276
-4.178237
-4.657417
-4.125597
-4.572086
-4.075469
-4.473463
-4.007463
-4.373969
-3.935613
-4.259155
-3.876840
-4.147054
-3.813806
-4.065289
-3.766758
-3.933711
-4.979596
-3.848552
-4.853098
-3.846238
-4.789573
-3.836038
-4.701469
-3.805131
-4.632137
-3.746004
-4.553867
-3.682494
-4.468693
-3.600247
-4.388279
-3.512901
-4.298665
-3.432361
-4.218747
-3.330808
-4.149907
-4.277340
-4.911070
-4.268623
-4.850214
-4.225564
-4.802348
-4.203549
-4.724774
-4.176242
-4.653176
-4.131639
-4.569490
-4.085591
-4.476639
-4.027388
-4.384069
-3.973501
-4.278413
-3.925158
-4.199248
-4.949865
-3.917192
-4.892887
-3.906245
-4.833296
-3.860396
-4.782285
-3.823436
-4.712610
-3.778477
-4.649010
-3.718238
-4.578903
-3.654734
-4.508164
-3.576934
-4.437117
-3.509629
-4.324628
-4.373792
-4.934426
-4.299654
-4.892334
-4.277626
-4.843847
-4.241705
-4.793655
-4.214951
-4.725605
-4.183354
-4.654846
-4.143394
-4.572386
-4.101471
-4.493682
-4.036107
-4.427432
-4.943453
-4.009944
-4.931435
-3.939132
-4.883206
-3.898699
-4.833623
-3.848407
-4.785441
-3.802118
-4.729417
-3.751318
-4.674308
-3.699371
-4.603144
-3.653466
-4.520639
-4.449478
-4.942775
-4.377656
-4.931300
-4.321515
-4.891021
-4.291000
-4.844050
-4.257566
-4.791088
-4.225424
-4.729293
-4.185373
-4.669190
-4.140052
-4.597569
-4.996234
-4.085526
-4.951012
-4.001134
-4.924310
-3.930603
-4.882708
-3.878688
-4.839733
-3.829462
-4.795606
-3.788054
-4.744388
-3.745501
-4.684602
-4.523098
-4.995800
-4.456357
-4.960285
-4.391079
-4.933889
-4.339836
-4.894387
-4.299617
-4.848130
-4.258552
-4.798396
-4.219197
-4.744021
-5.052558
-4.152183
-5.000315
-4.061529
-4.956072
-3.979042
-4.921940
-3.911627
-4.887300
-3.863298
-4.850523
-3.823230
-4.804598
-4.630032
-5.057804
-4.535966
-5.014185
-4.463782
-4.975565
-4.400015
-4.939742
-4.340336
-4.899953
-4.290493
-4.855739
-5.124487
-4.240071
-5.055129
-4.122593
-5.000822
-4.028448
-4.958472
-3.959384
-4.929879
-3.903683
-4.898851
-4.746794
-5.136342
-4.636657
-5.075931
-4.542432
-5.030810
-4.459682
-4.982128
-4.388943
-4.940645
-5.221583
-4.332759
-5.120300
-4.196398
-5.047405
-4.089099
-5.008620
-4.013212
-4.973224
-4.883985
-5.236923
-4.745760
-5.154495
-4.634963
-5.081327
-4.525460
-5.025835
-5.324771
-4.438553
-5.198451
-4.272119
-5.112162
-4.169507
-5.061363
-5.042625
-5.345518
-4.875496
-5.241084
-4.719281
-5.134775
-5.436224
-4.549927
-5.274350
-4.373299
-5.204439
-5.204387
-5.468182
-5.012022
-5.303420
-5.552003
-4.646714
-5.394511
-5.374421
-5.588719
-5.620750
-5.056592
-3.791599
-4.919936
-3.993621
-4.916738
-4.084706
-4.977982
-4.160047
-5.034020
-4.265649
-5.111428
-4.372901
-5.223477
-4.499110
-5.349725
-4.645437
-5.491140
-4.790993
-5.643887
-4.916907
-5.782186
-5.057655
-5.925422
-6.367935
-6.397301
-6.384861
-6.374832
-6.398862
-6.363809
-6.407205
-6.389662
-6.428421
-6.402887
-6.474090
-6.416125
-6.500740
-6.424265
-6.499909
-6.382076
-6.451313
-6.260549
-6.325535
-6.054489
-6.145770
-5.756204
-6.482982
-6.138222
-6.503732
-6.132151
-6.500051
-6.153409
-6.501031
-6.149932
-6.527716
-6.140210
-6.534074
-6.125976
-6.519954
-6.061683
-6.469716
-5.923169
-6.347798
-5.694907
-6.143714
-5.378512
-5.894474
-6.468745
-6.397532
-6.446058
-6.416672
-6.441799
-6.409107
-6.473985
-6.403039
-6.487893
-6.406786
-6.489783
-6.374405
-6.468878
-6.288907
-6.386050
-6.133167
-6.226418
-5.900440
-6.014676
-5.624487
-6.524501
-6.183249
-6.526890
-6.165604
-6.552032
-6.145782
-6.547009
-6.134250
-6.530454
-6.081049
-6.497874
-5.979101
-6.409551
-5.810547
-6.251433
-5.559199
-6.035267
-5.240961
-5.791023
-6.450004
-6.400304
-6.473051
-6.384019
-6.468011
-6.381332
-6.459903
-6.342259
-6.445784
-6.270337
-6.382312
-6.148100
-6.260840
-5.954129
-6.081543
-5.699342
-5.866499
-5.433919
-6.536522
-6.119306
-6.525146
-6.108385
-6.507438
-6.054612
-6.480952
-5.968461
-6.403980
-5.836351
-6.279762
-5.631478
-6.102213
-5.364740
-5.882777
-5.069652
-5.646608
-6.389475
-6.307593
-6.384413
-6.261226
-6.370636
-6.195414
-6.312722
-6.096967
-6.217856
-5.934195
-6.076336
-5.721436
-5.890438
-5.479417
-5.683297
-5.246195
-6.412367
-5.941645
-6.388599
-5.875454
-6.321969
-5.771843
-6.221339
-5.603913
-6.081494
-5.389465
-5.898081
-5.139456
-5.693743
-4.884690
-5.492077
-6.191163
-6.034961
-6.150915
-5.953718
-6.082994
-5.823658
-5.980813
-5.657397
-5.836196
-5.458888
-5.670724
-5.251965
-5.497161
-5.056438
-6.140232
-5.587670
-6.071101
-5.467558
-5.968957
-5.308693
-5.826763
-5.113909
-5.670178
-4.902778
-5.500696
-4.696262
-5.348555
-5.842070
-5.617790
-5.785568
-5.500597
-5.692242
-5.357284
-5.584189
-5.193829
-5.454478
-5.035461
-5.330709
-4.877754
-5.776830
-5.128021
-5.687553
-5.000096
-5.579347
-4.840627
-5.453380
-4.684399
-5.331198
-4.518603
-5.223268
-5.472864
-5.186826
-5.421202
-5.075421
-5.351883
-4.967065
-5.269512
-4.841197
-5.193743
-4.731416
-5.447716
-4.721619
-5.373170
-4.615753
-5.277523
-4.489357
-5.200961
-4.374448
-5.111925
-5.188743
-4.854222
-5.155348
-4.777041
-5.132431
-4.692947
-5.072655
-4.616386
-5.219129
-4.433774
-5.167534
-4.333857
-5.089137
-4.262433
-5.039941
-5.003668
-4.624856
-5.005226
-4.597973
-4.991898
-4.507228
-5.095141
-4.235072
-5.021132
-4.136280
-4.999181
-4.873377
-4.498334
-4.949261
-4.447409
-5.035508
-4.025549
-4.947974
-4.849003
-4.435325
-4.950880
-4.271351
-3.938159
-4.176678
-3.880746
-4.148304
-3.782326
-4.041652
-3.678545
-3.890295
-3.528117
-3.716784
-3.360938
-3.553885
-3.231277
-3.444007
-3.167675
-3.416701
-3.159663
-3.446805
-3.203987
-3.471532
-3.287288
-3.598858
-3.691164
-3.367853
-3.680445
-3.337095
-3.691277
-3.342945
-3.682505
-3.324623
-3.656677
-3.291179
-3.624158
-3.236024
-3.588419
-3.176286
-3.554066
-3.116863
-3.542575
-3.072583
-3.559636
-3.060208
-3.624143
-3.051576
-3.778199
-4.834678
-4.287649
-4.746341
-4.198781
-4.681021
-4.135217
-4.584697
-4.083555
-4.482202
-4.003390
-4.378525
-3.917022
-4.252814
-3.837302
-4.126441
-3.751388
-4.021414
-3.675048
-3.919352
-3.650141
-3.820719
-3.582102
-4.662076
-3.795748
-4.639787
-3.782429
-4.542718
-3.748254
-4.447531
-3.664133
-4.348262
-3.568488
-4.223147
-3.470897
-4.099866
-3.360038
-3.998249
-3.253539
-3.906818
-3.178220
-3.826793
-3.103418
-3.814064
-4.769600
-4.177266
-4.616591
-4.119938
-4.515931
-4.021867
-4.409503
-3.927760
-4.270526
-3.832700
-4.130716
-3.725237
-4.004479
-3.629376
-3.885492
-3.567745
-3.778204
-3.531577
-3.707781
-3.517451
-4.500488
-3.797433
-4.460251
-3.703217
-4.368832
-3.617739
-4.233251
-3.517253
-4.096242
-3.394051
-3.968725
-3.279289
-3.850915
-3.190817
-3.755842
-3.123411
-3.695796
-3.072688
-3.652024
-4.620865
-4.053004
-4.480212
-3.969824
-4.323444
-3.866060
-4.173260
-3.740252
-4.025633
-3.626551
-3.883470
-3.539531
-3.766265
-3.480576
-3.681870
-3.452823
-3.615028
-3.465405
-4.375154
-3.696953
-4.260640
-3.587373
-4.129973
-3.455918
-3.984554
-3.331297
-3.839607
-3.224372
-3.725070
-3.143691
-3.647845
-3.095044
-3.597647
-3.079201
-3.563683
-4.433802
-3.921624
-4.268409
-3.791583
-4.095388
-3.666064
-3.925659
-3.553249
-3.788075
-3.468984
-3.686611
-3.426087
-3.617007
-3.421542
-3.569221
-3.441583
-4.183034
-3.550333
-4.034674
-3.416392
-3.874328
-3.286823
-3.736729
-3.182262
-3.633195
-3.122606
-3.570394
-3.100811
-3.539952
-3.104873
-3.529899
-4.217925
-3.744808
-4.024335
-3.607568
-3.855308
-3.493775
-3.721655
-3.428734
-3.634181
-3.405092
-3.586989
-3.417020
-3.563226
-3.449127
-3.951412
-3.384595
-3.791609
-3.252893
-3.655416
-3.166266
-3.564130
-3.122822
-3.524135
-3.122851
-3.514492
-3.147726
-3.524372
-3.976605
-3.566229
-3.801784
-3.463465
-3.674824
-3.408254
-3.609718
-3.403581
-3.580055
-3.432528
-3.577619
-3.473110
-3.725536
-3.239600
-3.593862
-3.159806
-3.523567
-3.133246
-3.495406
-3.153173
-3.507087
-3.190827
-3.536985
-3.761816
-3.447676
-3.651636
-3.401434
-3.594710
-3.415384
-3.587179
-3.450782
-3.603424
-3.502918
-3.557040
-3.159222
-3.492278
-3.152200
-3.480951
-3.174698
-3.508853
-3.229096
-3.547224
-3.633096
-3.410129
-3.587689
-3.421100
-3.599463
-3.472790
-3.621704
-3.534548
-3.470869
-3.158697
-3.478831
-3.193668
-3.503228
-3.256970
-3.556563
-3.590401
-3.428620
-3.596423
-3.492224
-3.638339
-3.553607
-3.467658
-3.209404
-3.503390
-3.262711
-3.559942
-3.588252
-3.494452
-3.646275
-3.569625
-3.512676
-3.253508
-3.559465
-3.646841
-3.582573
-3.491696
-5.011325
-3.732842
-4.789144
-3.831582
-4.692982
-3.819349
-4.629863
-3.768393
-4.543454
-3.713680
-4.446992
-3.630213
-4.353151
-3.536131
-4.245623
-3.446307
-4.143115
-3.344138
-4.070083
-3.237836
-3.991601
-3.198443
-3.969738
-5.620750
-5.588718
-5.394511
-5.303419
-5.204439
-5.134774
-5.061363
-5.025834
-4.973224
-4.940644
-4.898851
-4.855738
-4.804598
-4.744021
-4.684602
-4.597569
-4.520639
-4.427432
-4.324628
-4.199248
-4.149907
-3.933711
-5.374420
-4.646713
-5.012021
-4.373298
-4.719280
-4.169506
-4.525459
-4.013212
-4.388943
-3.903682
-4.290493
-3.823230
-4.219198
-3.745502
-4.140053
-3.653467
-4.036107
-3.509630
-3.925158
-3.330807
-3.766758
-5.552002
-5.468181
-5.274349
-5.241082
-5.112161
-5.081326
-5.008620
-4.982127
-4.929879
-4.899952
-4.850523
-4.798397
-4.744389
-4.669190
-4.603144
-4.493683
-4.437117
-4.278413
-4.218747
-4.065289
-5.204386
-4.549925
-4.875494
-4.272117
-4.634962
-4.089098
-4.459681
-3.959383
-4.340336
-3.863298
-4.258552
-3.788054
-4.185374
-3.699372
-4.101472
-3.576934
-3.973502
-3.432361
-3.813806
-5.436222
-5.345516
-5.198449
-5.154493
-5.047403
-5.030808
-4.958472
-4.939742
-4.887300
-4.848130
-4.795607
-4.729294
-4.674309
-4.572387
-4.508165
-4.384070
-4.298666
-4.147054
-5.042622
-4.438550
-4.745758
-4.196395
-4.542430
-4.028447
-4.400014
-3.911626
-4.299618
-3.829462
-4.225425
-3.751319
-4.143396
-3.654735
-4.027389
-3.512902
-3.876840
-5.324768
-5.236920
-5.120298
-5.075929
-5.000820
-4.975564
-4.921940
-4.894386
-4.839734
-4.791088
-4.729418
-4.654847
-4.578904
-4.476639
-4.388280
-4.259155
-4.883982
-4.332755
-4.636655
-4.122591
-4.463781
-3.979041
-4.339836
-3.878687
-4.257567
-3.802119
-4.183355
-3.718240
-4.085592
-3.600248
-3.935614
-5.221580
-5.136339
-5.055127
-5.014183
-4.956071
-4.933889
-4.882708
-4.844050
-4.785442
-4.725607
-4.649012
-4.569491
-4.468695
-4.373970
-4.746791
-4.240067
-4.535964
-4.061527
-4.391079
-3.930603
-4.291000
-3.848407
-4.214953
-3.778478
-4.131641
-3.682495
-4.007465
-5.124484
-5.057801
-5.000313
-4.960283
-4.924310
-4.891021
-4.833624
-4.793656
-4.712612
-4.653177
-4.553869
-4.473464
-4.630029
-4.152180
-4.456355
-4.001133
-4.321514
-3.898699
-4.241706
-3.823438
-4.176244
-3.746005
-4.075471
-5.052555
-4.995798
-4.951011
-4.931299
-4.883207
-4.843848
-4.782286
-4.724776
-4.632139
-4.572088
-4.523096
-4.085524
-4.377655
-3.939132
-4.277626
-3.860397
-4.203550
-3.805133
-4.125599
-4.996232
-4.942774
-4.931435
-4.892334
-4.833297
-4.802350
-4.701471
-4.657420
-4.449476
-4.009943
-4.299654
-3.906245
-4.225566
-3.836040
-4.178240
-4.943452
-4.934426
-4.892888
-4.850215
-4.789575
-4.726278
-4.373791
-3.917192
-4.268624
-3.846240
-4.206922
-4.949865
-4.911071
-4.853099
-4.822653
-4.277340
-3.848553
-4.213254
-4.979598
-4.929207
-4.159821
-6.449253
-6.116055
-6.422184
-6.095816
-6.415625
-6.097751
-6.441218
-6.100487
-6.452218
-6.127528
-6.471975
-6.134664
-6.507657
-6.127543
-6.518962
-6.093370
-6.486312
-5.988156
-6.382900
-5.779457
-6.187945
-5.470773
-5.974174
-6.293151
-6.347236
-6.312516
-6.321742
-6.325033
-6.317283
-6.324631
-6.358439
-6.340158
-6.392307
-6.386037
-6.435441
-6.422262
-6.487834
-6.445075
-6.511324
-6.434090
-6.476415
-6.347362
-6.362080
-6.180767
-6.138742
-6.345583
-6.041451
-6.366661
-6.024898
-6.353918
-6.056432
-6.356565
-6.067112
-6.397687
-6.084314
-6.432509
-6.115322
-6.469161
-6.126305
-6.499542
-6.101241
-6.485748
-6.007203
-6.390624
-5.801310
-6.180767
-6.328394
-6.220549
-6.267504
-6.257096
-6.246151
-6.264873
-6.282333
-6.292409
-6.315063
-6.353517
-6.361931
-6.413349
-6.422221
-6.470315
-6.466252
-6.506838
-6.467779
-6.481435
-6.390624
-6.362079
-6.264172
-6.018426
-6.248997
-5.992646
-6.285038
-5.993266
-6.303194
-6.031571
-6.339022
-6.062530
-6.395474
-6.093697
-6.447322
-6.117324
-6.481473
-6.103352
-6.467780
-6.007204
-6.347364
-6.211967
-6.162542
-6.218365
-6.162648
-6.208882
-6.210689
-6.234565
-6.255774
-6.295599
-6.319436
-6.361234
-6.395923
-6.428638
-6.466343
-6.481473
-6.506837
-6.485748
-6.476415
-6.212806
-5.931931
-6.190221
-5.952778
-6.205689
-5.963555
-6.256336
-5.998000
-6.308200
-6.046119
-6.369065
-6.089801
-6.428638
-6.117323
-6.466252
-6.101240
-6.434090
-6.154181
-6.113493
-6.143864
-6.116278
-6.177476
-6.159887
-6.220618
-6.231426
-6.289825
-6.311874
-6.369064
-6.395922
-6.447322
-6.470314
-6.499542
-6.511324
-6.129585
-5.889769
-6.146387
-5.903839
-6.168815
-5.944162
-6.223925
-5.991232
-6.289825
-6.046119
-6.361234
-6.093696
-6.422220
-6.126305
-6.445075
-6.115199
-6.054979
-6.113252
-6.091543
-6.157168
-6.146934
-6.223924
-6.231426
-6.308199
-6.319436
-6.395473
-6.413348
-6.469160
-6.487833
-6.090738
-5.868386
-6.112591
-5.890311
-6.157168
-5.944162
-6.220617
-5.998000
-6.295599
-6.062530
-6.361930
-6.115321
-6.422261
-6.085636
-6.037256
-6.112591
-6.091543
-6.168815
-6.159887
-6.256336
-6.255773
-6.339021
-6.353515
-6.432508
-6.435440
-6.085636
-5.868386
-6.113252
-5.903838
-6.177476
-5.963554
-6.234564
-6.031570
-6.315062
-6.084313
-6.386036
-6.090738
-6.054979
-6.146387
-6.116278
-6.205688
-6.210688
-6.303193
-6.292408
-6.397685
-6.392305
-6.115198
-5.889769
-6.143863
-5.952777
-6.208881
-5.993264
-6.282332
-6.067110
-6.340157
-6.129584
-6.113493
-6.190220
-6.162647
-6.285036
-6.264871
-6.356563
-6.358437
-6.154180
-5.931931
-6.218364
-5.992645
-6.246149
-6.056431
-6.324629
-6.212805
-6.162541
-6.248995
-6.257095
-6.353915
-6.317281
-6.211966
-6.018425
-6.267503
-6.024895
-6.325030
-6.264170
-6.220547
-6.366658
-6.321740
-6.328392
-6.041449
-6.312513
-6.345580
-6.347233
-6.293148
-6.355608
-6.124577
-6.227928
-5.998848
-6.206884
-5.954067
-6.109484
-5.916091
-6.058394
-5.862168
-6.033564
-5.846231
-6.033564
-5.862169
-6.058394
-5.916091
-6.109484
-5.954068
-6.206885
-5.998850
-6.227930
-6.124579
-6.355611
-6.449242
-6.116015
-6.422170
-6.095707
-6.415712
-6.097426
-6.441389
-6.100156
-6.452261
-6.127123
-6.472231
-6.133884
-6.508020
-6.126836
-6.519080
-6.092538
-6.486801
-5.986749
-6.383514
-5.778195
-6.188232
-5.469183
-5.975106
-6.293191
-6.347224
-6.312629
-6.321670
-6.325217
-6.317303
-6.324729
-6.358521
-6.340431
-6.392221
-6.386407
-6.435569
-6.422434
-6.488040
-6.445567
-6.511247
-6.434697
-6.476716
-6.347672
-6.362447
-6.181612
-6.138732
-6.345584
-6.041348
-6.366720
-6.024745
-6.353933
-6.056206
-6.356718
-6.066624
-6.397927
-6.083849
-6.432595
-6.114757
-6.469518
-6.125308
-6.500007
-6.100340
-6.485962
-6.006109
-6.391324
-5.799542
-6.181612
-6.328440
-6.220548
-6.267554
-6.257122
-6.246307
-6.264805
-6.282567
-6.292470
-6.315182
-6.353631
-6.362274
-6.413261
-6.422656
-6.470489
-6.466467
-6.507065
-6.468389
-6.481335
-6.391325
-6.362447
-6.264167
-6.018352
-6.249061
-5.992413
-6.285168
-5.993005
-6.303250
-6.031223
-6.339262
-6.061874
-6.395801
-6.093091
-6.447476
-6.116577
-6.481972
-6.102108
-6.468388
-6.006109
-6.347672
-6.212004
-6.162517
-6.218466
-6.162670
-6.208950
-6.210742
-6.234779
-6.255700
-6.295889
-6.319531
-6.361380
-6.396058
-6.429063
-6.466240
-6.481973
-6.507066
-6.485963
-6.476717
-6.212827
-5.931845
-6.190246
-5.952610
-6.205822
-5.963181
-6.256539
-5.997628
-6.308302
-6.045639
-6.369407
-6.088963
-6.429063
-6.116577
-6.466468
-6.100341
-6.434699
-6.154198
-6.113508
-6.143956
-6.116237
-6.177634
-6.159933
-6.220708
-6.231499
-6.290104
-6.311786
-6.369407
-6.396058
-6.447477
-6.470490
-6.500009
-6.511249
-6.129608
-5.889646
-6.146474
-5.903659
-6.168873
-5.943891
-6.224134
-5.990713
-6.290104
-6.045639
-6.361381
-6.093092
-6.422657
-6.125310
-6.445569
-6.115232
-6.054992
-6.113292
-6.091574
-6.157319
-6.146875
-6.224134
-6.231499
-6.308302
-6.319532
-6.395803
-6.413262
-6.469521
-6.488043
-6.090749
-5.868297
-6.112680
-5.890061
-6.157319
-5.943891
-6.220709
-5.997629
-6.295889
-6.061875
-6.362275
-6.114759
-6.422437
-6.085667
-6.037234
-6.112681
-6.091574
-6.168873
-6.159934
-6.256540
-6.255700
-6.339263
-6.353632
-6.432598
-6.435572
-6.085667
-5.868297
-6.113292
-5.903659
-6.177634
-5.963181
-6.234780
-6.031224
-6.315184
-6.083851
-6.386409
-6.090749
-6.054992
-6.146474
-6.116237
-6.205823
-6.210742
-6.303251
-6.292471
-6.397930
-6.392224
-6.115232
-5.889647
-6.143956
-5.952610
-6.208951
-5.993006
-6.282568
-6.066626
-6.340434
-6.129609
-6.113509
-6.190246
-6.162671
-6.285169
-6.264807
-6.356721
-6.358523
-6.154199
-5.931846
-6.218467
-5.992414
-6.246309
-6.056208
-6.324732
-6.212828
-6.162518
-6.249062
-6.257123
-6.353935
-6.317306
-6.212005
-6.018353
-6.267555
-6.024747
-6.325219
-6.264169
-6.220550
-6.366722
-6.321673
-6.328442
-6.041350
-6.312632
-6.345587
-6.347227
-6.293194
-3.597107
-3.439445
-3.605797
-3.483181
-3.714271
-3.574718
-3.774788
-3.660153
-3.837399
-3.708995
-3.877090
-3.727620
-3.877093
-3.708995
-3.837397
-3.660151
-3.774787
-3.574716
-3.714267
-3.483178
-3.605795
-3.439442
-3.597103
-3.691296
-3.367707
-3.680867
-3.337171
-3.690748
-3.344203
-3.681953
-3.324545
-3.657621
-3.291396
-3.622924
-3.238576
-3.587212
-3.176498
-3.555263
-3.117487
-3.540749
-3.076258
-3.557899
-3.061117
-3.625136
-3.053199
-3.775915
-3.597318
-3.607270
-3.652901
-3.620888
-3.640766
-3.619396
-3.622354
-3.613188
-3.591661
-3.592086
-3.558088
-3.564842
-3.518672
-3.540685
-3.484021
-3.530838
-3.468213
-3.550898
-3.492134
-3.617808
-3.582582
-3.728938
-3.722973
-3.425334
-3.745047
-3.430285
-3.745372
-3.426566
-3.722752
-3.395581
-3.693208
-3.342871
-3.647173
-3.277044
-3.595830
-3.201770
-3.548437
-3.129685
-3.520457
-3.071664
-3.533613
-3.039999
-3.582582
-3.746416
-3.654801
-3.732860
-3.685810
-3.708449
-3.682347
-3.688601
-3.658645
-3.650685
-3.628338
-3.604353
-3.589012
-3.557273
-3.552189
-3.517231
-3.529324
-3.502109
-3.538765
-3.533612
-3.617808
-3.770377
-3.531734
-3.785697
-3.525846
-3.793867
-3.495541
-3.765754
-3.452285
-3.717468
-3.383964
-3.660459
-3.301760
-3.597305
-3.213143
-3.540529
-3.129614
-3.502109
-3.071664
-3.492133
-3.792700
-3.733271
-3.807718
-3.737664
-3.782706
-3.731778
-3.742040
-3.696609
-3.695185
-3.650259
-3.640192
-3.601089
-3.585232
-3.554736
-3.540528
-3.529324
-3.520456
-3.550896
-3.846292
-3.599407
-3.849696
-3.600652
-3.830414
-3.555975
-3.792413
-3.488503
-3.730670
-3.405387
-3.659065
-3.310401
-3.585233
-3.213143
-3.517230
-3.129683
-3.468212
-3.862424
-3.806101
-3.859916
-3.794333
-3.836361
-3.762810
-3.783772
-3.716285
-3.723097
-3.659314
-3.659068
-3.601091
-3.597306
-3.552188
-3.548436
-3.530836
-3.895602
-3.667968
-3.899625
-3.644509
-3.859778
-3.588365
-3.799976
-3.503783
-3.723104
-3.405395
-3.640197
-3.301761
-3.557273
-3.201768
-3.484019
-3.921726
-3.848019
-3.903147
-3.827864
-3.862325
-3.777044
-3.799983
-3.716297
-3.730680
-3.650264
-3.660459
-3.589010
-3.595828
-3.540683
-3.935390
-3.709819
-3.917654
-3.662436
-3.862329
-3.588373
-3.783782
-3.488509
-3.695186
-3.383960
-3.604348
-3.277040
-3.518669
-3.945867
-3.864775
-3.917656
-3.827868
-3.859783
-3.762813
-3.792412
-3.696602
-3.717459
-3.628331
-3.647168
-3.564839
-3.945868
-3.709821
-3.903148
-3.644508
-3.836358
-3.555969
-3.742031
-3.452275
-3.650678
-3.342868
-3.558086
-3.935392
-3.848019
-3.899622
-3.794328
-3.830407
-3.731770
-3.765748
-3.658641
-3.693207
-3.592085
-3.921724
-3.667965
-3.859913
-3.600649
-3.782703
-3.495540
-3.688602
-3.395583
-3.591662
-3.895600
-3.806099
-3.849695
-3.737664
-3.793869
-3.682349
-3.722754
-3.613188
-3.862423
-3.599407
-3.807718
-3.525847
-3.708449
-3.426566
-3.622352
-3.846290
-3.733269
-3.785695
-3.685807
-3.745368
-3.619391
-3.792698
-3.531731
-3.732856
-3.430281
-3.640761
-3.770374
-3.654798
-3.745044
-3.620884
-3.746413
-3.425331
-3.652898
-3.722970
-3.607267
-3.597314
-3.691168
-3.367856
-3.680447
-3.337096
-3.691282
-3.342954
-3.682515
-3.324628
-3.656676
-3.291173
-3.624153
-3.236022
-3.588421
-3.176288
-3.554068
-3.116864
-3.542577
-3.072584
-3.559637
-3.060209
-3.624144
-3.051576
-3.778199
-3.597374
-3.607270
-3.653437
-3.620238
-3.641342
-3.619871
-3.621738
-3.613633
-3.592852
-3.590649
-3.559262
-3.565695
-3.517593
-3.541447
-3.485765
-3.528919
-3.469935
-3.552012
-3.491079
-3.618825
-3.584792
-3.727105
-3.722989
-3.424926
-3.745211
-3.430373
-3.744738
-3.426505
-3.723577
-3.393775
-3.694081
-3.342813
-3.646065
-3.276740
-3.597337
-3.198698
-3.549998
-3.129199
-3.519304
-3.070800
-3.535666
-3.035761
-3.584793
-3.746610
-3.654939
-3.732624
-3.686015
-3.709208
-3.681380
-3.689429
-3.659211
-3.649788
-3.628911
-3.605749
-3.587287
-3.558748
-3.553089
-3.516092
-3.530205
-3.504023
-3.536691
-3.535667
-3.618826
-3.770176
-3.531721
-3.786022
-3.524930
-3.794360
-3.495559
-3.764897
-3.452151
-3.718569
-3.381663
-3.661727
-3.301584
-3.596168
-3.212727
-3.542264
-3.126073
-3.504023
-3.070801
-3.491079
-3.792907
-3.732927
-3.808140
-3.737961
-3.782174
-3.732111
-3.742992
-3.695322
-3.696340
-3.650981
-3.639178
-3.601812
-3.586791
-3.552781
-3.542264
-3.530205
-3.519305
-3.552013
-3.846349
-3.599432
-3.849286
-3.600609
-3.831018
-3.554527
-3.793283
-3.488526
-3.729759
-3.405239
-3.660402
-3.307594
-3.586787
-3.212725
-3.516092
-3.129200
-3.469936
-3.862356
-3.806222
-3.860355
-3.793617
-3.837041
-3.763281
-3.783066
-3.716811
-3.724217
-3.657668
-3.660387
-3.601799
-3.596163
-3.553089
-3.550000
-3.528921
-3.895696
-3.667463
-3.899983
-3.644534
-3.859211
-3.588344
-3.800855
-3.501781
-3.724189
-3.405204
-3.639154
-3.301575
-3.558748
-3.198700
-3.485767
-3.921884
-3.848170
-3.902819
-3.828146
-3.862988
-3.775953
-3.800828
-3.716764
-3.729715
-3.650957
-3.661724
-3.587293
-3.597343
-3.541451
-3.935256
-3.709820
-3.918053
-3.661416
-3.862973
-3.588310
-3.783025
-3.488497
-3.696334
-3.381676
-3.605765
-3.276752
-3.517598
-3.946009
-3.864400
-3.918047
-3.828133
-3.859193
-3.763267
-3.793285
-3.695344
-3.718600
-3.628937
-3.646079
-3.565700
-3.946007
-3.709815
-3.902814
-3.644534
-3.837051
-3.554552
-3.743027
-3.452185
-3.649812
-3.342822
-3.559262
-3.935253
-3.848170
-3.899990
-3.793633
-3.831041
-3.732136
-3.764916
-3.659218
-3.694078
-3.590642
-3.921886
-3.667468
-3.860363
-3.600617
-3.782179
-3.495555
-3.689418
-3.393760
-3.592840
-3.895699
-3.806223
-3.849283
-3.737953
-3.794347
-3.681364
-3.723562
-3.613624
-3.862356
-3.599428
-3.808134
-3.524922
-3.709201
-3.426501
-3.621739
-3.846350
-3.732928
-3.786024
-3.686020
-3.744746
-3.619880
-3.792911
-3.531727
-3.732632
-3.430383
-3.641352
-3.770180
-3.654945
-3.745217
-3.620244
-3.746613
-3.424928
-3.653439
-3.722991
-3.607272
-3.597377

